/*--------------------------------*- C++ -*----------------------------------*\
  =========                 |
  \\      /  F ield         | OpenFOAM: The Open Source CFD Toolbox
   \\    /   O peration     | Website:  https://openfoam.org
    \\  /    A nd           | Version:  9
     \\/     M anipulation  |
\*---------------------------------------------------------------------------*/
FoamFile
{
    format      ascii;
    class       volVectorField;
    location    "5500";
    object      ut;
}
// * * * * * * * * * * * * * * * * * * * * * * * * * * * * * * * * * * * * * //

dimensions      [0 1 -1 0 0 0 0];

internalField   nonuniform List<vector> 
100
(
(1.00016e-05 -0 -0)
(9.9913e-06 -0 -0)
(9.97462e-06 -0 -0)
(9.96474e-06 -0 -0)
(9.939e-06 -0 -0)
(9.92611e-06 -0 -0)
(9.91395e-06 -0 -0)
(9.91549e-06 -0 -0)
(9.92454e-06 -0 -0)
(9.93016e-06 -0 -0)
(9.94852e-06 -0 -0)
(9.95578e-06 -0 -0)
(9.9747e-06 -0 -0)
(9.97761e-06 -0 -0)
(9.98545e-06 -0 -0)
(9.98963e-06 -0 -0)
(9.98913e-06 -0 -0)
(1.00011e-05 -0 -0)
(9.98947e-06 -0 -0)
(1.00055e-05 -0 -0)
(9.98842e-06 -0 -0)
(1.00052e-05 -0 -0)
(9.99529e-06 -0 -0)
(9.99842e-06 -0 -0)
(1.00076e-05 -0 -0)
(9.98285e-06 -0 -0)
(1.00247e-05 -0 -0)
(9.96778e-06 -0 -0)
(1.00391e-05 -0 -0)
(9.9635e-06 -0 -0)
(1.00329e-05 -0 -0)
(9.98833e-06 -0 -0)
(9.98973e-06 -0 -0)
(1.00614e-05 -0 -0)
(9.8981e-06 -0 -0)
(1.01843e-05 -0 -0)
(9.77351e-06 -0 -0)
(1.03251e-05 -0 -0)
(9.69111e-06 -0 -0)
(1.03852e-05 -0 -0)
(9.85898e-06 -0 -0)
(1.01159e-05 -0 -0)
(1.08235e-05 -0 -0)
(8.91512e-06 -0 -0)
(1.48727e-05 -0 -0)
(4.11547e-06 -0 -0)
(1.09257e-05 -0 -0)
(1e-05 -0 -0)
(1e-05 -0 -0)
(1e-05 -0 -0)
(1e-05 -0 -0)
(1e-05 -0 -0)
(1e-05 -0 -0)
(1e-05 -0 -0)
(1e-05 -0 -0)
(1e-05 -0 -0)
(1e-05 -0 -0)
(1e-05 -0 -0)
(1e-05 -0 -0)
(1e-05 -0 -0)
(1e-05 -0 -0)
(1e-05 -0 -0)
(1e-05 -0 -0)
(1e-05 -0 -0)
(1e-05 -0 -0)
(1e-05 -0 -0)
(1e-05 -0 -0)
(1e-05 -0 -0)
(1e-05 -0 -0)
(1e-05 -0 -0)
(1e-05 -0 -0)
(1e-05 -0 -0)
(1e-05 -0 -0)
(1e-05 -0 -0)
(1e-05 -0 -0)
(1e-05 -0 -0)
(1e-05 -0 -0)
(1e-05 -0 -0)
(1e-05 -0 -0)
(1e-05 -0 -0)
(1e-05 -0 -0)
(1e-05 -0 -0)
(1e-05 -0 -0)
(1e-05 -0 -0)
(1e-05 -0 -0)
(1e-05 -0 -0)
(1e-05 -0 -0)
(1e-05 -0 -0)
(1e-05 -0 -0)
(1e-05 -0 -0)
(1e-05 -0 -0)
(1e-05 -0 -0)
(1e-05 -0 -0)
(1e-05 -0 -0)
(1e-05 -0 -0)
(1e-05 -0 -0)
(1e-05 -0 -0)
(1e-05 -0 -0)
(1e-05 -0 -0)
(1e-05 -0 -0)
)
;

boundaryField
{
    left
    {
        type            extrapolatedCalculated;
        value           uniform (1e-05 -0 -0);
    }
    right
    {
        type            extrapolatedCalculated;
        value           uniform (1e-05 -0 -0);
    }
    emptyFaces1D
    {
        type            empty;
    }
}


// ************************************************************************* //
