/*--------------------------------*- C++ -*----------------------------------*\
  =========                 |
  \\      /  F ield         | OpenFOAM: The Open Source CFD Toolbox
   \\    /   O peration     | Website:  https://openfoam.org
    \\  /    A nd           | Version:  9
     \\/     M anipulation  |
\*---------------------------------------------------------------------------*/
FoamFile
{
    format      ascii;
    class       volVectorField;
    location    "10500";
    object      ut;
}
// * * * * * * * * * * * * * * * * * * * * * * * * * * * * * * * * * * * * * //

dimensions      [0 1 -1 0 0 0 0];

internalField   nonuniform List<vector> 
100
(
(9.99994e-06 -0 -0)
(9.99718e-06 -0 -0)
(9.99223e-06 -0 -0)
(9.9855e-06 -0 -0)
(9.97768e-06 -0 -0)
(9.96976e-06 -0 -0)
(9.96264e-06 -0 -0)
(9.95737e-06 -0 -0)
(9.95453e-06 -0 -0)
(9.95439e-06 -0 -0)
(9.95673e-06 -0 -0)
(9.96086e-06 -0 -0)
(9.96608e-06 -0 -0)
(9.97156e-06 -0 -0)
(9.97687e-06 -0 -0)
(9.98157e-06 -0 -0)
(9.98556e-06 -0 -0)
(9.98881e-06 -0 -0)
(9.99133e-06 -0 -0)
(9.99334e-06 -0 -0)
(9.9948e-06 -0 -0)
(9.99596e-06 -0 -0)
(9.99676e-06 -0 -0)
(9.99738e-06 -0 -0)
(9.99785e-06 -0 -0)
(9.99817e-06 -0 -0)
(9.99847e-06 -0 -0)
(9.99859e-06 -0 -0)
(9.99881e-06 -0 -0)
(9.99885e-06 -0 -0)
(9.99902e-06 -0 -0)
(9.99906e-06 -0 -0)
(9.99912e-06 -0 -0)
(9.99923e-06 -0 -0)
(9.99917e-06 -0 -0)
(9.99938e-06 -0 -0)
(9.99923e-06 -0 -0)
(9.99947e-06 -0 -0)
(9.99932e-06 -0 -0)
(9.99947e-06 -0 -0)
(9.9995e-06 -0 -0)
(9.9994e-06 -0 -0)
(9.99972e-06 -0 -0)
(9.9993e-06 -0 -0)
(9.9999e-06 -0 -0)
(9.99929e-06 -0 -0)
(9.99994e-06 -0 -0)
(9.99949e-06 -0 -0)
(9.99971e-06 -0 -0)
(9.99997e-06 -0 -0)
(9.99923e-06 -0 -0)
(1.00006e-05 -0 -0)
(9.9987e-06 -0 -0)
(1.00012e-05 -0 -0)
(9.99857e-06 -0 -0)
(1.0001e-05 -0 -0)
(9.99944e-06 -0 -0)
(9.9997e-06 -0 -0)
(1.00016e-05 -0 -0)
(9.99712e-06 -0 -0)
(1.00048e-05 -0 -0)
(9.99427e-06 -0 -0)
(1.00074e-05 -0 -0)
(9.99355e-06 -0 -0)
(1.00063e-05 -0 -0)
(9.99845e-06 -0 -0)
(9.99801e-06 -0 -0)
(1.0012e-05 -0 -0)
(9.98122e-06 -0 -0)
(1.00332e-05 -0 -0)
(9.96068e-06 -0 -0)
(1.00529e-05 -0 -0)
(9.95219e-06 -0 -0)
(1.00493e-05 -0 -0)
(9.98513e-06 -0 -0)
(9.98918e-06 -0 -0)
(1.00978e-05 -0 -0)
(9.84067e-06 -0 -0)
(1.03188e-05 -0 -0)
(9.60452e-06 -0 -0)
(1.06449e-05 -0 -0)
(9.37056e-06 -0 -0)
(1.10406e-05 -0 -0)
(9.60189e-06 -0 -0)
(1.13158e-05 -0 -0)
(1.30066e-05 -0 -0)
(4.87902e-06 -0 -0)
(1.02331e-05 -0 -0)
(1e-05 -0 -0)
(1e-05 -0 -0)
(1e-05 -0 -0)
(1e-05 -0 -0)
(1e-05 -0 -0)
(1e-05 -0 -0)
(1e-05 -0 -0)
(1e-05 -0 -0)
(1e-05 -0 -0)
(1e-05 -0 -0)
(1e-05 -0 -0)
(1e-05 -0 -0)
)
;

boundaryField
{
    left
    {
        type            extrapolatedCalculated;
        value           uniform (1e-05 -0 -0);
    }
    right
    {
        type            extrapolatedCalculated;
        value           uniform (1e-05 -0 -0);
    }
    emptyFaces1D
    {
        type            empty;
    }
}


// ************************************************************************* //
