/*--------------------------------*- C++ -*----------------------------------*\
  =========                 |
  \\      /  F ield         | OpenFOAM: The Open Source CFD Toolbox
   \\    /   O peration     | Website:  https://openfoam.org
    \\  /    A nd           | Version:  9
     \\/     M anipulation  |
\*---------------------------------------------------------------------------*/
FoamFile
{
    format      ascii;
    class       volScalarField;
    location    "6500";
    object      alpha;
}
// * * * * * * * * * * * * * * * * * * * * * * * * * * * * * * * * * * * * * //

dimensions      [0 2 -1 0 0 0 0];

internalField   nonuniform List<scalar> 
900
(
-5.37344e-11
-7.85373e-12
-6.6176e-12
-5.66776e-14
-4.06428e-14
-4.0652e-14
-4.0652e-14
-4.0652e-14
-4.0652e-14
-4.0652e-14
-4.0652e-14
-4.0652e-14
-4.0652e-14
-4.0652e-14
-4.0652e-14
-4.0652e-14
-4.0652e-14
-4.0652e-14
-4.0652e-14
-4.0652e-14
-4.0652e-14
-4.0652e-14
-4.0652e-14
-4.0652e-14
-4.0652e-14
-4.0652e-14
-4.0652e-14
-4.0652e-14
-4.0652e-14
-4.0652e-14
-7.02982e-11
-2.0465e-11
-8.89409e-12
-2.83146e-14
-4.0651e-14
-4.0652e-14
-4.0652e-14
-4.0652e-14
-4.0652e-14
-4.0652e-14
-4.0652e-14
-4.0652e-14
-4.0652e-14
-4.0652e-14
-4.0652e-14
-4.0652e-14
-4.0652e-14
-4.0652e-14
-4.0652e-14
-4.0652e-14
-4.0652e-14
-4.0652e-14
-4.0652e-14
-4.0652e-14
-4.0652e-14
-4.0652e-14
-4.0652e-14
-4.0652e-14
-4.0652e-14
-4.0652e-14
-1.60439e-10
-1.80871e-11
-7.37993e-12
-2.65086e-14
-4.06518e-14
-4.0652e-14
-4.0652e-14
-4.0652e-14
-4.0652e-14
-4.0652e-14
-4.0652e-14
-4.0652e-14
-4.0652e-14
-4.0652e-14
-4.0652e-14
-4.0652e-14
-4.0652e-14
-4.0652e-14
-4.0652e-14
-4.0652e-14
-4.0652e-14
-4.0652e-14
-4.0652e-14
-4.0652e-14
-4.0652e-14
-4.0652e-14
-4.0652e-14
-4.0652e-14
-4.0652e-14
-4.0652e-14
-9.52015e-11
-1.45785e-11
-7.02502e-12
-2.94076e-14
-4.0652e-14
-4.0652e-14
-4.0652e-14
-4.0652e-14
-4.0652e-14
-4.0652e-14
-4.0652e-14
-4.0652e-14
-4.0652e-14
-4.0652e-14
-4.0652e-14
-4.0652e-14
-4.0652e-14
-4.0652e-14
-4.0652e-14
-4.0652e-14
-4.0652e-14
-4.0652e-14
-4.0652e-14
-4.0652e-14
-4.0652e-14
-4.0652e-14
-4.0652e-14
-4.0652e-14
-4.0652e-14
-4.0652e-14
-1.21833e-10
-1.23955e-11
-8.35619e-12
-3.55251e-14
-4.0652e-14
-4.0652e-14
-4.0652e-14
-4.0652e-14
-4.0652e-14
-4.0652e-14
-4.0652e-14
-4.0652e-14
-4.0652e-14
-4.0652e-14
-4.0652e-14
-4.0652e-14
-4.0652e-14
-4.0652e-14
-4.0652e-14
-4.0652e-14
-4.0652e-14
-4.0652e-14
-4.0652e-14
-4.0652e-14
-4.0652e-14
-4.0652e-14
-4.0652e-14
-4.0652e-14
-4.0652e-14
-4.0652e-14
-7.87146e-11
-8.38968e-12
-7.93579e-13
-4.03752e-14
-4.0652e-14
-4.0652e-14
-4.0652e-14
-4.0652e-14
-4.0652e-14
-4.0652e-14
-4.0652e-14
-4.0652e-14
-4.0652e-14
-4.0652e-14
-4.0652e-14
-4.0652e-14
-4.0652e-14
-4.0652e-14
-4.0652e-14
-4.0652e-14
-4.0652e-14
-4.0652e-14
-4.0652e-14
-4.0652e-14
-4.0652e-14
-4.0652e-14
-4.0652e-14
-4.0652e-14
-4.0652e-14
-4.0652e-14
-1.03697e-10
-8.2043e-12
-7.15155e-14
-4.06332e-14
-4.0652e-14
-4.0652e-14
-4.0652e-14
-4.0652e-14
-4.0652e-14
-4.0652e-14
-4.0652e-14
-4.0652e-14
-4.0652e-14
-4.0652e-14
-4.0652e-14
-4.0652e-14
-4.0652e-14
-4.0652e-14
-4.0652e-14
-4.0652e-14
-4.0652e-14
-4.0652e-14
-4.0652e-14
-4.0652e-14
-4.0652e-14
-4.0652e-14
-4.0652e-14
-4.0652e-14
-4.0652e-14
-4.0652e-14
-8.10171e-11
-8.57447e-12
-3.0167e-14
-4.06502e-14
-4.0652e-14
-4.0652e-14
-4.0652e-14
-4.0652e-14
-4.0652e-14
-4.0652e-14
-4.0652e-14
-4.0652e-14
-4.0652e-14
-4.0652e-14
-4.0652e-14
-4.0652e-14
-4.0652e-14
-4.0652e-14
-4.0652e-14
-4.0652e-14
-4.0652e-14
-4.0652e-14
-4.0652e-14
-4.0652e-14
-4.0652e-14
-4.0652e-14
-4.0652e-14
-4.0652e-14
-4.0652e-14
-4.0652e-14
-1.13397e-10
-9.81776e-12
-2.92342e-14
-4.0652e-14
-4.0652e-14
-4.0652e-14
-4.0652e-14
-4.0652e-14
-4.0652e-14
-4.0652e-14
-4.0652e-14
-4.0652e-14
-4.0652e-14
-4.0652e-14
-4.0652e-14
-4.0652e-14
-4.0652e-14
-4.0652e-14
-4.0652e-14
-4.0652e-14
-4.0652e-14
-4.0652e-14
-4.0652e-14
-4.0652e-14
-4.0652e-14
-4.0652e-14
-4.0652e-14
-4.0652e-14
-4.0652e-14
-4.0652e-14
-1.0209e-10
-1.0442e-11
-3.44661e-14
-4.0652e-14
-4.0652e-14
-4.0652e-14
-4.0652e-14
-4.0652e-14
-4.0652e-14
-4.0652e-14
-4.0652e-14
-4.0652e-14
-4.0652e-14
-4.0652e-14
-4.0652e-14
-4.0652e-14
-4.0652e-14
-4.0652e-14
-4.0652e-14
-4.0652e-14
-4.0652e-14
-4.0652e-14
-4.0652e-14
-4.0652e-14
-4.0652e-14
-4.0652e-14
-4.0652e-14
-4.0652e-14
-4.0652e-14
-4.0652e-14
-1.53347e-10
-1.36054e-11
-3.30452e-14
-4.06515e-14
-4.0652e-14
-4.0652e-14
-4.0652e-14
-4.0652e-14
-4.0652e-14
-4.0652e-14
-4.0652e-14
-4.0652e-14
-4.0652e-14
-4.0652e-14
-4.0652e-14
-4.0652e-14
-4.0652e-14
-4.0652e-14
-4.0652e-14
-4.0652e-14
-4.0652e-14
-4.0652e-14
-4.0652e-14
-4.0652e-14
-4.0652e-14
-4.0652e-14
-4.0652e-14
-4.0652e-14
-4.0652e-14
-4.0652e-14
-1.24568e-10
-1.57536e-11
-4.42597e-12
-3.14344e-14
-4.0646e-14
-4.0652e-14
-4.0652e-14
-4.0652e-14
-4.0652e-14
-4.0652e-14
-4.0652e-14
-4.0652e-14
-4.0652e-14
-4.0652e-14
-4.0652e-14
-4.0652e-14
-4.0652e-14
-4.0652e-14
-4.0652e-14
-4.0652e-14
-4.0652e-14
-4.0652e-14
-4.0652e-14
-4.0652e-14
-4.0652e-14
-4.0652e-14
-4.0652e-14
-4.0652e-14
-4.0652e-14
-4.0652e-14
-2.33883e-10
-2.36885e-11
-7.5787e-12
-3.57524e-12
-1.12054e-13
-4.06384e-14
-4.0652e-14
-4.0652e-14
-4.0652e-14
-4.0652e-14
-4.0652e-14
-4.0652e-14
-4.0652e-14
-4.0652e-14
-4.0652e-14
-4.0652e-14
-4.0652e-14
-4.0652e-14
-4.0652e-14
-4.0652e-14
-4.0652e-14
-4.0652e-14
-4.0652e-14
-4.0652e-14
-4.0652e-14
-4.0652e-14
-4.0652e-14
-4.0652e-14
-4.0652e-14
-4.0652e-14
-2.15384e-10
-3.0123e-11
-1.1979e-11
-9.00113e-12
-5.76327e-12
-3.05817e-14
-4.0652e-14
-4.0652e-14
-4.0652e-14
-4.0652e-14
-4.0652e-14
-4.0652e-14
-4.0652e-14
-4.0652e-14
-4.0652e-14
-4.0652e-14
-4.0652e-14
-4.0652e-14
-4.0652e-14
-4.0652e-14
-4.0652e-14
-4.0652e-14
-4.0652e-14
-4.0652e-14
-4.0652e-14
-4.0652e-14
-4.0652e-14
-4.0652e-14
-4.0652e-14
-4.0652e-14
-6.29865e-10
-3.85342e-11
-9.51195e-12
-5.88032e-12
-4.92788e-12
-1.49869e-12
-4.00292e-14
-4.06518e-14
-4.0652e-14
-4.0652e-14
-4.0652e-14
-4.0652e-14
-4.0652e-14
-4.0652e-14
-4.0652e-14
-4.0652e-14
-4.0652e-14
-4.0652e-14
-4.0652e-14
-4.0652e-14
-4.0652e-14
-4.0652e-14
-4.0652e-14
-4.0652e-14
-4.0652e-14
-4.0652e-14
-4.0652e-14
-4.0652e-14
-4.0652e-14
-4.0652e-14
-5.13445e-10
-1.05477e-10
-4.40125e-11
-2.22724e-11
-1.58612e-11
-8.93026e-12
-8.14688e-12
-1.60231e-13
-4.06489e-14
-3.90976e-14
-3.83178e-14
-3.76995e-14
-3.58968e-14
-3.3988e-14
-3.2329e-14
-3.11532e-14
-3.0579e-14
-3.05492e-14
-3.07465e-14
-2.99989e-14
-2.94283e-14
-2.75367e-14
-2.67558e-14
-2.71933e-14
-2.82096e-14
-3.26031e-14
-4.44981e-14
-5.48067e-14
-3.63002e-14
-2.97628e-14
-6.56101e-11
-3.3464e-11
-2.80885e-11
-1.91894e-11
-1.77493e-11
-1.33785e-11
-1.16602e-11
-7.13802e-12
-6.35574e-12
-6.5004e-12
-6.72383e-12
-6.92652e-12
-7.10289e-12
-7.24803e-12
-7.35605e-12
-7.42867e-12
-7.47834e-12
-7.51595e-12
-7.55016e-12
-7.57008e-12
-7.56142e-12
-7.50008e-12
-7.37848e-12
-7.19835e-12
-6.99751e-12
-6.79933e-12
-6.6922e-12
-6.66723e-12
-6.83711e-12
-6.89248e-12
-1.79139e-11
-1.63036e-11
-1.52759e-11
-1.38309e-11
-1.34841e-11
-1.25571e-11
-1.17257e-11
-1.13528e-11
-1.07237e-11
-1.0764e-11
-1.10872e-11
-1.14679e-11
-1.18157e-11
-1.20994e-11
-1.22925e-11
-1.23879e-11
-1.24106e-11
-1.23891e-11
-1.23816e-11
-1.23789e-11
-1.23662e-11
-1.2269e-11
-1.20981e-11
-1.18522e-11
-1.15991e-11
-1.12862e-11
-1.10247e-11
-1.07717e-11
-1.08035e-11
-1.09657e-11
-1.63943e-11
-1.55067e-11
-1.54604e-11
-1.54519e-11
-1.513e-11
-1.48467e-11
-1.45206e-11
-1.4821e-11
-1.48512e-11
-1.49728e-11
-1.52341e-11
-1.55184e-11
-1.57067e-11
-1.58047e-11
-1.57776e-11
-1.56349e-11
-1.53716e-11
-1.50273e-11
-1.47336e-11
-1.44989e-11
-1.43658e-11
-1.41139e-11
-1.38761e-11
-1.36249e-11
-1.34569e-11
-1.31271e-11
-1.27728e-11
-1.19702e-11
-1.11778e-11
-1.04025e-11
-1.51408e-11
-1.72523e-11
-1.91244e-11
-1.97496e-11
-1.98058e-11
-1.95614e-11
-1.94907e-11
-1.94412e-11
-1.92889e-11
-1.89296e-11
-1.85363e-11
-1.80759e-11
-1.7498e-11
-1.69185e-11
-1.62948e-11
-1.57579e-11
-1.50948e-11
-1.43909e-11
-1.37174e-11
-1.31075e-11
-1.27898e-11
-1.22931e-11
-1.1998e-11
-1.18176e-11
-1.17769e-11
-1.15713e-11
-1.13827e-11
-1.04966e-11
-9.1259e-12
-6.81488e-12
-2.2371e-11
-2.58928e-11
-2.54336e-11
-2.38269e-11
-2.25779e-11
-2.14261e-11
-2.07744e-11
-1.99772e-11
-1.93549e-11
-1.84554e-11
-1.76419e-11
-1.65974e-11
-1.5514e-11
-1.44366e-11
-1.33713e-11
-1.27284e-11
-1.18984e-11
-1.12416e-11
-1.04224e-11
-9.59322e-12
-9.01084e-12
-8.3462e-12
-8.1287e-12
-8.03944e-12
-8.08328e-12
-7.9545e-12
-8.05408e-12
-7.46693e-12
-8.46186e-12
-7.95059e-12
-1.82759e-11
-1.73316e-11
-1.73569e-11
-1.74744e-11
-1.77648e-11
-1.7731e-11
-1.79622e-11
-1.76423e-11
-1.75092e-11
-1.68009e-11
-1.61189e-11
-1.4664e-11
-1.33088e-11
-1.17189e-11
-1.02369e-11
-9.32169e-12
-8.44439e-12
-8.18682e-12
-7.41902e-12
-6.78303e-12
-4.77458e-12
-4.36855e-12
-4.33021e-12
-4.31204e-12
-4.31996e-12
-4.32176e-12
-4.41188e-12
-4.26389e-12
-4.2211e-12
-2.79079e-14
-1.90483e-11
-1.93489e-11
-2.00865e-11
-2.0542e-11
-2.07114e-11
-2.02083e-11
-1.99448e-11
-1.87737e-11
-1.81183e-11
-1.65584e-11
-1.50003e-11
-1.24832e-11
-1.0598e-11
-8.41112e-12
-7.00094e-12
-4.84628e-12
-4.42931e-12
-4.53696e-12
-4.26399e-12
-4.98537e-12
-2.86747e-14
-4.0652e-14
-4.0652e-14
-4.0652e-14
-4.0652e-14
-4.0652e-14
-4.0652e-14
-4.0652e-14
-4.0652e-14
-4.0652e-14
-1.92585e-11
-1.88777e-11
-1.86339e-11
-1.85337e-11
-1.82544e-11
-1.79934e-11
-1.7672e-11
-1.66178e-11
-1.615e-11
-1.38039e-11
-1.15042e-11
-8.62722e-12
-6.89667e-12
-4.30137e-12
-4.48715e-12
-2.65825e-14
-4.0652e-14
-4.0652e-14
-4.0652e-14
-4.0652e-14
-4.0652e-14
-4.0652e-14
-4.0652e-14
-4.0652e-14
-4.0652e-14
-4.0652e-14
-4.0652e-14
-4.0652e-14
-4.0652e-14
-4.0652e-14
-1.93652e-11
-1.90345e-11
-1.90708e-11
-1.91277e-11
-1.90901e-11
-1.92336e-11
-1.84012e-11
-1.75079e-11
-1.60106e-11
-1.16486e-11
-8.41556e-12
-4.92198e-12
-4.47779e-12
-3.27903e-14
-4.0652e-14
-4.0652e-14
-4.0652e-14
-4.0652e-14
-4.0652e-14
-4.0652e-14
-4.0652e-14
-4.0652e-14
-4.0652e-14
-4.0652e-14
-4.0652e-14
-4.0652e-14
-4.0652e-14
-4.0652e-14
-4.0652e-14
-4.0652e-14
-1.95032e-11
-1.91933e-11
-1.94115e-11
-1.90109e-11
-1.90817e-11
-1.85559e-11
-1.72923e-11
-1.67106e-11
-1.29391e-11
-7.82451e-12
-4.63845e-12
-2.90459e-14
-4.0652e-14
-4.0652e-14
-4.0652e-14
-4.0652e-14
-4.0652e-14
-4.0652e-14
-4.0652e-14
-4.0652e-14
-4.0652e-14
-4.0652e-14
-4.0652e-14
-4.0652e-14
-4.0652e-14
-4.0652e-14
-4.0652e-14
-4.0652e-14
-4.0652e-14
-4.0652e-14
-1.95968e-11
-1.93801e-11
-1.97773e-11
-1.91549e-11
-1.97177e-11
-1.82038e-11
-1.78675e-11
-1.59903e-11
-9.64958e-12
-4.6412e-12
-3.60552e-14
-4.0652e-14
-4.0652e-14
-4.0652e-14
-4.0652e-14
-4.0652e-14
-4.0652e-14
-4.0652e-14
-4.0652e-14
-4.0652e-14
-4.0652e-14
-4.0652e-14
-4.0652e-14
-4.0652e-14
-4.0652e-14
-4.0652e-14
-4.0652e-14
-4.0652e-14
-4.0652e-14
-4.0652e-14
-1.96394e-11
-1.96269e-11
-2.00506e-11
-1.96266e-11
-2.02603e-11
-1.79583e-11
-1.81486e-11
-1.23684e-11
-5.3251e-12
-3.59512e-14
-4.0652e-14
-4.0652e-14
-4.0652e-14
-4.0652e-14
-4.0652e-14
-4.0652e-14
-4.0652e-14
-4.0652e-14
-4.0652e-14
-4.0652e-14
-4.0652e-14
-4.0652e-14
-4.0652e-14
-4.0652e-14
-4.0652e-14
-4.0652e-14
-4.0652e-14
-4.0652e-14
-4.0652e-14
-4.0652e-14
-1.96532e-11
-1.98451e-11
-2.0212e-11
-2.02635e-11
-2.0773e-11
-1.88755e-11
-1.81592e-11
-7.72175e-12
-2.98786e-14
-4.0652e-14
-4.0652e-14
-4.0652e-14
-4.0652e-14
-4.0652e-14
-4.0652e-14
-4.0652e-14
-4.0652e-14
-4.0652e-14
-4.0652e-14
-4.0652e-14
-4.0652e-14
-4.0652e-14
-4.0652e-14
-4.0652e-14
-4.0652e-14
-4.0652e-14
-4.0652e-14
-4.0652e-14
-4.0652e-14
-4.0652e-14
-1.9623e-11
-2.00187e-11
-2.01979e-11
-2.08131e-11
-2.0945e-11
-2.13022e-11
-1.87585e-11
-9.1925e-13
-4.06242e-14
-4.0652e-14
-4.0652e-14
-4.0652e-14
-4.0652e-14
-4.0652e-14
-4.0652e-14
-4.0652e-14
-4.0652e-14
-4.0652e-14
-4.0652e-14
-4.0652e-14
-4.0652e-14
-4.0652e-14
-4.0652e-14
-4.0652e-14
-4.0652e-14
-4.0652e-14
-4.0652e-14
-4.0652e-14
-4.0652e-14
-4.0652e-14
)
;

boundaryField
{
    inlet1
    {
        type            calculated;
        value           uniform -5e-10;
    }
    inlet2
    {
        type            calculated;
        value           nonuniform List<scalar> 10(-1.53347e-10 -1.24568e-10 -2.33883e-10 -2.15384e-10 -6.29865e-10 -5.13445e-10 -6.56101e-11 -1.79139e-11 -1.63943e-11 -1.51408e-11);
    }
    inlet3
    {
        type            calculated;
        value           uniform -1.95111e-11;
    }
    output1
    {
        type            calculated;
        value           nonuniform List<scalar> 10(-4.0652e-14 -4.0652e-14 -4.0652e-14 -4.0652e-14 -4.0652e-14 -4.0652e-14 -4.0652e-14 -4.0652e-14 -4.0652e-14 -4.0652e-14);
    }
    output2
    {
        type            calculated;
        value           nonuniform List<scalar> 10(-4.0652e-14 -4.0652e-14 -4.0652e-14 -4.0652e-14 -4.0652e-14 -2.97628e-14 -6.89248e-12 -1.09657e-11 -1.04025e-11 -6.81488e-12);
    }
    output3
    {
        type            calculated;
        value           nonuniform List<scalar> 10(-7.95059e-12 -2.79079e-14 -4.0652e-14 -4.0652e-14 -4.0652e-14 -4.0652e-14 -4.0652e-14 -4.0652e-14 -4.0652e-14 -4.0652e-14);
    }
    up
    {
        type            calculated;
        value           nonuniform List<scalar> 
30
(
-1.9623e-11
-2.00187e-11
-2.01979e-11
-2.08131e-11
-2.0945e-11
-2.13022e-11
-1.87585e-11
-9.1925e-13
-4.06242e-14
-4.0652e-14
-4.0652e-14
-4.0652e-14
-4.0652e-14
-4.0652e-14
-4.0652e-14
-4.0652e-14
-4.0652e-14
-4.0652e-14
-4.0652e-14
-4.0652e-14
-4.0652e-14
-4.0652e-14
-4.0652e-14
-4.0652e-14
-4.0652e-14
-4.0652e-14
-4.0652e-14
-4.0652e-14
-4.0652e-14
-4.0652e-14
)
;
    }
    down
    {
        type            calculated;
        value           nonuniform List<scalar> 
30
(
-5.37344e-11
-7.85373e-12
-6.6176e-12
-5.66776e-14
-4.06428e-14
-4.0652e-14
-4.0652e-14
-4.0652e-14
-4.0652e-14
-4.0652e-14
-4.0652e-14
-4.0652e-14
-4.0652e-14
-4.0652e-14
-4.0652e-14
-4.0652e-14
-4.0652e-14
-4.0652e-14
-4.0652e-14
-4.0652e-14
-4.0652e-14
-4.0652e-14
-4.0652e-14
-4.0652e-14
-4.0652e-14
-4.0652e-14
-4.0652e-14
-4.0652e-14
-4.0652e-14
-4.0652e-14
)
;
    }
    emptyWalls
    {
        type            empty;
    }
}


// ************************************************************************* //
