/*--------------------------------*- C++ -*----------------------------------*\
  =========                 |
  \\      /  F ield         | OpenFOAM: The Open Source CFD Toolbox
   \\    /   O peration     | Website:  https://openfoam.org
    \\  /    A nd           | Version:  9
     \\/     M anipulation  |
\*---------------------------------------------------------------------------*/
FoamFile
{
    format      ascii;
    class       volScalarField;
    location    "6500";
    object      p;
}
// * * * * * * * * * * * * * * * * * * * * * * * * * * * * * * * * * * * * * //

dimensions      [0 0 0 0 0 0 0];

internalField   nonuniform List<scalar> 
900
(
3.58828e+07
3.58757e+07
3.58643e+07
3.58506e+07
3.4908e+07
3.38884e+07
3.29085e+07
3.19449e+07
3.09883e+07
3.0034e+07
2.90796e+07
2.8124e+07
2.71668e+07
2.62087e+07
2.52514e+07
2.42971e+07
2.33491e+07
2.24114e+07
2.1489e+07
2.05882e+07
1.97161e+07
1.88811e+07
1.80928e+07
1.73623e+07
1.67013e+07
1.61226e+07
1.56391e+07
1.52632e+07
1.50058e+07
1.48749e+07
3.58702e+07
3.58661e+07
3.58596e+07
3.58514e+07
3.47993e+07
3.38489e+07
3.28921e+07
3.19379e+07
3.09859e+07
3.00342e+07
2.9081e+07
2.81255e+07
2.71676e+07
2.6208e+07
2.52484e+07
2.42909e+07
2.33388e+07
2.2396e+07
2.14676e+07
2.05595e+07
1.96789e+07
1.88343e+07
1.80352e+07
1.72927e+07
1.6619e+07
1.60274e+07
1.55315e+07
1.51448e+07
1.48792e+07
1.4744e+07
3.58563e+07
3.58544e+07
3.58479e+07
3.5838e+07
3.47486e+07
3.38157e+07
3.28732e+07
3.19288e+07
3.09834e+07
3.00357e+07
2.90846e+07
2.81293e+07
2.717e+07
2.62075e+07
2.52431e+07
2.42793e+07
2.33191e+07
2.23663e+07
2.14257e+07
2.05032e+07
1.96059e+07
1.87419e+07
1.79209e+07
1.71543e+07
1.64547e+07
1.58364e+07
1.53147e+07
1.49052e+07
1.46224e+07
1.44778e+07
3.58374e+07
3.58349e+07
3.58283e+07
3.58175e+07
3.4731e+07
3.37922e+07
3.28561e+07
3.19207e+07
3.0983e+07
3.00407e+07
2.90923e+07
2.81373e+07
2.71758e+07
2.62087e+07
2.52374e+07
2.42642e+07
2.32919e+07
2.23243e+07
2.13657e+07
2.04219e+07
1.94995e+07
1.86065e+07
1.77524e+07
1.69488e+07
1.6209e+07
1.55487e+07
1.49857e+07
1.4539e+07
1.42274e+07
1.40669e+07
3.58071e+07
3.58063e+07
3.58057e+07
3.57948e+07
3.47159e+07
3.37661e+07
3.28384e+07
3.19149e+07
3.09872e+07
3.00517e+07
2.91067e+07
2.81517e+07
2.71872e+07
2.6214e+07
2.52336e+07
2.42481e+07
2.32602e+07
2.22731e+07
2.12911e+07
2.03192e+07
1.93637e+07
1.8432e+07
1.75335e+07
1.66794e+07
1.58838e+07
1.51639e+07
1.45404e+07
1.40375e+07
1.36813e+07
1.34956e+07
3.57649e+07
3.57649e+07
3.57763e+07
3.56525e+07
3.46397e+07
3.37178e+07
3.28165e+07
3.19131e+07
3.09994e+07
3.00723e+07
2.9131e+07
2.81757e+07
2.72072e+07
2.62264e+07
2.52349e+07
2.42345e+07
2.32275e+07
2.22169e+07
2.12063e+07
2.02002e+07
1.9204e+07
1.82245e+07
1.72701e+07
1.63516e+07
1.5483e+07
1.46826e+07
1.39744e+07
1.33894e+07
1.29646e+07
1.27386e+07
3.57076e+07
3.57062e+07
3.57065e+07
3.5258e+07
3.4476e+07
3.3649e+07
3.27967e+07
3.19217e+07
3.10249e+07
3.0107e+07
2.91693e+07
2.8213e+07
2.72394e+07
2.62497e+07
2.52451e+07
2.42274e+07
2.31984e+07
2.21607e+07
2.1117e+07
2.00712e+07
1.90276e+07
1.79917e+07
1.69708e+07
1.59739e+07
1.5014e+07
1.4109e+07
1.32853e+07
1.25809e+07
1.20493e+07
1.17557e+07
3.5641e+07
3.56385e+07
3.56339e+07
3.5028e+07
3.43574e+07
3.36055e+07
3.27995e+07
3.19523e+07
3.10713e+07
3.01615e+07
2.92262e+07
2.82677e+07
2.72878e+07
2.62877e+07
2.52685e+07
2.42316e+07
2.31782e+07
2.21103e+07
2.103e+07
1.994e+07
1.88434e+07
1.77441e+07
1.66473e+07
1.55594e+07
1.44901e+07
1.34543e+07
1.24767e+07
1.15997e+07
1.08959e+07
1.04791e+07
3.55686e+07
3.55668e+07
3.55624e+07
3.4941e+07
3.432e+07
3.36161e+07
3.28435e+07
3.20166e+07
3.11467e+07
3.02415e+07
2.93062e+07
2.83439e+07
2.73564e+07
2.63447e+07
2.53097e+07
2.42521e+07
2.31726e+07
2.20724e+07
2.09527e+07
1.98153e+07
1.86618e+07
1.74942e+07
1.63147e+07
1.51262e+07
1.39327e+07
1.27414e+07
1.15675e+07
1.04452e+07
9.45552e+06
8.78564e+06
3.54951e+07
3.5493e+07
3.5489e+07
3.49409e+07
3.43654e+07
3.36955e+07
3.29418e+07
3.21241e+07
3.12573e+07
3.03516e+07
2.94131e+07
2.84452e+07
2.74491e+07
2.64252e+07
2.53736e+07
2.42944e+07
2.31876e+07
2.20538e+07
2.08933e+07
1.97067e+07
1.84943e+07
1.72561e+07
1.59913e+07
1.4698e+07
1.33729e+07
1.20112e+07
1.06068e+07
9.15805e+06
7.69538e+06
6.42233e+06
3.54261e+07
3.54231e+07
3.53985e+07
3.50099e+07
3.45052e+07
3.38586e+07
3.31043e+07
3.22805e+07
3.14067e+07
3.04944e+07
2.95497e+07
2.85747e+07
2.75695e+07
2.65334e+07
2.54652e+07
2.43642e+07
2.32298e+07
2.20618e+07
2.08599e+07
1.96238e+07
1.83527e+07
1.70447e+07
1.56964e+07
1.43016e+07
1.28499e+07
1.13236e+07
9.69049e+06
7.8848e+06
5.74562e+06
2.78596e+06
3.53645e+07
3.53601e+07
3.53286e+07
3.52596e+07
3.47869e+07
3.41294e+07
3.33363e+07
3.24869e+07
3.15947e+07
3.06697e+07
2.97164e+07
2.87343e+07
2.7721e+07
2.66735e+07
2.55896e+07
2.44674e+07
2.33057e+07
2.21037e+07
2.08608e+07
1.9576e+07
1.82479e+07
1.68736e+07
1.54479e+07
1.3962e+07
1.24015e+07
1.07428e+07
8.94673e+06
6.94505e+06
4.61633e+06
1.76186e+06
3.53184e+07
3.53136e+07
3.52754e+07
3.51887e+07
3.50639e+07
3.45357e+07
3.36248e+07
3.27362e+07
3.18154e+07
3.08734e+07
2.99119e+07
2.89252e+07
2.79065e+07
2.68502e+07
2.57522e+07
2.461e+07
2.34218e+07
2.21866e+07
2.09035e+07
1.95716e+07
1.81894e+07
1.67539e+07
1.52596e+07
1.3697e+07
1.20512e+07
1.02994e+07
8.40858e+06
6.33234e+06
4.01278e+06
1.40702e+06
3.52844e+07
3.52789e+07
3.52309e+07
3.51282e+07
3.50065e+07
3.49068e+07
3.3891e+07
3.30177e+07
3.20572e+07
3.10967e+07
3.01326e+07
2.91482e+07
2.81297e+07
2.70685e+07
2.59592e+07
2.47986e+07
2.3585e+07
2.23174e+07
2.09949e+07
1.96174e+07
1.81841e+07
1.6693e+07
1.51395e+07
1.35153e+07
1.18069e+07
9.99511e+06
8.05583e+06
5.96296e+06
3.69543e+06
1.26047e+06
3.5268e+07
3.52612e+07
3.51967e+07
3.5053e+07
3.48608e+07
3.45936e+07
3.41427e+07
3.33863e+07
3.22991e+07
3.13235e+07
3.03736e+07
2.94052e+07
2.83957e+07
2.73348e+07
2.62173e+07
2.50403e+07
2.38024e+07
2.25028e+07
2.11416e+07
1.9719e+07
1.82368e+07
1.66945e+07
1.50902e+07
1.34177e+07
1.16659e+07
9.8183e+06
7.85669e+06
5.76822e+06
3.54551e+06
1.19991e+06
3.52598e+07
3.52429e+07
3.51664e+07
3.50085e+07
3.47686e+07
3.44496e+07
3.40678e+07
3.36718e+07
3.24295e+07
3.15284e+07
3.06409e+07
2.97146e+07
2.87329e+07
2.76867e+07
2.65711e+07
2.53829e+07
2.41208e+07
2.2785e+07
2.13784e+07
1.99044e+07
1.83675e+07
1.67702e+07
1.51131e+07
1.33958e+07
1.16127e+07
9.74855e+06
7.78766e+06
5.7167e+06
3.51695e+06
1.1926e+06
3.52616e+07
3.52309e+07
3.51304e+07
3.49465e+07
3.46746e+07
3.43201e+07
3.38738e+07
3.32631e+07
3.24034e+07
3.15304e+07
3.06443e+07
2.97183e+07
2.87366e+07
2.76904e+07
2.65747e+07
2.53865e+07
2.41243e+07
2.27883e+07
2.1381e+07
1.99064e+07
1.83687e+07
1.67707e+07
1.51136e+07
1.33965e+07
1.16143e+07
9.75334e+06
7.79487e+06
5.71518e+06
3.50981e+06
1.19086e+06
3.5311e+07
3.52606e+07
3.51286e+07
3.49095e+07
3.46053e+07
3.42141e+07
3.37226e+07
3.31082e+07
3.23715e+07
3.15598e+07
3.06973e+07
2.97813e+07
2.88036e+07
2.7758e+07
2.6641e+07
2.54509e+07
2.41868e+07
2.28483e+07
2.1437e+07
1.99558e+07
1.84093e+07
1.68006e+07
1.51332e+07
1.34108e+07
1.16351e+07
9.79649e+06
7.87441e+06
5.82921e+06
3.62359e+06
1.24582e+06
3.54813e+07
3.53839e+07
3.51977e+07
3.49339e+07
3.45951e+07
3.41777e+07
3.36733e+07
3.30785e+07
3.23963e+07
3.16342e+07
3.08021e+07
2.99022e+07
2.89311e+07
2.78851e+07
2.67631e+07
2.55669e+07
2.4298e+07
2.29563e+07
2.15413e+07
2.00517e+07
1.84906e+07
1.68609e+07
1.51717e+07
1.34369e+07
1.16678e+07
9.86151e+06
8.00483e+06
6.04895e+06
3.90486e+06
1.42668e+06
3.57652e+07
3.55849e+07
3.53282e+07
3.50168e+07
3.46483e+07
3.42155e+07
3.37128e+07
3.31373e+07
3.24876e+07
3.17615e+07
3.09589e+07
3.00784e+07
2.91161e+07
2.8069e+07
2.69368e+07
2.57267e+07
2.44467e+07
2.31021e+07
2.1691e+07
2.02002e+07
1.86205e+07
1.69538e+07
1.5227e+07
1.3471e+07
1.17044e+07
9.92861e+06
8.14602e+06
6.32646e+06
4.39889e+06
1.99294e+06
3.61596e+07
3.58184e+07
3.54916e+07
3.51405e+07
3.47502e+07
3.43105e+07
3.38152e+07
3.32583e+07
3.26352e+07
3.19392e+07
3.11652e+07
3.03065e+07
2.93569e+07
2.83109e+07
2.71645e+07
2.59278e+07
2.46202e+07
2.327e+07
2.1881e+07
2.04211e+07
1.88234e+07
1.70795e+07
1.52918e+07
1.35078e+07
1.174e+07
9.98558e+06
8.26455e+06
6.5629e+06
4.99931e+06
3.73507e+06
3.64793e+07
3.60587e+07
3.56739e+07
3.5291e+07
3.48878e+07
3.44495e+07
3.3968e+07
3.34334e+07
3.28389e+07
3.21736e+07
3.14296e+07
3.05945e+07
2.96616e+07
2.86221e+07
2.74674e+07
2.6184e+07
2.48033e+07
2.34323e+07
2.20892e+07
2.07582e+07
1.91841e+07
1.7219e+07
1.53478e+07
1.35394e+07
1.17674e+07
1.00285e+07
8.35792e+06
6.79665e+06
5.50419e+06
4.35851e+06
3.67393e+07
3.62973e+07
3.58818e+07
3.54775e+07
3.50671e+07
3.46358e+07
3.41729e+07
3.36655e+07
3.31037e+07
3.24712e+07
3.17554e+07
3.09407e+07
3.00254e+07
2.89936e+07
2.78675e+07
2.65425e+07
2.49585e+07
2.35353e+07
2.22312e+07
2.11668e+07
2.0172e+07
1.72382e+07
1.53589e+07
1.35523e+07
1.17835e+07
1.00495e+07
8.38453e+06
6.8346e+06
5.5757e+06
5.9066e+06
3.69587e+07
3.6511e+07
3.6084e+07
3.56717e+07
3.52627e+07
3.48455e+07
3.44074e+07
3.39349e+07
3.34142e+07
3.282e+07
3.21305e+07
3.13257e+07
3.04363e+07
2.94042e+07
2.83236e+07
2.73784e+07
2.49732e+07
2.3541e+07
2.22376e+07
2.1157e+07
1.96092e+07
1.7659e+07
1.58841e+07
1.42086e+07
1.26121e+07
1.11049e+07
9.727e+06
8.55301e+06
7.73436e+06
7.54293e+06
3.71455e+07
3.66986e+07
3.62733e+07
3.58657e+07
3.54689e+07
3.50739e+07
3.46681e+07
3.42395e+07
3.37681e+07
3.32223e+07
3.25668e+07
3.17491e+07
3.08704e+07
3.01331e+07
2.83258e+07
2.69088e+07
2.52259e+07
2.37377e+07
2.23541e+07
2.10184e+07
1.95317e+07
1.79046e+07
1.63097e+07
1.47859e+07
1.33513e+07
1.2031e+07
1.08656e+07
9.91609e+06
9.26579e+06
8.98784e+06
3.73027e+07
3.68595e+07
3.64423e+07
3.60468e+07
3.567e+07
3.53026e+07
3.49349e+07
3.45551e+07
3.41369e+07
3.36481e+07
3.30607e+07
3.23732e+07
3.08711e+07
2.96748e+07
2.82296e+07
2.67865e+07
2.52839e+07
2.38298e+07
2.24228e+07
2.1031e+07
1.95944e+07
1.81181e+07
1.66644e+07
1.52739e+07
1.39763e+07
1.28021e+07
1.17883e+07
1.09799e+07
1.04249e+07
1.01548e+07
3.74303e+07
3.6992e+07
3.6585e+07
3.62056e+07
3.58542e+07
3.55201e+07
3.51981e+07
3.48698e+07
3.45098e+07
3.40866e+07
3.35601e+07
3.21681e+07
3.08198e+07
2.95099e+07
2.81312e+07
2.67237e+07
2.52934e+07
2.38748e+07
2.24762e+07
2.10885e+07
1.96967e+07
1.83089e+07
1.69557e+07
1.5669e+07
1.4478e+07
1.34128e+07
1.25056e+07
1.17905e+07
1.1299e+07
1.10517e+07
3.75273e+07
3.70936e+07
3.6696e+07
3.63333e+07
3.60083e+07
3.57122e+07
3.5441e+07
3.51662e+07
3.48598e+07
3.44885e+07
3.3283e+07
3.20274e+07
3.07299e+07
2.94138e+07
2.80616e+07
2.66838e+07
2.52911e+07
2.38997e+07
2.25187e+07
2.11501e+07
1.97952e+07
1.8465e+07
1.71808e+07
1.59682e+07
1.4854e+07
1.38655e+07
1.30309e+07
1.23774e+07
1.19288e+07
1.17013e+07
3.75926e+07
3.71624e+07
3.67714e+07
3.64217e+07
3.61181e+07
3.58594e+07
3.56432e+07
3.54371e+07
3.51979e+07
3.42458e+07
3.31413e+07
3.19285e+07
3.06588e+07
2.93536e+07
2.80176e+07
2.66589e+07
2.52874e+07
2.39143e+07
2.25489e+07
2.11979e+07
1.9869e+07
1.8575e+07
1.73342e+07
1.61692e+07
1.51042e+07
1.41644e+07
1.3375e+07
1.27595e+07
1.23376e+07
1.21233e+07
3.76254e+07
3.71971e+07
3.68093e+07
3.64663e+07
3.61734e+07
3.59384e+07
3.57698e+07
3.56638e+07
3.55343e+07
3.42959e+07
3.31079e+07
3.18866e+07
3.06233e+07
2.93244e+07
2.79962e+07
2.66468e+07
2.52852e+07
2.39213e+07
2.25646e+07
2.12235e+07
1.99081e+07
1.86317e+07
1.7412e+07
1.62701e+07
1.5229e+07
1.43129e+07
1.35453e+07
1.29479e+07
1.25389e+07
1.23311e+07
)
;

boundaryField
{
    inlet1
    {
        type            fixedGradient;
        gradient        uniform 20000;
    }
    inlet2
    {
        type            zeroGradient;
    }
    inlet3
    {
        type            fixedGradient;
        gradient        uniform 4.68141e+06;
    }
    output1
    {
        type            zeroGradient;
    }
    output2
    {
        type            fixedValue;
        value           uniform 0;
    }
    output3
    {
        type            zeroGradient;
    }
    up
    {
        type            zeroGradient;
    }
    down
    {
        type            zeroGradient;
    }
    emptyWalls
    {
        type            empty;
    }
}


// ************************************************************************* //
