/*--------------------------------*- C++ -*----------------------------------*\
  =========                 |
  \\      /  F ield         | OpenFOAM: The Open Source CFD Toolbox
   \\    /   O peration     | Website:  https://openfoam.org
    \\  /    A nd           | Version:  9
     \\/     M anipulation  |
\*---------------------------------------------------------------------------*/
FoamFile
{
    format      ascii;
    class       surfaceScalarField;
    location    "6500";
    object      phi;
}
// * * * * * * * * * * * * * * * * * * * * * * * * * * * * * * * * * * * * * //

dimensions      [0 3 -1 0 0 0 0];

internalField   nonuniform List<scalar> 
1740
(
1.58363e-08
6.34048e-08
7.78221e-09
1.27899e-08
5.51024e-09
4.42929e-09
3.34861e-09
7.79683e-12
4.02579e-09
2.72481e-10
4.00736e-09
1.14069e-10
3.92672e-09
5.24982e-11
3.89354e-09
2.34564e-11
3.88179e-09
7.41598e-12
3.88097e-09
-1.80864e-12
3.88529e-09
-6.33838e-12
3.89051e-09
-7.00456e-12
3.893e-09
-4.17573e-12
3.88933e-09
1.99611e-12
3.8761e-09
1.15002e-11
3.84983e-09
2.44412e-11
3.80687e-09
4.10158e-11
3.74327e-09
6.1497e-11
3.65478e-09
8.62125e-11
3.53684e-09
1.15513e-10
3.38465e-09
1.49711e-10
3.19322e-09
1.88992e-10
2.95778e-09
2.33292e-10
2.67413e-09
2.82111e-10
2.33939e-09
3.34271e-10
1.95287e-09
3.87662e-10
1.51702e-09
4.39068e-10
1.03833e-09
4.84216e-10
5.27727e-10
5.1823e-10
5.36626e-10
1.61026e-08
1.77959e-07
8.6851e-09
2.50156e-08
4.02311e-09
9.42083e-09
2.78557e-09
3.1392e-11
3.97332e-09
2.3146e-10
3.88039e-09
1.31486e-10
3.87939e-09
7.24666e-11
3.8721e-09
3.39098e-11
3.87086e-09
8.01682e-12
3.87584e-09
-8.31115e-12
3.88439e-09
-1.6539e-11
3.89325e-09
-1.75017e-11
3.89916e-09
-1.1692e-11
3.89888e-09
6.62362e-13
3.88914e-09
1.95691e-11
3.86654e-09
4.52541e-11
3.82751e-09
7.81268e-11
3.76815e-09
1.18761e-10
3.68422e-09
1.67847e-10
3.57112e-09
2.26134e-10
3.42387e-09
2.94334e-10
3.23724e-09
3.72961e-10
3.00597e-09
4.62073e-10
2.72521e-09
5.60897e-10
2.39119e-09
6.67323e-10
2.0022e-09
7.77315e-10
1.55985e-09
8.844e-10
1.07025e-09
9.79573e-10
5.44849e-10
1.05209e-09
1.09165e-09
1.9705e-08
2.48597e-07
6.84714e-09
3.16152e-08
3.75734e-09
1.3177e-08
2.78366e-09
5.41797e-11
3.96116e-09
1.02726e-10
3.8237e-09
1.08068e-10
3.83836e-09
7.19711e-11
3.84463e-09
3.16996e-11
3.8537e-09
-9.46204e-13
3.86715e-09
-2.29123e-11
3.88316e-09
-3.4002e-11
3.89894e-09
-3.47666e-11
3.91152e-09
-2.57478e-11
3.91789e-09
-7.22173e-12
3.91502e-09
2.08625e-11
3.8997e-09
5.8879e-11
3.86848e-09
1.07479e-10
3.8176e-09
1.67573e-10
3.74285e-09
2.40275e-10
3.63954e-09
3.26836e-10
3.50248e-09
4.28531e-10
3.32591e-09
5.46449e-10
3.10368e-09
6.81146e-10
2.82957e-09
8.32083e-10
2.49795e-09
9.9681e-10
2.10489e-09
1.16987e-09
1.64991e-09
1.34165e-09
1.13799e-09
1.49759e-09
5.81411e-10
1.61893e-09
1.68623e-09
1.40331e-08
3.37805e-07
6.36527e-09
3.92037e-08
3.86385e-09
1.82658e-08
2.86499e-09
1.78199e-10
3.96367e-09
1.26068e-10
3.80747e-09
1.26104e-10
3.80573e-09
7.56505e-11
3.81434e-09
2.18672e-11
3.83217e-09
-2.05862e-11
3.85592e-09
-4.83867e-11
3.88217e-09
-6.1787e-11
3.90783e-09
-6.18137e-11
3.93007e-09
-4.93096e-11
3.94616e-09
-2.46631e-11
3.95336e-09
1.22284e-11
3.94875e-09
6.19173e-11
3.92912e-09
1.25338e-10
3.8909e-09
2.03781e-10
3.83002e-09
2.98847e-10
3.74174e-09
4.12408e-10
3.62061e-09
5.46506e-10
3.46024e-09
7.03157e-10
3.25326e-09
8.83972e-10
2.99144e-09
1.08947e-09
2.66613e-09
1.31795e-09
2.26952e-09
1.56372e-09
1.79691e-09
1.81473e-09
1.25037e-09
2.0502e-09
6.428e-10
2.2398e-09
2.3481e-09
8.91816e-09
4.16534e-07
2.84496e-09
4.27052e-08
3.37644e-09
1.28279e-08
3.02971e-09
6.8833e-10
3.96989e-09
3.36622e-10
3.78949e-09
1.94636e-10
3.76274e-09
8.26648e-11
3.77486e-09
7.09642e-13
3.80472e-09
-5.48763e-11
3.84217e-09
-8.82603e-11
3.88178e-09
-1.02946e-10
3.92016e-09
-1.01394e-10
3.95476e-09
-8.50195e-11
3.98332e-09
-5.43514e-11
4.00351e-09
-9.1932e-12
4.01281e-09
5.1229e-11
4.00836e-09
1.28182e-10
3.9869e-09
2.23366e-10
3.94457e-09
3.38925e-10
3.87679e-09
4.77442e-10
3.77797e-09
6.41926e-10
3.64116e-09
8.357e-10
3.45769e-09
1.06211e-09
3.2168e-09
1.32389e-09
2.90563e-09
1.62182e-09
2.51013e-09
1.95231e-09
2.01784e-09
2.30335e-09
1.42379e-09
2.64869e-09
7.39403e-10
2.94197e-09
3.11827e-09
1.68319e-09
5.17039e-07
-1.6199e-10
4.69157e-08
3.37565e-09
2.22274e-09
3.11356e-09
1.17625e-09
3.81917e-09
5.30768e-10
3.68702e-09
2.33159e-10
3.68087e-09
5.96695e-11
3.71762e-09
-4.68154e-11
3.76969e-09
-1.11368e-10
3.82627e-09
-1.46836e-10
3.88261e-09
-1.60348e-10
3.93625e-09
-1.55798e-10
3.98551e-09
-1.35028e-10
4.02886e-09
-9.85345e-11
4.06456e-09
-4.58809e-11
4.09061e-09
2.40112e-11
4.10461e-09
1.12784e-10
4.10374e-09
2.22566e-10
4.08457e-09
3.56033e-10
4.0429e-09
5.16506e-10
3.97333e-09
7.08059e-10
3.86876e-09
9.35608e-10
3.71955e-09
1.2049e-09
3.51243e-09
1.52216e-09
3.22947e-09
1.8931e-09
2.84754e-09
2.32033e-09
2.34053e-09
2.79768e-09
1.68754e-09
3.29921e-09
8.9101e-10
3.76111e-09
4.06474e-09
9.08718e-09
6.0267e-07
1.02518e-09
5.57788e-08
2.05134e-09
3.63307e-10
2.88527e-09
9.56563e-10
3.34189e-09
4.45481e-10
3.46206e-09
1.47565e-10
3.55612e-09
-3.03285e-11
3.64506e-09
-1.36276e-10
3.73016e-09
-1.96946e-10
3.81061e-09
-2.27371e-10
3.88613e-09
-2.35817e-10
3.95671e-09
-2.26423e-10
4.02219e-09
-2.00768e-10
4.08204e-09
-1.58884e-10
4.13527e-09
-9.98326e-11
4.18045e-09
-2.20896e-11
4.21574e-09
7.63736e-11
4.23888e-09
1.98077e-10
4.24709e-09
3.46139e-10
4.2369e-09
5.24496e-10
4.2037e-09
7.38197e-10
4.14101e-09
9.93774e-10
4.0393e-09
1.29969e-09
3.88392e-09
1.66673e-09
3.65225e-09
2.1081e-09
3.31003e-09
2.63821e-09
2.80921e-09
3.26784e-09
2.09483e-09
3.98937e-09
1.13708e-09
4.73851e-09
5.31485e-09
1.06236e-08
6.95268e-07
1.9856e-09
6.5584e-08
1.75775e-09
2.14634e-10
2.74303e-09
4.10716e-10
3.02896e-09
1.50392e-10
3.26338e-09
-5.80492e-11
3.43648e-09
-1.92276e-10
3.57635e-09
-2.71015e-10
3.69526e-09
-3.12773e-10
3.79989e-09
-3.29884e-10
3.89461e-09
-3.2913e-10
3.98227e-09
-3.13315e-10
4.06449e-09
-2.82751e-10
4.14183e-09
-2.36391e-10
4.21402e-09
-1.72488e-10
4.28018e-09
-8.89124e-11
4.33903e-09
1.67344e-11
4.38895e-09
1.47237e-10
4.42802e-09
3.05954e-10
4.45392e-09
4.97145e-10
4.46354e-09
7.26453e-10
4.4523e-09
1.00159e-09
4.4127e-09
1.33334e-09
4.33169e-09
1.73698e-09
4.1856e-09
2.23436e-09
3.93111e-09
2.85656e-09
3.49147e-09
3.64608e-09
2.74546e-09
4.65192e-09
1.56249e-09
5.88869e-09
7.14129e-09
1.22811e-08
7.77658e-07
1.99027e-09
7.32481e-08
1.72009e-09
2.47118e-10
2.60916e-09
1.85534e-11
2.84698e-09
-1.96395e-10
3.12605e-09
-3.37882e-10
3.35006e-09
-4.09716e-10
3.52862e-09
-4.42734e-10
3.67463e-09
-4.53249e-10
3.79907e-09
-4.50268e-10
3.91013e-09
-4.37509e-10
4.01327e-09
-4.14948e-10
4.11168e-09
-3.80535e-10
4.20679e-09
-3.31442e-10
4.29881e-09
-2.648e-10
4.38725e-09
-1.77813e-10
4.47126e-09
-6.77665e-11
4.54986e-09
6.81774e-11
4.62212e-09
2.33287e-10
4.68721e-09
4.31669e-10
4.74425e-09
6.68868e-10
4.79193e-09
9.52788e-10
4.82751e-09
1.29509e-09
4.84455e-09
1.71349e-09
4.82733e-09
2.2358e-09
4.73736e-09
2.90759e-09
4.48011e-09
3.808e-09
3.83305e-09
5.08355e-09
2.36742e-09
7.02305e-09
1.02203e-08
1.19012e-08
8.64558e-07
2.06938e-09
8.2759e-08
1.61766e-09
2.73658e-10
2.4076e-09
-3.93906e-10
2.71243e-09
-6.16655e-10
3.04376e-09
-6.8737e-10
3.30908e-09
-6.65978e-10
3.51344e-09
-6.3696e-10
3.67556e-09
-6.07227e-10
3.81164e-09
-5.80431e-10
3.93356e-09
-5.5569e-10
4.04902e-09
-5.28435e-10
4.16219e-09
-4.92973e-10
4.27482e-09
-4.44065e-10
4.38717e-09
-3.77457e-10
4.49876e-09
-2.89772e-10
4.60889e-09
-1.78177e-10
4.7171e-09
-4.00605e-11
4.8234e-09
1.2734e-10
4.92855e-09
3.27367e-10
5.03432e-09
5.64558e-10
5.14366e-09
8.45602e-10
5.26089e-09
1.18075e-09
5.39166e-09
1.5861e-09
5.54182e-09
2.08774e-09
5.71087e-09
2.73001e-09
5.85855e-09
3.59479e-09
5.73921e-09
4.8512e-09
4.07412e-09
6.89962e-09
1.08339e-08
2.08829e-08
8.35955e-07
9.70382e-09
8.83289e-08
1.24926e-09
1.37635e-08
2.07797e-09
-4.64451e-10
2.59376e-09
-9.96137e-10
3.02749e-09
-1.12909e-09
3.32907e-09
-9.29873e-10
3.54047e-09
-8.31907e-10
3.70253e-09
-7.58268e-10
3.83838e-09
-7.08539e-10
3.96347e-09
-6.76381e-10
4.08701e-09
-6.50145e-10
4.21322e-09
-6.18853e-10
4.34316e-09
-5.74381e-10
4.47632e-09
-5.11202e-10
4.6117e-09
-4.25643e-10
4.74844e-09
-3.15112e-10
4.88625e-09
-1.77585e-10
5.02582e-09
-1.12375e-11
5.16928e-09
1.85898e-10
5.32082e-09
4.16394e-10
5.4875e-09
6.84318e-10
5.68073e-09
9.96197e-10
5.91938e-09
1.36243e-09
6.23742e-09
1.79902e-09
6.70576e-09
2.32993e-09
7.50402e-09
2.98995e-09
9.19113e-09
3.82684e-09
1.38526e-08
4.89033e-09
6.13785e-09
2.78186e-08
8.03231e-07
2.52416e-08
9.11859e-08
1.15435e-08
3.21435e-08
1.57417e-09
1.16038e-08
2.6227e-09
-1.18274e-09
3.1434e-09
-1.47795e-09
3.43923e-09
-1.09268e-09
3.61686e-09
-1.00253e-09
3.75572e-09
-8.85397e-10
3.87587e-09
-8.19089e-10
3.99493e-09
-7.91151e-10
4.12236e-09
-7.76915e-10
4.26053e-09
-7.57941e-10
4.40826e-09
-7.23397e-10
4.56324e-09
-6.67329e-10
4.7233e-09
-5.86488e-10
4.88693e-09
-4.79042e-10
5.05365e-09
-3.43926e-10
5.22435e-09
-1.80601e-10
5.40194e-09
1.10652e-11
5.59218e-09
2.30803e-10
5.80478e-09
4.7908e-10
6.05516e-09
7.5729e-10
6.36773e-09
1.06838e-09
6.7827e-09
1.41599e-09
7.37071e-09
1.80075e-09
8.26066e-09
2.20822e-09
9.66868e-09
2.57587e-09
1.17498e-08
2.697e-09
1.91098e-09
5.35338e-08
7.39585e-07
4.91649e-08
8.75585e-08
4.25641e-08
4.20689e-08
2.07308e-08
4.22855e-08
3.29148e-09
2.86432e-08
3.29089e-09
-8.34125e-10
3.66771e-09
-1.09005e-09
3.73202e-09
-1.20014e-09
3.82763e-09
-9.61694e-10
3.91444e-09
-8.91282e-10
4.01802e-09
-8.92217e-10
4.14696e-09
-9.08423e-10
4.2983e-09
-9.12598e-10
4.46611e-09
-8.93935e-10
4.64508e-09
-8.48222e-10
4.83131e-09
-7.73934e-10
5.02234e-09
-6.70639e-10
5.21706e-09
-5.38475e-10
5.41598e-09
-3.78304e-10
5.62195e-09
-1.91842e-10
5.84118e-09
1.66674e-11
6.08429e-09
2.43905e-10
6.3674e-09
4.85495e-10
6.71365e-09
7.37815e-10
7.15496e-09
9.95808e-10
7.73374e-09
1.24885e-09
8.49921e-09
1.46632e-09
9.47307e-09
1.57142e-09
1.05138e-08
1.4108e-09
7.20047e-10
7.02209e-08
6.59904e-07
8.54416e-08
7.41586e-08
9.56299e-08
3.88975e-08
8.24077e-08
4.81371e-08
3.27565e-08
5.85628e-08
2.77264e-09
1.70831e-08
3.78356e-09
-7.03236e-10
3.81603e-09
-1.32549e-09
3.90832e-09
-8.6996e-10
3.93623e-09
-8.96094e-10
4.01577e-09
-9.85799e-10
4.14915e-09
-1.06338e-09
4.31959e-09
-1.11011e-09
4.51282e-09
-1.12082e-09
4.71967e-09
-1.09449e-09
4.93454e-09
-1.03106e-09
5.15404e-09
-9.31198e-10
5.37627e-09
-7.96671e-10
5.60058e-09
-6.31618e-10
5.82869e-09
-4.41494e-10
6.06632e-09
-2.34545e-10
6.32378e-09
-1.80326e-11
6.6165e-09
1.99002e-10
6.96453e-09
4.05258e-10
7.38976e-09
5.88855e-10
7.91008e-09
7.39546e-10
8.52936e-09
8.33443e-10
9.21062e-09
8.23594e-10
9.81583e-09
6.56278e-10
2.7946e-10
1.75291e-07
4.69743e-07
1.18175e-07
1.14582e-07
9.88846e-08
8.82545e-08
1.05969e-07
7.68946e-08
8.34999e-08
1.03137e-07
2.81156e-08
7.81936e-08
3.08176e-09
5.45786e-08
3.97006e-09
-1.70987e-10
4.05337e-09
-4.84269e-10
3.90641e-09
-6.40954e-10
3.95966e-09
-7.75823e-10
4.11428e-09
-8.7065e-10
4.3181e-09
-9.18835e-10
4.54592e-09
-9.3042e-10
4.78624e-09
-9.10784e-10
5.03312e-09
-8.63442e-10
5.28302e-09
-7.90576e-10
5.5334e-09
-6.93343e-10
5.78136e-09
-5.73727e-10
6.02591e-09
-4.32265e-10
6.27162e-09
-2.8345e-10
6.52802e-09
-1.30875e-10
6.81029e-09
1.12298e-11
7.1382e-09
1.35878e-10
7.52945e-09
2.3376e-10
7.98745e-09
3.03526e-10
8.49755e-09
3.41318e-10
9.02423e-09
3.22941e-10
9.46556e-09
2.13789e-10
7.57144e-11
4.63153e-07
-2.52443e-09
5.04146e-07
6.50779e-08
4.79378e-07
9.94752e-08
4.43099e-07
1.06787e-07
3.78056e-07
1.46311e-07
3.14873e-07
1.39838e-07
1.64986e-07
1.55397e-07
8.74099e-09
1.01065e-07
3.92645e-09
9.1087e-09
3.48578e-09
-5.31193e-09
3.53584e-09
-9.74071e-09
3.61815e-09
-1.18541e-08
3.65673e-09
-1.28654e-08
3.69887e-09
-1.32179e-08
3.77034e-09
-1.31486e-08
3.89434e-09
-1.2897e-08
4.08047e-09
-1.2587e-08
4.30868e-09
-1.21079e-08
4.47223e-09
-1.12449e-08
4.56393e-09
-9.86198e-09
4.54635e-09
-7.99576e-09
4.49753e-09
-5.7593e-09
4.63674e-09
-3.72323e-09
4.95184e-09
-2.68199e-09
5.68992e-09
-3.87062e-09
7.60297e-09
-8.09536e-09
1.03368e-08
-1.44455e-08
9.95721e-09
-1.86819e-08
7.60987e-09
-1.81954e-08
-9.16302e-09
1.60159e-07
-1.82368e-07
3.09464e-07
-7.71872e-08
4.18368e-07
8.76912e-10
4.96617e-07
5.18617e-08
5.45791e-07
9.93019e-08
5.75976e-07
1.23494e-07
5.70537e-07
1.59429e-07
5.37714e-07
1.52956e-07
5.61185e-07
1.11233e-08
5.90476e-07
-3.30344e-08
6.34944e-07
-5.32241e-08
6.90436e-07
-6.42963e-08
7.51824e-07
-7.00046e-08
8.15418e-07
-7.17926e-08
8.78778e-07
-7.07481e-08
9.40847e-07
-6.84865e-08
1.00122e-06
-6.62282e-08
1.05943e-06
-6.39259e-08
1.11406e-06
-6.06669e-08
1.16284e-06
-5.47051e-08
1.20309e-06
-4.55908e-08
1.23275e-06
-3.33584e-08
1.25216e-06
-2.12723e-08
1.26706e-06
-1.46829e-08
1.28655e-06
-1.94169e-08
1.32484e-06
-3.86681e-08
1.38984e-06
-7.23846e-08
1.48757e-06
-1.08636e-07
1.58331e-06
-1.24924e-07
-7.38197e-08
9.69114e-08
-2.84565e-07
2.08426e-07
-1.88073e-07
3.1502e-07
-1.02843e-07
4.15362e-07
-3.70708e-08
5.11513e-07
1.05558e-08
6.0128e-07
4.42188e-08
7.07649e-07
6.23261e-08
7.98581e-07
4.16108e-08
8.65645e-07
-4.11909e-08
9.43491e-07
-1.03436e-07
1.03589e-06
-1.43377e-07
1.14061e-06
-1.67987e-07
1.25184e-06
-1.80157e-07
1.36315e-06
-1.81772e-07
1.46906e-06
-1.74578e-07
1.56755e-06
-1.63688e-07
1.65918e-06
-1.5376e-07
1.74705e-06
-1.47368e-07
1.83232e-06
-1.43173e-07
1.91241e-06
-1.33563e-07
1.98032e-06
-1.13538e-07
2.03013e-06
-8.17067e-08
2.06175e-06
-5.01168e-08
2.08458e-06
-3.25047e-08
2.10916e-06
-3.88499e-08
2.15454e-06
-7.38796e-08
2.23816e-06
-1.44602e-07
2.38262e-06
-2.38684e-07
2.57283e-06
-3.23351e-07
-2.58949e-07
1.49883e-07
-4.42917e-07
2.83907e-07
-3.13109e-07
4.06744e-07
-2.17676e-07
5.18829e-07
-1.43486e-07
6.28167e-07
-9.30649e-08
7.41143e-07
-6.54443e-08
8.72179e-07
-6.56254e-08
1.00943e-06
-9.81749e-08
1.13299e-06
-1.58312e-07
1.25633e-06
-2.19864e-07
1.38548e-06
-2.67909e-07
1.51797e-06
-2.9794e-07
1.64868e-06
-3.08988e-07
1.77098e-06
-3.03021e-07
1.87793e-06
-2.80189e-07
1.96677e-06
-2.49996e-07
2.03886e-06
-2.21461e-07
2.10551e-06
-2.08188e-07
2.17564e-06
-2.10063e-07
2.25177e-06
-2.09621e-07
2.31706e-06
-1.82264e-07
2.35885e-06
-1.21236e-07
2.3813e-06
-6.85781e-08
2.39637e-06
-4.14699e-08
2.40494e-06
-4.45998e-08
2.41951e-06
-7.92537e-08
2.44436e-06
-1.60639e-07
2.51861e-06
-2.83669e-07
2.67821e-06
-4.66353e-07
-5.87584e-07
2.56763e-07
-6.56111e-07
4.60087e-07
-4.94102e-07
6.07297e-07
-3.60312e-07
7.32475e-07
-2.6538e-07
8.54228e-07
-2.11991e-07
9.82819e-07
-1.90276e-07
1.12087e-06
-2.01688e-07
1.25893e-06
-2.35292e-07
1.38685e-06
-2.85186e-07
1.50342e-06
-3.34462e-07
1.61275e-06
-3.75867e-07
1.71176e-06
-3.96864e-07
1.80075e-06
-3.97838e-07
1.87591e-06
-3.79754e-07
1.93515e-06
-3.4085e-07
1.97146e-06
-2.87667e-07
1.98189e-06
-2.27669e-07
1.98658e-06
-2.05656e-07
2.00132e-06
-2.20258e-07
2.04417e-06
-2.54864e-07
2.08093e-06
-2.33371e-07
2.08757e-06
-1.22517e-07
2.08536e-06
-6.05688e-08
2.08368e-06
-3.46828e-08
2.07235e-06
-3.39748e-08
2.05444e-06
-5.57653e-08
2.00835e-06
-1.16572e-07
1.97198e-06
-2.22639e-07
2.07767e-06
-4.83519e-07
-8.63478e-07
8.85065e-07
-6.64221e-07
8.63444e-07
-5.14203e-07
8.72672e-07
-3.89123e-07
9.10189e-07
-3.10531e-07
9.69337e-07
-2.75964e-07
1.04723e-06
-2.69559e-07
1.13578e-06
-2.93133e-07
1.22765e-06
-3.27485e-07
1.31652e-06
-3.75067e-07
1.3983e-06
-4.13589e-07
1.47042e-06
-4.45432e-07
1.52433e-06
-4.46653e-07
1.56526e-06
-4.34e-07
1.58792e-06
-3.99634e-07
1.60627e-06
-3.5727e-07
1.6002e-06
-2.88752e-07
1.5604e-06
-1.77495e-07
1.51213e-06
-1.47092e-07
1.47559e-06
-1.6872e-07
1.48607e-06
-2.60263e-07
1.48967e-06
-2.87922e-07
1.46271e-06
-7.2678e-08
1.43969e-06
-3.18044e-08
1.42565e-06
-1.85271e-08
1.40291e-06
-1.74114e-08
1.3803e-06
-2.6776e-08
1.2987e-06
-5.58984e-08
1.20775e-06
-1.16735e-07
8.49503e-07
-2.94645e-07
-4.71707e-07
7.55068e-07
-4.93173e-07
6.82087e-07
-4.26318e-07
6.76509e-07
-3.75296e-07
7.17154e-07
-3.42691e-07
7.8146e-07
-3.34911e-07
8.63975e-07
-3.44281e-07
9.54271e-07
-3.79721e-07
1.04948e-06
-4.1497e-07
1.1434e-06
-4.65711e-07
1.22824e-06
-4.91067e-07
1.28447e-06
-5.00678e-07
1.30442e-06
-4.60672e-07
1.29911e-06
-4.27703e-07
1.26681e-06
-3.64462e-07
1.24481e-06
-3.29786e-07
1.20175e-06
-2.87959e-07
1.13641e-06
-9.02269e-08
1.05148e-06
-6.66285e-08
9.88622e-07
-8.07783e-08
9.15091e-07
-1.76144e-07
8.41425e-07
-1.61275e-07
8.17317e-07
-1.77883e-08
7.84314e-07
-7.80661e-09
7.65138e-07
-5.47602e-09
7.47535e-07
-5.55475e-09
7.24837e-07
-7.99854e-09
6.60667e-07
-1.46247e-08
5.6149e-07
-3.07478e-08
2.5809e-07
-6.3091e-08
-4.7514e-09
8.48183e-07
-4.23906e-07
8.26472e-07
-4.08186e-07
8.30081e-07
-3.88349e-07
8.54184e-07
-3.75402e-07
8.87573e-07
-3.77515e-07
9.3558e-07
-3.97145e-07
9.85614e-07
-4.37903e-07
1.04276e-06
-4.73821e-07
1.09909e-06
-5.28858e-07
1.13212e-06
-5.2676e-07
1.11387e-06
-4.96201e-07
1.05577e-06
-4.02558e-07
9.6964e-07
-3.50949e-07
8.82773e-07
-2.8699e-07
7.81458e-07
-2.01273e-07
6.85446e-07
-1.44951e-07
6.42332e-07
-1.90841e-08
5.61818e-07
-1.25429e-08
5.09128e-07
-1.59455e-08
2.59463e-07
-4.9553e-08
7.70778e-09
3.46045e-10
8.63757e-09
-1.12443e-09
7.37973e-09
-1.51135e-09
7.19365e-09
-1.9338e-09
7.01426e-09
-2.45188e-09
6.72163e-09
-3.10768e-09
6.12191e-09
-3.91292e-09
3.79775e-09
-4.91671e-09
6.06835e-10
-6.01677e-09
-6.3678e-09
8.53783e-07
-3.62096e-07
8.0382e-07
-3.55212e-07
7.71542e-07
-3.53196e-07
7.57602e-07
-3.59277e-07
7.61795e-07
-3.77746e-07
7.87012e-07
-4.16907e-07
8.14893e-07
-4.61437e-07
8.6277e-07
-5.09912e-07
8.9317e-07
-5.57484e-07
8.72772e-07
-5.00333e-07
7.95158e-07
-4.29064e-07
6.9671e-07
-3.03252e-07
5.5849e-07
-1.94359e-07
4.5444e-07
-1.22757e-07
2.29482e-07
-5.13119e-08
6.12646e-09
3.5806e-10
6.68005e-09
-5.87557e-10
5.2031e-09
-4.99213e-10
5.09422e-09
-3.13122e-10
6.22624e-09
2.78718e-10
7.34081e-09
6.65852e-10
7.29254e-09
-1.14375e-09
6.83203e-09
-1.75934e-09
6.47962e-09
-2.33634e-09
6.08637e-09
-2.97993e-09
5.52555e-09
-3.73868e-09
4.6186e-09
-4.61643e-09
3.05167e-09
-5.59821e-09
1.22109e-09
-6.48462e-09
-5.78592e-09
8.58068e-07
-3.05363e-07
8.12112e-07
-3.06637e-07
7.81715e-07
-3.22054e-07
7.62538e-07
-3.40905e-07
7.62961e-07
-3.78169e-07
7.68953e-07
-4.26812e-07
7.77823e-07
-4.71746e-07
8.01095e-07
-5.34792e-07
7.56979e-07
-5.2917e-07
6.5976e-07
-4.10229e-07
5.1868e-07
-3.10882e-07
3.89649e-07
-1.29192e-07
1.82989e-07
-4.86234e-08
5.36281e-09
4.11521e-10
6.42723e-09
2.93323e-10
6.37319e-09
7.89652e-10
6.14137e-09
-3.84314e-10
5.68217e-09
-4.32734e-10
5.6321e-09
-3.12225e-10
6.03309e-09
5.67818e-11
6.43904e-09
-1.52721e-10
6.44403e-09
-8.77366e-10
6.17622e-09
-1.44957e-09
5.80645e-09
-1.98017e-09
5.32604e-09
-2.53161e-09
4.6756e-09
-3.12928e-09
3.77525e-09
-3.7617e-09
2.56926e-09
-4.37146e-09
1.22585e-09
-4.80071e-09
-4.75194e-09
8.57181e-07
-2.48892e-07
8.0725e-07
-2.54231e-07
7.61459e-07
-2.76689e-07
7.22057e-07
-2.98743e-07
6.96015e-07
-3.50547e-07
6.64154e-07
-3.93393e-07
6.56525e-07
-4.55168e-07
6.26784e-07
-5.07605e-07
5.03918e-07
-4.14321e-07
3.5836e-07
-2.66574e-07
1.49432e-07
-1.1538e-07
4.33229e-09
4.71866e-11
5.42693e-09
1.94913e-10
5.62001e-09
8.98703e-10
5.92913e-09
3.68467e-10
5.99862e-09
2.92485e-10
5.91265e-09
-7.58441e-11
5.75212e-09
-2.10344e-10
5.71891e-09
-2.21527e-10
5.83498e-09
-1.92192e-10
5.93824e-09
-3.71888e-10
5.86831e-09
-7.63422e-10
5.62237e-09
-1.18142e-09
5.2439e-09
-1.60317e-09
4.73574e-09
-2.03705e-09
4.07555e-09
-2.48513e-09
3.23754e-09
-2.92962e-09
2.22426e-09
-3.32524e-09
1.11307e-09
-3.5948e-09
-3.66919e-09
8.53647e-07
-1.89717e-07
7.98374e-07
-1.97044e-07
7.38745e-07
-2.18916e-07
6.87835e-07
-2.43251e-07
6.36521e-07
-3.00411e-07
5.89123e-07
-3.38723e-07
5.65646e-07
-4.28044e-07
4.64089e-07
-4.19683e-07
2.99141e-07
-2.66002e-07
1.11924e-07
-9.7649e-08
4.51424e-09
2.25223e-10
5.48654e-09
5.94932e-10
5.43395e-09
3.07002e-10
5.56399e-09
4.24114e-10
5.71569e-09
2.86169e-10
5.77949e-09
1.7025e-10
5.75848e-09
-1.18969e-12
5.69476e-09
-1.11269e-10
5.65643e-09
-1.71352e-10
5.6497e-09
-2.32135e-10
5.61061e-09
-3.79214e-10
5.46861e-09
-6.23011e-10
5.20104e-09
-9.09524e-10
4.81103e-09
-1.21403e-09
4.29747e-09
-1.52829e-09
3.65332e-09
-1.84458e-09
2.87511e-09
-2.14639e-09
1.97719e-09
-2.40506e-09
1.00217e-09
-2.58407e-09
-2.66082e-09
8.50649e-07
-1.27882e-07
7.89007e-07
-1.34934e-07
7.1858e-07
-1.50711e-07
6.52057e-07
-1.73426e-07
5.69283e-07
-2.19411e-07
5.02411e-07
-2.59054e-07
4.27441e-07
-3.51229e-07
2.69937e-07
-2.71471e-07
9.16425e-08
-9.21092e-08
3.91842e-09
5.25772e-11
5.09585e-09
6.03499e-10
5.25087e-09
3.86596e-10
5.36807e-09
2.71945e-10
5.4863e-09
2.4962e-10
5.59015e-09
1.81857e-10
5.64518e-09
1.03545e-10
5.64702e-09
1.21011e-11
5.612e-09
-6.21945e-11
5.56237e-09
-1.20477e-10
5.49678e-09
-1.85781e-10
5.3859e-09
-2.89818e-10
5.19445e-09
-4.39883e-10
4.90217e-09
-6.19634e-10
4.50172e-09
-8.1512e-10
3.98978e-09
-1.0175e-09
3.36516e-09
-1.2185e-09
2.63239e-09
-1.4063e-09
1.8072e-09
-1.56454e-09
9.18418e-10
-1.67558e-09
-1.72921e-09
8.48767e-07
-6.43054e-08
7.81649e-07
-6.86895e-08
7.05219e-07
-7.6365e-08
6.22987e-07
-9.05923e-08
5.16124e-07
-1.14685e-07
4.15844e-07
-1.48785e-07
2.77714e-07
-2.08593e-07
8.68584e-08
-1.01279e-07
2.9799e-09
-8.45445e-10
4.44519e-09
1.44888e-10
4.87802e-09
2.11847e-10
5.13978e-09
1.8575e-10
5.30116e-09
1.44566e-10
5.42301e-09
1.20572e-10
5.51344e-09
8.81017e-11
5.56405e-09
4.99718e-11
5.57242e-09
8.234e-12
5.54385e-09
-2.91353e-11
5.48425e-09
-6.25759e-11
5.38917e-09
-1.00688e-10
5.24176e-09
-1.54393e-10
5.02113e-09
-2.27069e-10
4.71146e-09
-3.14003e-10
4.30389e-09
-4.09307e-10
3.79477e-09
-5.08101e-10
3.18514e-09
-6.05592e-10
2.4821e-09
-6.95773e-10
1.70081e-09
-7.71203e-10
8.64301e-10
-8.24506e-10
-8.5124e-10
8.48205e-07
7.77425e-07
6.99883e-07
6.07338e-07
4.91403e-07
3.43701e-07
1.3416e-07
6.801e-09
3.85523e-09
4.91448e-09
4.97372e-09
5.1291e-09
5.27379e-09
5.39112e-09
5.47656e-09
5.52512e-09
5.53476e-09
5.50675e-09
5.44162e-09
5.33387e-09
5.17083e-09
4.93687e-09
4.61865e-09
4.20761e-09
3.7003e-09
3.0985e-09
2.41008e-09
1.64962e-09
8.37974e-10
)
;

boundaryField
{
    inlet1
    {
        type            calculated;
        value           nonuniform List<scalar> 10(-1e-07 -1e-07 -1e-07 -1e-07 -1e-07 -1e-07 -1e-07 -1e-07 -1e-07 -1e-07);
    }
    inlet2
    {
        type            calculated;
        value           uniform 0;
    }
    inlet3
    {
        type            calculated;
        value           nonuniform List<scalar> 10(-9.13394e-07 -9.13394e-07 -9.13394e-07 -9.13394e-07 -9.13394e-07 -9.13394e-07 -9.13394e-07 -9.13394e-07 -9.13394e-07 -9.13394e-07);
    }
    output1
    {
        type            calculated;
        value           uniform 0;
    }
    output2
    {
        type            calculated;
        value           nonuniform List<scalar> 10(2.2651e-08 1.43247e-08 1.14397e-08 1.02482e-08 9.7558e-09 7.09906e-09 1.64159e-06 2.73227e-06 2.96823e-06 2.71633e-06);
    }
    output3
    {
        type            calculated;
        value           uniform -0;
    }
    up
    {
        type            calculated;
        value           uniform 0;
    }
    down
    {
        type            calculated;
        value           uniform 0;
    }
    emptyWalls
    {
        type            empty;
        value           nonuniform List<scalar> 0();
    }
}


// ************************************************************************* //
