/*--------------------------------*- C++ -*----------------------------------*\
  =========                 |
  \\      /  F ield         | OpenFOAM: The Open Source CFD Toolbox
   \\    /   O peration     | Website:  https://openfoam.org
    \\  /    A nd           | Version:  9
     \\/     M anipulation  |
\*---------------------------------------------------------------------------*/
FoamFile
{
    format      ascii;
    class       volScalarField;
    location    "6500";
    object      Sw;
}
// * * * * * * * * * * * * * * * * * * * * * * * * * * * * * * * * * * * * * //

dimensions      [0 0 0 0 0 0 0];

internalField   nonuniform List<scalar> 
900
(
0.66755
0.546225
0.536763
0.330712
0.150053
0.15
0.15
0.15
0.15
0.15
0.15
0.15
0.15
0.15
0.15
0.15
0.15
0.15
0.15
0.15
0.15
0.15
0.15
0.15
0.15
0.15
0.15
0.15
0.15
0.15
0.686831
0.602981
0.553221
0.285468
0.150006
0.15
0.15
0.15
0.15
0.15
0.15
0.15
0.15
0.15
0.15
0.15
0.15
0.15
0.15
0.15
0.15
0.15
0.15
0.15
0.15
0.15
0.15
0.15
0.15
0.15
0.750677
0.595301
0.542766
0.258854
0.150001
0.15
0.15
0.15
0.15
0.15
0.15
0.15
0.15
0.15
0.15
0.15
0.15
0.15
0.15
0.15
0.15
0.15
0.15
0.15
0.15
0.15
0.15
0.15
0.15
0.15
0.709561
0.582116
0.540041
0.22356
0.15
0.15
0.15
0.15
0.15
0.15
0.15
0.15
0.15
0.15
0.15
0.15
0.15
0.15
0.15
0.15
0.15
0.15
0.15
0.15
0.15
0.15
0.15
0.15
0.15
0.15
0.728676
0.57244
0.549703
0.18082
0.15
0.15
0.15
0.15
0.15
0.15
0.15
0.15
0.15
0.15
0.15
0.15
0.15
0.15
0.15
0.15
0.15
0.15
0.15
0.15
0.15
0.15
0.15
0.15
0.15
0.15
0.695246
0.549929
0.43464
0.151593
0.15
0.15
0.15
0.15
0.15
0.15
0.15
0.15
0.15
0.15
0.15
0.15
0.15
0.15
0.15
0.15
0.15
0.15
0.15
0.15
0.15
0.15
0.15
0.15
0.15
0.15
0.716122
0.548671
0.340469
0.150108
0.15
0.15
0.15
0.15
0.15
0.15
0.15
0.15
0.15
0.15
0.15
0.15
0.15
0.15
0.15
0.15
0.15
0.15
0.15
0.15
0.15
0.15
0.15
0.15
0.15
0.15
0.697393
0.551152
0.293249
0.150011
0.15
0.15
0.15
0.15
0.15
0.15
0.15
0.15
0.15
0.15
0.15
0.15
0.15
0.15
0.15
0.15
0.15
0.15
0.15
0.15
0.15
0.15
0.15
0.15
0.15
0.15
0.723046
0.558859
0.224992
0.15
0.15
0.15
0.15
0.15
0.15
0.15
0.15
0.15
0.15
0.15
0.15
0.15
0.15
0.15
0.15
0.15
0.15
0.15
0.15
0.15
0.15
0.15
0.15
0.15
0.15
0.15
0.714915
0.562409
0.187589
0.15
0.15
0.15
0.15
0.15
0.15
0.15
0.15
0.15
0.15
0.15
0.15
0.15
0.15
0.15
0.15
0.15
0.15
0.15
0.15
0.15
0.15
0.15
0.15
0.15
0.15
0.15
0.747005
0.577968
0.301318
0.150003
0.15
0.15
0.15
0.15
0.15
0.15
0.15
0.15
0.15
0.15
0.15
0.15
0.15
0.15
0.15
0.15
0.15
0.15
0.15
0.15
0.15
0.15
0.15
0.15
0.15
0.15
0.730411
0.586806
0.515324
0.297187
0.150035
0.15
0.15
0.15
0.15
0.15
0.15
0.15
0.15
0.15
0.15
0.15
0.15
0.15
0.15
0.15
0.15
0.15
0.15
0.15
0.15
0.15
0.15
0.15
0.15
0.15
0.782066
0.612287
0.544245
0.504376
0.35798
0.150078
0.15
0.15
0.15
0.15
0.15
0.15
0.15
0.15
0.15
0.15
0.15
0.15
0.15
0.15
0.15
0.15
0.15
0.15
0.15
0.15
0.15
0.15
0.15
0.15
0.775078
0.627896
0.570416
0.553897
0.529291
0.214419
0.15
0.15
0.15
0.15
0.15
0.15
0.15
0.15
0.15
0.15
0.15
0.15
0.15
0.15
0.15
0.15
0.15
0.15
0.15
0.15
0.15
0.15
0.15
0.15
0.871991
0.644441
0.557052
0.530359
0.520942
0.462632
0.153604
0.150001
0.15
0.15
0.15
0.15
0.15
0.15
0.15
0.15
0.15
0.15
0.15
0.15
0.15
0.15
0.15
0.15
0.15
0.15
0.15
0.15
0.15
0.15
0.85251
0.71744
0.653529
0.608352
0.587231
0.553468
0.548283
0.371686
0.150019
0.159048
0.163683
0.167402
0.178494
0.190719
0.201867
0.210183
0.214417
0.21464
0.213167
0.218846
0.223396
0.241156
0.252238
0.277816
0.2849
0.300254
0.319394
0.329248
0.307903
0.220702
0.681856
0.634871
0.623297
0.598959
0.594121
0.576964
0.568838
0.540927
0.534564
0.535789
0.537637
0.539267
0.540652
0.541769
0.542588
0.543133
0.543503
0.543782
0.544034
0.544182
0.54412
0.543671
0.542769
0.541406
0.539851
0.538275
0.537405
0.537199
0.538575
0.539015
0.594691
0.588897
0.584935
0.578947
0.57743
0.573197
0.569163
0.567269
0.56395
0.564167
0.565888
0.567859
0.569611
0.571007
0.571941
0.572398
0.572507
0.572405
0.57237
0.572357
0.572298
0.571834
0.571009
0.569803
0.568539
0.566941
0.565574
0.564223
0.564393
0.565258
0.58924
0.585843
0.585664
0.585631
0.584354
0.583211
0.581871
0.583106
0.583229
0.583723
0.584769
0.585892
0.586625
0.587004
0.5869
0.586347
0.585316
0.583944
0.582752
0.581784
0.581229
0.580166
0.579147
0.578054
0.577313
0.575835
0.57421
0.570378
0.566366
0.562194
0.584397
0.592367
0.598752
0.600761
0.600939
0.600162
0.599936
0.599777
0.599286
0.598114
0.596808
0.595248
0.59324
0.591167
0.588865
0.586822
0.584212
0.58133
0.578455
0.575743
0.574286
0.571942
0.570509
0.569617
0.569412
0.568379
0.567417
0.562707
0.554681
0.538378
0.608624
0.618006
0.61685
0.612649
0.609211
0.605887
0.603939
0.601478
0.599499
0.596536
0.593746
0.589993
0.585875
0.581521
0.576927
0.573998
0.570017
0.566693
0.562299
0.557532
0.553964
0.549634
0.548149
0.547528
0.54783
0.546929
0.547626
0.543409
0.550409
0.546921
0.595929
0.59265
0.592741
0.593155
0.594174
0.594055
0.594857
0.593745
0.59328
0.590738
0.588205
0.582465
0.576651
0.569129
0.561262
0.55589
0.550287
0.548548
0.543057
0.538123
0.51929
0.514652
0.514194
0.513973
0.514064
0.514082
0.515155
0.513388
0.512879
0.237374
0.598502
0.599478
0.601821
0.603229
0.603748
0.602201
0.601379
0.597599
0.595395
0.589848
0.583838
0.572852
0.563272
0.550074
0.539858
0.520069
0.515361
0.516616
0.513388
0.521578
0.230094
0.15
0.15
0.15
0.15
0.15
0.15
0.15
0.15
0.15
0.599186
0.597942
0.597133
0.596798
0.595857
0.594965
0.593852
0.59007
0.588324
0.578834
0.568056
0.551504
0.539045
0.513854
0.516048
0.269619
0.15
0.15
0.15
0.15
0.15
0.15
0.15
0.15
0.15
0.15
0.15
0.15
0.15
0.15
0.599531
0.598457
0.598575
0.598761
0.598639
0.599107
0.596356
0.59328
0.587798
0.568791
0.550119
0.520889
0.515969
0.198874
0.15
0.15
0.15
0.15
0.15
0.15
0.15
0.15
0.15
0.15
0.15
0.15
0.15
0.15
0.15
0.15
0.599975
0.598975
0.59968
0.598379
0.59861
0.596873
0.592514
0.590412
0.574986
0.546058
0.517796
0.22673
0.15
0.15
0.15
0.15
0.15
0.15
0.15
0.15
0.15
0.15
0.15
0.15
0.15
0.15
0.15
0.15
0.15
0.15
0.600274
0.599579
0.600848
0.59885
0.600658
0.595684
0.594528
0.587714
0.557892
0.517867
0.177602
0.15
0.15
0.15
0.15
0.15
0.15
0.15
0.15
0.15
0.15
0.15
0.15
0.15
0.15
0.15
0.15
0.15
0.15
0.15
0.60041
0.60037
0.601708
0.600369
0.60236
0.594843
0.595491
0.572306
0.525092
0.17824
0.15
0.15
0.15
0.15
0.15
0.15
0.15
0.15
0.15
0.15
0.15
0.15
0.15
0.15
0.15
0.15
0.15
0.15
0.15
0.15
0.600454
0.601062
0.602211
0.60237
0.603933
0.597934
0.59553
0.5453
0.219896
0.15
0.15
0.15
0.15
0.15
0.15
0.15
0.15
0.15
0.15
0.15
0.15
0.15
0.15
0.15
0.15
0.15
0.15
0.15
0.15
0.15
0.600358
0.601607
0.602168
0.604053
0.604454
0.605516
0.597561
0.44113
0.150161
0.15
0.15
0.15
0.15
0.15
0.15
0.15
0.15
0.15
0.15
0.15
0.15
0.15
0.15
0.15
0.15
0.15
0.15
0.15
0.15
0.15
)
;

boundaryField
{
    inlet1
    {
        type            fixedValue;
        value           uniform 0.85;
    }
    inlet2
    {
        type            zeroGradient;
    }
    inlet3
    {
        type            fixedValue;
        value           uniform 0.6;
    }
    output1
    {
        type            zeroGradient;
    }
    output2
    {
        type            zeroGradient;
    }
    output3
    {
        type            zeroGradient;
    }
    up
    {
        type            zeroGradient;
    }
    down
    {
        type            zeroGradient;
    }
    emptyWalls
    {
        type            empty;
    }
}


// ************************************************************************* //
