/*--------------------------------*- C++ -*----------------------------------*\
  =========                 |
  \\      /  F ield         | OpenFOAM: The Open Source CFD Toolbox
   \\    /   O peration     | Website:  https://openfoam.org
    \\  /    A nd           | Version:  9
     \\/     M anipulation  |
\*---------------------------------------------------------------------------*/
FoamFile
{
    format      ascii;
    class       volScalarField;
    location    "13000";
    object      alpha;
}
// * * * * * * * * * * * * * * * * * * * * * * * * * * * * * * * * * * * * * //

dimensions      [0 2 -1 0 0 0 0];

internalField   nonuniform List<scalar> 
900
(
-3.51549e-11
-1.69328e-12
-3.68617e-12
-3.76312e-13
-4.04589e-14
-4.0652e-14
-4.0652e-14
-4.0652e-14
-4.0652e-14
-4.0652e-14
-4.0652e-14
-4.0652e-14
-4.0652e-14
-4.0652e-14
-4.0652e-14
-4.0652e-14
-4.0652e-14
-4.0652e-14
-4.0652e-14
-4.0652e-14
-4.0652e-14
-4.0652e-14
-4.0652e-14
-4.0652e-14
-4.0652e-14
-4.0652e-14
-4.0652e-14
-4.0652e-14
-4.0652e-14
-4.0652e-14
-2.1052e-10
-8.30965e-10
-3.15102e-10
-9.31795e-14
-4.06354e-14
-4.0652e-14
-4.0652e-14
-4.0652e-14
-4.0652e-14
-4.0652e-14
-4.0652e-14
-4.0652e-14
-4.0652e-14
-4.0652e-14
-4.0652e-14
-4.0652e-14
-4.0652e-14
-4.0652e-14
-4.0652e-14
-4.0652e-14
-4.0652e-14
-4.0652e-14
-4.0652e-14
-4.0652e-14
-4.0652e-14
-4.0652e-14
-4.0652e-14
-4.0652e-14
-4.0652e-14
-4.0652e-14
-1.43002e-10
-3.62264e-11
-8.14668e-12
-4.33379e-14
-4.06471e-14
-4.0652e-14
-4.0652e-14
-4.0652e-14
-4.0652e-14
-4.0652e-14
-4.0652e-14
-4.0652e-14
-4.0652e-14
-4.0652e-14
-4.0652e-14
-4.0652e-14
-4.0652e-14
-4.0652e-14
-4.0652e-14
-4.0652e-14
-4.0652e-14
-4.0652e-14
-4.0652e-14
-4.0652e-14
-4.0652e-14
-4.0652e-14
-4.0652e-14
-4.0652e-14
-4.0652e-14
-4.0652e-14
-9.04526e-11
-1.62476e-11
-6.47239e-12
-2.71351e-14
-4.06514e-14
-4.0652e-14
-4.0652e-14
-4.0652e-14
-4.0652e-14
-4.0652e-14
-4.0652e-14
-4.0652e-14
-4.0652e-14
-4.0652e-14
-4.0652e-14
-4.0652e-14
-4.0652e-14
-4.0652e-14
-4.0652e-14
-4.0652e-14
-4.0652e-14
-4.0652e-14
-4.0652e-14
-4.0652e-14
-4.0652e-14
-4.0652e-14
-4.0652e-14
-4.0652e-14
-4.0652e-14
-4.0652e-14
-5.89719e-11
-1.50932e-11
-6.84889e-12
-2.8528e-14
-4.0652e-14
-4.0652e-14
-4.0652e-14
-4.0652e-14
-4.0652e-14
-4.0652e-14
-4.0652e-14
-4.0652e-14
-4.0652e-14
-4.0652e-14
-4.0652e-14
-4.0652e-14
-4.0652e-14
-4.0652e-14
-4.0652e-14
-4.0652e-14
-4.0652e-14
-4.0652e-14
-4.0652e-14
-4.0652e-14
-4.0652e-14
-4.0652e-14
-4.0652e-14
-4.0652e-14
-4.0652e-14
-4.0652e-14
-9.53836e-11
-1.7211e-11
-8.29137e-12
-3.6482e-14
-4.0652e-14
-4.0652e-14
-4.0652e-14
-4.0652e-14
-4.0652e-14
-4.0652e-14
-4.0652e-14
-4.0652e-14
-4.0652e-14
-4.0652e-14
-4.0652e-14
-4.0652e-14
-4.0652e-14
-4.0652e-14
-4.0652e-14
-4.0652e-14
-4.0652e-14
-4.0652e-14
-4.0652e-14
-4.0652e-14
-4.0652e-14
-4.0652e-14
-4.0652e-14
-4.0652e-14
-4.0652e-14
-4.0652e-14
-8.04172e-11
-1.76156e-11
-1.18605e-11
-4.02301e-14
-4.0652e-14
-4.0652e-14
-4.0652e-14
-4.0652e-14
-4.0652e-14
-4.0652e-14
-4.0652e-14
-4.0652e-14
-4.0652e-14
-4.0652e-14
-4.0652e-14
-4.0652e-14
-4.0652e-14
-4.0652e-14
-4.0652e-14
-4.0652e-14
-4.0652e-14
-4.0652e-14
-4.0652e-14
-4.0652e-14
-4.0652e-14
-4.0652e-14
-4.0652e-14
-4.0652e-14
-4.0652e-14
-4.0652e-14
-1.55361e-10
-1.47024e-11
-1.75759e-13
-4.06431e-14
-4.0652e-14
-4.0652e-14
-4.0652e-14
-4.0652e-14
-4.0652e-14
-4.0652e-14
-4.0652e-14
-4.0652e-14
-4.0652e-14
-4.0652e-14
-4.0652e-14
-4.0652e-14
-4.0652e-14
-4.0652e-14
-4.0652e-14
-4.0652e-14
-4.0652e-14
-4.0652e-14
-4.0652e-14
-4.0652e-14
-4.0652e-14
-4.0652e-14
-4.0652e-14
-4.0652e-14
-4.0652e-14
-4.0652e-14
-1.43007e-10
-1.1898e-11
-2.65864e-14
-4.06519e-14
-4.0652e-14
-4.0652e-14
-4.0652e-14
-4.0652e-14
-4.0652e-14
-4.0652e-14
-4.0652e-14
-4.0652e-14
-4.0652e-14
-4.0652e-14
-4.0652e-14
-4.0652e-14
-4.0652e-14
-4.0652e-14
-4.0652e-14
-4.0652e-14
-4.0652e-14
-4.0652e-14
-4.0652e-14
-4.0652e-14
-4.0652e-14
-4.0652e-14
-4.0652e-14
-4.0652e-14
-4.0652e-14
-4.0652e-14
-2.66332e-10
-3.25178e-11
-2.8257e-14
-4.0652e-14
-4.0652e-14
-4.0652e-14
-4.0652e-14
-4.0652e-14
-4.0652e-14
-4.0652e-14
-4.0652e-14
-4.0652e-14
-4.0652e-14
-4.0652e-14
-4.0652e-14
-4.0652e-14
-4.0652e-14
-4.0652e-14
-4.0652e-14
-4.0652e-14
-4.0652e-14
-4.0652e-14
-4.0652e-14
-4.0652e-14
-4.0652e-14
-4.0652e-14
-4.0652e-14
-4.0652e-14
-4.0652e-14
-4.0652e-14
-2.97184e-10
-2.1631e-11
-1.62016e-12
-4.02797e-14
-4.0652e-14
-4.0652e-14
-4.0652e-14
-4.0652e-14
-4.0652e-14
-4.0652e-14
-4.0652e-14
-4.0652e-14
-4.0652e-14
-4.0652e-14
-4.0652e-14
-4.0652e-14
-4.0652e-14
-4.0652e-14
-4.0652e-14
-4.0652e-14
-4.0652e-14
-4.0652e-14
-4.0652e-14
-4.0652e-14
-4.0652e-14
-4.0652e-14
-4.0652e-14
-4.0652e-14
-4.0652e-14
-4.0652e-14
-5.66724e-10
-9.52434e-11
-1.16858e-11
-1.69829e-12
-4.0149e-14
-4.06511e-14
-4.0652e-14
-4.0652e-14
-4.0652e-14
-4.0652e-14
-4.0652e-14
-4.0652e-14
-4.0652e-14
-4.0652e-14
-4.0652e-14
-4.0652e-14
-4.0652e-14
-4.0652e-14
-4.0652e-14
-4.0652e-14
-4.0652e-14
-4.0652e-14
-4.0652e-14
-4.0652e-14
-4.0652e-14
-4.0652e-14
-4.0652e-14
-4.0652e-14
-4.0652e-14
-4.0652e-14
-8.99779e-10
-3.17054e-11
-5.00854e-12
-2.32946e-12
-3.53074e-12
-2.24144e-12
-3.97661e-14
-4.0652e-14
-4.0652e-14
-4.0652e-14
-4.0652e-14
-4.0652e-14
-4.0652e-14
-4.0652e-14
-4.0652e-14
-4.0652e-14
-4.0652e-14
-4.0652e-14
-4.0652e-14
-4.0652e-14
-4.0652e-14
-4.0652e-14
-4.0652e-14
-4.0652e-14
-4.0652e-14
-4.0652e-14
-4.0652e-14
-4.0652e-14
-4.0652e-14
-4.0652e-14
-2.53888e-09
-3.47912e-10
-4.94992e-11
-4.77517e-11
-3.21248e-11
-9.55339e-12
-2.65342e-14
-4.06517e-14
-4.06517e-14
-4.06517e-14
-4.06518e-14
-4.06518e-14
-4.0652e-14
-4.0652e-14
-4.0652e-14
-4.0652e-14
-4.0652e-14
-4.0652e-14
-4.0652e-14
-4.0652e-14
-4.0652e-14
-4.0652e-14
-4.0652e-14
-4.0652e-14
-4.0652e-14
-4.0652e-14
-4.0652e-14
-4.0652e-14
-4.0652e-14
-4.0652e-14
-1.0553e-09
-3.69814e-10
-1.38529e-10
-6.82073e-11
-4.80156e-11
-3.1825e-11
-1.34263e-11
-9.68837e-12
-1.0292e-11
-9.46132e-12
-1.17629e-11
-5.25955e-12
-3.66001e-14
-3.71222e-14
-3.56882e-14
-3.50185e-14
-3.46387e-14
-3.44369e-14
-3.43796e-14
-3.42381e-14
-3.3661e-14
-3.28779e-14
-3.20611e-14
-3.1178e-14
-3.0273e-14
-2.93801e-14
-2.84311e-14
-2.83612e-14
-3.05321e-14
-3.64403e-14
-4.96084e-11
-6.2893e-11
-2.78726e-11
-1.49762e-11
-1.84547e-11
-2.08007e-11
-1.98153e-11
-1.60479e-11
-1.62583e-11
-1.50276e-11
-1.44149e-11
-1.07126e-11
-6.84387e-12
-6.43006e-12
-6.78018e-12
-7.10725e-12
-7.32325e-12
-7.46384e-12
-7.57197e-12
-7.67164e-12
-7.7748e-12
-7.87659e-12
-7.97891e-12
-8.06719e-12
-8.1649e-12
-8.26139e-12
-8.43463e-12
-8.6295e-12
-8.92988e-12
-8.9967e-12
-2.72102e-11
-1.80861e-11
-1.82121e-11
-1.43364e-11
-1.46059e-11
-1.59478e-11
-1.83078e-11
-1.74166e-11
-1.661e-11
-1.52465e-11
-1.4066e-11
-1.31574e-11
-1.23915e-11
-1.17168e-11
-1.17509e-11
-1.19655e-11
-1.21577e-11
-1.2307e-11
-1.24441e-11
-1.25818e-11
-1.27355e-11
-1.28786e-11
-1.30223e-11
-1.3109e-11
-1.31968e-11
-1.3203e-11
-1.33063e-11
-1.33836e-11
-1.37767e-11
-1.39304e-11
-1.77109e-11
-1.68649e-11
-1.61537e-11
-1.61566e-11
-1.62973e-11
-1.68058e-11
-1.75326e-11
-1.72326e-11
-1.6124e-11
-1.50904e-11
-1.43427e-11
-1.42751e-11
-1.45105e-11
-1.4358e-11
-1.4327e-11
-1.44862e-11
-1.47343e-11
-1.49975e-11
-1.5244e-11
-1.54649e-11
-1.56534e-11
-1.58086e-11
-1.59063e-11
-1.59207e-11
-1.58338e-11
-1.56084e-11
-1.52586e-11
-1.48235e-11
-1.45632e-11
-1.4612e-11
-1.60867e-11
-1.54768e-11
-1.67953e-11
-1.80375e-11
-1.88138e-11
-1.9246e-11
-1.93812e-11
-1.9072e-11
-1.83991e-11
-1.78091e-11
-1.75287e-11
-1.76407e-11
-1.79149e-11
-1.79878e-11
-1.80009e-11
-1.80697e-11
-1.81918e-11
-1.82779e-11
-1.83001e-11
-1.82285e-11
-1.80792e-11
-1.78865e-11
-1.76339e-11
-1.73185e-11
-1.68711e-11
-1.62663e-11
-1.54006e-11
-1.4241e-11
-1.27281e-11
-1.16568e-11
-1.55793e-11
-1.84782e-11
-2.11418e-11
-2.25489e-11
-2.30477e-11
-2.2919e-11
-2.25627e-11
-2.20631e-11
-2.15426e-11
-2.10849e-11
-2.08211e-11
-2.06845e-11
-2.05686e-11
-2.03507e-11
-2.0048e-11
-1.96919e-11
-1.93358e-11
-1.88799e-11
-1.83919e-11
-1.77883e-11
-1.71676e-11
-1.65118e-11
-1.58874e-11
-1.53118e-11
-1.46526e-11
-1.38784e-11
-1.30093e-11
-1.19445e-11
-9.85051e-12
-7.89961e-12
-2.26796e-11
-2.69776e-11
-2.69285e-11
-2.54641e-11
-2.41214e-11
-2.29162e-11
-2.20495e-11
-2.13114e-11
-2.08068e-11
-2.03498e-11
-2.0018e-11
-1.97039e-11
-1.94008e-11
-1.90941e-11
-1.87129e-11
-1.82857e-11
-1.77569e-11
-1.70574e-11
-1.63218e-11
-1.54409e-11
-1.46774e-11
-1.3733e-11
-1.29068e-11
-1.22693e-11
-1.16304e-11
-1.07991e-11
-1.04271e-11
-9.40658e-12
-1.08477e-11
-1.22372e-11
-1.84169e-11
-1.746e-11
-1.74465e-11
-1.75952e-11
-1.78792e-11
-1.80284e-11
-1.83342e-11
-1.84343e-11
-1.8723e-11
-1.87532e-11
-1.89148e-11
-1.88298e-11
-1.8752e-11
-1.851e-11
-1.80819e-11
-1.75494e-11
-1.66696e-11
-1.56595e-11
-1.44665e-11
-1.32058e-11
-1.23379e-11
-1.10036e-11
-9.86361e-12
-9.01307e-12
-8.20768e-12
-7.80964e-12
-7.46007e-12
-6.9337e-12
-5.90992e-12
-2.177e-12
-1.91248e-11
-1.96217e-11
-2.0689e-11
-2.15549e-11
-2.21146e-11
-2.21629e-11
-2.21978e-11
-2.17701e-11
-2.16061e-11
-2.09085e-11
-2.06057e-11
-1.97426e-11
-1.92355e-11
-1.82688e-11
-1.73486e-11
-1.61044e-11
-1.44735e-11
-1.31343e-11
-1.13868e-11
-9.924e-12
-8.96447e-12
-7.49578e-12
-6.67183e-12
-4.7116e-12
-4.20386e-12
-4.15991e-12
-4.04848e-12
-3.86743e-12
-2.74429e-12
-3.78174e-14
-1.93142e-11
-1.90854e-11
-1.89435e-11
-1.89168e-11
-1.88435e-11
-1.87296e-11
-1.86281e-11
-1.83757e-11
-1.83553e-11
-1.79544e-11
-1.80634e-11
-1.74342e-11
-1.73965e-11
-1.63166e-11
-1.54771e-11
-1.33157e-11
-1.12254e-11
-9.67224e-12
-7.86831e-12
-6.92177e-12
-4.9004e-12
-4.03808e-12
-4.70864e-12
-1.97452e-13
-4.06446e-14
-4.0652e-14
-4.0652e-14
-4.0652e-14
-4.0652e-14
-4.0652e-14
-1.93479e-11
-1.91905e-11
-1.91495e-11
-1.93777e-11
-1.95747e-11
-1.9896e-11
-2.00277e-11
-2.0158e-11
-2.0148e-11
-1.98619e-11
-1.97321e-11
-1.87123e-11
-1.81926e-11
-1.6199e-11
-1.43182e-11
-1.04131e-11
-8.13567e-12
-5.34936e-12
-4.39404e-12
-5.06387e-12
-2.99604e-13
-4.0637e-14
-4.0652e-14
-4.0652e-14
-4.0652e-14
-4.0652e-14
-4.0652e-14
-4.0652e-14
-4.0652e-14
-4.0652e-14
-1.93983e-11
-1.93211e-11
-1.92241e-11
-1.93574e-11
-1.93359e-11
-1.95909e-11
-1.94341e-11
-1.96076e-11
-1.91094e-11
-1.89121e-11
-1.81481e-11
-1.71293e-11
-1.62593e-11
-1.36421e-11
-1.03567e-11
-6.03976e-12
-4.7443e-12
-2.1543e-13
-4.06439e-14
-4.0652e-14
-4.0652e-14
-4.0652e-14
-4.0652e-14
-4.0652e-14
-4.0652e-14
-4.0652e-14
-4.0652e-14
-4.0652e-14
-4.0652e-14
-4.0652e-14
-1.94398e-11
-1.94028e-11
-1.93162e-11
-1.94364e-11
-1.93991e-11
-1.97242e-11
-1.95927e-11
-2.0061e-11
-1.94818e-11
-1.98102e-11
-1.8406e-11
-1.77151e-11
-1.58253e-11
-1.12691e-11
-6.13877e-12
-2.20114e-12
-3.98178e-14
-4.0652e-14
-4.0652e-14
-4.0652e-14
-4.0652e-14
-4.0652e-14
-4.0652e-14
-4.0652e-14
-4.0652e-14
-4.0652e-14
-4.0652e-14
-4.0652e-14
-4.0652e-14
-4.0652e-14
-1.94685e-11
-1.94566e-11
-1.93998e-11
-1.95075e-11
-1.94862e-11
-1.98045e-11
-1.97269e-11
-2.03162e-11
-1.975e-11
-2.03906e-11
-1.7921e-11
-1.75783e-11
-1.27976e-11
-6.39673e-12
-2.73396e-14
-4.0652e-14
-4.0652e-14
-4.0652e-14
-4.0652e-14
-4.0652e-14
-4.0652e-14
-4.0652e-14
-4.0652e-14
-4.0652e-14
-4.0652e-14
-4.0652e-14
-4.0652e-14
-4.0652e-14
-4.0652e-14
-4.0652e-14
-1.94883e-11
-1.94863e-11
-1.94625e-11
-1.95499e-11
-1.95742e-11
-1.98469e-11
-1.99011e-11
-2.04901e-11
-2.03166e-11
-2.12348e-11
-1.88212e-11
-1.8525e-11
-8.32461e-12
-2.79226e-14
-4.0652e-14
-4.0652e-14
-4.0652e-14
-4.0652e-14
-4.0652e-14
-4.0652e-14
-4.0652e-14
-4.0652e-14
-4.0652e-14
-4.0652e-14
-4.0652e-14
-4.0652e-14
-4.0652e-14
-4.0652e-14
-4.0652e-14
-4.0652e-14
-1.95042e-11
-1.94897e-11
-1.95098e-11
-1.95476e-11
-1.96598e-11
-1.98116e-11
-2.00899e-11
-2.04263e-11
-2.09187e-11
-2.14366e-11
-2.15078e-11
-2.02784e-11
-8.40881e-13
-4.06318e-14
-4.0652e-14
-4.0652e-14
-4.0652e-14
-4.0652e-14
-4.0652e-14
-4.0652e-14
-4.0652e-14
-4.0652e-14
-4.0652e-14
-4.0652e-14
-4.0652e-14
-4.0652e-14
-4.0652e-14
-4.0652e-14
-4.0652e-14
-4.0652e-14
)
;

boundaryField
{
    inlet1
    {
        type            calculated;
        value           uniform -5e-10;
    }
    inlet2
    {
        type            calculated;
        value           nonuniform List<scalar> 10(-2.97184e-10 -5.66724e-10 -8.99779e-10 -2.53888e-09 -1.0553e-09 -4.96084e-11 -2.72102e-11 -1.77109e-11 -1.60867e-11 -1.55793e-11);
    }
    inlet3
    {
        type            calculated;
        value           uniform -1.95111e-11;
    }
    output1
    {
        type            calculated;
        value           nonuniform List<scalar> 10(-4.0652e-14 -4.0652e-14 -4.0652e-14 -4.0652e-14 -4.0652e-14 -4.0652e-14 -4.0652e-14 -4.0652e-14 -4.0652e-14 -4.0652e-14);
    }
    output2
    {
        type            calculated;
        value           nonuniform List<scalar> 10(-4.0652e-14 -4.0652e-14 -4.0652e-14 -4.0652e-14 -3.64403e-14 -8.9967e-12 -1.39304e-11 -1.4612e-11 -1.16568e-11 -7.89961e-12);
    }
    output3
    {
        type            calculated;
        value           nonuniform List<scalar> 10(-1.22372e-11 -2.177e-12 -3.78174e-14 -4.0652e-14 -4.0652e-14 -4.0652e-14 -4.0652e-14 -4.0652e-14 -4.0652e-14 -4.0652e-14);
    }
    up
    {
        type            calculated;
        value           nonuniform List<scalar> 
30
(
-1.95042e-11
-1.94897e-11
-1.95098e-11
-1.95476e-11
-1.96598e-11
-1.98116e-11
-2.00899e-11
-2.04263e-11
-2.09187e-11
-2.14366e-11
-2.15078e-11
-2.02784e-11
-8.40881e-13
-4.06318e-14
-4.0652e-14
-4.0652e-14
-4.0652e-14
-4.0652e-14
-4.0652e-14
-4.0652e-14
-4.0652e-14
-4.0652e-14
-4.0652e-14
-4.0652e-14
-4.0652e-14
-4.0652e-14
-4.0652e-14
-4.0652e-14
-4.0652e-14
-4.0652e-14
)
;
    }
    down
    {
        type            calculated;
        value           nonuniform List<scalar> 
30
(
-3.51549e-11
-1.69328e-12
-3.68617e-12
-3.76312e-13
-4.04589e-14
-4.0652e-14
-4.0652e-14
-4.0652e-14
-4.0652e-14
-4.0652e-14
-4.0652e-14
-4.0652e-14
-4.0652e-14
-4.0652e-14
-4.0652e-14
-4.0652e-14
-4.0652e-14
-4.0652e-14
-4.0652e-14
-4.0652e-14
-4.0652e-14
-4.0652e-14
-4.0652e-14
-4.0652e-14
-4.0652e-14
-4.0652e-14
-4.0652e-14
-4.0652e-14
-4.0652e-14
-4.0652e-14
)
;
    }
    emptyWalls
    {
        type            empty;
    }
}


// ************************************************************************* //
