/*--------------------------------*- C++ -*----------------------------------*\
  =========                 |
  \\      /  F ield         | OpenFOAM: The Open Source CFD Toolbox
   \\    /   O peration     | Website:  https://openfoam.org
    \\  /    A nd           | Version:  9
     \\/     M anipulation  |
\*---------------------------------------------------------------------------*/
FoamFile
{
    format      ascii;
    class       volScalarField;
    location    "5500";
    object      alpha;
}
// * * * * * * * * * * * * * * * * * * * * * * * * * * * * * * * * * * * * * //

dimensions      [0 2 -1 0 0 0 0];

internalField   nonuniform List<scalar> 
900
(
-3.53448e-11
-8.61743e-12
-7.04838e-12
-4.18384e-14
-4.06473e-14
-4.0652e-14
-4.0652e-14
-4.0652e-14
-4.0652e-14
-4.0652e-14
-4.0652e-14
-4.0652e-14
-4.0652e-14
-4.0652e-14
-4.0652e-14
-4.0652e-14
-4.0652e-14
-4.0652e-14
-4.0652e-14
-4.0652e-14
-4.0652e-14
-4.0652e-14
-4.0652e-14
-4.0652e-14
-4.0652e-14
-4.0652e-14
-4.0652e-14
-4.0652e-14
-4.0652e-14
-4.0652e-14
-1.55094e-10
-1.93868e-11
-8.08895e-12
-2.67335e-14
-4.06515e-14
-4.0652e-14
-4.0652e-14
-4.0652e-14
-4.0652e-14
-4.0652e-14
-4.0652e-14
-4.0652e-14
-4.0652e-14
-4.0652e-14
-4.0652e-14
-4.0652e-14
-4.0652e-14
-4.0652e-14
-4.0652e-14
-4.0652e-14
-4.0652e-14
-4.0652e-14
-4.0652e-14
-4.0652e-14
-4.0652e-14
-4.0652e-14
-4.0652e-14
-4.0652e-14
-4.0652e-14
-4.0652e-14
-8.37092e-11
-1.26146e-11
-6.80429e-12
-2.70524e-14
-4.06519e-14
-4.0652e-14
-4.0652e-14
-4.0652e-14
-4.0652e-14
-4.0652e-14
-4.0652e-14
-4.0652e-14
-4.0652e-14
-4.0652e-14
-4.0652e-14
-4.0652e-14
-4.0652e-14
-4.0652e-14
-4.0652e-14
-4.0652e-14
-4.0652e-14
-4.0652e-14
-4.0652e-14
-4.0652e-14
-4.0652e-14
-4.0652e-14
-4.0652e-14
-4.0652e-14
-4.0652e-14
-4.0652e-14
-1.13757e-10
-1.192e-11
-7.24813e-12
-3.09197e-14
-4.0652e-14
-4.0652e-14
-4.0652e-14
-4.0652e-14
-4.0652e-14
-4.0652e-14
-4.0652e-14
-4.0652e-14
-4.0652e-14
-4.0652e-14
-4.0652e-14
-4.0652e-14
-4.0652e-14
-4.0652e-14
-4.0652e-14
-4.0652e-14
-4.0652e-14
-4.0652e-14
-4.0652e-14
-4.0652e-14
-4.0652e-14
-4.0652e-14
-4.0652e-14
-4.0652e-14
-4.0652e-14
-4.0652e-14
-7.50738e-11
-9.03622e-12
-6.17088e-12
-3.72032e-14
-4.0652e-14
-4.0652e-14
-4.0652e-14
-4.0652e-14
-4.0652e-14
-4.0652e-14
-4.0652e-14
-4.0652e-14
-4.0652e-14
-4.0652e-14
-4.0652e-14
-4.0652e-14
-4.0652e-14
-4.0652e-14
-4.0652e-14
-4.0652e-14
-4.0652e-14
-4.0652e-14
-4.0652e-14
-4.0652e-14
-4.0652e-14
-4.0652e-14
-4.0652e-14
-4.0652e-14
-4.0652e-14
-4.0652e-14
-8.65404e-11
-7.08355e-12
-3.66122e-13
-4.05081e-14
-4.0652e-14
-4.0652e-14
-4.0652e-14
-4.0652e-14
-4.0652e-14
-4.0652e-14
-4.0652e-14
-4.0652e-14
-4.0652e-14
-4.0652e-14
-4.0652e-14
-4.0652e-14
-4.0652e-14
-4.0652e-14
-4.0652e-14
-4.0652e-14
-4.0652e-14
-4.0652e-14
-4.0652e-14
-4.0652e-14
-4.0652e-14
-4.0652e-14
-4.0652e-14
-4.0652e-14
-4.0652e-14
-4.0652e-14
-7.16701e-11
-7.24897e-12
-6.31602e-14
-4.06383e-14
-4.0652e-14
-4.0652e-14
-4.0652e-14
-4.0652e-14
-4.0652e-14
-4.0652e-14
-4.0652e-14
-4.0652e-14
-4.0652e-14
-4.0652e-14
-4.0652e-14
-4.0652e-14
-4.0652e-14
-4.0652e-14
-4.0652e-14
-4.0652e-14
-4.0652e-14
-4.0652e-14
-4.0652e-14
-4.0652e-14
-4.0652e-14
-4.0652e-14
-4.0652e-14
-4.0652e-14
-4.0652e-14
-4.0652e-14
-8.32116e-11
-8.13525e-12
-2.85808e-14
-4.06508e-14
-4.0652e-14
-4.0652e-14
-4.0652e-14
-4.0652e-14
-4.0652e-14
-4.0652e-14
-4.0652e-14
-4.0652e-14
-4.0652e-14
-4.0652e-14
-4.0652e-14
-4.0652e-14
-4.0652e-14
-4.0652e-14
-4.0652e-14
-4.0652e-14
-4.0652e-14
-4.0652e-14
-4.0652e-14
-4.0652e-14
-4.0652e-14
-4.0652e-14
-4.0652e-14
-4.0652e-14
-4.0652e-14
-4.0652e-14
-8.01014e-11
-8.83301e-12
-3.01014e-14
-4.0652e-14
-4.0652e-14
-4.0652e-14
-4.0652e-14
-4.0652e-14
-4.0652e-14
-4.0652e-14
-4.0652e-14
-4.0652e-14
-4.0652e-14
-4.0652e-14
-4.0652e-14
-4.0652e-14
-4.0652e-14
-4.0652e-14
-4.0652e-14
-4.0652e-14
-4.0652e-14
-4.0652e-14
-4.0652e-14
-4.0652e-14
-4.0652e-14
-4.0652e-14
-4.0652e-14
-4.0652e-14
-4.0652e-14
-4.0652e-14
-9.86213e-11
-9.71095e-12
-3.56197e-14
-4.0652e-14
-4.0652e-14
-4.0652e-14
-4.0652e-14
-4.0652e-14
-4.0652e-14
-4.0652e-14
-4.0652e-14
-4.0652e-14
-4.0652e-14
-4.0652e-14
-4.0652e-14
-4.0652e-14
-4.0652e-14
-4.0652e-14
-4.0652e-14
-4.0652e-14
-4.0652e-14
-4.0652e-14
-4.0652e-14
-4.0652e-14
-4.0652e-14
-4.0652e-14
-4.0652e-14
-4.0652e-14
-4.0652e-14
-4.0652e-14
-1.06425e-10
-1.1711e-11
-2.64885e-14
-4.06519e-14
-4.0652e-14
-4.0652e-14
-4.0652e-14
-4.0652e-14
-4.0652e-14
-4.0652e-14
-4.0652e-14
-4.0652e-14
-4.0652e-14
-4.0652e-14
-4.0652e-14
-4.0652e-14
-4.0652e-14
-4.0652e-14
-4.0652e-14
-4.0652e-14
-4.0652e-14
-4.0652e-14
-4.0652e-14
-4.0652e-14
-4.0652e-14
-4.0652e-14
-4.0652e-14
-4.0652e-14
-4.0652e-14
-4.0652e-14
-1.10733e-10
-1.45418e-11
-4.16414e-12
-2.67893e-14
-4.065e-14
-4.0652e-14
-4.0652e-14
-4.0652e-14
-4.0652e-14
-4.0652e-14
-4.0652e-14
-4.0652e-14
-4.0652e-14
-4.0652e-14
-4.0652e-14
-4.0652e-14
-4.0652e-14
-4.0652e-14
-4.0652e-14
-4.0652e-14
-4.0652e-14
-4.0652e-14
-4.0652e-14
-4.0652e-14
-4.0652e-14
-4.0652e-14
-4.0652e-14
-4.0652e-14
-4.0652e-14
-4.0652e-14
-1.36249e-10
-1.70637e-11
-6.41402e-12
-3.25539e-12
-5.33733e-14
-4.06474e-14
-4.0652e-14
-4.0652e-14
-4.0652e-14
-4.0652e-14
-4.0652e-14
-4.0652e-14
-4.0652e-14
-4.0652e-14
-4.0652e-14
-4.0652e-14
-4.0652e-14
-4.0652e-14
-4.0652e-14
-4.0652e-14
-4.0652e-14
-4.0652e-14
-4.0652e-14
-4.0652e-14
-4.0652e-14
-4.0652e-14
-4.0652e-14
-4.0652e-14
-4.0652e-14
-4.0652e-14
-1.55465e-10
-2.47134e-11
-1.01961e-11
-6.92754e-12
-3.13016e-12
-3.70217e-14
-4.0652e-14
-4.0652e-14
-4.0652e-14
-4.0652e-14
-4.0652e-14
-4.0652e-14
-4.0652e-14
-4.0652e-14
-4.0652e-14
-4.0652e-14
-4.0652e-14
-4.0652e-14
-4.0652e-14
-4.0652e-14
-4.0652e-14
-4.0652e-14
-4.0652e-14
-4.0652e-14
-4.0652e-14
-4.0652e-14
-4.0652e-14
-4.0652e-14
-4.0652e-14
-4.0652e-14
-2.3375e-10
-2.15536e-11
-9.6952e-12
-6.56447e-12
-5.54757e-12
-4.76809e-14
-4.06514e-14
-4.0652e-14
-4.0652e-14
-4.0652e-14
-4.0652e-14
-4.0652e-14
-4.0652e-14
-4.0652e-14
-4.0652e-14
-4.0652e-14
-4.0652e-14
-4.0652e-14
-4.0652e-14
-4.0652e-14
-4.0652e-14
-4.0652e-14
-4.0652e-14
-4.0652e-14
-4.0652e-14
-4.0652e-14
-4.0652e-14
-4.0652e-14
-4.0652e-14
-4.0652e-14
-2.97712e-10
-6.25157e-11
-2.34561e-11
-1.28945e-11
-8.64089e-12
-5.9855e-12
-1.21483e-13
-4.06495e-14
-4.06516e-14
-4.06516e-14
-4.06516e-14
-4.04361e-14
-3.9034e-14
-3.73663e-14
-3.58524e-14
-3.47334e-14
-3.41542e-14
-3.40331e-14
-3.39716e-14
-3.26825e-14
-3.15143e-14
-2.88282e-14
-2.75882e-14
-2.64629e-14
-2.64688e-14
-2.65779e-14
-2.68972e-14
-2.68124e-14
-2.67363e-14
-3.35554e-14
-7.93864e-11
-4.30713e-11
-2.47425e-11
-1.81988e-11
-1.34125e-11
-1.0822e-11
-7.12934e-12
-5.72597e-12
-6.89211e-12
-2.29226e-12
-6.67281e-14
-1.50033e-12
-2.49104e-12
-3.17679e-12
-3.6992e-12
-4.11746e-12
-4.46394e-12
-4.74856e-12
-4.97203e-12
-5.1268e-12
-5.21071e-12
-5.24173e-12
-5.24933e-12
-5.26623e-12
-5.32072e-12
-5.43005e-12
-5.59498e-12
-5.80248e-12
-6.06875e-12
-6.21825e-12
-1.79735e-11
-1.6135e-11
-1.46424e-11
-1.32969e-11
-1.25326e-11
-1.13898e-11
-1.12147e-11
-9.51287e-12
-8.76517e-12
-6.63358e-12
-6.16159e-12
-6.95956e-12
-7.94544e-12
-8.70001e-12
-9.22861e-12
-9.60544e-12
-9.90911e-12
-1.01632e-11
-1.03635e-11
-1.04675e-11
-1.04774e-11
-1.0439e-11
-1.03823e-11
-1.03335e-11
-1.03008e-11
-1.0325e-11
-1.03573e-11
-1.04016e-11
-1.0379e-11
-1.04891e-11
-1.63351e-11
-1.43459e-11
-1.43307e-11
-1.4034e-11
-1.38828e-11
-1.34758e-11
-1.33308e-11
-1.25557e-11
-1.17347e-11
-1.15995e-11
-1.20641e-11
-1.2309e-11
-1.2761e-11
-1.31437e-11
-1.33004e-11
-1.32729e-11
-1.32005e-11
-1.31438e-11
-1.31281e-11
-1.29682e-11
-1.27569e-11
-1.25789e-11
-1.24286e-11
-1.22697e-11
-1.20473e-11
-1.18058e-11
-1.14636e-11
-1.11502e-11
-1.02439e-11
-9.58948e-12
-1.50023e-11
-1.65872e-11
-1.82827e-11
-1.86846e-11
-1.86881e-11
-1.83057e-11
-1.78492e-11
-1.72905e-11
-1.68478e-11
-1.70672e-11
-1.70589e-11
-1.6668e-11
-1.6164e-11
-1.57588e-11
-1.51991e-11
-1.45346e-11
-1.38399e-11
-1.32026e-11
-1.28368e-11
-1.22514e-11
-1.18267e-11
-1.15627e-11
-1.13843e-11
-1.11815e-11
-1.08712e-11
-1.0341e-11
-9.5449e-12
-9.08433e-12
-7.63879e-12
-6.10927e-12
-2.22592e-11
-2.53229e-11
-2.49603e-11
-2.31247e-11
-2.19779e-11
-2.04779e-11
-1.97239e-11
-1.87324e-11
-1.83614e-11
-1.78287e-11
-1.70388e-11
-1.58796e-11
-1.45384e-11
-1.36349e-11
-1.26564e-11
-1.18481e-11
-1.08533e-11
-9.90953e-12
-9.2013e-12
-8.39766e-12
-8.04753e-12
-7.83762e-12
-7.73235e-12
-7.54775e-12
-7.49583e-12
-6.83409e-12
-6.32401e-12
-4.65897e-12
-4.88108e-12
-8.07271e-12
-1.8236e-11
-1.73205e-11
-1.73535e-11
-1.72849e-11
-1.74582e-11
-1.71189e-11
-1.7399e-11
-1.67897e-11
-1.69156e-11
-1.58089e-11
-1.47931e-11
-1.29971e-11
-1.12571e-11
-1.00039e-11
-8.96539e-12
-8.58038e-12
-7.69514e-12
-7.0756e-12
-4.87304e-12
-4.40689e-12
-4.31452e-12
-4.2154e-12
-4.14664e-12
-4.05056e-12
-4.15833e-12
-3.86874e-12
-4.65873e-12
-2.66579e-14
-4.0652e-14
-4.0652e-14
-1.90264e-11
-1.91509e-11
-1.97356e-11
-2.00187e-11
-1.99223e-11
-1.94942e-11
-1.90459e-11
-1.77927e-11
-1.72156e-11
-1.45193e-11
-1.266e-11
-9.75046e-12
-8.02308e-12
-5.60703e-12
-4.70519e-12
-4.79364e-12
-4.54653e-12
-5.49266e-12
-2.64608e-14
-4.05757e-14
-4.06489e-14
-4.0652e-14
-4.0652e-14
-4.0652e-14
-4.0652e-14
-4.0652e-14
-4.0652e-14
-4.0652e-14
-4.0652e-14
-4.0652e-14
-1.92233e-11
-1.86871e-11
-1.85565e-11
-1.8244e-11
-1.80515e-11
-1.78549e-11
-1.69843e-11
-1.63326e-11
-1.47004e-11
-1.10047e-11
-8.63069e-12
-5.00775e-12
-4.81162e-12
-7.2591e-13
-4.05535e-14
-4.0652e-14
-4.0652e-14
-4.0652e-14
-4.0652e-14
-4.0652e-14
-4.0652e-14
-4.0652e-14
-4.0652e-14
-4.0652e-14
-4.0652e-14
-4.0652e-14
-4.0652e-14
-4.0652e-14
-4.0652e-14
-4.0652e-14
-1.93124e-11
-1.89e-11
-1.90675e-11
-1.8678e-11
-1.9153e-11
-1.84e-11
-1.76291e-11
-1.66169e-11
-1.25016e-11
-8.20493e-12
-5.27035e-12
-4.38987e-13
-4.06179e-14
-4.0652e-14
-4.0652e-14
-4.0652e-14
-4.0652e-14
-4.0652e-14
-4.0652e-14
-4.0652e-14
-4.0652e-14
-4.0652e-14
-4.0652e-14
-4.0652e-14
-4.0652e-14
-4.0652e-14
-4.0652e-14
-4.0652e-14
-4.0652e-14
-4.0652e-14
-1.93896e-11
-1.92423e-11
-1.92796e-11
-1.87813e-11
-1.91422e-11
-1.72937e-11
-1.72437e-11
-1.4016e-11
-8.28422e-12
-4.51247e-12
-3.33935e-14
-4.0652e-14
-4.0652e-14
-4.0652e-14
-4.0652e-14
-4.0652e-14
-4.0652e-14
-4.0652e-14
-4.0652e-14
-4.0652e-14
-4.0652e-14
-4.0652e-14
-4.0652e-14
-4.0652e-14
-4.0652e-14
-4.0652e-14
-4.0652e-14
-4.0652e-14
-4.0652e-14
-4.0652e-14
-1.94724e-11
-1.96024e-11
-1.95027e-11
-1.93795e-11
-1.91838e-11
-1.72978e-11
-1.72356e-11
-1.06855e-11
-4.92059e-12
-3.60981e-14
-4.0652e-14
-4.0652e-14
-4.0652e-14
-4.0652e-14
-4.0652e-14
-4.0652e-14
-4.0652e-14
-4.0652e-14
-4.0652e-14
-4.0652e-14
-4.0652e-14
-4.0652e-14
-4.0652e-14
-4.0652e-14
-4.0652e-14
-4.0652e-14
-4.0652e-14
-4.0652e-14
-4.0652e-14
-4.0652e-14
-1.95733e-11
-1.98907e-11
-1.98516e-11
-2.00807e-11
-1.92773e-11
-1.76977e-11
-1.54549e-11
-6.1083e-12
-3.31982e-14
-4.0652e-14
-4.0652e-14
-4.0652e-14
-4.0652e-14
-4.0652e-14
-4.0652e-14
-4.0652e-14
-4.0652e-14
-4.0652e-14
-4.0652e-14
-4.0652e-14
-4.0652e-14
-4.0652e-14
-4.0652e-14
-4.0652e-14
-4.0652e-14
-4.0652e-14
-4.0652e-14
-4.0652e-14
-4.0652e-14
-4.0652e-14
-1.96607e-11
-2.00814e-11
-2.02304e-11
-2.07043e-11
-1.99261e-11
-1.88244e-11
-1.35085e-11
-3.0351e-14
-4.0652e-14
-4.0652e-14
-4.0652e-14
-4.0652e-14
-4.0652e-14
-4.0652e-14
-4.0652e-14
-4.0652e-14
-4.0652e-14
-4.0652e-14
-4.0652e-14
-4.0652e-14
-4.0652e-14
-4.0652e-14
-4.0652e-14
-4.0652e-14
-4.0652e-14
-4.0652e-14
-4.0652e-14
-4.0652e-14
-4.0652e-14
-4.0652e-14
-1.97135e-11
-2.01771e-11
-2.04518e-11
-2.1128e-11
-2.06554e-11
-2.09038e-11
-9.89602e-12
-3.63924e-14
-4.0652e-14
-4.0652e-14
-4.0652e-14
-4.0652e-14
-4.0652e-14
-4.0652e-14
-4.0652e-14
-4.0652e-14
-4.0652e-14
-4.0652e-14
-4.0652e-14
-4.0652e-14
-4.0652e-14
-4.0652e-14
-4.0652e-14
-4.0652e-14
-4.0652e-14
-4.0652e-14
-4.0652e-14
-4.0652e-14
-4.0652e-14
-4.0652e-14
)
;

boundaryField
{
    inlet1
    {
        type            calculated;
        value           uniform -5e-10;
    }
    inlet2
    {
        type            calculated;
        value           nonuniform List<scalar> 10(-1.06425e-10 -1.10733e-10 -1.36249e-10 -1.55465e-10 -2.3375e-10 -2.97712e-10 -7.93864e-11 -1.79735e-11 -1.63351e-11 -1.50023e-11);
    }
    inlet3
    {
        type            calculated;
        value           uniform -1.95111e-11;
    }
    output1
    {
        type            calculated;
        value           nonuniform List<scalar> 10(-4.0652e-14 -4.0652e-14 -4.0652e-14 -4.0652e-14 -4.0652e-14 -4.0652e-14 -4.0652e-14 -4.0652e-14 -4.0652e-14 -4.0652e-14);
    }
    output2
    {
        type            calculated;
        value           nonuniform List<scalar> 10(-4.0652e-14 -4.0652e-14 -4.0652e-14 -4.0652e-14 -4.0652e-14 -3.35554e-14 -6.21825e-12 -1.04891e-11 -9.58948e-12 -6.10927e-12);
    }
    output3
    {
        type            calculated;
        value           nonuniform List<scalar> 10(-8.07271e-12 -4.0652e-14 -4.0652e-14 -4.0652e-14 -4.0652e-14 -4.0652e-14 -4.0652e-14 -4.0652e-14 -4.0652e-14 -4.0652e-14);
    }
    up
    {
        type            calculated;
        value           nonuniform List<scalar> 
30
(
-1.97135e-11
-2.01771e-11
-2.04518e-11
-2.1128e-11
-2.06554e-11
-2.09038e-11
-9.89602e-12
-3.63924e-14
-4.0652e-14
-4.0652e-14
-4.0652e-14
-4.0652e-14
-4.0652e-14
-4.0652e-14
-4.0652e-14
-4.0652e-14
-4.0652e-14
-4.0652e-14
-4.0652e-14
-4.0652e-14
-4.0652e-14
-4.0652e-14
-4.0652e-14
-4.0652e-14
-4.0652e-14
-4.0652e-14
-4.0652e-14
-4.0652e-14
-4.0652e-14
-4.0652e-14
)
;
    }
    down
    {
        type            calculated;
        value           nonuniform List<scalar> 
30
(
-3.53448e-11
-8.61743e-12
-7.04838e-12
-4.18384e-14
-4.06473e-14
-4.0652e-14
-4.0652e-14
-4.0652e-14
-4.0652e-14
-4.0652e-14
-4.0652e-14
-4.0652e-14
-4.0652e-14
-4.0652e-14
-4.0652e-14
-4.0652e-14
-4.0652e-14
-4.0652e-14
-4.0652e-14
-4.0652e-14
-4.0652e-14
-4.0652e-14
-4.0652e-14
-4.0652e-14
-4.0652e-14
-4.0652e-14
-4.0652e-14
-4.0652e-14
-4.0652e-14
-4.0652e-14
)
;
    }
    emptyWalls
    {
        type            empty;
    }
}


// ************************************************************************* //
