/*--------------------------------*- C++ -*----------------------------------*\
  =========                 |
  \\      /  F ield         | OpenFOAM: The Open Source CFD Toolbox
   \\    /   O peration     | Website:  https://openfoam.org
    \\  /    A nd           | Version:  9
     \\/     M anipulation  |
\*---------------------------------------------------------------------------*/
FoamFile
{
    format      ascii;
    class       volScalarField;
    location    "5500";
    object      p;
}
// * * * * * * * * * * * * * * * * * * * * * * * * * * * * * * * * * * * * * //

dimensions      [0 0 0 0 0 0 0];

internalField   nonuniform List<scalar> 
900
(
4.26039e+07
4.2597e+07
4.25868e+07
4.25721e+07
4.13108e+07
4.01078e+07
3.8933e+07
3.77705e+07
3.66137e+07
3.5459e+07
3.43045e+07
3.31494e+07
3.19938e+07
3.08389e+07
2.96866e+07
2.85401e+07
2.74031e+07
2.62807e+07
2.51788e+07
2.41047e+07
2.30668e+07
2.2075e+07
2.11402e+07
2.02753e+07
1.94938e+07
1.88105e+07
1.82402e+07
1.77972e+07
1.7494e+07
1.73399e+07
4.2595e+07
4.25919e+07
4.2583e+07
4.25718e+07
4.12342e+07
4.00796e+07
3.89207e+07
3.77648e+07
3.66115e+07
3.54588e+07
3.43052e+07
3.31499e+07
3.19932e+07
3.08362e+07
2.9681e+07
2.85305e+07
2.73886e+07
2.62601e+07
2.51511e+07
2.40685e+07
2.30209e+07
2.20178e+07
2.10705e+07
2.01918e+07
1.93957e+07
1.86975e+07
1.81129e+07
1.76575e+07
1.73449e+07
1.71858e+07
4.25818e+07
4.25784e+07
4.25689e+07
4.25554e+07
4.12037e+07
4.00558e+07
3.89053e+07
3.77566e+07
3.66087e+07
3.54595e+07
3.43075e+07
3.31518e+07
3.19928e+07
3.08318e+07
2.96706e+07
2.85123e+07
2.73606e+07
2.62202e+07
2.50969e+07
2.39975e+07
2.29303e+07
2.19048e+07
2.09323e+07
2.00257e+07
1.91997e+07
1.84708e+07
1.78565e+07
1.73749e+07
1.70425e+07
1.68725e+07
4.25573e+07
4.2555e+07
4.25472e+07
4.25339e+07
4.11954e+07
4.00346e+07
3.8888e+07
3.77476e+07
3.66072e+07
3.54632e+07
3.43133e+07
3.3157e+07
3.19946e+07
3.08274e+07
2.96574e+07
2.84875e+07
2.73212e+07
2.61632e+07
2.50187e+07
2.38943e+07
2.2798e+07
2.17389e+07
2.07281e+07
1.97789e+07
1.89067e+07
1.81294e+07
1.74676e+07
1.6943e+07
1.65775e+07
1.63893e+07
4.25226e+07
4.25211e+07
4.25205e+07
4.25006e+07
4.11697e+07
3.99993e+07
3.88645e+07
3.77384e+07
3.66095e+07
3.54726e+07
3.43257e+07
3.31683e+07
3.20012e+07
3.08258e+07
2.96441e+07
2.8459e+07
2.72738e+07
2.60926e+07
2.49204e+07
2.37632e+07
2.26284e+07
2.15246e+07
2.04625e+07
1.94552e+07
1.85187e+07
1.76727e+07
1.69413e+07
1.63521e+07
1.59352e+07
1.5718e+07
4.24705e+07
4.24699e+07
4.24832e+07
4.22173e+07
4.10398e+07
3.99284e+07
3.88323e+07
3.77321e+07
3.66197e+07
3.54921e+07
3.43485e+07
3.31894e+07
3.20162e+07
3.08304e+07
2.96344e+07
2.84306e+07
2.72223e+07
2.60129e+07
2.4807e+07
2.36099e+07
2.24278e+07
2.12686e+07
2.01421e+07
1.90606e+07
1.80401e+07
1.71016e+07
1.62727e+07
1.5589e+07
1.50931e+07
1.48295e+07
4.2405e+07
4.24017e+07
4.23972e+07
4.17913e+07
4.0846e+07
3.98422e+07
3.88043e+07
3.7738e+07
3.66452e+07
3.55275e+07
3.43867e+07
3.32247e+07
3.20436e+07
3.08454e+07
2.96324e+07
2.84069e+07
2.71717e+07
2.59299e+07
2.4685e+07
2.34414e+07
2.22043e+07
2.098e+07
1.97767e+07
1.86051e+07
1.74796e+07
1.64208e+07
1.5459e+07
1.46379e+07
1.40189e+07
1.36774e+07
4.23267e+07
4.23237e+07
4.23173e+07
4.15376e+07
4.07109e+07
3.97899e+07
3.88048e+07
3.77704e+07
3.66956e+07
3.5586e+07
3.44461e+07
3.32792e+07
3.2088e+07
3.08751e+07
2.96428e+07
2.83929e+07
2.71279e+07
2.58499e+07
2.45617e+07
2.32665e+07
2.19679e+07
2.06704e+07
1.93797e+07
1.81034e+07
1.68522e+07
1.56432e+07
1.45045e+07
1.34847e+07
1.26674e+07
1.21837e+07
4.2242e+07
4.22393e+07
4.2233e+07
4.14465e+07
4.06703e+07
3.98018e+07
3.88545e+07
3.78433e+07
3.67806e+07
3.5675e+07
3.45326e+07
3.33578e+07
3.21542e+07
3.09245e+07
2.96706e+07
2.83942e+07
2.70969e+07
2.57801e+07
2.44455e+07
2.30949e+07
2.17304e+07
2.03541e+07
1.89684e+07
1.75765e+07
1.61828e+07
1.47953e+07
1.34311e+07
1.2129e+07
1.09821e+07
1.02064e+07
4.21548e+07
4.21521e+07
4.21465e+07
4.14474e+07
4.07218e+07
3.98926e+07
3.8968e+07
3.79677e+07
3.69085e+07
3.58008e+07
3.46514e+07
3.34653e+07
3.22465e+07
3.09979e+07
2.97209e+07
2.84166e+07
2.70854e+07
2.57281e+07
2.43452e+07
2.29373e+07
2.15047e+07
2.00471e+07
1.85634e+07
1.70515e+07
1.55071e+07
1.39243e+07
1.22955e+07
1.0618e+07
8.92587e+06
7.45322e+06
4.20705e+07
4.20655e+07
4.20325e+07
4.15181e+07
4.08768e+07
4.0079e+07
3.9157e+07
3.81511e+07
3.70848e+07
3.59684e+07
3.48069e+07
3.36054e+07
3.23688e+07
3.10996e+07
2.97986e+07
2.84656e+07
2.71001e+07
2.57017e+07
2.427e+07
2.28045e+07
2.13039e+07
1.97661e+07
1.81868e+07
1.65588e+07
1.48699e+07
1.30991e+07
1.12088e+07
9.12169e+06
6.65013e+06
3.22742e+06
4.19935e+07
4.19872e+07
4.19466e+07
4.18646e+07
4.11882e+07
4.03896e+07
3.94301e+07
3.83948e+07
3.73112e+07
3.6181e+07
3.50022e+07
3.37808e+07
3.25236e+07
3.12331e+07
2.99083e+07
2.85472e+07
2.71478e+07
2.57087e+07
2.42287e+07
2.27066e+07
2.11404e+07
1.95265e+07
1.78588e+07
1.61271e+07
1.43145e+07
1.23936e+07
1.03187e+07
8.00987e+06
5.32552e+06
2.03378e+06
4.19291e+07
4.19213e+07
4.18732e+07
4.17809e+07
4.16627e+07
4.08613e+07
3.97787e+07
3.8687e+07
3.75843e+07
3.64422e+07
3.52403e+07
3.39919e+07
3.27118e+07
3.1401e+07
3.00544e+07
2.8667e+07
2.72351e+07
2.57564e+07
2.42295e+07
2.2653e+07
2.10246e+07
1.93408e+07
1.7595e+07
1.57762e+07
1.38674e+07
1.18423e+07
9.66241e+06
7.2736e+06
4.60829e+06
1.61595e+06
4.18786e+07
4.18698e+07
4.18121e+07
4.17047e+07
4.15776e+07
4.15182e+07
4.01366e+07
3.89902e+07
3.78966e+07
3.67632e+07
3.55249e+07
3.42347e+07
3.29307e+07
3.16046e+07
3.02414e+07
2.88313e+07
2.73691e+07
2.58524e+07
2.42801e+07
2.26511e+07
2.09643e+07
1.9217e+07
1.7404e+07
1.55155e+07
1.35365e+07
1.14456e+07
9.21511e+06
6.81384e+06
4.21808e+06
1.4377e+06
4.18449e+07
4.18325e+07
4.17524e+07
4.16055e+07
4.14208e+07
4.11651e+07
4.03211e+07
3.92404e+07
3.82488e+07
3.71892e+07
3.58613e+07
3.44912e+07
3.31719e+07
3.18451e+07
3.04752e+07
2.90477e+07
2.75577e+07
2.60042e+07
2.43872e+07
2.27069e+07
2.09645e+07
1.91591e+07
1.72884e+07
1.53453e+07
1.33176e+07
1.11887e+07
8.93853e+06
6.54857e+06
4.01249e+06
1.35446e+06
4.18261e+07
4.18041e+07
4.17132e+07
4.1529e+07
4.12681e+07
4.09353e+07
4.04957e+07
3.94016e+07
3.86689e+07
3.78835e+07
3.624e+07
3.46976e+07
3.34255e+07
3.21408e+07
3.0785e+07
2.93485e+07
2.78318e+07
2.62383e+07
2.45729e+07
2.28379e+07
2.10355e+07
1.91679e+07
1.72369e+07
1.52416e+07
1.31748e+07
1.10246e+07
8.77392e+06
6.40497e+06
3.91156e+06
1.31905e+06
4.18207e+07
4.17803e+07
4.1663e+07
4.14465e+07
4.11356e+07
4.07231e+07
4.01538e+07
3.93834e+07
3.86745e+07
3.79376e+07
3.64471e+07
3.46929e+07
3.34323e+07
3.21484e+07
3.07919e+07
2.93547e+07
2.78373e+07
2.6243e+07
2.45761e+07
2.28397e+07
2.10359e+07
1.91673e+07
1.7236e+07
1.52406e+07
1.31739e+07
1.10238e+07
8.77316e+06
6.40438e+06
3.91418e+06
1.32195e+06
4.18507e+07
4.17885e+07
4.16355e+07
4.1382e+07
4.10296e+07
4.05724e+07
4.00015e+07
3.93137e+07
3.85379e+07
3.75873e+07
3.63276e+07
3.49618e+07
3.36491e+07
3.2323e+07
3.09413e+07
2.94869e+07
2.79549e+07
2.63461e+07
2.46641e+07
2.29116e+07
2.10923e+07
1.92136e+07
1.72819e+07
1.52977e+07
1.32527e+07
1.11312e+07
8.90986e+06
6.56238e+06
4.05433e+06
1.38468e+06
4.19978e+07
4.18893e+07
4.16803e+07
4.13814e+07
4.09951e+07
4.05169e+07
3.99427e+07
3.9262e+07
3.84559e+07
3.74971e+07
3.63855e+07
3.51653e+07
3.38796e+07
3.25414e+07
3.11434e+07
2.96757e+07
2.81317e+07
2.65078e+07
2.48059e+07
2.30277e+07
2.11818e+07
1.92853e+07
1.7352e+07
1.53856e+07
1.33775e+07
1.13065e+07
9.13757e+06
6.83837e+06
4.34026e+06
1.55568e+06
4.22651e+07
4.20748e+07
4.17961e+07
4.14515e+07
4.10376e+07
4.05462e+07
3.9968e+07
3.92895e+07
3.84946e+07
3.7577e+07
3.65398e+07
3.53867e+07
3.41285e+07
3.27863e+07
3.13745e+07
2.98984e+07
2.83533e+07
2.67241e+07
2.49993e+07
2.31786e+07
2.12892e+07
1.93661e+07
1.74283e+07
1.54817e+07
1.3524e+07
1.153e+07
9.4466e+06
7.20406e+06
4.76968e+06
2.05754e+06
4.26512e+07
4.23001e+07
4.19534e+07
4.15716e+07
4.11382e+07
4.06405e+07
4.00671e+07
3.94038e+07
3.86393e+07
3.77649e+07
3.67741e+07
3.56581e+07
3.44131e+07
3.30563e+07
3.16175e+07
3.01312e+07
2.86049e+07
2.70076e+07
2.52618e+07
2.33538e+07
2.13962e+07
1.94401e+07
1.74953e+07
1.55615e+07
1.36591e+07
1.17678e+07
9.87752e+06
7.66489e+06
5.10959e+06
3.52926e+06
4.29679e+07
4.25387e+07
4.2136e+07
4.17253e+07
4.12821e+07
4.0789e+07
4.02336e+07
3.95998e+07
3.8877e+07
3.80462e+07
3.70938e+07
3.60034e+07
3.47655e+07
3.33752e+07
3.18654e+07
3.03453e+07
2.88597e+07
2.74052e+07
2.56881e+07
2.35284e+07
2.14775e+07
1.94935e+07
1.75414e+07
1.56102e+07
1.37421e+07
1.1941e+07
1.04481e+07
9.03286e+06
5.18051e+06
3.57866e+06
4.32314e+07
4.27819e+07
4.23513e+07
4.19232e+07
4.14781e+07
4.09993e+07
4.04717e+07
3.9879e+07
3.92056e+07
3.84225e+07
3.75067e+07
3.64296e+07
3.5213e+07
3.3799e+07
3.21137e+07
3.04859e+07
2.90255e+07
2.78656e+07
2.68159e+07
2.35467e+07
2.14868e+07
1.9504e+07
1.75543e+07
1.56276e+07
1.37631e+07
1.19737e+07
1.04837e+07
9.59805e+06
7.88665e+06
6.90622e+06
4.34592e+07
4.30054e+07
4.25672e+07
4.21358e+07
4.17e+07
4.12446e+07
4.0754e+07
4.02131e+07
3.9597e+07
3.88712e+07
3.80037e+07
3.69159e+07
3.57022e+07
3.45449e+07
3.24252e+07
3.0498e+07
2.90327e+07
2.78538e+07
2.60951e+07
2.39061e+07
2.19121e+07
2.00188e+07
1.81938e+07
1.64365e+07
1.4773e+07
1.32434e+07
1.19358e+07
1.08917e+07
9.8618e+06
9.25336e+06
4.36576e+07
4.3207e+07
4.2775e+07
4.23547e+07
4.19408e+07
4.15178e+07
4.10747e+07
4.05923e+07
4.00393e+07
3.93829e+07
3.86068e+07
3.76982e+07
3.58605e+07
3.44658e+07
3.25442e+07
3.07575e+07
2.91555e+07
2.76324e+07
2.59306e+07
2.407e+07
2.22366e+07
2.04652e+07
1.87657e+07
1.71519e+07
1.56488e+07
1.42914e+07
1.31242e+07
1.21712e+07
1.14155e+07
1.09921e+07
4.3828e+07
4.33843e+07
4.29648e+07
4.25648e+07
4.21807e+07
4.17975e+07
4.14091e+07
4.09866e+07
4.04973e+07
3.99093e+07
3.91936e+07
3.76048e+07
3.58637e+07
3.42474e+07
3.25281e+07
3.08324e+07
2.91992e+07
2.75897e+07
2.59247e+07
2.42067e+07
2.24993e+07
2.08399e+07
1.92517e+07
1.77564e+07
1.6379e+07
1.51491e+07
1.40985e+07
1.32533e+07
1.26369e+07
1.23073e+07
4.39688e+07
4.3533e+07
4.31285e+07
4.27537e+07
4.24048e+07
4.20701e+07
4.17413e+07
4.13826e+07
4.09616e+07
4.04422e+07
3.88783e+07
3.73478e+07
3.5742e+07
3.4132e+07
3.24885e+07
3.08448e+07
2.92194e+07
2.76023e+07
2.5972e+07
2.43329e+07
2.27139e+07
2.11432e+07
1.96451e+07
1.8243e+07
1.69617e+07
1.58274e+07
1.48673e+07
1.41068e+07
1.35715e+07
1.3293e+07
4.40772e+07
4.36484e+07
4.32582e+07
4.29082e+07
4.25958e+07
4.23149e+07
4.20509e+07
4.17601e+07
4.13925e+07
4.00459e+07
3.86453e+07
3.71661e+07
3.56247e+07
3.40499e+07
3.24491e+07
3.0839e+07
2.92313e+07
2.76281e+07
2.6028e+07
2.44391e+07
2.28803e+07
2.13738e+07
1.99424e+07
1.8609e+07
1.73973e+07
1.63317e+07
1.54364e+07
1.47349e+07
1.42493e+07
1.40001e+07
4.41509e+07
4.37271e+07
4.33475e+07
4.30163e+07
4.27346e+07
4.25047e+07
4.23146e+07
4.21389e+07
4.10755e+07
3.98494e+07
3.84907e+07
3.70466e+07
3.55408e+07
3.39937e+07
3.24192e+07
3.08306e+07
2.92388e+07
2.76508e+07
2.60728e+07
2.45153e+07
2.29943e+07
2.15294e+07
2.01416e+07
1.88532e+07
1.76868e+07
1.66655e+07
1.58119e+07
1.51472e+07
1.46908e+07
1.44581e+07
4.41881e+07
4.37668e+07
4.33926e+07
4.30711e+07
4.28062e+07
4.26096e+07
4.24799e+07
4.24669e+07
4.10852e+07
3.97854e+07
3.84217e+07
3.69889e+07
3.54983e+07
3.39651e+07
3.24033e+07
3.08255e+07
2.92426e+07
2.76635e+07
2.6097e+07
2.45549e+07
2.30523e+07
2.16077e+07
2.02416e+07
1.89754e+07
1.78313e+07
1.68317e+07
1.59983e+07
1.53513e+07
1.49085e+07
1.46833e+07
)
;

boundaryField
{
    inlet1
    {
        type            fixedGradient;
        gradient        uniform 20000;
    }
    inlet2
    {
        type            zeroGradient;
    }
    inlet3
    {
        type            fixedGradient;
        gradient        uniform 4.68141e+06;
    }
    output1
    {
        type            zeroGradient;
    }
    output2
    {
        type            fixedValue;
        value           uniform 0;
    }
    output3
    {
        type            zeroGradient;
    }
    up
    {
        type            zeroGradient;
    }
    down
    {
        type            zeroGradient;
    }
    emptyWalls
    {
        type            empty;
    }
}


// ************************************************************************* //
