/*--------------------------------*- C++ -*----------------------------------*\
  =========                 |
  \\      /  F ield         | OpenFOAM: The Open Source CFD Toolbox
   \\    /   O peration     | Website:  https://openfoam.org
    \\  /    A nd           | Version:  9
     \\/     M anipulation  |
\*---------------------------------------------------------------------------*/
FoamFile
{
    format      ascii;
    class       surfaceScalarField;
    location    "5500";
    object      phi;
}
// * * * * * * * * * * * * * * * * * * * * * * * * * * * * * * * * * * * * * //

dimensions      [0 3 -1 0 0 0 0];

internalField   nonuniform List<scalar> 
1740
(
1.15581e-08
9.37393e-08
8.09143e-09
1.01256e-08
5.72912e-09
4.28324e-09
3.83875e-09
1.14506e-11
4.92081e-09
1.86738e-10
4.79205e-09
8.14666e-11
4.73256e-09
4.06838e-11
4.70631e-09
1.9889e-11
4.69594e-09
7.22117e-12
4.69399e-09
-3.54092e-13
4.69558e-09
-3.63425e-12
4.69654e-09
-2.90689e-12
4.69298e-09
1.66536e-12
4.68109e-09
9.99377e-12
4.65706e-09
2.20776e-11
4.61698e-09
3.80198e-11
4.55674e-09
5.80291e-11
4.47195e-09
8.24074e-11
4.35784e-09
1.11521e-10
4.20929e-09
1.45774e-10
4.02087e-09
1.85539e-10
3.78701e-09
2.31048e-10
3.50227e-09
2.82239e-10
3.16192e-09
3.38551e-10
2.76269e-09
3.98653e-10
2.30382e-09
4.60138e-10
1.78815e-09
5.19321e-10
1.22316e-09
5.71293e-10
6.21431e-10
6.1045e-10
6.31623e-10
2.54841e-08
1.64806e-07
9.88726e-09
2.06761e-08
4.97365e-09
9.71915e-09
3.43421e-09
3.68033e-11
4.88408e-09
1.4836e-10
4.70385e-09
9.85669e-11
4.69938e-09
6.13788e-11
4.69042e-09
3.16498e-11
4.68752e-09
9.34831e-12
4.69046e-09
-5.00498e-12
4.6962e-09
-1.12792e-11
4.70107e-09
-9.66278e-12
4.70131e-09
-4.31888e-13
4.69322e-09
1.62213e-11
4.6731e-09
4.02837e-11
4.63714e-09
7.19598e-11
4.5813e-09
1.11675e-10
4.50125e-09
1.60056e-10
4.39226e-09
2.17884e-10
4.24916e-09
2.86027e-10
4.06633e-09
3.65324e-10
3.83789e-09
4.56394e-10
3.55788e-09
5.59339e-10
3.2208e-09
6.73306e-10
2.82235e-09
7.95913e-10
2.36062e-09
9.2256e-10
1.83745e-09
1.04584e-09
1.2599e-09
1.1554e-09
6.41137e-10
1.23888e-09
1.28442e-09
1.53399e-08
2.47199e-07
7.98939e-09
2.87123e-08
4.83522e-09
1.48559e-08
3.46362e-09
6.79826e-11
4.87624e-09
7.40223e-11
4.6726e-09
1.03139e-10
4.67069e-09
7.46165e-11
4.66849e-09
3.59843e-11
4.67326e-09
3.52737e-12
4.68412e-09
-1.77369e-11
4.6977e-09
-2.68208e-11
4.71022e-09
-2.40421e-11
4.71796e-09
-9.96332e-12
4.71739e-09
1.50246e-11
4.70499e-09
5.08578e-11
4.67716e-09
9.78417e-11
4.63006e-09
1.56641e-10
4.5595e-09
2.28248e-10
4.4608e-09
3.13922e-10
4.32872e-09
4.1512e-10
4.15739e-09
5.33332e-10
3.94034e-09
6.69861e-10
3.67058e-09
8.25405e-10
3.34104e-09
9.99409e-10
2.94529e-09
1.18913e-09
2.47884e-09
1.38835e-09
1.94113e-09
1.58607e-09
1.33788e-09
1.76557e-09
6.83229e-10
1.90527e-09
1.98276e-09
1.51901e-08
3.31172e-07
6.84383e-09
3.6289e-08
4.87443e-09
1.86308e-08
3.5849e-09
3.36773e-10
4.88504e-09
1.92685e-10
4.6694e-09
1.65362e-10
4.6423e-09
9.79645e-11
4.63956e-09
3.41427e-11
4.65292e-09
-1.34883e-11
4.67505e-09
-4.26538e-11
4.70027e-09
-5.42311e-11
4.72412e-09
-4.97287e-11
4.74292e-09
-3.04129e-11
4.75337e-09
2.97255e-12
4.7523e-09
5.02725e-11
4.73645e-09
1.119e-10
4.70229e-09
1.88794e-10
4.64588e-09
2.82371e-10
4.56271e-09
3.94446e-10
4.44753e-09
5.27202e-10
4.29419e-09
6.83028e-10
4.09548e-09
8.64318e-10
3.84306e-09
1.07301e-09
3.5275e-09
1.3098e-09
3.13893e-09
1.57283e-09
2.66835e-09
1.85566e-09
2.11035e-09
2.14452e-09
1.46726e-09
2.41556e-09
7.53903e-10
2.63386e-09
2.75859e-09
7.01818e-09
4.17491e-07
3.63724e-09
4.03731e-08
4.4179e-09
1.10004e-08
3.79848e-09
1.01283e-09
4.88485e-09
4.87079e-10
4.6405e-09
2.67659e-10
4.58953e-09
1.17732e-10
4.59454e-09
1.61051e-11
4.6238e-09
-4.8974e-11
4.66288e-09
-8.5162e-11
4.70419e-09
-9.77212e-11
4.74308e-09
-9.02249e-11
4.77623e-09
-6.49279e-11
4.80087e-09
-2.29915e-11
4.81439e-09
3.53602e-11
4.81404e-09
1.10694e-10
4.79677e-09
2.04273e-10
4.75903e-09
3.17992e-10
4.69663e-09
4.54295e-10
4.60449e-09
6.16213e-10
4.47634e-09
8.07265e-10
4.30436e-09
1.03138e-09
4.07867e-09
1.29252e-09
3.787e-09
1.59396e-09
3.41459e-09
1.93674e-09
2.94528e-09
2.31691e-09
2.36465e-09
2.7208e-09
1.66691e-09
3.11828e-09
8.65138e-10
3.45602e-09
3.65915e-09
3.31721e-09
5.12161e-07
6.31414e-11
4.76586e-08
3.7739e-09
1.39106e-09
3.78791e-09
1.40899e-09
4.56968e-09
6.63216e-10
4.47557e-09
3.00456e-10
4.48079e-09
8.91929e-11
4.52526e-09
-3.84864e-11
4.58485e-09
-1.13353e-10
4.64847e-09
-1.51295e-10
4.71053e-09
-1.61258e-10
4.76778e-09
-1.48511e-10
4.81804e-09
-1.16071e-10
4.8595e-09
-6.53588e-11
4.89035e-09
3.4688e-12
4.90856e-09
9.1244e-11
4.91171e-09
1.99626e-10
4.89684e-09
3.3102e-10
4.86029e-09
4.88537e-10
4.79746e-09
6.76077e-10
4.70234e-09
8.98437e-10
4.56693e-09
1.16141e-09
4.38027e-09
1.47174e-09
4.12722e-09
1.83677e-09
3.78717e-09
2.26326e-09
3.33351e-09
2.75444e-09
2.73607e-09
3.30348e-09
1.9706e-09
3.88073e-09
1.03975e-09
4.41281e-09
4.76283e-09
1.08183e-08
5.96477e-07
2.37746e-09
5.95348e-08
2.53979e-09
3.79232e-10
3.55677e-09
1.04093e-09
4.05584e-09
5.12867e-10
4.21343e-09
1.81749e-10
4.33278e-09
-2.29367e-11
4.44087e-09
-1.45893e-10
4.54186e-09
-2.14652e-10
4.63564e-09
-2.45399e-10
4.72166e-09
-2.47498e-10
4.79946e-09
-2.26481e-10
4.86864e-09
-1.85485e-10
4.92872e-09
-1.2583e-10
4.97894e-09
-4.73672e-11
5.01814e-09
5.11838e-11
5.04467e-09
1.71976e-10
5.05632e-09
3.17919e-10
5.05024e-09
4.92749e-10
5.0227e-09
7.01115e-10
4.96862e-09
9.48995e-10
4.88075e-09
1.24407e-09
4.74826e-09
1.59625e-09
4.55445e-09
2.01813e-09
4.27336e-09
2.52511e-09
3.86554e-09
3.13411e-09
3.27552e-09
3.85797e-09
2.43967e-09
4.68838e-09
1.32328e-09
5.55163e-09
6.21656e-09
1.24975e-08
6.83167e-07
2.47553e-09
7.09059e-08
2.19421e-09
2.45876e-10
3.40865e-09
4.4194e-10
3.71336e-09
1.6759e-10
3.98967e-09
-6.33933e-11
4.19605e-09
-2.16795e-10
4.36358e-09
-3.07496e-10
4.50607e-09
-3.53961e-10
4.63059e-09
-3.68152e-10
4.74102e-09
-3.56857e-10
4.83974e-09
-3.2443e-10
4.92832e-09
-2.73559e-10
5.00779e-09
-2.05105e-10
5.07856e-09
-1.18285e-10
5.14039e-09
-1.11205e-11
5.1925e-09
1.19174e-10
5.23352e-09
2.75959e-10
5.26164e-09
4.63408e-10
5.27448e-09
6.86638e-10
5.26869e-09
9.52364e-10
5.2392e-09
1.26965e-09
5.17758e-09
1.65107e-09
5.06897e-09
2.11438e-09
4.88629e-09
2.68496e-09
4.57976e-09
3.39895e-09
4.06082e-09
4.30591e-09
3.18926e-09
5.4632e-09
1.81373e-09
6.88878e-09
8.33521e-09
1.14745e-08
7.67296e-07
2.60368e-09
8.00773e-08
2.18476e-09
3.07067e-10
3.25969e-09
1.88295e-11
3.51693e-09
-2.20891e-10
3.83588e-09
-3.86113e-10
4.09816e-09
-4.73348e-10
4.31133e-09
-5.13331e-10
4.48828e-09
-5.25545e-10
4.6396e-09
-5.16399e-10
4.7721e-09
-4.87355e-10
4.89016e-09
-4.4083e-10
4.99712e-09
-3.79212e-10
5.09556e-09
-3.02745e-10
5.18709e-09
-2.09538e-10
5.27239e-09
-9.65352e-11
5.35139e-09
3.98482e-11
5.4236e-09
2.03379e-10
5.48833e-09
3.98294e-10
5.54489e-09
6.29676e-10
5.59248e-09
9.04187e-10
5.62979e-09
1.23112e-09
5.65388e-09
1.62401e-09
5.65756e-09
2.10338e-09
5.62308e-09
2.70138e-09
5.50641e-09
3.47082e-09
5.19871e-09
4.50352e-09
4.44284e-09
5.9697e-09
2.7424e-09
8.20511e-09
1.19003e-08
1.36213e-08
8.52161e-07
2.64749e-09
9.04734e-08
2.07547e-09
3.10902e-10
3.02807e-09
-4.96731e-10
3.36253e-09
-6.83859e-10
3.73874e-09
-7.8681e-10
4.0494e-09
-7.77144e-10
4.29529e-09
-7.46932e-10
4.4961e-09
-7.18494e-10
4.66745e-09
-6.84549e-10
4.81761e-09
-6.35333e-10
4.95166e-09
-5.72326e-10
5.07444e-09
-4.99715e-10
5.19022e-09
-4.17114e-10
5.30185e-09
-3.20603e-10
5.41069e-09
-2.05291e-10
5.51709e-09
-6.66383e-11
5.62114e-09
9.9424e-11
5.72318e-09
2.96729e-10
5.82427e-09
5.29607e-10
5.92656e-09
8.03608e-10
6.0336e-09
1.12661e-09
6.15058e-09
1.51049e-09
6.28431e-09
1.97375e-09
6.44208e-09
2.54637e-09
6.62409e-09
3.27944e-09
6.78475e-09
4.26765e-09
6.64098e-09
5.70697e-09
4.71306e-09
8.06168e-09
1.26005e-08
2.43379e-08
8.20563e-07
1.1482e-08
1.00709e-07
1.53702e-09
1.67192e-08
2.63714e-09
-5.99914e-10
3.21036e-09
-1.27271e-09
3.70714e-09
-1.30016e-09
4.0654e-09
-1.10148e-09
4.32435e-09
-9.78758e-10
4.53337e-09
-9.16944e-10
4.7165e-09
-8.67969e-10
4.87922e-09
-7.971e-10
5.02446e-09
-7.13423e-10
5.15876e-09
-6.30217e-10
5.28902e-09
-5.45387e-10
5.41939e-09
-4.5047e-10
5.5514e-09
-3.37407e-10
5.68516e-09
-2.00496e-10
5.82072e-09
-3.57944e-11
5.95898e-09
1.59588e-10
6.10243e-09
3.88424e-10
6.25588e-09
6.54029e-10
6.42748e-09
9.6124e-10
6.63051e-09
1.31756e-09
6.88702e-09
1.73477e-09
7.23687e-09
2.2309e-09
7.7631e-09
2.83295e-09
8.67523e-09
3.58064e-09
1.06233e-08
4.52888e-09
1.60289e-08
5.73417e-09
7.14552e-09
3.45168e-08
7.82873e-07
2.98361e-08
1.0253e-07
1.32762e-08
3.81484e-08
2.00685e-09
1.28377e-08
3.28566e-09
-1.31838e-09
3.81407e-09
-1.94188e-09
4.18069e-09
-1.34992e-09
4.40331e-09
-1.14967e-09
4.59655e-09
-1.10255e-09
4.78594e-09
-1.07327e-09
4.95832e-09
-9.71686e-10
5.10819e-09
-8.54047e-10
5.24712e-09
-7.62335e-10
5.38769e-09
-6.83758e-10
5.53534e-09
-5.98447e-10
5.69036e-09
-4.93423e-10
5.8514e-09
-3.62126e-10
6.01758e-09
-2.01706e-10
6.1896e-09
-1.10122e-11
6.37061e-09
2.10475e-10
6.56704e-09
4.62847e-10
6.78993e-09
7.46753e-10
7.05696e-09
1.06376e-09
7.39642e-09
1.41689e-09
7.85527e-09
1.80951e-09
8.51621e-09
2.24081e-09
9.52979e-09
2.69311e-09
1.11481e-08
3.09374e-09
1.35528e-08
3.20061e-09
2.24354e-09
5.04256e-08
7.18751e-07
4.63651e-08
1.04963e-07
3.96381e-08
5.23408e-08
1.8353e-08
4.33854e-08
3.14146e-09
1.84122e-08
4.12426e-09
-1.42795e-09
4.44004e-09
-1.26928e-09
4.51166e-09
-1.16745e-09
4.66356e-09
-1.2703e-09
4.87239e-09
-1.3509e-09
5.05994e-09
-1.16232e-09
5.20286e-09
-9.68757e-10
5.33386e-09
-8.81297e-10
5.47927e-09
-8.28865e-10
5.64386e-09
-7.66127e-10
5.82331e-09
-6.757e-10
6.01254e-09
-5.5289e-10
6.20859e-09
-3.97895e-10
6.41123e-09
-2.12395e-10
6.62335e-09
1.64626e-12
6.85175e-09
2.40139e-10
7.10822e-09
4.99159e-10
7.41099e-09
7.73859e-10
7.78642e-09
1.05953e-09
8.2716e-09
1.34945e-09
8.91666e-09
1.62768e-09
9.77966e-09
1.85723e-09
1.08864e-08
1.95238e-09
1.20756e-08
1.731e-09
8.71549e-10
7.53528e-08
6.34122e-07
8.31697e-08
9.02805e-08
8.27024e-08
5.47615e-08
5.52082e-08
5.92035e-08
1.59279e-08
6.18642e-08
3.90292e-09
4.1361e-10
4.84576e-09
-9.16156e-10
4.53977e-09
-9.80572e-10
4.67362e-09
-1.4603e-09
4.98013e-09
-1.8977e-09
5.20619e-09
-1.35793e-09
5.30944e-09
-9.77918e-10
5.4062e-09
-9.70367e-10
5.55166e-09
-9.96394e-10
5.73753e-09
-9.80098e-10
5.94648e-09
-9.12586e-10
6.16685e-09
-7.98103e-10
6.393e-09
-6.43959e-10
6.62339e-09
-4.57816e-10
6.85982e-09
-2.44679e-10
7.10837e-09
-1.11928e-11
7.38024e-09
2.34592e-10
7.69237e-09
4.81391e-10
8.06668e-09
7.16331e-10
8.52805e-09
9.2638e-10
9.09917e-09
1.0921e-09
9.7858e-09
1.18406e-09
1.05423e-08
1.15239e-09
1.12118e-08
9.17031e-10
3.86338e-10
1.22223e-07
4.86528e-07
1.04827e-07
1.17016e-07
1.09432e-07
7.64388e-08
1.15503e-07
8.00907e-08
6.23928e-08
1.04536e-07
3.26689e-09
6.68365e-08
4.06212e-09
1.43082e-10
4.19074e-09
-5.63492e-10
4.51102e-09
-1.21757e-09
5.16832e-09
-1.89907e-09
5.47524e-09
-1.32213e-09
5.42252e-09
-6.74295e-10
5.42985e-09
-7.56927e-10
5.58363e-09
-8.28251e-10
5.80807e-09
-8.36245e-10
6.05823e-09
-7.92242e-10
6.31539e-09
-7.08894e-10
6.5732e-09
-5.95373e-10
6.82951e-09
-4.58054e-10
7.08418e-09
-2.98335e-10
7.34165e-09
-1.28591e-10
7.61201e-09
4.40879e-11
7.91155e-09
2.05942e-10
8.25989e-09
3.47625e-10
8.67475e-09
4.62652e-10
9.16617e-09
5.37444e-10
9.72212e-09
5.59587e-10
1.02851e-08
5.12189e-10
1.07332e-08
3.77225e-10
1.47866e-10
3.40539e-07
1.30814e-07
3.37808e-07
9.8363e-08
3.04794e-07
1.00481e-07
2.7173e-07
1.18145e-07
2.43809e-07
1.41547e-07
1.20227e-07
1.64334e-07
6.51454e-09
8.85944e-08
3.3993e-09
1.2439e-08
4.01136e-09
2.21484e-08
5.70629e-09
1.621e-08
6.08301e-09
-7.41414e-10
5.34024e-09
-1.01152e-08
4.96168e-09
-1.41825e-08
4.96942e-09
-1.47512e-08
5.0671e-09
-1.47449e-08
5.21998e-09
-1.4513e-08
5.42842e-09
-1.39756e-08
5.66078e-09
-1.29892e-08
5.7783e-09
-1.14998e-08
5.78171e-09
-9.56602e-09
5.62909e-09
-7.46668e-09
5.44563e-09
-5.99873e-09
5.3953e-09
-5.87058e-09
5.47779e-09
-7.32048e-09
5.71462e-09
-1.02622e-08
6.03058e-09
-1.43594e-08
6.3657e-09
-1.89043e-08
6.65875e-09
-2.27387e-08
7.78734e-09
-2.15946e-08
-1.01749e-08
2.50166e-07
-1.28472e-07
3.76324e-07
-2.72199e-08
4.4637e-07
4.16912e-08
4.82493e-07
8.85247e-08
5.08197e-07
1.23978e-07
5.04394e-07
1.56893e-07
4.50535e-07
1.47266e-07
4.60892e-07
4.14564e-08
3.76769e-07
7.04875e-08
1.33055e-07
9.00119e-08
1.18494e-07
9.34244e-09
2.71544e-07
-9.21103e-08
3.68166e-07
-1.0277e-07
4.68056e-07
-9.99624e-08
5.62489e-07
-9.5569e-08
6.51403e-07
-9.13247e-08
7.34413e-07
-8.6675e-08
8.1017e-07
-8.00646e-08
8.76781e-07
-7.08625e-08
9.32157e-07
-5.86543e-08
9.76349e-07
-4.56326e-08
1.01326e-06
-3.67997e-08
1.05011e-06
-3.60138e-08
1.09571e-06
-4.48587e-08
1.15832e-06
-6.27878e-08
1.24354e-06
-8.74503e-08
1.35099e-06
-1.13373e-07
1.47595e-06
-1.3569e-07
1.58509e-06
-1.32216e-07
-7.14937e-08
1.14779e-07
-2.48785e-07
2.35621e-07
-1.46658e-07
3.50224e-07
-6.38643e-08
4.55064e-07
-2.74627e-09
5.46406e-07
4.12818e-08
6.4566e-07
6.75291e-08
7.00984e-07
7.03465e-08
7.26373e-07
3.64531e-08
7.44852e-07
6.05957e-08
7.7099e-07
7.60518e-08
8.70451e-07
-5.45204e-08
9.90188e-07
-2.12944e-07
1.11312e-06
-2.41769e-07
1.24327e-06
-2.37729e-07
1.37147e-06
-2.2514e-07
1.49523e-06
-2.13613e-07
1.6142e-06
-2.04432e-07
1.72594e-06
-1.91496e-07
1.8245e-06
-1.6952e-07
1.90333e-06
-1.35735e-07
1.96308e-06
-1.00992e-07
2.01083e-06
-7.8758e-08
2.05728e-06
-7.56092e-08
2.11385e-06
-9.38849e-08
2.19395e-06
-1.34143e-07
2.30402e-06
-1.90682e-07
2.44566e-06
-2.4818e-07
2.60612e-06
-2.91726e-07
2.76974e-06
-2.93757e-07
-2.22601e-07
1.58208e-07
-4.14263e-07
2.95851e-07
-2.7303e-07
4.22355e-07
-1.82367e-07
5.40431e-07
-1.13222e-07
6.54561e-07
-6.96175e-08
7.72744e-07
-4.77335e-08
8.84938e-07
-4.4324e-08
9.84484e-07
-5.3693e-08
1.11814e-06
-6.45889e-08
1.30365e-06
-1.11245e-07
1.47444e-06
-2.29717e-07
1.60824e-06
-3.361e-07
1.73616e-06
-3.68531e-07
1.85196e-06
-3.55073e-07
1.95224e-06
-3.24171e-07
2.04482e-06
-3.02056e-07
2.13832e-06
-2.95214e-07
2.23501e-06
-2.89201e-07
2.3171e-06
-2.56315e-07
2.36848e-06
-1.86426e-07
2.3979e-06
-1.26157e-07
2.41606e-06
-9.26916e-08
2.43084e-06
-8.62828e-08
2.4477e-06
-1.0558e-07
2.47995e-06
-1.58256e-07
2.53192e-06
-2.36956e-07
2.61781e-06
-3.30392e-07
2.69017e-06
-3.66581e-07
2.76636e-06
-3.3012e-07
-4.62738e-07
2.65848e-07
-6.36155e-07
4.79365e-07
-4.64016e-07
6.39217e-07
-3.36905e-07
7.77274e-07
-2.4712e-07
9.12427e-07
-2.01217e-07
1.05024e-06
-1.80841e-07
1.19764e-06
-1.86444e-07
1.3582e-06
-2.06577e-07
1.55542e-06
-2.52813e-07
1.76817e-06
-3.23385e-07
1.93887e-06
-4.01696e-07
2.05562e-06
-4.50191e-07
2.13583e-06
-4.47144e-07
2.18233e-06
-4.03578e-07
2.19512e-06
-3.35481e-07
2.19609e-06
-2.97894e-07
2.20537e-06
-3.01104e-07
2.24488e-06
-3.33724e-07
2.27417e-06
-3.04783e-07
2.26358e-06
-1.7334e-07
2.24328e-06
-1.01271e-07
2.22159e-06
-6.97086e-08
2.19694e-06
-6.26359e-08
2.16538e-06
-7.3427e-08
2.12808e-06
-1.17413e-07
2.08638e-06
-1.89479e-07
2.09444e-06
-3.3491e-07
2.045e-06
-4.00717e-07
2.02556e-06
-1.97051e-07
-6.08418e-07
8.9765e-07
-6.55622e-07
8.96364e-07
-5.02296e-07
9.25873e-07
-3.84713e-07
9.82847e-07
-3.10209e-07
1.05992e-06
-2.82713e-07
1.15818e-06
-2.77824e-07
1.27847e-06
-3.06921e-07
1.42093e-06
-3.4478e-07
1.58368e-06
-4.15002e-07
1.7288e-06
-4.6902e-07
1.83471e-06
-5.06917e-07
1.88296e-06
-4.95498e-07
1.89861e-06
-4.56666e-07
1.87846e-06
-3.86502e-07
1.81785e-06
-2.66569e-07
1.73987e-06
-2.08451e-07
1.67575e-06
-2.18292e-07
1.6687e-06
-3.20506e-07
1.65204e-06
-3.47796e-07
1.59896e-06
-9.46954e-08
1.55174e-06
-4.76607e-08
1.51411e-06
-3.17004e-08
1.47362e-06
-2.79684e-08
1.43478e-06
-3.09523e-08
1.35702e-06
-5.16754e-08
1.29477e-06
-9.01336e-08
1.20401e-06
-2.28943e-07
1.06e-06
-2.14296e-07
8.23596e-07
-5.29547e-08
-3.10422e-07
7.69356e-07
-4.98206e-07
7.13111e-07
-4.32113e-07
7.21849e-07
-3.85407e-07
7.77633e-07
-3.57391e-07
8.57392e-07
-3.56507e-07
9.65991e-07
-3.75612e-07
1.08665e-06
-4.23766e-07
1.22642e-06
-4.72269e-07
1.3618e-06
-5.49335e-07
1.46023e-06
-5.59364e-07
1.51197e-06
-5.5891e-07
1.49618e-06
-4.73095e-07
1.46497e-06
-4.12993e-07
1.40441e-06
-3.49724e-07
1.32387e-06
-1.77065e-07
1.21038e-06
-9.43772e-08
1.12662e-06
-1.00579e-07
1.0333e-06
-2.13366e-07
9.36189e-07
-1.89601e-07
8.99118e-07
-2.16256e-08
8.50023e-07
-1.02183e-08
8.17367e-07
-7.26619e-09
7.87295e-07
-6.77614e-09
7.66177e-07
-7.52879e-09
7.0003e-07
-1.1854e-08
6.57296e-07
-2.12344e-08
3.4222e-07
-7.21133e-08
9.05369e-09
-3.17749e-09
7.17107e-09
-7.57993e-09
-9.19922e-09
8.57838e-07
-4.38494e-07
8.4506e-07
-4.22063e-07
8.60718e-07
-4.09295e-07
8.97158e-07
-4.02269e-07
9.50651e-07
-4.16952e-07
1.02393e-06
-4.53513e-07
1.09657e-06
-5.03874e-07
1.19004e-06
-5.6404e-07
1.24356e-06
-6.16249e-07
1.24744e-06
-5.63687e-07
1.18986e-06
-5.25343e-07
1.08673e-06
-3.8126e-07
9.62069e-07
-2.65753e-07
8.24169e-07
-1.76061e-07
7.59827e-07
-6.62747e-08
6.67937e-07
-1.85747e-08
6.01241e-07
-1.98016e-08
3.06263e-07
-6.13643e-08
8.26287e-09
6.30556e-10
9.51408e-09
-9.1492e-10
8.10493e-09
-1.20371e-09
7.93627e-09
-1.51075e-09
7.79257e-09
-1.89421e-09
7.56641e-09
-2.38892e-09
7.04629e-09
-2.96413e-09
5.74719e-09
-3.67913e-09
5.05374e-09
-4.19542e-09
5.37509e-09
-4.50422e-09
3.73211e-09
-8.34397e-09
-9.91965e-09
8.59764e-07
-3.82889e-07
8.2014e-07
-3.77584e-07
7.98941e-07
-3.86085e-07
7.97707e-07
-3.97113e-07
8.2446e-07
-4.38992e-07
8.60277e-07
-4.85752e-07
9.10421e-07
-5.44801e-07
9.65571e-07
-6.12588e-07
9.31502e-07
-5.87745e-07
8.60227e-07
-4.7715e-07
7.10014e-07
-3.94143e-07
5.73353e-07
-1.66387e-07
3.44688e-07
-7.80498e-08
6.35735e-08
-1.17971e-08
7.55062e-09
-5.41042e-10
6.13502e-09
-6.15941e-10
5.67275e-09
-3.01366e-10
6.99758e-09
5.05452e-10
8.26336e-09
1.07297e-09
8.20189e-09
-8.37463e-10
7.72953e-09
-1.35885e-09
7.4195e-09
-1.81139e-09
7.11722e-09
-2.30634e-09
6.72175e-09
-2.89052e-09
6.12861e-09
-3.54864e-09
5.27354e-09
-4.29217e-09
4.49785e-09
-4.8815e-09
3.77281e-09
-5.01521e-09
2.2834e-09
-6.40672e-09
-7.25618e-09
8.60602e-07
-3.28935e-07
8.23331e-07
-3.35801e-07
7.95813e-07
-3.59957e-07
7.90224e-07
-3.87693e-07
7.99103e-07
-4.52242e-07
8.06281e-07
-4.93066e-07
8.38042e-07
-5.7609e-07
8.08156e-07
-5.9827e-07
6.71844e-07
-4.72376e-07
5.15807e-07
-3.32442e-07
2.52104e-07
-1.57007e-07
3.34216e-08
-7.2039e-09
6.65279e-09
-4.35943e-11
7.13909e-09
6.4159e-10
7.21265e-09
-4.80839e-11
6.62004e-09
-4.28641e-10
6.45356e-09
-2.34253e-10
6.89792e-09
2.99023e-10
7.37457e-09
1.31072e-10
7.41766e-09
-5.72814e-10
7.1911e-09
-1.08183e-09
6.89497e-09
-1.52344e-09
6.53507e-09
-1.96893e-09
6.07478e-09
-2.45034e-09
5.47286e-09
-2.96648e-09
4.72051e-09
-3.49777e-09
3.89131e-09
-3.96945e-09
2.9349e-09
-4.36727e-09
1.62868e-09
-5.01151e-09
-5.44218e-09
8.57275e-07
-2.72179e-07
8.1022e-07
-2.86251e-07
7.63133e-07
-3.13465e-07
7.35369e-07
-3.5375e-07
7.00821e-07
-4.21129e-07
6.83165e-07
-4.62515e-07
6.69067e-07
-5.63897e-07
5.42629e-07
-4.83552e-07
3.70186e-07
-3.01139e-07
1.48992e-07
-1.19628e-07
5.30806e-09
3.30613e-10
6.79635e-09
8.01989e-10
6.80208e-09
3.6327e-10
6.86055e-09
5.39964e-10
6.85376e-09
1.36839e-10
6.67877e-09
-9.54033e-11
6.62352e-09
-9.76156e-11
6.76596e-09
-8.49031e-12
6.91936e-09
-1.47036e-10
6.90306e-09
-5.03384e-10
6.72225e-09
-8.72241e-10
6.4342e-09
-1.23161e-09
6.05331e-09
-1.59562e-09
5.56944e-09
-1.97543e-09
4.96753e-09
-2.36918e-09
4.24432e-09
-2.76297e-09
3.41201e-09
-3.13128e-09
2.44681e-09
-3.4729e-09
1.2964e-09
-3.82987e-09
-4.05884e-09
8.51859e-07
-2.10415e-07
7.91702e-07
-2.25973e-07
7.30536e-07
-2.51739e-07
6.78519e-07
-2.98163e-07
6.14819e-07
-3.57999e-07
5.83122e-07
-4.16054e-07
5.04504e-07
-4.98009e-07
3.23993e-07
-3.22104e-07
1.17569e-07
-1.10221e-07
5.02491e-09
4.79137e-10
6.33219e-09
9.51132e-10
6.45563e-09
7.51931e-10
6.57483e-09
4.47344e-10
6.64726e-09
3.41172e-10
6.66307e-09
1.50726e-10
6.61778e-09
7.7934e-12
6.59578e-09
-5.23296e-11
6.62303e-09
-8.83481e-11
6.63384e-09
-2.07352e-10
6.55296e-09
-4.21451e-10
6.36065e-09
-6.7215e-10
6.06627e-09
-9.35135e-10
5.67454e-09
-1.20651e-09
5.18212e-09
-1.48657e-09
4.58353e-09
-1.77186e-09
3.87725e-09
-2.05364e-09
3.0656e-09
-2.31979e-09
2.14394e-09
-2.5632e-09
1.1101e-09
-2.77623e-09
-2.90446e-09
8.46169e-07
-1.43564e-07
7.74629e-07
-1.55964e-07
6.99918e-07
-1.76644e-07
6.18479e-07
-2.16149e-07
5.27041e-07
-2.63709e-07
4.55472e-07
-3.31021e-07
3.14904e-07
-3.66354e-07
1.01963e-07
-1.16017e-07
4.21467e-09
2.1775e-10
5.71878e-09
8.67206e-10
5.99655e-09
6.2109e-10
6.2368e-09
4.86221e-10
6.39435e-09
3.32997e-10
6.49058e-09
2.26645e-10
6.53351e-09
1.17095e-10
6.53349e-09
2.81664e-11
6.51879e-09
-3.11642e-11
6.49653e-09
-8.52311e-11
6.44e-09
-1.72583e-10
6.31432e-09
-3.02925e-10
6.1011e-09
-4.59782e-10
5.7957e-09
-6.30271e-10
5.39646e-09
-8.08731e-10
4.90099e-09
-9.92467e-10
4.30722e-09
-1.17805e-09
3.61555e-09
-1.35995e-09
2.8292e-09
-1.53103e-09
1.95325e-09
-1.68386e-09
1.00007e-09
-1.80738e-09
-1.87832e-09
8.41729e-07
-7.27989e-08
7.628e-07
-7.94971e-08
6.76729e-07
-9.10372e-08
5.72101e-07
-1.13335e-07
4.52526e-07
-1.41743e-07
3.21217e-07
-1.93576e-07
1.24485e-07
-1.85774e-07
3.26691e-09
-8.34861e-10
4.9537e-09
3.02538e-10
5.47539e-09
3.29788e-10
5.84645e-09
2.97433e-10
6.10064e-09
2.38862e-10
6.27518e-09
1.71791e-10
6.38722e-09
1.15318e-10
6.44689e-09
6.28374e-11
6.46387e-09
1.89338e-11
6.44935e-09
-1.52669e-11
6.40433e-09
-4.88323e-11
6.3153e-09
-9.48263e-11
6.16322e-09
-1.57884e-10
5.93375e-09
-2.33777e-10
5.61897e-09
-3.17432e-10
5.21461e-09
-4.05671e-10
4.71815e-09
-4.96514e-10
4.12884e-09
-5.87915e-10
3.44854e-09
-6.77091e-10
2.68241e-09
-7.60494e-10
1.83979e-09
-8.33861e-10
9.36929e-10
-8.91091e-10
-9.23135e-10
8.39558e-07
7.56928e-07
6.6546e-07
5.48082e-07
4.08836e-07
2.05828e-07
3.65737e-08
3.99416e-09
5.43216e-09
5.54907e-09
5.81321e-09
6.04412e-09
6.21852e-09
6.33623e-09
6.40296e-09
6.42574e-09
6.4104e-09
6.35612e-09
6.25364e-09
6.08952e-09
5.8517e-09
5.53185e-09
5.12487e-09
4.62815e-09
4.04145e-09
3.36737e-09
2.61212e-09
1.78659e-09
9.07842e-10
)
;

boundaryField
{
    inlet1
    {
        type            calculated;
        value           nonuniform List<scalar> 10(-1e-07 -1e-07 -1e-07 -1e-07 -1e-07 -1e-07 -1e-07 -1e-07 -1e-07 -1e-07);
    }
    inlet2
    {
        type            calculated;
        value           uniform 0;
    }
    inlet3
    {
        type            calculated;
        value           nonuniform List<scalar> 10(-9.13394e-07 -9.13394e-07 -9.13394e-07 -9.13394e-07 -9.13394e-07 -9.13394e-07 -9.13394e-07 -9.13394e-07 -9.13394e-07 -9.13394e-07);
    }
    output1
    {
        type            calculated;
        value           uniform 0;
    }
    output2
    {
        type            calculated;
        value           nonuniform List<scalar> 10(2.62403e-08 1.65355e-08 1.31384e-08 1.16891e-08 1.10124e-08 8.85223e-09 1.64404e-06 2.9048e-06 2.98363e-06 2.51401e-06);
    }
    output3
    {
        type            calculated;
        value           uniform -0;
    }
    up
    {
        type            calculated;
        value           uniform 0;
    }
    down
    {
        type            calculated;
        value           uniform 0;
    }
    emptyWalls
    {
        type            empty;
        value           nonuniform List<scalar> 0();
    }
}


// ************************************************************************* //
