/*--------------------------------*- C++ -*----------------------------------*\
  =========                 |
  \\      /  F ield         | OpenFOAM: The Open Source CFD Toolbox
   \\    /   O peration     | Website:  https://openfoam.org
    \\  /    A nd           | Version:  9
     \\/     M anipulation  |
\*---------------------------------------------------------------------------*/
FoamFile
{
    format      ascii;
    class       volScalarField;
    location    "2500";
    object      alpha;
}
// * * * * * * * * * * * * * * * * * * * * * * * * * * * * * * * * * * * * * //

dimensions      [0 2 -1 0 0 0 0];

internalField   nonuniform List<scalar> 
900
(
-3.07197e-11
-1.09906e-11
-8.2151e-12
-2.95624e-14
-4.0652e-14
-4.0652e-14
-4.0652e-14
-4.0652e-14
-4.0652e-14
-4.0652e-14
-4.0652e-14
-4.0652e-14
-4.0652e-14
-4.0652e-14
-4.0652e-14
-4.0652e-14
-4.0652e-14
-4.0652e-14
-4.0652e-14
-4.0652e-14
-4.0652e-14
-4.0652e-14
-4.0652e-14
-4.0652e-14
-4.0652e-14
-4.0652e-14
-4.0652e-14
-4.0652e-14
-4.0652e-14
-4.0652e-14
-2.945e-11
-1.14363e-11
-5.58879e-12
-3.43574e-14
-4.0652e-14
-4.0652e-14
-4.0652e-14
-4.0652e-14
-4.0652e-14
-4.0652e-14
-4.0652e-14
-4.0652e-14
-4.0652e-14
-4.0652e-14
-4.0652e-14
-4.0652e-14
-4.0652e-14
-4.0652e-14
-4.0652e-14
-4.0652e-14
-4.0652e-14
-4.0652e-14
-4.0652e-14
-4.0652e-14
-4.0652e-14
-4.0652e-14
-4.0652e-14
-4.0652e-14
-4.0652e-14
-4.0652e-14
-2.88277e-11
-1.19417e-11
-4.00524e-12
-3.69005e-14
-4.0652e-14
-4.0652e-14
-4.0652e-14
-4.0652e-14
-4.0652e-14
-4.0652e-14
-4.0652e-14
-4.0652e-14
-4.0652e-14
-4.0652e-14
-4.0652e-14
-4.0652e-14
-4.0652e-14
-4.0652e-14
-4.0652e-14
-4.0652e-14
-4.0652e-14
-4.0652e-14
-4.0652e-14
-4.0652e-14
-4.0652e-14
-4.0652e-14
-4.0652e-14
-4.0652e-14
-4.0652e-14
-4.0652e-14
-2.86977e-11
-1.28471e-11
-1.39558e-12
-3.98292e-14
-4.0652e-14
-4.0652e-14
-4.0652e-14
-4.0652e-14
-4.0652e-14
-4.0652e-14
-4.0652e-14
-4.0652e-14
-4.0652e-14
-4.0652e-14
-4.0652e-14
-4.0652e-14
-4.0652e-14
-4.0652e-14
-4.0652e-14
-4.0652e-14
-4.0652e-14
-4.0652e-14
-4.0652e-14
-4.0652e-14
-4.0652e-14
-4.0652e-14
-4.0652e-14
-4.0652e-14
-4.0652e-14
-4.0652e-14
-3.01733e-11
-1.31057e-11
-1.8404e-13
-4.05971e-14
-4.0652e-14
-4.0652e-14
-4.0652e-14
-4.0652e-14
-4.0652e-14
-4.0652e-14
-4.0652e-14
-4.0652e-14
-4.0652e-14
-4.0652e-14
-4.0652e-14
-4.0652e-14
-4.0652e-14
-4.0652e-14
-4.0652e-14
-4.0652e-14
-4.0652e-14
-4.0652e-14
-4.0652e-14
-4.0652e-14
-4.0652e-14
-4.0652e-14
-4.0652e-14
-4.0652e-14
-4.0652e-14
-4.0652e-14
-2.98166e-11
-1.20945e-11
-4.84078e-14
-4.06448e-14
-4.0652e-14
-4.0652e-14
-4.0652e-14
-4.0652e-14
-4.0652e-14
-4.0652e-14
-4.0652e-14
-4.0652e-14
-4.0652e-14
-4.0652e-14
-4.0652e-14
-4.0652e-14
-4.0652e-14
-4.0652e-14
-4.0652e-14
-4.0652e-14
-4.0652e-14
-4.0652e-14
-4.0652e-14
-4.0652e-14
-4.0652e-14
-4.0652e-14
-4.0652e-14
-4.0652e-14
-4.0652e-14
-4.0652e-14
-2.02922e-11
-9.79432e-12
-2.74652e-14
-4.06511e-14
-4.0652e-14
-4.0652e-14
-4.0652e-14
-4.0652e-14
-4.0652e-14
-4.0652e-14
-4.0652e-14
-4.0652e-14
-4.0652e-14
-4.0652e-14
-4.0652e-14
-4.0652e-14
-4.0652e-14
-4.0652e-14
-4.0652e-14
-4.0652e-14
-4.0652e-14
-4.0652e-14
-4.0652e-14
-4.0652e-14
-4.0652e-14
-4.0652e-14
-4.0652e-14
-4.0652e-14
-4.0652e-14
-4.0652e-14
-2.41594e-11
-9.95253e-12
-2.82763e-14
-4.0652e-14
-4.0652e-14
-4.0652e-14
-4.0652e-14
-4.0652e-14
-4.0652e-14
-4.0652e-14
-4.0652e-14
-4.0652e-14
-4.0652e-14
-4.0652e-14
-4.0652e-14
-4.0652e-14
-4.0652e-14
-4.0652e-14
-4.0652e-14
-4.0652e-14
-4.0652e-14
-4.0652e-14
-4.0652e-14
-4.0652e-14
-4.0652e-14
-4.0652e-14
-4.0652e-14
-4.0652e-14
-4.0652e-14
-4.0652e-14
-1.48457e-11
-4.46948e-12
-3.71501e-14
-4.0652e-14
-4.0652e-14
-4.0652e-14
-4.0652e-14
-4.0652e-14
-4.0652e-14
-4.0652e-14
-4.0652e-14
-4.0652e-14
-4.0652e-14
-4.0652e-14
-4.0652e-14
-4.0652e-14
-4.0652e-14
-4.0652e-14
-4.0652e-14
-4.0652e-14
-4.0652e-14
-4.0652e-14
-4.0652e-14
-4.0652e-14
-4.0652e-14
-4.0652e-14
-4.0652e-14
-4.0652e-14
-4.0652e-14
-4.0652e-14
-1.71924e-11
-1.03111e-13
-4.06155e-14
-4.0652e-14
-4.0652e-14
-4.0652e-14
-4.0652e-14
-4.0652e-14
-4.0652e-14
-4.0652e-14
-4.0652e-14
-4.0652e-14
-4.0652e-14
-4.0652e-14
-4.0652e-14
-4.0652e-14
-4.0652e-14
-4.0652e-14
-4.0652e-14
-4.0652e-14
-4.0652e-14
-4.0652e-14
-4.0652e-14
-4.0652e-14
-4.0652e-14
-4.0652e-14
-4.0652e-14
-4.0652e-14
-4.0652e-14
-4.0652e-14
-1.99033e-11
-8.53446e-14
-4.02609e-14
-4.0652e-14
-4.0652e-14
-4.0652e-14
-4.0652e-14
-4.0652e-14
-4.0652e-14
-4.0652e-14
-4.0652e-14
-4.0652e-14
-4.0652e-14
-4.0652e-14
-4.0652e-14
-4.0652e-14
-4.0652e-14
-4.0652e-14
-4.0652e-14
-4.0652e-14
-4.0652e-14
-4.0652e-14
-4.0652e-14
-4.0652e-14
-4.0652e-14
-4.0652e-14
-4.0652e-14
-4.0652e-14
-4.0652e-14
-4.0652e-14
-1.70363e-11
-4.26022e-12
-1.30422e-12
-3.40452e-14
-4.0652e-14
-4.0652e-14
-4.0652e-14
-4.0652e-14
-4.0652e-14
-4.0652e-14
-4.0652e-14
-4.0652e-14
-4.0652e-14
-4.0652e-14
-4.0652e-14
-4.0652e-14
-4.0652e-14
-4.0652e-14
-4.0652e-14
-4.0652e-14
-4.0652e-14
-4.0652e-14
-4.0652e-14
-4.0652e-14
-4.0652e-14
-4.0652e-14
-4.0652e-14
-4.0652e-14
-4.0652e-14
-4.0652e-14
-1.09067e-11
-6.37007e-12
-4.26701e-12
-6.53688e-12
-2.91003e-14
-4.0652e-14
-4.0652e-14
-4.0652e-14
-4.0652e-14
-4.0652e-14
-4.0652e-14
-4.0652e-14
-4.0652e-14
-4.0652e-14
-4.0652e-14
-4.0652e-14
-4.0652e-14
-4.0652e-14
-4.0652e-14
-4.0652e-14
-4.0652e-14
-4.0652e-14
-4.0652e-14
-4.0652e-14
-4.0652e-14
-4.0652e-14
-4.0652e-14
-4.0652e-14
-4.0652e-14
-4.0652e-14
-1.06235e-11
-1.13457e-11
-1.0106e-11
-8.78404e-12
-4.75482e-14
-4.06466e-14
-4.0652e-14
-4.0652e-14
-4.0652e-14
-4.0652e-14
-4.0652e-14
-4.0652e-14
-4.0652e-14
-4.0652e-14
-4.0652e-14
-4.0652e-14
-4.0652e-14
-4.0652e-14
-4.0652e-14
-4.0652e-14
-4.0652e-14
-4.0652e-14
-4.0652e-14
-4.0652e-14
-4.0652e-14
-4.0652e-14
-4.0652e-14
-4.0652e-14
-4.0652e-14
-4.0652e-14
-1.86136e-11
-2.21368e-11
-1.15013e-11
-7.19091e-12
-4.03322e-13
-4.04952e-14
-4.0652e-14
-4.0652e-14
-4.0652e-14
-4.0652e-14
-4.0652e-14
-4.0652e-14
-4.0652e-14
-4.0652e-14
-4.0652e-14
-4.0652e-14
-4.0652e-14
-4.0652e-14
-4.0652e-14
-4.0652e-14
-4.0652e-14
-4.0652e-14
-4.0652e-14
-4.0652e-14
-4.0652e-14
-4.0652e-14
-4.0652e-14
-4.0652e-14
-4.0652e-14
-4.0652e-14
-2.16199e-11
-2.06555e-11
-2.4777e-11
-1.04045e-11
-7.86164e-14
-4.06422e-14
-4.0652e-14
-4.0652e-14
-4.0652e-14
-4.0652e-14
-4.0652e-14
-4.0652e-14
-4.0652e-14
-4.0652e-14
-4.0652e-14
-4.0652e-14
-4.0652e-14
-4.06517e-14
-4.06515e-14
-4.06492e-14
-4.06502e-14
-4.06505e-14
-4.06519e-14
-4.0652e-14
-4.0652e-14
-4.0652e-14
-4.0652e-14
-4.0652e-14
-4.0652e-14
-4.0652e-14
-1.75993e-11
-2.04701e-11
-1.25537e-11
-1.62295e-11
-2.14648e-12
-4.02019e-14
-4.06433e-14
-4.06106e-14
-4.0553e-14
-4.05216e-14
-4.0165e-14
-3.87493e-14
-3.6093e-14
-3.37789e-14
-3.15113e-14
-3.04041e-14
-2.85313e-14
-2.64653e-14
-2.66843e-14
-3.40545e-14
-3.10243e-14
-2.96328e-14
-2.65651e-14
-3.30036e-14
-4.06518e-14
-4.0652e-14
-4.0652e-14
-4.0652e-14
-4.0652e-14
-4.0652e-14
-1.72036e-11
-1.41804e-11
-9.45791e-12
-1.32181e-11
-7.0458e-12
-6.86711e-12
-3.00429e-13
-2.4234e-13
-4.86996e-13
-6.74244e-13
-1.58903e-12
-2.58879e-12
-3.27793e-12
-3.82641e-12
-4.34146e-12
-4.87107e-12
-5.45164e-12
-5.95635e-12
-6.67489e-12
-6.77808e-12
-7.3169e-12
-7.04724e-12
-6.7845e-12
-8.46677e-12
-2.70283e-14
-4.06424e-14
-4.0652e-14
-4.0652e-14
-4.0652e-14
-4.0652e-14
-1.55509e-11
-1.28608e-11
-1.2464e-11
-1.27551e-11
-1.06526e-11
-9.64217e-12
-6.6343e-12
-6.66523e-12
-7.33779e-12
-8.13206e-12
-8.90576e-12
-9.41889e-12
-9.7193e-12
-9.94085e-12
-1.01001e-11
-1.01868e-11
-1.01681e-11
-1.00804e-11
-9.99412e-12
-9.75695e-12
-9.18034e-12
-8.05339e-12
-7.43021e-12
-3.50794e-12
-3.46415e-12
-9.59861e-14
-4.06273e-14
-4.0652e-14
-4.0652e-14
-4.0652e-14
-1.56457e-11
-1.53586e-11
-1.64433e-11
-1.51842e-11
-1.50191e-11
-1.35634e-11
-1.37902e-11
-1.33781e-11
-1.30376e-11
-1.26649e-11
-1.23252e-11
-1.18512e-11
-1.15935e-11
-1.15543e-11
-1.14744e-11
-1.13435e-11
-1.08293e-11
-1.01158e-11
-9.16697e-12
-8.58148e-12
-7.64261e-12
-7.49464e-12
-4.84309e-12
-6.27727e-12
-2.65087e-14
-4.06499e-14
-4.0652e-14
-4.0652e-14
-4.0652e-14
-4.0652e-14
-2.15763e-11
-2.18643e-11
-2.05702e-11
-1.81454e-11
-1.73394e-11
-1.61936e-11
-1.61791e-11
-1.49296e-11
-1.29348e-11
-1.10878e-11
-9.85633e-12
-9.01058e-12
-8.77231e-12
-8.83612e-12
-8.81741e-12
-8.91077e-12
-8.45472e-12
-7.8823e-12
-6.04462e-12
-4.67747e-12
-4.10125e-12
-5.08906e-12
-3.28651e-12
-3.75519e-14
-4.0652e-14
-4.0652e-14
-4.0652e-14
-4.0652e-14
-4.0652e-14
-4.0652e-14
-1.79783e-11
-1.62413e-11
-1.67322e-11
-1.62392e-11
-1.61273e-11
-1.55289e-11
-1.48015e-11
-1.19262e-11
-9.24272e-12
-7.22452e-12
-4.91483e-12
-4.52706e-12
-4.61796e-12
-4.81143e-12
-4.87453e-12
-5.23389e-12
-4.9279e-12
-6.0272e-12
-3.2939e-12
-4.26482e-14
-2.64633e-14
-3.03166e-14
-3.94638e-14
-4.0652e-14
-4.0652e-14
-4.0652e-14
-4.0652e-14
-4.0652e-14
-4.0652e-14
-4.0652e-14
-1.90454e-11
-1.82157e-11
-1.93845e-11
-1.80979e-11
-1.74358e-11
-1.64656e-11
-1.26058e-11
-7.3375e-12
-5.02649e-12
-4.2672e-12
-2.83766e-14
-3.00379e-14
-2.96809e-14
-3.09237e-14
-3.34378e-14
-3.63626e-14
-3.86373e-14
-4.00255e-14
-4.03124e-14
-4.06431e-14
-4.06515e-14
-4.0652e-14
-4.0652e-14
-4.0652e-14
-4.0652e-14
-4.0652e-14
-4.0652e-14
-4.0652e-14
-4.0652e-14
-4.0652e-14
-1.90854e-11
-1.80365e-11
-1.87238e-11
-1.64432e-11
-1.75503e-11
-1.47529e-11
-7.54927e-12
-2.44621e-12
-3.96103e-14
-4.06499e-14
-4.0652e-14
-4.0652e-14
-4.0652e-14
-4.0652e-14
-4.0652e-14
-4.0652e-14
-4.0652e-14
-4.0652e-14
-4.0652e-14
-4.0652e-14
-4.0652e-14
-4.0652e-14
-4.0652e-14
-4.0652e-14
-4.0652e-14
-4.0652e-14
-4.0652e-14
-4.0652e-14
-4.0652e-14
-4.0652e-14
-1.91364e-11
-1.90302e-11
-1.91119e-11
-1.7464e-11
-1.9198e-11
-1.10082e-11
-2.83536e-12
-3.97756e-14
-4.0652e-14
-4.0652e-14
-4.0652e-14
-4.0652e-14
-4.0652e-14
-4.0652e-14
-4.0652e-14
-4.0652e-14
-4.0652e-14
-4.0652e-14
-4.0652e-14
-4.0652e-14
-4.0652e-14
-4.0652e-14
-4.0652e-14
-4.0652e-14
-4.0652e-14
-4.0652e-14
-4.0652e-14
-4.0652e-14
-4.0652e-14
-4.0652e-14
-1.93596e-11
-1.95332e-11
-1.87722e-11
-1.82341e-11
-1.67532e-11
-5.6673e-12
-3.45213e-14
-4.0652e-14
-4.0652e-14
-4.0652e-14
-4.0652e-14
-4.0652e-14
-4.0652e-14
-4.0652e-14
-4.0652e-14
-4.0652e-14
-4.0652e-14
-4.0652e-14
-4.0652e-14
-4.0652e-14
-4.0652e-14
-4.0652e-14
-4.0652e-14
-4.0652e-14
-4.0652e-14
-4.0652e-14
-4.0652e-14
-4.0652e-14
-4.0652e-14
-4.0652e-14
-1.95653e-11
-1.96331e-11
-1.92887e-11
-1.90229e-11
-1.42377e-11
-1.4802e-12
-4.05015e-14
-4.0652e-14
-4.0652e-14
-4.0652e-14
-4.0652e-14
-4.0652e-14
-4.0652e-14
-4.0652e-14
-4.0652e-14
-4.0652e-14
-4.0652e-14
-4.0652e-14
-4.0652e-14
-4.0652e-14
-4.0652e-14
-4.0652e-14
-4.0652e-14
-4.0652e-14
-4.0652e-14
-4.0652e-14
-4.0652e-14
-4.0652e-14
-4.0652e-14
-4.0652e-14
-1.9661e-11
-1.97462e-11
-1.96615e-11
-1.85653e-11
-1.15259e-11
-1.2188e-13
-4.06444e-14
-4.0652e-14
-4.0652e-14
-4.0652e-14
-4.0652e-14
-4.0652e-14
-4.0652e-14
-4.0652e-14
-4.0652e-14
-4.0652e-14
-4.0652e-14
-4.0652e-14
-4.0652e-14
-4.0652e-14
-4.0652e-14
-4.0652e-14
-4.0652e-14
-4.0652e-14
-4.0652e-14
-4.0652e-14
-4.0652e-14
-4.0652e-14
-4.0652e-14
-4.0652e-14
-1.97289e-11
-1.97892e-11
-1.96771e-11
-1.67651e-11
-1.05572e-11
-4.57276e-13
-4.05627e-14
-4.0652e-14
-4.0652e-14
-4.0652e-14
-4.0652e-14
-4.0652e-14
-4.0652e-14
-4.0652e-14
-4.0652e-14
-4.0652e-14
-4.0652e-14
-4.0652e-14
-4.0652e-14
-4.0652e-14
-4.0652e-14
-4.0652e-14
-4.0652e-14
-4.0652e-14
-4.0652e-14
-4.0652e-14
-4.0652e-14
-4.0652e-14
-4.0652e-14
-4.0652e-14
-1.96957e-11
-1.99372e-11
-1.90645e-11
-1.66815e-11
-1.08599e-11
-4.11262e-13
-4.05714e-14
-4.0652e-14
-4.0652e-14
-4.0652e-14
-4.0652e-14
-4.0652e-14
-4.0652e-14
-4.0652e-14
-4.0652e-14
-4.0652e-14
-4.0652e-14
-4.0652e-14
-4.0652e-14
-4.0652e-14
-4.0652e-14
-4.0652e-14
-4.0652e-14
-4.0652e-14
-4.0652e-14
-4.0652e-14
-4.0652e-14
-4.0652e-14
-4.0652e-14
-4.0652e-14
)
;

boundaryField
{
    inlet1
    {
        type            calculated;
        value           uniform -5e-10;
    }
    inlet2
    {
        type            calculated;
        value           nonuniform List<scalar> 10(-1.99033e-11 -1.70363e-11 -1.09067e-11 -1.06235e-11 -1.86136e-11 -2.16199e-11 -1.75993e-11 -1.72036e-11 -1.55509e-11 -1.56457e-11);
    }
    inlet3
    {
        type            calculated;
        value           uniform -1.95111e-11;
    }
    output1
    {
        type            calculated;
        value           nonuniform List<scalar> 10(-4.0652e-14 -4.0652e-14 -4.0652e-14 -4.0652e-14 -4.0652e-14 -4.0652e-14 -4.0652e-14 -4.0652e-14 -4.0652e-14 -4.0652e-14);
    }
    output2
    {
        type            calculated;
        value           nonuniform List<scalar> 10(-4.0652e-14 -4.0652e-14 -4.0652e-14 -4.0652e-14 -4.0652e-14 -4.0652e-14 -4.0652e-14 -4.0652e-14 -4.0652e-14 -4.0652e-14);
    }
    output3
    {
        type            calculated;
        value           nonuniform List<scalar> 10(-4.0652e-14 -4.0652e-14 -4.0652e-14 -4.0652e-14 -4.0652e-14 -4.0652e-14 -4.0652e-14 -4.0652e-14 -4.0652e-14 -4.0652e-14);
    }
    up
    {
        type            calculated;
        value           nonuniform List<scalar> 
30
(
-1.96957e-11
-1.99372e-11
-1.90645e-11
-1.66815e-11
-1.08599e-11
-4.11262e-13
-4.05714e-14
-4.0652e-14
-4.0652e-14
-4.0652e-14
-4.0652e-14
-4.0652e-14
-4.0652e-14
-4.0652e-14
-4.0652e-14
-4.0652e-14
-4.0652e-14
-4.0652e-14
-4.0652e-14
-4.0652e-14
-4.0652e-14
-4.0652e-14
-4.0652e-14
-4.0652e-14
-4.0652e-14
-4.0652e-14
-4.0652e-14
-4.0652e-14
-4.0652e-14
-4.0652e-14
)
;
    }
    down
    {
        type            calculated;
        value           nonuniform List<scalar> 
30
(
-3.07197e-11
-1.09906e-11
-8.2151e-12
-2.95624e-14
-4.0652e-14
-4.0652e-14
-4.0652e-14
-4.0652e-14
-4.0652e-14
-4.0652e-14
-4.0652e-14
-4.0652e-14
-4.0652e-14
-4.0652e-14
-4.0652e-14
-4.0652e-14
-4.0652e-14
-4.0652e-14
-4.0652e-14
-4.0652e-14
-4.0652e-14
-4.0652e-14
-4.0652e-14
-4.0652e-14
-4.0652e-14
-4.0652e-14
-4.0652e-14
-4.0652e-14
-4.0652e-14
-4.0652e-14
)
;
    }
    emptyWalls
    {
        type            empty;
    }
}


// ************************************************************************* //
