/*--------------------------------*- C++ -*----------------------------------*\
  =========                 |
  \\      /  F ield         | OpenFOAM: The Open Source CFD Toolbox
   \\    /   O peration     | Website:  https://openfoam.org
    \\  /    A nd           | Version:  9
     \\/     M anipulation  |
\*---------------------------------------------------------------------------*/
FoamFile
{
    format      ascii;
    class       volScalarField;
    location    "2500";
    object      p;
}
// * * * * * * * * * * * * * * * * * * * * * * * * * * * * * * * * * * * * * //

dimensions      [0 0 0 0 0 0 0];

internalField   nonuniform List<scalar> 
900
(
1.23178e+09
1.23174e+09
1.23166e+09
1.2315e+09
1.21262e+09
1.19597e+09
1.17911e+09
1.16202e+09
1.14457e+09
1.12666e+09
1.10816e+09
1.08897e+09
1.069e+09
1.04818e+09
1.02645e+09
1.00381e+09
9.80258e+08
9.55861e+08
9.30727e+08
9.05034e+08
8.79031e+08
8.53054e+08
8.27531e+08
8.02984e+08
7.80021e+08
7.5932e+08
7.41592e+08
7.27536e+08
7.17769e+08
7.12759e+08
1.23177e+09
1.23173e+09
1.23165e+09
1.2314e+09
1.21298e+09
1.19617e+09
1.17936e+09
1.16237e+09
1.14504e+09
1.12725e+09
1.10885e+09
1.08975e+09
1.06985e+09
1.04908e+09
1.02737e+09
1.00471e+09
9.81106e+08
9.56597e+08
9.31288e+08
9.05344e+08
8.79005e+08
8.526e+08
8.26556e+08
8.014e+08
7.7776e+08
7.56346e+08
7.3792e+08
7.23246e+08
7.13012e+08
7.0775e+08
1.23176e+09
1.23172e+09
1.23163e+09
1.23127e+09
1.21313e+09
1.19637e+09
1.17977e+09
1.16305e+09
1.14599e+09
1.12843e+09
1.11025e+09
1.09133e+09
1.07158e+09
1.05091e+09
1.02925e+09
1.00657e+09
9.82854e+08
9.58133e+08
9.32484e+08
9.06048e+08
8.79045e+08
8.51786e+08
8.24693e+08
7.98301e+08
7.73272e+08
7.50383e+08
7.30497e+08
7.14516e+08
7.03285e+08
6.97479e+08
1.23174e+09
1.2317e+09
1.23159e+09
1.23041e+09
1.21275e+09
1.19642e+09
1.18032e+09
1.16406e+09
1.14743e+09
1.13024e+09
1.11239e+09
1.09375e+09
1.07423e+09
1.05372e+09
1.03215e+09
1.00946e+09
9.85609e+08
9.60597e+08
9.34466e+08
9.0732e+08
8.7934e+08
8.50809e+08
8.22128e+08
7.93839e+08
7.66645e+08
7.41415e+08
7.19171e+08
7.01036e+08
6.88131e+08
6.814e+08
1.23171e+09
1.23168e+09
1.23159e+09
1.22621e+09
1.21122e+09
1.19622e+09
1.18103e+09
1.16547e+09
1.14941e+09
1.13273e+09
1.11531e+09
1.09706e+09
1.07785e+09
1.05759e+09
1.03617e+09
1.01351e+09
9.89526e+08
9.6418e+08
9.37463e+08
9.09424e+08
8.80189e+08
8.49984e+08
8.19171e+08
7.88281e+08
7.58053e+08
7.29461e+08
7.03734e+08
6.82325e+08
6.66801e+08
6.58589e+08
1.23168e+09
1.23165e+09
1.23158e+09
1.22217e+09
1.2097e+09
1.19623e+09
1.1821e+09
1.16737e+09
1.15201e+09
1.13595e+09
1.11908e+09
1.10132e+09
1.08254e+09
1.06262e+09
1.04144e+09
1.01887e+09
9.94805e+08
9.69133e+08
9.41783e+08
9.12727e+08
8.82007e+08
8.49765e+08
8.16289e+08
7.82062e+08
7.47823e+08
7.14641e+08
6.83976e+08
6.57728e+08
6.38158e+08
6.27567e+08
1.23162e+09
1.23159e+09
1.23151e+09
1.22032e+09
1.20917e+09
1.19689e+09
1.18377e+09
1.16991e+09
1.15532e+09
1.13996e+09
1.12375e+09
1.10659e+09
1.08836e+09
1.06891e+09
1.04809e+09
1.02574e+09
1.00169e+09
9.75763e+08
9.47808e+08
9.17694e+08
8.85345e+08
8.50779e+08
8.14158e+08
7.75853e+08
7.36538e+08
6.97301e+08
6.59802e+08
6.26453e+08
6.00536e+08
5.85954e+08
1.23154e+09
1.23151e+09
1.23143e+09
1.22023e+09
1.20978e+09
1.1984e+09
1.18617e+09
1.17317e+09
1.1594e+09
1.14483e+09
1.12938e+09
1.11294e+09
1.0954e+09
1.07657e+09
1.05627e+09
1.03431e+09
1.01044e+09
9.84424e+08
9.55994e+08
9.24895e+08
8.90899e+08
8.53848e+08
8.13709e+08
7.70656e+08
7.25174e+08
6.78223e+08
6.31478e+08
5.87746e+08
5.51579e+08
5.29757e+08
1.23141e+09
1.2314e+09
1.23119e+09
1.2211e+09
1.21131e+09
1.20075e+09
1.18936e+09
1.1772e+09
1.16428e+09
1.15057e+09
1.13598e+09
1.12041e+09
1.10371e+09
1.08569e+09
1.06613e+09
1.04478e+09
1.02135e+09
9.95497e+08
9.66848e+08
9.34991e+08
8.99507e+08
8.60003e+08
8.16175e+08
7.67886e+08
7.1528e+08
6.58938e+08
6.00142e+08
5.41474e+08
4.88274e+08
4.51739e+08
1.2312e+09
1.23122e+09
1.22904e+09
1.22211e+09
1.21361e+09
1.20392e+09
1.19333e+09
1.18199e+09
1.16995e+09
1.15717e+09
1.14357e+09
1.12902e+09
1.11334e+09
1.09634e+09
1.07777e+09
1.05734e+09
1.03468e+09
1.00937e+09
9.80908e+08
9.48713e+08
9.12133e+08
8.70484e+08
8.23102e+08
7.69432e+08
7.09123e+08
6.4211e+08
5.68677e+08
4.89731e+08
4.08303e+08
3.3719e+08
1.23095e+09
1.23089e+09
1.23006e+09
1.22471e+09
1.21708e+09
1.20799e+09
1.19804e+09
1.18748e+09
1.17636e+09
1.1646e+09
1.15212e+09
1.13874e+09
1.1243e+09
1.10857e+09
1.09129e+09
1.07211e+09
1.05065e+09
1.02639e+09
9.98701e+08
9.66818e+08
9.29829e+08
8.86697e+08
8.36317e+08
7.77617e+08
7.09668e+08
6.317e+08
5.42727e+08
4.4047e+08
3.18014e+08
1.5153e+08
1.23073e+09
1.23062e+09
1.23036e+09
1.23003e+09
1.22204e+09
1.2129e+09
1.20337e+09
1.19355e+09
1.18339e+09
1.17277e+09
1.16154e+09
1.14954e+09
1.13655e+09
1.12236e+09
1.10669e+09
1.08919e+09
1.06942e+09
1.04684e+09
1.02069e+09
9.90032e+08
9.53668e+08
9.10156e+08
8.57852e+08
7.9505e+08
7.20235e+08
6.32294e+08
5.30062e+08
4.11413e+08
2.71745e+08
1.02448e+08
1.23053e+09
1.23042e+09
1.23026e+09
1.23011e+09
1.22991e+09
1.21821e+09
1.20898e+09
1.19995e+09
1.19088e+09
1.18154e+09
1.17175e+09
1.16131e+09
1.15001e+09
1.13763e+09
1.12392e+09
1.10853e+09
1.09102e+09
1.07084e+09
1.04718e+09
1.01895e+09
9.84656e+08
9.42405e+08
8.89885e+08
8.245e+08
7.4393e+08
6.47179e+08
5.33812e+08
4.03376e+08
2.55102e+08
8.89672e+07
1.23036e+09
1.23029e+09
1.23021e+09
1.23013e+09
1.23005e+09
1.22271e+09
1.21438e+09
1.20641e+09
1.19863e+09
1.19078e+09
1.18262e+09
1.17394e+09
1.16455e+09
1.15425e+09
1.14282e+09
1.12997e+09
1.11531e+09
1.09832e+09
1.07825e+09
1.05394e+09
1.02359e+09
9.84924e+08
9.34787e+08
8.69137e+08
7.83804e+08
6.78677e+08
5.54631e+08
4.1318e+08
2.56319e+08
8.7291e+07
1.23027e+09
1.23024e+09
1.23017e+09
1.2301e+09
1.22996e+09
1.22758e+09
1.21942e+09
1.21269e+09
1.20646e+09
1.20031e+09
1.194e+09
1.18728e+09
1.18e+09
1.172e+09
1.16315e+09
1.15323e+09
1.14193e+09
1.12887e+09
1.11357e+09
1.09497e+09
1.07086e+09
1.03891e+09
9.95203e+08
9.33455e+08
8.43473e+08
7.29097e+08
5.92851e+08
4.38396e+08
2.69699e+08
9.1165e+07
1.23025e+09
1.23021e+09
1.23013e+09
1.23004e+09
1.22995e+09
1.22762e+09
1.22305e+09
1.21846e+09
1.21421e+09
1.21002e+09
1.20577e+09
1.2012e+09
1.19615e+09
1.19062e+09
1.18454e+09
1.17787e+09
1.17029e+09
1.16169e+09
1.15217e+09
1.14153e+09
1.12595e+09
1.10467e+09
1.07366e+09
1.02601e+09
9.2754e+08
8.01388e+08
6.4928e+08
4.7786e+08
2.9291e+08
9.88462e+07
1.23028e+09
1.23021e+09
1.23009e+09
1.22991e+09
1.22966e+09
1.22882e+09
1.22669e+09
1.22389e+09
1.22192e+09
1.21979e+09
1.21796e+09
1.21593e+09
1.21377e+09
1.21156e+09
1.20933e+09
1.20709e+09
1.20484e+09
1.20253e+09
1.20015e+09
1.19755e+09
1.19492e+09
1.19199e+09
1.18869e+09
1.18426e+09
1.03929e+09
8.99634e+08
7.25021e+08
5.30854e+08
3.25234e+08
1.10148e+08
1.23037e+09
1.23027e+09
1.23007e+09
1.22977e+09
1.2293e+09
1.2286e+09
1.22772e+09
1.22521e+09
1.22313e+09
1.22087e+09
1.21857e+09
1.21637e+09
1.21418e+09
1.21196e+09
1.20973e+09
1.20751e+09
1.20527e+09
1.20299e+09
1.20064e+09
1.19817e+09
1.19559e+09
1.19285e+09
1.18983e+09
1.18686e+09
1.18355e+09
1.03285e+09
8.2032e+08
5.95298e+08
3.67022e+08
1.26665e+08
1.23056e+09
1.23042e+09
1.23013e+09
1.22972e+09
1.22912e+09
1.22829e+09
1.22706e+09
1.22529e+09
1.22335e+09
1.22125e+09
1.21904e+09
1.21678e+09
1.21451e+09
1.21225e+09
1.21002e+09
1.20782e+09
1.20562e+09
1.20338e+09
1.20105e+09
1.19862e+09
1.19607e+09
1.19342e+09
1.19064e+09
1.18725e+09
1.18123e+09
1.16393e+09
9.28163e+08
6.62994e+08
4.20892e+08
1.56154e+08
1.2309e+09
1.23067e+09
1.23029e+09
1.22979e+09
1.22912e+09
1.22821e+09
1.22701e+09
1.22549e+09
1.2237e+09
1.22166e+09
1.21944e+09
1.21711e+09
1.21475e+09
1.21244e+09
1.2102e+09
1.20804e+09
1.20591e+09
1.20376e+09
1.20149e+09
1.19902e+09
1.19638e+09
1.19382e+09
1.19108e+09
1.18823e+09
1.18455e+09
1.07987e+09
9.04903e+08
7.07707e+08
4.97397e+08
2.33211e+08
1.23137e+09
1.23098e+09
1.23053e+09
1.22998e+09
1.22928e+09
1.22839e+09
1.22725e+09
1.22585e+09
1.22416e+09
1.22216e+09
1.21988e+09
1.21739e+09
1.21492e+09
1.21255e+09
1.2103e+09
1.20816e+09
1.2061e+09
1.20412e+09
1.20203e+09
1.1995e+09
1.1965e+09
1.19391e+09
1.19147e+09
1.18839e+09
1.11691e+09
1.02708e+09
9.03881e+08
7.65534e+08
6.2778e+08
5.12508e+08
1.2318e+09
1.23132e+09
1.23083e+09
1.23028e+09
1.2296e+09
1.22876e+09
1.22771e+09
1.22637e+09
1.22472e+09
1.22281e+09
1.22046e+09
1.21761e+09
1.21499e+09
1.21258e+09
1.21031e+09
1.20818e+09
1.20614e+09
1.20435e+09
1.2027e+09
1.20066e+09
1.19622e+09
1.19348e+09
1.18939e+09
1.14198e+09
1.08213e+09
1.00766e+09
9.18008e+08
8.22768e+08
7.35683e+08
6.76534e+08
1.23219e+09
1.23171e+09
1.23121e+09
1.23067e+09
1.23005e+09
1.2293e+09
1.22835e+09
1.22707e+09
1.22535e+09
1.22358e+09
1.22187e+09
1.2176e+09
1.21495e+09
1.21253e+09
1.21023e+09
1.20808e+09
1.20601e+09
1.20419e+09
1.20203e+09
1.18842e+09
1.17656e+09
1.16432e+09
1.14654e+09
1.11047e+09
1.06197e+09
1.0034e+09
9.37731e+08
8.71848e+08
8.15646e+08
7.81409e+08
1.23256e+09
1.23209e+09
1.23161e+09
1.23111e+09
1.23057e+09
1.22994e+09
1.22913e+09
1.228e+09
1.22619e+09
1.22352e+09
1.21966e+09
1.21572e+09
1.21212e+09
1.20864e+09
1.20514e+09
1.20147e+09
1.1974e+09
1.19249e+09
1.18563e+09
1.1742e+09
1.1607e+09
1.14442e+09
1.1226e+09
1.09138e+09
1.05189e+09
1.00625e+09
9.57666e+08
9.11247e+08
8.73642e+08
8.52048e+08
1.23291e+09
1.23246e+09
1.23202e+09
1.23158e+09
1.23113e+09
1.23061e+09
1.22996e+09
1.22898e+09
1.2253e+09
1.22178e+09
1.21786e+09
1.21374e+09
1.20956e+09
1.20525e+09
1.20067e+09
1.19563e+09
1.18983e+09
1.18282e+09
1.17387e+09
1.16206e+09
1.14762e+09
1.13004e+09
1.10808e+09
1.08054e+09
1.04797e+09
1.01205e+09
9.75432e+08
9.41831e+08
9.15628e+08
9.01093e+08
1.23324e+09
1.23281e+09
1.23241e+09
1.23203e+09
1.23167e+09
1.23127e+09
1.23081e+09
1.22787e+09
1.2243e+09
1.22044e+09
1.21626e+09
1.21182e+09
1.20714e+09
1.20212e+09
1.19666e+09
1.19053e+09
1.18347e+09
1.17511e+09
1.16495e+09
1.15254e+09
1.13769e+09
1.12004e+09
1.09914e+09
1.07473e+09
1.04741e+09
1.01853e+09
9.90183e+08
9.65016e+08
9.45947e+08
9.35602e+08
1.23352e+09
1.23311e+09
1.23275e+09
1.23244e+09
1.23217e+09
1.23191e+09
1.23163e+09
1.2276e+09
1.2236e+09
1.2194e+09
1.21493e+09
1.21016e+09
1.20503e+09
1.19946e+09
1.1933e+09
1.18637e+09
1.17843e+09
1.16917e+09
1.15829e+09
1.14548e+09
1.13054e+09
1.11331e+09
1.09369e+09
1.07184e+09
1.04839e+09
1.02449e+09
1.00175e+09
9.82104e+08
9.67543e+08
9.59765e+08
1.23375e+09
1.23336e+09
1.23303e+09
1.23278e+09
1.23259e+09
1.23251e+09
1.23119e+09
1.22732e+09
1.2231e+09
1.21864e+09
1.21391e+09
1.20885e+09
1.20337e+09
1.19737e+09
1.19072e+09
1.18322e+09
1.17469e+09
1.16487e+09
1.15355e+09
1.14053e+09
1.12568e+09
1.10897e+09
1.09048e+09
1.07055e+09
1.04982e+09
1.02928e+09
1.01023e+09
9.94105e+08
9.82357e+08
9.76151e+08
1.23392e+09
1.23353e+09
1.23323e+09
1.23301e+09
1.23287e+09
1.23283e+09
1.23197e+09
1.22738e+09
1.22284e+09
1.21815e+09
1.21322e+09
1.20795e+09
1.20223e+09
1.19595e+09
1.18897e+09
1.18112e+09
1.17222e+09
1.16208e+09
1.15052e+09
1.13741e+09
1.12269e+09
1.1064e+09
1.08872e+09
1.07007e+09
1.05106e+09
1.0326e+09
1.01576e+09
1.00173e+09
9.91629e+08
9.86332e+08
1.234e+09
1.23362e+09
1.23333e+09
1.23313e+09
1.233e+09
1.23296e+09
1.23209e+09
1.22739e+09
1.22271e+09
1.21791e+09
1.21288e+09
1.20749e+09
1.20165e+09
1.19523e+09
1.18809e+09
1.18007e+09
1.171e+09
1.16071e+09
1.14905e+09
1.13591e+09
1.12127e+09
1.10521e+09
1.08795e+09
1.06993e+09
1.05176e+09
1.03428e+09
1.0185e+09
1.00544e+09
9.96095e+08
9.91213e+08
)
;

boundaryField
{
    inlet1
    {
        type            fixedGradient;
        gradient        uniform 20000;
    }
    inlet2
    {
        type            zeroGradient;
    }
    inlet3
    {
        type            fixedGradient;
        gradient        uniform 4.68141e+06;
    }
    output1
    {
        type            zeroGradient;
    }
    output2
    {
        type            fixedValue;
        value           uniform 0;
    }
    output3
    {
        type            zeroGradient;
    }
    up
    {
        type            zeroGradient;
    }
    down
    {
        type            zeroGradient;
    }
    emptyWalls
    {
        type            empty;
    }
}


// ************************************************************************* //
