/*--------------------------------*- C++ -*----------------------------------*\
  =========                 |
  \\      /  F ield         | OpenFOAM: The Open Source CFD Toolbox
   \\    /   O peration     | Website:  https://openfoam.org
    \\  /    A nd           | Version:  9
     \\/     M anipulation  |
\*---------------------------------------------------------------------------*/
FoamFile
{
    format      ascii;
    class       surfaceScalarField;
    location    "2500";
    object      phi;
}
// * * * * * * * * * * * * * * * * * * * * * * * * * * * * * * * * * * * * * //

dimensions      [0 3 -1 0 0 0 0];

internalField   nonuniform List<scalar> 
1740
(
6.36818e-08
1.89908e-08
8.12654e-08
7.34187e-09
6.32142e-08
7.02161e-09
5.01823e-08
2.71755e-10
7.01667e-08
-8.75009e-10
6.85594e-08
-6.1311e-10
6.96074e-08
-9.15501e-10
7.1037e-08
-1.39983e-09
7.29393e-08
-1.91296e-09
7.53088e-08
-2.39653e-09
7.81024e-08
-2.82787e-09
8.12583e-08
-3.19504e-09
8.46999e-08
-3.48662e-09
8.83329e-08
-3.68734e-09
9.20407e-08
-3.77607e-09
9.56787e-08
-3.72489e-09
9.90688e-08
-3.49898e-09
1.01994e-07
-3.05734e-09
1.04194e-07
-2.3548e-09
1.05366e-07
-1.34544e-09
1.05167e-07
1.2449e-11
1.03226e-07
1.74949e-09
9.91708e-08
3.87587e-09
9.26602e-08
6.36876e-09
8.34313e-08
9.15686e-09
7.13578e-08
1.21053e-08
5.65139e-08
1.50072e-08
3.92287e-08
1.75913e-08
2.01083e-08
1.95541e-08
2.06201e-08
6.53393e-08
3.84294e-08
8.11656e-08
1.54736e-08
6.21417e-08
1.01664e-08
5.18509e-08
1.11315e-09
6.99781e-08
-2.88338e-10
6.85211e-08
-6.62009e-10
6.92248e-08
-1.65026e-09
7.05628e-08
-2.77272e-09
7.24707e-08
-3.85711e-09
7.48846e-08
-4.84595e-09
7.77413e-08
-5.71942e-09
8.09746e-08
-6.46465e-09
8.45101e-08
-7.0635e-09
8.82586e-08
-7.48716e-09
9.21095e-08
-7.69358e-09
9.59248e-08
-7.62629e-09
9.95322e-08
-7.21459e-09
1.02718e-07
-6.37507e-09
1.05224e-07
-5.01517e-09
1.06739e-07
-3.03879e-09
1.06908e-07
-3.55143e-10
1.05339e-07
3.10794e-09
1.01626e-07
7.38453e-09
9.53798e-08
1.24435e-08
8.62778e-08
1.81552e-08
7.41288e-08
2.42573e-08
5.89536e-08
3.03305e-08
4.10619e-08
3.58032e-08
2.10955e-08
4.00071e-08
4.23099e-08
6.87837e-08
5.77856e-08
8.42242e-08
2.30244e-08
6.23825e-08
7.00191e-09
5.2528e-08
5.9484e-09
6.93665e-08
2.17564e-09
6.77705e-08
-9.7475e-11
6.82057e-08
-2.25259e-09
6.9517e-08
-4.18523e-09
7.14962e-08
-5.89752e-09
7.40196e-08
-7.4107e-09
7.70063e-08
-8.739e-09
8.03909e-08
-9.8812e-09
8.41078e-08
-1.08173e-08
8.80802e-08
-1.15067e-08
9.22114e-08
-1.18869e-08
9.63772e-08
-1.18727e-08
1.00417e-07
-1.13568e-08
1.04125e-07
-1.02111e-08
1.07244e-07
-8.2906e-09
1.09456e-07
-5.43967e-09
1.10384e-07
-1.50361e-09
1.09596e-07
3.65211e-09
1.06616e-07
1.01119e-08
1.00958e-07
1.78676e-08
9.21717e-08
2.67642e-08
7.99233e-08
3.64374e-08
6.41072e-08
4.62549e-08
4.49711e-08
5.52873e-08
2.32158e-08
6.23661e-08
6.6304e-08
7.56051e-08
8.02519e-08
9.1427e-08
3.09992e-08
6.36558e-08
1.49732e-09
5.3317e-08
1.33989e-08
6.75118e-08
5.05063e-09
6.58373e-08
3.4729e-10
6.63089e-08
-3.0789e-09
6.78027e-08
-5.81844e-09
6.99782e-08
-8.13641e-09
7.26929e-08
-1.01597e-08
7.58747e-08
-1.19452e-08
7.94754e-08
-1.35059e-08
8.34496e-08
-1.48209e-08
8.77421e-08
-1.5838e-08
9.22786e-08
-1.64752e-08
9.69565e-08
-1.66192e-08
1.01635e-07
-1.6126e-08
1.06123e-07
-1.482e-08
1.1017e-07
-1.24965e-08
1.13456e-07
-8.92701e-09
1.15576e-07
-3.8723e-09
1.16044e-07
2.89382e-09
1.14287e-07
1.15462e-08
1.09666e-07
2.21524e-08
1.01527e-07
3.4596e-08
8.92846e-08
4.84735e-08
7.25827e-08
6.29679e-08
5.15026e-08
7.673e-08
2.67976e-08
8.78669e-08
9.42338e-08
6.75694e-08
1.1466e-07
6.58199e-08
4.53349e-08
4.58369e-08
1.73521e-10
5.1155e-08
1.43521e-08
6.11618e-08
5.1847e-09
6.19382e-08
-4.86449e-10
6.3389e-08
-4.59218e-09
6.54068e-08
-7.8723e-09
6.79218e-08
-1.06685e-08
7.08994e-08
-1.31456e-08
7.43241e-08
-1.53768e-08
7.81863e-08
-1.73783e-08
8.24733e-08
-1.91239e-08
8.71611e-08
-2.05496e-08
9.22064e-08
-2.15547e-08
9.75373e-08
-2.20004e-08
1.03043e-07
-2.17061e-08
1.08559e-07
-2.04466e-08
1.13856e-07
-1.79498e-08
1.18618e-07
-1.39001e-08
1.22423e-07
-7.95049e-09
1.24721e-07
2.52775e-10
1.24823e-07
1.10288e-08
1.21894e-07
2.45995e-08
1.14983e-07
4.09932e-08
1.03108e-07
5.98943e-08
8.54392e-08
8.0416e-08
6.16583e-08
1.00797e-07
3.24684e-08
1.18133e-07
1.2853e-07
5.49382e-08
1.39903e-07
4.17697e-08
6.07524e-08
3.36982e-08
1.942e-10
4.86055e-08
7.96366e-09
5.442e-08
1.99968e-09
5.73743e-08
-2.88583e-09
5.99024e-08
-6.92986e-09
6.25142e-08
-1.04078e-08
6.54027e-08
-1.35175e-08
6.8658e-08
-1.63763e-08
7.23349e-08
-1.9038e-08
7.64723e-08
-2.1507e-08
8.10978e-08
-2.37462e-08
8.62257e-08
-2.56796e-08
9.18516e-08
-2.71911e-08
9.79448e-08
-2.81199e-08
1.04438e-07
-2.82521e-08
1.11212e-07
-2.73125e-08
1.18075e-07
-2.4957e-08
1.24739e-07
-2.07713e-08
1.30777e-07
-1.42782e-08
1.35596e-07
-4.95806e-09
1.38389e-07
7.71677e-09
1.38102e-07
2.42223e-08
1.33408e-07
4.48831e-08
1.22728e-07
6.96953e-08
1.04406e-07
9.80022e-08
7.72184e-08
1.27906e-07
4.14157e-08
1.55335e-07
1.73224e-07
4.51755e-08
2.00166e-07
3.49256e-08
7.98577e-08
3.0444e-08
3.24143e-10
4.65144e-08
1.17714e-09
4.96258e-08
-2.25384e-09
5.32385e-08
-6.12555e-09
5.63333e-08
-9.83111e-09
5.93456e-08
-1.33086e-08
6.25158e-08
-1.6615e-08
6.59932e-08
-1.98025e-08
6.9884e-08
-2.28907e-08
7.4271e-08
-2.58637e-08
7.9223e-08
-2.86715e-08
8.47959e-08
-3.12286e-08
9.10313e-08
-3.34092e-08
9.79514e-08
-3.50374e-08
1.05549e-07
-3.58731e-08
1.13773e-07
-3.55962e-08
1.22497e-07
-3.37929e-08
1.31487e-07
-2.99454e-08
1.40354e-07
-2.34297e-08
1.48496e-07
-1.35236e-08
1.55032e-07
5.71763e-10
1.58717e-07
1.9689e-08
1.5782e-07
4.46223e-08
1.4999e-07
7.59994e-08
1.32235e-07
1.13987e-07
1.01392e-07
1.57487e-07
5.59794e-08
2.02082e-07
2.35807e-07
4.21039e-08
2.53971e-07
3.374e-08
7.88688e-08
2.9984e-08
2.44548e-09
4.41997e-08
-2.71095e-09
4.61758e-08
-6.06453e-09
4.96225e-08
-9.52928e-09
5.28485e-08
-1.29576e-08
5.60193e-08
-1.63779e-08
5.93198e-08
-1.98294e-08
6.2913e-08
-2.33266e-08
6.69361e-08
-2.68568e-08
7.15067e-08
-3.03831e-08
7.67305e-08
-3.38446e-08
8.27056e-08
-3.71529e-08
8.95254e-08
-4.01818e-08
9.72772e-08
-4.27517e-08
1.06034e-07
-4.46097e-08
1.15834e-07
-4.5406e-08
1.26655e-07
-4.46695e-08
1.38362e-07
-4.17844e-08
1.50654e-07
-3.59719e-08
1.62997e-07
-2.62815e-08
1.74526e-07
-1.1597e-08
1.83917e-07
9.34054e-09
1.89163e-07
3.79179e-08
1.87175e-07
7.569e-08
1.73153e-07
1.24457e-07
1.40136e-07
1.85978e-07
8.11124e-08
2.59704e-07
3.32108e-07
2.80609e-08
3.23477e-07
3.37353e-08
3.35493e-08
2.97746e-08
3.3734e-09
4.08978e-08
-5.57591e-09
4.299e-08
-9.76238e-09
4.623e-08
-1.29673e-08
4.94203e-08
-1.60902e-08
5.25628e-08
-1.94149e-08
5.5829e-08
-2.29977e-08
5.94012e-08
-2.68169e-08
6.34408e-08
-3.08251e-08
6.8091e-08
-3.49649e-08
7.34878e-08
-3.91703e-08
7.97694e-08
-4.33591e-08
8.70847e-08
-4.74181e-08
9.55963e-08
-5.11824e-08
1.05475e-07
-5.44091e-08
1.16881e-07
-5.67458e-08
1.29931e-07
-5.76914e-08
1.44649e-07
-5.65514e-08
1.609e-07
-5.23962e-08
1.78309e-07
-4.4036e-08
1.96158e-07
-3.00172e-08
2.13263e-07
-8.64593e-09
2.27739e-07
2.20173e-08
2.36395e-07
6.43845e-08
2.33071e-07
1.22175e-07
2.04889e-07
2.02263e-07
1.28327e-07
3.18647e-07
5.00808e-07
-4.37431e-09
4.29383e-07
1.48081e-08
2.60457e-09
2.49376e-08
-1.78306e-10
3.41808e-08
-1.17078e-08
3.91003e-08
-1.44405e-08
4.28894e-08
-1.64863e-08
4.6041e-08
-1.90209e-08
4.89816e-08
-2.21951e-08
5.20304e-08
-2.5931e-08
5.54211e-08
-3.01186e-08
5.9335e-08
-3.46611e-08
6.3929e-08
-3.94811e-08
6.93587e-08
-4.45151e-08
7.57961e-08
-4.97001e-08
8.34452e-08
-5.49544e-08
9.25499e-08
-6.01527e-08
1.03394e-07
-6.50965e-08
1.16288e-07
-6.94739e-08
1.3154e-07
-7.28e-08
1.494e-07
-7.43385e-08
1.69986e-07
-7.3029e-08
1.93181e-07
-6.74476e-08
2.18537e-07
-5.57866e-08
2.45236e-07
-3.59252e-08
2.72133e-07
-5.59041e-09
2.97597e-07
3.76576e-08
3.17852e-07
9.75957e-08
3.18016e-07
1.82245e-07
2.27298e-07
3.11819e-07
5.43671e-07
3.19351e-08
4.09801e-07
8.12407e-09
5.09727e-08
1.94084e-08
-7.94922e-09
3.01792e-08
-1.2646e-08
3.63463e-08
-2.16011e-08
4.01877e-08
-1.95168e-08
4.28726e-08
-2.1314e-08
4.5291e-08
-2.44167e-08
4.7889e-08
-2.84155e-08
5.09177e-08
-3.30669e-08
5.45486e-08
-3.82206e-08
5.89293e-08
-4.37858e-08
6.42176e-08
-4.97132e-08
7.06077e-08
-5.59766e-08
7.83507e-08
-6.25487e-08
8.77693e-08
-6.93759e-08
9.92688e-08
-7.63476e-08
1.13339e-07
-8.32541e-08
1.30536e-07
-8.97011e-08
1.51422e-07
-9.4978e-08
1.76463e-07
-9.7933e-08
2.05894e-07
-9.6935e-08
2.39572e-07
-8.97571e-08
2.77009e-07
-7.36835e-08
3.17958e-07
-4.61139e-08
3.64009e-07
-5.75569e-09
4.22723e-07
4.83053e-08
5.22027e-07
1.17294e-07
7.70848e-07
2.02721e-07
3.02152e-07
8.67561e-08
2.80762e-07
5.85532e-08
1.01675e-07
2.63801e-08
9.37261e-09
2.44955e-08
-2.13161e-08
3.63851e-08
-1.88617e-08
3.86424e-08
-2.03573e-08
3.99697e-08
-2.23051e-08
4.14198e-08
-2.57462e-08
4.33169e-08
-3.02503e-08
4.5812e-08
-3.55148e-08
4.90106e-08
-4.13711e-08
5.30179e-08
-4.77319e-08
5.79706e-08
-5.45792e-08
6.40659e-08
-6.19463e-08
7.15846e-08
-6.98864e-08
8.09137e-08
-7.84515e-08
9.25753e-08
-8.76641e-08
1.07262e-07
-9.74984e-08
1.25841e-07
-1.07777e-07
1.49289e-07
-1.17939e-07
1.78556e-07
-1.26787e-07
2.1436e-07
-1.32603e-07
2.56842e-07
-1.3263e-07
3.05269e-07
-1.22942e-07
3.58683e-07
-9.94244e-08
4.17756e-07
-6.28692e-08
4.8701e-07
-1.59095e-08
5.76528e-07
3.59024e-08
6.94294e-07
7.9615e-08
7.89874e-08
7.25135e-08
1.70644e-07
7.60264e-08
1.04379e-07
9.10834e-08
3.78764e-08
6.66674e-08
-1.31212e-08
2.99324e-08
-5.89651e-09
3.98218e-08
-1.94984e-08
3.69426e-08
-2.18065e-08
3.71013e-08
-2.60153e-08
3.81473e-08
-3.13266e-08
4.00026e-08
-3.73726e-08
4.26614e-08
-4.40192e-08
4.61571e-08
-5.11939e-08
5.05793e-08
-5.89266e-08
5.61032e-08
-6.73411e-08
6.30131e-08
-7.65955e-08
7.17284e-08
-8.68787e-08
8.28557e-08
-9.83625e-08
9.72882e-08
-1.11303e-07
1.16279e-07
-1.25972e-07
1.41343e-07
-1.42212e-07
1.74112e-07
-1.58672e-07
2.16142e-07
-1.74067e-07
2.68161e-07
-1.85224e-07
3.28547e-07
-1.86025e-07
3.93755e-07
-1.65771e-07
4.61319e-07
-1.30392e-07
5.3103e-07
-8.49709e-08
6.02788e-07
-3.7387e-08
6.69212e-07
8.42678e-10
1.31707e-08
5.68572e-08
1.16666e-07
8.15952e-08
1.00192e-07
7.66806e-08
4.51481e-08
4.43209e-08
2.03446e-08
2.47499e-08
9.54287e-10
3.24884e-08
-1.45028e-08
3.25658e-08
-1.94236e-08
3.18957e-08
-2.51831e-08
3.21692e-08
-3.16687e-08
3.33892e-08
-3.86303e-08
3.54726e-08
-4.61401e-08
3.83675e-08
-5.40983e-08
4.20874e-08
-6.25904e-08
4.67581e-08
-7.18924e-08
5.2639e-08
-8.22737e-08
6.01298e-08
-9.41071e-08
6.98282e-08
-1.07608e-07
8.27582e-08
-1.2338e-07
1.00648e-07
-1.42591e-07
1.25695e-07
-1.66268e-07
1.60401e-07
-1.91629e-07
2.0793e-07
-2.19776e-07
2.71118e-07
-2.48169e-07
3.47009e-07
-2.70156e-07
4.26474e-07
-2.47246e-07
5.02733e-07
-2.07966e-07
5.72999e-07
-1.56194e-07
6.34376e-07
-1.01325e-07
6.80413e-07
-5.20225e-08
-1.39772e-08
7.23431e-08
4.74724e-08
9.60221e-08
5.9524e-08
7.90038e-08
7.53334e-08
6.35768e-08
6.53091e-08
3.59971e-08
1.60831e-09
2.58117e-08
-6.23325e-09
2.83107e-08
-1.61979e-08
2.57479e-08
-2.36264e-08
2.52452e-08
-3.15431e-08
2.59116e-08
-3.93551e-08
2.74706e-08
-4.78865e-08
2.97528e-08
-5.68174e-08
3.26466e-08
-6.64453e-08
3.62046e-08
-7.71606e-08
4.0654e-08
-8.93314e-08
4.6321e-08
-1.03413e-07
5.35695e-08
-1.19818e-07
6.32728e-08
-1.39255e-07
7.78621e-08
-1.63121e-07
1.00383e-07
-1.93256e-07
1.33861e-07
-2.30101e-07
1.84062e-07
-2.77259e-07
2.61379e-07
-3.37771e-07
3.61892e-07
-4.14318e-07
4.62396e-07
-3.45093e-07
5.50147e-07
-2.98029e-07
6.2386e-07
-2.30516e-07
6.81311e-07
-1.59699e-07
7.19638e-07
-9.3628e-08
-3.10359e-08
8.52174e-08
-5.34713e-08
1.66651e-07
-2.22604e-08
1.52508e-07
7.23375e-08
5.20724e-08
1.57595e-07
1.17641e-08
3.55761e-08
1.6328e-08
-2.23993e-09
1.8293e-08
-1.21366e-08
1.75568e-08
-1.82404e-08
1.71526e-08
-2.47491e-08
1.75408e-08
-3.07915e-08
1.87451e-08
-3.71978e-08
2.05274e-08
-4.3817e-08
2.25427e-08
-5.05982e-08
2.47587e-08
-5.82177e-08
2.7449e-08
-6.67733e-08
3.09303e-08
-7.72684e-08
3.48586e-08
-8.88925e-08
3.89018e-08
-1.02183e-07
4.71366e-08
-1.20331e-07
6.41056e-08
-1.52473e-07
9.05992e-08
-1.80092e-07
1.33086e-07
-2.20893e-07
2.28443e-07
-2.73791e-07
3.76778e-07
-3.87608e-07
5.11075e-07
-4.59197e-07
6.11598e-07
-4.08553e-07
6.90981e-07
-3.08152e-07
7.47372e-07
-2.13317e-07
7.83335e-07
-1.31761e-07
-4.7565e-08
1.22171e-07
-1.76171e-07
1.91099e-07
-1.06191e-07
2.69553e-07
1.01703e-08
2.31856e-07
1.72537e-07
6.12345e-08
1.30013e-07
8.00108e-09
9.02953e-08
9.85865e-09
-7.52898e-09
8.99771e-09
-1.53262e-08
8.16668e-09
-2.64734e-08
7.89448e-09
-3.5569e-08
7.93109e-09
-5.58628e-08
7.99387e-09
-6.98471e-08
7.69958e-09
-7.63714e-08
7.27917e-09
-8.38865e-08
6.93366e-09
-9.48263e-08
6.66102e-09
-1.11505e-07
6.34958e-09
-1.3139e-07
6.4181e-09
-1.53978e-07
7.77782e-09
-1.82253e-07
8.77881e-09
-2.27895e-07
8.93596e-09
-2.64768e-07
9.74775e-09
-3.18718e-07
1.28393e-07
-4.08169e-07
4.12524e-07
-7.6558e-07
6.08659e-07
-3.56094e-07
6.94188e-07
-5.03777e-07
7.81096e-07
-3.80281e-07
8.33868e-07
-2.53646e-07
8.70043e-07
-1.72537e-07
-7.50282e-08
1.48847e-07
-3.2924e-07
2.26696e-07
-1.98268e-07
3.73634e-07
-8.07312e-08
4.60706e-07
5.67821e-08
4.77533e-07
1.43479e-07
2.96502e-07
1.84098e-07
5.32597e-08
1.15118e-07
8.06723e-08
-5.52417e-08
1.29717e-07
-1.21921e-07
2.55456e-07
-1.86133e-07
4.62486e-07
-2.38343e-07
6.45659e-07
-2.284e-07
7.87152e-07
-1.98898e-07
9.08481e-07
-1.85743e-07
1.02614e-06
-1.93808e-07
1.15923e-06
-2.23461e-07
1.30602e-06
-2.67337e-07
1.49358e-06
-3.21087e-07
1.65961e-06
-3.6094e-07
1.8286e-06
-3.86285e-07
1.9872e-06
-3.92669e-07
2.03189e-06
-4.47702e-07
2.3468e-06
-5.61928e-07
1.43343e-06
-7.53096e-07
4.73128e-07
-1.82548e-07
8.13752e-07
-3.81363e-07
9.05372e-07
-2.92362e-07
9.36959e-07
-2.48535e-07
9.78007e-07
-2.29717e-07
-1.55039e-07
1.9517e-07
-5.22451e-07
3.57193e-07
-3.40726e-07
5.40685e-07
-2.35184e-07
7.0157e-07
-1.07934e-07
8.767e-07
-1.15435e-08
9.95544e-07
6.07323e-08
1.1166e-06
5.17613e-08
1.35869e-06
-2.35943e-07
1.61694e-06
-3.67242e-07
1.87185e-06
-4.50083e-07
2.0622e-06
-4.53479e-07
2.16846e-06
-3.54017e-07
2.21762e-06
-2.57518e-07
2.23457e-06
-2.08387e-07
2.23837e-06
-2.00128e-07
2.24768e-06
-2.31868e-07
2.27876e-06
-2.9192e-07
2.34148e-06
-3.81699e-07
2.40625e-06
-4.34757e-07
2.40718e-06
-3.95708e-07
2.28512e-06
-2.64046e-07
2.24066e-06
-2.85679e-07
1.97171e-06
-3.32043e-07
2.84408e-06
-2.99302e-07
2.62672e-06
-4.40116e-08
1.11608e-06
2.62536e-08
1.02433e-06
-6.12315e-08
1.03064e-06
-2.18453e-07
1.10155e-06
-3.42761e-07
-4.70447e-07
3.23224e-07
-8.00437e-07
5.92188e-07
-5.74051e-07
8.07267e-07
-4.42231e-07
1.03978e-06
-3.21164e-07
1.30734e-06
-2.68456e-07
1.65277e-06
-2.54258e-07
2.04577e-06
-3.48212e-07
2.35504e-06
-5.18866e-07
2.59377e-06
-5.93809e-07
2.7498e-06
-6.05594e-07
2.7937e-06
-5.07844e-07
2.74329e-06
-2.93002e-07
2.66653e-06
-1.71615e-07
2.57726e-06
-1.19765e-07
2.48227e-06
-1.04507e-07
2.37667e-06
-1.29287e-07
2.27613e-06
-1.80253e-07
2.20457e-06
-3.04258e-07
2.18124e-06
-4.07731e-07
2.0882e-06
-3.81076e-07
1.98794e-06
-6.50037e-08
1.67161e-06
-4.84232e-08
1.70084e-06
3.7787e-08
1.0955e-06
-1.35652e-07
3.56006e-07
1.46718e-07
6.62421e-07
2.12465e-07
7.92375e-07
1.13587e-08
8.96379e-07
-2.21149e-07
1.22475e-06
-4.52431e-07
-8.12713e-07
9.26418e-07
-8.49145e-07
9.7097e-07
-6.55255e-07
1.07846e-06
-5.61113e-07
1.25955e-06
-4.98049e-07
1.51433e-06
-5.17012e-07
1.84685e-06
-5.78132e-07
2.18036e-06
-6.89089e-07
2.34901e-06
-6.92845e-07
2.37976e-06
-6.07452e-07
2.36212e-06
-5.73067e-07
2.29285e-06
-4.94169e-07
2.17793e-06
-1.35831e-07
2.08074e-06
-5.69542e-08
1.98821e-06
-2.7968e-08
1.90322e-06
-1.48583e-08
1.78875e-06
-2.16873e-08
1.6568e-06
-3.70601e-08
1.50171e-06
-1.27758e-07
1.34547e-06
-1.83812e-07
1.21936e-06
-1.80177e-07
1.21216e-06
3.03202e-08
1.09316e-06
6.53677e-08
5.23673e-07
1.83248e-07
2.33936e-07
1.22611e-07
3.80447e-07
1.59928e-07
4.82314e-07
9.74495e-08
5.46409e-07
-4.77217e-08
5.37751e-07
-2.24984e-07
3.74301e-07
-4.33098e-07
-7.23833e-07
8.1253e-07
-7.30158e-07
8.28725e-07
-6.43973e-07
9.40863e-07
-6.59901e-07
1.11279e-06
-6.55616e-07
1.34482e-06
-7.32772e-07
1.61729e-06
-8.40211e-07
1.77323e-06
-8.54073e-07
1.71426e-06
-6.61966e-07
1.59401e-06
-4.60663e-07
1.40888e-06
-3.32312e-07
1.25741e-06
-2.43911e-07
1.19858e-06
-2.21735e-08
1.14345e-06
-1.93264e-09
1.09997e-06
6.3321e-09
1.08217e-06
1.26662e-08
1.01704e-06
1.6315e-08
9.89281e-07
2.06195e-08
8.21896e-07
1.10957e-09
3.11021e-07
1.73912e-08
1.16663e-08
3.86898e-08
9.927e-09
4.92878e-08
5.59908e-08
7.22899e-08
1.59816e-07
1.12203e-07
2.45515e-07
1.30618e-07
3.0331e-07
8.65661e-08
3.54699e-07
2.54856e-08
3.73198e-07
-7.47072e-08
3.33915e-07
-1.97968e-07
2.08731e-07
-3.31137e-07
-4.51659e-07
8.97387e-07
-7.10938e-07
9.47913e-07
-6.88424e-07
1.02898e-06
-7.54831e-07
1.12113e-06
-7.51457e-07
1.29315e-06
-8.97954e-07
1.4017e-06
-9.67483e-07
1.25385e-06
-7.50616e-07
9.88996e-07
-4.15623e-07
8.1062e-07
-1.84212e-07
3.76152e-07
-7.44851e-08
9.43437e-09
4.63601e-09
8.95599e-09
5.33808e-09
7.41373e-09
7.60642e-09
7.36401e-09
1.04406e-08
7.55719e-09
1.40395e-08
7.60026e-09
1.87548e-08
7.73822e-09
2.48846e-08
1.9873e-08
3.3591e-08
4.17714e-08
4.58294e-08
5.0372e-08
5.36775e-08
5.50019e-08
6.55023e-08
8.52419e-08
8.47025e-08
1.40676e-07
1.06954e-07
1.94751e-07
8.18411e-08
2.35077e-07
4.49622e-08
2.59968e-07
-7.35883e-09
2.57775e-07
-7.86198e-08
2.15989e-07
-1.61044e-07
1.26708e-07
-2.4182e-07
-3.0001e-07
8.77015e-07
-6.71273e-07
8.86155e-07
-6.8253e-07
8.85899e-07
-7.5827e-07
9.42193e-07
-7.77655e-07
1.04769e-06
-1.00084e-06
8.98264e-07
-8.50046e-07
5.44627e-07
-4.23206e-07
1.84106e-07
-1.1667e-07
1.107e-08
1.96864e-09
1.45647e-08
4.96499e-09
1.55889e-08
7.51997e-09
1.48491e-08
7.87842e-09
1.42875e-08
1.05483e-08
1.43831e-08
1.40212e-08
1.51584e-08
1.8343e-08
1.70051e-08
2.37792e-08
2.10925e-08
3.05876e-08
3.05424e-08
3.93838e-08
4.39184e-08
4.96368e-08
5.56063e-08
4.88076e-08
6.89892e-08
5.27957e-08
9.26232e-08
5.96083e-08
1.25767e-07
6.29302e-08
1.58373e-07
4.73306e-08
1.82274e-07
1.87931e-08
1.92318e-07
-2.12617e-08
1.81948e-07
-7.13616e-08
1.45558e-07
-1.25769e-07
8.21104e-08
-1.75096e-07
-2.0655e-07
8.66716e-07
-6.20206e-07
8.47647e-07
-6.59801e-07
8.10954e-07
-7.23654e-07
8.52096e-07
-7.98402e-07
7.84154e-07
-9.65339e-07
4.36978e-07
-5.51091e-07
1.20367e-07
-1.21093e-07
1.19524e-08
1.53758e-09
1.48772e-08
3.64243e-09
1.57289e-08
5.55201e-09
1.66038e-08
6.4252e-09
1.70652e-08
7.60022e-09
1.767e-08
9.67708e-09
1.8819e-08
1.25135e-08
2.07947e-08
1.61121e-08
2.40276e-08
2.05276e-08
2.92382e-08
2.57397e-08
3.73282e-08
3.15377e-08
4.77739e-08
3.68463e-08
5.92086e-08
3.88657e-08
7.27225e-08
4.07483e-08
9.04948e-08
4.17734e-08
1.11401e-07
3.84683e-08
1.307e-07
2.57535e-08
1.4333e-07
4.13483e-09
1.45082e-07
-2.51227e-08
1.32139e-07
-5.97946e-08
1.02181e-07
-9.55759e-08
5.61744e-08
-1.26245e-07
-1.44545e-07
8.4267e-07
-5.47127e-07
7.69718e-07
-5.87562e-07
6.99115e-07
-6.4495e-07
6.56283e-07
-7.47268e-07
4.41376e-07
-7.66355e-07
1.24257e-07
-2.30052e-07
9.55591e-09
-1.82294e-09
1.41675e-08
1.95937e-09
1.57173e-08
2.94759e-09
1.69206e-08
4.24056e-09
1.80311e-08
5.36679e-09
1.91369e-08
6.66896e-09
2.05083e-08
8.43401e-09
2.24303e-08
1.07164e-08
2.51782e-08
1.3526e-08
2.90761e-08
1.68359e-08
3.45046e-08
2.0522e-08
4.17563e-08
2.42699e-08
5.06382e-08
2.7412e-08
6.07354e-08
2.90591e-08
7.22041e-08
2.95589e-08
8.52271e-08
2.82589e-08
9.86277e-08
2.34168e-08
1.09695e-07
1.30845e-08
1.15273e-07
-2.88343e-09
1.12542e-07
-2.35739e-08
9.9343e-08
-4.71183e-08
7.48506e-08
-7.0493e-08
4.04085e-08
-8.97643e-08
-1.00839e-07
8.10614e-07
-4.44426e-07
7.01219e-07
-4.77774e-07
5.9642e-07
-5.3656e-07
4.63181e-07
-6.14792e-07
2.08483e-07
-5.2877e-07
2.43223e-08
-4.85459e-08
1.25298e-08
-7.17511e-10
1.64967e-08
7.87655e-10
1.71412e-08
1.99984e-09
1.82043e-08
3.09567e-09
1.94617e-08
4.13272e-09
2.09425e-08
5.27586e-09
2.27976e-08
6.67525e-09
2.52208e-08
8.39414e-09
2.84166e-08
1.04396e-08
3.25943e-08
1.2764e-08
3.79429e-08
1.52362e-08
4.4549e-08
1.76045e-08
5.2284e-08
1.94723e-08
6.0889e-08
2.03997e-08
7.01353e-08
2.01765e-08
7.9591e-08
1.82819e-08
8.81873e-08
1.38459e-08
9.41694e-08
6.05231e-09
9.55256e-08
-5.17248e-09
9.04747e-08
-1.91708e-08
7.7841e-08
-3.46108e-08
5.74687e-08
-4.95132e-08
3.06081e-08
-6.14819e-08
-6.821e-08
7.82165e-07
-3.14192e-07
6.4298e-07
-3.39375e-07
4.90416e-07
-3.83749e-07
2.81816e-07
-4.09687e-07
8.17062e-08
-3.09812e-07
9.55494e-09
-7.95029e-09
1.34935e-08
-1.25872e-09
1.70351e-08
1.50684e-10
1.81537e-08
1.16849e-09
1.92929e-08
2.00972e-09
2.06687e-08
2.79361e-09
2.23743e-08
3.62781e-09
2.45202e-08
4.59725e-09
2.72399e-08
5.74458e-09
3.06717e-08
7.07259e-09
3.49394e-08
8.5404e-09
4.01238e-08
1.00508e-08
4.62148e-08
1.14378e-08
5.30643e-08
1.24713e-08
6.04017e-08
1.28905e-08
6.7849e-08
1.24651e-08
7.48144e-08
1.08519e-08
8.03665e-08
7.62497e-09
8.32674e-08
2.44536e-09
8.2185e-08
-4.68074e-09
7.5995e-08
-1.33222e-08
6.40762e-08
-2.26451e-08
4.65702e-08
-3.14716e-08
2.45535e-08
-3.84411e-08
-4.23072e-08
7.60089e-07
-1.62874e-07
5.96964e-07
-1.77061e-07
4.08287e-07
-1.97349e-07
1.99316e-07
-1.96904e-07
5.87384e-08
-1.45617e-07
1.583e-08
-6.55274e-09
1.48065e-08
-1.04458e-09
1.8656e-08
-9.45179e-11
1.91457e-08
5.13919e-10
2.01451e-08
9.81947e-10
2.15468e-08
1.40489e-09
2.33659e-08
1.84346e-09
2.56683e-08
2.33866e-09
2.85455e-08
2.91205e-09
3.20895e-08
3.56472e-09
3.63681e-08
4.27346e-09
4.14002e-08
4.98773e-09
4.71217e-08
5.62538e-09
5.33573e-08
6.08084e-09
5.98091e-08
6.2264e-09
6.6042e-08
5.9333e-09
7.14437e-08
5.03642e-09
7.52005e-08
3.3592e-09
7.63554e-08
7.82746e-10
7.39525e-08
-2.67183e-09
6.7241e-08
-6.79296e-09
5.58943e-08
-1.11815e-08
4.01812e-08
-1.52892e-08
2.10382e-08
-1.85007e-08
-2.02691e-08
7.49093e-07
5.69206e-07
3.73363e-07
1.82565e-07
5.49759e-08
1.50231e-08
1.51766e-08
1.91642e-08
1.96334e-08
2.05952e-08
2.20054e-08
2.38713e-08
2.62416e-08
2.91864e-08
3.27728e-08
3.70413e-08
4.19845e-08
4.75153e-08
5.34375e-08
5.94367e-08
6.50635e-08
6.97151e-08
7.26412e-08
7.3008e-08
7.00261e-08
6.31151e-08
5.20776e-08
3.72261e-08
1.94217e-08
)
;

boundaryField
{
    inlet1
    {
        type            calculated;
        value           nonuniform List<scalar> 10(-1e-07 -1e-07 -1e-07 -1e-07 -1e-07 -1e-07 -1e-07 -1e-07 -1e-07 -1e-07);
    }
    inlet2
    {
        type            calculated;
        value           uniform 0;
    }
    inlet3
    {
        type            calculated;
        value           nonuniform List<scalar> 10(-9.13394e-07 -9.13394e-07 -9.13394e-07 -9.13394e-07 -9.13394e-07 -9.13394e-07 -9.13394e-07 -9.13394e-07 -9.13394e-07 -9.13394e-07);
    }
    output1
    {
        type            calculated;
        value           uniform 0;
    }
    output2
    {
        type            calculated;
        value           nonuniform List<scalar> 10(1.232e-06 8.32946e-07 7.2334e-07 7.09712e-07 7.41209e-07 8.0366e-07 8.95548e-07 1.02984e-06 1.26959e-06 1.8961e-06);
    }
    output3
    {
        type            calculated;
        value           uniform -0;
    }
    up
    {
        type            calculated;
        value           uniform 0;
    }
    down
    {
        type            calculated;
        value           uniform 0;
    }
    emptyWalls
    {
        type            empty;
        value           nonuniform List<scalar> 0();
    }
}


// ************************************************************************* //
