/*--------------------------------*- C++ -*----------------------------------*\
  =========                 |
  \\      /  F ield         | OpenFOAM: The Open Source CFD Toolbox
   \\    /   O peration     | Website:  https://openfoam.org
    \\  /    A nd           | Version:  9
     \\/     M anipulation  |
\*---------------------------------------------------------------------------*/
FoamFile
{
    format      ascii;
    class       volScalarField;
    location    "27000";
    object      p;
}
// * * * * * * * * * * * * * * * * * * * * * * * * * * * * * * * * * * * * * //

dimensions      [0 0 0 0 0 0 0];

internalField   nonuniform List<scalar> 
900
(
1.12238e+07
1.12193e+07
1.12179e+07
1.12174e+07
1.12113e+07
1.08575e+07
1.05312e+07
1.02154e+07
9.90552e+06
9.59855e+06
9.29252e+06
8.98629e+06
8.67942e+06
8.372e+06
8.06455e+06
7.75795e+06
7.45341e+06
7.1524e+06
6.85669e+06
6.56832e+06
6.28965e+06
6.02336e+06
5.7725e+06
5.54043e+06
5.33083e+06
5.14761e+06
4.99475e+06
4.87602e+06
4.79477e+06
4.75346e+06
1.12197e+07
1.12179e+07
1.12173e+07
1.12164e+07
1.1213e+07
1.08381e+07
1.05206e+07
1.02095e+07
9.90262e+06
9.59762e+06
9.29271e+06
8.98693e+06
8.67998e+06
8.37203e+06
8.06369e+06
7.75589e+06
7.44987e+06
7.1471e+06
6.84934e+06
6.55861e+06
6.27726e+06
6.00794e+06
5.7537e+06
5.51794e+06
5.30445e+06
5.11726e+06
4.96059e+06
4.83855e+06
4.7548e+06
4.71216e+06
1.12144e+07
1.1214e+07
1.12135e+07
1.12124e+07
1.11756e+07
1.08193e+07
1.05036e+07
1.01992e+07
9.8979e+06
9.59658e+06
9.29375e+06
8.98875e+06
8.68151e+06
8.37244e+06
8.06227e+06
7.75205e+06
7.44306e+06
7.13679e+06
6.83495e+06
6.53953e+06
6.25282e+06
5.97743e+06
5.7164e+06
5.47319e+06
5.25174e+06
5.05638e+06
4.8918e+06
4.76277e+06
4.67373e+06
4.6282e+06
1.12054e+07
1.12038e+07
1.12032e+07
1.12026e+07
1.10357e+07
1.07615e+07
1.04755e+07
1.01858e+07
9.8932e+06
9.59705e+06
9.29695e+06
8.9928e+06
8.68489e+06
8.37393e+06
8.0609e+06
7.74699e+06
7.43353e+06
7.12203e+06
6.81413e+06
6.51174e+06
6.21704e+06
5.93256e+06
5.66127e+06
5.40669e+06
5.17291e+06
4.96471e+06
4.78746e+06
4.647e+06
4.54912e+06
4.49871e+06
1.11939e+07
1.11914e+07
1.11908e+07
1.11892e+07
1.09594e+07
1.07154e+07
1.0451e+07
1.01755e+07
9.89199e+06
9.60147e+06
9.30422e+06
9.00058e+06
8.69131e+06
8.37749e+06
8.06041e+06
7.74146e+06
7.42205e+06
7.10364e+06
6.7878e+06
6.47626e+06
6.17103e+06
5.87448e+06
5.58943e+06
5.31937e+06
5.06851e+06
4.84207e+06
4.64633e+06
4.48865e+06
4.37701e+06
4.31882e+06
1.11806e+07
1.11791e+07
1.11784e+07
1.11771e+07
1.09244e+07
1.06896e+07
1.04377e+07
1.01731e+07
9.89779e+06
9.61263e+06
9.31786e+06
9.01401e+06
8.70228e+06
8.38429e+06
8.06179e+06
7.73639e+06
7.40956e+06
7.08269e+06
6.75716e+06
6.43447e+06
6.11635e+06
5.80487e+06
5.50261e+06
5.21282e+06
4.9397e+06
4.68872e+06
4.46712e+06
4.28423e+06
4.15145e+06
4.08074e+06
1.11655e+07
1.11644e+07
1.11629e+07
1.11615e+07
1.09122e+07
1.06809e+07
1.04372e+07
1.01813e+07
9.91349e+06
9.6334e+06
9.34056e+06
9.03533e+06
8.7195e+06
8.39562e+06
8.06606e+06
7.73274e+06
7.39712e+06
7.0604e+06
6.72368e+06
6.3881e+06
6.05501e+06
5.72604e+06
5.40331e+06
5.08961e+06
4.78872e+06
4.50599e+06
4.24919e+06
4.02971e+06
3.86382e+06
3.77193e+06
1.11487e+07
1.11475e+07
1.11464e+07
1.11452e+07
1.09104e+07
1.06847e+07
1.04488e+07
1.02014e+07
9.94146e+06
9.66692e+06
9.37567e+06
9.06722e+06
8.74479e+06
8.41262e+06
8.07409e+06
7.73138e+06
7.38577e+06
7.03811e+06
6.68904e+06
6.33924e+06
5.98954e+06
5.64097e+06
5.29499e+06
4.95357e+06
4.61957e+06
4.29734e+06
3.99392e+06
3.7216e+06
3.50216e+06
3.37125e+06
1.11315e+07
1.11303e+07
1.1129e+07
1.11282e+07
1.09149e+07
1.06986e+07
1.04718e+07
1.02342e+07
9.984e+06
9.71716e+06
9.42798e+06
9.11311e+06
8.7798e+06
8.43597e+06
8.08631e+06
7.73291e+06
7.37648e+06
7.01721e+06
6.65513e+06
6.2903e+06
5.92291e+06
5.55332e+06
5.1821e+06
4.8101e+06
4.43866e+06
4.06985e+06
3.70756e+06
3.36062e+06
3.05196e+06
2.83964e+06
1.11161e+07
1.11145e+07
1.11136e+07
1.11121e+07
1.0928e+07
1.07229e+07
1.05055e+07
1.02797e+07
1.00432e+07
9.78973e+06
9.50598e+06
9.17744e+06
8.82532e+06
8.46515e+06
8.10227e+06
7.73746e+06
7.37004e+06
6.99913e+06
6.62395e+06
6.2439e+06
5.85849e+06
5.4673e+06
5.06997e+06
4.66608e+06
4.25512e+06
3.83583e+06
3.40584e+06
2.96134e+06
2.50542e+06
2.09572e+06
1.1104e+07
1.11013e+07
1.10921e+07
1.10733e+07
1.09674e+07
1.07597e+07
1.05478e+07
1.03357e+07
1.01192e+07
9.89263e+06
9.62876e+06
9.26535e+06
8.87891e+06
8.49703e+06
8.12016e+06
7.74461e+06
7.3671e+06
6.98531e+06
6.59765e+06
6.20287e+06
5.79986e+06
5.38743e+06
4.96438e+06
4.52915e+06
4.07988e+06
3.61253e+06
3.11862e+06
2.57347e+06
1.91267e+06
942099
1.10961e+07
1.10915e+07
1.10785e+07
1.10523e+07
1.09536e+07
1.08034e+07
1.05903e+07
1.03962e+07
1.02054e+07
1.00328e+07
9.85109e+06
9.37627e+06
8.92795e+06
8.52391e+06
8.13674e+06
7.75373e+06
7.36843e+06
6.97737e+06
6.57847e+06
6.17005e+06
5.75065e+06
5.31816e+06
4.87099e+06
4.40623e+06
3.92274e+06
3.41578e+06
2.88265e+06
2.30123e+06
1.6297e+06
702101
1.10921e+07
1.10853e+07
1.10635e+07
1.10184e+07
1.09285e+07
1.07813e+07
1.05905e+07
1.03964e+07
1.02058e+07
1.00335e+07
9.86833e+06
9.46422e+06
8.93291e+06
8.53442e+06
8.14981e+06
7.76575e+06
7.37592e+06
6.97725e+06
6.56837e+06
6.14728e+06
5.71313e+06
5.26169e+06
4.79293e+06
4.29955e+06
3.78678e+06
3.24389e+06
2.69473e+06
2.1191e+06
1.60278e+06
938713
1.10923e+07
1.1083e+07
1.10528e+07
1.09891e+07
1.08919e+07
1.07504e+07
1.05753e+07
1.03834e+07
1.01843e+07
9.97527e+06
9.72476e+06
9.3542e+06
8.93172e+06
8.53435e+06
8.1499e+06
7.76591e+06
7.37607e+06
6.97735e+06
6.56841e+06
6.14722e+06
5.71299e+06
5.26139e+06
4.79254e+06
4.29889e+06
3.78602e+06
3.24262e+06
2.69359e+06
2.11706e+06
1.60351e+06
1.04376e+06
1.11059e+07
1.10928e+07
1.10524e+07
1.09756e+07
1.08675e+07
1.07263e+07
1.05551e+07
1.03596e+07
1.01432e+07
9.9008e+06
9.61778e+06
9.28289e+06
8.91183e+06
8.53255e+06
8.15379e+06
7.77264e+06
7.3855e+06
6.98935e+06
6.58328e+06
6.16447e+06
5.7328e+06
5.28324e+06
4.81654e+06
4.32454e+06
3.81199e+06
3.26737e+06
2.70658e+06
2.10825e+06
1.46873e+06
628873
1.11684e+07
1.11424e+07
1.10876e+07
1.09955e+07
1.0872e+07
1.07197e+07
1.054e+07
1.03332e+07
1.01e+07
9.83865e+06
9.54913e+06
9.23248e+06
8.88949e+06
8.52911e+06
8.16001e+06
7.78465e+06
7.40226e+06
7.01103e+06
6.60959e+06
6.19581e+06
5.76827e+06
5.32368e+06
4.86044e+06
4.37336e+06
3.861e+06
3.31395e+06
2.72887e+06
2.08117e+06
1.35059e+06
490908
1.12717e+07
1.12365e+07
1.1162e+07
1.10505e+07
1.0907e+07
1.07361e+07
1.05399e+07
1.03186e+07
1.00727e+07
9.80317e+06
9.5127e+06
9.20323e+06
8.87419e+06
8.52812e+06
8.16991e+06
7.80281e+06
7.42753e+06
7.04332e+06
6.6487e+06
6.24201e+06
5.82103e+06
5.38352e+06
4.9263e+06
4.44574e+06
3.936e+06
3.38726e+06
2.78358e+06
2.10111e+06
1.32456e+06
459640
1.14327e+07
1.13808e+07
1.12799e+07
1.11399e+07
1.09699e+07
1.07756e+07
1.05597e+07
1.03231e+07
1.00667e+07
9.79179e+06
9.50007e+06
9.19293e+06
8.87075e+06
8.5346e+06
8.18673e+06
7.8292e+06
7.46288e+06
7.08739e+06
6.70145e+06
6.30349e+06
5.89112e+06
5.46225e+06
5.01308e+06
4.54037e+06
4.03659e+06
3.49352e+06
2.89201e+06
2.20842e+06
1.41038e+06
495489
1.16586e+07
1.15772e+07
1.14347e+07
1.12559e+07
1.10536e+07
1.08332e+07
1.05967e+07
1.03447e+07
1.0078e+07
9.79716e+06
9.50325e+06
9.19702e+06
8.87921e+06
8.55036e+06
8.21153e+06
7.86349e+06
7.50683e+06
7.14088e+06
6.76484e+06
6.37668e+06
5.97472e+06
5.55591e+06
5.11728e+06
4.65432e+06
4.1611e+06
3.63116e+06
3.05145e+06
2.40449e+06
1.63013e+06
636210
1.19767e+07
1.18184e+07
1.1611e+07
1.13859e+07
1.11494e+07
1.09026e+07
1.06458e+07
1.03787e+07
1.01016e+07
9.81445e+06
9.5177e+06
9.21175e+06
8.89709e+06
8.57402e+06
8.2429e+06
7.90378e+06
7.55676e+06
7.20097e+06
6.83572e+06
6.45888e+06
6.06919e+06
5.6629e+06
5.23824e+06
4.78881e+06
4.31229e+06
3.79946e+06
3.24887e+06
2.65541e+06
1.99442e+06
1.06728e+06
1.23784e+07
1.20623e+07
1.1786e+07
1.15179e+07
1.12495e+07
1.09781e+07
1.07023e+07
1.0421e+07
1.01337e+07
9.8402e+06
9.54029e+06
9.23413e+06
8.92185e+06
8.60359e+06
8.27922e+06
7.94861e+06
7.61128e+06
7.26659e+06
6.91338e+06
6.55017e+06
6.17502e+06
5.78508e+06
5.3777e+06
4.94766e+06
4.4928e+06
4.00345e+06
3.48168e+06
2.91017e+06
2.35484e+06
1.93094e+06
1.2693e+07
1.22953e+07
1.19569e+07
1.1648e+07
1.13507e+07
1.10572e+07
1.07641e+07
1.04696e+07
1.01727e+07
9.87278e+06
9.56948e+06
9.26267e+06
8.95224e+06
8.63814e+06
8.32014e+06
7.99796e+06
7.67097e+06
7.33848e+06
6.99914e+06
6.65157e+06
6.29339e+06
5.92247e+06
5.5352e+06
5.12887e+06
4.69804e+06
4.24171e+06
3.75627e+06
3.26006e+06
2.77667e+06
2.33802e+06
1.29313e+07
1.25074e+07
1.21289e+07
1.17832e+07
1.14569e+07
1.1141e+07
1.08307e+07
1.05232e+07
1.02167e+07
9.91028e+06
9.60331e+06
9.29543e+06
8.98636e+06
8.67599e+06
8.36405e+06
8.05028e+06
7.73404e+06
7.41452e+06
7.09032e+06
6.75974e+06
6.42066e+06
6.07044e+06
5.70685e+06
5.32571e+06
4.92537e+06
4.50016e+06
4.05655e+06
3.60768e+06
3.195e+06
2.95116e+06
1.31168e+07
1.26813e+07
1.22793e+07
1.19068e+07
1.15564e+07
1.12209e+07
1.08952e+07
1.05758e+07
1.02606e+07
9.94824e+06
9.63776e+06
9.32873e+06
9.02076e+06
8.71383e+06
8.40763e+06
8.10223e+06
7.79689e+06
7.49123e+06
7.18341e+06
6.87228e+06
6.55462e+06
6.22873e+06
5.89031e+06
5.53775e+06
5.16625e+06
4.77168e+06
4.35804e+06
3.93552e+06
3.55779e+06
3.25943e+06
1.32618e+07
1.28199e+07
1.24051e+07
1.20156e+07
1.16475e+07
1.12962e+07
1.09573e+07
1.06274e+07
1.03042e+07
9.98627e+06
9.67244e+06
9.36222e+06
9.05519e+06
8.75144e+06
8.45084e+06
8.1537e+06
7.85965e+06
7.56852e+06
7.27881e+06
6.98893e+06
6.69556e+06
6.39543e+06
6.08369e+06
5.7572e+06
5.40994e+06
5.04043e+06
4.6503e+06
4.2296e+06
3.83428e+06
3.5946e+06
1.33741e+07
1.29287e+07
1.25063e+07
1.2106e+07
1.17257e+07
1.13623e+07
1.10127e+07
1.0674e+07
1.0344e+07
1.00212e+07
9.70438e+06
9.39308e+06
9.0868e+06
8.78585e+06
8.49017e+06
8.20063e+06
7.91707e+06
7.64031e+06
7.36885e+06
7.10187e+06
6.835e+06
6.56412e+06
6.28186e+06
5.9793e+06
5.64521e+06
5.29593e+06
4.94323e+06
4.56151e+06
3.93382e+06
3.76919e+06
1.34593e+07
1.30116e+07
1.25845e+07
1.21774e+07
1.17889e+07
1.14169e+07
1.10593e+07
1.07137e+07
1.03782e+07
1.00514e+07
9.73214e+06
9.41989e+06
9.11421e+06
8.81559e+06
8.52407e+06
8.2411e+06
7.96693e+06
7.70367e+06
7.45045e+06
7.20806e+06
6.97111e+06
6.73507e+06
6.48792e+06
6.21108e+06
5.87295e+06
5.50852e+06
5.23507e+06
4.64353e+06
4.37818e+06
4.24049e+06
1.35207e+07
1.30716e+07
1.26416e+07
1.22302e+07
1.18364e+07
1.14587e+07
1.10954e+07
1.07448e+07
1.04053e+07
1.00754e+07
9.75424e+06
9.44124e+06
9.13602e+06
8.83914e+06
8.55087e+06
8.27302e+06
8.00639e+06
7.75422e+06
7.51692e+06
7.29777e+06
7.09166e+06
6.89536e+06
6.68899e+06
6.45111e+06
6.16863e+06
5.51731e+06
5.27409e+06
4.93006e+06
4.69464e+06
4.5741e+06
1.35606e+07
1.31106e+07
1.26789e+07
1.22649e+07
1.18679e+07
1.14868e+07
1.112e+07
1.07662e+07
1.0424e+07
1.00921e+07
9.7696e+06
9.45606e+06
9.15115e+06
8.85543e+06
8.56941e+06
8.29496e+06
8.03355e+06
7.78883e+06
7.56305e+06
7.36175e+06
7.18453e+06
7.03211e+06
6.88145e+06
6.69853e+06
6.23357e+06
5.75661e+06
5.40747e+06
5.10797e+06
4.89624e+06
4.78717e+06
1.35802e+07
1.31298e+07
1.26973e+07
1.22822e+07
1.18837e+07
1.15009e+07
1.11324e+07
1.07771e+07
1.04335e+07
1.01006e+07
9.77748e+06
9.46363e+06
9.15893e+06
8.86372e+06
8.57893e+06
8.30607e+06
8.04744e+06
7.80615e+06
7.58637e+06
7.39358e+06
7.23418e+06
7.11696e+06
7.04138e+06
6.9677e+06
6.3564e+06
5.86808e+06
5.49122e+06
5.19812e+06
4.99518e+06
4.89118e+06
)
;

boundaryField
{
    inlet1
    {
        type            fixedGradient;
        gradient        uniform 20000;
    }
    inlet2
    {
        type            zeroGradient;
    }
    inlet3
    {
        type            fixedGradient;
        gradient        uniform 4.68141e+06;
    }
    output1
    {
        type            zeroGradient;
    }
    output2
    {
        type            fixedValue;
        value           uniform 0;
    }
    output3
    {
        type            zeroGradient;
    }
    up
    {
        type            zeroGradient;
    }
    down
    {
        type            zeroGradient;
    }
    emptyWalls
    {
        type            empty;
    }
}


// ************************************************************************* //
