/*--------------------------------*- C++ -*----------------------------------*\
  =========                 |
  \\      /  F ield         | OpenFOAM: The Open Source CFD Toolbox
   \\    /   O peration     | Website:  https://openfoam.org
    \\  /    A nd           | Version:  9
     \\/     M anipulation  |
\*---------------------------------------------------------------------------*/
FoamFile
{
    format      ascii;
    class       surfaceScalarField;
    location    "27000";
    object      phi;
}
// * * * * * * * * * * * * * * * * * * * * * * * * * * * * * * * * * * * * * //

dimensions      [0 3 -1 0 0 0 0];

internalField   nonuniform List<scalar> 
1740
(
2.05842e-08
6.55309e-08
4.38765e-09
4.16009e-08
4.42022e-09
6.43039e-09
1.10117e-09
1.16146e-09
1.04051e-09
2.3445e-11
1.34384e-09
5.86347e-11
1.28848e-09
3.87249e-11
1.26273e-09
2.2457e-11
1.24988e-09
1.06812e-11
1.24523e-09
2.95256e-12
1.24533e-09
-1.44221e-12
1.24739e-09
-3.14651e-12
1.24921e-09
-2.6841e-12
1.24896e-09
-4.69216e-13
1.24516e-09
3.18819e-12
1.23652e-09
8.08326e-12
1.22187e-09
1.41113e-11
1.20005e-09
2.12543e-11
1.16989e-09
2.95597e-11
1.13012e-09
3.91168e-11
1.07942e-09
5.00254e-11
1.01639e-09
6.23576e-11
9.39676e-10
7.6118e-11
8.48082e-10
9.11768e-11
7.40779e-10
1.072e-10
6.17582e-10
1.2357e-10
4.79258e-10
1.39328e-10
3.27796e-10
1.53179e-10
1.6653e-10
1.63628e-10
1.69286e-10
4.04063e-08
1.36327e-07
2.04969e-08
4.62425e-08
2.67595e-09
8.3952e-09
1.1691e-09
1.38351e-09
9.69128e-10
2.03603e-10
1.34257e-09
1.1676e-10
1.26693e-09
7.38092e-11
1.24985e-09
4.04246e-11
1.24167e-09
1.73193e-11
1.2405e-09
2.57632e-12
1.24336e-09
-5.56944e-12
1.24765e-09
-8.45429e-12
1.25127e-09
-7.11567e-12
1.25252e-09
-2.37673e-12
1.25e-09
5.14304e-12
1.24254e-09
1.50386e-11
1.22903e-09
2.71137e-11
1.2084e-09
4.13522e-11
1.17949e-09
5.78756e-11
1.14106e-09
7.68892e-11
1.09175e-09
9.86321e-11
1.03008e-09
1.23295e-10
9.5456e-10
1.50944e-10
8.6379e-10
1.81395e-10
7.56671e-10
2.1406e-10
6.3271e-10
2.47761e-10
4.92399e-10
2.80572e-10
3.37599e-10
3.09768e-10
1.71793e-10
3.32053e-10
3.44229e-10
1.43953e-08
2.09773e-07
6.72609e-10
7.19242e-08
1.28098e-09
1.02273e-08
1.32519e-09
3.74282e-10
1.07877e-09
3.98169e-10
1.31305e-09
1.83505e-10
1.2458e-09
9.9328e-11
1.22807e-09
4.81136e-11
1.22646e-09
1.55956e-11
1.23174e-09
-4.3966e-12
1.23996e-09
-1.49579e-11
1.24857e-09
-1.7987e-11
1.2557e-09
-1.49491e-11
1.25983e-09
-7.06683e-12
1.2598e-09
4.72055e-12
1.2546e-09
1.98137e-11
1.24332e-09
3.79527e-11
1.22501e-09
5.91655e-11
1.19861e-09
8.36997e-11
1.16289e-09
1.11935e-10
1.11643e-09
1.44316e-10
1.05762e-09
1.81244e-10
9.84694e-10
2.22968e-10
8.95848e-10
2.69403e-10
7.89408e-10
3.19884e-10
6.64191e-10
3.72843e-10
5.20027e-10
4.25432e-10
3.584e-10
4.73267e-10
1.83032e-10
5.10591e-10
5.31344e-10
2.86385e-08
2.83905e-07
6.73166e-09
8.68285e-08
6.33667e-10
1.33015e-08
7.09365e-10
5.59974e-11
1.01758e-09
3.32746e-10
1.15437e-09
1.78643e-10
1.17678e-09
9.18841e-11
1.19018e-09
3.71053e-11
1.20435e-09
1.34435e-12
1.22007e-09
-2.08037e-11
1.23615e-09
-3.1883e-11
1.251e-09
-3.35924e-11
1.26311e-09
-2.76329e-11
1.27132e-09
-1.56671e-11
1.27476e-09
9.88345e-13
1.27275e-09
2.15394e-11
1.26465e-09
4.57131e-11
1.24973e-09
7.36551e-11
1.22706e-09
1.05815e-10
1.19545e-09
1.42834e-10
1.15346e-09
1.8545e-10
1.09927e-09
2.34399e-10
1.03076e-09
2.90283e-10
9.45505e-10
3.53363e-10
8.4092e-10
4.23229e-10
7.14621e-10
4.9829e-10
5.65118e-10
5.75044e-10
3.92937e-10
6.47276e-10
2.01927e-10
7.05697e-10
7.39212e-10
3.14947e-08
3.50032e-07
3.06591e-09
1.39722e-07
7.23444e-10
1.55207e-08
6.61055e-10
3.88951e-11
9.98163e-10
1.61045e-10
1.06534e-09
1.08036e-10
1.11682e-09
5.24603e-11
1.1515e-09
7.07868e-12
1.18071e-09
-2.65216e-11
1.20803e-09
-4.82827e-11
1.23358e-09
-5.81825e-11
1.25615e-09
-5.68711e-11
1.27444e-09
-4.63274e-11
1.28758e-09
-2.89608e-11
1.29516e-09
-6.64266e-12
1.29698e-09
1.96403e-11
1.2928e-09
4.97002e-11
1.2822e-09
8.39248e-11
1.26443e-09
1.2307e-10
1.23842e-09
1.68135e-10
1.20268e-09
2.20251e-10
1.15524e-09
2.80618e-10
1.09357e-09
3.50399e-10
1.01449e-09
4.30531e-10
9.14146e-10
5.21375e-10
7.88254e-10
6.22041e-10
6.32891e-10
7.29176e-10
4.46298e-10
8.35095e-10
2.31729e-10
9.25707e-10
9.80593e-10
3.33594e-08
4.16793e-07
1.04322e-08
1.46723e-07
8.47326e-10
1.96381e-08
6.70726e-10
4.40861e-11
9.90071e-10
6.21681e-11
1.01962e-09
4.00309e-11
1.07368e-09
2.84213e-12
1.1183e-09
-3.47302e-11
1.15896e-09
-6.62287e-11
1.19777e-09
-8.76261e-11
1.23399e-09
-9.56973e-11
1.26559e-09
-8.93857e-11
1.29092e-09
-7.18482e-11
1.3094e-09
-4.72095e-11
1.32133e-09
-1.82425e-11
1.32721e-09
1.39611e-11
1.32739e-09
4.952e-11
1.32183e-09
8.92658e-11
1.31005e-09
1.34404e-10
1.29112e-09
1.86379e-10
1.2636e-09
2.46795e-10
1.22544e-09
3.17421e-10
1.17379e-09
4.0016e-10
1.10474e-09
4.96983e-10
1.01292e-09
6.09697e-10
8.9136e-10
7.39321e-10
7.31895e-10
8.84522e-10
5.27628e-10
1.03822e-09
2.78681e-10
1.18144e-09
1.27686e-09
2.37053e-08
4.90957e-07
3.08641e-09
1.68011e-07
1.12666e-09
2.29191e-08
6.84985e-10
5.44566e-11
9.71198e-10
1.15245e-11
9.90544e-10
-1.29183e-11
1.03999e-09
-4.63924e-11
1.08904e-09
-8.26137e-11
1.13908e-09
-1.16039e-10
1.19009e-09
-1.40298e-10
1.23901e-09
-1.47598e-10
1.28132e-09
-1.3313e-10
1.31423e-09
-1.04474e-10
1.33778e-09
-6.97897e-11
1.35353e-09
-3.30819e-11
1.36314e-09
4.91963e-12
1.36772e-09
4.51511e-11
1.36768e-09
8.92044e-11
1.36282e-09
1.389e-10
1.35242e-09
1.96176e-10
1.33517e-09
2.63127e-10
1.30913e-09
3.42106e-10
1.27142e-09
4.35831e-10
1.21774e-09
5.47539e-10
1.14145e-09
6.81105e-10
1.03237e-09
8.4102e-10
8.75699e-10
1.03137e-09
6.53635e-10
1.2518e-09
3.5536e-10
1.48497e-09
1.66854e-09
3.45134e-08
5.52893e-07
1.01449e-08
1.85552e-07
1.04602e-09
2.99909e-08
6.76884e-10
6.134e-11
9.37253e-10
-2.05327e-11
9.60324e-10
-5.68355e-11
1.00669e-09
-9.288e-11
1.05879e-09
-1.33294e-10
1.11823e-09
-1.75016e-10
1.18448e-09
-2.09931e-10
1.25065e-09
-2.21269e-10
1.30645e-09
-1.91064e-10
1.34691e-09
-1.4313e-10
1.37397e-09
-9.43972e-11
1.39188e-09
-4.92186e-11
1.40411e-09
-6.35534e-12
1.41266e-09
3.69554e-11
1.41834e-09
8.35003e-11
1.42116e-09
1.35814e-10
1.42056e-09
1.96293e-10
1.41552e-09
2.67425e-10
1.40448e-09
3.52039e-10
1.38504e-09
4.53515e-10
1.35336e-09
5.76233e-10
1.30278e-09
7.26161e-10
1.22096e-09
9.12279e-10
1.0849e-09
1.14813e-09
8.55849e-10
1.45266e-09
4.89115e-10
1.83807e-09
2.2438e-09
3.19648e-08
6.20777e-07
4.47228e-09
1.96802e-07
1.29807e-09
4.0117e-08
6.42508e-10
8.4453e-11
8.86953e-10
-7.1204e-11
9.22224e-10
-1.01011e-10
9.6764e-10
-1.34998e-10
1.02121e-09
-1.82668e-10
1.09057e-09
-2.408e-10
1.17898e-09
-3.03143e-10
1.27264e-09
-3.36485e-10
1.34693e-09
-2.66731e-10
1.39297e-09
-1.82586e-10
1.41931e-09
-1.15452e-10
1.43592e-09
-6.30454e-11
1.44876e-09
-1.80767e-11
1.46048e-09
2.55197e-11
1.47188e-09
7.20289e-11
1.48291e-09
1.24558e-10
1.49314e-09
1.85751e-10
1.50188e-09
2.58237e-10
1.50823e-09
3.45102e-10
1.51089e-09
4.49954e-10
1.50788e-09
5.77711e-10
1.49534e-09
7.35024e-10
1.46381e-09
9.33796e-10
1.38708e-09
1.19621e-09
1.19575e-09
1.57264e-09
7.45244e-10
2.17084e-09
3.22479e-09
5.80783e-08
6.59882e-07
1.48658e-08
2.56006e-07
1.65828e-09
3.67708e-08
5.73326e-10
9.40641e-10
8.24783e-10
-7.94065e-11
8.79839e-10
-1.43829e-10
9.20439e-10
-1.63435e-10
9.67846e-10
-2.21579e-10
1.04385e-09
-3.02376e-10
1.16821e-09
-4.25358e-10
1.31402e-09
-5.54796e-10
1.41565e-09
-3.56788e-10
1.45874e-09
-2.05034e-10
1.4744e-09
-1.21784e-10
1.48372e-09
-6.94357e-11
1.49453e-09
-2.84306e-11
1.50862e-09
1.11704e-11
1.52579e-09
5.45357e-11
1.54548e-09
1.04632e-10
1.5672e-09
1.63912e-10
1.59064e-09
2.34663e-10
1.61566e-09
3.20177e-10
1.64241e-09
4.23483e-10
1.67192e-09
5.49629e-10
1.70691e-09
7.02424e-10
1.75187e-09
8.91669e-10
1.80384e-09
1.13026e-09
1.79482e-09
1.47085e-09
1.2961e-09
2.04787e-09
3.34482e-09
9.84332e-08
5.65163e-07
6.51718e-08
2.59722e-07
1.30179e-08
1.27497e-07
2.17055e-09
1.75198e-08
7.44855e-10
3.27015e-09
8.57258e-10
-1.00972e-10
8.66429e-10
-1.29514e-10
8.8588e-10
-1.80115e-10
9.48787e-10
-2.52911e-10
1.13598e-09
-3.90203e-10
1.39958e-09
-5.94214e-10
1.54291e-09
-4.0419e-10
1.55196e-09
-1.59178e-10
1.53581e-09
-9.77128e-11
1.53003e-09
-6.51592e-11
1.53702e-09
-3.80171e-11
1.55367e-09
-7.32916e-12
1.57719e-09
3.03158e-11
1.606e-09
7.59826e-11
1.63953e-09
1.31551e-10
1.67783e-09
1.97745e-10
1.72137e-09
2.79364e-10
1.77119e-09
3.76465e-10
1.83047e-09
4.97427e-10
1.90849e-09
6.35678e-10
2.03294e-09
8.01547e-10
2.28161e-09
9.62525e-10
2.88357e-09
1.13264e-09
4.55927e-09
1.20494e-09
1.41978e-09
2.65436e-07
3.04751e-07
3.28673e-07
2.07805e-07
1.93517e-07
2.2936e-07
5.88805e-08
1.47237e-07
2.14412e-08
6.31949e-08
7.37801e-10
2.96553e-08
8.04954e-10
6.59819e-09
7.60454e-10
5.71467e-09
7.2943e-10
7.8856e-09
1.02735e-09
2.40283e-08
1.60541e-09
7.30647e-09
1.80444e-09
-1.81495e-10
1.67036e-09
-5.83974e-11
1.58685e-09
-4.76173e-11
1.56357e-09
-4.21452e-11
1.56984e-09
-3.25761e-11
1.59185e-09
-1.59366e-11
1.62332e-09
8.21536e-12
1.6618e-09
3.9064e-11
1.7071e-09
7.779e-11
1.75978e-09
1.23567e-10
1.82079e-09
1.81641e-10
1.8905e-09
2.49366e-10
1.9703e-09
3.37328e-10
2.06364e-09
4.3218e-10
2.18977e-09
5.47919e-10
2.4061e-09
6.22476e-10
2.89857e-09
6.48936e-10
3.995e-09
3.41549e-10
-3.43781e-10
2.84954e-07
9.78894e-09
4.75281e-07
3.28598e-08
5.81653e-07
1.29212e-07
5.09012e-07
1.94944e-07
4.19452e-07
1.24061e-07
3.60088e-07
8.1249e-08
3.44814e-07
3.19496e-08
3.10982e-07
3.32736e-08
2.78624e-07
4.45355e-08
1.75825e-07
1.00033e-07
3.4897e-08
8.62954e-08
1.7434e-09
3.83581e-08
1.59158e-09
4.27138e-09
1.42385e-09
3.82696e-10
1.40648e-09
-8.64374e-10
1.4248e-09
-1.49973e-09
1.4603e-09
-2.08945e-09
1.50761e-09
-2.66246e-09
1.56487e-09
-3.3263e-09
1.63079e-09
-3.90039e-09
1.70601e-09
-4.56535e-09
1.79427e-09
-5.05951e-09
1.89607e-09
-5.71201e-09
2.0118e-09
-5.99434e-09
2.12971e-09
-6.36741e-09
2.23306e-09
-5.64153e-09
2.2501e-09
-3.14131e-09
2.30937e-09
2.77761e-09
3.78255e-09
4.50664e-08
8.03079e-09
1.36133e-07
-1.07597e-07
2.12203e-07
-6.34065e-08
3.54782e-07
-3.04205e-09
4.92702e-07
6.03502e-08
5.47717e-07
7.65145e-08
5.59099e-07
7.16233e-08
5.54499e-07
4.57763e-08
5.30757e-07
5.54835e-08
5.01124e-07
7.81783e-08
4.57874e-07
1.39845e-07
3.6286e-07
1.56227e-07
3.33915e-07
8.63056e-08
3.30213e-07
1.97512e-08
3.28406e-07
2.28952e-09
3.31604e-07
-4.52531e-09
3.38667e-07
-8.31419e-09
3.49228e-07
-1.16464e-08
3.63402e-07
-1.49687e-08
3.80787e-07
-1.8576e-08
4.02273e-07
-2.18647e-08
4.25579e-07
-2.55482e-08
4.54332e-07
-2.83516e-08
4.81593e-07
-3.21868e-08
5.1813e-07
-3.3864e-08
5.4301e-07
-3.64918e-08
5.86946e-07
-3.20525e-08
5.76506e-07
-1.78958e-08
6.20713e-07
1.45649e-08
4.32185e-07
1.32014e-07
1.09841e-07
4.94227e-08
-1.58027e-07
9.55888e-08
-1.17241e-07
1.70122e-07
-6.98767e-08
2.69452e-07
-3.82564e-08
3.58879e-07
-5.5781e-09
4.16428e-07
1.56291e-08
4.41693e-07
2.70132e-08
4.56058e-07
4.47485e-08
4.72588e-07
6.9636e-08
5.18675e-07
1.01896e-07
5.50807e-07
1.2067e-07
5.5321e-07
8.08566e-08
5.4973e-07
3.0448e-08
5.50922e-07
3.61359e-09
5.55965e-07
-9.86207e-09
5.65885e-07
-1.83733e-08
5.79197e-07
-2.56472e-08
5.98361e-07
-3.29622e-08
6.19351e-07
-4.03926e-08
6.4802e-07
-4.78061e-08
6.75777e-07
-5.52731e-08
7.14547e-07
-6.21847e-08
7.47277e-07
-6.97268e-08
7.9741e-07
-7.49637e-08
8.29458e-07
-7.93777e-08
8.85139e-07
-7.18805e-08
8.91488e-07
-4.44225e-08
9.21678e-07
1.44456e-08
8.93688e-07
1.37413e-07
1.54597e-07
5.73302e-08
-2.25087e-07
1.12434e-07
-1.73047e-07
1.70234e-07
-1.30916e-07
2.23736e-07
-9.18587e-08
2.74605e-07
-5.72183e-08
3.16796e-07
-2.67494e-08
3.47145e-07
-1.24029e-09
3.76343e-07
2.06287e-08
4.10454e-07
4.06214e-08
4.63044e-07
5.56041e-08
5.21475e-07
6.21387e-08
5.52105e-07
4.83544e-08
5.62718e-07
2.21969e-08
5.68882e-07
-3.64405e-10
5.75927e-07
-1.62483e-08
5.86006e-07
-2.83697e-08
5.99361e-07
-3.91479e-08
6.1681e-07
-5.00853e-08
6.37464e-07
-6.10523e-08
6.63328e-07
-7.27184e-08
6.9189e-07
-8.4025e-08
7.27701e-07
-9.61137e-08
7.64316e-07
-1.0724e-07
8.11082e-07
-1.17875e-07
8.52886e-07
-1.23895e-07
9.09036e-07
-1.20216e-07
9.54938e-07
-9.63062e-08
1.03326e-06
-4.73781e-08
1.13454e-06
2.61861e-08
5.12324e-08
6.2144e-08
-2.88685e-07
1.2108e-07
-2.34794e-07
1.76578e-07
-1.85986e-07
2.27891e-07
-1.42221e-07
2.72985e-07
-1.01701e-07
3.11692e-07
-6.45191e-08
3.44297e-07
-3.2638e-08
3.74818e-07
-7.55473e-09
4.06858e-07
1.03078e-08
4.43194e-07
2.03076e-08
4.81408e-07
2.30664e-08
5.10016e-07
1.81687e-08
5.27486e-07
5.04961e-09
5.40221e-07
-1.16797e-08
5.53373e-07
-2.80485e-08
5.69271e-07
-4.3305e-08
5.89175e-07
-5.81437e-08
6.13369e-07
-7.34211e-08
6.42577e-07
-8.91025e-08
6.76708e-07
-1.059e-07
7.16413e-07
-1.22391e-07
7.61791e-07
-1.40426e-07
8.11767e-07
-1.55846e-07
8.6823e-07
-1.72493e-07
9.27713e-07
-1.81287e-07
1.00243e-06
-1.89537e-07
1.09544e-06
-1.85298e-07
1.23737e-06
-1.8138e-07
1.40634e-06
-1.52936e-07
-7.88643e-08
8.29322e-08
-3.80335e-07
1.56171e-07
-3.06198e-07
2.23673e-07
-2.50155e-07
2.82781e-07
-1.98621e-07
3.33209e-07
-1.50328e-07
3.7635e-07
-1.06379e-07
4.1388e-07
-6.90957e-08
4.47477e-07
-4.02022e-08
4.78496e-07
-2.04006e-08
5.0746e-07
-9.16201e-09
5.34714e-07
-5.05985e-09
5.59229e-07
-7.08048e-09
5.80487e-07
-1.58949e-08
6.00076e-07
-3.00903e-08
6.20774e-07
-4.73011e-08
6.4408e-07
-6.54202e-08
6.71499e-07
-8.44695e-08
7.02431e-07
-1.03731e-07
7.38432e-07
-1.24211e-07
7.77226e-07
-1.44705e-07
8.21943e-07
-1.66073e-07
8.67856e-07
-1.87125e-07
9.20445e-07
-2.06623e-07
9.73252e-07
-2.265e-07
1.03611e-06
-2.39757e-07
1.10972e-06
-2.62021e-07
1.21255e-06
-2.7726e-07
1.36369e-06
-3.27409e-07
1.55207e-06
-3.42421e-07
-2.76068e-07
1.19599e-07
-4.97427e-07
2.25381e-07
-3.99378e-07
3.13982e-07
-3.30522e-07
3.83552e-07
-2.64557e-07
4.37779e-07
-2.03027e-07
4.81821e-07
-1.49546e-07
5.19469e-07
-1.06215e-07
5.53021e-07
-7.32878e-08
5.83383e-07
-5.05075e-08
6.11153e-07
-3.66488e-08
6.36806e-07
-3.05131e-08
6.61278e-07
-3.1046e-08
6.8392e-07
-3.8085e-08
7.05518e-07
-5.06471e-08
7.26315e-07
-6.74275e-08
7.48061e-07
-8.61648e-08
7.70389e-07
-1.06814e-07
7.94365e-07
-1.27291e-07
8.19332e-07
-1.49981e-07
8.45609e-07
-1.70954e-07
8.74279e-07
-1.95705e-07
9.03094e-07
-2.16057e-07
9.39087e-07
-2.42327e-07
9.73381e-07
-2.61264e-07
1.02689e-06
-2.88945e-07
1.07789e-06
-3.14693e-07
1.16735e-06
-3.51459e-07
1.26997e-06
-4.2365e-07
1.43631e-06
-4.65925e-07
-6.09208e-07
2.34417e-07
-6.91872e-07
4.04053e-07
-5.50223e-07
4.97854e-07
-4.21612e-07
5.49272e-07
-3.16634e-07
5.80663e-07
-2.35381e-07
6.04125e-07
-1.73736e-07
6.24983e-07
-1.27619e-07
6.45353e-07
-9.39728e-08
6.65218e-07
-7.06385e-08
6.8453e-07
-5.59948e-08
7.02726e-07
-4.87801e-08
7.19959e-07
-4.81152e-08
7.35018e-07
-5.32348e-08
7.48068e-07
-6.34754e-08
7.58124e-07
-7.77579e-08
7.67087e-07
-9.49756e-08
7.73852e-07
-1.14415e-07
7.82005e-07
-1.35267e-07
7.8907e-07
-1.58372e-07
8.01175e-07
-1.81864e-07
8.13437e-07
-2.09434e-07
8.35197e-07
-2.34335e-07
8.59543e-07
-2.68333e-07
8.96324e-07
-2.91878e-07
9.44032e-07
-3.38145e-07
9.92197e-07
-3.57932e-07
1.07839e-06
-4.33602e-07
1.11769e-06
-4.70725e-07
1.52244e-06
-7.36647e-07
-1.51218e-06
8.45065e-07
-6.60882e-07
7.67119e-07
-5.17104e-07
7.06072e-07
-3.81612e-07
6.62311e-07
-2.82549e-07
6.35372e-07
-2.12787e-07
6.22099e-07
-1.62435e-07
6.1876e-07
-1.25134e-07
6.21914e-07
-9.7573e-08
6.28964e-07
-7.78569e-08
6.37855e-07
-6.5009e-08
6.47338e-07
-5.82106e-08
6.56248e-07
-5.702e-08
6.64033e-07
-6.07909e-08
6.70074e-07
-6.9319e-08
6.74821e-07
-8.18884e-08
6.78989e-07
-9.85109e-08
6.84019e-07
-1.18234e-07
6.91764e-07
-1.41729e-07
7.02807e-07
-1.67607e-07
7.20253e-07
-1.9724e-07
7.407e-07
-2.28246e-07
7.71932e-07
-2.62519e-07
8.00867e-07
-2.97895e-07
8.50037e-07
-3.35056e-07
8.81009e-07
-3.76773e-07
9.53386e-07
-4.1401e-07
9.71079e-07
-4.77854e-07
1.05923e-06
-5.28075e-07
9.74091e-07
-7.84177e-07
-1.20075e-06
7.21062e-07
-4.57941e-07
6.02506e-07
-3.84164e-07
5.47171e-07
-3.16581e-07
5.29717e-07
-2.57541e-07
5.30365e-07
-2.07839e-07
5.38893e-07
-1.67176e-07
5.50696e-07
-1.34482e-07
5.63656e-07
-1.08966e-07
5.76808e-07
-8.99361e-08
5.8954e-07
-7.6989e-08
6.01647e-07
-6.96459e-08
6.12843e-07
-6.76425e-08
6.23331e-07
-7.05677e-08
6.33078e-07
-7.83723e-08
6.42922e-07
-9.07328e-08
6.53115e-07
-1.07798e-07
6.6512e-07
-1.28983e-07
6.78551e-07
-1.54453e-07
6.94915e-07
-1.82993e-07
7.12037e-07
-2.14816e-07
7.32514e-07
-2.48422e-07
7.51986e-07
-2.84312e-07
7.7709e-07
-3.22039e-07
7.97163e-07
-3.59925e-07
8.23252e-07
-3.98729e-07
8.29378e-07
-4.32147e-07
8.05654e-07
-4.54203e-07
7.29358e-07
-4.86969e-07
3.71348e-07
-4.70315e-07
-3.00366e-07
8.21261e-07
-3.62479e-07
7.71077e-07
-3.39013e-07
7.42854e-07
-2.98568e-07
7.26478e-07
-2.50906e-07
7.16271e-07
-2.05185e-07
7.095e-07
-1.66025e-07
7.05051e-07
-1.34191e-07
7.02388e-07
-1.09502e-07
7.01037e-07
-9.10617e-08
7.00448e-07
-7.84637e-08
7.00055e-07
-7.09783e-08
6.99301e-07
-6.85111e-08
6.97766e-07
-7.05194e-08
6.95166e-07
-7.73229e-08
6.91362e-07
-8.84318e-08
6.8661e-07
-1.04641e-07
6.81001e-07
-1.2498e-07
6.75799e-07
-1.50766e-07
6.71e-07
-1.79836e-07
6.7006e-07
-2.1457e-07
6.71353e-07
-2.51045e-07
6.81195e-07
-2.92496e-07
6.90056e-07
-3.32651e-07
7.04276e-07
-3.69336e-07
7.01628e-07
-4.01355e-07
6.63388e-07
-3.9352e-07
5.79138e-07
-3.84426e-07
4.00838e-07
-3.26174e-07
1.96762e-07
-2.66723e-07
-2.42194e-07
8.36481e-07
-2.84228e-07
7.66922e-07
-2.67671e-07
7.09021e-07
-2.39524e-07
6.65087e-07
-2.05983e-07
6.33858e-07
-1.72627e-07
6.12359e-07
-1.42982e-07
5.97939e-07
-1.18076e-07
5.88291e-07
-9.83606e-08
5.81975e-07
-8.32912e-08
5.77544e-07
-7.28852e-08
5.74375e-07
-6.65319e-08
5.71415e-07
-6.45167e-08
5.68733e-07
-6.63343e-08
5.65506e-07
-7.27781e-08
5.62649e-07
-8.33255e-08
5.59597e-07
-9.95991e-08
5.58602e-07
-1.20495e-07
5.59438e-07
-1.48821e-07
5.65782e-07
-1.81354e-07
5.76216e-07
-2.22248e-07
5.93388e-07
-2.63163e-07
6.11366e-07
-3.10021e-07
6.25134e-07
-3.43793e-07
6.29225e-07
-3.75671e-07
5.88669e-07
-3.65406e-07
5.12798e-07
-3.22376e-07
3.95897e-07
-2.80744e-07
2.61636e-07
-1.95301e-07
1.20441e-07
-1.28151e-07
-4.37571e-08
8.50649e-07
-2.20294e-07
7.95252e-07
-2.1075e-07
7.50596e-07
-1.94685e-07
7.17326e-07
-1.73851e-07
6.93806e-07
-1.50837e-07
6.77429e-07
-1.28494e-07
6.66119e-07
-1.08408e-07
6.58028e-07
-9.17937e-08
6.52192e-07
-7.86614e-08
6.47527e-07
-6.94373e-08
6.43717e-07
-6.36498e-08
6.39912e-07
-6.18175e-08
6.36142e-07
-6.33808e-08
6.31581e-07
-6.94102e-08
6.2655e-07
-7.91895e-08
6.20375e-07
-9.49202e-08
6.13812e-07
-1.15124e-07
6.06824e-07
-1.4381e-07
6.00321e-07
-1.76619e-07
5.94402e-07
-2.19054e-07
5.89651e-07
-2.6093e-07
5.81418e-07
-3.05884e-07
5.71429e-07
-3.35937e-07
5.36266e-07
-3.48061e-07
4.50621e-07
-2.86349e-07
3.55808e-07
-2.22798e-07
2.49393e-07
-1.80639e-07
1.46603e-07
-7.58358e-08
5.5616e-08
-3.25795e-08
-3.91175e-09
8.60934e-07
-1.67005e-07
8.12528e-07
-1.61282e-07
7.6955e-07
-1.51199e-07
7.33033e-07
-1.37418e-07
7.03194e-07
-1.21344e-07
6.79137e-07
-1.0496e-07
6.60023e-07
-8.96372e-08
6.44434e-07
-7.65986e-08
6.31746e-07
-6.60682e-08
6.20608e-07
-5.85832e-08
6.10849e-07
-5.37808e-08
6.00995e-07
-5.2232e-08
5.91302e-07
-5.33457e-08
5.79927e-07
-5.82966e-08
5.67664e-07
-6.61642e-08
5.52381e-07
-7.96703e-08
5.35842e-07
-9.67992e-08
5.16895e-07
-1.23784e-07
4.98568e-07
-1.54272e-07
4.83786e-07
-2.00457e-07
4.72364e-07
-2.43071e-07
4.66618e-07
-2.94201e-07
4.5803e-07
-3.21294e-07
4.01017e-07
-2.98193e-07
3.02639e-07
-1.94705e-07
2.12911e-07
-1.13518e-07
9.65324e-08
-6.76462e-08
1.26618e-08
-5.23695e-09
9.71719e-10
-1.32542e-09
-1.47445e-09
8.67429e-07
-1.20458e-07
8.23907e-07
-1.1695e-07
7.83876e-07
-1.10643e-07
7.4847e-07
-1.01866e-07
7.18357e-07
-9.13492e-08
6.93216e-07
-8.02221e-08
6.72647e-07
-6.94608e-08
6.55487e-07
-5.99986e-08
6.4129e-07
-5.22082e-08
6.28673e-07
-4.65549e-08
6.17622e-07
-4.29277e-08
6.06442e-07
-4.17404e-08
5.95723e-07
-4.26695e-08
5.83094e-07
-4.65908e-08
5.7006e-07
-5.29428e-08
5.53158e-07
-6.40277e-08
5.35458e-07
-7.84038e-08
5.12637e-07
-1.024e-07
4.90329e-07
-1.30099e-07
4.66783e-07
-1.77684e-07
4.42485e-07
-2.16614e-07
4.26139e-07
-2.77105e-07
3.8574e-07
-2.85986e-07
2.80831e-07
-2.13015e-07
1.83442e-07
-7.67985e-08
8.12936e-08
-2.82609e-08
1.45963e-09
-4.0042e-10
1.28047e-09
-8.46571e-10
5.49543e-10
-1.29974e-09
-1.37362e-09
8.71573e-07
-7.82042e-08
8.3142e-07
-7.61671e-08
7.93694e-07
-7.24592e-08
7.59292e-07
-6.7245e-08
7.28889e-07
-6.0907e-08
7.02496e-07
-5.40282e-08
6.80027e-07
-4.72269e-08
6.60696e-07
-4.10814e-08
6.44185e-07
-3.59634e-08
6.29278e-07
-3.21536e-08
6.15913e-07
-2.97387e-08
6.02408e-07
-2.88714e-08
5.89263e-07
-2.95565e-08
5.73901e-07
-3.21293e-08
5.57781e-07
-3.66033e-08
5.36485e-07
-4.40758e-08
5.13202e-07
-5.43154e-08
4.80101e-07
-7.10969e-08
4.44694e-07
-9.19025e-08
3.96353e-07
-1.30046e-07
3.51856e-07
-1.62528e-07
3.13315e-07
-2.32325e-07
2.22254e-07
-2.00112e-07
8.22072e-08
-7.67806e-08
1.57767e-09
-4.49021e-10
1.50594e-09
-6.08611e-10
1.18571e-09
-3.95891e-10
9.50651e-10
-7.44449e-10
4.84269e-10
-8.31943e-10
-8.77836e-10
8.74043e-07
-3.85056e-08
8.35963e-07
-3.75649e-08
7.99746e-07
-3.58434e-08
7.66143e-07
-3.34062e-08
7.35769e-07
-3.04308e-08
7.08803e-07
-2.71511e-08
6.85299e-07
-2.38775e-08
6.64748e-07
-2.08569e-08
6.46869e-07
-1.83395e-08
6.30667e-07
-1.64124e-08
6.15922e-07
-1.523e-08
6.01196e-07
-1.47464e-08
5.86636e-07
-1.51562e-08
5.70023e-07
-1.63749e-08
5.52176e-07
-1.87902e-08
5.29163e-07
-2.24126e-08
5.03079e-07
-2.79753e-08
4.66036e-07
-3.61799e-08
4.23722e-07
-4.81791e-08
3.59825e-07
-6.88174e-08
2.99635e-07
-9.43661e-08
2.15051e-07
-1.47505e-07
7.19374e-08
-7.90435e-08
1.45855e-09
-6.73116e-10
1.79684e-09
-3.15667e-10
1.49877e-09
-4.69773e-10
1.17877e-09
-3.05792e-10
8.45598e-10
-3.64056e-10
4.36879e-10
-4.05986e-10
-4.27943e-10
8.75196e-07
8.38109e-07
8.02625e-07
7.69468e-07
7.39145e-07
7.11977e-07
6.87949e-07
6.66862e-07
6.48205e-07
6.31457e-07
6.15826e-07
6.00695e-07
5.85049e-07
5.68214e-07
5.48756e-07
5.25724e-07
4.96784e-07
4.59732e-07
4.10366e-07
3.40551e-07
2.46507e-07
9.9929e-08
4.03644e-09
1.81335e-09
1.99683e-09
1.56015e-09
1.185e-09
8.16084e-10
4.17652e-10
)
;

boundaryField
{
    inlet1
    {
        type            calculated;
        value           nonuniform List<scalar> 10(-1e-07 -1e-07 -1e-07 -1e-07 -1e-07 -1e-07 -1e-07 -1e-07 -1e-07 -1e-07);
    }
    inlet2
    {
        type            calculated;
        value           uniform 0;
    }
    inlet3
    {
        type            calculated;
        value           nonuniform List<scalar> 10(-9.13394e-07 -9.13394e-07 -9.13394e-07 -9.13394e-07 -9.13394e-07 -9.13394e-07 -9.13394e-07 -9.13394e-07 -9.13394e-07 -9.13394e-07);
    }
    output1
    {
        type            calculated;
        value           uniform 0;
    }
    output2
    {
        type            calculated;
        value           nonuniform List<scalar> 10(7.65965e-09 5.70837e-09 7.63211e-09 2.25783e-07 9.2333e-07 1.23304e-06 1.52622e-06 1.72779e-06 1.77229e-06 2.70448e-06);
    }
    output3
    {
        type            calculated;
        value           uniform -0;
    }
    up
    {
        type            calculated;
        value           uniform 0;
    }
    down
    {
        type            calculated;
        value           uniform 0;
    }
    emptyWalls
    {
        type            empty;
        value           nonuniform List<scalar> 0();
    }
}


// ************************************************************************* //
