/*--------------------------------*- C++ -*----------------------------------*\
  =========                 |
  \\      /  F ield         | OpenFOAM: The Open Source CFD Toolbox
   \\    /   O peration     | Website:  https://openfoam.org
    \\  /    A nd           | Version:  9
     \\/     M anipulation  |
\*---------------------------------------------------------------------------*/
FoamFile
{
    format      ascii;
    class       volScalarField;
    location    "27000";
    object      Sw;
}
// * * * * * * * * * * * * * * * * * * * * * * * * * * * * * * * * * * * * * //

dimensions      [0 0 0 0 0 0 0];

internalField   nonuniform List<scalar> 
900
(
0.728591
0.520042
0.693161
0.516768
0.160646
0.15
0.15
0.15
0.15
0.15
0.15
0.15
0.15
0.15
0.15
0.15
0.15
0.15
0.15
0.15
0.15
0.15
0.15
0.15
0.15
0.15
0.15
0.15
0.15
0.15
0.778581
0.806717
0.659232
0.549597
0.235496
0.15
0.15
0.15
0.15
0.15
0.15
0.15
0.15
0.15
0.15
0.15
0.15
0.15
0.15
0.15
0.15
0.15
0.15
0.15
0.15
0.15
0.15
0.15
0.15
0.15
0.781525
0.578266
0.552608
0.4437
0.152105
0.15
0.15
0.15
0.15
0.15
0.15
0.15
0.15
0.15
0.15
0.15
0.15
0.15
0.15
0.15
0.15
0.15
0.15
0.15
0.15
0.15
0.15
0.15
0.15
0.15
0.786678
0.726554
0.573229
0.334813
0.150057
0.15
0.15
0.15
0.15
0.15
0.15
0.15
0.15
0.15
0.15
0.15
0.15
0.15
0.15
0.15
0.15
0.15
0.15
0.15
0.15
0.15
0.15
0.15
0.15
0.15
0.789062
0.63175
0.559494
0.296028
0.150008
0.15
0.15
0.15
0.15
0.15
0.15
0.15
0.15
0.15
0.15
0.15
0.15
0.15
0.15
0.15
0.15
0.15
0.15
0.15
0.15
0.15
0.15
0.15
0.15
0.15
0.794589
0.759181
0.577171
0.240255
0.15
0.15
0.15
0.15
0.15
0.15
0.15
0.15
0.15
0.15
0.15
0.15
0.15
0.15
0.15
0.15
0.15
0.15
0.15
0.15
0.15
0.15
0.15
0.15
0.15
0.15
0.797917
0.635567
0.574684
0.208656
0.15
0.15
0.15
0.15
0.15
0.15
0.15
0.15
0.15
0.15
0.15
0.15
0.15
0.15
0.15
0.15
0.15
0.15
0.15
0.15
0.15
0.15
0.15
0.15
0.15
0.15
0.807741
0.753254
0.583434
0.1816
0.15
0.15
0.15
0.15
0.15
0.15
0.15
0.15
0.15
0.15
0.15
0.15
0.15
0.15
0.15
0.15
0.15
0.15
0.15
0.15
0.15
0.15
0.15
0.15
0.15
0.15
0.817761
0.667445
0.605061
0.162858
0.15
0.15
0.15
0.15
0.15
0.15
0.15
0.15
0.15
0.15
0.15
0.15
0.15
0.15
0.15
0.15
0.15
0.15
0.15
0.15
0.15
0.15
0.15
0.15
0.15
0.15
0.847596
0.773204
0.614887
0.163565
0.15
0.15
0.15
0.15
0.15
0.15
0.15
0.15
0.15
0.15
0.15
0.15
0.15
0.15
0.15
0.15
0.15
0.15
0.15
0.15
0.15
0.15
0.15
0.15
0.15
0.15
0.875186
0.760389
0.587548
0.422546
0.150228
0.15
0.15
0.15
0.15
0.15
0.15
0.15
0.15
0.15
0.15
0.15
0.15
0.15
0.15
0.15
0.15
0.15
0.15
0.15
0.15
0.15
0.15
0.15
0.15
0.15
0.895584
0.827297
0.749775
0.57106
0.501766
0.179916
0.150002
0.150001
0.150001
0.150001
0.150001
0.15
0.15
0.15
0.15
0.15
0.15
0.15
0.15
0.15
0.15
0.15
0.15
0.15
0.15
0.15
0.15
0.15
0.15
0.15
0.877476
0.784694
0.760413
0.698934
0.644887
0.608747
0.594072
0.595361
0.584151
0.590756
0.48472
0.169335
0.169243
0.172269
0.174699
0.175099
0.174635
0.17362
0.171831
0.169741
0.16784
0.165896
0.163777
0.161088
0.157899
0.153637
0.150569
0.15
0.15
0.15
0.749817
0.713919
0.659672
0.675528
0.650341
0.642581
0.624434
0.627404
0.611416
0.610015
0.573303
0.550365
0.548013
0.549908
0.551052
0.551583
0.55197
0.552627
0.553555
0.554659
0.556088
0.556913
0.558775
0.55853
0.561714
0.559362
0.566709
0.5572
0.577218
0.448636
0.622166
0.627878
0.59788
0.615329
0.61523
0.618661
0.610791
0.608408
0.600751
0.597462
0.593755
0.586844
0.582442
0.581769
0.581943
0.582058
0.582243
0.582254
0.583032
0.582901
0.584462
0.583516
0.586015
0.583482
0.587746
0.582665
0.589678
0.576826
0.578642
0.542556
0.616914
0.602121
0.600002
0.595984
0.59551
0.595008
0.592602
0.589061
0.587353
0.585947
0.589401
0.589687
0.587408
0.58588
0.585279
0.585064
0.58505
0.585062
0.585345
0.585443
0.586063
0.585954
0.586943
0.586117
0.587482
0.584747
0.585868
0.579003
0.579662
0.573217
0.595311
0.590967
0.588127
0.587564
0.587952
0.587753
0.586976
0.585269
0.584485
0.584247
0.585623
0.58637
0.585527
0.584524
0.584073
0.584243
0.58471
0.585495
0.586337
0.587444
0.58844
0.589637
0.59055
0.591201
0.591366
0.590046
0.58886
0.586489
0.588604
0.590012
0.593181
0.586848
0.58748
0.58956
0.591535
0.592801
0.593323
0.593258
0.593064
0.592947
0.59295
0.592943
0.592653
0.59241
0.592489
0.593098
0.593927
0.595113
0.596088
0.597438
0.598077
0.599381
0.599178
0.600046
0.598263
0.597866
0.594116
0.592687
0.590896
0.593016
0.585951
0.586664
0.591844
0.59681
0.600245
0.602185
0.603265
0.603718
0.603977
0.604006
0.604068
0.60401
0.604116
0.604
0.604231
0.604265
0.604747
0.60473
0.605077
0.604678
0.604545
0.603732
0.602713
0.601781
0.5993
0.599082
0.594141
0.593343
0.582355
0.579367
0.587385
0.597532
0.60614
0.610357
0.611785
0.611932
0.611697
0.611323
0.611048
0.610702
0.610499
0.610162
0.609986
0.609447
0.609061
0.608117
0.607537
0.60609
0.605416
0.60337
0.602901
0.600227
0.6003
0.597101
0.597712
0.595024
0.59481
0.59504
0.57933
0.573723
0.609426
0.620897
0.620496
0.616612
0.612835
0.610037
0.608129
0.60693
0.606133
0.605638
0.605215
0.604898
0.604444
0.603966
0.603192
0.602425
0.601425
0.600598
0.599755
0.599052
0.598704
0.597758
0.598184
0.5959
0.597985
0.592225
0.598223
0.588026
0.615147
0.637284
0.59656
0.593126
0.592791
0.59345
0.594464
0.595624
0.596775
0.597814
0.598703
0.599456
0.600054
0.600561
0.600903
0.601198
0.601296
0.601461
0.601408
0.60159
0.601361
0.601481
0.600686
0.60053
0.598685
0.59841
0.594968
0.595041
0.589675
0.589078
0.580815
0.508386
0.59878
0.600512
0.604009
0.606993
0.608792
0.609696
0.610046
0.61014
0.610081
0.609964
0.609768
0.609521
0.609158
0.608691
0.608043
0.607213
0.606157
0.604813
0.603331
0.601431
0.599933
0.597686
0.596914
0.593689
0.593035
0.586723
0.581445
0.57029
0.552207
0.552328
0.599425
0.59864
0.59823
0.598056
0.597858
0.597653
0.597393
0.597248
0.597081
0.597066
0.596938
0.596972
0.596758
0.596779
0.596386
0.596394
0.59577
0.595896
0.595156
0.595756
0.595014
0.595959
0.59434
0.593376
0.588813
0.578397
0.566927
0.547233
0.531576
0.486987
0.599503
0.598861
0.598808
0.599345
0.60014
0.601002
0.601713
0.602373
0.602837
0.603334
0.603631
0.604058
0.604237
0.604643
0.604689
0.605025
0.604777
0.6048
0.603935
0.603185
0.601197
0.599182
0.594911
0.591085
0.579875
0.562595
0.545408
0.516599
0.501935
0.389162
0.599647
0.599184
0.598967
0.599024
0.599209
0.599498
0.599698
0.599948
0.600024
0.600243
0.600208
0.600456
0.600286
0.600584
0.600157
0.600434
0.599445
0.599422
0.597408
0.596614
0.593742
0.591493
0.587094
0.58069
0.561103
0.542219
0.517471
0.413083
0.15024
0.15
0.599747
0.599385
0.59915
0.599091
0.599162
0.599381
0.599603
0.599924
0.600125
0.600485
0.60061
0.601058
0.601079
0.601711
0.601553
0.602496
0.601933
0.603196
0.601482
0.602362
0.598156
0.595286
0.587182
0.568449
0.530076
0.522357
0.245021
0.15
0.15
0.15
0.599809
0.59952
0.599308
0.599204
0.599193
0.599302
0.599443
0.599683
0.599857
0.600169
0.600305
0.600721
0.600776
0.601407
0.601312
0.602361
0.601863
0.603514
0.601376
0.602854
0.59436
0.591987
0.573728
0.533809
0.287199
0.15
0.15
0.15
0.15
0.15
0.599845
0.599602
0.599413
0.599295
0.599247
0.599294
0.599392
0.59958
0.599752
0.600035
0.600216
0.600608
0.600767
0.601373
0.601491
0.602542
0.602508
0.60439
0.603398
0.606215
0.598122
0.598192
0.551104
0.295862
0.15
0.15
0.15
0.15
0.15
0.15
0.599862
0.599639
0.599466
0.59934
0.599287
0.599296
0.599388
0.599524
0.599728
0.599939
0.600219
0.60048
0.600856
0.601203
0.601773
0.602299
0.603241
0.604079
0.605525
0.606549
0.606627
0.601674
0.439938
0.150115
0.15
0.15
0.15
0.15
0.15
0.15
)
;

boundaryField
{
    inlet1
    {
        type            fixedValue;
        value           uniform 0.85;
    }
    inlet2
    {
        type            zeroGradient;
    }
    inlet3
    {
        type            fixedValue;
        value           uniform 0.6;
    }
    output1
    {
        type            zeroGradient;
    }
    output2
    {
        type            zeroGradient;
    }
    output3
    {
        type            zeroGradient;
    }
    up
    {
        type            zeroGradient;
    }
    down
    {
        type            zeroGradient;
    }
    emptyWalls
    {
        type            empty;
    }
}


// ************************************************************************* //
