/*--------------------------------*- C++ -*----------------------------------*\
  =========                 |
  \\      /  F ield         | OpenFOAM: The Open Source CFD Toolbox
   \\    /   O peration     | Website:  https://openfoam.org
    \\  /    A nd           | Version:  9
     \\/     M anipulation  |
\*---------------------------------------------------------------------------*/
FoamFile
{
    format      ascii;
    class       volVectorField;
    location    "27000";
    object      ut;
}
// * * * * * * * * * * * * * * * * * * * * * * * * * * * * * * * * * * * * * //

dimensions      [0 1 -1 0 0 0 0];

internalField   nonuniform List<vector> 
900
(
(3.97297e-06 2.50712e-06 -0)
(1.43859e-07 3.51812e-08 -0)
(7.33671e-07 2.26358e-07 -0)
(1.50373e-07 2.32056e-08 -0)
(6.98598e-08 -3.27128e-10 -0)
(1.38242e-07 3.95211e-09 -0)
(1.30525e-07 2.15032e-09 -0)
(1.2717e-07 1.20498e-09 -0)
(1.25377e-07 5.88463e-10 -0)
(1.24599e-07 1.9003e-10 -0)
(1.24448e-07 -3.81942e-11 -0)
(1.24617e-07 -1.3006e-10 -0)
(1.24861e-07 -1.12135e-10 -0)
(1.2498e-07 -5.25901e-12 -0)
(1.24812e-07 1.75028e-10 -0)
(1.2422e-07 4.1842e-10 -0)
(1.23084e-07 7.19525e-10 -0)
(1.21289e-07 1.07717e-09 -0)
(1.18721e-07 1.49343e-09 -0)
(1.15257e-07 1.97245e-09 -0)
(1.10768e-07 2.51861e-09 -0)
(1.05116e-07 3.13503e-09 -0)
(9.81619e-08 3.82127e-09 -0)
(8.97733e-08 4.56986e-09 -0)
(7.9843e-08 5.36309e-09 -0)
(6.83127e-08 6.16961e-09 -0)
(5.52037e-08 6.94179e-09 -0)
(4.0648e-08 7.6166e-09 -0)
(2.49112e-08 8.1229e-09 -0)
(8.39483e-09 8.39608e-09 -0)
(4.33635e-06 1.05991e-05 -0)
(3.74491e-06 8.285e-06 -0)
(3.54462e-07 1.05972e-06 -0)
(1.80729e-07 2.09086e-07 -0)
(5.30907e-08 5.01613e-09 -0)
(1.40735e-07 7.77484e-09 -0)
(1.27778e-07 5.59466e-09 -0)
(1.25608e-07 3.28642e-09 -0)
(1.24362e-07 1.54777e-09 -0)
(1.23972e-07 4.00481e-10 -0)
(1.24128e-07 -2.50248e-10 -0)
(1.24543e-07 -4.99241e-10 -0)
(1.24986e-07 -4.24686e-10 -0)
(1.25267e-07 -8.85842e-11 -0)
(1.25236e-07 4.62611e-10 -0)
(1.24765e-07 1.19823e-09 -0)
(1.23743e-07 2.10274e-09 -0)
(1.22063e-07 3.17368e-09 -0)
(1.19616e-07 4.41851e-09 -0)
(1.16282e-07 5.85092e-09 -0)
(1.1193e-07 7.48647e-09 -0)
(1.06419e-07 9.33649e-09 -0)
(9.95968e-08 1.14023e-08 -0)
(9.13152e-08 1.36655e-08 -0)
(8.14428e-08 1.60768e-08 -0)
(6.98914e-08 1.85443e-08 -0)
(5.66507e-08 2.09238e-08 -0)
(4.18291e-08 2.30192e-08 -0)
(2.56907e-08 2.46027e-08 -0)
(8.66801e-09 2.54612e-08 -0)
(2.81488e-06 1.66663e-05 -0)
(6.41828e-08 9.63507e-07 -0)
(7.03391e-08 6.1932e-07 -0)
(1.85856e-07 6.7616e-08 -0)
(7.91823e-08 3.57045e-08 -0)
(1.36572e-07 1.55771e-08 -0)
(1.26037e-07 9.16718e-09 -0)
(1.23123e-07 4.7985e-09 -0)
(1.22491e-07 1.91608e-09 -0)
(1.22801e-07 1.14783e-10 -0)
(1.23548e-07 -8.6364e-10 -0)
(1.24443e-07 -1.19162e-09 -0)
(1.25272e-07 -9.98449e-10 -0)
(1.25867e-07 -3.86761e-10 -0)
(1.26099e-07 5.65997e-10 -0)
(1.25861e-07 1.80949e-09 -0)
(1.2506e-07 3.31999e-09 -0)
(1.23605e-07 5.09675e-09 -0)
(1.21398e-07 7.15661e-09 -0)
(1.18325e-07 9.52692e-09 -0)
(1.14253e-07 1.22399e-08 -0)
(1.09032e-07 1.53224e-08 -0)
(1.02491e-07 1.87864e-08 -0)
(9.44478e-08 2.26135e-08 -0)
(8.47218e-08 2.67351e-08 -0)
(7.31597e-08 3.10078e-08 -0)
(5.96786e-08 3.51906e-08 -0)
(4.43268e-08 3.89343e-08 -0)
(2.73532e-08 4.1808e-08 -0)
(9.25334e-09 4.33845e-08 -0)
(4.45587e-06 2.52884e-05 -0)
(1.27183e-06 1.34213e-05 -0)
(7.45019e-08 1.42614e-06 -0)
(5.22315e-08 7.24039e-09 -0)
(8.96415e-08 4.39293e-08 -0)
(1.13874e-07 2.11239e-08 -0)
(1.16999e-07 1.06984e-08 -0)
(1.18357e-07 4.82422e-09 -0)
(1.19678e-07 1.20305e-09 -0)
(1.21192e-07 -9.94103e-10 -0)
(1.22821e-07 -2.12794e-09 -0)
(1.24409e-07 -2.40579e-09 -0)
(1.25791e-07 -1.99138e-09 -0)
(1.26832e-07 -1.0266e-09 -0)
(1.27432e-07 3.78114e-10 -0)
(1.27519e-07 2.15326e-09 -0)
(1.2703e-07 4.27055e-09 -0)
(1.259e-07 6.73635e-09 -0)
(1.24046e-07 9.58332e-09 -0)
(1.21365e-07 1.286e-08 -0)
(1.17726e-07 1.66232e-08 -0)
(1.12965e-07 2.09264e-08 -0)
(1.06888e-07 2.58073e-08 -0)
(9.92638e-08 3.12671e-08 -0)
(8.98371e-08 3.72418e-08 -0)
(7.83469e-08 4.35607e-08 -0)
(6.45772e-08 4.98959e-08 -0)
(4.84465e-08 5.57191e-08 -0)
(3.01409e-08 6.03102e-08 -0)
(1.02445e-08 6.28843e-08 -0)
(5.79454e-06 3.14926e-05 -0)
(5.04403e-07 3.94436e-06 -0)
(1.0878e-07 1.23415e-06 -0)
(3.59092e-08 3.95908e-09 -0)
(9.63018e-08 2.262e-08 -0)
(1.03331e-07 1.46047e-08 -0)
(1.09737e-07 7.6784e-09 -0)
(1.13628e-07 2.59685e-09 -0)
(1.16673e-07 -9.34175e-10 -0)
(1.1947e-07 -3.16663e-09 -0)
(1.22136e-07 -4.24866e-09 -0)
(1.24579e-07 -4.3127e-09 -0)
(1.26651e-07 -3.5352e-09 -0)
(1.28237e-07 -2.10681e-09 -0)
(1.29279e-07 -1.80445e-10 -0)
(1.29753e-07 2.15463e-09 -0)
(1.29643e-07 4.87207e-09 -0)
(1.28918e-07 7.99467e-09 -0)
(1.27521e-07 1.15797e-08 -0)
(1.25364e-07 1.57068e-08 -0)
(1.2232e-07 2.04667e-08 -0)
(1.18216e-07 2.59533e-08 -0)
(1.12832e-07 3.22493e-08 -0)
(1.05882e-07 3.94054e-08 -0)
(9.70155e-08 4.7404e-08 -0)
(8.58137e-08 5.60972e-08 -0)
(7.1837e-08 6.51129e-08 -0)
(5.47412e-08 7.37361e-08 -0)
(3.45184e-08 8.08292e-08 -0)
(1.18275e-08 8.49581e-08 -0)
(4.71985e-06 3.85139e-05 -0)
(1.95204e-06 2.39999e-05 -0)
(1.34403e-07 1.86998e-06 -0)
(3.50627e-08 3.81994e-09 -0)
(9.90826e-08 9.58902e-09 -0)
(9.89316e-08 7.00254e-09 -0)
(1.04992e-07 2.81365e-09 -0)
(1.09744e-07 -1.18112e-09 -0)
(1.13915e-07 -4.37015e-09 -0)
(1.17878e-07 -6.48992e-09 -0)
(1.21675e-07 -7.38785e-09 -0)
(1.25122e-07 -7.06152e-09 -0)
(1.27997e-07 -5.73028e-09 -0)
(1.30187e-07 -3.68535e-09 -0)
(1.31694e-07 -1.14809e-09 -0)
(1.32571e-07 1.77344e-09 -0)
(1.3287e-07 5.06798e-09 -0)
(1.32607e-07 8.7903e-09 -0)
(1.31758e-07 1.30342e-08 -0)
(1.30252e-07 1.79202e-08 -0)
(1.27972e-07 2.35834e-08 -0)
(1.24748e-07 3.01704e-08 -0)
(1.2034e-07 3.78306e-08 -0)
(1.14419e-07 4.67008e-08 -0)
(1.06529e-07 5.68711e-08 -0)
(9.60559e-08 6.8311e-08 -0)
(8.22161e-08 8.07223e-08 -0)
(6.41628e-08 9.32828e-08 -0)
(4.13629e-08 1.04312e-07 -0)
(1.43734e-08 1.11161e-07 -0)
(4.30979e-06 4.48448e-05 -0)
(4.31262e-07 5.34463e-06 -0)
(1.8602e-07 2.05765e-06 -0)
(3.93128e-08 4.99728e-09 -0)
(9.76843e-08 2.8446e-09 -0)
(9.65553e-08 1.00364e-09 -0)
(1.01553e-07 -2.24522e-09 -0)
(1.06444e-07 -5.76492e-09 -0)
(1.11364e-07 -8.87559e-09 -0)
(1.16452e-07 -1.10353e-08 -0)
(1.21565e-07 -1.17516e-08 -0)
(1.26237e-07 -1.08156e-08 -0)
(1.30027e-07 -8.63937e-09 -0)
(1.32819e-07 -5.75655e-09 -0)
(1.34738e-07 -2.50041e-09 -0)
(1.35969e-07 1.01879e-09 -0)
(1.3666e-07 4.83602e-09 -0)
(1.36884e-07 9.06286e-09 -0)
(1.36651e-07 1.38466e-08 -0)
(1.35914e-07 1.93556e-08 -0)
(1.3457e-07 2.57757e-08 -0)
(1.32463e-07 3.33138e-08 -0)
(1.29362e-07 4.22014e-08 -0)
(1.24923e-07 5.26957e-08 -0)
(1.18626e-07 6.50683e-08 -0)
(1.09665e-07 7.95532e-08 -0)
(9.68089e-08 9.61821e-08 -0)
(7.8331e-08 1.1436e-07 -0)
(5.2396e-08 1.31975e-07 -0)
(1.86759e-08 1.44211e-07 -0)
(5.04115e-06 5.33465e-05 -0)
(1.86154e-06 2.82575e-05 -0)
(1.67436e-07 2.52618e-06 -0)
(4.17681e-08 5.89405e-09 -0)
(9.36088e-08 -5.39709e-10 -0)
(9.38418e-08 -3.58729e-09 -0)
(9.82231e-08 -7.03326e-09 -0)
(1.03114e-07 -1.07578e-08 -0)
(1.08644e-07 -1.43321e-08 -0)
(1.15002e-07 -1.70243e-08 -0)
(1.21895e-07 -1.7768e-08 -0)
(1.28234e-07 -1.58103e-08 -0)
(1.33056e-07 -1.22554e-08 -0)
(1.36326e-07 -8.20139e-09 -0)
(1.38469e-07 -4.11597e-09 -0)
(1.39908e-07 -3.48627e-11 -0)
(1.40914e-07 4.19421e-09 -0)
(1.41618e-07 8.77801e-09 -0)
(1.42051e-07 1.39334e-08 -0)
(1.42181e-07 1.98795e-08 -0)
(1.41931e-07 2.68496e-08 -0)
(1.41174e-07 3.51073e-08 -0)
(1.39722e-07 4.49649e-08 -0)
(1.37285e-07 5.68121e-08 -0)
(1.33386e-07 7.11528e-08 -0)
(1.2717e-07 8.86509e-08 -0)
(1.17023e-07 1.10092e-07 -0)
(9.99561e-08 1.36001e-07 -0)
(7.12138e-08 1.65018e-07 -0)
(2.66092e-08 1.89498e-07 -0)
(5.71694e-06 5.72322e-05 -0)
(6.76014e-07 8.85299e-06 -0)
(2.18441e-07 3.472e-06 -0)
(4.11728e-08 6.37395e-09 -0)
(8.73287e-08 -3.56683e-09 -0)
(9.00618e-08 -7.77982e-09 -0)
(9.4383e-08 -1.15427e-08 -0)
(9.91451e-08 -1.5901e-08 -0)
(1.05097e-07 -2.0671e-08 -0)
(1.13016e-07 -2.49619e-08 -0)
(1.22779e-07 -2.64859e-08 -0)
(1.3175e-07 -2.24026e-08 -0)
(1.37636e-07 -1.63706e-08 -0)
(1.40959e-07 -1.0678e-08 -0)
(1.42904e-07 -5.72775e-09 -0)
(1.44279e-07 -1.2362e-09 -0)
(1.45472e-07 3.19687e-09 -0)
(1.46623e-07 7.92204e-09 -0)
(1.47753e-07 1.32293e-08 -0)
(1.4883e-07 1.9379e-08 -0)
(1.49798e-07 2.66354e-08 -0)
(1.50579e-07 3.53004e-08 -0)
(1.51067e-07 4.57382e-08 -0)
(1.51111e-07 5.84345e-08 -0)
(1.50464e-07 7.40795e-08 -0)
(1.48604e-07 9.38049e-08 -0)
(1.44159e-07 1.19534e-07 -0)
(1.33257e-07 1.54532e-07 -0)
(1.05893e-07 2.02596e-07 -0)
(4.31558e-08 2.59263e-07 -0)
(8.93857e-06 6.69232e-05 -0)
(2.67709e-06 3.05074e-05 -0)
(2.96082e-07 4.5514e-06 -0)
(3.55745e-08 1.05167e-08 -0)
(7.90907e-08 -1.0674e-08 -0)
(8.58659e-08 -1.24224e-08 -0)
(9.01019e-08 -1.54569e-08 -0)
(9.39858e-08 -2.06325e-08 -0)
(9.95834e-08 -2.74891e-08 -0)
(1.09187e-07 -3.56667e-08 -0)
(1.24454e-07 -4.0811e-08 -0)
(1.3835e-07 -3.09435e-08 -0)
(1.4478e-07 -2.01466e-08 -0)
(1.46968e-07 -1.24124e-08 -0)
(1.47911e-07 -6.88134e-09 -0)
(1.48833e-07 -2.37914e-09 -0)
(1.50073e-07 1.90707e-09 -0)
(1.5165e-07 6.48374e-09 -0)
(1.53508e-07 1.16822e-08 -0)
(1.55587e-07 1.77712e-08 -0)
(1.57852e-07 2.5012e-08 -0)
(1.60276e-07 3.37201e-08 -0)
(1.62856e-07 4.42526e-08 -0)
(1.65627e-07 5.71077e-08 -0)
(1.68757e-07 7.29253e-08 -0)
(1.72624e-07 9.29543e-08 -0)
(1.77751e-07 1.19707e-07 -0)
(1.83018e-07 1.59997e-07 -0)
(1.75945e-07 2.31572e-07 -0)
(8.3276e-08 3.85695e-07 -0)
(8.88546e-06 6.50533e-05 -0)
(1.08012e-05 2.06938e-05 -0)
(2.23317e-06 2.80276e-06 -0)
(3.70418e-07 1.77612e-07 -0)
(6.36922e-08 -5.20733e-09 -0)
(8.52788e-08 -1.63434e-08 -0)
(8.61729e-08 -1.72301e-08 -0)
(8.71129e-08 -2.36832e-08 -0)
(9.00631e-08 -3.29861e-08 -0)
(9.96943e-08 -4.94049e-08 -0)
(1.27502e-07 -7.01482e-08 -0)
(1.52414e-07 -4.0414e-08 -0)
(1.56167e-07 -2.08601e-08 -0)
(1.54224e-07 -1.19444e-08 -0)
(1.52937e-07 -7.0058e-09 -0)
(1.53068e-07 -3.30698e-09 -0)
(1.54335e-07 3.27018e-10 -0)
(1.56398e-07 4.42341e-09 -0)
(1.5904e-07 9.24412e-09 -0)
(1.62159e-07 1.50113e-08 -0)
(1.65747e-07 2.19207e-08 -0)
(1.69819e-07 3.03152e-08 -0)
(1.74454e-07 4.04441e-08 -0)
(1.79784e-07 5.28181e-08 -0)
(1.86311e-07 6.75594e-08 -0)
(1.95386e-07 8.53794e-08 -0)
(2.11201e-07 1.06344e-07 -0)
(2.45121e-07 1.34174e-07 -0)
(3.31592e-07 1.78001e-07 -0)
(5.80262e-07 2.83268e-07 -0)
(1.85032e-05 4.79793e-05 -0)
(3.4584e-05 3.12507e-05 -0)
(3.11507e-05 2.26967e-05 -0)
(7.55265e-06 3.32634e-06 -0)
(4.22344e-06 6.59237e-07 -0)
(6.47988e-08 -3.85101e-09 -0)
(8.27613e-08 -8.67266e-09 -0)
(7.82294e-08 -1.23399e-08 -0)
(7.38614e-08 -1.75961e-08 -0)
(7.20247e-08 -2.86357e-08 -0)
(1.33445e-07 -4.86947e-08 -0)
(1.87638e-07 -4.04239e-08 -0)
(1.7325e-07 -1.09756e-08 -0)
(1.60823e-07 -7.59816e-09 -0)
(1.56548e-07 -6.02604e-09 -0)
(1.56165e-07 -4.29643e-09 -0)
(1.57803e-07 -1.79285e-09 -0)
(1.60568e-07 1.63975e-09 -0)
(1.64096e-07 5.9524e-09 -0)
(1.68264e-07 1.12989e-08 -0)
(1.73156e-07 1.76282e-08 -0)
(1.788e-07 2.55576e-08 -0)
(1.85359e-07 3.4849e-08 -0)
(1.92742e-07 4.66673e-08 -0)
(2.01318e-07 5.95762e-08 -0)
(2.11409e-07 7.49299e-08 -0)
(2.26545e-07 8.6161e-08 -0)
(2.54675e-07 9.23535e-08 -0)
(3.25039e-07 6.29878e-08 -0)
(4.73962e-07 6.88346e-10 -0)
(2.24664e-05 1.29709e-05 -0)
(3.45243e-05 1.03102e-05 -0)
(6.05318e-05 2.31753e-05 -0)
(5.57987e-05 2.61211e-05 -0)
(4.60037e-05 1.19797e-05 -0)
(3.78867e-05 5.93491e-06 -0)
(3.41309e-05 1.32831e-06 -0)
(3.4832e-05 1.15527e-06 -0)
(2.73644e-05 1.59472e-06 -0)
(2.83604e-05 4.83429e-06 -0)
(6.80456e-06 1.50999e-06 -0)
(1.74837e-07 4.12489e-09 -0)
(1.73843e-07 -7.039e-10 -0)
(1.44474e-07 -1.92529e-09 -0)
(1.40296e-07 -2.403e-09 -0)
(1.41e-07 -2.2188e-09 -0)
(1.43959e-07 -1.39446e-09 -0)
(1.48101e-07 3.31782e-12 -0)
(1.5342e-07 1.86041e-09 -0)
(1.59554e-07 4.25912e-09 -0)
(1.66605e-07 7.08521e-09 -0)
(1.74598e-07 1.07707e-08 -0)
(1.84256e-07 1.50242e-08 -0)
(1.94957e-07 2.07983e-08 -0)
(2.07403e-07 2.68597e-08 -0)
(2.18539e-07 3.46539e-08 -0)
(2.28073e-07 3.83341e-08 -0)
(2.21948e-07 3.74336e-08 -0)
(2.39926e-07 5.32198e-09 -0)
(5.16584e-07 -6.94445e-08 -0)
(7.3633e-06 -1.10131e-05 -0)
(1.98633e-05 -3.73828e-06 -0)
(2.25773e-05 2.66706e-06 -0)
(4.83792e-05 1.28678e-05 -0)
(5.01612e-05 1.28324e-05 -0)
(5.93822e-05 1.03149e-05 -0)
(5.24375e-05 5.06162e-06 -0)
(5.84622e-05 5.49944e-06 -0)
(4.76892e-05 7.31238e-06 -0)
(5.25356e-05 1.51723e-05 -0)
(3.90392e-05 1.57491e-05 -0)
(3.35327e-05 7.6675e-06 -0)
(3.32503e-05 8.5498e-07 -0)
(3.27922e-05 7.84645e-08 -0)
(3.28891e-05 -1.70472e-07 -0)
(3.34317e-05 -2.97727e-07 -0)
(3.43018e-05 -4.16495e-07 -0)
(3.55439e-05 -5.32495e-07 -0)
(3.71365e-05 -6.67121e-07 -0)
(3.90208e-05 -7.84337e-07 -0)
(4.14338e-05 -9.20155e-07 -0)
(4.3682e-05 -1.02267e-06 -0)
(4.71845e-05 -1.15743e-06 -0)
(4.9134e-05 -1.21967e-06 -0)
(5.4492e-05 -1.30034e-06 -0)
(5.411e-05 -1.16296e-06 -0)
(6.32793e-05 -6.66596e-07 -0)
(5.20219e-05 5.18087e-07 -0)
(7.21207e-05 9.00796e-06 -0)
(1.43163e-05 1.6756e-06 -0)
(1.81933e-06 -1.05064e-05 -0)
(8.06521e-06 -8.94302e-06 -0)
(1.10526e-05 -3.27547e-06 -0)
(2.29718e-05 -7.9776e-07 -0)
(3.09186e-05 2.47049e-06 -0)
(4.08571e-05 4.00977e-06 -0)
(4.24285e-05 4.09365e-06 -0)
(4.591e-05 5.59726e-06 -0)
(4.53015e-05 8.32329e-06 -0)
(4.9216e-05 1.27967e-05 -0)
(5.45191e-05 1.54963e-05 -0)
(5.56423e-05 9.59363e-06 -0)
(5.49997e-05 3.09525e-06 -0)
(5.49463e-05 3.79439e-07 -0)
(5.52382e-05 -7.34589e-07 -0)
(5.59548e-05 -1.36511e-06 -0)
(5.72221e-05 -1.91278e-06 -0)
(5.86173e-05 -2.46125e-06 -0)
(6.10548e-05 -3.04809e-06 -0)
(6.28154e-05 -3.58861e-06 -0)
(6.67886e-05 -4.18948e-06 -0)
(6.83667e-05 -4.64765e-06 -0)
(7.45426e-05 -5.27994e-06 -0)
(7.49128e-05 -5.55313e-06 -0)
(8.45693e-05 -5.99802e-06 -0)
(8.13223e-05 -5.24754e-06 -0)
(9.57056e-05 -2.91257e-06 -0)
(8.2592e-05 2.3949e-06 -0)
(0.000101744 1.73949e-05 -0)
(7.6994e-05 2.02927e-05 -0)
(3.30885e-06 -2.1099e-05 -0)
(8.1572e-06 -1.45051e-05 -0)
(1.43297e-05 -1.06999e-05 -0)
(1.97171e-05 -6.85351e-06 -0)
(2.50301e-05 -3.58611e-06 -0)
(2.98908e-05 -8.8396e-07 -0)
(3.34684e-05 1.30898e-06 -0)
(3.59607e-05 3.35245e-06 -0)
(3.9308e-05 5.60391e-06 -0)
(4.27828e-05 7.58248e-06 -0)
(4.98261e-05 8.63766e-06 -0)
(5.44689e-05 6.5777e-06 -0)
(5.59522e-05 2.99435e-06 -0)
(5.65915e-05 3.43278e-07 -0)
(5.71849e-05 -1.23783e-06 -0)
(5.80005e-05 -2.30955e-06 -0)
(5.92007e-05 -3.21666e-06 -0)
(6.06716e-05 -4.13119e-06 -0)
(6.26904e-05 -5.03043e-06 -0)
(6.48024e-05 -5.9726e-06 -0)
(6.78633e-05 -6.86513e-06 -0)
(7.05148e-05 -7.78928e-06 -0)
(7.50254e-05 -8.66542e-06 -0)
(7.78378e-05 -9.43961e-06 -0)
(8.43786e-05 -9.87752e-06 -0)
(8.61985e-05 -9.12857e-06 -0)
(9.56086e-05 -5.97193e-06 -0)
(9.53789e-05 4.94217e-07 -0)
(0.000111273 1.00878e-05 -0)
(0.000115634 1.06267e-05 -0)
(3.18454e-06 -2.39184e-05 -0)
(9.24425e-06 -2.01042e-05 -0)
(1.49717e-05 -1.54833e-05 -0)
(2.0344e-05 -1.15182e-05 -0)
(2.52342e-05 -7.85755e-06 -0)
(2.93628e-05 -4.46592e-06 -0)
(3.29755e-05 -1.55704e-06 -0)
(3.58839e-05 7.73284e-07 -0)
(3.90797e-05 2.52037e-06 -0)
(4.22919e-05 3.53834e-06 -0)
(4.63469e-05 3.79008e-06 -0)
(4.99347e-05 3.09318e-06 -0)
(5.20685e-05 1.44503e-06 -0)
(5.34286e-05 -4.16159e-07 -0)
(5.46157e-05 -2.01183e-06 -0)
(5.6059e-05 -3.3644e-06 -0)
(5.77953e-05 -4.61293e-06 -0)
(6.00398e-05 -5.88588e-06 -0)
(6.26341e-05 -7.18004e-06 -0)
(6.58813e-05 -8.57109e-06 -0)
(6.94603e-05 -9.93986e-06 -0)
(7.38223e-05 -1.14335e-05 -0)
(7.8536e-05 -1.27825e-05 -0)
(8.38174e-05 -1.41354e-05 -0)
(8.98285e-05 -1.49016e-05 -0)
(9.5714e-05 -1.49147e-05 -0)
(0.000104772 -1.32893e-05 -0)
(0.000114316 -9.96983e-06 -0)
(0.000133159 -4.85055e-06 -0)
(0.000148109 -3.80248e-07 -0)
(4.53871e-06 -3.38185e-05 -0)
(1.20477e-05 -2.68545e-05 -0)
(1.91865e-05 -2.17139e-05 -0)
(2.55481e-05 -1.69259e-05 -0)
(3.10081e-05 -1.24826e-05 -0)
(3.56337e-05 -8.43789e-06 -0)
(3.96363e-05 -4.97055e-06 -0)
(4.31396e-05 -2.28423e-06 -0)
(4.63558e-05 -4.58804e-07 -0)
(4.93435e-05 5.2318e-07 -0)
(5.21484e-05 8.23201e-07 -0)
(5.47944e-05 5.40563e-07 -0)
(5.70514e-05 -4.35108e-07 -0)
(5.9046e-05 -1.91977e-06 -0)
(6.09692e-05 -3.59786e-06 -0)
(6.31856e-05 -5.29661e-06 -0)
(6.56303e-05 -7.01581e-06 -0)
(6.86695e-05 -8.79834e-06 -0)
(7.18167e-05 -1.06405e-05 -0)
(7.58697e-05 -1.26088e-05 -0)
(7.95755e-05 -1.45384e-05 -0)
(8.48131e-05 -1.66517e-05 -0)
(8.87581e-05 -1.83868e-05 -0)
(9.53309e-05 -2.03633e-05 -0)
(9.93195e-05 -2.13558e-05 -0)
(0.000107903 -2.29927e-05 -0)
(0.000114041 -2.37704e-05 -0)
(0.000128469 -2.63062e-05 -0)
(0.000144269 -2.57367e-05 -0)
(0.000166146 -1.53926e-05 -0)
(6.32361e-06 -4.22484e-05 -0)
(1.75963e-05 -3.43851e-05 -0)
(2.74798e-05 -2.83171e-05 -0)
(3.53166e-05 -2.27984e-05 -0)
(4.13939e-05 -1.7583e-05 -0)
(4.61618e-05 -1.2838e-05 -0)
(5.02023e-05 -8.84858e-06 -0)
(5.36915e-05 -5.75621e-06 -0)
(5.69127e-05 -3.62131e-06 -0)
(5.97638e-05 -2.35558e-06 -0)
(6.24668e-05 -1.83517e-06 -0)
(6.48944e-05 -1.95666e-06 -0)
(6.73613e-05 -2.74386e-06 -0)
(6.94227e-05 -4.0983e-06 -0)
(7.1681e-05 -5.86237e-06 -0)
(7.35821e-05 -7.78743e-06 -0)
(7.60301e-05 -9.87809e-06 -0)
(7.80477e-05 -1.19479e-05 -0)
(8.08253e-05 -1.42016e-05 -0)
(8.3041e-05 -1.63321e-05 -0)
(8.60808e-05 -1.86761e-05 -0)
(8.8775e-05 -2.07733e-05 -0)
(9.18438e-05 -2.29378e-05 -0)
(9.59735e-05 -2.49367e-05 -0)
(9.87027e-05 -2.65957e-05 -0)
(0.000106676 -2.94116e-05 -0)
(0.000108902 -3.16816e-05 -0)
(0.000124567 -3.91757e-05 -0)
(0.000129427 -4.27476e-05 -0)
(0.000157834 -3.9821e-05 -0)
(1.259e-05 -5.72371e-05 -0)
(3.42933e-05 -4.54905e-05 -0)
(4.65173e-05 -3.77873e-05 -0)
(5.30536e-05 -3.0113e-05 -0)
(5.68007e-05 -2.30225e-05 -0)
(5.93319e-05 -1.70712e-05 -0)
(6.14932e-05 -1.23945e-05 -0)
(6.35034e-05 -8.90136e-06 -0)
(6.55671e-05 -6.48018e-06 -0)
(6.74765e-05 -4.97417e-06 -0)
(6.94295e-05 -4.26745e-06 -0)
(7.11158e-05 -4.25253e-06 -0)
(7.2876e-05 -4.87313e-06 -0)
(7.41276e-05 -6.03113e-06 -0)
(7.54859e-05 -7.62313e-06 -0)
(7.6139e-05 -9.44553e-06 -0)
(7.72784e-05 -1.14848e-05 -0)
(7.7492e-05 -1.35103e-05 -0)
(7.89089e-05 -1.57945e-05 -0)
(7.89052e-05 -1.78587e-05 -0)
(8.13299e-05 -2.04649e-05 -0)
(8.13575e-05 -2.24382e-05 -0)
(8.56819e-05 -2.55276e-05 -0)
(8.62267e-05 -2.73161e-05 -0)
(9.30381e-05 -3.11932e-05 -0)
(9.57683e-05 -3.35271e-05 -0)
(0.000102671 -3.86101e-05 -0)
(0.000113008 -4.55543e-05 -0)
(0.00011053 -5.04373e-05 -0)
(0.000193958 -8.20207e-05 -0)
(8.88298e-05 -8.11373e-05 -0)
(8.01833e-05 -6.45542e-05 -0)
(7.32405e-05 -4.6535e-05 -0)
(6.79739e-05 -3.32138e-05 -0)
(6.44884e-05 -2.40536e-05 -0)
(6.25859e-05 -1.7676e-05 -0)
(6.18338e-05 -1.31292e-05 -0)
(6.19182e-05 -9.8932e-06 -0)
(6.24646e-05 -7.64752e-06 -0)
(6.33283e-05 -6.22478e-06 -0)
(6.42427e-05 -5.48858e-06 -0)
(6.52249e-05 -5.37052e-06 -0)
(6.60248e-05 -5.77384e-06 -0)
(6.67818e-05 -6.66396e-06 -0)
(6.72329e-05 -7.92844e-06 -0)
(6.77312e-05 -9.54959e-06 -0)
(6.80666e-05 -1.13982e-05 -0)
(6.87372e-05 -1.35432e-05 -0)
(6.96156e-05 -1.588e-05 -0)
(7.09458e-05 -1.85141e-05 -0)
(7.31048e-05 -2.14218e-05 -0)
(7.50352e-05 -2.44289e-05 -0)
(7.93513e-05 -2.81391e-05 -0)
(8.08221e-05 -3.10596e-05 -0)
(8.91853e-05 -3.64358e-05 -0)
(8.70164e-05 -3.80594e-05 -0)
(0.000103661 -4.81103e-05 -0)
(9.05549e-05 -4.85906e-05 -0)
(0.000121291 -9.68922e-05 -0)
(7.35271e-05 -0.000220414 -0)
(7.99296e-05 -5.10391e-05 -0)
(6.42828e-05 -3.88666e-05 -0)
(5.62184e-05 -2.97873e-05 -0)
(5.32158e-05 -2.32961e-05 -0)
(5.27276e-05 -1.85039e-05 -0)
(5.33453e-05 -1.4811e-05 -0)
(5.44332e-05 -1.18975e-05 -0)
(5.5706e-05 -9.62141e-06 -0)
(5.70252e-05 -7.92386e-06 -0)
(5.83364e-05 -6.77702e-06 -0)
(5.95717e-05 -6.15353e-06 -0)
(6.07578e-05 -6.03348e-06 -0)
(6.18108e-05 -6.38435e-06 -0)
(6.28555e-05 -7.19984e-06 -0)
(6.37601e-05 -8.44923e-06 -0)
(6.48244e-05 -1.01526e-05 -0)
(6.57987e-05 -1.22486e-05 -0)
(6.72253e-05 -1.48027e-05 -0)
(6.84849e-05 -1.76415e-05 -0)
(7.0498e-05 -2.09339e-05 -0)
(7.19094e-05 -2.42274e-05 -0)
(7.45934e-05 -2.80749e-05 -0)
(7.58039e-05 -3.144e-05 -0)
(7.96141e-05 -3.59517e-05 -0)
(7.98185e-05 -3.89188e-05 -0)
(8.48318e-05 -4.47427e-05 -0)
(8.10438e-05 -4.74604e-05 -0)
(8.0087e-05 -5.70245e-05 -0)
(6.57846e-05 -5.99433e-05 -0)
(8.48507e-06 -1.97347e-05 -0)
(8.53384e-05 -4.05491e-05 -0)
(7.89138e-05 -3.79662e-05 -0)
(7.53016e-05 -3.35288e-05 -0)
(7.32693e-05 -2.82121e-05 -0)
(7.20263e-05 -2.3064e-05 -0)
(7.1228e-05 -1.86241e-05 -0)
(7.06721e-05 -1.4999e-05 -0)
(7.0338e-05 -1.21717e-05 -0)
(7.01396e-05 -1.00634e-05 -0)
(7.00677e-05 -8.62079e-06 -0)
(7.00218e-05 -7.77565e-06 -0)
(6.99892e-05 -7.49501e-06 -0)
(6.98711e-05 -7.7292e-06 -0)
(6.96821e-05 -8.47462e-06 -0)
(6.93512e-05 -9.69733e-06 -0)
(6.89211e-05 -1.14071e-05 -0)
(6.8401e-05 -1.35479e-05 -0)
(6.77991e-05 -1.60879e-05 -0)
(6.73607e-05 -1.89571e-05 -0)
(6.68393e-05 -2.20292e-05 -0)
(6.71726e-05 -2.5457e-05 -0)
(6.70979e-05 -2.87875e-05 -0)
(6.91411e-05 -3.29679e-05 -0)
(6.88701e-05 -3.60334e-05 -0)
(7.1985e-05 -4.08269e-05 -0)
(6.83407e-05 -4.16867e-05 -0)
(6.4337e-05 -4.33802e-05 -0)
(5.14906e-05 -4.03693e-05 -0)
(2.86771e-05 -3.41198e-05 -0)
(1.06754e-05 -4.03385e-05 -0)
(8.73526e-05 -3.19468e-05 -0)
(7.99437e-05 -2.98365e-05 -0)
(7.34408e-05 -2.61847e-05 -0)
(6.83634e-05 -2.19692e-05 -0)
(6.46539e-05 -1.79729e-05 -0)
(6.21177e-05 -1.45809e-05 -0)
(6.03542e-05 -1.18392e-05 -0)
(5.92336e-05 -9.72859e-06 -0)
(5.84246e-05 -8.14898e-06 -0)
(5.79704e-05 -7.07195e-06 -0)
(5.75385e-05 -6.42e-06 -0)
(5.73365e-05 -6.20721e-06 -0)
(5.69464e-05 -6.37468e-06 -0)
(5.68003e-05 -6.98996e-06 -0)
(5.63009e-05 -7.98904e-06 -0)
(5.6229e-05 -9.52121e-06 -0)
(5.56905e-05 -1.14482e-05 -0)
(5.60298e-05 -1.40654e-05 -0)
(5.58577e-05 -1.70101e-05 -0)
(5.72986e-05 -2.08849e-05 -0)
(5.79447e-05 -2.47521e-05 -0)
(6.07329e-05 -2.97116e-05 -0)
(6.15402e-05 -3.35624e-05 -0)
(6.34865e-05 -3.78338e-05 -0)
(6.23584e-05 -3.94441e-05 -0)
(5.53754e-05 -3.70173e-05 -0)
(4.71841e-05 -3.35051e-05 -0)
(3.19953e-05 -2.48654e-05 -0)
(2.03319e-05 -1.92248e-05 -0)
(3.75622e-06 -8.10035e-06 -0)
(8.80667e-05 -2.48988e-05 -0)
(8.2063e-05 -2.36977e-05 -0)
(7.69873e-05 -2.17202e-05 -0)
(7.31319e-05 -1.92275e-05 -0)
(7.03333e-05 -1.65524e-05 -0)
(6.84278e-05 -1.40154e-05 -0)
(6.7058e-05 -1.17761e-05 -0)
(6.61659e-05 -9.94354e-06 -0)
(6.54397e-05 -8.50926e-06 -0)
(6.49987e-05 -7.50509e-06 -0)
(6.45067e-05 -6.88637e-06 -0)
(6.42367e-05 -6.69613e-06 -0)
(6.37457e-05 -6.89219e-06 -0)
(6.34826e-05 -7.56567e-06 -0)
(6.28335e-05 -8.67606e-06 -0)
(6.24766e-05 -1.03986e-05 -0)
(6.15985e-05 -1.26509e-05 -0)
(6.1164e-05 -1.56989e-05 -0)
(6.02009e-05 -1.92607e-05 -0)
(5.98634e-05 -2.35646e-05 -0)
(5.9017e-05 -2.78806e-05 -0)
(5.89133e-05 -3.22927e-05 -0)
(5.73702e-05 -3.51961e-05 -0)
(5.69156e-05 -3.73004e-05 -0)
(5.03377e-05 -3.3637e-05 -0)
(3.97865e-05 -2.74579e-05 -0)
(3.1375e-05 -2.26437e-05 -0)
(1.85035e-05 -1.41947e-05 -0)
(1.08171e-05 -6.40546e-06 -0)
(3.06124e-07 -6.51065e-07 -0)
(8.8622e-05 -1.91599e-05 -0)
(8.35648e-05 -1.84524e-05 -0)
(7.89407e-05 -1.72169e-05 -0)
(7.49693e-05 -1.55428e-05 -0)
(7.16374e-05 -1.36149e-05 -0)
(6.90015e-05 -1.16834e-05 -0)
(6.6826e-05 -9.90558e-06 -0)
(6.51785e-05 -8.41521e-06 -0)
(6.37083e-05 -7.22302e-06 -0)
(6.26409e-05 -6.38238e-06 -0)
(6.14807e-05 -5.84359e-06 -0)
(6.06891e-05 -5.66738e-06 -0)
(5.95099e-05 -5.78398e-06 -0)
(5.87505e-05 -6.31638e-06 -0)
(5.72349e-05 -7.16185e-06 -0)
(5.62979e-05 -8.58542e-06 -0)
(5.41783e-05 -1.03739e-05 -0)
(5.29901e-05 -1.30631e-05 -0)
(5.0389e-05 -1.60631e-05 -0)
(4.93247e-05 -2.02462e-05 -0)
(4.74326e-05 -2.43053e-05 -0)
(4.70403e-05 -2.8884e-05 -0)
(4.62833e-05 -3.19913e-05 -0)
(4.53226e-05 -3.23118e-05 -0)
(3.48807e-05 -2.36329e-05 -0)
(2.56471e-05 -1.71018e-05 -0)
(1.6935e-05 -1.34842e-05 -0)
(2.37147e-06 -9.72478e-07 -0)
(1.60882e-07 -1.10439e-07 -0)
(3.34619e-08 -1.31285e-07 -0)
(8.89837e-05 -1.4241e-05 -0)
(8.45021e-05 -1.3804e-05 -0)
(8.02792e-05 -1.30228e-05 -0)
(7.6496e-05 -1.19407e-05 -0)
(7.31979e-05 -1.06539e-05 -0)
(7.04736e-05 -9.30856e-06 -0)
(6.81697e-05 -8.02186e-06 -0)
(6.63597e-05 -6.90451e-06 -0)
(6.47377e-05 -5.99062e-06 -0)
(6.35203e-05 -5.33426e-06 -0)
(6.22143e-05 -4.91256e-06 -0)
(6.131e-05 -4.77902e-06 -0)
(5.99783e-05 -4.88516e-06 -0)
(5.91664e-05 -5.34294e-06 -0)
(5.74524e-05 -6.07099e-06 -0)
(5.65597e-05 -7.34864e-06 -0)
(5.40718e-05 -8.98596e-06 -0)
(5.30199e-05 -1.16936e-05 -0)
(4.95075e-05 -1.47913e-05 -0)
(4.85583e-05 -1.98452e-05 -0)
(4.47984e-05 -2.4309e-05 -0)
(4.36986e-05 -2.99562e-05 -0)
(4.15292e-05 -3.22675e-05 -0)
(3.56189e-05 -2.73268e-05 -0)
(2.05474e-05 -1.53081e-05 -0)
(1.6141e-05 -5.60176e-06 -0)
(1.17754e-07 -4.50409e-08 -0)
(1.74172e-07 -7.49115e-08 -0)
(8.19222e-08 -1.54645e-07 -0)
(2.79864e-08 -1.63606e-07 -0)
(8.92094e-05 -9.8506e-06 -0)
(8.51052e-05 -9.586e-06 -0)
(8.11789e-05 -9.1058e-06 -0)
(7.75598e-05 -8.43239e-06 -0)
(7.42985e-05 -7.61595e-06 -0)
(7.14792e-05 -6.73587e-06 -0)
(6.90199e-05 -5.87029e-06 -0)
(6.69855e-05 -5.09522e-06 -0)
(6.51537e-05 -4.45102e-06 -0)
(6.36834e-05 -3.97672e-06 -0)
(6.21723e-05 -3.67298e-06 -0)
(6.10102e-05 -3.56906e-06 -0)
(5.94713e-05 -3.64874e-06 -0)
(5.83812e-05 -3.97522e-06 -0)
(5.63989e-05 -4.51758e-06 -0)
(5.51573e-05 -5.45691e-06 -0)
(5.21396e-05 -6.6948e-06 -0)
(5.05009e-05 -8.7864e-06 -0)
(4.55193e-05 -1.12285e-05 -0)
(4.34194e-05 -1.56916e-05 -0)
(3.58512e-05 -1.90138e-05 -0)
(3.45201e-05 -2.54648e-05 -0)
(2.8143e-05 -2.49297e-05 -0)
(1.63077e-05 -1.52762e-05 -0)
(1.33711e-07 -5.16376e-08 -0)
(1.81824e-07 -5.04251e-08 -0)
(1.19364e-07 -3.50431e-08 -0)
(1.17778e-07 -9.44028e-08 -0)
(7.23522e-08 -1.05302e-07 -0)
(2.45016e-08 -1.11119e-07 -0)
(8.9343e-05 -5.79024e-06 -0)
(8.54657e-05 -5.64741e-06 -0)
(8.17269e-05 -5.38603e-06 -0)
(7.82222e-05 -5.01661e-06 -0)
(7.50063e-05 -4.56546e-06 -0)
(7.21475e-05 -4.06977e-06 -0)
(6.9613e-05 -3.57509e-06 -0)
(6.74468e-05 -3.12106e-06 -0)
(6.55029e-05 -2.74165e-06 -0)
(6.3871e-05 -2.454e-06 -0)
(6.22624e-05 -2.27477e-06 -0)
(6.0922e-05 -2.20522e-06 -0)
(5.93172e-05 -2.26256e-06 -0)
(5.801e-05 -2.45065e-06 -0)
(5.59946e-05 -2.80307e-06 -0)
(5.44405e-05 -3.35826e-06 -0)
(5.1392e-05 -4.16828e-06 -0)
(4.92238e-05 -5.43297e-06 -0)
(4.39835e-05 -7.15201e-06 -0)
(4.07609e-05 -1.03177e-05 -0)
(3.12041e-05 -1.34918e-05 -0)
(2.87229e-05 -2.10003e-05 -0)
(1.42872e-05 -1.50928e-05 -0)
(1.00255e-07 -7.99391e-08 -0)
(1.91456e-07 -3.81667e-08 -0)
(1.67912e-07 -7.12972e-08 -0)
(1.31841e-07 -4.41352e-08 -0)
(1.03913e-07 -5.44871e-08 -0)
(6.52063e-08 -6.1087e-08 -0)
(2.21695e-08 -6.44487e-08 -0)
(8.94062e-05 -1.91088e-06 -0)
(8.56331e-05 -1.86557e-06 -0)
(8.19887e-05 -1.78264e-06 -0)
(7.85364e-05 -1.66463e-06 -0)
(7.53571e-05 -1.52071e-06 -0)
(7.24718e-05 -1.36045e-06 -0)
(6.99235e-05 -1.20041e-06 -0)
(6.76663e-05 -1.05033e-06 -0)
(6.57061e-05 -9.26249e-07 -0)
(6.39349e-05 -8.28479e-07 -0)
(6.23565e-05 -7.7122e-07 -0)
(6.08086e-05 -7.44065e-07 -0)
(5.93305e-05 -7.6867e-07 -0)
(5.76793e-05 -8.24334e-07 -0)
(5.59636e-05 -9.54971e-07 -0)
(5.37877e-05 -1.12426e-06 -0)
(5.13571e-05 -1.42678e-06 -0)
(4.79998e-05 -1.80302e-06 -0)
(4.39466e-05 -2.48381e-06 -0)
(3.81266e-05 -3.44581e-06 -0)
(2.99836e-05 -5.38142e-06 -0)
(1.93177e-05 -8.5008e-06 -0)
(6.68126e-07 -7.15924e-07 -0)
(1.39161e-07 -5.46841e-08 -0)
(2.2351e-07 -2.49667e-08 -0)
(1.75855e-07 -2.26574e-08 -0)
(1.36174e-07 -1.70233e-08 -0)
(1.00826e-07 -1.83241e-08 -0)
(6.23906e-08 -2.01103e-08 -0)
(2.11399e-08 -2.11399e-08 -0)
)
;

boundaryField
{
    inlet1
    {
        type            extrapolatedCalculated;
        value           nonuniform List<vector> 10((1e-05 1.03009e-05 -0) (1e-05 2.35955e-05 -0) (1e-05 3.58589e-05 -0) (1e-05 5.12105e-05 -0) (1e-05 6.20378e-05 -0) (1e-05 7.11676e-05 -0) (1e-05 7.97616e-05 -0) (1e-05 8.48465e-05 -0) (1e-05 8.13382e-05 -0) (1e-05 6.86682e-05 -0));
    }
    inlet2
    {
        type            extrapolatedCalculated;
        value           nonuniform List<vector> 10((-0 6.50533e-05 -0) (-0 4.79793e-05 -0) (-0 1.29709e-05 -0) (-0 -1.10131e-05 -0) (-0 -1.05064e-05 -0) (-0 -2.1099e-05 -0) (-0 -2.39184e-05 -0) (-0 -3.38185e-05 -0) (-0 -4.22484e-05 -0) (-0 -5.72371e-05 -0));
    }
    inlet3
    {
        type            extrapolatedCalculated;
        value           nonuniform List<vector> 10((9.13394e-05 -6.9878e-05 -0) (9.13394e-05 -5.3937e-05 -0) (9.13394e-05 -4.13492e-05 -0) (9.13394e-05 -3.22423e-05 -0) (9.13394e-05 -2.50979e-05 -0) (9.13394e-05 -1.92686e-05 -0) (9.13394e-05 -1.42987e-05 -0) (9.13394e-05 -9.88077e-06 -0) (9.13394e-05 -5.80463e-06 -0) (9.13394e-05 -1.9151e-06 -0));
    }
    output1
    {
        type            extrapolatedCalculated;
        value           nonuniform List<vector> 10((-0 8.39608e-09 -0) (-0 2.54612e-08 -0) (-0 4.33845e-08 -0) (-0 6.28843e-08 -0) (-0 8.49581e-08 -0) (-0 1.11161e-07 -0) (-0 1.44211e-07 -0) (-0 1.89498e-07 -0) (-0 2.59263e-07 -0) (-0 3.85695e-07 -0));
    }
    output2
    {
        type            extrapolatedCalculated;
        value           nonuniform List<vector> 10((7.65965e-07 2.83268e-07 -0) (5.70837e-07 6.88346e-10 -0) (7.63211e-07 -6.94445e-08 -0) (2.25783e-05 1.6756e-06 -0) (9.2333e-05 2.02927e-05 -0) (0.000123304 1.06267e-05 -0) (0.000152622 -3.80248e-07 -0) (0.000172779 -1.53926e-05 -0) (0.000177229 -3.9821e-05 -0) (0.000270448 -8.20207e-05 -0));
    }
    output3
    {
        type            extrapolatedCalculated;
        value           nonuniform List<vector> 10((-0 -0.000220414 -0) (-0 -1.97347e-05 -0) (-0 -4.03385e-05 -0) (-0 -8.10035e-06 -0) (-0 -6.51065e-07 -0) (-0 -1.31285e-07 -0) (-0 -1.63606e-07 -0) (-0 -1.11119e-07 -0) (-0 -6.44487e-08 -0) (-0 -2.11399e-08 -0));
    }
    up
    {
        type            extrapolatedCalculated;
        value           nonuniform List<vector> 
30
(
(8.94062e-05 -0 -0)
(8.56331e-05 -0 -0)
(8.19887e-05 -0 -0)
(7.85364e-05 -0 -0)
(7.53571e-05 -0 -0)
(7.24718e-05 -0 -0)
(6.99235e-05 -0 -0)
(6.76663e-05 -0 -0)
(6.57061e-05 -0 -0)
(6.39349e-05 -0 -0)
(6.23565e-05 -0 -0)
(6.08086e-05 -0 -0)
(5.93305e-05 -0 -0)
(5.76793e-05 -0 -0)
(5.59636e-05 -0 -0)
(5.37877e-05 -0 -0)
(5.13571e-05 -0 -0)
(4.79998e-05 -0 -0)
(4.39466e-05 -0 -0)
(3.81266e-05 -0 -0)
(2.99836e-05 -0 -0)
(1.93177e-05 -0 -0)
(6.68126e-07 -0 -0)
(1.39161e-07 -0 -0)
(2.2351e-07 -0 -0)
(1.75855e-07 -0 -0)
(1.36174e-07 -0 -0)
(1.00826e-07 -0 -0)
(6.23906e-08 -0 -0)
(2.11399e-08 -0 -0)
)
;
    }
    down
    {
        type            extrapolatedCalculated;
        value           nonuniform List<vector> 
30
(
(3.97297e-06 -0 -0)
(1.43859e-07 -0 -0)
(7.33671e-07 -0 -0)
(1.50373e-07 -0 -0)
(6.98598e-08 -0 -0)
(1.38242e-07 -0 -0)
(1.30525e-07 -0 -0)
(1.2717e-07 -0 -0)
(1.25377e-07 -0 -0)
(1.24599e-07 -0 -0)
(1.24448e-07 -0 -0)
(1.24617e-07 -0 -0)
(1.24861e-07 -0 -0)
(1.2498e-07 -0 -0)
(1.24812e-07 -0 -0)
(1.2422e-07 -0 -0)
(1.23084e-07 -0 -0)
(1.21289e-07 -0 -0)
(1.18721e-07 -0 -0)
(1.15257e-07 -0 -0)
(1.10768e-07 -0 -0)
(1.05116e-07 -0 -0)
(9.81619e-08 -0 -0)
(8.97733e-08 -0 -0)
(7.9843e-08 -0 -0)
(6.83127e-08 -0 -0)
(5.52037e-08 -0 -0)
(4.0648e-08 -0 -0)
(2.49112e-08 -0 -0)
(8.39483e-09 -0 -0)
)
;
    }
    emptyWalls
    {
        type            empty;
    }
}


// ************************************************************************* //
