/*--------------------------------*- C++ -*----------------------------------*\
  =========                 |
  \\      /  F ield         | OpenFOAM: The Open Source CFD Toolbox
   \\    /   O peration     | Website:  https://openfoam.org
    \\  /    A nd           | Version:  9
     \\/     M anipulation  |
\*---------------------------------------------------------------------------*/
FoamFile
{
    format      ascii;
    class       volVectorField;
    location    "12000";
    object      ut;
}
// * * * * * * * * * * * * * * * * * * * * * * * * * * * * * * * * * * * * * //

dimensions      [0 1 -1 0 0 0 0];

internalField   nonuniform List<vector> 
100
(
(9.99994e-06 -0 -0)
(9.99774e-06 -0 -0)
(9.9937e-06 -0 -0)
(9.9882e-06 -0 -0)
(9.98174e-06 -0 -0)
(9.97501e-06 -0 -0)
(9.96878e-06 -0 -0)
(9.96377e-06 -0 -0)
(9.96061e-06 -0 -0)
(9.95956e-06 -0 -0)
(9.96059e-06 -0 -0)
(9.96334e-06 -0 -0)
(9.96727e-06 -0 -0)
(9.97178e-06 -0 -0)
(9.97635e-06 -0 -0)
(9.98066e-06 -0 -0)
(9.98446e-06 -0 -0)
(9.98768e-06 -0 -0)
(9.99031e-06 -0 -0)
(9.99241e-06 -0 -0)
(9.99405e-06 -0 -0)
(9.99531e-06 -0 -0)
(9.99628e-06 -0 -0)
(9.997e-06 -0 -0)
(9.99755e-06 -0 -0)
(9.99796e-06 -0 -0)
(9.99827e-06 -0 -0)
(9.99851e-06 -0 -0)
(9.99868e-06 -0 -0)
(9.99884e-06 -0 -0)
(9.99893e-06 -0 -0)
(9.99904e-06 -0 -0)
(9.9991e-06 -0 -0)
(9.99917e-06 -0 -0)
(9.99922e-06 -0 -0)
(9.99926e-06 -0 -0)
(9.99932e-06 -0 -0)
(9.99933e-06 -0 -0)
(9.9994e-06 -0 -0)
(9.99939e-06 -0 -0)
(9.99945e-06 -0 -0)
(9.99946e-06 -0 -0)
(9.99949e-06 -0 -0)
(9.99954e-06 -0 -0)
(9.9995e-06 -0 -0)
(9.99961e-06 -0 -0)
(9.99953e-06 -0 -0)
(9.99966e-06 -0 -0)
(9.99958e-06 -0 -0)
(9.99967e-06 -0 -0)
(9.99967e-06 -0 -0)
(9.99963e-06 -0 -0)
(9.99979e-06 -0 -0)
(9.99958e-06 -0 -0)
(9.99991e-06 -0 -0)
(9.99956e-06 -0 -0)
(9.99995e-06 -0 -0)
(9.99966e-06 -0 -0)
(9.99984e-06 -0 -0)
(9.99993e-06 -0 -0)
(9.99957e-06 -0 -0)
(1.00003e-05 -0 -0)
(9.99925e-06 -0 -0)
(1.00007e-05 -0 -0)
(9.99912e-06 -0 -0)
(1.00007e-05 -0 -0)
(9.99955e-06 -0 -0)
(1e-05 -0 -0)
(1.00008e-05 -0 -0)
(9.9985e-06 -0 -0)
(1.00028e-05 -0 -0)
(9.99668e-06 -0 -0)
(1.00046e-05 -0 -0)
(9.99592e-06 -0 -0)
(1.00043e-05 -0 -0)
(9.99836e-06 -0 -0)
(9.99995e-06 -0 -0)
(1.0006e-05 -0 -0)
(9.99017e-06 -0 -0)
(1.00188e-05 -0 -0)
(9.97737e-06 -0 -0)
(1.00316e-05 -0 -0)
(9.97042e-06 -0 -0)
(1.0032e-05 -0 -0)
(9.9861e-06 -0 -0)
(1.00008e-05 -0 -0)
(1.00459e-05 -0 -0)
(9.91982e-06 -0 -0)
(1.01636e-05 -0 -0)
(9.79157e-06 -0 -0)
(1.03228e-05 -0 -0)
(9.67286e-06 -0 -0)
(1.04442e-05 -0 -0)
(9.75604e-06 -0 -0)
(1.02966e-05 -0 -0)
(1.06187e-05 -0 -0)
(9.22896e-06 -0 -0)
(1.46506e-05 -0 -0)
(4.27179e-06 -0 -0)
(1.07763e-05 -0 -0)
)
;

boundaryField
{
    left
    {
        type            extrapolatedCalculated;
        value           uniform (1e-05 -0 -0);
    }
    right
    {
        type            extrapolatedCalculated;
        value           uniform (1e-05 -0 -0);
    }
    emptyFaces1D
    {
        type            empty;
    }
}


// ************************************************************************* //
