/*--------------------------------*- C++ -*----------------------------------*\
  =========                 |
  \\      /  F ield         | OpenFOAM: The Open Source CFD Toolbox
   \\    /   O peration     | Website:  https://openfoam.org
    \\  /    A nd           | Version:  9
     \\/     M anipulation  |
\*---------------------------------------------------------------------------*/
FoamFile
{
    format      ascii;
    class       volScalarField;
    location    "24000";
    object      fw;
}
// * * * * * * * * * * * * * * * * * * * * * * * * * * * * * * * * * * * * * //

dimensions      [0 0 0 0 0 0 0];

internalField   nonuniform List<scalar> 
900
(
0.981304
0.998187
0.996114
0.229748
1.16999e-08
4.7991e-09
4.7991e-09
4.7991e-09
4.7991e-09
4.7991e-09
4.7991e-09
4.7991e-09
4.7991e-09
4.7991e-09
4.7991e-09
4.7991e-09
4.7991e-09
4.7991e-09
4.7991e-09
4.7991e-09
4.7991e-09
4.7991e-09
4.7991e-09
4.7991e-09
4.7991e-09
4.7991e-09
4.7991e-09
4.7991e-09
4.7991e-09
4.7991e-09
1
0.98772
0.689674
0.712477
9.10162e-06
4.79917e-09
4.7991e-09
4.7991e-09
4.7991e-09
4.7991e-09
4.7991e-09
4.7991e-09
4.7991e-09
4.7991e-09
4.7991e-09
4.7991e-09
4.7991e-09
4.7991e-09
4.7991e-09
4.7991e-09
4.7991e-09
4.7991e-09
4.7991e-09
4.7991e-09
4.7991e-09
4.7991e-09
4.7991e-09
4.7991e-09
4.7991e-09
4.7991e-09
0.999339
0.988113
0.753982
0.0550149
5.47701e-09
4.7991e-09
4.7991e-09
4.7991e-09
4.7991e-09
4.7991e-09
4.7991e-09
4.7991e-09
4.7991e-09
4.7991e-09
4.7991e-09
4.7991e-09
4.7991e-09
4.7991e-09
4.7991e-09
4.7991e-09
4.7991e-09
4.7991e-09
4.7991e-09
4.7991e-09
4.7991e-09
4.7991e-09
4.7991e-09
4.7991e-09
4.7991e-09
4.7991e-09
0.999911
0.978641
0.681592
0.00212236
4.82669e-09
4.7991e-09
4.7991e-09
4.7991e-09
4.7991e-09
4.7991e-09
4.7991e-09
4.7991e-09
4.7991e-09
4.7991e-09
4.7991e-09
4.7991e-09
4.7991e-09
4.7991e-09
4.7991e-09
4.7991e-09
4.7991e-09
4.7991e-09
4.7991e-09
4.7991e-09
4.7991e-09
4.7991e-09
4.7991e-09
4.7991e-09
4.7991e-09
4.7991e-09
0.998984
0.976513
0.793478
0.000327616
4.80216e-09
4.7991e-09
4.7991e-09
4.7991e-09
4.7991e-09
4.7991e-09
4.7991e-09
4.7991e-09
4.7991e-09
4.7991e-09
4.7991e-09
4.7991e-09
4.7991e-09
4.7991e-09
4.7991e-09
4.7991e-09
4.7991e-09
4.7991e-09
4.7991e-09
4.7991e-09
4.7991e-09
4.7991e-09
4.7991e-09
4.7991e-09
4.7991e-09
4.7991e-09
0.999829
0.981123
0.76312
1.37048e-05
4.79919e-09
4.7991e-09
4.7991e-09
4.7991e-09
4.7991e-09
4.7991e-09
4.7991e-09
4.7991e-09
4.7991e-09
4.7991e-09
4.7991e-09
4.7991e-09
4.7991e-09
4.7991e-09
4.7991e-09
4.7991e-09
4.7991e-09
4.7991e-09
4.7991e-09
4.7991e-09
4.7991e-09
4.7991e-09
4.7991e-09
4.7991e-09
4.7991e-09
4.7991e-09
0.999586
0.978067
0.895218
9.53289e-07
4.7991e-09
4.7991e-09
4.7991e-09
4.7991e-09
4.7991e-09
4.7991e-09
4.7991e-09
4.7991e-09
4.7991e-09
4.7991e-09
4.7991e-09
4.7991e-09
4.7991e-09
4.7991e-09
4.7991e-09
4.7991e-09
4.7991e-09
4.7991e-09
4.7991e-09
4.7991e-09
4.7991e-09
4.7991e-09
4.7991e-09
4.7991e-09
4.7991e-09
4.7991e-09
0.999957
0.991638
0.85747
5.99785e-08
4.7991e-09
4.7991e-09
4.7991e-09
4.7991e-09
4.7991e-09
4.7991e-09
4.7991e-09
4.7991e-09
4.7991e-09
4.7991e-09
4.7991e-09
4.7991e-09
4.7991e-09
4.7991e-09
4.7991e-09
4.7991e-09
4.7991e-09
4.7991e-09
4.7991e-09
4.7991e-09
4.7991e-09
4.7991e-09
4.7991e-09
4.7991e-09
4.7991e-09
4.7991e-09
0.999932
0.990395
0.963009
7.02862e-09
4.7991e-09
4.7991e-09
4.7991e-09
4.7991e-09
4.7991e-09
4.7991e-09
4.7991e-09
4.7991e-09
4.7991e-09
4.7991e-09
4.7991e-09
4.7991e-09
4.7991e-09
4.7991e-09
4.7991e-09
4.7991e-09
4.7991e-09
4.7991e-09
4.7991e-09
4.7991e-09
4.7991e-09
4.7991e-09
4.7991e-09
4.7991e-09
4.7991e-09
4.7991e-09
1
0.998469
0.919128
5.3418e-09
4.7991e-09
4.7991e-09
4.7991e-09
4.7991e-09
4.7991e-09
4.7991e-09
4.7991e-09
4.7991e-09
4.7991e-09
4.7991e-09
4.7991e-09
4.7991e-09
4.7991e-09
4.7991e-09
4.7991e-09
4.7991e-09
4.7991e-09
4.7991e-09
4.7991e-09
4.7991e-09
4.7991e-09
4.7991e-09
4.7991e-09
4.7991e-09
4.7991e-09
4.79911e-09
1
0.998123
0.920573
0.000535689
4.80755e-09
4.7991e-09
4.7991e-09
4.7991e-09
4.7991e-09
4.7991e-09
4.7991e-09
4.7991e-09
4.7991e-09
4.7991e-09
4.7991e-09
4.7991e-09
4.7991e-09
4.7991e-09
4.7991e-09
4.7991e-09
4.7991e-09
4.7991e-09
4.7991e-09
4.7991e-09
4.7991e-09
4.7991e-09
4.7991e-09
4.7991e-09
4.79909e-09
4.79909e-09
1.00003
0.999625
0.777005
0.33686
0.0851699
7.60533e-09
4.8008e-09
4.80008e-09
4.7991e-09
4.7991e-09
4.7991e-09
4.7991e-09
4.7991e-09
4.7991e-09
4.7991e-09
4.7991e-09
4.7991e-09
4.7991e-09
4.7991e-09
4.7991e-09
4.7991e-09
4.7991e-09
4.7991e-09
4.7991e-09
4.7991e-09
4.7991e-09
4.7991e-09
4.7991e-09
4.7991e-09
4.7991e-09
1.00003
0.999994
0.998301
0.979245
0.925183
0.852968
0.808239
0.759319
2.4055e-06
1.30604e-08
3.20848e-08
5.25788e-08
4.4118e-08
2.89171e-08
1.87478e-08
1.12733e-08
7.20112e-09
5.10924e-09
4.79959e-09
4.79953e-09
4.79945e-09
4.79941e-09
4.7991e-09
4.7991e-09
4.7991e-09
4.7991e-09
4.7991e-09
4.7991e-09
4.7991e-09
4.7991e-09
1
0.999106
0.99684
0.991203
0.978267
0.967319
0.943521
0.928269
0.82611
0.781711
0.781238
0.790655
0.799589
0.806757
0.813867
0.815854
0.827259
0.822734
0.847007
0.822365
0.875538
0.0318678
9.48102e-06
3.7884e-05
0.000141639
0.000321769
0.000439287
0.000214436
2.81447e-05
3.30135e-07
0.986655
0.950411
0.957449
0.961078
0.952561
0.943107
0.925654
0.913598
0.90918
0.893186
0.889476
0.890325
0.895823
0.895154
0.901672
0.896606
0.907049
0.896292
0.912277
0.877787
0.878301
0.727184
0.663141
0.659377
0.663498
0.669009
0.679078
0.690811
0.703517
0.707682
0.939333
0.935471
0.91065
0.903673
0.898057
0.890737
0.884506
0.881359
0.892247
0.89182
0.889847
0.889159
0.889713
0.889058
0.88983
0.887941
0.889224
0.884075
0.881692
0.864099
0.852187
0.845554
0.821707
0.812074
0.812009
0.815431
0.823134
0.831503
0.843002
0.846735
0.917737
0.892503
0.885195
0.881114
0.87905
0.877126
0.877238
0.879069
0.884463
0.887088
0.88674
0.885107
0.883974
0.883086
0.882913
0.882646
0.881565
0.878934
0.872583
0.867218
0.860357
0.86603
0.8616
0.858769
0.858917
0.862643
0.866674
0.871817
0.879871
0.885109
0.890935
0.879986
0.879228
0.883824
0.889218
0.893683
0.897437
0.900436
0.902737
0.904025
0.903878
0.903074
0.90254
0.902691
0.903106
0.90356
0.902845
0.901559
0.898687
0.897555
0.896275
0.898936
0.898568
0.89972
0.898076
0.899819
0.89521
0.893326
0.887498
0.891002
0.879571
0.877909
0.892269
0.904897
0.913249
0.918435
0.921733
0.923615
0.924555
0.924818
0.924673
0.924238
0.923921
0.923595
0.923261
0.922391
0.921136
0.919303
0.917823
0.916777
0.916766
0.916879
0.916595
0.91573
0.912492
0.910301
0.900062
0.891554
0.860734
0.848286
0.878556
0.906615
0.925319
0.933525
0.936509
0.937366
0.937295
0.936749
0.935896
0.934882
0.933806
0.932574
0.931219
0.929475
0.927533
0.92494
0.922544
0.919624
0.918138
0.915975
0.916164
0.913822
0.914282
0.909514
0.908244
0.899957
0.894588
0.884502
0.839044
0.80445
0.932333
0.950278
0.950015
0.944915
0.939404
0.934902
0.931355
0.928712
0.926449
0.924704
0.922886
0.921332
0.919203
0.917279
0.914585
0.912631
0.910226
0.909397
0.908437
0.908913
0.908988
0.908699
0.908398
0.904044
0.903043
0.888878
0.891751
0.863984
0.91552
0.941373
0.905309
0.896957
0.896246
0.898007
0.900459
0.903239
0.905755
0.908043
0.909735
0.91126
0.912109
0.912981
0.913002
0.913411
0.912849
0.91339
0.91277
0.91391
0.913181
0.914335
0.912303
0.912147
0.90666
0.903873
0.890842
0.88343
0.860252
0.849307
0.804974
0.431736
0.910598
0.914486
0.921836
0.927732
0.931092
0.932805
0.933374
0.93355
0.933198
0.932857
0.931964
0.931206
0.929616
0.928322
0.92582
0.924018
0.920612
0.918578
0.914598
0.912395
0.908075
0.903938
0.897448
0.886175
0.869114
0.843194
0.808328
0.757538
0.66319
0.664753
0.912046
0.910331
0.909476
0.90918
0.908761
0.908286
0.907543
0.907047
0.906299
0.905966
0.905084
0.904826
0.903582
0.903502
0.901831
0.90243
0.900483
0.90249
0.89998
0.902898
0.897698
0.897289
0.884308
0.866077
0.828751
0.782441
0.711466
0.623995
0.484614
0.267846
0.912222
0.910837
0.910728
0.911987
0.913718
0.915645
0.917088
0.918533
0.919352
0.920446
0.920808
0.921785
0.92175
0.922684
0.922
0.922581
0.920452
0.919914
0.914806
0.912368
0.900751
0.89487
0.863582
0.820311
0.743394
0.661779
0.490668
0.437677
0.112738
5.95564e-09
0.912542
0.911549
0.91107
0.911241
0.911644
0.912335
0.912709
0.9133
0.913317
0.913846
0.91353
0.914166
0.913406
0.914087
0.912274
0.912292
0.90809
0.906084
0.898808
0.893309
0.878839
0.864634
0.78905
0.712499
0.525275
0.486539
5.53294e-06
4.7991e-09
4.7991e-09
4.7991e-09
0.91276
0.911993
0.911466
0.911381
0.911506
0.912073
0.912481
0.913326
0.913617
0.914673
0.914717
0.916198
0.915877
0.91803
0.91686
0.919511
0.915874
0.917252
0.908167
0.900678
0.880076
0.822222
0.615934
0.586916
0.00126589
4.79987e-09
4.7991e-09
4.7991e-09
4.7991e-09
4.7991e-09
0.912895
0.912285
0.911815
0.91162
0.911572
0.911885
0.912139
0.912818
0.91309
0.914096
0.9142
0.915759
0.915517
0.918066
0.916933
0.920822
0.916296
0.919894
0.901303
0.894876
0.842419
0.640995
0.00167733
4.80012e-09
4.7991e-09
4.7991e-09
4.7991e-09
4.7991e-09
4.7991e-09
4.7991e-09
0.912973
0.912462
0.912044
0.911814
0.911693
0.911862
0.912043
0.912603
0.912924
0.913862
0.914167
0.915676
0.915854
0.918429
0.918207
0.922649
0.920393
0.926875
0.90964
0.91015
0.741069
0.00132273
4.79979e-09
4.7991e-09
4.7991e-09
4.7991e-09
4.7991e-09
4.7991e-09
4.7991e-09
4.7991e-09
0.913014
0.912537
0.912168
0.911901
0.911799
0.911839
0.912081
0.912435
0.912981
0.913573
0.914406
0.915255
0.91653
0.917824
0.919875
0.921926
0.924922
0.927627
0.927799
0.920819
0.187429
5.06518e-09
4.7991e-09
4.7991e-09
4.7991e-09
4.7991e-09
4.7991e-09
4.7991e-09
4.7991e-09
4.7991e-09
)
;

boundaryField
{
    inlet1
    {
        type            calculated;
        value           uniform 1;
    }
    inlet2
    {
        type            calculated;
        value           nonuniform List<scalar> 10(1 1.00003 1.00003 1 0.986655 0.939333 0.917737 0.890935 0.879571 0.878556);
    }
    inlet3
    {
        type            calculated;
        value           uniform 0.913307;
    }
    output1
    {
        type            calculated;
        value           nonuniform List<scalar> 10(4.7991e-09 4.7991e-09 4.7991e-09 4.7991e-09 4.7991e-09 4.7991e-09 4.7991e-09 4.7991e-09 4.7991e-09 4.79911e-09);
    }
    output2
    {
        type            calculated;
        value           nonuniform List<scalar> 10(4.79909e-09 4.7991e-09 4.7991e-09 3.30135e-07 0.707682 0.846735 0.885109 0.891002 0.848286 0.80445);
    }
    output3
    {
        type            calculated;
        value           nonuniform List<scalar> 10(0.941373 0.431736 0.664753 0.267846 5.95564e-09 4.7991e-09 4.7991e-09 4.7991e-09 4.7991e-09 4.7991e-09);
    }
    up
    {
        type            calculated;
        value           nonuniform List<scalar> 
30
(
0.913014
0.912537
0.912168
0.911901
0.911799
0.911839
0.912081
0.912435
0.912981
0.913573
0.914406
0.915255
0.91653
0.917824
0.919875
0.921926
0.924922
0.927627
0.927799
0.920819
0.187429
5.06518e-09
4.7991e-09
4.7991e-09
4.7991e-09
4.7991e-09
4.7991e-09
4.7991e-09
4.7991e-09
4.7991e-09
)
;
    }
    down
    {
        type            calculated;
        value           nonuniform List<scalar> 
30
(
0.981304
0.998187
0.996114
0.229748
1.16999e-08
4.7991e-09
4.7991e-09
4.7991e-09
4.7991e-09
4.7991e-09
4.7991e-09
4.7991e-09
4.7991e-09
4.7991e-09
4.7991e-09
4.7991e-09
4.7991e-09
4.7991e-09
4.7991e-09
4.7991e-09
4.7991e-09
4.7991e-09
4.7991e-09
4.7991e-09
4.7991e-09
4.7991e-09
4.7991e-09
4.7991e-09
4.7991e-09
4.7991e-09
)
;
    }
    emptyWalls
    {
        type            empty;
    }
}


// ************************************************************************* //
