/*--------------------------------*- C++ -*----------------------------------*\
  =========                 |
  \\      /  F ield         | OpenFOAM: The Open Source CFD Toolbox
   \\    /   O peration     | Website:  https://openfoam.org
    \\  /    A nd           | Version:  9
     \\/     M anipulation  |
\*---------------------------------------------------------------------------*/
FoamFile
{
    format      ascii;
    class       volScalarField;
    location    "24000";
    object      p;
}
// * * * * * * * * * * * * * * * * * * * * * * * * * * * * * * * * * * * * * //

dimensions      [0 0 0 0 0 0 0];

internalField   nonuniform List<scalar> 
900
(
1.27748e+07
1.27723e+07
1.27715e+07
1.27708e+07
1.27551e+07
1.23709e+07
1.20132e+07
1.16688e+07
1.13325e+07
1.1001e+07
1.06722e+07
1.03445e+07
1.00172e+07
9.68997e+06
9.36292e+06
9.03638e+06
8.71102e+06
8.38786e+06
8.06828e+06
7.75413e+06
7.4478e+06
7.15224e+06
6.87103e+06
6.60839e+06
6.36908e+06
6.15822e+06
5.98112e+06
5.84285e+06
5.74786e+06
5.69947e+06
1.27718e+07
1.2771e+07
1.27703e+07
1.27676e+07
1.27634e+07
1.23492e+07
1.19999e+07
1.16606e+07
1.13277e+07
1.09985e+07
1.0671e+07
1.0344e+07
1.00171e+07
9.68982e+06
9.36241e+06
9.0352e+06
8.70883e+06
8.38427e+06
8.06284e+06
7.74633e+06
7.43703e+06
7.13788e+06
6.85247e+06
6.58508e+06
6.34061e+06
6.12447e+06
5.94229e+06
5.79958e+06
5.70126e+06
5.65108e+06
1.27671e+07
1.2765e+07
1.27637e+07
1.27631e+07
1.2699e+07
1.23194e+07
1.19768e+07
1.16459e+07
1.13193e+07
1.09942e+07
1.06692e+07
1.03437e+07
1.00172e+07
9.68985e+06
9.3617e+06
9.03317e+06
8.70484e+06
8.37755e+06
8.0525e+06
7.7313e+06
7.41612e+06
7.10978e+06
6.81589e+06
6.53884e+06
6.28384e+06
6.05676e+06
5.86398e+06
5.71192e+06
5.60653e+06
5.55252e+06
1.27561e+07
1.27547e+07
1.27522e+07
1.27506e+07
1.25505e+07
1.22533e+07
1.1942e+07
1.16268e+07
1.13093e+07
1.09898e+07
1.0668e+07
1.03442e+07
1.00183e+07
9.69064e+06
9.36139e+06
9.03095e+06
8.69979e+06
8.3686e+06
8.03831e+06
7.71027e+06
7.38636e+06
7.06925e+06
6.76246e+06
6.47056e+06
6.19913e+06
5.95478e+06
5.74495e+06
5.57758e+06
5.46042e+06
5.39995e+06
1.27409e+07
1.27383e+07
1.27357e+07
1.2734e+07
1.24695e+07
1.22012e+07
1.19113e+07
1.161e+07
1.13015e+07
1.09875e+07
1.0669e+07
1.03468e+07
1.00213e+07
9.69299e+06
9.36227e+06
9.02943e+06
8.69479e+06
8.35875e+06
8.02188e+06
7.68509e+06
7.34982e+06
7.01839e+06
6.69416e+06
6.3818e+06
6.08735e+06
5.81827e+06
5.58346e+06
5.39303e+06
5.25763e+06
5.18691e+06
1.27202e+07
1.27185e+07
1.27152e+07
1.27131e+07
1.24323e+07
1.21707e+07
1.18919e+07
1.16005e+07
1.12991e+07
1.09897e+07
1.06737e+07
1.03525e+07
1.0027e+07
9.69777e+06
9.36526e+06
9.02971e+06
8.6912e+06
8.34974e+06
8.00538e+06
7.65837e+06
7.30946e+06
6.96033e+06
6.61399e+06
6.27513e+06
5.95019e+06
5.64751e+06
5.3776e+06
5.15345e+06
4.99018e+06
4.90315e+06
1.2698e+07
1.26958e+07
1.26936e+07
1.26924e+07
1.24171e+07
1.21573e+07
1.18853e+07
1.16008e+07
1.13047e+07
1.09984e+07
1.06838e+07
1.03627e+07
1.00364e+07
9.70582e+06
9.3713e+06
9.03295e+06
8.69055e+06
8.34363e+06
7.99153e+06
7.63355e+06
7.26932e+06
6.89947e+06
6.52635e+06
6.15455e+06
5.79077e+06
5.44396e+06
5.12599e+06
4.85298e+06
4.6465e+06
4.53236e+06
1.26757e+07
1.26741e+07
1.26715e+07
1.26701e+07
1.24108e+07
1.21561e+07
1.18911e+07
1.16129e+07
1.13205e+07
1.10153e+07
1.07003e+07
1.0378e+07
1.00502e+07
9.71778e+06
9.38117e+06
9.04024e+06
8.69442e+06
8.3427e+06
7.98356e+06
7.61496e+06
7.23481e+06
6.84188e+06
6.43739e+06
6.02593e+06
5.6144e+06
5.21158e+06
4.82942e+06
4.48599e+06
4.21046e+06
4.04743e+06
1.26544e+07
1.26527e+07
1.26526e+07
1.2652e+07
1.24098e+07
1.21652e+07
1.19101e+07
1.16392e+07
1.13489e+07
1.10422e+07
1.07242e+07
1.03989e+07
1.00685e+07
9.73394e+06
9.39538e+06
9.05241e+06
8.70419e+06
8.3492e+06
7.98502e+06
7.60794e+06
7.2131e+06
6.79583e+06
6.3554e+06
5.89741e+06
5.4293e+06
4.95856e+06
4.49411e+06
4.05112e+06
3.66194e+06
3.39947e+06
1.26358e+07
1.26352e+07
1.26361e+07
1.26352e+07
1.24123e+07
1.21849e+07
1.19449e+07
1.16848e+07
1.13939e+07
1.10802e+07
1.07553e+07
1.04248e+07
1.0091e+07
9.75412e+06
9.41397e+06
9.06984e+06
8.72071e+06
8.36489e+06
7.9994e+06
7.61868e+06
7.21379e+06
6.77296e+06
6.29097e+06
5.779e+06
5.24684e+06
4.69923e+06
4.13737e+06
3.5624e+06
2.98672e+06
2.48904e+06
1.26205e+07
1.26199e+07
1.26184e+07
1.26078e+07
1.24197e+07
1.22171e+07
1.19997e+07
1.17614e+07
1.14617e+07
1.11295e+07
1.0792e+07
1.04542e+07
1.01164e+07
9.7776e+06
9.43656e+06
9.09225e+06
8.74393e+06
8.39026e+06
8.02899e+06
7.65357e+06
7.25044e+06
6.79124e+06
6.25652e+06
5.68076e+06
5.07985e+06
4.45412e+06
3.79376e+06
3.07439e+06
2.23349e+06
1.08093e+06
1.26103e+07
1.26071e+07
1.25949e+07
1.25339e+07
1.2424e+07
1.22644e+07
1.20753e+07
1.18994e+07
1.15618e+07
1.11842e+07
1.08288e+07
1.04836e+07
1.0143e+07
9.80329e+06
9.46242e+06
9.11869e+06
8.77248e+06
8.42324e+06
8.07272e+06
7.71619e+06
7.34315e+06
6.88504e+06
6.26311e+06
5.60768e+06
4.93767e+06
4.24366e+06
3.50915e+06
2.70791e+06
1.79194e+06
682130
1.26043e+07
1.25983e+07
1.25769e+07
1.25209e+07
1.24125e+07
1.22561e+07
1.20758e+07
1.1902e+07
1.17192e+07
1.1217e+07
1.08563e+07
1.05092e+07
1.01694e+07
9.8309e+06
9.49168e+06
9.14793e+06
8.80424e+06
8.45753e+06
8.12247e+06
7.79531e+06
7.52093e+06
7.14266e+06
6.3032e+06
5.54918e+06
4.81949e+06
4.07371e+06
3.29127e+06
2.45615e+06
1.54422e+06
537779
1.2602e+07
1.25936e+07
1.25603e+07
1.24942e+07
1.23848e+07
1.22334e+07
1.2051e+07
1.1843e+07
1.15812e+07
1.12165e+07
1.08564e+07
1.05093e+07
1.01696e+07
9.83113e+06
9.49195e+06
9.14816e+06
8.80449e+06
8.45769e+06
8.12273e+06
7.79549e+06
7.52241e+06
7.2884e+06
6.25055e+06
5.44991e+06
4.69601e+06
3.91641e+06
3.10037e+06
2.2462e+06
1.36172e+06
457060
1.26061e+07
1.25945e+07
1.25509e+07
1.24737e+07
1.23578e+07
1.22028e+07
1.20095e+07
1.17771e+07
1.15026e+07
1.11867e+07
1.08509e+07
1.05128e+07
1.01768e+07
9.83935e+06
9.50048e+06
9.15601e+06
8.8108e+06
8.46085e+06
8.11665e+06
7.7662e+06
7.40116e+06
6.92311e+06
6.19876e+06
5.44825e+06
4.69514e+06
3.91552e+06
3.09871e+06
2.24431e+06
1.36121e+06
457230
1.26481e+07
1.26284e+07
1.25719e+07
1.24774e+07
1.23466e+07
1.21782e+07
1.1972e+07
1.17291e+07
1.14574e+07
1.11614e+07
1.0846e+07
1.05201e+07
1.01894e+07
9.85425e+06
9.515e+06
9.17018e+06
8.82082e+06
8.46453e+06
8.09979e+06
7.71142e+06
7.27703e+06
6.75888e+06
6.13815e+06
5.44988e+06
4.72304e+06
3.95745e+06
3.14717e+06
2.2897e+06
1.3937e+06
469472
1.27427e+07
1.27073e+07
1.26325e+07
1.25168e+07
1.23644e+07
1.21777e+07
1.19589e+07
1.17113e+07
1.14413e+07
1.11531e+07
1.0849e+07
1.05323e+07
1.02067e+07
9.87402e+06
9.53489e+06
9.18893e+06
8.83474e+06
8.46898e+06
8.08444e+06
7.66937e+06
7.20809e+06
6.69129e+06
6.1126e+06
5.47309e+06
4.78259e+06
4.04401e+06
3.25015e+06
2.39244e+06
1.47052e+06
498666
1.28916e+07
1.28403e+07
1.27379e+07
1.25931e+07
1.24143e+07
1.22069e+07
1.19745e+07
1.17206e+07
1.14489e+07
1.11621e+07
1.08619e+07
1.055e+07
1.02282e+07
9.89804e+06
9.55994e+06
9.2132e+06
8.85534e+06
8.48209e+06
8.08653e+06
7.66082e+06
7.19665e+06
6.68983e+06
6.13619e+06
5.53311e+06
4.87994e+06
4.17701e+06
3.41312e+06
2.57081e+06
1.62182e+06
563809
1.31118e+07
1.30287e+07
1.28836e+07
1.27001e+07
1.24904e+07
1.22603e+07
1.20124e+07
1.17492e+07
1.14722e+07
1.11832e+07
1.08833e+07
1.05734e+07
1.02544e+07
9.92688e+06
9.59074e+06
9.24454e+06
8.88557e+06
8.50961e+06
8.11164e+06
7.68622e+06
7.22888e+06
6.73587e+06
6.20413e+06
5.6302e+06
5.01129e+06
4.34515e+06
3.62298e+06
2.82575e+06
1.89133e+06
724582
1.34231e+07
1.32637e+07
1.30538e+07
1.28246e+07
1.25824e+07
1.23287e+07
1.20643e+07
1.17897e+07
1.15056e+07
1.12127e+07
1.09113e+07
1.06022e+07
1.02853e+07
9.96062e+06
9.62722e+06
9.28331e+06
8.92628e+06
8.55259e+06
8.15866e+06
7.74045e+06
7.29504e+06
6.81852e+06
6.30878e+06
5.76102e+06
5.17367e+06
4.54093e+06
3.86248e+06
3.13121e+06
2.31479e+06
1.19187e+06
1.38206e+07
1.35034e+07
1.32248e+07
1.29535e+07
1.26809e+07
1.24047e+07
1.21237e+07
1.18374e+07
1.15455e+07
1.12478e+07
1.09445e+07
1.06355e+07
1.03205e+07
9.99889e+06
9.6692e+06
9.32979e+06
8.97803e+06
8.61138e+06
8.22659e+06
7.82093e+06
7.39111e+06
6.93414e+06
6.44685e+06
5.92538e+06
5.36768e+06
4.76772e+06
4.12828e+06
3.43792e+06
2.76509e+06
2.24187e+06
1.41319e+07
1.37333e+07
1.33931e+07
1.30817e+07
1.27814e+07
1.24846e+07
1.21881e+07
1.18904e+07
1.15904e+07
1.12879e+07
1.09822e+07
1.06732e+07
1.03601e+07
1.00422e+07
9.71774e+06
9.38536e+06
9.04247e+06
8.68702e+06
8.31573e+06
7.92635e+06
7.51507e+06
7.07945e+06
6.61497e+06
6.11953e+06
5.5883e+06
5.02381e+06
4.42731e+06
3.82423e+06
3.24657e+06
2.74728e+06
1.43678e+07
1.39433e+07
1.35635e+07
1.32161e+07
1.28877e+07
1.25698e+07
1.22573e+07
1.19478e+07
1.16395e+07
1.13316e+07
1.10233e+07
1.07141e+07
1.0403e+07
1.00894e+07
9.7717e+06
9.44851e+06
9.11735e+06
8.7762e+06
8.42162e+06
8.05117e+06
7.66081e+06
7.24754e+06
6.80702e+06
6.33514e+06
5.83006e+06
5.29387e+06
4.73822e+06
4.18869e+06
3.69182e+06
3.39593e+06
1.45519e+07
1.41159e+07
1.37131e+07
1.33395e+07
1.29878e+07
1.2651e+07
1.23241e+07
1.20037e+07
1.16876e+07
1.13747e+07
1.10639e+07
1.07546e+07
1.04458e+07
1.01372e+07
9.82735e+06
9.51526e+06
9.19829e+06
8.87474e+06
8.54021e+06
8.19243e+06
7.82537e+06
7.43684e+06
7.01945e+06
6.56931e+06
6.08381e+06
5.56979e+06
5.03425e+06
4.51497e+06
4.0557e+06
3.69936e+06
1.46959e+07
1.42538e+07
1.38385e+07
1.34483e+07
1.30796e+07
1.27276e+07
1.23881e+07
1.20579e+07
1.17347e+07
1.14171e+07
1.1104e+07
1.07947e+07
1.04887e+07
1.01858e+07
9.88497e+06
9.58565e+06
9.28551e+06
8.98247e+06
8.67185e+06
8.34967e+06
8.00864e+06
7.64454e+06
7.24725e+06
6.81322e+06
6.33801e+06
5.84095e+06
5.30494e+06
4.76424e+06
4.35345e+06
3.92016e+06
1.48077e+07
1.43622e+07
1.39395e+07
1.3539e+07
1.31583e+07
1.27948e+07
1.24451e+07
1.21067e+07
1.17774e+07
1.14557e+07
1.11405e+07
1.08316e+07
1.05282e+07
1.02309e+07
9.93897e+06
9.65282e+06
9.37043e+06
9.09015e+06
8.80677e+06
8.51474e+06
8.20458e+06
7.86548e+06
7.48037e+06
7.05998e+06
6.58662e+06
6.09105e+06
5.68896e+06
4.78403e+06
4.42244e+06
4.40162e+06
1.48927e+07
1.44449e+07
1.40178e+07
1.36106e+07
1.32221e+07
1.28504e+07
1.24931e+07
1.21483e+07
1.18139e+07
1.14889e+07
1.11721e+07
1.08635e+07
1.05625e+07
1.02702e+07
9.98656e+06
9.71318e+06
9.44885e+06
9.19377e+06
8.94192e+06
8.6873e+06
8.41649e+06
8.10733e+06
7.72085e+06
7.2927e+06
6.9619e+06
6.10574e+06
5.7591e+06
5.27536e+06
4.97212e+06
4.86091e+06
1.4954e+07
1.45049e+07
1.4075e+07
1.36637e+07
1.32701e+07
1.28928e+07
1.25302e+07
1.21807e+07
1.18427e+07
1.15152e+07
1.11972e+07
1.08889e+07
1.05898e+07
1.03016e+07
1.00246e+07
9.76184e+06
9.51346e+06
9.28263e+06
9.06381e+06
8.85285e+06
8.62903e+06
8.36716e+06
8.05054e+06
7.3014e+06
6.90747e+06
6.3719e+06
5.95742e+06
5.5862e+06
5.32979e+06
5.20897e+06
1.49938e+07
1.45439e+07
1.41124e+07
1.36986e+07
1.3302e+07
1.29214e+07
1.25555e+07
1.2203e+07
1.18626e+07
1.15334e+07
1.12147e+07
1.09065e+07
1.06088e+07
1.03232e+07
1.00509e+07
9.79532e+06
9.55854e+06
9.34642e+06
9.15841e+06
8.99541e+06
8.8336e+06
8.63429e+06
8.09915e+06
7.49577e+06
6.99436e+06
6.51698e+06
6.11248e+06
5.78221e+06
5.55188e+06
5.4362e+06
1.50135e+07
1.45632e+07
1.41308e+07
1.3716e+07
1.33179e+07
1.29357e+07
1.25682e+07
1.22143e+07
1.18727e+07
1.15427e+07
1.12236e+07
1.09154e+07
1.06186e+07
1.03342e+07
1.00644e+07
9.81208e+06
9.58138e+06
9.37812e+06
9.20883e+06
9.08339e+06
9.00085e+06
8.94767e+06
8.21149e+06
7.58816e+06
7.05723e+06
6.58917e+06
6.19331e+06
5.87828e+06
5.6593e+06
5.54775e+06
)
;

boundaryField
{
    inlet1
    {
        type            fixedGradient;
        gradient        uniform 20000;
    }
    inlet2
    {
        type            zeroGradient;
    }
    inlet3
    {
        type            fixedGradient;
        gradient        uniform 4.68141e+06;
    }
    output1
    {
        type            zeroGradient;
    }
    output2
    {
        type            fixedValue;
        value           uniform 0;
    }
    output3
    {
        type            zeroGradient;
    }
    up
    {
        type            zeroGradient;
    }
    down
    {
        type            zeroGradient;
    }
    emptyWalls
    {
        type            empty;
    }
}


// ************************************************************************* //
