/*--------------------------------*- C++ -*----------------------------------*\
  =========                 |
  \\      /  F ield         | OpenFOAM: The Open Source CFD Toolbox
   \\    /   O peration     | Website:  https://openfoam.org
    \\  /    A nd           | Version:  9
     \\/     M anipulation  |
\*---------------------------------------------------------------------------*/
FoamFile
{
    format      ascii;
    class       surfaceScalarField;
    location    "24000";
    object      phi;
}
// * * * * * * * * * * * * * * * * * * * * * * * * * * * * * * * * * * * * * //

dimensions      [0 3 -1 0 0 0 0];

internalField   nonuniform List<scalar> 
1740
(
1.49532e-08
9.8398e-08
1.32661e-08
1.40676e-08
4.16556e-09
4.05563e-09
1.16966e-09
1.71417e-09
1.1505e-09
3.30987e-11
1.46765e-09
7.45369e-11
1.40544e-09
5.04931e-11
1.37041e-09
3.16014e-11
1.34971e-09
1.83316e-11
1.33841e-09
9.59219e-12
1.33297e-09
4.19313e-12
1.33083e-09
1.21374e-12
1.33006e-09
3.02225e-14
1.32915e-09
2.68011e-13
1.32677e-09
1.75128e-12
1.32162e-09
4.46225e-12
1.31232e-09
8.51255e-12
1.29727e-09
1.41154e-11
1.27464e-09
2.15537e-11
1.2423e-09
3.11368e-11
1.19788e-09
4.31416e-11
1.13888e-09
5.77384e-11
1.06285e-09
7.4912e-11
9.6765e-10
9.43865e-11
8.5179e-10
1.15554e-10
7.14788e-10
1.37411e-10
5.57568e-10
1.58519e-10
3.82776e-10
1.77053e-10
1.94895e-10
1.90996e-10
1.98528e-10
3.74499e-08
1.59565e-07
2.70536e-09
3.30954e-08
2.02188e-09
5.64956e-09
1.70193e-09
1.80243e-09
1.08402e-09
2.56973e-10
1.47576e-09
1.49835e-10
1.383e-09
9.58356e-11
1.35608e-09
5.75817e-11
1.34032e-09
3.21332e-11
1.33254e-09
1.58437e-11
1.32967e-09
5.96545e-12
1.32945e-09
6.30257e-13
1.33021e-09
-1.36152e-12
1.33062e-09
-7.09602e-13
1.32953e-09
2.27311e-12
1.32577e-09
7.58258e-12
1.31806e-09
1.54696e-11
1.30486e-09
2.63928e-11
1.28436e-09
4.09612e-11
1.25438e-09
5.98517e-11
1.21246e-09
8.36895e-11
1.15591e-09
1.12895e-10
1.08201e-09
1.47517e-10
9.88311e-10
1.87077e-10
8.72936e-10
2.30421e-10
7.3501e-10
2.75571e-10
5.75139e-10
3.19608e-10
3.95865e-10
3.58692e-10
2.01913e-10
3.88405e-10
4.04576e-10
2.13977e-08
2.36254e-07
5.2038e-09
5.1498e-08
1.36094e-09
9.35464e-09
1.35247e-09
2.76432e-10
1.1833e-09
4.48901e-10
1.41847e-09
2.17599e-10
1.35277e-09
1.25433e-10
1.33057e-09
7.07563e-11
1.32296e-09
3.67745e-11
1.32176e-09
1.56824e-11
1.32373e-09
3.19309e-12
1.3271e-09
-3.29762e-12
1.33069e-09
-5.39752e-12
1.3336e-09
-4.01738e-12
1.33496e-09
4.68594e-13
1.33388e-09
8.12509e-12
1.32927e-09
1.93899e-11
1.31975e-09
3.50251e-11
1.30354e-09
5.60478e-11
1.27841e-09
8.36204e-11
1.24167e-09
1.18869e-10
1.19027e-09
1.62632e-10
1.12097e-09
2.15183e-10
1.03065e-09
2.75988e-10
9.16635e-10
3.43485e-10
7.77174e-10
4.14842e-10
6.12115e-10
4.85644e-10
4.23638e-10
5.49703e-10
2.16885e-10
5.99352e-10
6.26795e-10
2.69661e-08
3.01896e-07
4.90015e-09
6.51739e-08
1.01844e-09
1.50692e-08
7.71821e-10
6.49085e-11
1.12371e-09
3.53396e-10
1.25506e-09
2.04111e-10
1.27971e-09
1.17538e-10
1.29048e-09
6.32348e-11
1.29917e-09
2.85243e-11
1.30781e-09
6.91581e-12
1.31638e-09
-5.57931e-12
1.32452e-09
-1.16166e-11
1.33187e-09
-1.29127e-11
1.3381e-09
-1.04296e-11
1.34283e-09
-4.50481e-12
1.34552e-09
5.05986e-12
1.3454e-09
1.89418e-11
1.34133e-09
3.82722e-11
1.33165e-09
6.45874e-11
1.31404e-09
9.97156e-11
1.28554e-09
1.45534e-10
1.24252e-09
2.0358e-10
1.18097e-09
2.74602e-10
1.0967e-09
3.58211e-10
9.85773e-10
4.52691e-10
8.44932e-10
5.54661e-10
6.7251e-10
6.58423e-10
4.69685e-10
7.55129e-10
2.41979e-10
8.32491e-10
8.76473e-10
2.1753e-08
3.76931e-07
6.40723e-09
8.48282e-08
1.34005e-09
1.99757e-08
7.2995e-10
5.63985e-11
1.10877e-09
1.73379e-10
1.16807e-09
1.28562e-10
1.22056e-09
7.73743e-11
1.25244e-09
3.61188e-11
1.27545e-09
7.17048e-12
1.29393e-09
-1.0966e-11
1.30945e-09
-2.081e-11
1.32272e-09
-2.46769e-11
1.33417e-09
-2.42058e-11
1.34412e-09
-2.02821e-11
1.35273e-09
-1.31161e-11
1.35996e-09
-2.32282e-12
1.36549e-09
1.30477e-11
1.36853e-09
3.45385e-11
1.36767e-09
6.43182e-11
1.36058e-09
1.05123e-10
1.34392e-09
1.59972e-10
1.31332e-09
2.31556e-10
1.26367e-09
3.21436e-10
1.18942e-09
4.29566e-10
1.08481e-09
5.54405e-10
9.44272e-10
6.9269e-10
7.63312e-10
8.38264e-10
5.40617e-10
9.79898e-10
2.81354e-10
1.099e-09
1.17013e-09
2.70158e-08
4.54966e-07
7.01066e-09
9.48756e-08
1.49327e-09
2.89341e-08
7.54554e-10
6.58303e-11
1.10049e-09
7.50402e-11
1.12869e-09
5.94058e-11
1.18203e-09
2.72774e-11
1.22327e-09
-3.30568e-12
1.25626e-09
-2.49965e-11
1.283e-09
-3.71422e-11
1.30478e-09
-4.20172e-11
1.32275e-09
-4.20747e-11
1.33799e-09
-3.89503e-11
1.35148e-09
-3.33766e-11
1.364e-09
-2.53532e-11
1.3761e-09
-1.42809e-11
1.38805e-09
1.03678e-12
1.39964e-09
2.25217e-11
1.40991e-09
5.30291e-11
1.41669e-09
9.64906e-11
1.41623e-09
1.57677e-10
1.40317e-09
2.4124e-10
1.37099e-09
3.50025e-10
1.31248e-09
4.84213e-10
1.21978e-09
6.42671e-10
1.08403e-09
8.23438e-10
8.95848e-10
1.02204e-09
6.48117e-10
1.22719e-09
3.42835e-10
1.41352e-09
1.53489e-09
2.42072e-08
5.31187e-07
6.11323e-09
1.18039e-07
1.70844e-09
3.32707e-08
7.74793e-10
7.39544e-11
1.0843e-09
2.92235e-11
1.10599e-09
6.74541e-12
1.1556e-09
-2.4366e-11
1.20236e-09
-5.16235e-11
1.2433e-09
-6.67094e-11
1.27704e-09
-7.0589e-11
1.30394e-09
-6.80411e-11
1.32549e-09
-6.26529e-11
1.34355e-09
-5.6143e-11
1.3598e-09
-4.89202e-11
1.37568e-09
-4.06396e-11
1.3924e-09
-3.04802e-11
1.41097e-09
-1.71353e-11
1.43208e-09
1.48918e-12
1.45564e-09
2.87909e-11
1.48002e-09
7.01345e-11
1.50113e-09
1.33005e-10
1.51215e-09
2.25706e-10
1.50463e-09
3.53217e-10
1.46973e-09
5.1459e-10
1.39779e-09
7.08626e-10
1.27624e-09
9.36347e-10
1.08792e-09
1.19929e-09
8.13156e-10
1.49327e-09
4.41851e-10
1.79303e-09
2.02102e-09
3.37975e-08
5.97121e-07
8.26659e-09
1.31655e-07
1.63367e-09
4.2788e-08
7.67531e-10
7.31839e-11
1.05061e-09
5.94407e-12
1.0803e-09
-3.72823e-11
1.13201e-09
-7.98645e-11
1.18725e-09
-1.12113e-10
1.23755e-09
-1.19629e-10
1.27794e-09
-1.10461e-10
1.30843e-09
-9.69045e-11
1.33174e-09
-8.43515e-11
1.35091e-09
-7.40484e-11
1.36849e-09
-6.55206e-11
1.38653e-09
-5.78045e-11
1.40685e-09
-4.98611e-11
1.43136e-09
-4.05809e-11
1.46206e-09
-2.82153e-11
1.50055e-09
-9.48744e-12
1.54664e-09
2.22516e-11
1.59611e-09
7.85076e-11
1.63967e-09
1.75366e-10
1.66565e-09
3.22546e-10
1.66403e-09
5.12296e-10
1.6254e-09
7.40909e-10
1.53519e-09
1.01403e-09
1.36646e-09
1.3455e-09
1.07476e-09
1.75359e-09
6.11404e-10
2.2443e-09
2.73515e-09
2.81467e-08
6.6303e-07
3.37545e-09
1.64523e-07
8.22573e-10
4.57964e-08
7.38949e-10
7.99502e-11
1.00252e-09
-1.15802e-11
1.04243e-09
-8.19546e-11
1.10491e-09
-1.45698e-10
1.17707e-09
-1.97334e-10
1.24171e-09
-1.8923e-10
1.28872e-09
-1.54722e-10
1.32012e-09
-1.24763e-10
1.34213e-09
-1.038e-10
1.35986e-09
-9.01786e-11
1.37673e-09
-8.13095e-11
1.39509e-09
-7.51953e-11
1.41712e-09
-7.05756e-11
1.44556e-09
-6.71091e-11
1.48423e-09
-6.42816e-11
1.53786e-09
-6.07789e-11
1.60986e-09
-5.01489e-11
1.69702e-09
-1.65886e-11
1.78475e-09
7.4709e-11
1.85426e-09
2.49302e-10
1.89535e-09
4.71143e-10
1.90459e-09
7.28694e-10
1.87267e-09
1.03337e-09
1.76797e-09
1.4151e-09
1.508e-09
1.9313e-09
9.29017e-10
2.69543e-09
3.94013e-09
2.90809e-08
7.31927e-07
-6.70548e-10
1.87529e-07
2.75436e-10
3.85959e-08
6.84409e-10
1.232e-10
9.32678e-10
-2.2009e-11
9.83225e-10
-1.33559e-10
1.06811e-09
-2.23638e-10
1.17442e-09
-3.42297e-10
1.26351e-09
-2.85234e-10
1.3151e-09
-1.94433e-10
1.34122e-09
-1.43625e-10
1.35679e-09
-1.15909e-10
1.36967e-09
-1.01557e-10
1.38347e-09
-9.43442e-11
1.4e-09
-9.10903e-11
1.421e-09
-9.01359e-11
1.44951e-09
-9.29994e-11
1.49146e-09
-1.01027e-10
1.55679e-09
-1.19203e-10
1.65791e-09
-1.45482e-10
1.79737e-09
-1.69419e-10
1.94803e-09
-1.09238e-10
2.07131e-09
1.28808e-10
2.15852e-09
3.94288e-10
2.22493e-09
6.69359e-10
2.28291e-09
9.75648e-10
2.32477e-09
1.35023e-09
2.26027e-09
1.86107e-09
1.59665e-09
2.66599e-09
4.1927e-09
1.46703e-08
7.14899e-07
1.26019e-08
1.87069e-07
6.39938e-09
3.16029e-08
5.50894e-10
6.10319e-09
8.23923e-10
1.31963e-10
8.90002e-10
-1.19977e-10
1.00989e-09
-2.09949e-10
1.18898e-09
-3.60979e-10
1.32283e-09
-4.32359e-10
1.36694e-09
-1.94608e-10
1.37285e-09
-1.40158e-10
1.37415e-09
-1.1557e-10
1.37857e-09
-1.06664e-10
1.38747e-09
-1.0414e-10
1.40044e-09
-1.05252e-10
1.41736e-09
-1.06226e-10
1.44003e-09
-1.13904e-10
1.47529e-09
-1.2766e-10
1.53994e-09
-1.6953e-10
1.66763e-09
-2.43155e-10
1.88651e-09
-4.06362e-10
2.1387e-09
-4.7105e-10
2.32443e-09
-1.91238e-11
2.44248e-09
3.07837e-10
2.55369e-09
5.78816e-10
2.70928e-09
8.49602e-10
2.98792e-09
1.14914e-09
3.61165e-09
1.49674e-09
5.39441e-09
1.91477e-09
2.38837e-09
1.45619e-07
5.72696e-07
9.19571e-08
2.29758e-07
3.02588e-08
1.16792e-07
1.72314e-08
4.89699e-08
5.72616e-09
2.11146e-08
7.20923e-10
1.06199e-08
8.92781e-10
6.80416e-09
1.24878e-09
1.31832e-08
1.47187e-09
-2.77064e-10
1.457e-09
-1.20918e-10
1.40908e-09
-9.19146e-11
1.3884e-09
-8.02016e-11
1.38299e-09
-7.91562e-11
1.3874e-09
-8.1012e-11
1.39695e-09
-8.48918e-11
1.40796e-09
-8.58435e-11
1.41794e-09
-9.34737e-11
1.42974e-09
-1.03318e-10
1.46004e-09
-1.45827e-10
1.58617e-09
-2.24645e-10
1.94235e-09
-4.57076e-10
2.39583e-09
-7.67078e-10
2.64522e-09
-3.46791e-11
2.73329e-09
2.94067e-10
2.83806e-09
5.10208e-10
3.0126e-09
7.19204e-10
3.306e-09
9.26121e-10
3.80401e-09
1.09755e-09
4.5732e-09
1.13774e-09
7.80748e-10
3.99637e-07
1.7704e-07
4.91624e-07
1.4019e-07
4.1499e-07
1.7018e-07
3.19122e-07
1.19295e-07
2.57198e-07
7.87387e-08
2.15901e-07
5.62398e-08
1.84364e-07
4.87208e-08
8.47418e-08
8.17962e-08
1.3976e-09
6.59121e-08
1.53299e-09
7.7282e-09
1.32919e-09
1.35243e-09
1.29379e-09
-9.82537e-10
1.29823e-09
-2.06353e-09
1.32115e-09
-2.40346e-09
1.3501e-09
-2.57452e-09
1.37648e-09
-2.38576e-09
1.38582e-09
-2.03975e-09
1.36475e-09
-1.03081e-09
1.28436e-09
1.89318e-09
1.27465e-09
8.6449e-09
1.90087e-09
4.6006e-08
2.85703e-09
1.56787e-09
3.12734e-09
8.94568e-11
3.00741e-09
2.28967e-10
3.05265e-09
3.2818e-10
3.19706e-09
4.44286e-10
3.41945e-09
5.58443e-10
3.72517e-09
6.12739e-10
4.06558e-09
5.63507e-10
2.99483e-10
2.67108e-07
-8.53847e-08
4.0157e-07
-9.57139e-09
5.28044e-07
5.52253e-08
5.59181e-07
8.93619e-08
5.60804e-07
8.43866e-08
5.31848e-07
8.02749e-08
5.03901e-07
8.42032e-08
4.48223e-07
1.24118e-07
3.76039e-07
1.24567e-07
3.65784e-07
3.12921e-08
3.61998e-07
5.71982e-09
3.66949e-07
-5.49282e-09
3.7602e-07
-1.06192e-08
3.88207e-07
-1.23657e-08
3.9818e-07
-1.29261e-08
4.11818e-07
-1.19547e-08
4.15913e-07
-9.63212e-09
4.25926e-07
-3.97232e-09
4.01201e-07
1.3049e-08
3.75472e-07
4.15487e-08
2.07012e-07
1.42258e-07
1.28079e-08
1.14304e-07
2.40717e-09
1.96816e-08
2.07529e-09
7.28536e-11
2.14497e-09
-4.63845e-09
2.36704e-09
-7.17157e-09
2.41814e-09
-8.41152e-09
2.41227e-09
-8.0942e-09
2.83189e-09
-6.16874e-09
-2.40471e-09
5.29794e-08
-1.44293e-07
1.27051e-07
-8.95729e-08
2.39849e-07
-4.76166e-08
3.39222e-07
-6.68311e-09
4.07829e-07
2.37e-08
4.47209e-07
4.52475e-08
4.76048e-07
6.2895e-08
5.27436e-07
8.18275e-08
5.57883e-07
8.46719e-08
5.5949e-07
3.7732e-08
5.64098e-07
5.15936e-09
5.75009e-07
-1.26671e-08
5.84446e-07
-2.10655e-08
6.00008e-07
-2.44251e-08
6.08471e-07
-2.47733e-08
6.25229e-07
-2.32162e-08
6.26579e-07
-1.76019e-08
6.38397e-07
-6.26715e-09
6.15674e-07
2.39585e-08
6.09425e-07
6.79878e-08
5.85147e-07
1.62181e-07
5.12311e-07
1.89271e-07
5.16654e-07
4.5357e-08
5.27026e-07
-7.13338e-09
5.50905e-07
-2.98387e-08
5.88812e-07
-4.47021e-08
6.34569e-07
-5.40886e-08
6.80879e-07
-5.44004e-08
7.14499e-07
-4.21525e-08
-1.63044e-08
5.6382e-08
-2.05404e-07
1.16761e-07
-1.55948e-07
1.75069e-07
-1.06643e-07
2.34478e-07
-6.57019e-08
2.8922e-07
-2.95362e-08
3.39615e-07
-6.02232e-10
3.87029e-07
1.95527e-08
4.45929e-07
2.95264e-08
4.998e-07
2.94855e-08
5.27114e-07
1.39242e-08
5.41856e-07
-5.73963e-09
5.5191e-07
-2.03099e-08
5.59147e-07
-2.81893e-08
5.66961e-07
-3.2046e-08
5.733e-07
-3.24494e-08
5.81258e-07
-3.08793e-08
5.85741e-07
-2.37404e-08
5.92128e-07
-1.01865e-08
5.99278e-07
1.78872e-08
6.2496e-07
5.38364e-08
7.04194e-07
9.4758e-08
7.6924e-07
1.02267e-07
7.97757e-07
2.64547e-08
8.35157e-07
-3.65613e-08
8.87557e-07
-8.06294e-08
9.60375e-07
-1.16565e-07
1.04789e-06
-1.43396e-07
1.14355e-06
-1.52425e-07
1.21892e-06
-1.25955e-07
-5.22119e-08
6.46392e-08
-2.78159e-07
1.24386e-07
-2.17098e-07
1.84151e-07
-1.66448e-07
2.39942e-07
-1.20014e-07
2.91098e-07
-7.91418e-08
3.39291e-07
-4.65075e-08
3.85029e-07
-2.44617e-08
4.29769e-07
-1.35604e-08
4.70065e-07
-1.05776e-08
4.98787e-07
-1.40533e-08
5.16306e-07
-2.22556e-08
5.27416e-07
-3.08443e-08
5.36295e-07
-3.7292e-08
5.4545e-07
-4.15747e-08
5.56138e-07
-4.34468e-08
5.6794e-07
-4.26203e-08
5.81847e-07
-3.68324e-08
5.98281e-07
-2.51815e-08
6.26863e-07
-6.98041e-09
6.71918e-07
1.12783e-08
7.50314e-07
1.96001e-08
8.38592e-07
5.59586e-09
9.07069e-07
-3.97037e-08
9.75884e-07
-9.92904e-08
1.05804e-06
-1.56155e-07
1.16011e-06
-2.1315e-07
1.28042e-06
-2.59011e-07
1.42065e-06
-2.91392e-07
1.54915e-06
-2.63715e-07
-1.33552e-07
8.22851e-08
-3.65009e-07
1.58005e-07
-2.92392e-07
2.28011e-07
-2.32906e-07
2.91704e-07
-1.80518e-07
3.49284e-07
-1.34512e-07
4.01417e-07
-9.70913e-08
4.4797e-07
-7.01231e-08
4.88174e-07
-5.33424e-08
5.21777e-07
-4.42058e-08
5.48133e-07
-4.07174e-08
5.67725e-07
-4.19764e-08
5.83367e-07
-4.62987e-08
5.98316e-07
-5.17754e-08
6.14346e-07
-5.69719e-08
6.32645e-07
-6.07765e-08
6.53116e-07
-6.19793e-08
6.77816e-07
-5.97611e-08
7.08824e-07
-5.42448e-08
7.53152e-07
-4.83864e-08
8.1281e-07
-4.72374e-08
8.91723e-07
-5.82739e-08
9.7988e-07
-8.41666e-08
1.06932e-06
-1.26641e-07
1.15546e-06
-1.83021e-07
1.24951e-06
-2.43085e-07
1.34698e-06
-3.07756e-07
1.45957e-06
-3.61427e-07
1.59336e-06
-4.21987e-07
1.74875e-06
-4.21028e-07
-3.063e-07
1.21899e-07
-4.87479e-07
2.28652e-07
-3.86297e-07
3.20398e-07
-3.16542e-07
3.9534e-07
-2.51843e-07
4.56621e-07
-1.94253e-07
5.07772e-07
-1.47565e-07
5.50542e-07
-1.12712e-07
5.85708e-07
-8.85707e-08
6.14427e-07
-7.3083e-08
6.38088e-07
-6.44335e-08
6.57841e-07
-6.14513e-08
6.75267e-07
-6.29708e-08
6.91847e-07
-6.7365e-08
7.08891e-07
-7.28743e-08
7.27255e-07
-7.81188e-08
7.48498e-07
-8.20685e-08
7.74836e-07
-8.50487e-08
8.09922e-07
-8.79872e-08
8.56913e-07
-9.44818e-08
9.17154e-07
-1.06843e-07
9.88599e-07
-1.30029e-07
1.0656e-06
-1.61512e-07
1.14469e-06
-2.05469e-07
1.21538e-06
-2.53314e-07
1.286e-06
-3.10184e-07
1.34004e-06
-3.61966e-07
1.4091e-06
-4.17842e-07
1.48209e-06
-4.85063e-07
1.62957e-06
-5.28941e-07
-6.33972e-07
2.34396e-07
-6.80198e-07
4.06675e-07
-5.39801e-07
5.05135e-07
-4.12179e-07
5.62643e-07
-3.09976e-07
6.00178e-07
-2.32817e-07
6.27948e-07
-1.76366e-07
6.50076e-07
-1.35764e-07
6.68217e-07
-1.07508e-07
6.83281e-07
-8.86848e-08
6.96127e-07
-7.75213e-08
7.07099e-07
-7.23468e-08
7.16603e-07
-7.2156e-08
7.24898e-07
-7.52991e-08
7.33226e-07
-8.08185e-08
7.42571e-07
-8.72978e-08
7.55852e-07
-9.4985e-08
7.74602e-07
-1.03804e-07
8.02972e-07
-1.15805e-07
8.40078e-07
-1.3214e-07
8.88734e-07
-1.54903e-07
9.42062e-07
-1.849e-07
1.00236e-06
-2.20267e-07
1.05846e-06
-2.63503e-07
1.11323e-06
-3.04167e-07
1.15825e-06
-3.56167e-07
1.19098e-06
-3.89065e-07
1.2345e-06
-4.56582e-07
1.25238e-06
-4.99722e-07
1.6021e-06
-7.43422e-07
-1.38356e-06
8.50317e-07
-6.54742e-07
7.76875e-07
-5.11106e-07
7.2062e-07
-3.77058e-07
6.80785e-07
-2.80185e-07
6.56064e-07
-2.12966e-07
6.42802e-07
-1.65647e-07
6.37274e-07
-1.31512e-07
6.36308e-07
-1.07242e-07
6.38013e-07
-9.05084e-08
6.40872e-07
-8.03171e-08
6.44333e-07
-7.52996e-08
6.47668e-07
-7.50491e-08
6.51545e-07
-7.82828e-08
6.56531e-07
-8.51458e-08
6.64916e-07
-9.43981e-08
6.78325e-07
-1.07483e-07
6.99336e-07
-1.23143e-07
7.2905e-07
-1.44525e-07
7.67593e-07
-1.69072e-07
8.14592e-07
-2.01049e-07
8.65367e-07
-2.34703e-07
9.21125e-07
-2.748e-07
9.68979e-07
-3.11958e-07
1.01977e-06
-3.51249e-07
1.04162e-06
-3.83019e-07
1.07826e-06
-4.12873e-07
1.05747e-06
-4.56265e-07
1.08763e-06
-5.05117e-07
9.16065e-07
-7.20687e-07
-1.0668e-06
7.22761e-07
-4.53387e-07
6.06295e-07
-3.80465e-07
5.52486e-07
-3.13794e-07
5.35855e-07
-2.56155e-07
5.36774e-07
-2.08253e-07
5.44956e-07
-1.69929e-07
5.55907e-07
-1.39687e-07
5.67445e-07
-1.16864e-07
5.78885e-07
-1.00315e-07
5.89601e-07
-8.98107e-08
5.99977e-07
-8.43155e-08
6.09882e-07
-8.39296e-08
6.20726e-07
-8.7663e-08
6.32897e-07
-9.63183e-08
6.48893e-07
-1.08694e-07
6.68894e-07
-1.26686e-07
6.95355e-07
-1.47967e-07
7.26734e-07
-1.75955e-07
7.64164e-07
-2.05567e-07
8.03595e-07
-2.42086e-07
8.45541e-07
-2.76479e-07
8.82338e-07
-3.14984e-07
9.16059e-07
-3.44986e-07
9.30272e-07
-3.7138e-07
9.28982e-07
-3.79246e-07
8.95102e-07
-3.91282e-07
8.26096e-07
-3.89008e-07
6.99584e-07
-4.1568e-07
3.46644e-07
-3.99946e-07
-2.72934e-07
8.22797e-07
-3.595e-07
7.73856e-07
-3.36547e-07
7.46856e-07
-2.9694e-07
7.31546e-07
-2.50604e-07
7.22151e-07
-2.06444e-07
7.15565e-07
-1.69123e-07
7.1072e-07
-1.39113e-07
7.06814e-07
-1.16407e-07
7.03706e-07
-9.98033e-08
7.00666e-07
-8.91425e-08
6.97904e-07
-8.33354e-08
6.94817e-07
-8.27846e-08
6.92375e-07
-8.65825e-08
6.90272e-07
-9.60558e-08
6.90412e-07
-1.09927e-07
6.92607e-07
-1.30809e-07
6.99199e-07
-1.55426e-07
7.09844e-07
-1.88602e-07
7.25668e-07
-2.21993e-07
7.46481e-07
-2.64462e-07
7.68103e-07
-2.98581e-07
7.90235e-07
-3.3722e-07
7.99895e-07
-3.55587e-07
7.87998e-07
-3.59511e-07
7.46513e-07
-3.4107e-07
6.71237e-07
-3.19499e-07
5.58297e-07
-2.86126e-07
3.83835e-07
-2.51825e-07
1.9015e-07
-2.11579e-07
-1.9562e-07
8.37609e-07
-2.82397e-07
7.69129e-07
-2.6634e-07
7.1217e-07
-2.38931e-07
6.68805e-07
-2.06372e-07
6.37669e-07
-1.74055e-07
6.15693e-07
-1.45638e-07
6.0032e-07
-1.21962e-07
5.89205e-07
-1.03673e-07
5.81154e-07
-9.00046e-08
5.74737e-07
-8.12837e-08
5.69911e-07
-7.66877e-08
5.65759e-07
-7.71174e-08
5.63453e-07
-8.18884e-08
5.62329e-07
-9.29505e-08
5.65134e-07
-1.0919e-07
5.70976e-07
-1.34033e-07
5.8423e-07
-1.63719e-07
6.01918e-07
-2.0377e-07
6.28489e-07
-2.42912e-07
6.56266e-07
-2.91682e-07
6.84622e-07
-3.22476e-07
7.0425e-07
-3.58723e-07
6.94571e-07
-3.45232e-07
6.51021e-07
-3.21169e-07
5.76841e-07
-2.68892e-07
4.81911e-07
-2.30798e-07
3.65451e-07
-1.8522e-07
2.394e-07
-1.14895e-07
1.06374e-07
-7.96761e-08
-2.94803e-08
8.5145e-07
-2.1929e-07
7.96667e-07
-2.10096e-07
7.52431e-07
-1.94526e-07
7.19288e-07
-1.74407e-07
6.95696e-07
-1.52168e-07
6.78942e-07
-1.30815e-07
6.67098e-07
-1.11716e-07
6.58156e-07
-9.63286e-08
6.51424e-07
-8.44189e-08
6.45631e-07
-7.68241e-08
6.40961e-07
-7.28493e-08
6.36336e-07
-7.37704e-08
6.32604e-07
-7.88158e-08
6.28651e-07
-9.04401e-08
6.26141e-07
-1.07311e-07
6.23948e-07
-1.3372e-07
6.24774e-07
-1.6536e-07
6.26477e-07
-2.08368e-07
6.33367e-07
-2.50851e-07
6.36995e-07
-3.00397e-07
6.4408e-07
-3.29924e-07
6.29501e-07
-3.53397e-07
5.71268e-07
-2.91354e-07
4.87656e-07
-2.42872e-07
3.96958e-07
-1.86661e-07
2.95999e-07
-1.18893e-07
2.05463e-07
-7.11984e-08
1.10226e-07
-2.56694e-08
2.17246e-08
-9.87739e-09
-1.66574e-09
8.6143e-07
-1.6652e-07
8.13379e-07
-1.61029e-07
7.7064e-07
-1.51292e-07
7.34143e-07
-1.38033e-07
7.04153e-07
-1.22521e-07
6.79641e-07
-1.06867e-07
6.59872e-07
-9.22559e-08
6.43277e-07
-8.01612e-08
6.29432e-07
-7.05757e-08
6.16793e-07
-6.44854e-08
6.05487e-07
-6.12538e-08
5.93761e-07
-6.22911e-08
5.82253e-07
-6.66286e-08
5.68911e-07
-7.71427e-08
5.5518e-07
-9.20363e-08
5.39855e-07
-1.17445e-07
5.25956e-07
-1.47884e-07
5.15815e-07
-1.94644e-07
5.11659e-07
-2.40323e-07
5.12212e-07
-2.95532e-07
5.18665e-07
-3.27985e-07
4.7531e-07
-3.18779e-07
3.92552e-07
-2.11331e-07
2.96162e-07
-1.31035e-07
2.11271e-07
-7.45171e-08
9.70472e-08
-2.86192e-08
2.27824e-09
-6.172e-10
1.6758e-09
-1.3347e-09
4.09789e-10
-1.55091e-09
-1.77659e-09
8.67711e-07
-1.20268e-07
8.24356e-07
-1.16911e-07
7.84422e-07
-1.10834e-07
7.489e-07
-1.02415e-07
7.18574e-07
-9.22859e-08
6.9292e-07
-8.16818e-08
6.71769e-07
-7.14342e-08
6.53642e-07
-6.26956e-08
6.38486e-07
-5.56434e-08
6.2439e-07
-5.11487e-08
6.11944e-07
-4.88312e-08
5.98571e-07
-4.98926e-08
5.85742e-07
-5.3566e-08
5.6979e-07
-6.24954e-08
5.53557e-07
-7.50638e-08
5.32814e-07
-9.80679e-08
5.12702e-07
-1.25773e-07
4.92796e-07
-1.74856e-07
4.73366e-07
-2.18186e-07
4.6444e-07
-2.84193e-07
4.37684e-07
-3.04294e-07
3.32545e-07
-2.36487e-07
2.3094e-07
-8.73603e-08
1.07976e-07
-3.41655e-08
2.44217e-09
-3.62698e-10
2.06632e-09
-7.03371e-10
1.64371e-09
-6.3198e-10
1.22101e-09
-1.33036e-09
5.34241e-10
-1.51135e-09
-1.40517e-09
8.71704e-07
-7.81573e-08
8.31594e-07
-7.62067e-08
7.93856e-07
-7.26438e-08
7.59266e-07
-6.7647e-08
7.28599e-07
-6.15616e-08
7.01665e-07
-5.50086e-08
6.78605e-07
-4.85583e-08
6.58268e-07
-4.28825e-08
6.40754e-07
-3.82991e-08
6.24164e-07
-3.5275e-08
6.09156e-07
-3.3835e-08
5.92757e-07
-3.45226e-08
5.76685e-07
-3.72334e-08
5.55947e-07
-4.33068e-08
5.34096e-07
-5.23542e-08
5.02637e-07
-6.86757e-08
4.69271e-07
-8.96136e-08
4.23452e-07
-1.2993e-07
3.80633e-07
-1.66191e-07
3.4644e-07
-2.42853e-07
2.53558e-07
-2.18996e-07
9.5901e-08
-8.68314e-08
2.40838e-09
-6.06099e-10
2.10635e-09
-4.97816e-10
1.91018e-09
-1.85198e-10
1.76405e-09
-6.38762e-10
1.43637e-09
-5.98884e-10
1.02123e-09
-8.11949e-10
5.06174e-10
-9.24083e-10
-9.28976e-10
8.7408e-07
-3.85054e-08
8.35966e-07
-3.76032e-08
7.99668e-07
-3.59533e-08
7.65836e-07
-3.36162e-08
7.35158e-07
-3.07691e-08
7.07644e-07
-2.76403e-08
6.8352e-07
-2.45535e-08
6.61958e-07
-2.17536e-08
6.43001e-07
-1.95346e-08
6.25038e-07
-1.79826e-08
6.08422e-07
-1.73533e-08
5.90513e-07
-1.76163e-08
5.72465e-07
-1.917e-08
5.49642e-07
-2.20689e-08
5.247e-07
-2.70611e-08
4.88557e-07
-3.50208e-08
4.47583e-07
-4.7104e-08
3.83547e-07
-6.90014e-08
3.21738e-07
-9.64436e-08
2.35074e-07
-1.55353e-07
8.09247e-08
-8.90972e-08
1.92632e-09
-9.26056e-10
2.27988e-09
-2.77744e-10
2.11754e-09
-3.85341e-10
1.891e-09
-2.16104e-10
1.64301e-09
-2.94187e-10
1.31649e-09
-3.21886e-10
9.21391e-10
-3.94471e-10
4.69213e-10
-4.44055e-10
-4.57675e-10
8.75183e-07
8.38036e-07
8.02424e-07
7.69039e-07
7.38362e-07
7.10687e-07
6.85958e-07
6.6394e-07
6.44035e-07
6.25646e-07
6.07775e-07
5.89626e-07
5.6974e-07
5.46924e-07
5.18837e-07
4.82702e-07
4.34374e-07
3.63929e-07
2.6819e-07
1.12643e-07
6.12922e-09
2.18277e-09
2.55474e-09
2.18834e-09
1.89328e-09
1.60049e-09
1.2652e-09
8.78626e-10
4.49282e-10
)
;

boundaryField
{
    inlet1
    {
        type            calculated;
        value           nonuniform List<scalar> 10(-1e-07 -1e-07 -1e-07 -1e-07 -1e-07 -1e-07 -1e-07 -1e-07 -1e-07 -1e-07);
    }
    inlet2
    {
        type            calculated;
        value           uniform 0;
    }
    inlet3
    {
        type            calculated;
        value           nonuniform List<scalar> 10(-9.13394e-07 -9.13394e-07 -9.13394e-07 -9.13394e-07 -9.13394e-07 -9.13394e-07 -9.13394e-07 -9.13394e-07 -9.13394e-07 -9.13394e-07);
    }
    output1
    {
        type            calculated;
        value           uniform 0;
    }
    output2
    {
        type            calculated;
        value           nonuniform List<scalar> 10(8.78843e-09 5.54599e-09 4.37236e-09 3.21141e-09 7.29505e-07 1.25345e-06 1.62315e-06 1.90007e-06 1.94864e-06 2.65721e-06);
    }
    output3
    {
        type            calculated;
        value           uniform -0;
    }
    up
    {
        type            calculated;
        value           uniform 0;
    }
    down
    {
        type            calculated;
        value           uniform 0;
    }
    emptyWalls
    {
        type            empty;
        value           nonuniform List<scalar> 0();
    }
}


// ************************************************************************* //
