/*--------------------------------*- C++ -*----------------------------------*\
  =========                 |
  \\      /  F ield         | OpenFOAM: The Open Source CFD Toolbox
   \\    /   O peration     | Website:  https://openfoam.org
    \\  /    A nd           | Version:  9
     \\/     M anipulation  |
\*---------------------------------------------------------------------------*/
FoamFile
{
    format      ascii;
    class       volVectorField;
    location    "24000";
    object      ut;
}
// * * * * * * * * * * * * * * * * * * * * * * * * * * * * * * * * * * * * * //

dimensions      [0 1 -1 0 0 0 0];

internalField   nonuniform List<vector> 
900
(
(1.0159e-06 6.69191e-07 -0)
(1.97474e-06 7.97797e-07 -0)
(6.78478e-07 5.19091e-07 -0)
(1.54634e-07 2.99538e-08 -0)
(7.92979e-08 -1.64555e-09 -0)
(1.50803e-07 4.42922e-09 -0)
(1.42726e-07 2.69891e-09 -0)
(1.38362e-07 1.6658e-09 -0)
(1.3572e-07 9.75759e-10 -0)
(1.34222e-07 5.22504e-10 -0)
(1.33459e-07 2.40859e-10 -0)
(1.33135e-07 8.39379e-11 -0)
(1.33031e-07 1.99141e-11 -0)
(1.32982e-07 2.94877e-11 -0)
(1.32849e-07 1.03373e-10 -0)
(1.32505e-07 2.40244e-10 -0)
(1.31819e-07 4.45325e-10 -0)
(1.30644e-07 7.2886e-10 -0)
(1.2881e-07 1.10444e-09 -0)
(1.26118e-07 1.58681e-09 -0)
(1.22342e-07 2.18895e-09 -0)
(1.17234e-07 2.91843e-09 -0)
(1.10542e-07 3.77349e-09 -0)
(1.02028e-07 4.73939e-09 -0)
(9.15022e-08 5.78504e-09 -0)
(7.88559e-08 6.86009e-09 -0)
(6.41017e-08 7.89346e-09 -0)
(4.74118e-08 8.79607e-09 -0)
(2.91434e-08 9.4717e-09 -0)
(9.83564e-09 9.83565e-09 -0)
(7.0745e-06 1.90104e-05 -0)
(4.15467e-07 2.01573e-06 -0)
(1.25605e-07 2.92035e-07 -0)
(2.7877e-07 3.12881e-07 -0)
(6.1615e-08 8.26529e-09 -0)
(1.55189e-07 1.04782e-08 -0)
(1.39963e-07 7.3997e-09 -0)
(1.36638e-07 4.65447e-09 -0)
(1.34577e-07 2.69057e-09 -0)
(1.33488e-07 1.39593e-09 -0)
(1.33021e-07 5.97767e-10 -0)
(1.32914e-07 1.5881e-10 -0)
(1.32977e-07 -1.38696e-11 -0)
(1.33065e-07 2.41145e-11 -0)
(1.33059e-07 2.46883e-10 -0)
(1.32847e-07 6.52206e-10 -0)
(1.32308e-07 1.25719e-09 -0)
(1.31304e-07 2.09421e-09 -0)
(1.29668e-07 3.20629e-09 -0)
(1.27203e-07 4.64056e-09 -0)
(1.23673e-07 6.43937e-09 -0)
(1.18819e-07 8.62924e-09 -0)
(1.12363e-07 1.12089e-08 -0)
(1.04039e-07 1.41379e-08 -0)
(9.36229e-08 1.73258e-08 -0)
(8.09643e-08 2.06221e-08 -0)
(6.60377e-08 2.38104e-08 -0)
(4.899e-08 2.66145e-08 -0)
(3.0183e-08 2.87274e-08 -0)
(1.01996e-08 2.98699e-08 -0)
(3.33033e-06 1.29026e-05 -0)
(9.49199e-07 4.60334e-06 -0)
(9.15613e-08 8.37877e-07 -0)
(1.80627e-07 4.76057e-08 -0)
(8.9868e-08 4.31292e-08 -0)
(1.46793e-07 1.94889e-08 -0)
(1.36902e-07 1.17674e-08 -0)
(1.33652e-07 6.86187e-09 -0)
(1.32462e-07 3.73607e-09 -0)
(1.3213e-07 1.77281e-09 -0)
(1.32222e-07 5.95322e-10 -0)
(1.32523e-07 -3.2759e-11 -0)
(1.32896e-07 -2.58434e-10 -0)
(1.33242e-07 -1.66035e-10 -0)
(1.33477e-07 2.07739e-10 -0)
(1.33515e-07 8.64309e-10 -0)
(1.33261e-07 1.83673e-09 -0)
(1.32594e-07 3.18434e-09 -0)
(1.31357e-07 4.98594e-09 -0)
(1.29351e-07 7.32978e-09 -0)
(1.2633e-07 1.02985e-08 -0)
(1.22004e-07 1.39497e-08 -0)
(1.1605e-07 1.82945e-08 -0)
(1.08145e-07 2.32775e-08 -0)
(9.79863e-08 2.87584e-08 -0)
(8.53406e-08 3.44921e-08 -0)
(7.00942e-08 4.01111e-08 -0)
(5.23288e-08 4.51238e-08 -0)
(3.23988e-08 4.89536e-08 -0)
(1.09781e-08 5.10453e-08 -0)
(4.56357e-06 3.43483e-05 -0)
(8.2964e-07 5.69625e-06 -0)
(1.5039e-07 1.03305e-06 -0)
(5.32979e-08 7.6808e-09 -0)
(1.01066e-07 4.6651e-08 -0)
(1.23677e-07 2.4031e-08 -0)
(1.27336e-07 1.33191e-08 -0)
(1.28607e-07 7.28938e-09 -0)
(1.29488e-07 3.61883e-09 -0)
(1.30347e-07 1.36366e-09 -0)
(1.31215e-07 4.32966e-11 -0)
(1.3206e-07 -6.26766e-10 -0)
(1.32843e-07 -8.21069e-10 -0)
(1.33531e-07 -6.37442e-10 -0)
(1.3409e-07 -1.1402e-10 -0)
(1.34476e-07 7.60708e-10 -0)
(1.34628e-07 2.04125e-09 -0)
(1.34453e-07 3.82068e-09 -0)
(1.33814e-07 6.22361e-09 -0)
(1.32515e-07 9.39429e-09 -0)
(1.30293e-07 1.34752e-08 -0)
(1.26815e-07 1.85766e-08 -0)
(1.2169e-07 2.47422e-08 -0)
(1.14503e-07 3.192e-08 -0)
(1.04837e-07 3.99386e-08 -0)
(9.2317e-08 4.84762e-08 -0)
(7.66694e-08 5.70177e-08 -0)
(5.78325e-08 6.48168e-08 -0)
(3.61045e-08 7.09167e-08 -0)
(1.22913e-08 7.43136e-08 -0)
(3.29948e-06 2.60309e-05 -0)
(1.05112e-06 7.33853e-06 -0)
(2.30321e-07 1.9808e-06 -0)
(3.76893e-08 5.3009e-09 -0)
(1.08301e-07 2.40283e-08 -0)
(1.13454e-07 1.67912e-08 -0)
(1.20161e-07 1.01886e-08 -0)
(1.23952e-07 5.35758e-09 -0)
(1.26536e-07 2.08603e-09 -0)
(1.28554e-07 1.95018e-11 -0)
(1.30232e-07 -1.15916e-09 -0)
(1.31659e-07 -1.69655e-09 -0)
(1.32886e-07 -1.76147e-09 -0)
(1.33949e-07 -1.44847e-09 -0)
(1.34875e-07 -7.86942e-10 -0)
(1.35671e-07 2.51264e-10 -0)
(1.36321e-07 1.74712e-09 -0)
(1.36776e-07 3.83377e-09 -0)
(1.3693e-07 6.69386e-09 -0)
(1.36603e-07 1.05488e-08 -0)
(1.35513e-07 1.56316e-08 -0)
(1.33271e-07 2.21395e-08 -0)
(1.29394e-07 3.01781e-08 -0)
(1.23341e-07 3.97222e-08 -0)
(1.14542e-07 5.05996e-08 -0)
(1.0242e-07 6.24559e-08 -0)
(8.64347e-08 7.46669e-08 -0)
(6.62278e-08 8.6209e-08 -0)
(4.18957e-08 9.55814e-08 -0)
(1.43751e-08 1.00981e-07 -0)
(4.25903e-06 4.93553e-05 -0)
(1.14413e-06 9.6271e-06 -0)
(2.58005e-07 2.01434e-06 -0)
(4.06494e-08 5.9788e-09 -0)
(1.10262e-07 1.06476e-08 -0)
(1.09836e-07 8.92117e-09 -0)
(1.15902e-07 5.2863e-09 -0)
(1.20505e-07 1.86619e-09 -0)
(1.2415e-07 -6.51936e-10 -0)
(1.27102e-07 -2.21271e-09 -0)
(1.29499e-07 -3.00285e-09 -0)
(1.31458e-07 -3.23883e-09 -0)
(1.33091e-07 -3.07969e-09 -0)
(1.34506e-07 -2.60795e-09 -0)
(1.35789e-07 -1.83628e-09 -0)
(1.3701e-07 -7.15829e-10 -0)
(1.3821e-07 8.62416e-10 -0)
(1.39399e-07 3.07393e-09 -0)
(1.40529e-07 6.16978e-09 -0)
(1.41453e-07 1.04759e-08 -0)
(1.41884e-07 1.63629e-08 -0)
(1.41361e-07 2.41718e-08 -0)
(1.39273e-07 3.41091e-08 -0)
(1.34925e-07 4.6191e-08 -0)
(1.27571e-07 6.02814e-08 -0)
(1.16384e-07 7.6082e-08 -0)
(1.00422e-07 9.29859e-08 -0)
(7.87471e-08 1.09771e-07 -0)
(5.08763e-08 1.2422e-07 -0)
(1.76907e-08 1.33045e-07 -0)
(3.9143e-06 4.1638e-05 -0)
(9.2715e-07 9.34802e-06 -0)
(2.95496e-07 3.77247e-06 -0)
(4.61918e-08 7.18726e-09 -0)
(1.08767e-07 4.36049e-09 -0)
(1.08092e-07 2.95999e-09 -0)
(1.13106e-07 1.69175e-10 -0)
(1.18014e-07 -2.52732e-09 -0)
(1.22457e-07 -4.34736e-09 -0)
(1.26203e-07 -5.21573e-09 -0)
(1.29206e-07 -5.4006e-09 -0)
(1.31582e-07 -5.17611e-09 -0)
(1.33517e-07 -4.71037e-09 -0)
(1.35193e-07 -4.06737e-09 -0)
(1.36767e-07 -3.23436e-09 -0)
(1.38369e-07 -2.14035e-09 -0)
(1.40111e-07 -6.5506e-10 -0)
(1.42083e-07 1.43041e-09 -0)
(1.44332e-07 4.43605e-09 -0)
(1.46796e-07 8.82224e-09 -0)
(1.49209e-07 1.51724e-08 -0)
(1.51017e-07 2.40762e-08 -0)
(1.51413e-07 3.5896e-08 -0)
(1.49513e-07 5.06516e-08 -0)
(1.44433e-07 6.82527e-08 -0)
(1.35124e-07 8.86055e-08 -0)
(1.20123e-07 1.11423e-07 -0)
(9.74614e-08 1.35666e-07 -0)
(6.51699e-08 1.58485e-07 -0)
(2.32003e-08 1.73933e-07 -0)
(5.38389e-06 6.45995e-05 -0)
(1.37562e-06 1.42597e-05 -0)
(2.77704e-07 2.88166e-06 -0)
(4.90299e-08 7.60361e-09 -0)
(1.04476e-07 1.4842e-09 -0)
(1.05645e-07 -1.61091e-09 -0)
(1.10415e-07 -5.04238e-09 -0)
(1.15988e-07 -7.79738e-09 -0)
(1.21462e-07 -8.99451e-09 -0)
(1.26048e-07 -8.90208e-09 -0)
(1.29539e-07 -8.20761e-09 -0)
(1.32148e-07 -7.35447e-09 -0)
(1.342e-07 -6.51823e-09 -0)
(1.35982e-07 -5.71667e-09 -0)
(1.37716e-07 -4.89355e-09 -0)
(1.39589e-07 -3.95569e-09 -0)
(1.41781e-07 -2.772e-09 -0)
(1.44491e-07 -1.13257e-09 -0)
(1.47921e-07 1.32213e-09 -0)
(1.52189e-07 5.20466e-09 -0)
(1.57138e-07 1.14286e-08 -0)
(1.62085e-07 2.1065e-08 -0)
(1.65849e-07 3.47474e-08 -0)
(1.67282e-07 5.22663e-08 -0)
(1.65525e-07 7.34725e-08 -0)
(1.59555e-07 9.86639e-08 -0)
(1.47483e-07 1.28435e-07 -0)
(1.25809e-07 1.62987e-07 -0)
(8.91426e-08 2.00121e-07 -0)
(3.31381e-08 2.30271e-07 -0)
(5.06991e-06 5.48247e-05 -0)
(5.59427e-07 1.20713e-05 -0)
(1.15663e-07 5.67593e-06 -0)
(4.88515e-08 7.03316e-09 -0)
(9.89384e-08 -2.9539e-10 -0)
(1.01566e-07 -5.84554e-09 -0)
(1.06919e-07 -1.09305e-08 -0)
(1.14062e-07 -1.46252e-08 -0)
(1.21352e-07 -1.49312e-08 -0)
(1.2699e-07 -1.31902e-08 -0)
(1.30753e-07 -1.11733e-08 -0)
(1.33271e-07 -9.51584e-09 -0)
(1.35154e-07 -8.29145e-09 -0)
(1.36817e-07 -7.38745e-09 -0)
(1.38528e-07 -6.66736e-09 -0)
(1.40491e-07 -6.01652e-09 -0)
(1.42934e-07 -5.34418e-09 -0)
(1.46177e-07 -4.51049e-09 -0)
(1.50669e-07 -3.21962e-09 -0)
(1.56903e-07 -7.5434e-10 -0)
(1.65069e-07 4.27289e-09 -0)
(1.74335e-07 1.40082e-08 -0)
(1.82614e-07 2.97618e-08 -0)
(1.88239e-07 5.0193e-08 -0)
(1.90831e-07 7.47093e-08 -0)
(1.90087e-07 1.04142e-07 -0)
(1.84446e-07 1.40666e-07 -0)
(1.69147e-07 1.8773e-07 -0)
(1.32454e-07 2.48739e-07 -0)
(5.33498e-08 3.16759e-07 -0)
(5.96003e-06 7.77812e-05 -0)
(-1.43841e-07 2.08332e-05 -0)
(9.73111e-09 3.48334e-06 -0)
(4.53561e-08 8.95689e-09 -0)
(9.15256e-08 -2.02065e-09 -0)
(9.501e-08 -1.05454e-08 -0)
(1.01635e-07 -1.8209e-08 -0)
(1.11987e-07 -2.48416e-08 -0)
(1.22896e-07 -2.29148e-08 -0)
(1.29806e-07 -1.77542e-08 -0)
(1.33213e-07 -1.37794e-08 -0)
(1.3503e-07 -1.12442e-08 -0)
(1.36328e-07 -9.74426e-09 -0)
(1.37606e-07 -8.87444e-09 -0)
(1.39087e-07 -8.3717e-09 -0)
(1.40912e-07 -8.09859e-09 -0)
(1.43287e-07 -8.07763e-09 -0)
(1.46615e-07 -8.34582e-09 -0)
(1.51677e-07 -8.93617e-09 -0)
(1.59682e-07 -9.27543e-09 -0)
(1.71901e-07 -7.59061e-09 -0)
(1.87573e-07 9.33556e-10 -0)
(2.02033e-07 2.00985e-08 -0)
(2.12229e-07 4.40356e-08 -0)
(2.19474e-07 7.10295e-08 -0)
(2.25511e-07 1.02532e-07 -0)
(2.31072e-07 1.42354e-07 -0)
(2.33882e-07 1.9853e-07 -0)
(2.18171e-07 2.90347e-07 -0)
(1.01158e-07 4.71267e-07 -0)
(1.66278e-06 6.86043e-05 -0)
(1.27127e-06 1.66727e-05 -0)
(1.2491e-06 4.23585e-06 -0)
(3.07716e-08 1.56831e-08 -0)
(7.94072e-08 -2.38116e-09 -0)
(8.53774e-08 -1.61664e-08 -0)
(9.2623e-08 -2.65186e-08 -0)
(1.09356e-07 -4.36177e-08 -0)
(1.2844e-07 -3.4132e-08 -0)
(1.36126e-07 -2.11324e-08 -0)
(1.37263e-07 -1.49457e-08 -0)
(1.37306e-07 -1.19376e-08 -0)
(1.37524e-07 -1.0567e-08 -0)
(1.3819e-07 -9.9944e-09 -0)
(1.39304e-07 -9.84636e-09 -0)
(1.40785e-07 -9.92859e-09 -0)
(1.42687e-07 -1.05222e-08 -0)
(1.45319e-07 -1.18596e-08 -0)
(1.4974e-07 -1.49045e-08 -0)
(1.58248e-07 -1.98209e-08 -0)
(1.75278e-07 -2.62931e-08 -0)
(2.02025e-07 -2.27812e-08 -0)
(2.25716e-07 5.66304e-09 -0)
(2.3917e-07 3.4822e-08 -0)
(2.49327e-07 6.28423e-08 -0)
(2.61411e-07 9.25978e-08 -0)
(2.80444e-07 1.27693e-07 -0)
(3.1714e-07 1.73684e-07 -0)
(4.0519e-07 2.42851e-07 -0)
(6.73691e-07 3.67273e-07 -0)
(1.4413e-05 7.43755e-05 -0)
(1.47107e-05 2.07411e-05 -0)
(3.68071e-06 2.08473e-06 -0)
(2.37105e-06 1.20495e-06 -0)
(1.07523e-06 2.87737e-08 -0)
(7.00016e-08 -7.82888e-09 -0)
(7.41829e-08 -1.54712e-08 -0)
(1.04373e-07 -2.85781e-08 -0)
(1.45382e-07 -5.23398e-08 -0)
(1.48993e-07 -1.77893e-08 -0)
(1.42408e-07 -1.30859e-08 -0)
(1.39409e-07 -1.11764e-08 -0)
(1.38272e-07 -1.07657e-08 -0)
(1.38326e-07 -1.08337e-08 -0)
(1.39153e-07 -1.12041e-08 -0)
(1.40237e-07 -1.13166e-08 -0)
(1.41356e-07 -1.22585e-08 -0)
(1.42233e-07 -1.36723e-08 -0)
(1.43715e-07 -1.90015e-08 -0)
(1.48293e-07 -2.88102e-08 -0)
(1.6894e-07 -5.49793e-08 -0)
(2.1953e-07 -7.14288e-08 -0)
(2.59636e-07 -9.4878e-09 -0)
(2.69408e-07 2.67454e-08 -0)
(2.7725e-07 5.29208e-08 -0)
(2.90361e-07 7.73225e-08 -0)
(3.12158e-07 1.02136e-07 -0)
(3.49041e-07 1.25663e-07 -0)
(4.1176e-07 1.40102e-07 -0)
(5.0288e-07 1.10402e-07 -0)
(2.90689e-05 4.01636e-05 -0)
(5.08585e-05 2.52104e-05 -0)
(4.74664e-05 2.12737e-05 -0)
(3.55316e-05 8.58902e-06 -0)
(2.82929e-05 4.19414e-06 -0)
(2.31468e-05 2.1318e-06 -0)
(2.00334e-05 1.3763e-06 -0)
(1.68394e-05 2.66521e-06 -0)
(1.08956e-07 -3.07311e-09 -0)
(1.70564e-07 -6.39424e-09 -0)
(1.36035e-07 -5.29701e-09 -0)
(1.29803e-07 -4.86394e-09 -0)
(1.28955e-07 -5.06551e-09 -0)
(1.30692e-07 -5.36876e-09 -0)
(1.33538e-07 -5.77428e-09 -0)
(1.36482e-07 -5.85213e-09 -0)
(1.38815e-07 -6.43623e-09 -0)
(1.38349e-07 -6.99124e-09 -0)
(1.34602e-07 -1.0164e-08 -0)
(1.2227e-07 -1.61188e-08 -0)
(1.32659e-07 -3.64359e-08 -0)
(2.47516e-07 -8.19868e-08 -0)
(3.2389e-07 2.55198e-09 -0)
(3.01578e-07 3.20681e-08 -0)
(2.99904e-07 4.91208e-08 -0)
(3.10626e-07 6.65184e-08 -0)
(3.28785e-07 8.30882e-08 -0)
(3.55106e-07 9.38469e-08 -0)
(3.89929e-07 8.74456e-08 -0)
(4.23188e-07 4.57478e-08 -0)
(2.19561e-05 -4.75569e-06 -0)
(3.14654e-05 2.82751e-06 -0)
(4.88487e-05 1.27623e-05 -0)
(5.676e-05 1.527e-05 -0)
(5.50762e-05 1.15536e-05 -0)
(5.70847e-05 9.11615e-06 -0)
(4.9285e-05 8.36786e-06 -0)
(5.14953e-05 1.3694e-05 -0)
(3.81494e-05 1.31855e-05 -0)
(3.70583e-05 1.55203e-06 -0)
(3.60985e-05 2.75783e-07 -0)
(3.63011e-05 -1.91643e-07 -0)
(3.70887e-05 -4.07641e-07 -0)
(3.81152e-05 -4.75323e-07 -0)
(3.95263e-05 -5.0913e-07 -0)
(4.01097e-05 -4.71301e-07 -0)
(4.2254e-05 -4.01514e-07 -0)
(4.09286e-05 -1.99172e-07 -0)
(4.42567e-05 3.88799e-07 -0)
(3.59835e-05 1.7451e-06 -0)
(3.91108e-05 9.23763e-06 -0)
(2.29155e-06 3.95561e-07 -0)
(2.70033e-07 1.53394e-08 -0)
(2.11401e-07 1.37253e-08 -0)
(2.03658e-07 1.65151e-08 -0)
(2.25336e-07 2.23388e-08 -0)
(2.48072e-07 2.86004e-08 -0)
(2.35557e-07 2.87008e-08 -0)
(2.46898e-07 2.52558e-08 -0)
(3.1948e-07 1.41489e-08 -0)
(3.09359e-06 -1.23213e-05 -0)
(7.50228e-06 -4.74178e-06 -0)
(1.7908e-05 -1.71724e-06 -0)
(3.00618e-05 2.60235e-06 -0)
(3.77827e-05 5.32372e-06 -0)
(4.37831e-05 6.93882e-06 -0)
(4.56586e-05 8.47278e-06 -0)
(4.95509e-05 1.11295e-05 -0)
(5.59363e-05 1.17278e-05 -0)
(5.56403e-05 4.70638e-06 -0)
(5.62578e-05 8.68181e-07 -0)
(5.65619e-05 -9.06921e-07 -0)
(5.84398e-05 -1.71621e-06 -0)
(5.84493e-05 -1.99781e-06 -0)
(6.15522e-05 -2.07608e-06 -0)
(6.01421e-05 -1.91963e-06 -0)
(6.49036e-05 -1.52491e-06 -0)
(6.04123e-05 -5.95293e-07 -0)
(6.72671e-05 2.221e-06 -0)
(5.58677e-05 6.56464e-06 -0)
(6.60173e-05 1.92139e-05 -0)
(5.10122e-05 2.24652e-05 -0)
(5.14499e-05 3.92098e-06 -0)
(5.18809e-05 8.45405e-10 -0)
(5.35242e-05 -9.44206e-07 -0)
(5.66568e-05 -1.45665e-06 -0)
(6.11056e-05 -1.7109e-06 -0)
(6.58082e-05 -1.64754e-06 -0)
(7.03675e-05 -1.259e-06 -0)
(7.25323e-05 -4.9509e-07 -0)
(2.37775e-06 -1.65374e-05 -0)
(8.89865e-06 -1.31728e-05 -0)
(1.44536e-05 -7.80607e-06 -0)
(2.05603e-05 -3.93897e-06 -0)
(2.63353e-05 -5.83708e-07 -0)
(3.15086e-05 2.11068e-06 -0)
(3.64144e-05 4.10622e-06 -0)
(4.09915e-05 5.23595e-06 -0)
(4.81944e-05 5.20656e-06 -0)
(5.17656e-05 2.84001e-06 -0)
(5.36573e-05 1.63691e-07 -0)
(5.47139e-05 -1.62649e-06 -0)
(5.56681e-05 -2.49689e-06 -0)
(5.61614e-05 -2.88721e-06 -0)
(5.72309e-05 -2.87858e-06 -0)
(5.74291e-05 -2.7236e-06 -0)
(5.88226e-05 -1.99547e-06 -0)
(5.83256e-05 -6.58138e-07 -0)
(6.01001e-05 2.57071e-06 -0)
(5.97554e-05 7.03292e-06 -0)
(6.52365e-05 1.32223e-05 -0)
(7.56022e-05 1.5389e-05 -0)
(7.82458e-05 5.15043e-06 -0)
(8.13055e-05 -1.42752e-06 -0)
(8.57258e-05 -5.02354e-06 -0)
(9.17856e-05 -7.48376e-06 -0)
(0.00010029 -9.10682e-06 -0)
(0.000109289 -9.23253e-06 -0)
(0.000119421 -7.17149e-06 -0)
(0.000124363 -2.76578e-06 -0)
(3.55984e-06 -2.45435e-05 -0)
(9.368e-06 -1.80168e-05 -0)
(1.55092e-05 -1.35225e-05 -0)
(2.13209e-05 -9.20141e-06 -0)
(2.66674e-05 -5.32352e-06 -0)
(3.15522e-05 -2.23113e-06 -0)
(3.63059e-05 -1.95682e-07 -0)
(4.06999e-05 6.69337e-07 -0)
(4.52539e-05 6.90533e-07 -0)
(4.87591e-05 -5.51735e-08 -0)
(5.09983e-05 -1.31162e-06 -0)
(5.22629e-05 -2.43549e-06 -0)
(5.32203e-05 -3.14097e-06 -0)
(5.40386e-05 -3.522e-06 -0)
(5.50514e-05 -3.6113e-06 -0)
(5.61761e-05 -3.45227e-06 -0)
(5.74119e-05 -2.75262e-06 -0)
(5.89575e-05 -1.37916e-06 -0)
(6.06986e-05 1.00673e-06 -0)
(6.46739e-05 3.73437e-06 -0)
(6.97098e-05 5.72936e-06 -0)
(8.0353e-05 5.06438e-06 -0)
(8.73654e-05 1.40512e-07 -0)
(9.40485e-05 -5.88474e-06 -0)
(0.000101128 -1.11023e-05 -0)
(0.00011048 -1.58292e-05 -0)
(0.000121543 -1.95724e-05 -0)
(0.000134542 -2.12526e-05 -0)
(0.000149589 -1.80196e-05 -0)
(0.000160241 -7.6766e-06 -0)
(4.31439e-06 -3.10883e-05 -0)
(1.21426e-05 -2.54027e-05 -0)
(1.94583e-05 -1.97671e-05 -0)
(2.61439e-05 -1.48014e-05 -0)
(3.2197e-05 -1.05048e-05 -0)
(3.76598e-05 -7.07037e-06 -0)
(4.26235e-05 -4.69666e-06 -0)
(4.69706e-05 -3.38141e-06 -0)
(5.06642e-05 -2.80604e-06 -0)
(5.36912e-05 -2.75549e-06 -0)
(5.59354e-05 -3.1395e-06 -0)
(5.76097e-05 -3.73336e-06 -0)
(5.90637e-05 -4.31744e-06 -0)
(6.05995e-05 -4.79294e-06 -0)
(6.22697e-05 -5.07805e-06 -0)
(6.42594e-05 -5.07178e-06 -0)
(6.63638e-05 -4.61385e-06 -0)
(6.91995e-05 -3.65715e-06 -0)
(7.25654e-05 -2.40281e-06 -0)
(7.80651e-05 -1.4787e-06 -0)
(8.44969e-05 -1.80934e-06 -0)
(9.38477e-05 -3.94521e-06 -0)
(0.000102128 -8.08125e-06 -0)
(0.000111736 -1.39733e-05 -0)
(0.000119357 -2.01286e-05 -0)
(0.000130546 -2.68007e-05 -0)
(0.00013885 -3.22299e-05 -0)
(0.000153063 -3.70257e-05 -0)
(0.000165608 -3.47233e-05 -0)
(0.000184143 -1.90338e-05 -0)
(6.55088e-06 -4.19136e-05 -0)
(1.78288e-05 -3.30757e-05 -0)
(2.79016e-05 -2.6814e-05 -0)
(3.61781e-05 -2.13022e-05 -0)
(4.289e-05 -1.63976e-05 -0)
(4.84343e-05 -1.23479e-05 -0)
(5.31202e-05 -9.32797e-06 -0)
(5.69883e-05 -7.28707e-06 -0)
(6.01533e-05 -6.03512e-06 -0)
(6.2732e-05 -5.38799e-06 -0)
(6.48856e-05 -5.25577e-06 -0)
(6.66826e-05 -5.52639e-06 -0)
(6.83709e-05 -6.03763e-06 -0)
(6.99986e-05 -6.60143e-06 -0)
(7.17797e-05 -7.07725e-06 -0)
(7.36712e-05 -7.32407e-06 -0)
(7.60283e-05 -7.33836e-06 -0)
(7.89388e-05 -7.19182e-06 -0)
(8.30456e-05 -7.27447e-06 -0)
(8.83369e-05 -7.96877e-06 -0)
(9.50939e-05 -9.84544e-06 -0)
(0.000102626 -1.28881e-05 -0)
(0.000110495 -1.72469e-05 -0)
(0.000118444 -2.26309e-05 -0)
(0.000124632 -2.84884e-05 -0)
(0.000132569 -3.47505e-05 -0)
(0.000135438 -4.00554e-05 -0)
(0.000146381 -4.73717e-05 -0)
(0.000150037 -4.94824e-05 -0)
(0.000175876 -4.22263e-05 -0)
(1.25011e-05 -5.55822e-05 -0)
(3.43782e-05 -4.41837e-05 -0)
(4.69568e-05 -3.64945e-05 -0)
(5.40701e-05 -2.90663e-05 -0)
(5.84585e-05 -2.24531e-05 -0)
(6.15772e-05 -1.71651e-05 -0)
(6.40125e-05 -1.32144e-05 -0)
(6.60026e-05 -1.04271e-05 -0)
(6.76408e-05 -8.58149e-06 -0)
(6.90154e-05 -7.4987e-06 -0)
(7.02101e-05 -7.0345e-06 -0)
(7.12098e-05 -7.06778e-06 -0)
(7.21107e-05 -7.43537e-06 -0)
(7.28688e-05 -7.97343e-06 -0)
(7.37765e-05 -8.5465e-06 -0)
(7.47378e-05 -9.08964e-06 -0)
(7.64326e-05 -9.67138e-06 -0)
(7.84878e-05 -1.04056e-05 -0)
(8.21066e-05 -1.16219e-05 -0)
(8.5909e-05 -1.33999e-05 -0)
(9.18379e-05 -1.61604e-05 -0)
(9.65745e-05 -1.94143e-05 -0)
(0.000103897 -2.3847e-05 -0)
(0.000107796 -2.80318e-05 -0)
(0.000114851 -3.35485e-05 -0)
(0.0001168 -3.76426e-05 -0)
(0.000121397 -4.35131e-05 -0)
(0.000125503 -4.96409e-05 -0)
(0.000124973 -5.63059e-05 -0)
(0.000195448 -8.45682e-05 -0)
(8.91482e-05 -8.04574e-05 -0)
(8.09152e-05 -6.37766e-05 -0)
(7.44598e-05 -4.59413e-05 -0)
(6.96642e-05 -3.29288e-05 -0)
(6.64927e-05 -2.41103e-05 -0)
(6.472e-05 -1.81082e-05 -0)
(6.38403e-05 -1.39385e-05 -0)
(6.36145e-05 -1.10745e-05 -0)
(6.3647e-05 -9.15548e-06 -0)
(6.39556e-05 -8.00556e-06 -0)
(6.42189e-05 -7.43487e-06 -0)
(6.46478e-05 -7.36342e-06 -0)
(6.48857e-05 -7.62445e-06 -0)
(6.54233e-05 -8.19028e-06 -0)
(6.58828e-05 -8.91305e-06 -0)
(6.71005e-05 -9.90737e-06 -0)
(6.85646e-05 -1.10894e-05 -0)
(7.13026e-05 -1.27553e-05 -0)
(7.45075e-05 -1.4806e-05 -0)
(7.9011e-05 -1.75806e-05 -0)
(8.39074e-05 -2.08196e-05 -0)
(8.91661e-05 -2.46391e-05 -0)
(9.50588e-05 -2.88536e-05 -0)
(9.8737e-05 -3.28015e-05 -0)
(0.000105218 -3.76849e-05 -0)
(0.000103105 -4.01704e-05 -0)
(0.000112546 -4.78033e-05 -0)
(9.89477e-05 -5.03034e-05 -0)
(0.000118579 -9.23785e-05 -0)
(6.46343e-05 -0.000192143 -0)
(7.99805e-05 -5.0491e-05 -0)
(6.45717e-05 -3.84446e-05 -0)
(5.66873e-05 -2.94703e-05 -0)
(5.381e-05 -2.31081e-05 -0)
(5.33611e-05 -1.8483e-05 -0)
(5.39938e-05 -1.50212e-05 -0)
(5.49975e-05 -1.23639e-05 -0)
(5.61839e-05 -1.03739e-05 -0)
(5.73051e-05 -8.94619e-06 -0)
(5.84719e-05 -8.05785e-06 -0)
(5.94483e-05 -7.62506e-06 -0)
(6.05471e-05 -7.64641e-06 -0)
(6.14293e-05 -8.0321e-06 -0)
(6.27158e-05 -8.83888e-06 -0)
(6.38636e-05 -9.96657e-06 -0)
(6.59149e-05 -1.15893e-05 -0)
(6.78639e-05 -1.35391e-05 -0)
(7.12071e-05 -1.61496e-05 -0)
(7.41397e-05 -1.90084e-05 -0)
(7.8693e-05 -2.26291e-05 -0)
(8.2026e-05 -2.6121e-05 -0)
(8.70822e-05 -3.03209e-05 -0)
(8.93854e-05 -3.35381e-05 -0)
(9.38264e-05 -3.74482e-05 -0)
(9.22279e-05 -3.89189e-05 -0)
(9.35684e-05 -4.24043e-05 -0)
(8.5452e-05 -4.34496e-05 -0)
(7.97673e-05 -5.07199e-05 -0)
(6.01494e-05 -5.17589e-05 -0)
(9.17928e-06 -2.12169e-05 -0)
(8.54236e-05 -4.01865e-05 -0)
(7.91359e-05 -3.76484e-05 -0)
(7.56353e-05 -3.32885e-05 -0)
(7.37358e-05 -2.81229e-05 -0)
(7.25733e-05 -2.31677e-05 -0)
(7.18568e-05 -1.89646e-05 -0)
(7.12561e-05 -1.55735e-05 -0)
(7.0888e-05 -1.2999e-05 -0)
(7.04749e-05 -1.11168e-05 -0)
(7.02662e-05 -9.90429e-06 -0)
(6.9867e-05 -9.23805e-06 -0)
(6.97137e-05 -9.13952e-06 -0)
(6.92497e-05 -9.50051e-06 -0)
(6.92252e-05 -1.04248e-05 -0)
(6.88292e-05 -1.17723e-05 -0)
(6.92533e-05 -1.3748e-05 -0)
(6.9268e-05 -1.60542e-05 -0)
(7.05718e-05 -1.90413e-05 -0)
(7.13971e-05 -2.2105e-05 -0)
(7.37365e-05 -2.5788e-05 -0)
(7.55597e-05 -2.91748e-05 -0)
(7.80609e-05 -3.26759e-05 -0)
(7.99862e-05 -3.54591e-05 -0)
(7.99929e-05 -3.68277e-05 -0)
(7.76067e-05 -3.69302e-05 -0)
(7.16959e-05 -3.5852e-05 -0)
(6.25515e-05 -3.43519e-05 -0)
(4.91079e-05 -3.24161e-05 -0)
(2.76592e-05 -2.82304e-05 -0)
(1.03708e-05 -3.33699e-05 -0)
(8.74085e-05 -3.17135e-05 -0)
(8.01133e-05 -2.96609e-05 -0)
(7.37125e-05 -2.60995e-05 -0)
(6.87215e-05 -2.19979e-05 -0)
(6.50395e-05 -1.81211e-05 -0)
(6.24942e-05 -1.48599e-05 -0)
(6.06444e-05 -1.22492e-05 -0)
(5.94196e-05 -1.02824e-05 -0)
(5.84214e-05 -8.84383e-06 -0)
(5.78094e-05 -7.92422e-06 -0)
(5.7138e-05 -7.42902e-06 -0)
(5.68443e-05 -7.41739e-06 -0)
(5.63074e-05 -7.816e-06 -0)
(5.63832e-05 -8.78638e-06 -0)
(5.60825e-05 -1.02132e-05 -0)
(5.69442e-05 -1.24138e-05 -0)
(5.7251e-05 -1.50309e-05 -0)
(5.9595e-05 -1.86791e-05 -0)
(6.07886e-05 -2.22936e-05 -0)
(6.49092e-05 -2.71044e-05 -0)
(6.6344e-05 -3.05415e-05 -0)
(7.05803e-05 -3.47682e-05 -0)
(7.02697e-05 -3.56583e-05 -0)
(6.86446e-05 -3.50745e-05 -0)
(6.15596e-05 -3.12837e-05 -0)
(5.38086e-05 -2.80477e-05 -0)
(4.25735e-05 -2.28733e-05 -0)
(3.05167e-05 -1.79489e-05 -0)
(1.73634e-05 -1.40855e-05 -0)
(3.91136e-06 -5.75413e-06 -0)
(8.81058e-05 -2.47658e-05 -0)
(8.21842e-05 -2.36071e-05 -0)
(7.71491e-05 -2.16868e-05 -0)
(7.33372e-05 -1.92764e-05 -0)
(7.05205e-05 -1.669e-05 -0)
(6.86187e-05 -1.42677e-05 -0)
(6.71697e-05 -1.21431e-05 -0)
(6.625e-05 -1.04522e-05 -0)
(6.53813e-05 -9.15709e-06 -0)
(6.49035e-05 -8.33252e-06 -0)
(6.42227e-05 -7.90851e-06 -0)
(6.39696e-05 -8.00609e-06 -0)
(6.32976e-05 -8.56169e-06 -0)
(6.32231e-05 -9.80372e-06 -0)
(6.25071e-05 -1.16248e-05 -0)
(6.2721e-05 -1.43927e-05 -0)
(6.20686e-05 -1.77128e-05 -0)
(6.28862e-05 -2.20749e-05 -0)
(6.24093e-05 -2.62888e-05 -0)
(6.42642e-05 -3.1232e-05 -0)
(6.31348e-05 -3.39537e-05 -0)
(6.56813e-05 -3.69764e-05 -0)
(6.0219e-05 -3.33881e-05 -0)
(5.40346e-05 -2.91594e-05 -0)
(4.34966e-05 -2.24947e-05 -0)
(3.58949e-05 -1.81119e-05 -0)
(2.33048e-05 -1.41708e-05 -0)
(1.77879e-05 -5.02999e-06 -0)
(4.25735e-06 -1.84973e-06 -0)
(8.75701e-08 -1.4193e-07 -0)
(8.86469e-05 -1.90921e-05 -0)
(8.36391e-05 -1.84122e-05 -0)
(7.90367e-05 -1.72183e-05 -0)
(7.50912e-05 -1.56049e-05 -0)
(7.17375e-05 -1.37435e-05 -0)
(6.90932e-05 -1.18953e-05 -0)
(6.6835e-05 -1.02001e-05 -0)
(6.51394e-05 -8.81354e-06 -0)
(6.35159e-05 -7.72668e-06 -0)
(6.23705e-05 -7.0323e-06 -0)
(6.09881e-05 -6.66135e-06 -0)
(6.01093e-05 -6.74798e-06 -0)
(5.86429e-05 -7.20147e-06 -0)
(5.78077e-05 -8.2843e-06 -0)
(5.59744e-05 -9.83731e-06 -0)
(5.50616e-05 -1.23513e-05 -0)
(5.29093e-05 -1.53592e-05 -0)
(5.22819e-05 -1.95988e-05 -0)
(5.08811e-05 -2.38813e-05 -0)
(5.14506e-05 -2.88473e-05 -0)
(5.09917e-05 -3.20311e-05 -0)
(5.27412e-05 -3.37029e-05 -0)
(4.23208e-05 -2.48827e-05 -0)
(3.61895e-05 -1.94151e-05 -0)
(2.30429e-05 -1.48375e-05 -0)
(1.92112e-05 -5.66675e-06 -0)
(1.98214e-07 -6.88733e-08 -0)
(2.57433e-07 -1.03891e-07 -0)
(7.7727e-08 -1.25752e-07 -0)
(4.23076e-09 -1.91217e-07 -0)
(8.89952e-05 -1.42118e-05 -0)
(8.45469e-05 -1.37936e-05 -0)
(8.03243e-05 -1.304e-05 -0)
(7.65601e-05 -1.20016e-05 -0)
(7.32199e-05 -1.07606e-05 -0)
(7.0495e-05 -9.47806e-06 -0)
(6.80891e-05 -8.25107e-06 -0)
(6.62647e-05 -7.2187e-06 -0)
(6.44638e-05 -6.38845e-06 -0)
(6.32334e-05 -5.86478e-06 -0)
(6.16447e-05 -5.58941e-06 -0)
(6.07442e-05 -5.71023e-06 -0)
(5.897e-05 -6.12425e-06 -0)
(5.81785e-05 -7.14424e-06 -0)
(5.57795e-05 -8.56995e-06 -0)
(5.49318e-05 -1.11377e-05 -0)
(5.16309e-05 -1.42176e-05 -0)
(5.09095e-05 -1.93299e-05 -0)
(4.76498e-05 -2.41834e-05 -0)
(4.70234e-05 -3.0259e-05 -0)
(4.58647e-05 -3.35658e-05 -0)
(4.16721e-05 -3.00528e-05 -0)
(2.48369e-05 -1.73836e-05 -0)
(2.13512e-05 -6.79183e-06 -0)
(2.43951e-07 -6.59418e-08 -0)
(2.44482e-07 -5.7085e-08 -0)
(1.68782e-07 -5.45668e-08 -0)
(1.5996e-07 -1.63049e-07 -0)
(8.42421e-08 -1.84429e-07 -0)
(2.26062e-08 -1.64101e-07 -0)
(8.92147e-05 -9.84187e-06 -0)
(8.51262e-05 -9.58857e-06 -0)
(8.11927e-05 -9.12678e-06 -0)
(7.75786e-05 -8.48138e-06 -0)
(7.42746e-05 -7.69657e-06 -0)
(7.14451e-05 -6.8583e-06 -0)
(6.8888e-05 -6.03577e-06 -0)
(6.6833e-05 -5.32042e-06 -0)
(6.48205e-05 -4.74023e-06 -0)
(6.33303e-05 -4.36496e-06 -0)
(6.15025e-05 -4.17683e-06 -0)
(6.03287e-05 -4.26829e-06 -0)
(5.82227e-05 -4.58895e-06 -0)
(5.71143e-05 -5.35484e-06 -0)
(5.4075e-05 -6.44282e-06 -0)
(5.27442e-05 -8.47582e-06 -0)
(4.77832e-05 -1.0937e-05 -0)
(4.6071e-05 -1.56414e-05 -0)
(3.86193e-05 -1.94538e-05 -0)
(3.75073e-05 -2.65796e-05 -0)
(3.17807e-05 -2.7293e-05 -0)
(1.89309e-05 -1.72447e-05 -0)
(2.49336e-07 -8.8505e-08 -0)
(2.3234e-07 -4.12752e-08 -0)
(1.8893e-07 -6.59788e-09 -0)
(1.93107e-07 -8.35893e-08 -0)
(1.59702e-07 -7.18292e-08 -0)
(1.27571e-07 -1.03022e-07 -0)
(7.66757e-08 -1.17841e-07 -0)
(2.45591e-08 -1.16934e-07 -0)
(8.93434e-05 -5.7896e-06 -0)
(8.54726e-05 -5.65278e-06 -0)
(8.17205e-05 -5.40198e-06 -0)
(7.82132e-05 -5.04802e-06 -0)
(7.4954e-05 -4.61575e-06 -0)
(7.20777e-05 -4.14342e-06 -0)
(6.94511e-05 -3.67589e-06 -0)
(6.72529e-05 -3.25608e-06 -0)
(6.51387e-05 -2.91958e-06 -0)
(6.34615e-05 -2.69004e-06 -0)
(6.15461e-05 -2.59016e-06 -0)
(6.01384e-05 -2.63622e-06 -0)
(5.79641e-05 -2.85773e-06 -0)
(5.65288e-05 -3.30653e-06 -0)
(5.33996e-05 -4.02803e-06 -0)
(5.15404e-05 -5.25932e-06 -0)
(4.61711e-05 -6.98578e-06 -0)
(4.33455e-05 -1.03447e-05 -0)
(3.33639e-05 -1.37844e-05 -0)
(3.09837e-05 -2.1991e-05 -0)
(1.60311e-05 -1.65062e-05 -0)
(1.53849e-07 -1.21604e-07 -0)
(2.31416e-07 -3.27148e-08 -0)
(2.24559e-07 -5.8288e-08 -0)
(1.98949e-07 -3.04417e-08 -0)
(1.79252e-07 -4.41632e-08 -0)
(1.4935e-07 -4.79476e-08 -0)
(1.13948e-07 -5.93679e-08 -0)
(7.03299e-08 -6.69759e-08 -0)
(2.35128e-08 -6.88611e-08 -0)
(8.94067e-05 -1.91148e-06 -0)
(8.56299e-05 -1.86787e-06 -0)
(8.19772e-05 -1.78867e-06 -0)
(7.85076e-05 -1.67522e-06 -0)
(7.53003e-05 -1.53807e-06 -0)
(7.23721e-05 -1.38463e-06 -0)
(6.97652e-05 -1.2348e-06 -0)
(6.74263e-05 -1.09465e-06 -0)
(6.53617e-05 -9.87334e-07 -0)
(6.34452e-05 -9.06478e-07 -0)
(6.1684e-05 -8.80502e-07 -0)
(5.98711e-05 -8.87049e-07 -0)
(5.80541e-05 -9.76278e-07 -0)
(5.5894e-05 -1.10726e-06 -0)
(5.34909e-05 -1.38419e-06 -0)
(5.02765e-05 -1.74484e-06 -0)
(4.62638e-05 -2.43502e-06 -0)
(4.0611e-05 -3.45563e-06 -0)
(3.21749e-05 -5.50434e-06 -0)
(2.1463e-05 -9.07962e-06 -0)
(1.06563e-06 -1.31318e-06 -0)
(1.60219e-07 -6.36074e-08 -0)
(2.76334e-07 -2.28339e-08 -0)
(2.34614e-07 -1.87803e-08 -0)
(2.03055e-07 -1.27792e-08 -0)
(1.75601e-07 -1.46743e-08 -0)
(1.44498e-07 -1.64296e-08 -0)
(1.08543e-07 -1.95264e-08 -0)
(6.71824e-08 -2.18351e-08 -0)
(2.26739e-08 -2.26739e-08 -0)
)
;

boundaryField
{
    inlet1
    {
        type            extrapolatedCalculated;
        value           nonuniform List<vector> 10((1e-05 7.35057e-06 -0) (1e-05 1.9164e-05 -0) (1e-05 3.91804e-05 -0) (1e-05 6.55716e-05 -0) (1e-05 8.98008e-05 -0) (1e-05 0.000107166 -0) (1e-05 0.00011132 -0) (1e-05 0.000109061 -0) (1e-05 9.96377e-05 -0) (1e-05 8.46295e-05 -0));
    }
    inlet2
    {
        type            extrapolatedCalculated;
        value           nonuniform List<vector> 10((-0 6.86043e-05 -0) (-0 7.43755e-05 -0) (-0 4.01636e-05 -0) (-0 -4.75569e-06 -0) (-0 -1.23213e-05 -0) (-0 -1.65374e-05 -0) (-0 -2.45435e-05 -0) (-0 -3.10883e-05 -0) (-0 -4.19136e-05 -0) (-0 -5.55822e-05 -0));
    }
    inlet3
    {
        type            extrapolatedCalculated;
        value           nonuniform List<vector> 10((9.13394e-05 -6.91506e-05 -0) (9.13394e-05 -5.33827e-05 -0) (9.13394e-05 -4.09698e-05 -0) (9.13394e-05 -3.20019e-05 -0) (9.13394e-05 -2.49594e-05 -0) (9.13394e-05 -1.91974e-05 -0) (9.13394e-05 -1.42679e-05 -0) (9.13394e-05 -9.87109e-06 -0) (9.13394e-05 -5.80355e-06 -0) (9.13394e-05 -1.91552e-06 -0));
    }
    output1
    {
        type            extrapolatedCalculated;
        value           nonuniform List<vector> 10((-0 9.83565e-09 -0) (-0 2.98699e-08 -0) (-0 5.10453e-08 -0) (-0 7.43136e-08 -0) (-0 1.00981e-07 -0) (-0 1.33045e-07 -0) (-0 1.73933e-07 -0) (-0 2.30271e-07 -0) (-0 3.16759e-07 -0) (-0 4.71267e-07 -0));
    }
    output2
    {
        type            extrapolatedCalculated;
        value           nonuniform List<vector> 10((8.78843e-07 3.67273e-07 -0) (5.54599e-07 1.10402e-07 -0) (4.37236e-07 4.57478e-08 -0) (3.21141e-07 1.41489e-08 -0) (7.29505e-05 -4.9509e-07 -0) (0.000125345 -2.76578e-06 -0) (0.000162315 -7.6766e-06 -0) (0.000190007 -1.90338e-05 -0) (0.000194864 -4.22263e-05 -0) (0.000265721 -8.45682e-05 -0));
    }
    output3
    {
        type            extrapolatedCalculated;
        value           nonuniform List<vector> 10((-0 -0.000192143 -0) (-0 -2.12169e-05 -0) (-0 -3.33699e-05 -0) (-0 -5.75413e-06 -0) (-0 -1.4193e-07 -0) (-0 -1.91217e-07 -0) (-0 -1.64101e-07 -0) (-0 -1.16934e-07 -0) (-0 -6.88611e-08 -0) (-0 -2.26739e-08 -0));
    }
    up
    {
        type            extrapolatedCalculated;
        value           nonuniform List<vector> 
30
(
(8.94067e-05 -0 -0)
(8.56299e-05 -0 -0)
(8.19772e-05 -0 -0)
(7.85076e-05 -0 -0)
(7.53003e-05 -0 -0)
(7.23721e-05 -0 -0)
(6.97652e-05 -0 -0)
(6.74263e-05 -0 -0)
(6.53617e-05 -0 -0)
(6.34452e-05 -0 -0)
(6.1684e-05 -0 -0)
(5.98711e-05 -0 -0)
(5.80541e-05 -0 -0)
(5.5894e-05 -0 -0)
(5.34909e-05 -0 -0)
(5.02765e-05 -0 -0)
(4.62638e-05 -0 -0)
(4.0611e-05 -0 -0)
(3.21749e-05 -0 -0)
(2.1463e-05 -0 -0)
(1.06563e-06 -0 -0)
(1.60219e-07 -0 -0)
(2.76334e-07 -0 -0)
(2.34614e-07 -0 -0)
(2.03055e-07 -0 -0)
(1.75601e-07 -0 -0)
(1.44498e-07 -0 -0)
(1.08543e-07 -0 -0)
(6.71824e-08 -0 -0)
(2.26739e-08 -0 -0)
)
;
    }
    down
    {
        type            extrapolatedCalculated;
        value           nonuniform List<vector> 
30
(
(1.0159e-06 -0 -0)
(1.97474e-06 -0 -0)
(6.78478e-07 -0 -0)
(1.54634e-07 -0 -0)
(7.92979e-08 -0 -0)
(1.50803e-07 -0 -0)
(1.42726e-07 -0 -0)
(1.38362e-07 -0 -0)
(1.3572e-07 -0 -0)
(1.34222e-07 -0 -0)
(1.33459e-07 -0 -0)
(1.33135e-07 -0 -0)
(1.33031e-07 -0 -0)
(1.32982e-07 -0 -0)
(1.32849e-07 -0 -0)
(1.32505e-07 -0 -0)
(1.31819e-07 -0 -0)
(1.30644e-07 -0 -0)
(1.2881e-07 -0 -0)
(1.26118e-07 -0 -0)
(1.22342e-07 -0 -0)
(1.17234e-07 -0 -0)
(1.10542e-07 -0 -0)
(1.02028e-07 -0 -0)
(9.15022e-08 -0 -0)
(7.88559e-08 -0 -0)
(6.41017e-08 -0 -0)
(4.74118e-08 -0 -0)
(2.91434e-08 -0 -0)
(9.83564e-09 -0 -0)
)
;
    }
    emptyWalls
    {
        type            empty;
    }
}


// ************************************************************************* //
