/*--------------------------------*- C++ -*----------------------------------*\
  =========                 |
  \\      /  F ield         | OpenFOAM: The Open Source CFD Toolbox
   \\    /   O peration     | Website:  https://openfoam.org
    \\  /    A nd           | Version:  9
     \\/     M anipulation  |
\*---------------------------------------------------------------------------*/
FoamFile
{
    format      ascii;
    class       volScalarField;
    location    "3500";
    object      alpha;
}
// * * * * * * * * * * * * * * * * * * * * * * * * * * * * * * * * * * * * * //

dimensions      [0 2 -1 0 0 0 0];

internalField   nonuniform List<scalar> 
900
(
-5.22834e-11
-9.70586e-12
-8.16227e-12
-2.73892e-14
-4.06513e-14
-4.0652e-14
-4.0652e-14
-4.0652e-14
-4.0652e-14
-4.0652e-14
-4.0652e-14
-4.0652e-14
-4.0652e-14
-4.0652e-14
-4.0652e-14
-4.0652e-14
-4.0652e-14
-4.0652e-14
-4.0652e-14
-4.0652e-14
-4.0652e-14
-4.0652e-14
-4.0652e-14
-4.0652e-14
-4.0652e-14
-4.0652e-14
-4.0652e-14
-4.0652e-14
-4.0652e-14
-4.0652e-14
-7.00157e-11
-1.02742e-11
-7.44835e-12
-2.78434e-14
-4.0652e-14
-4.0652e-14
-4.0652e-14
-4.0652e-14
-4.0652e-14
-4.0652e-14
-4.0652e-14
-4.0652e-14
-4.0652e-14
-4.0652e-14
-4.0652e-14
-4.0652e-14
-4.0652e-14
-4.0652e-14
-4.0652e-14
-4.0652e-14
-4.0652e-14
-4.0652e-14
-4.0652e-14
-4.0652e-14
-4.0652e-14
-4.0652e-14
-4.0652e-14
-4.0652e-14
-4.0652e-14
-4.0652e-14
-5.05555e-11
-9.07369e-12
-6.96602e-12
-3.04343e-14
-4.0652e-14
-4.0652e-14
-4.0652e-14
-4.0652e-14
-4.0652e-14
-4.0652e-14
-4.0652e-14
-4.0652e-14
-4.0652e-14
-4.0652e-14
-4.0652e-14
-4.0652e-14
-4.0652e-14
-4.0652e-14
-4.0652e-14
-4.0652e-14
-4.0652e-14
-4.0652e-14
-4.0652e-14
-4.0652e-14
-4.0652e-14
-4.0652e-14
-4.0652e-14
-4.0652e-14
-4.0652e-14
-4.0652e-14
-5.70706e-11
-8.52828e-12
-6.04121e-12
-3.55033e-14
-4.0652e-14
-4.0652e-14
-4.0652e-14
-4.0652e-14
-4.0652e-14
-4.0652e-14
-4.0652e-14
-4.0652e-14
-4.0652e-14
-4.0652e-14
-4.0652e-14
-4.0652e-14
-4.0652e-14
-4.0652e-14
-4.0652e-14
-4.0652e-14
-4.0652e-14
-4.0652e-14
-4.0652e-14
-4.0652e-14
-4.0652e-14
-4.0652e-14
-4.0652e-14
-4.0652e-14
-4.0652e-14
-4.0652e-14
-4.62682e-11
-7.58621e-12
-1.36832e-12
-3.99763e-14
-4.0652e-14
-4.0652e-14
-4.0652e-14
-4.0652e-14
-4.0652e-14
-4.0652e-14
-4.0652e-14
-4.0652e-14
-4.0652e-14
-4.0652e-14
-4.0652e-14
-4.0652e-14
-4.0652e-14
-4.0652e-14
-4.0652e-14
-4.0652e-14
-4.0652e-14
-4.0652e-14
-4.0652e-14
-4.0652e-14
-4.0652e-14
-4.0652e-14
-4.0652e-14
-4.0652e-14
-4.0652e-14
-4.0652e-14
-5.5228e-11
-7.50884e-12
-1.46923e-13
-4.06073e-14
-4.0652e-14
-4.0652e-14
-4.0652e-14
-4.0652e-14
-4.0652e-14
-4.0652e-14
-4.0652e-14
-4.0652e-14
-4.0652e-14
-4.0652e-14
-4.0652e-14
-4.0652e-14
-4.0652e-14
-4.0652e-14
-4.0652e-14
-4.0652e-14
-4.0652e-14
-4.0652e-14
-4.0652e-14
-4.0652e-14
-4.0652e-14
-4.0652e-14
-4.0652e-14
-4.0652e-14
-4.0652e-14
-4.0652e-14
-4.6428e-11
-8.04975e-12
-4.24911e-14
-4.06471e-14
-4.0652e-14
-4.0652e-14
-4.0652e-14
-4.0652e-14
-4.0652e-14
-4.0652e-14
-4.0652e-14
-4.0652e-14
-4.0652e-14
-4.0652e-14
-4.0652e-14
-4.0652e-14
-4.0652e-14
-4.0652e-14
-4.0652e-14
-4.0652e-14
-4.0652e-14
-4.0652e-14
-4.0652e-14
-4.0652e-14
-4.0652e-14
-4.0652e-14
-4.0652e-14
-4.0652e-14
-4.0652e-14
-4.0652e-14
-5.2908e-11
-8.8679e-12
-2.65461e-14
-4.06516e-14
-4.0652e-14
-4.0652e-14
-4.0652e-14
-4.0652e-14
-4.0652e-14
-4.0652e-14
-4.0652e-14
-4.0652e-14
-4.0652e-14
-4.0652e-14
-4.0652e-14
-4.0652e-14
-4.0652e-14
-4.0652e-14
-4.0652e-14
-4.0652e-14
-4.0652e-14
-4.0652e-14
-4.0652e-14
-4.0652e-14
-4.0652e-14
-4.0652e-14
-4.0652e-14
-4.0652e-14
-4.0652e-14
-4.0652e-14
-4.22027e-11
-7.45976e-12
-3.28998e-14
-4.0652e-14
-4.0652e-14
-4.0652e-14
-4.0652e-14
-4.0652e-14
-4.0652e-14
-4.0652e-14
-4.0652e-14
-4.0652e-14
-4.0652e-14
-4.0652e-14
-4.0652e-14
-4.0652e-14
-4.0652e-14
-4.0652e-14
-4.0652e-14
-4.0652e-14
-4.0652e-14
-4.0652e-14
-4.0652e-14
-4.0652e-14
-4.0652e-14
-4.0652e-14
-4.0652e-14
-4.0652e-14
-4.0652e-14
-4.0652e-14
-4.48815e-11
-8.45759e-12
-3.92582e-14
-4.0652e-14
-4.0652e-14
-4.0652e-14
-4.0652e-14
-4.0652e-14
-4.0652e-14
-4.0652e-14
-4.0652e-14
-4.0652e-14
-4.0652e-14
-4.0652e-14
-4.0652e-14
-4.0652e-14
-4.0652e-14
-4.0652e-14
-4.0652e-14
-4.0652e-14
-4.0652e-14
-4.0652e-14
-4.0652e-14
-4.0652e-14
-4.0652e-14
-4.0652e-14
-4.0652e-14
-4.0652e-14
-4.0652e-14
-4.0652e-14
-3.52309e-11
-8.93788e-12
-3.74502e-14
-4.0652e-14
-4.0652e-14
-4.0652e-14
-4.0652e-14
-4.0652e-14
-4.0652e-14
-4.0652e-14
-4.0652e-14
-4.0652e-14
-4.0652e-14
-4.0652e-14
-4.0652e-14
-4.0652e-14
-4.0652e-14
-4.0652e-14
-4.0652e-14
-4.0652e-14
-4.0652e-14
-4.0652e-14
-4.0652e-14
-4.0652e-14
-4.0652e-14
-4.0652e-14
-4.0652e-14
-4.0652e-14
-4.0652e-14
-4.0652e-14
-3.00695e-11
-7.23006e-12
-2.15967e-12
-2.98197e-14
-4.06518e-14
-4.0652e-14
-4.0652e-14
-4.0652e-14
-4.0652e-14
-4.0652e-14
-4.0652e-14
-4.0652e-14
-4.0652e-14
-4.0652e-14
-4.0652e-14
-4.0652e-14
-4.0652e-14
-4.0652e-14
-4.0652e-14
-4.0652e-14
-4.0652e-14
-4.0652e-14
-4.0652e-14
-4.0652e-14
-4.0652e-14
-4.0652e-14
-4.0652e-14
-4.0652e-14
-4.0652e-14
-4.0652e-14
-2.68986e-11
-6.48696e-12
-3.28589e-12
-2.309e-12
-2.77522e-14
-4.06515e-14
-4.0652e-14
-4.0652e-14
-4.0652e-14
-4.0652e-14
-4.0652e-14
-4.0652e-14
-4.0652e-14
-4.0652e-14
-4.0652e-14
-4.0652e-14
-4.0652e-14
-4.0652e-14
-4.0652e-14
-4.0652e-14
-4.0652e-14
-4.0652e-14
-4.0652e-14
-4.0652e-14
-4.0652e-14
-4.0652e-14
-4.0652e-14
-4.0652e-14
-4.0652e-14
-4.0652e-14
-2.97644e-11
-7.80038e-12
-4.58068e-12
-3.7628e-12
-4.62774e-13
-4.05456e-14
-4.0652e-14
-4.0652e-14
-4.0652e-14
-4.0652e-14
-4.0652e-14
-4.0652e-14
-4.0652e-14
-4.0652e-14
-4.0652e-14
-4.0652e-14
-4.0652e-14
-4.0652e-14
-4.0652e-14
-4.0652e-14
-4.0652e-14
-4.0652e-14
-4.0652e-14
-4.0652e-14
-4.0652e-14
-4.0652e-14
-4.0652e-14
-4.0652e-14
-4.0652e-14
-4.0652e-14
-3.34012e-11
-9.90784e-12
-5.97576e-12
-5.5089e-12
-2.66186e-12
-3.81973e-14
-4.0652e-14
-4.0652e-14
-4.0652e-14
-4.0652e-14
-4.0652e-14
-4.0652e-14
-4.0652e-14
-4.0652e-14
-4.0652e-14
-4.0652e-14
-4.0652e-14
-4.0652e-14
-4.0652e-14
-4.0652e-14
-4.0652e-14
-4.0652e-14
-4.0652e-14
-4.0652e-14
-4.0652e-14
-4.0652e-14
-4.0652e-14
-4.0652e-14
-4.0652e-14
-4.0652e-14
-5.0596e-11
-1.76765e-11
-1.0502e-11
-7.54785e-12
-6.09796e-12
-2.72577e-14
-4.0652e-14
-4.0652e-14
-4.0652e-14
-4.0652e-14
-4.0652e-14
-4.0652e-14
-4.0652e-14
-4.0652e-14
-4.06519e-14
-4.06517e-14
-4.06426e-14
-4.00529e-14
-3.91116e-14
-3.72029e-14
-3.61235e-14
-3.39017e-14
-3.37488e-14
-3.23736e-14
-3.46719e-14
-3.65078e-14
-3.81563e-14
-3.94147e-14
-4.01399e-14
-4.05294e-14
-4.34996e-11
-2.2856e-11
-1.56857e-11
-1.2161e-11
-9.84027e-12
-7.53787e-12
-5.08879e-14
-3.84304e-14
-3.49479e-14
-3.2777e-14
-3.09956e-14
-2.94722e-14
-2.79416e-14
-2.69902e-14
-2.64718e-14
-3.11159e-14
-5.12226e-13
-2.0054e-12
-2.65913e-12
-3.07096e-12
-3.44407e-12
-3.81978e-12
-4.17473e-12
-4.49377e-12
-4.77772e-12
-5.0489e-12
-5.3012e-12
-5.42418e-12
-5.44815e-12
-5.37488e-12
-1.88611e-11
-1.5618e-11
-1.2509e-11
-1.20018e-11
-9.85879e-12
-9.47241e-12
-5.95157e-12
-5.67739e-12
-6.05619e-12
-6.43202e-12
-6.72906e-12
-6.96852e-12
-7.14634e-12
-7.27681e-12
-7.37128e-12
-7.61449e-12
-8.23711e-12
-8.88407e-12
-9.30359e-12
-9.53871e-12
-9.69813e-12
-9.87293e-12
-1.00154e-11
-1.00752e-11
-9.96472e-12
-9.83431e-12
-9.83192e-12
-9.71164e-12
-9.57164e-12
-9.43186e-12
-1.48204e-11
-1.35778e-11
-1.30565e-11
-1.27355e-11
-1.19795e-11
-1.14194e-11
-1.13371e-11
-1.11634e-11
-1.15215e-11
-1.19231e-11
-1.21495e-11
-1.22594e-11
-1.22738e-11
-1.23751e-11
-1.23428e-11
-1.23945e-11
-1.2149e-11
-1.1969e-11
-1.18778e-11
-1.17781e-11
-1.15313e-11
-1.12952e-11
-1.0988e-11
-1.06999e-11
-9.99105e-12
-9.30604e-12
-8.71852e-12
-8.22454e-12
-7.9254e-12
-7.87169e-12
-1.49589e-11
-1.61219e-11
-1.71389e-11
-1.69302e-11
-1.68068e-11
-1.6441e-11
-1.67904e-11
-1.64569e-11
-1.61654e-11
-1.5682e-11
-1.51223e-11
-1.43425e-11
-1.36277e-11
-1.33117e-11
-1.27844e-11
-1.23424e-11
-1.19042e-11
-1.15725e-11
-1.12697e-11
-1.10192e-11
-1.04975e-11
-9.87661e-12
-8.98685e-12
-8.38629e-12
-7.45568e-12
-6.79789e-12
-5.19836e-12
-4.33389e-12
-4.21752e-12
-4.17132e-12
-2.1577e-11
-2.39423e-11
-2.26006e-11
-2.08754e-11
-1.97948e-11
-1.88484e-11
-1.83001e-11
-1.72512e-11
-1.61564e-11
-1.45916e-11
-1.34772e-11
-1.18831e-11
-1.06491e-11
-9.84219e-12
-9.00379e-12
-8.60792e-12
-8.33452e-12
-8.12225e-12
-7.89119e-12
-7.74869e-12
-7.34552e-12
-6.75562e-12
-5.44832e-12
-4.20782e-12
-3.7234e-12
-4.32112e-12
-1.03222e-12
-4.02811e-14
-3.98671e-14
-4.0652e-14
-1.79039e-11
-1.74782e-11
-1.68199e-11
-1.72697e-11
-1.7052e-11
-1.68217e-11
-1.64135e-11
-1.54185e-11
-1.36495e-11
-1.13001e-11
-9.97975e-12
-8.20564e-12
-7.40951e-12
-5.101e-12
-4.59715e-12
-4.5335e-12
-4.4499e-12
-4.36735e-12
-4.24299e-12
-4.29021e-12
-4.07894e-12
-4.35561e-12
-2.53613e-12
-3.88888e-14
-4.0652e-14
-4.0652e-14
-4.0652e-14
-4.0652e-14
-4.0652e-14
-4.0652e-14
-1.87883e-11
-1.93385e-11
-1.86776e-11
-1.98205e-11
-1.83219e-11
-1.80127e-11
-1.66089e-11
-1.4404e-11
-1.0776e-11
-7.86282e-12
-5.33596e-12
-4.52328e-12
-5.54894e-12
-1.0341e-13
-3.31427e-14
-3.58186e-14
-3.79668e-14
-3.96225e-14
-4.02872e-14
-4.05757e-14
-4.06489e-14
-4.0652e-14
-4.0652e-14
-4.0652e-14
-4.0652e-14
-4.0652e-14
-4.0652e-14
-4.0652e-14
-4.0652e-14
-4.0652e-14
-1.91529e-11
-1.8693e-11
-1.78618e-11
-1.85755e-11
-1.6369e-11
-1.70739e-11
-1.43455e-11
-1.04419e-11
-5.61244e-12
-4.16236e-12
-3.62011e-14
-4.0652e-14
-4.0652e-14
-4.0652e-14
-4.0652e-14
-4.0652e-14
-4.0652e-14
-4.0652e-14
-4.0652e-14
-4.0652e-14
-4.0652e-14
-4.0652e-14
-4.0652e-14
-4.0652e-14
-4.0652e-14
-4.0652e-14
-4.0652e-14
-4.0652e-14
-4.0652e-14
-4.0652e-14
-1.93466e-11
-1.88505e-11
-1.89367e-11
-1.89731e-11
-1.71428e-11
-1.8016e-11
-1.20834e-11
-6.33583e-12
-1.72088e-13
-4.06478e-14
-4.0652e-14
-4.0652e-14
-4.0652e-14
-4.0652e-14
-4.0652e-14
-4.0652e-14
-4.0652e-14
-4.0652e-14
-4.0652e-14
-4.0652e-14
-4.0652e-14
-4.0652e-14
-4.0652e-14
-4.0652e-14
-4.0652e-14
-4.0652e-14
-4.0652e-14
-4.0652e-14
-4.0652e-14
-4.0652e-14
-1.94824e-11
-1.91707e-11
-1.95228e-11
-1.84859e-11
-1.77576e-11
-1.65434e-11
-7.26598e-12
-6.63185e-14
-4.06514e-14
-4.0652e-14
-4.0652e-14
-4.0652e-14
-4.0652e-14
-4.0652e-14
-4.0652e-14
-4.0652e-14
-4.0652e-14
-4.0652e-14
-4.0652e-14
-4.0652e-14
-4.0652e-14
-4.0652e-14
-4.0652e-14
-4.0652e-14
-4.0652e-14
-4.0652e-14
-4.0652e-14
-4.0652e-14
-4.0652e-14
-4.0652e-14
-1.95406e-11
-1.96119e-11
-1.97869e-11
-1.89366e-11
-1.90788e-11
-1.46554e-11
-2.33436e-12
-4.03782e-14
-4.0652e-14
-4.0652e-14
-4.0652e-14
-4.0652e-14
-4.0652e-14
-4.0652e-14
-4.0652e-14
-4.0652e-14
-4.0652e-14
-4.0652e-14
-4.0652e-14
-4.0652e-14
-4.0652e-14
-4.0652e-14
-4.0652e-14
-4.0652e-14
-4.0652e-14
-4.0652e-14
-4.0652e-14
-4.0652e-14
-4.0652e-14
-4.0652e-14
-1.96157e-11
-1.99907e-11
-1.99426e-11
-1.9719e-11
-1.88843e-11
-1.04214e-11
-2.93858e-14
-4.0652e-14
-4.0652e-14
-4.0652e-14
-4.0652e-14
-4.0652e-14
-4.0652e-14
-4.0652e-14
-4.0652e-14
-4.0652e-14
-4.0652e-14
-4.0652e-14
-4.0652e-14
-4.0652e-14
-4.0652e-14
-4.0652e-14
-4.0652e-14
-4.0652e-14
-4.0652e-14
-4.0652e-14
-4.0652e-14
-4.0652e-14
-4.0652e-14
-4.0652e-14
-1.96996e-11
-2.02452e-11
-2.00978e-11
-2.02698e-11
-1.68859e-11
-9.32951e-12
-3.36364e-14
-4.0652e-14
-4.0652e-14
-4.0652e-14
-4.0652e-14
-4.0652e-14
-4.0652e-14
-4.0652e-14
-4.0652e-14
-4.0652e-14
-4.0652e-14
-4.0652e-14
-4.0652e-14
-4.0652e-14
-4.0652e-14
-4.0652e-14
-4.0652e-14
-4.0652e-14
-4.0652e-14
-4.0652e-14
-4.0652e-14
-4.0652e-14
-4.0652e-14
-4.0652e-14
-1.98697e-11
-2.01683e-11
-2.05775e-11
-1.94106e-11
-1.64682e-11
-8.89879e-12
-3.54201e-14
-4.0652e-14
-4.0652e-14
-4.0652e-14
-4.0652e-14
-4.0652e-14
-4.0652e-14
-4.0652e-14
-4.0652e-14
-4.0652e-14
-4.0652e-14
-4.0652e-14
-4.0652e-14
-4.0652e-14
-4.0652e-14
-4.0652e-14
-4.0652e-14
-4.0652e-14
-4.0652e-14
-4.0652e-14
-4.0652e-14
-4.0652e-14
-4.0652e-14
-4.0652e-14
)
;

boundaryField
{
    inlet1
    {
        type            calculated;
        value           uniform -5e-10;
    }
    inlet2
    {
        type            calculated;
        value           nonuniform List<scalar> 10(-3.52309e-11 -3.00695e-11 -2.68986e-11 -2.97644e-11 -3.34012e-11 -5.0596e-11 -4.34996e-11 -1.88611e-11 -1.48204e-11 -1.49589e-11);
    }
    inlet3
    {
        type            calculated;
        value           uniform -1.95111e-11;
    }
    output1
    {
        type            calculated;
        value           nonuniform List<scalar> 10(-4.0652e-14 -4.0652e-14 -4.0652e-14 -4.0652e-14 -4.0652e-14 -4.0652e-14 -4.0652e-14 -4.0652e-14 -4.0652e-14 -4.0652e-14);
    }
    output2
    {
        type            calculated;
        value           nonuniform List<scalar> 10(-4.0652e-14 -4.0652e-14 -4.0652e-14 -4.0652e-14 -4.0652e-14 -4.05294e-14 -5.37488e-12 -9.43186e-12 -7.87169e-12 -4.17132e-12);
    }
    output3
    {
        type            calculated;
        value           nonuniform List<scalar> 10(-4.0652e-14 -4.0652e-14 -4.0652e-14 -4.0652e-14 -4.0652e-14 -4.0652e-14 -4.0652e-14 -4.0652e-14 -4.0652e-14 -4.0652e-14);
    }
    up
    {
        type            calculated;
        value           nonuniform List<scalar> 
30
(
-1.98697e-11
-2.01683e-11
-2.05775e-11
-1.94106e-11
-1.64682e-11
-8.89879e-12
-3.54201e-14
-4.0652e-14
-4.0652e-14
-4.0652e-14
-4.0652e-14
-4.0652e-14
-4.0652e-14
-4.0652e-14
-4.0652e-14
-4.0652e-14
-4.0652e-14
-4.0652e-14
-4.0652e-14
-4.0652e-14
-4.0652e-14
-4.0652e-14
-4.0652e-14
-4.0652e-14
-4.0652e-14
-4.0652e-14
-4.0652e-14
-4.0652e-14
-4.0652e-14
-4.0652e-14
)
;
    }
    down
    {
        type            calculated;
        value           nonuniform List<scalar> 
30
(
-5.22834e-11
-9.70586e-12
-8.16227e-12
-2.73892e-14
-4.06513e-14
-4.0652e-14
-4.0652e-14
-4.0652e-14
-4.0652e-14
-4.0652e-14
-4.0652e-14
-4.0652e-14
-4.0652e-14
-4.0652e-14
-4.0652e-14
-4.0652e-14
-4.0652e-14
-4.0652e-14
-4.0652e-14
-4.0652e-14
-4.0652e-14
-4.0652e-14
-4.0652e-14
-4.0652e-14
-4.0652e-14
-4.0652e-14
-4.0652e-14
-4.0652e-14
-4.0652e-14
-4.0652e-14
)
;
    }
    emptyWalls
    {
        type            empty;
    }
}


// ************************************************************************* //
