/*--------------------------------*- C++ -*----------------------------------*\
  =========                 |
  \\      /  F ield         | OpenFOAM: The Open Source CFD Toolbox
   \\    /   O peration     | Website:  https://openfoam.org
    \\  /    A nd           | Version:  9
     \\/     M anipulation  |
\*---------------------------------------------------------------------------*/
FoamFile
{
    format      ascii;
    class       volScalarField;
    location    "3500";
    object      p;
}
// * * * * * * * * * * * * * * * * * * * * * * * * * * * * * * * * * * * * * //

dimensions      [0 0 0 0 0 0 0];

internalField   nonuniform List<scalar> 
900
(
5.85924e+07
5.85841e+07
5.85672e+07
5.85505e+07
5.65507e+07
5.48785e+07
5.32137e+07
5.1559e+07
4.9914e+07
4.82775e+07
4.66481e+07
4.50252e+07
4.3409e+07
4.18009e+07
4.02035e+07
3.86204e+07
3.70564e+07
3.55178e+07
3.4012e+07
3.25482e+07
3.1137e+07
2.97911e+07
2.85249e+07
2.73546e+07
2.62985e+07
2.53757e+07
2.46059e+07
2.40083e+07
2.35992e+07
2.33914e+07
5.85803e+07
5.85733e+07
5.85566e+07
5.85383e+07
5.65494e+07
5.48711e+07
5.32037e+07
5.15491e+07
4.99056e+07
4.82704e+07
4.66417e+07
4.50184e+07
4.34008e+07
4.17903e+07
4.01892e+07
3.86012e+07
3.70311e+07
3.54849e+07
3.39701e+07
3.24955e+07
3.10718e+07
2.97114e+07
2.84288e+07
2.72406e+07
2.61651e+07
2.52226e+07
2.44339e+07
2.38196e+07
2.33981e+07
2.31835e+07
5.8556e+07
5.85486e+07
5.85342e+07
5.85141e+07
5.65507e+07
5.48529e+07
5.31808e+07
5.15284e+07
4.98887e+07
4.82569e+07
4.66297e+07
4.5006e+07
4.33857e+07
4.17701e+07
4.01617e+07
3.85641e+07
3.69818e+07
3.54207e+07
3.38878e+07
3.23919e+07
3.09432e+07
2.95539e+07
2.82384e+07
2.70136e+07
2.58988e+07
2.49156e+07
2.40873e+07
2.3438e+07
2.299e+07
2.2761e+07
5.85144e+07
5.85092e+07
5.85025e+07
5.84766e+07
5.65331e+07
5.4809e+07
5.31382e+07
5.14948e+07
4.98641e+07
4.82386e+07
4.66144e+07
4.49901e+07
4.33657e+07
4.17427e+07
4.01236e+07
3.85116e+07
3.69113e+07
3.53281e+07
3.37687e+07
3.22411e+07
3.07551e+07
2.93225e+07
2.79574e+07
2.66767e+07
2.55008e+07
2.44535e+07
2.35618e+07
2.28552e+07
2.23629e+07
2.21094e+07
5.8455e+07
5.84509e+07
5.84548e+07
5.83196e+07
5.64191e+07
5.47117e+07
5.30685e+07
5.14484e+07
4.98344e+07
4.82191e+07
4.65992e+07
4.49741e+07
4.33444e+07
4.17115e+07
4.00781e+07
3.84475e+07
3.68237e+07
3.52117e+07
3.36176e+07
3.20486e+07
3.05137e+07
2.90236e+07
2.75918e+07
2.6235e+07
2.49743e+07
2.38358e+07
2.28513e+07
2.20582e+07
2.14968e+07
2.12044e+07
5.8377e+07
5.83718e+07
5.83699e+07
5.77123e+07
5.61279e+07
5.45502e+07
5.29755e+07
5.13958e+07
4.9806e+07
4.8204e+07
4.65893e+07
4.49629e+07
4.3326e+07
4.16809e+07
4.003e+07
3.83765e+07
3.67242e+07
3.50774e+07
3.34413e+07
3.18221e+07
3.02273e+07
2.86663e+07
2.71511e+07
2.56973e+07
2.43256e+07
2.3064e+07
2.19493e+07
2.10293e+07
2.03619e+07
2.00069e+07
5.82828e+07
5.82746e+07
5.82649e+07
5.71771e+07
5.58309e+07
5.43857e+07
5.28876e+07
5.13533e+07
4.97898e+07
4.82014e+07
4.65913e+07
4.4962e+07
4.3316e+07
4.16559e+07
3.99843e+07
3.83043e+07
3.66191e+07
3.49324e+07
3.32482e+07
3.15712e+07
2.99072e+07
2.82633e+07
2.66489e+07
2.50773e+07
2.3567e+07
2.21453e+07
2.08524e+07
1.97478e+07
1.89145e+07
1.84543e+07
5.81707e+07
5.81635e+07
5.81538e+07
5.68759e+07
5.56329e+07
5.4274e+07
5.28361e+07
5.13399e+07
4.97985e+07
4.82207e+07
4.66123e+07
4.49777e+07
4.33201e+07
4.16424e+07
3.99472e+07
3.82373e+07
3.65156e+07
3.47848e+07
3.30478e+07
3.13074e+07
2.9567e+07
2.78306e+07
2.6104e+07
2.43959e+07
2.27197e+07
2.10976e+07
1.95674e+07
1.8195e+07
1.70939e+07
1.64417e+07
5.80372e+07
5.80265e+07
5.80138e+07
5.67617e+07
5.55507e+07
5.42413e+07
5.28427e+07
5.13717e+07
4.98437e+07
4.82704e+07
4.66597e+07
4.50165e+07
4.33444e+07
4.16463e+07
3.99247e+07
3.81821e+07
3.64211e+07
3.46435e+07
3.28507e+07
3.10436e+07
2.92226e+07
2.7388e+07
2.55407e+07
2.36826e+07
2.18183e+07
1.99581e+07
1.81246e+07
1.6371e+07
1.48242e+07
1.37769e+07
5.78746e+07
5.78588e+07
5.78473e+07
5.67259e+07
5.5567e+07
5.42978e+07
5.29218e+07
5.14603e+07
4.99342e+07
4.83577e+07
4.67394e+07
4.5084e+07
4.33947e+07
4.16736e+07
3.99231e+07
3.81455e+07
3.63431e+07
3.45172e+07
3.2668e+07
3.07938e+07
2.88918e+07
2.69582e+07
2.4988e+07
2.29754e+07
2.0913e+07
1.87917e+07
1.66017e+07
1.43403e+07
1.20551e+07
1.00647e+07
5.76833e+07
5.76625e+07
5.75873e+07
5.67466e+07
5.56937e+07
5.44612e+07
5.30861e+07
5.16137e+07
5.0075e+07
4.84867e+07
4.6856e+07
4.51857e+07
4.34767e+07
4.17304e+07
3.99485e+07
3.81336e+07
3.62885e+07
3.44144e+07
3.25102e+07
3.05717e+07
2.85927e+07
2.65649e+07
2.44779e+07
2.2318e+07
2.00665e+07
1.76941e+07
1.51504e+07
1.23332e+07
8.99128e+06
4.36209e+06
5.74627e+07
5.74364e+07
5.73006e+07
5.70537e+07
5.59998e+07
5.4767e+07
5.3348e+07
5.18332e+07
5.02655e+07
4.86582e+07
4.70124e+07
4.53258e+07
4.35961e+07
4.18227e+07
4.00069e+07
3.81521e+07
3.62628e+07
3.43416e+07
3.23865e+07
3.03902e+07
2.83423e+07
2.62307e+07
2.40404e+07
2.17524e+07
1.93408e+07
1.67677e+07
1.39726e+07
1.08508e+07
7.21468e+06
2.75448e+06
5.7227e+07
5.71912e+07
5.70502e+07
5.68635e+07
5.67432e+07
5.52592e+07
5.37054e+07
5.21057e+07
5.04957e+07
4.88681e+07
4.72096e+07
4.5509e+07
4.37593e+07
4.19573e+07
4.01042e+07
3.82052e+07
3.62689e+07
3.43028e+07
3.23042e+07
3.02602e+07
2.81557e+07
2.59752e+07
2.37007e+07
2.13104e+07
1.87766e+07
1.60633e+07
1.31213e+07
9.88281e+06
6.26214e+06
2.19563e+06
5.70112e+07
5.69687e+07
5.68344e+07
5.66645e+07
5.64808e+07
5.60577e+07
5.41088e+07
5.23884e+07
5.07434e+07
4.91089e+07
4.74488e+07
4.57414e+07
4.39746e+07
4.21431e+07
4.02475e+07
3.82954e+07
3.63047e+07
3.42966e+07
3.22672e+07
3.01905e+07
2.80452e+07
2.58137e+07
2.34769e+07
2.10118e+07
1.83918e+07
1.55875e+07
1.25667e+07
9.29694e+06
5.75542e+06
1.96156e+06
5.68429e+07
5.67928e+07
5.66504e+07
5.64651e+07
5.62592e+07
5.61865e+07
5.42861e+07
5.25959e+07
5.09807e+07
4.93753e+07
4.77352e+07
4.60332e+07
4.42546e+07
4.2393e+07
4.04473e+07
3.84243e+07
3.63581e+07
3.43114e+07
3.22777e+07
3.01894e+07
2.8021e+07
2.57574e+07
2.33813e+07
2.08682e+07
1.81915e+07
1.53279e+07
1.22612e+07
8.9828e+06
5.50105e+06
1.85674e+06
5.67422e+07
5.66831e+07
5.65243e+07
5.62895e+07
5.60106e+07
5.56287e+07
5.43106e+07
5.27282e+07
5.12082e+07
4.96764e+07
4.80834e+07
4.64017e+07
4.46177e+07
4.2727e+07
4.07244e+07
3.85964e+07
3.63918e+07
3.43135e+07
3.23439e+07
3.0272e+07
2.8096e+07
2.58188e+07
2.34264e+07
2.08903e+07
1.81771e+07
1.52685e+07
1.21644e+07
8.87029e+06
5.40861e+06
1.82105e+06
5.66951e+07
5.66194e+07
5.6436e+07
5.61511e+07
5.57819e+07
5.53265e+07
5.47599e+07
5.28002e+07
5.14655e+07
5.00775e+07
4.85792e+07
4.69475e+07
4.51745e+07
4.3263e+07
4.12119e+07
3.88777e+07
3.63759e+07
3.43078e+07
3.23467e+07
3.02745e+07
2.80977e+07
2.58206e+07
2.34286e+07
2.08938e+07
1.81821e+07
1.52725e+07
1.21675e+07
8.87227e+06
5.4098e+06
1.82158e+06
5.67046e+07
5.66055e+07
5.63846e+07
5.60459e+07
5.55864e+07
5.49796e+07
5.40795e+07
5.27877e+07
5.1468e+07
5.00823e+07
4.85849e+07
4.69534e+07
4.51802e+07
4.32686e+07
4.12197e+07
3.90406e+07
3.68147e+07
3.46686e+07
3.25752e+07
3.04582e+07
2.82776e+07
2.60097e+07
2.36302e+07
2.11124e+07
1.84178e+07
1.5512e+07
1.23803e+07
9.02516e+06
5.48949e+06
1.84392e+06
5.68237e+07
5.66831e+07
5.64095e+07
5.60137e+07
5.54872e+07
5.48003e+07
5.39092e+07
5.28109e+07
5.15725e+07
5.02148e+07
4.87269e+07
4.70949e+07
4.53134e+07
4.33949e+07
4.13566e+07
3.92342e+07
3.70745e+07
3.49208e+07
3.279e+07
3.06635e+07
2.85037e+07
2.62708e+07
2.39215e+07
2.14302e+07
1.87689e+07
1.59101e+07
1.27687e+07
9.29953e+06
5.62074e+06
1.87963e+06
5.70926e+07
5.687e+07
5.65275e+07
5.60814e+07
5.55183e+07
5.48167e+07
5.39621e+07
5.29475e+07
5.17738e+07
5.04475e+07
4.89724e+07
4.73426e+07
4.55516e+07
4.36118e+07
4.15485e+07
3.94112e+07
3.72505e+07
3.50964e+07
3.29644e+07
3.08572e+07
2.87499e+07
2.65971e+07
2.4312e+07
2.18302e+07
1.91762e+07
1.64739e+07
1.34414e+07
9.74188e+06
5.78402e+06
1.93799e+06
5.7501e+07
5.71204e+07
5.6713e+07
5.62348e+07
5.56609e+07
5.49735e+07
5.41566e+07
5.31946e+07
5.20683e+07
5.07653e+07
4.92969e+07
4.76731e+07
4.58948e+07
4.39211e+07
4.17633e+07
3.95574e+07
3.73697e+07
3.52112e+07
3.30848e+07
3.10059e+07
2.89711e+07
2.69672e+07
2.4853e+07
2.23513e+07
1.94963e+07
1.70981e+07
1.47649e+07
1.06874e+07
5.87819e+06
2.12201e+06
5.78551e+07
5.74021e+07
5.69462e+07
5.64539e+07
5.58901e+07
5.52348e+07
5.4464e+07
5.35543e+07
5.24696e+07
5.11815e+07
4.96909e+07
4.8049e+07
4.63769e+07
4.44154e+07
4.19737e+07
3.96549e+07
3.74377e+07
3.52745e+07
3.31481e+07
3.10883e+07
2.91014e+07
2.73e+07
2.56251e+07
2.35403e+07
1.95571e+07
1.71297e+07
1.48854e+07
1.25205e+07
9.82778e+06
7.93509e+06
5.81751e+07
5.77084e+07
5.72375e+07
5.67484e+07
5.62094e+07
5.56005e+07
5.48883e+07
5.40349e+07
5.29839e+07
5.17219e+07
5.01731e+07
4.83476e+07
4.69276e+07
4.56694e+07
4.20502e+07
3.96611e+07
3.74428e+07
3.52807e+07
3.31566e+07
3.10981e+07
2.91148e+07
2.73105e+07
2.56216e+07
2.35089e+07
2.09007e+07
1.86432e+07
1.65962e+07
1.46729e+07
1.29393e+07
1.18555e+07
5.8472e+07
5.80078e+07
5.75457e+07
5.70781e+07
5.65799e+07
5.60359e+07
5.53995e+07
5.46113e+07
5.35711e+07
5.23271e+07
5.10926e+07
4.8371e+07
4.69179e+07
4.50337e+07
4.2387e+07
4.00126e+07
3.77871e+07
3.56456e+07
3.35675e+07
3.15558e+07
2.96171e+07
2.77629e+07
2.59341e+07
2.39738e+07
2.18937e+07
1.99462e+07
1.81833e+07
1.66356e+07
1.54009e+07
1.46921e+07
5.87463e+07
5.82933e+07
5.78556e+07
5.74253e+07
5.69867e+07
5.65225e+07
5.59809e+07
5.5296e+07
5.44495e+07
5.23988e+07
5.06452e+07
4.85625e+07
4.66814e+07
4.46698e+07
4.24204e+07
4.01945e+07
3.8036e+07
3.59424e+07
3.391e+07
3.19401e+07
3.00347e+07
2.819e+07
2.63782e+07
2.45584e+07
2.27541e+07
2.10644e+07
1.95554e+07
1.82853e+07
1.73365e+07
1.682e+07
5.89936e+07
5.8555e+07
5.81463e+07
5.77605e+07
5.73913e+07
5.70161e+07
5.65845e+07
5.59805e+07
5.44869e+07
5.24895e+07
5.05514e+07
4.85526e+07
4.65752e+07
4.45439e+07
4.24301e+07
4.03089e+07
3.82199e+07
3.6178e+07
3.41899e+07
3.22601e+07
3.03917e+07
2.8584e+07
2.68303e+07
2.51274e+07
2.35e+07
2.20021e+07
2.06883e+07
1.96137e+07
1.88399e+07
1.84313e+07
5.92059e+07
5.8782e+07
5.84016e+07
5.80618e+07
5.77605e+07
5.74798e+07
5.71917e+07
5.70367e+07
5.46169e+07
5.25212e+07
5.05182e+07
4.85213e+07
4.6523e+07
4.45003e+07
4.24473e+07
4.03912e+07
3.83567e+07
3.63599e+07
3.44113e+07
3.25187e+07
3.0688e+07
2.89241e+07
2.72317e+07
2.56211e+07
2.41163e+07
2.27556e+07
2.15822e+07
2.06412e+07
1.99781e+07
1.9634e+07
5.93748e+07
5.89638e+07
5.86082e+07
5.83093e+07
5.80666e+07
5.78744e+07
5.77426e+07
5.63053e+07
5.44312e+07
5.246e+07
5.0479e+07
4.84912e+07
4.64954e+07
4.44868e+07
4.24677e+07
4.04519e+07
3.84558e+07
3.64937e+07
3.45769e+07
3.27152e+07
3.09175e+07
2.91926e+07
2.75512e+07
2.60088e+07
2.45887e+07
2.33219e+07
2.22437e+07
2.13907e+07
2.07975e+07
2.04926e+07
5.94924e+07
5.9091e+07
5.87547e+07
5.84865e+07
5.82868e+07
5.816e+07
5.8143e+07
5.62123e+07
5.43424e+07
5.24086e+07
5.04466e+07
4.8469e+07
4.64807e+07
4.4484e+07
4.24846e+07
4.04927e+07
3.8521e+07
3.6582e+07
3.46874e+07
3.28478e+07
3.10741e+07
2.93775e+07
2.77718e+07
2.62743e+07
2.49077e+07
2.36995e+07
2.26801e+07
2.18804e+07
2.13284e+07
2.10463e+07
5.95529e+07
5.91564e+07
5.88317e+07
5.85791e+07
5.84001e+07
5.82959e+07
5.82774e+07
5.62251e+07
5.43176e+07
5.23854e+07
5.04299e+07
4.84577e+07
4.64741e+07
4.44841e+07
4.2494e+07
4.05134e+07
3.85535e+07
3.66261e+07
3.47427e+07
3.29147e+07
3.11535e+07
2.94717e+07
2.78841e+07
2.64089e+07
2.50683e+07
2.38882e+07
2.28968e+07
2.21222e+07
2.15895e+07
2.13179e+07
)
;

boundaryField
{
    inlet1
    {
        type            fixedGradient;
        gradient        uniform 20000;
    }
    inlet2
    {
        type            zeroGradient;
    }
    inlet3
    {
        type            fixedGradient;
        gradient        uniform 4.68141e+06;
    }
    output1
    {
        type            zeroGradient;
    }
    output2
    {
        type            fixedValue;
        value           uniform 0;
    }
    output3
    {
        type            zeroGradient;
    }
    up
    {
        type            zeroGradient;
    }
    down
    {
        type            zeroGradient;
    }
    emptyWalls
    {
        type            empty;
    }
}


// ************************************************************************* //
