/*--------------------------------*- C++ -*----------------------------------*\
  =========                 |
  \\      /  F ield         | OpenFOAM: The Open Source CFD Toolbox
   \\    /   O peration     | Website:  https://openfoam.org
    \\  /    A nd           | Version:  9
     \\/     M anipulation  |
\*---------------------------------------------------------------------------*/
FoamFile
{
    format      ascii;
    class       surfaceScalarField;
    location    "3500";
    object      phi;
}
// * * * * * * * * * * * * * * * * * * * * * * * * * * * * * * * * * * * * * //

dimensions      [0 3 -1 0 0 0 0];

internalField   nonuniform List<scalar> 
1740
(
1.96194e-08
7.95318e-08
1.29655e-08
1.17345e-08
8.23013e-09
8.29947e-09
5.11253e-09
3.36883e-11
7.12319e-09
1.43466e-12
6.76507e-09
3.35649e-11
6.72716e-09
4.36489e-11
6.68843e-09
4.10638e-11
6.65407e-09
3.42616e-11
6.6245e-09
2.81867e-11
6.59731e-09
2.52281e-11
6.56876e-09
2.63733e-11
6.53454e-09
3.19682e-11
6.49011e-09
4.21344e-11
6.43074e-09
5.698e-11
6.35151e-09
7.66969e-11
6.24716e-09
1.01601e-10
6.11203e-09
1.32137e-10
5.93987e-09
1.68863e-10
5.72389e-09
2.124e-10
5.45679e-09
2.6334e-10
5.13096e-09
3.22102e-10
4.73888e-09
3.88713e-10
4.27393e-09
4.62507e-10
3.73138e-09
5.41742e-10
3.10984e-09
6.23208e-10
2.4128e-09
7.01934e-10
1.65005e-09
7.71271e-10
8.38207e-10
8.23612e-10
8.51952e-10
2.17716e-08
1.46923e-07
1.25874e-08
2.36693e-08
7.91261e-09
1.55785e-08
5.1242e-09
7.23273e-11
7.12719e-09
1.66303e-11
6.77633e-09
8.91977e-11
6.728e-09
9.99648e-11
6.68406e-09
8.63455e-11
6.64929e-09
6.78017e-11
6.62212e-09
5.32676e-11
6.59868e-09
4.63679e-11
6.57444e-09
4.83171e-11
6.54477e-09
5.93879e-11
6.50505e-09
7.96155e-11
6.45061e-09
1.09118e-10
6.37663e-09
1.48239e-10
6.27797e-09
1.976e-10
6.14905e-09
2.58114e-10
5.98368e-09
3.30944e-10
5.77502e-09
4.17421e-10
5.51553e-09
5.18879e-10
5.19719e-09
6.36375e-10
4.81176e-09
7.70267e-10
4.35153e-09
9.19599e-10
3.81038e-09
1.08129e-09
3.18533e-09
1.24918e-09
2.47852e-09
1.41328e-09
1.69912e-09
1.55955e-09
8.6456e-10
1.67124e-09
1.73224e-09
1.69118e-08
2.27346e-07
1.09507e-08
3.5367e-08
7.50999e-09
2.14332e-08
5.23009e-09
2.19612e-10
7.1457e-09
1.50259e-10
6.80351e-09
2.06649e-10
6.72444e-09
1.80676e-10
6.67054e-09
1.36563e-10
6.63694e-09
9.73472e-11
6.61603e-09
7.07312e-11
6.60086e-09
5.86757e-11
6.58558e-09
6.1155e-11
6.56508e-09
7.76656e-11
6.53474e-09
1.07834e-10
6.49005e-09
1.51648e-10
6.42644e-09
2.09546e-10
6.33906e-09
2.82452e-10
6.22253e-09
3.71776e-10
6.07079e-09
4.79376e-10
5.87695e-09
6.0746e-10
5.63313e-09
7.58375e-10
5.3305e-09
9.34248e-10
4.95944e-09
1.13638e-09
4.51006e-09
1.36434e-09
3.97327e-09
1.61462e-09
3.34259e-09
1.87895e-09
2.61682e-09
2.14244e-09
1.80333e-09
2.38242e-09
9.20875e-10
2.56958e-09
2.67354e-09
1.28705e-08
3.02978e-07
7.4734e-09
4.68791e-08
6.67364e-09
1.65341e-08
5.47537e-09
9.3638e-10
7.17752e-09
5.45427e-10
6.81837e-09
4.06477e-10
6.69571e-09
2.79543e-10
6.63672e-09
1.81902e-10
6.61192e-09
1.14315e-10
6.6042e-09
7.36541e-11
6.60319e-09
5.64649e-11
6.60194e-09
5.99714e-11
6.59526e-09
8.22905e-11
6.57878e-09
1.22405e-10
6.54841e-09
1.80085e-10
6.50005e-09
2.55834e-10
6.4293e-09
3.50873e-10
6.3312e-09
4.67148e-10
6.2e-09
6.07311e-10
6.02885e-09
7.74652e-10
5.80954e-09
9.72901e-10
5.53225e-09
1.20585e-09
5.18544e-09
1.47666e-09
4.756e-09
1.78674e-09
4.23006e-09
2.13389e-09
3.59494e-09
2.50954e-09
2.84284e-09
2.89509e-09
1.9765e-09
3.25809e-09
1.01558e-09
3.55113e-09
3.71878e-09
7.124e-09
3.96697e-07
4.54225e-09
5.91585e-08
6.52587e-09
5.23295e-09
5.70117e-09
1.92361e-09
7.07202e-09
1.00957e-09
6.72181e-09
5.94301e-10
6.60331e-09
3.49135e-10
6.56872e-09
1.97207e-10
6.56982e-09
1.04378e-10
6.5857e-09
5.31235e-11
6.60576e-09
3.35716e-11
6.62375e-09
3.99818e-11
6.63526e-09
6.91212e-11
6.63671e-09
1.19407e-10
6.62477e-09
1.90446e-10
6.59606e-09
2.82822e-10
6.54689e-09
3.98051e-10
6.47298e-09
5.38622e-10
6.36915e-09
7.0806e-10
6.2289e-09
9.10929e-10
6.04392e-09
1.15272e-09
5.80353e-09
1.43957e-09
5.49408e-09
1.77765e-09
5.09844e-09
2.17206e-09
4.59602e-09
2.62465e-09
3.96427e-09
3.13024e-09
3.18312e-09
3.67028e-09
2.24422e-09
4.20373e-09
1.16493e-09
4.65807e-09
4.93167e-09
1.141e-08
4.77358e-07
3.77103e-09
7.50107e-08
4.69806e-09
9.26813e-10
5.48966e-09
2.00978e-09
6.41747e-09
1.10093e-09
6.40961e-09
6.12039e-10
6.42703e-09
3.25503e-10
6.46506e-09
1.53433e-10
6.51294e-09
5.28807e-11
6.563e-09
9.01343e-13
6.61043e-09
-1.5278e-11
6.65203e-09
-2.7362e-12
6.68532e-09
3.48025e-11
6.70803e-09
9.56499e-11
6.7179e-09
1.79462e-10
6.71254e-09
2.86951e-10
6.68922e-09
4.19879e-10
6.64469e-09
5.8122e-10
6.57473e-09
7.75369e-10
6.47368e-09
1.00828e-09
6.3337e-09
1.28748e-09
6.14387e-09
1.62206e-09
5.88892e-09
2.02233e-09
5.54766e-09
2.49919e-09
5.09132e-09
3.0624e-09
4.48301e-09
3.7165e-09
3.68114e-09
4.45207e-09
2.65234e-09
5.22846e-09
1.39987e-09
5.94573e-09
6.41814e-09
1.54188e-08
5.64357e-07
4.75892e-09
9.6904e-08
3.63926e-09
3.96239e-10
5.31035e-09
1.27206e-09
5.82814e-09
7.87801e-10
6.07304e-09
4.27436e-10
6.23014e-09
1.87416e-10
6.35154e-09
3.81485e-11
6.4539e-09
-4.71826e-11
6.54295e-09
-8.71176e-11
6.62093e-09
-9.28513e-11
6.68863e-09
-7.04547e-11
6.74595e-09
-2.28332e-11
6.79219e-09
4.89193e-11
6.82629e-09
1.44794e-10
6.84697e-09
2.65634e-10
6.85277e-09
4.13285e-10
6.84181e-09
5.91003e-10
6.81139e-09
8.03913e-10
6.75738e-09
1.05932e-09
6.67333e-09
1.36688e-09
6.54933e-09
1.73886e-09
6.37008e-09
2.1904e-09
6.11196e-09
2.73997e-09
5.73858e-09
3.40924e-09
5.19532e-09
4.22128e-09
4.40609e-09
5.19301e-09
3.28411e-09
6.31228e-09
1.78218e-09
7.47821e-09
8.377e-09
1.58843e-08
6.37229e-07
4.60181e-09
1.11816e-07
3.41643e-09
4.18744e-10
5.20631e-09
5.74656e-10
5.48679e-09
3.51639e-10
5.82435e-09
1.22499e-10
6.06897e-09
-4.14146e-11
6.25708e-09
-1.4107e-10
6.40817e-09
-1.92642e-10
6.53396e-09
-2.09343e-10
6.64171e-09
-1.98566e-10
6.73561e-09
-1.63406e-10
6.81767e-09
-1.0461e-10
6.8885e-09
-2.19411e-11
6.9481e-09
8.51579e-11
6.99631e-09
2.17503e-10
7.03309e-09
3.76618e-10
7.0584e-09
5.65591e-10
7.07166e-09
7.89958e-10
7.0711e-09
1.05819e-09
7.05291e-09
1.38187e-09
7.01004e-09
1.77609e-09
6.93012e-09
2.26046e-09
6.79152e-09
2.86105e-09
6.55574e-09
3.61331e-09
6.15359e-09
4.56635e-09
5.46379e-09
5.78637e-09
4.29579e-09
7.34943e-09
2.44471e-09
9.2778e-09
1.12347e-08
1.77379e-08
7.09519e-07
5.41387e-09
1.33791e-07
3.54346e-09
6.70633e-10
5.06467e-09
1.67881e-10
5.31369e-09
-7.83117e-11
5.66862e-09
-2.47658e-10
5.96431e-09
-3.34503e-10
6.19965e-09
-3.68375e-10
6.38774e-09
-3.7298e-10
6.54299e-09
-3.59058e-10
6.67633e-09
-3.28678e-10
6.79444e-09
-2.79999e-10
6.9006e-09
-2.10261e-10
6.99606e-09
-1.17233e-10
7.0813e-09
2.7733e-13
7.15707e-09
1.42601e-10
7.2249e-09
3.10092e-10
7.28704e-09
5.04778e-10
7.34575e-09
7.32128e-10
7.40246e-09
1.00162e-09
7.45718e-09
1.32632e-09
7.5078e-09
1.72316e-09
7.54884e-09
2.21431e-09
7.56825e-09
2.83043e-09
7.53924e-09
3.6166e-09
7.39951e-09
4.6444e-09
6.99965e-09
6.03668e-09
5.99057e-09
8.02125e-09
3.70086e-09
1.10489e-08
1.60492e-08
2.56984e-08
7.59872e-07
6.8736e-09
1.71351e-07
3.42937e-09
9.30401e-10
4.78509e-09
-3.17815e-10
5.15603e-09
-5.85101e-10
5.57214e-09
-7.00316e-10
5.92e-09
-6.80572e-10
6.18947e-09
-6.2495e-10
6.40013e-09
-5.71854e-10
6.57393e-09
-5.25241e-10
6.7262e-09
-4.77091e-10
6.86522e-09
-4.17657e-10
6.99425e-09
-3.39202e-10
7.11385e-09
-2.37005e-10
7.22399e-09
-1.09413e-10
7.32576e-09
4.25321e-11
7.4224e-09
2.16362e-10
7.51912e-09
4.11287e-10
7.62183e-09
6.32146e-10
7.73583e-09
8.89807e-10
7.86555e-09
1.19864e-09
8.01512e-09
1.5759e-09
8.18918e-09
2.0432e-09
8.39338e-09
2.62973e-09
8.63344e-09
3.37827e-09
8.90555e-09
4.35795e-09
9.14474e-09
5.69469e-09
8.966e-09
7.65e-09
6.36814e-09
1.08474e-08
1.69976e-08
3.97445e-08
7.0575e-07
2.23134e-08
1.79571e-07
2.782e-09
2.9509e-08
4.24718e-09
-4.20324e-10
4.97273e-09
-1.50653e-09
5.54392e-09
-1.28794e-09
5.95409e-09
-1.06252e-09
6.2381e-09
-8.79004e-10
6.44939e-09
-7.6425e-10
6.62638e-09
-6.92969e-10
6.78932e-09
-6.36788e-10
6.94601e-09
-5.74337e-10
7.09732e-09
-4.91884e-10
7.24109e-09
-3.82166e-10
7.37506e-09
-2.43457e-10
7.4996e-09
-7.94291e-11
7.61981e-09
1.01519e-10
7.7452e-09
2.9184e-10
7.88662e-09
4.95347e-10
8.05348e-09
7.26812e-10
8.25408e-09
1.00252e-09
8.49797e-09
1.3386e-09
8.79934e-09
1.75285e-09
9.18264e-09
2.26703e-09
9.69558e-09
2.90877e-09
1.04445e-08
3.71443e-09
1.17078e-08
4.73416e-09
1.43606e-08
6.03667e-09
2.16721e-08
7.69298e-09
9.63116e-09
4.90602e-08
6.46589e-07
4.99528e-08
1.61038e-07
2.1632e-08
6.72969e-08
3.29366e-09
2.23764e-08
5.019e-09
-1.40037e-09
5.67674e-09
-2.12276e-09
6.11431e-09
-1.40258e-09
6.35945e-09
-1.06429e-09
6.53295e-09
-9.13179e-10
6.69288e-09
-8.45602e-10
6.85869e-09
-8.02758e-10
7.03219e-09
-7.51014e-10
7.20796e-09
-6.71829e-10
7.37814e-09
-5.56318e-10
7.53555e-09
-4.02828e-10
7.67776e-09
-2.18324e-10
7.81203e-09
-2.27193e-11
7.95526e-09
1.59188e-10
8.12597e-09
3.30577e-10
8.3374e-09
5.19565e-10
8.59931e-09
7.46031e-10
8.92335e-09
1.0231e-09
9.32757e-09
1.36254e-09
9.84226e-09
1.77676e-09
1.05217e-08
2.27534e-09
1.1469e-08
2.85685e-09
1.28814e-08
3.49085e-09
1.50964e-08
4.06952e-09
1.836e-08
4.25667e-09
3.00762e-09
5.27517e-08
5.8945e-07
5.5598e-08
1.53558e-07
4.46404e-08
8.40883e-08
1.88329e-08
5.99401e-08
4.20036e-09
5.26583e-09
6.29224e-09
-2.25158e-09
6.46699e-09
-1.36334e-09
6.55243e-09
-1.06242e-09
6.63007e-09
-9.78578e-10
6.75352e-09
-9.73499e-10
6.92037e-09
-9.77631e-10
7.11612e-09
-9.55133e-10
7.32421e-09
-8.88102e-10
7.52796e-09
-7.68456e-10
7.71121e-09
-5.93226e-10
7.86385e-09
-3.68334e-10
7.99528e-09
-1.33274e-10
8.13786e-09
3.7042e-11
8.32462e-09
1.48185e-10
8.57086e-09
2.74832e-10
8.88242e-09
4.38916e-10
9.26852e-09
6.45209e-10
9.74531e-09
8.97422e-10
1.03371e-08
1.20209e-09
1.10801e-08
1.55898e-09
1.20286e-08
1.94677e-09
1.32522e-08
2.30288e-09
1.47835e-08
2.49388e-09
1.64081e-08
2.25654e-09
1.15027e-09
6.61279e-08
5.10504e-07
6.93058e-08
1.48442e-07
6.8092e-08
9.21162e-08
4.0285e-08
8.91359e-08
9.42503e-09
3.68901e-08
6.13346e-09
-5.30207e-10
7.1493e-09
-7.95211e-10
6.75322e-09
-8.43456e-10
6.68139e-09
-9.65222e-10
6.77075e-09
-1.09219e-09
6.95316e-09
-1.17913e-09
7.18771e-09
-1.20379e-09
7.44478e-09
-1.157e-09
7.69827e-09
-1.03619e-09
7.91749e-09
-8.33301e-10
8.07113e-09
-5.28525e-10
8.16737e-09
-1.79105e-10
8.27628e-09
-2.5954e-11
8.4638e-09
-5.10028e-11
8.739e-09
-1.09059e-11
9.091e-09
8.53176e-11
9.52297e-09
2.162e-10
1.00481e-08
3.75934e-10
1.06807e-08
5.72894e-10
1.14328e-08
8.12806e-10
1.23131e-08
1.07147e-09
1.33154e-08
1.28301e-09
1.43773e-08
1.3483e-09
1.52977e-08
1.12597e-09
4.87221e-10
8.95524e-08
4.11594e-07
9.66328e-08
1.47338e-07
1.02812e-07
1.02616e-07
7.24112e-08
1.10925e-07
2.04285e-08
1.04056e-07
5.53339e-09
9.95692e-10
7.00842e-09
-6.86617e-10
6.63235e-09
-5.52986e-10
6.5715e-09
-9.65019e-10
6.69496e-09
-1.29041e-09
6.93379e-09
-1.50278e-09
7.2368e-09
-1.60019e-09
7.56894e-09
-1.58839e-09
7.90283e-09
-1.47755e-09
8.18934e-09
-1.26168e-09
8.3358e-09
-7.66656e-10
8.32677e-09
-1.06613e-10
8.33609e-09
-1.35249e-11
8.51531e-09
-1.45404e-10
8.83036e-09
-1.61952e-10
9.21961e-09
-1.20908e-10
9.68428e-09
-5.87153e-11
1.02433e-08
1.12965e-11
1.09049e-08
1.02714e-10
1.16575e-08
2.26405e-10
1.24756e-08
3.74798e-10
1.33189e-08
4.98312e-10
1.41126e-08
5.42524e-10
1.47199e-08
4.4403e-10
1.78423e-10
1.70984e-07
2.27754e-07
1.99632e-07
1.2093e-07
2.00291e-07
1.11076e-07
1.97667e-07
1.33307e-07
1.01889e-07
1.77114e-07
4.10624e-09
1.22901e-07
6.10075e-09
-1.87589e-10
6.25456e-09
-2.64843e-10
6.27731e-09
-7.19732e-10
6.5038e-09
-1.0463e-09
6.85026e-09
-1.24645e-09
7.25676e-09
-1.33565e-09
7.69134e-09
-1.3278e-09
8.15474e-09
-1.24959e-09
8.60118e-09
-1.10482e-09
8.7549e-09
-8.06381e-10
8.40491e-09
-5.43336e-09
8.00493e-09
-1.78011e-08
7.90254e-09
-1.54433e-08
7.97247e-09
-1.43761e-08
7.97934e-09
-1.56975e-08
8.11593e-09
-1.82812e-08
8.40672e-09
-2.13016e-08
9.12148e-09
-2.49702e-08
1.03607e-08
-2.87377e-08
1.1591e-08
-3.06832e-08
1.27603e-08
-2.8522e-08
1.37309e-08
-2.08922e-08
1.43992e-08
-1.09247e-08
-3.03737e-09
2.30381e-07
-1.98319e-08
3.31729e-07
1.94766e-08
3.8251e-07
6.30543e-08
4.01691e-07
1.1525e-07
3.95445e-07
1.76988e-07
1.95815e-07
2.46929e-07
6.3791e-09
1.26868e-07
5.54395e-09
-1.57735e-09
4.74389e-09
-1.64286e-08
4.79051e-09
-2.2416e-08
4.93406e-09
-2.52309e-08
5.08238e-09
-2.60886e-08
5.24752e-09
-2.52136e-08
5.57592e-09
-2.43575e-08
6.66404e-09
-2.6998e-08
6.2283e-08
-6.82051e-08
2.60526e-07
-1.49274e-07
4.70129e-07
-1.53968e-07
5.94338e-07
-1.18478e-07
7.09706e-07
-1.07055e-07
8.29361e-07
-1.14064e-07
9.60065e-07
-1.29351e-07
1.10361e-06
-1.44663e-07
1.26085e-06
-1.60041e-07
1.43062e-06
-1.74917e-07
1.6074e-06
-1.87514e-07
1.76458e-06
-1.76402e-07
1.8767e-06
-1.24736e-07
1.93203e-06
-6.14909e-08
-1.67599e-08
1.71691e-07
-2.04387e-07
2.99966e-07
-1.1464e-07
4.14493e-07
-3.83865e-08
5.02294e-07
2.99277e-08
6.19654e-07
9.30485e-08
6.82984e-07
1.71121e-07
6.96797e-07
1.59847e-07
7.80273e-07
-4.61127e-08
8.73215e-07
-1.04262e-07
9.89969e-07
-1.30937e-07
1.11951e-06
-1.42541e-07
1.25146e-06
-1.44986e-07
1.37883e-06
-1.38775e-07
1.49966e-06
-1.30186e-07
1.61769e-06
-1.28138e-07
1.73886e-06
-1.82696e-07
1.8419e-06
-2.76226e-07
1.92088e-06
-2.64171e-07
2.00414e-06
-2.18678e-07
2.10342e-06
-2.10248e-07
2.22565e-06
-2.34619e-07
2.37329e-06
-2.77018e-07
2.53909e-06
-3.10692e-07
2.70806e-06
-3.27093e-07
2.87952e-06
-3.35601e-07
3.0788e-06
-3.80571e-07
3.26748e-06
-3.79058e-07
3.39144e-06
-2.51103e-07
3.4476e-06
-1.0883e-07
-3.22002e-08
1.92714e-07
-3.97025e-07
3.59076e-07
-2.66062e-07
5.12141e-07
-1.76665e-07
6.57064e-07
-1.04877e-07
8.13905e-07
-5.25892e-08
1.01434e-06
-2.47042e-08
1.21598e-06
-7.05599e-08
1.3999e-06
-2.02437e-07
1.59598e-06
-2.8844e-07
1.79586e-06
-3.24673e-07
1.99383e-06
-3.33194e-07
2.18152e-06
-3.26613e-07
2.35948e-06
-3.12034e-07
2.508e-06
-2.81334e-07
2.61072e-06
-2.31446e-07
2.63694e-06
-2.14578e-07
2.59211e-06
-2.20221e-07
2.54624e-06
-2.12016e-07
2.52632e-06
-1.9864e-07
2.52846e-06
-2.11818e-07
2.56026e-06
-2.58846e-07
2.62364e-06
-3.37836e-07
2.70803e-06
-3.9657e-07
2.75708e-06
-3.8512e-07
2.77471e-06
-3.25029e-07
2.83681e-06
-4.25681e-07
2.91059e-06
-4.90693e-07
2.93987e-06
-2.97742e-07
2.94616e-06
-8.55007e-08
-4.37891e-08
3.10967e-07
-6.64615e-07
5.65683e-07
-4.94741e-07
7.65104e-07
-3.66574e-07
9.58523e-07
-2.88029e-07
1.17097e-06
-2.57021e-07
1.42425e-06
-2.68214e-07
1.68498e-06
-3.33451e-07
1.91068e-06
-4.19568e-07
2.10859e-06
-4.8142e-07
2.27206e-06
-4.83575e-07
2.40037e-06
-4.57586e-07
2.49763e-06
-4.17145e-07
2.60327e-06
-4.17797e-07
2.67478e-06
-3.72864e-07
2.66877e-06
-2.25696e-07
2.6103e-06
-1.52199e-07
2.52411e-06
-1.2686e-07
2.43437e-06
-1.20182e-07
2.35536e-06
-1.19304e-07
2.27901e-06
-1.39086e-07
2.21381e-06
-1.87205e-07
2.16681e-06
-2.90641e-07
2.14775e-06
-3.8814e-07
2.07512e-06
-3.73012e-07
1.97298e-06
-1.71057e-07
1.8495e-06
-2.72736e-07
1.70454e-06
-2.96688e-07
1.65248e-06
-1.53173e-07
1.6281e-06
-3.11754e-08
-3.13706e-08
9.29527e-07
-7.13036e-07
9.72045e-07
-5.754e-07
1.04939e-06
-4.57111e-07
1.17322e-06
-4.16176e-07
1.33306e-06
-4.17818e-07
1.52277e-06
-4.60681e-07
1.7145e-06
-5.29893e-07
1.88181e-06
-5.85623e-07
1.99218e-06
-5.93479e-07
2.05286e-06
-5.38e-07
2.05256e-06
-4.60701e-07
2.00954e-06
-3.48222e-07
2.01544e-06
-4.11036e-07
1.99882e-06
-4.20667e-07
1.92774e-06
-1.28697e-07
1.85109e-06
-6.42033e-08
1.77567e-06
-4.71387e-08
1.6997e-06
-4.37639e-08
1.62652e-06
-4.38612e-08
1.53857e-06
-5.46445e-08
1.43718e-06
-7.92011e-08
1.32423e-06
-1.56083e-07
1.19221e-06
-2.27593e-07
1.05248e-06
-1.81019e-07
1.00012e-06
-3.68866e-08
6.76556e-07
-7.24159e-08
1.74379e-07
-3.91241e-08
1.74862e-08
-6.84853e-09
1.23544e-08
-1.12065e-08
-1.5987e-08
8.09453e-07
-5.91456e-07
7.95865e-07
-5.49782e-07
8.54663e-07
-5.00475e-07
9.75648e-07
-5.31057e-07
1.11944e-06
-5.49735e-07
1.2893e-06
-6.24413e-07
1.45835e-06
-6.88718e-07
1.5785e-06
-7.04525e-07
1.59467e-06
-6.09186e-07
1.5665e-06
-4.9544e-07
1.46138e-06
-4.05589e-07
1.35292e-06
-1.74801e-07
1.23459e-06
-2.66367e-07
1.10863e-06
-2.24543e-07
1.06122e-06
-3.33215e-08
1.00141e-06
-1.20655e-08
9.55658e-07
-8.46367e-09
9.12408e-07
-7.95785e-09
8.7809e-07
-8.04383e-09
8.20337e-07
-1.03614e-08
7.64844e-07
-1.51828e-08
6.16914e-07
-3.78542e-08
2.44276e-07
-4.90469e-08
1.24145e-08
-1.56608e-09
1.1263e-08
-3.80197e-09
9.43229e-09
-4.43268e-09
9.82441e-09
-5.21288e-09
9.80014e-09
-8.23263e-09
6.58366e-09
-1.28401e-08
-1.67593e-08
8.92384e-07
-5.63279e-07
9.01544e-07
-5.66176e-07
9.5768e-07
-5.55958e-07
1.03523e-06
-6.23625e-07
1.12069e-06
-6.34059e-07
1.245e-06
-7.54292e-07
1.33589e-06
-7.80283e-07
1.30888e-06
-7.09853e-07
1.17562e-06
-5.0238e-07
1.00265e-06
-2.95625e-07
8.17132e-07
-1.87406e-07
7.38543e-07
-3.66328e-08
3.84146e-07
-7.47985e-08
1.75875e-08
-5.82592e-10
9.1041e-09
-7.18601e-10
8.28349e-09
-8.62423e-10
8.40339e-09
-9.3452e-10
8.45838e-09
-1.03997e-09
8.31267e-09
-1.18795e-09
7.94907e-09
-1.33003e-09
7.39925e-09
-1.45889e-09
7.41369e-09
-1.36431e-09
8.66132e-09
-1.083e-09
9.74284e-09
-1.50717e-09
9.31972e-09
-4.2583e-09
8.40974e-09
-5.32309e-09
7.75162e-09
-6.35911e-09
6.5799e-09
-7.8535e-09
3.96476e-09
-1.01329e-08
-1.19126e-08
8.7927e-07
-5.25806e-07
8.4803e-07
-5.31158e-07
8.63666e-07
-5.6039e-07
8.75028e-07
-6.37973e-07
9.30354e-07
-6.65851e-07
1.01473e-06
-8.35053e-07
9.88205e-07
-7.49798e-07
7.97813e-07
-5.46088e-07
5.78409e-07
-2.09573e-07
2.61487e-07
-7.05939e-08
7.82311e-09
1.22819e-10
7.63442e-09
-4.02951e-10
7.99644e-09
5.9855e-10
9.70766e-09
1.51367e-09
9.77781e-09
-4.19972e-10
9.11317e-09
-8.43239e-10
8.72669e-09
-1.04274e-09
8.44488e-09
-1.21357e-09
8.17124e-09
-1.39814e-09
7.86952e-09
-1.57154e-09
7.5977e-09
-1.72214e-09
7.59386e-09
-1.72832e-09
7.95715e-09
-1.67975e-09
8.19953e-09
-2.23904e-09
7.86412e-09
-3.5161e-09
7.13541e-09
-4.55014e-09
6.19238e-09
-5.55322e-09
4.80298e-09
-6.69793e-09
2.69547e-09
-7.96405e-09
-8.84556e-09
8.65309e-07
-4.7611e-07
8.30692e-07
-4.92073e-07
8.23062e-07
-5.50852e-07
7.99016e-07
-6.17832e-07
8.39909e-07
-6.91246e-07
8.23534e-07
-8.37427e-07
6.13086e-07
-5.77895e-07
2.55041e-07
-2.19747e-07
1.63306e-08
-4.11011e-09
7.76465e-09
-2.89462e-10
7.92716e-09
6.79088e-10
7.98457e-09
-1.42602e-10
8.28663e-09
5.09197e-10
8.87876e-09
6.70152e-10
9.00416e-09
-7.11985e-11
8.77728e-09
-5.01056e-10
8.51469e-09
-7.6586e-10
8.26077e-09
-9.65494e-10
8.00592e-09
-1.14209e-09
7.74974e-09
-1.30372e-09
7.52744e-09
-1.45116e-09
7.40689e-09
-1.58056e-09
7.37389e-09
-1.77819e-09
7.23403e-09
-2.25247e-09
6.80184e-09
-3.01689e-09
6.07539e-09
-3.8082e-09
5.07947e-09
-4.60575e-09
3.7442e-09
-5.42094e-09
2.01415e-09
-6.1798e-09
-6.66005e-09
8.47691e-07
-4.1007e-07
7.93796e-07
-4.34684e-07
7.36708e-07
-4.94984e-07
6.79422e-07
-5.53992e-07
6.64139e-07
-6.65614e-07
5.21806e-07
-7.10397e-07
1.91607e-07
-2.87526e-07
7.02552e-09
-3.21391e-09
7.5474e-09
-1.13603e-10
8.00075e-09
-9.43788e-11
8.04208e-09
2.02596e-10
8.11505e-09
1.04374e-10
8.28674e-09
2.42011e-10
8.51662e-09
2.30277e-10
8.58279e-09
-6.55257e-11
8.47709e-09
-3.45168e-10
8.29402e-09
-5.65717e-10
8.07758e-09
-7.45155e-10
7.84189e-09
-9.02903e-10
7.59608e-09
-1.05049e-09
7.35543e-09
-1.19825e-09
7.13233e-09
-1.36455e-09
6.89751e-09
-1.60002e-09
6.56089e-09
-1.97573e-09
6.03379e-09
-2.49082e-09
5.28486e-09
-3.06004e-09
4.30592e-09
-3.64064e-09
3.08022e-09
-4.20027e-09
1.61693e-09
-4.67415e-09
-4.95481e-09
8.30088e-07
-3.26744e-07
7.50604e-07
-3.54839e-07
6.59788e-07
-4.04536e-07
5.81085e-07
-4.69187e-07
4.85984e-07
-5.70553e-07
2.3427e-07
-4.91679e-07
2.84593e-08
-6.82863e-08
7.18827e-09
5.0994e-10
8.75472e-09
3.35581e-10
8.23067e-09
1.44418e-10
8.12539e-09
1.46284e-10
8.14682e-09
1.15493e-10
8.2287e-09
1.2418e-10
8.3182e-09
7.44469e-11
8.33331e-09
-7.60332e-11
8.25426e-09
-2.48399e-10
8.10669e-09
-4.06711e-10
7.91362e-09
-5.46507e-10
7.68798e-09
-6.73888e-10
7.43726e-09
-7.97094e-10
7.16584e-09
-9.2675e-10
6.86947e-09
-1.07936e-09
6.52293e-09
-1.28157e-09
6.07823e-09
-1.5596e-09
5.48757e-09
-1.91063e-09
4.72436e-09
-2.30049e-09
3.77914e-09
-2.69651e-09
2.65381e-09
-3.06535e-09
1.37333e-09
-3.36175e-09
-3.53022e-09
8.14231e-07
-2.28222e-07
7.09385e-07
-2.51885e-07
5.9332e-07
-2.88326e-07
4.72358e-07
-3.46093e-07
2.8973e-07
-3.89264e-07
8.55573e-08
-2.75527e-07
4.51816e-09
-1.14862e-09
7.2734e-09
9.19341e-10
7.92457e-09
3.9435e-10
8.05009e-09
1.90203e-10
8.08201e-09
1.22632e-10
8.11812e-09
8.71178e-11
8.16304e-09
6.47298e-11
8.19419e-09
1.93253e-11
8.178e-09
-6.46938e-11
8.09993e-09
-1.65728e-10
7.96485e-09
-2.66247e-10
7.78221e-09
-3.60272e-10
7.55915e-09
-4.49042e-10
7.29916e-09
-5.3726e-10
7.0012e-09
-6.32286e-10
6.65679e-09
-7.44574e-10
6.24649e-09
-8.8729e-10
5.74156e-09
-1.07048e-09
5.11391e-09
-1.29161e-09
4.34585e-09
-1.53475e-09
3.4325e-09
-1.77955e-09
2.38256e-09
-2.00287e-09
1.22256e-09
-2.17726e-09
-2.2741e-09
8.01631e-07
-1.17754e-07
6.77068e-07
-1.30489e-07
5.40841e-07
-1.51872e-07
3.74949e-07
-1.81688e-07
1.71351e-07
-1.87474e-07
3.51727e-08
-1.28552e-07
5.50038e-09
-5.68773e-10
7.72823e-09
6.84852e-11
7.825e-09
1.40565e-10
7.9631e-09
9.94215e-11
8.03444e-09
6.6915e-11
8.0806e-09
4.55825e-11
8.11114e-09
2.82761e-11
8.11756e-09
2.80201e-12
8.08458e-09
-3.6372e-11
8.00263e-09
-8.35977e-11
7.87057e-09
-1.32293e-10
7.69122e-09
-1.79317e-10
7.46727e-09
-2.24741e-10
7.19906e-09
-2.70643e-10
6.88298e-09
-3.20587e-10
6.50995e-09
-3.79418e-10
6.06465e-09
-4.52526e-10
5.52762e-09
-5.43407e-10
4.88068e-09
-6.50596e-10
4.11263e-09
-7.6735e-10
3.22246e-09
-8.84052e-10
2.22136e-09
-9.89315e-10
1.13435e-09
-1.07035e-09
-1.11481e-09
7.93129e-07
6.60589e-07
5.06392e-07
3.26027e-07
1.43893e-07
2.91302e-08
5.85806e-09
7.92665e-09
7.85343e-09
7.94285e-09
8.01199e-09
8.05865e-09
8.08338e-09
8.08035e-09
8.04013e-09
7.95546e-09
7.82363e-09
7.64483e-09
7.41963e-09
7.1468e-09
6.82173e-09
6.43541e-09
5.97454e-09
5.42358e-09
4.7686e-09
4.00153e-09
3.12335e-09
2.14606e-09
1.09347e-09
)
;

boundaryField
{
    inlet1
    {
        type            calculated;
        value           nonuniform List<scalar> 10(-1e-07 -1e-07 -1e-07 -1e-07 -1e-07 -1e-07 -1e-07 -1e-07 -1e-07 -1e-07);
    }
    inlet2
    {
        type            calculated;
        value           uniform 0;
    }
    inlet3
    {
        type            calculated;
        value           nonuniform List<scalar> 10(-9.13394e-07 -9.13394e-07 -9.13394e-07 -9.13394e-07 -9.13394e-07 -9.13394e-07 -9.13394e-07 -9.13394e-07 -9.13394e-07 -9.13394e-07);
    }
    output1
    {
        type            calculated;
        value           uniform 0;
    }
    output2
    {
        type            calculated;
        value           nonuniform List<scalar> 10(3.54656e-08 2.2395e-08 1.78514e-08 1.59483e-08 1.50961e-08 1.47612e-08 1.95816e-06 3.47831e-06 2.95917e-06 1.6168e-06);
    }
    output3
    {
        type            calculated;
        value           uniform -0;
    }
    up
    {
        type            calculated;
        value           uniform 0;
    }
    down
    {
        type            calculated;
        value           uniform 0;
    }
    emptyWalls
    {
        type            empty;
        value           nonuniform List<scalar> 0();
    }
}


// ************************************************************************* //
