/*--------------------------------*- C++ -*----------------------------------*\
  =========                 |
  \\      /  F ield         | OpenFOAM: The Open Source CFD Toolbox
   \\    /   O peration     | Website:  https://openfoam.org
    \\  /    A nd           | Version:  9
     \\/     M anipulation  |
\*---------------------------------------------------------------------------*/
FoamFile
{
    format      ascii;
    class       volScalarField;
    location    "3500";
    object      Sw;
}
// * * * * * * * * * * * * * * * * * * * * * * * * * * * * * * * * * * * * * //

dimensions      [0 0 0 0 0 0 0];

internalField   nonuniform List<scalar> 
900
(
0.665572
0.558198
0.548375
0.279512
0.150004
0.15
0.15
0.15
0.15
0.15
0.15
0.15
0.15
0.15
0.15
0.15
0.15
0.15
0.15
0.15
0.15
0.15
0.15
0.15
0.15
0.15
0.15
0.15
0.15
0.15
0.686618
0.561475
0.543274
0.237806
0.15
0.15
0.15
0.15
0.15
0.15
0.15
0.15
0.15
0.15
0.15
0.15
0.15
0.15
0.15
0.15
0.15
0.15
0.15
0.15
0.15
0.15
0.15
0.15
0.15
0.15
0.663207
0.554355
0.539577
0.2155
0.15
0.15
0.15
0.15
0.15
0.15
0.15
0.15
0.15
0.15
0.15
0.15
0.15
0.15
0.15
0.15
0.15
0.15
0.15
0.15
0.15
0.15
0.15
0.15
0.15
0.15
0.671819
0.550844
0.531824
0.180961
0.15
0.15
0.15
0.15
0.15
0.15
0.15
0.15
0.15
0.15
0.15
0.15
0.15
0.15
0.15
0.15
0.15
0.15
0.15
0.15
0.15
0.15
0.15
0.15
0.15
0.15
0.656998
0.544287
0.458474
0.153903
0.15
0.15
0.15
0.15
0.15
0.15
0.15
0.15
0.15
0.15
0.15
0.15
0.15
0.15
0.15
0.15
0.15
0.15
0.15
0.15
0.15
0.15
0.15
0.15
0.15
0.15
0.669468
0.543719
0.368197
0.150257
0.15
0.15
0.15
0.15
0.15
0.15
0.15
0.15
0.15
0.15
0.15
0.15
0.15
0.15
0.15
0.15
0.15
0.15
0.15
0.15
0.15
0.15
0.15
0.15
0.15
0.15
0.657237
0.54759
0.316993
0.150028
0.15
0.15
0.15
0.15
0.15
0.15
0.15
0.15
0.15
0.15
0.15
0.15
0.15
0.15
0.15
0.15
0.15
0.15
0.15
0.15
0.15
0.15
0.15
0.15
0.15
0.15
0.666428
0.553049
0.268397
0.150002
0.15
0.15
0.15
0.15
0.15
0.15
0.15
0.15
0.15
0.15
0.15
0.15
0.15
0.15
0.15
0.15
0.15
0.15
0.15
0.15
0.15
0.15
0.15
0.15
0.15
0.15
0.65066
0.543369
0.197955
0.15
0.15
0.15
0.15
0.15
0.15
0.15
0.15
0.15
0.15
0.15
0.15
0.15
0.15
0.15
0.15
0.15
0.15
0.15
0.15
0.15
0.15
0.15
0.15
0.15
0.15
0.15
0.654925
0.550351
0.158106
0.15
0.15
0.15
0.15
0.15
0.15
0.15
0.15
0.15
0.15
0.15
0.15
0.15
0.15
0.15
0.15
0.15
0.15
0.15
0.15
0.15
0.15
0.15
0.15
0.15
0.15
0.15
0.638382
0.553524
0.16893
0.15
0.15
0.15
0.15
0.15
0.15
0.15
0.15
0.15
0.15
0.15
0.15
0.15
0.15
0.15
0.15
0.15
0.15
0.15
0.15
0.15
0.15
0.15
0.15
0.15
0.15
0.15
0.627815
0.541704
0.47963
0.22025
0.150001
0.15
0.15
0.15
0.15
0.15
0.15
0.15
0.15
0.15
0.15
0.15
0.15
0.15
0.15
0.15
0.15
0.15
0.15
0.15
0.15
0.15
0.15
0.15
0.15
0.15
0.620499
0.535728
0.500123
0.482798
0.282151
0.150003
0.15
0.15
0.15
0.15
0.15
0.15
0.15
0.15
0.15
0.15
0.15
0.15
0.15
0.15
0.15
0.15
0.15
0.15
0.15
0.15
0.15
0.15
0.15
0.15
0.627123
0.54586
0.517113
0.506957
0.412411
0.150613
0.15
0.15
0.15
0.15
0.15
0.15
0.15
0.15
0.15
0.15
0.15
0.15
0.15
0.15
0.15
0.15
0.15
0.15
0.15
0.15
0.15
0.15
0.15
0.15
0.634769
0.559383
0.531219
0.52685
0.489702
0.164404
0.15
0.15
0.15
0.15
0.15
0.15
0.15
0.15
0.15
0.15
0.15
0.15
0.15
0.15
0.15
0.15
0.15
0.15
0.15
0.15
0.15
0.15
0.15
0.15
0.663263
0.593854
0.56273
0.543999
0.532315
0.244653
0.15
0.15
0.15
0.15
0.15
0.15
0.15
0.15
0.150001
0.150002
0.150055
0.153465
0.158969
0.170413
0.177073
0.191284
0.192294
0.201567
0.186287
0.174707
0.164669
0.157202
0.152965
0.150708
0.652746
0.610003
0.586554
0.571305
0.558985
0.543937
0.32613
0.162999
0.184505
0.198808
0.211347
0.223062
0.236814
0.24828
0.26507
0.296351
0.416663
0.476111
0.489659
0.496753
0.50249
0.507741
0.512302
0.51612
0.519323
0.52223
0.524815
0.52604
0.526278
0.525556
0.597894
0.586296
0.57298
0.570531
0.559094
0.556803
0.531005
0.528468
0.531946
0.535214
0.537681
0.539601
0.540989
0.541987
0.5427
0.544505
0.548896
0.553159
0.55578
0.557204
0.558151
0.559174
0.559997
0.560342
0.559709
0.558951
0.558933
0.558233
0.557402
0.556562
0.583104
0.577841
0.575508
0.57403
0.570415
0.567607
0.567183
0.566283
0.568129
0.57014
0.57125
0.571782
0.571852
0.572337
0.572185
0.572428
0.571249
0.57037
0.56992
0.569423
0.568181
0.566968
0.565357
0.563817
0.55986
0.555794
0.552083
0.548801
0.546719
0.546341
0.583665
0.588213
0.591961
0.591211
0.590761
0.589414
0.590703
0.589473
0.588381
0.586529
0.584324
0.58113
0.578065
0.576665
0.574264
0.572182
0.570054
0.568396
0.566845
0.565531
0.56272
0.559202
0.553811
0.549897
0.54333
0.538232
0.523809
0.514219
0.512797
0.512236
0.60633
0.612961
0.609273
0.604248
0.600903
0.597852
0.596014
0.59237
0.58835
0.582166
0.577402
0.569944
0.563544
0.558998
0.55392
0.551377
0.549561
0.548112
0.546497
0.545473
0.542516
0.537898
0.526318
0.512706
0.506421
0.514021
0.446492
0.152177
0.154536
0.15
0.594655
0.59317
0.590806
0.592433
0.591644
0.590822
0.589304
0.58551
0.578164
0.567007
0.559807
0.54868
0.542984
0.522774
0.517303
0.51658
0.515616
0.514644
0.513144
0.513703
0.511107
0.514447
0.487654
0.160426
0.15
0.15
0.15
0.15
0.15
0.15
0.597646
0.599445
0.597279
0.600985
0.596083
0.595033
0.590025
0.581403
0.564236
0.546333
0.52518
0.516458
0.527237
0.35535
0.19631
0.178967
0.165775
0.155962
0.152101
0.150438
0.150018
0.15
0.15
0.15
0.15
0.15
0.15
0.15
0.15
0.15
0.598843
0.59733
0.594511
0.596937
0.589147
0.591723
0.58114
0.562422
0.527849
0.51229
0.176826
0.15
0.15
0.15
0.15
0.15
0.15
0.15
0.15
0.15
0.15
0.15
0.15
0.15
0.15
0.15
0.15
0.15
0.15
0.15
0.599471
0.597852
0.598136
0.598257
0.591981
0.595039
0.570946
0.534397
0.374456
0.150025
0.15
0.15
0.15
0.15
0.15
0.15
0.15
0.15
0.15
0.15
0.15
0.15
0.15
0.15
0.15
0.15
0.15
0.15
0.15
0.15
0.599908
0.598901
0.600038
0.596641
0.594152
0.589803
0.541951
0.337638
0.150004
0.15
0.15
0.15
0.15
0.15
0.15
0.15
0.15
0.15
0.15
0.15
0.15
0.15
0.15
0.15
0.15
0.15
0.15
0.15
0.15
0.15
0.600095
0.600323
0.600878
0.598138
0.598599
0.582449
0.483557
0.151592
0.15
0.15
0.15
0.15
0.15
0.15
0.15
0.15
0.15
0.15
0.15
0.15
0.15
0.15
0.15
0.15
0.15
0.15
0.15
0.15
0.15
0.15
0.600335
0.601521
0.60137
0.600663
0.597958
0.562326
0.223869
0.15
0.15
0.15
0.15
0.15
0.15
0.15
0.15
0.15
0.15
0.15
0.15
0.15
0.15
0.15
0.15
0.15
0.15
0.15
0.15
0.15
0.15
0.15
0.600602
0.602314
0.601857
0.60239
0.59107
0.555964
0.193071
0.15
0.15
0.15
0.15
0.15
0.15
0.15
0.15
0.15
0.15
0.15
0.15
0.15
0.15
0.15
0.15
0.15
0.15
0.15
0.15
0.15
0.15
0.15
0.60114
0.602076
0.603338
0.599683
0.58952
0.553271
0.181522
0.15
0.15
0.15
0.15
0.15
0.15
0.15
0.15
0.15
0.15
0.15
0.15
0.15
0.15
0.15
0.15
0.15
0.15
0.15
0.15
0.15
0.15
0.15
)
;

boundaryField
{
    inlet1
    {
        type            fixedValue;
        value           uniform 0.85;
    }
    inlet2
    {
        type            zeroGradient;
    }
    inlet3
    {
        type            fixedValue;
        value           uniform 0.6;
    }
    output1
    {
        type            zeroGradient;
    }
    output2
    {
        type            zeroGradient;
    }
    output3
    {
        type            zeroGradient;
    }
    up
    {
        type            zeroGradient;
    }
    down
    {
        type            zeroGradient;
    }
    emptyWalls
    {
        type            empty;
    }
}


// ************************************************************************* //
