/*--------------------------------*- C++ -*----------------------------------*\
  =========                 |
  \\      /  F ield         | OpenFOAM: The Open Source CFD Toolbox
   \\    /   O peration     | Website:  https://openfoam.org
    \\  /    A nd           | Version:  9
     \\/     M anipulation  |
\*---------------------------------------------------------------------------*/
FoamFile
{
    format      ascii;
    class       volVectorField;
    location    "3500";
    object      ut;
}
// * * * * * * * * * * * * * * * * * * * * * * * * * * * * * * * * * * * * * //

dimensions      [0 1 -1 0 0 0 0];

internalField   nonuniform List<vector> 
900
(
(2.70066e-06 3.17118e-06 -0)
(1.22322e-06 5.22617e-07 -0)
(1.36988e-06 4.31162e-07 -0)
(2.76149e-07 1.66974e-09 -0)
(7.46357e-07 2.75403e-10 -0)
(6.7828e-07 1.50412e-09 -0)
(6.74733e-07 2.03815e-09 -0)
(6.70699e-07 1.99437e-09 -0)
(6.66987e-07 1.71503e-09 -0)
(6.63827e-07 1.44364e-09 -0)
(6.61072e-07 1.31015e-09 -0)
(6.58389e-07 1.37296e-09 -0)
(6.55363e-07 1.65486e-09 -0)
(6.51546e-07 2.16476e-09 -0)
(6.46475e-07 2.90946e-09 -0)
(6.39672e-07 3.8992e-09 -0)
(6.30629e-07 5.14986e-09 -0)
(6.18804e-07 6.68347e-09 -0)
(6.03601e-07 8.52726e-09 -0)
(5.84372e-07 1.07111e-08 -0)
(5.60407e-07 1.32628e-08 -0)
(5.30952e-07 1.62003e-08 -0)
(4.95239e-07 1.95214e-08 -0)
(4.52537e-07 2.3188e-08 -0)
(4.02248e-07 2.71088e-08 -0)
(3.44027e-07 3.11205e-08 -0)
(2.7794e-07 3.49762e-08 -0)
(2.04621e-07 3.83528e-08 -0)
(1.25389e-07 4.08882e-08 -0)
(4.22524e-08 4.22558e-08 -0)
(3.13993e-06 1.27352e-05 -0)
(1.2144e-06 1.82427e-06 -0)
(1.30308e-06 1.22873e-06 -0)
(2.79445e-07 5.06793e-09 -0)
(7.45395e-07 1.15301e-11 -0)
(6.80043e-07 5.20887e-09 -0)
(6.75224e-07 6.69164e-09 -0)
(6.70376e-07 6.21838e-09 -0)
(6.66437e-07 5.13729e-09 -0)
(6.63422e-07 4.19369e-09 -0)
(6.61002e-07 3.73546e-09 -0)
(6.58734e-07 3.9017e-09 -0)
(6.56154e-07 4.73877e-09 -0)
(6.528e-07 6.26212e-09 -0)
(6.4821e-07 8.48653e-09 -0)
(6.41912e-07 1.14402e-08 -0)
(6.33414e-07 1.51703e-08 -0)
(6.22181e-07 1.97439e-08 -0)
(6.07629e-07 2.52454e-08 -0)
(5.89107e-07 3.17689e-08 -0)
(5.65896e-07 3.94053e-08 -0)
(5.37211e-07 4.82201e-08 -0)
(5.02227e-07 5.82213e-08 -0)
(4.60125e-07 6.93133e-08 -0)
(4.10181e-07 8.12396e-08 -0)
(3.51895e-07 9.35211e-08 -0)
(2.85172e-07 1.05411e-07 -0)
(2.10533e-07 1.15901e-07 -0)
(1.29292e-07 1.23834e-07 -0)
(4.36201e-08 1.28135e-07 -0)
(2.39239e-06 1.66495e-05 -0)
(9.89983e-07 2.90958e-06 -0)
(1.20016e-06 1.88697e-06 -0)
(3.01838e-07 9.39752e-09 -0)
(7.44179e-07 3.31452e-09 -0)
(6.8496e-07 1.26307e-08 -0)
(6.75743e-07 1.33013e-08 -0)
(6.69145e-07 1.10507e-08 -0)
(6.64963e-07 8.42306e-09 -0)
(6.62425e-07 6.45984e-09 -0)
(6.6078e-07 5.53812e-09 -0)
(6.59392e-07 5.76173e-09 -0)
(6.57723e-07 7.1388e-09 -0)
(6.55293e-07 9.66097e-09 -0)
(6.51654e-07 1.33371e-08 -0)
(6.46356e-07 1.82075e-08 -0)
(6.38933e-07 2.43498e-08 -0)
(6.28879e-07 3.18788e-08 -0)
(6.15626e-07 4.09434e-08 -0)
(5.98532e-07 5.17154e-08 -0)
(5.76858e-07 6.43705e-08 -0)
(5.49768e-07 7.90548e-08 -0)
(5.16332e-07 9.58321e-08 -0)
(4.75556e-07 1.14607e-07 -0)
(4.26456e-07 1.35018e-07 -0)
(3.68198e-07 1.56315e-07 -0)
(3.0032e-07 1.77245e-07 -0)
(2.23044e-07 1.96009e-07 -0)
(1.37622e-07 2.10415e-07 -0)
(4.65529e-08 2.18314e-07 -0)
(2.06455e-06 2.88198e-05 -0)
(5.09551e-07 4.16382e-06 -0)
(9.85128e-07 2.39968e-06 -0)
(3.49601e-07 3.45249e-08 -0)
(7.45474e-07 2.67372e-08 -0)
(6.90029e-07 2.86992e-08 -0)
(6.73644e-07 2.28338e-08 -0)
(6.65498e-07 1.62618e-08 -0)
(6.61846e-07 1.10464e-08 -0)
(6.60537e-07 7.68639e-09 -0)
(6.60304e-07 6.19701e-09 -0)
(6.60334e-07 6.46926e-09 -0)
(6.60054e-07 8.39432e-09 -0)
(6.58999e-07 1.19058e-08 -0)
(6.56757e-07 1.69924e-08 -0)
(6.52925e-07 2.37017e-08 -0)
(6.47085e-07 3.21407e-08 -0)
(6.38775e-07 4.24764e-08 -0)
(6.27466e-07 5.49318e-08 -0)
(6.12534e-07 6.97766e-08 -0)
(5.93235e-07 8.73046e-08 -0)
(5.68673e-07 1.07795e-07 -0)
(5.37778e-07 1.31444e-07 -0)
(4.9931e-07 1.58261e-07 -0)
(4.51889e-07 1.87906e-07 -0)
(3.94122e-07 2.19475e-07 -0)
(3.24866e-07 2.51242e-07 -0)
(2.43702e-07 2.80474e-07 -0)
(1.51597e-07 3.03502e-07 -0)
(5.15194e-08 3.16393e-07 -0)
(1.41464e-06 3.17759e-05 -0)
(1.01606e-08 5.212e-06 -0)
(8.98289e-07 9.07138e-07 -0)
(4.06886e-07 1.52751e-07 -0)
(7.33347e-07 8.23481e-08 -0)
(6.81057e-07 5.25962e-08 -0)
(6.63306e-07 3.30747e-08 -0)
(6.57357e-07 2.01185e-08 -0)
(6.56387e-07 1.18166e-08 -0)
(6.57576e-07 7.04443e-09 -0)
(6.59563e-07 5.09598e-09 -0)
(6.6159e-07 5.52502e-09 -0)
(6.63159e-07 8.06378e-09 -0)
(6.63892e-07 1.25752e-08 -0)
(6.63449e-07 1.90245e-08 -0)
(6.61504e-07 2.74651e-08 -0)
(6.57708e-07 3.8034e-08 -0)
(6.5167e-07 5.09532e-08 -0)
(6.42927e-07 6.65303e-08 -0)
(6.30904e-07 8.51539e-08 -0)
(6.14876e-07 1.07276e-07 -0)
(5.93908e-07 1.33374e-07 -0)
(5.66799e-07 1.63887e-07 -0)
(5.32018e-07 1.99086e-07 -0)
(4.8767e-07 2.38871e-07 -0)
(4.31534e-07 2.82434e-07 -0)
(3.6132e-07 3.27776e-07 -0)
(2.75304e-07 3.71144e-07 -0)
(1.73541e-07 4.06725e-07 -0)
(5.94444e-08 4.27363e-07 -0)
(2.01221e-06 4.75634e-05 -0)
(2.69788e-07 6.61969e-06 -0)
(4.84417e-07 1.39452e-07 -0)
(4.55195e-07 2.31971e-07 -0)
(6.42737e-07 1.19566e-07 -0)
(6.40756e-07 6.62641e-08 -0)
(6.41166e-07 3.67522e-08 -0)
(6.44239e-07 1.9323e-08 -0)
(6.48772e-07 9.05901e-09 -0)
(6.53817e-07 3.58027e-09 -0)
(6.58784e-07 1.61835e-09 -0)
(6.63302e-07 2.47134e-09 -0)
(6.67104e-07 5.76046e-09 -0)
(6.69959e-07 1.13062e-08 -0)
(6.71646e-07 1.90647e-08 -0)
(6.71934e-07 2.90994e-08 -0)
(6.70573e-07 4.15762e-08 -0)
(6.67271e-07 5.67712e-08 -0)
(6.61666e-07 7.50816e-08 -0)
(6.5328e-07 9.7032e-08 -0)
(6.41456e-07 1.23269e-07 -0)
(6.25284e-07 1.5454e-07 -0)
(6.0349e-07 1.91643e-07 -0)
(5.74294e-07 2.35325e-07 -0)
(5.35237e-07 2.86058e-07 -0)
(4.83026e-07 3.43615e-07 -0)
(4.13576e-07 4.06281e-07 -0)
(3.22652e-07 4.69602e-07 -0)
(2.07816e-07 5.24889e-07 -0)
(7.21579e-08 5.5897e-07 -0)
(2.36514e-06 4.79083e-05 -0)
(7.18617e-07 8.38244e-06 -0)
(2.33167e-07 4.59103e-08 -0)
(4.94685e-07 1.69986e-07 -0)
(5.67385e-07 1.0062e-07 -0)
(5.98243e-07 5.61436e-08 -0)
(6.16364e-07 2.83483e-08 -0)
(6.29664e-07 1.13635e-08 -0)
(6.40645e-07 1.51714e-09 -0)
(6.50135e-07 -3.4e-09 -0)
(6.58454e-07 -4.67396e-09 -0)
(6.65732e-07 -3.01858e-09 -0)
(6.71994e-07 1.20003e-09 -0)
(6.77196e-07 7.82378e-09 -0)
(6.81243e-07 1.68278e-08 -0)
(6.84015e-07 2.82909e-08 -0)
(6.85379e-07 4.23995e-08 -0)
(6.85175e-07 5.94728e-08 -0)
(6.83187e-07 7.99921e-08 -0)
(6.79092e-07 1.04623e-07 -0)
(6.72384e-07 1.34228e-07 -0)
(6.62282e-07 1.69872e-07 -0)
(6.47584e-07 2.12822e-07 -0)
(6.26433e-07 2.64512e-07 -0)
(5.95959e-07 3.26421e-07 -0)
(5.51758e-07 3.99685e-07 -0)
(4.87307e-07 4.84132e-07 -0)
(3.93911e-07 5.7609e-07 -0)
(2.6291e-07 6.64256e-07 -0)
(9.35257e-08 7.24657e-07 -0)
(2.4274e-06 6.49632e-05 -0)
(7.49464e-07 1.09984e-05 -0)
(1.70897e-07 3.33376e-08 -0)
(5.12389e-07 8.44268e-08 -0)
(5.28874e-07 5.69404e-08 -0)
(5.68485e-07 2.93436e-08 -0)
(5.96386e-07 9.13495e-09 -0)
(6.17408e-07 -3.73383e-09 -0)
(6.34008e-07 -1.09537e-08 -0)
(6.47626e-07 -1.40235e-08 -0)
(6.59166e-07 -1.38963e-08 -0)
(6.69176e-07 -1.10723e-08 -0)
(6.77946e-07 -5.76667e-09 -0)
(6.85587e-07 1.96009e-09 -0)
(6.92113e-07 1.21311e-08 -0)
(6.97506e-07 2.4836e-08 -0)
(7.01755e-07 4.02574e-08 -0)
(7.04864e-07 5.87278e-08 -0)
(7.06817e-07 8.07904e-08 -0)
(7.07516e-07 1.0724e-07 -0)
(7.06705e-07 1.39148e-07 -0)
(7.03878e-07 1.77899e-07 -0)
(6.98131e-07 2.25259e-07 -0)
(6.87894e-07 2.83482e-07 -0)
(6.7041e-07 3.55428e-07 -0)
(6.40737e-07 4.44571e-07 -0)
(5.89981e-07 5.54469e-07 -0)
(5.02776e-07 6.86367e-07 -0)
(3.56383e-07 8.31385e-07 -0)
(1.32559e-07 9.50744e-07 -0)
(2.67286e-06 6.24826e-05 -0)
(8.74714e-07 1.13649e-05 -0)
(2.0806e-07 5.04113e-08 -0)
(5.00633e-07 3.05044e-08 -0)
(5.12301e-07 1.33874e-08 -0)
(5.50438e-07 -4.84377e-09 -0)
(5.83287e-07 -1.74179e-08 -0)
(6.09575e-07 -2.44802e-08 -0)
(6.30355e-07 -2.75748e-08 -0)
(6.47193e-07 -2.78451e-08 -0)
(6.61405e-07 -2.5817e-08 -0)
(6.73861e-07 -2.16088e-08 -0)
(6.85027e-07 -1.51552e-08 -0)
(6.95094e-07 -6.3483e-09 -0)
(7.04119e-07 4.90049e-09 -0)
(7.12142e-07 1.86645e-08 -0)
(7.19271e-07 3.50662e-08 -0)
(7.25708e-07 5.43903e-08 -0)
(7.317e-07 7.72012e-08 -0)
(7.3745e-07 1.04398e-07 -0)
(7.43043e-07 1.37226e-07 -0)
(7.48393e-07 1.77318e-07 -0)
(7.53166e-07 2.26834e-07 -0)
(7.56601e-07 2.88727e-07 -0)
(7.57048e-07 3.67235e-07 -0)
(7.50799e-07 4.68698e-07 -0)
(7.29103e-07 6.02805e-07 -0)
(6.70828e-07 7.83519e-07 -0)
(5.27287e-07 1.02418e-06 -0)
(2.12884e-07 1.29619e-06 -0)
(3.98735e-06 7.94212e-05 -0)
(1.15234e-06 1.53934e-05 -0)
(2.22383e-07 8.37153e-08 -0)
(4.63491e-07 3.07171e-09 -0)
(4.93526e-07 -2.90498e-08 -0)
(5.37679e-07 -4.46878e-08 -0)
(5.7675e-07 -4.94828e-08 -0)
(6.07251e-07 -4.91948e-08 -0)
(6.30643e-07 -4.70213e-08 -0)
(6.49383e-07 -4.39664e-08 -0)
(6.65402e-07 -3.99185e-08 -0)
(6.79838e-07 -3.4391e-08 -0)
(6.93207e-07 -2.6897e-08 -0)
(7.05643e-07 -1.70984e-08 -0)
(7.17126e-07 -4.84502e-09 -0)
(7.27672e-07 9.8557e-09 -0)
(7.37481e-07 2.69522e-08 -0)
(7.46999e-07 4.65653e-08 -0)
(7.56825e-07 6.92245e-08 -0)
(7.67541e-07 9.59249e-08 -0)
(7.79625e-07 1.28039e-07 -0)
(7.93485e-07 1.67313e-07 -0)
(8.0954e-07 2.16029e-07 -0)
(8.28295e-07 2.77358e-07 -0)
(8.50381e-07 3.56086e-07 -0)
(8.76307e-07 4.60181e-07 -0)
(9.04802e-07 6.04531e-07 -0)
(9.24146e-07 8.20731e-07 -0)
(8.69054e-07 1.18561e-06 -0)
(4.04574e-07 1.91365e-06 -0)
(3.65774e-06 7.25533e-05 -0)
(4.29117e-06 1.88769e-05 -0)
(1.71505e-07 1.02365e-07 -0)
(3.84895e-07 -6.66346e-08 -0)
(4.64541e-07 -8.79704e-08 -0)
(5.30005e-07 -9.53753e-08 -0)
(5.7878e-07 -8.66316e-08 -0)
(6.12037e-07 -7.57953e-08 -0)
(6.35583e-07 -6.73495e-08 -0)
(6.54295e-07 -6.10817e-08 -0)
(6.70981e-07 -5.54996e-08 -0)
(6.86883e-07 -4.91403e-08 -0)
(7.02319e-07 -4.09433e-08 -0)
(7.17146e-07 -3.03026e-08 -0)
(7.31073e-07 -1.70376e-08 -0)
(7.43939e-07 -1.34928e-09 -0)
(7.55981e-07 1.63202e-08 -0)
(7.67981e-07 3.56921e-08 -0)
(7.81059e-07 5.72048e-08 -0)
(7.96264e-07 8.20365e-08 -0)
(8.14431e-07 1.11689e-07 -0)
(8.36384e-07 1.47867e-07 -0)
(8.63211e-07 1.92611e-07 -0)
(8.96658e-07 2.48589e-07 -0)
(9.39871e-07 3.19568e-07 -0)
(9.99244e-07 4.11408e-07 -0)
(1.08965e-06 5.34408e-07 -0)
(1.2519e-06 7.09269e-07 -0)
(1.62021e-06 9.8387e-07 -0)
(2.71421e-06 1.48588e-06 -0)
(3.95394e-06 6.85968e-05 -0)
(5.85811e-06 1.70373e-05 -0)
(4.13245e-06 5.79943e-06 -0)
(1.9395e-07 -1.74302e-08 -0)
(4.64782e-07 -2.13335e-07 -0)
(5.39018e-07 -1.62214e-07 -0)
(5.9633e-07 -1.25873e-07 -0)
(6.26533e-07 -1.00005e-07 -0)
(6.45357e-07 -8.55004e-08 -0)
(6.61233e-07 -7.75122e-08 -0)
(6.77343e-07 -7.1858e-08 -0)
(6.94394e-07 -6.5727e-08 -0)
(7.12044e-07 -5.74334e-08 -0)
(7.29549e-07 -4.61306e-08 -0)
(7.4608e-07 -3.16538e-08 -0)
(7.6103e-07 -1.45365e-08 -0)
(7.74522e-07 3.98351e-09 -0)
(7.87883e-07 2.26759e-08 -0)
(8.03169e-07 4.18646e-08 -0)
(8.22025e-07 6.3326e-08 -0)
(8.45455e-07 8.88151e-08 -0)
(8.74407e-07 1.19852e-07 -0)
(9.10262e-07 1.57958e-07 -0)
(9.55252e-07 2.04818e-07 -0)
(1.0132e-06 2.62187e-07 -0)
(1.09115e-06 3.31478e-07 -0)
(1.20266e-06 4.12424e-07 -0)
(1.37361e-06 4.98065e-07 -0)
(1.64566e-06 5.54725e-07 -0)
(2.02633e-06 4.40354e-07 -0)
(4.81485e-06 6.07209e-05 -0)
(5.73549e-06 1.51702e-05 -0)
(5.38411e-06 7.65996e-06 -0)
(3.54397e-06 4.49271e-06 -0)
(2.22613e-07 -6.67398e-08 -0)
(6.17459e-07 -2.62338e-07 -0)
(6.40988e-07 -1.54643e-07 -0)
(6.5241e-07 -1.12853e-07 -0)
(6.58077e-07 -9.71355e-08 -0)
(6.67938e-07 -9.16082e-08 -0)
(6.82766e-07 -8.86936e-08 -0)
(7.01308e-07 -8.44758e-08 -0)
(7.21916e-07 -7.69325e-08 -0)
(7.42925e-07 -6.5133e-08 -0)
(7.62667e-07 -4.89117e-08 -0)
(7.79576e-07 -2.91282e-08 -0)
(7.93193e-07 -8.52736e-09 -0)
(8.05862e-07 9.16172e-09 -0)
(8.21709e-07 2.42508e-08 -0)
(8.43214e-07 4.0587e-08 -0)
(8.70958e-07 6.03911e-08 -0)
(9.05527e-07 8.47675e-08 -0)
(9.48176e-07 1.14549e-07 -0)
(1.00089e-06 1.50534e-07 -0)
(1.06653e-06 1.92882e-07 -0)
(1.14948e-06 2.39892e-07 -0)
(1.25624e-06 2.85746e-07 -0)
(1.3942e-06 3.1584e-07 -0)
(1.5625e-06 2.96608e-07 -0)
(1.71913e-06 1.61169e-07 -0)
(6.32995e-06 5.71691e-05 -0)
(6.89564e-06 1.55415e-05 -0)
(6.96553e-06 9.1577e-06 -0)
(6.65288e-06 7.4953e-06 -0)
(1.40413e-06 1.1199e-06 -0)
(4.80874e-07 -1.87977e-07 -0)
(7.45818e-07 -1.18025e-07 -0)
(6.84041e-07 -9.96297e-08 -0)
(6.66602e-07 -9.85802e-08 -0)
(6.69675e-07 -1.03092e-07 -0)
(6.84476e-07 -1.06833e-07 -0)
(7.06155e-07 -1.06551e-07 -0)
(7.31387e-07 -1.00688e-07 -0)
(7.57569e-07 -8.85582e-08 -0)
(7.82084e-07 -6.97334e-08 -0)
(8.01414e-07 -4.45385e-08 -0)
(8.12812e-07 -1.81275e-08 -0)
(8.20661e-07 -1.75333e-09 -0)
(8.34594e-07 5.38631e-09 -0)
(8.58165e-07 1.43794e-08 -0)
(8.89635e-07 2.73921e-08 -0)
(9.28565e-07 4.42744e-08 -0)
(9.76028e-07 6.49351e-08 -0)
(1.03358e-06 8.9884e-08 -0)
(1.10256e-06 1.18915e-07 -0)
(1.18401e-06 1.49463e-07 -0)
(1.27861e-06 1.74829e-07 -0)
(1.38447e-06 1.82936e-07 -0)
(1.49099e-06 1.547e-07 -0)
(1.56856e-06 6.88837e-08 -0)
(8.37285e-06 4.49316e-05 -0)
(9.53763e-06 1.41469e-05 -0)
(9.78893e-06 9.26554e-06 -0)
(1.07734e-05 1.03319e-05 -0)
(3.70885e-06 6.25811e-06 -0)
(3.76848e-07 8.19359e-08 -0)
(7.2983e-07 -4.10171e-08 -0)
(6.71854e-07 -6.90615e-08 -0)
(6.54615e-07 -9.44642e-08 -0)
(6.59685e-07 -1.15347e-07 -0)
(6.79307e-07 -1.28994e-07 -0)
(7.07452e-07 -1.34208e-07 -0)
(7.39908e-07 -1.30712e-07 -0)
(7.7388e-07 -1.1868e-07 -0)
(8.06686e-07 -9.69268e-08 -0)
(8.31182e-07 -6.11664e-08 -0)
(8.35978e-07 -1.76936e-08 -0)
(8.29376e-07 -3.43748e-09 -0)
(8.37842e-07 -1.55869e-08 -0)
(8.6522e-07 -1.65606e-08 -0)
(9.00853e-07 -1.03286e-08 -0)
(9.4307e-07 -1.03437e-09 -0)
(9.93786e-07 1.02517e-08 -0)
(1.05487e-06 2.46947e-08 -0)
(1.12611e-06 4.36467e-08 -0)
(1.2054e-06 6.48316e-08 -0)
(1.28971e-06 8.17736e-08 -0)
(1.37408e-06 8.67228e-08 -0)
(1.44844e-06 7.04935e-08 -0)
(1.49555e-06 2.85604e-08 -0)
(1.49413e-05 3.73873e-05 -0)
(1.92555e-05 1.53207e-05 -0)
(2.06709e-05 1.12576e-05 -0)
(1.93872e-05 1.18532e-05 -0)
(2.01461e-05 1.45531e-05 -0)
(2.31692e-07 1.17202e-07 -0)
(5.89555e-07 -9.63063e-08 -0)
(6.30594e-07 -4.15357e-08 -0)
(6.20317e-07 -9.85396e-08 -0)
(6.35145e-07 -1.42734e-07 -0)
(6.65615e-07 -1.71562e-07 -0)
(7.04438e-07 -1.8583e-07 -0)
(7.46915e-07 -1.86966e-07 -0)
(7.91354e-07 -1.7683e-07 -0)
(8.39595e-07 -1.5541e-07 -0)
(8.8064e-07 -9.21648e-08 -0)
(8.70339e-07 -3.62901e-09 -0)
(8.10642e-07 7.32495e-10 -0)
(7.90343e-07 -1.34939e-08 -0)
(7.90166e-07 -1.58299e-08 -0)
(8.04328e-07 -1.3853e-08 -0)
(7.91539e-07 -1.07087e-08 -0)
(8.31647e-07 -7.99239e-09 -0)
(8.49697e-07 -4.15202e-09 -0)
(9.74599e-07 1.63438e-09 -0)
(1.09755e-06 1.0128e-08 -0)
(1.22066e-06 1.78887e-08 -0)
(1.33139e-06 2.17821e-08 -0)
(1.41478e-06 1.83124e-08 -0)
(1.46507e-06 7.12408e-09 -0)
(1.6463e-05 8.16354e-06 -0)
(2.96132e-05 8.86534e-06 -0)
(3.67326e-05 1.09575e-05 -0)
(3.97695e-05 1.48082e-05 -0)
(4.05687e-05 2.08697e-05 -0)
(3.85203e-05 2.44629e-05 -0)
(6.42794e-07 5.87884e-08 -0)
(6.33027e-07 -1.14329e-08 -0)
(4.75763e-07 -4.54067e-08 -0)
(4.73016e-07 -6.65254e-08 -0)
(4.85086e-07 -7.77284e-08 -0)
(5.01725e-07 -8.12996e-08 -0)
(5.1475e-07 -7.85936e-08 -0)
(5.34754e-07 -7.30873e-08 -0)
(5.80429e-07 -6.55545e-08 -0)
(7.52379e-07 -6.91115e-08 -0)
(1.17042e-05 -1.08304e-06 -0)
(4.0401e-05 -3.56095e-06 -0)
(5.36248e-05 -3.07516e-06 -0)
(6.52427e-05 -2.85939e-06 -0)
(7.66984e-05 -3.12565e-06 -0)
(8.91737e-05 -3.64553e-06 -0)
(0.000102839 -4.25233e-06 -0)
(0.000117883 -4.98989e-06 -0)
(0.000134287 -5.74916e-06 -0)
(0.000151837 -6.14676e-06 -0)
(0.000169643 -5.72229e-06 -0)
(0.000183274 -4.20022e-06 -0)
(0.000192066 -2.20326e-06 -0)
(0.000194339 -6.14597e-07 -0)
(9.34597e-06 -1.21299e-05 -0)
(2.49922e-05 -4.97002e-06 -0)
(3.50011e-05 1.65336e-06 -0)
(4.78975e-05 8.24194e-06 -0)
(5.25612e-05 1.45279e-05 -0)
(7.13697e-05 2.49229e-05 -0)
(6.5227e-05 2.53147e-05 -0)
(7.41323e-05 -3.04036e-07 -0)
(8.19224e-05 -3.24031e-06 -0)
(9.27206e-05 -4.41667e-06 -0)
(0.000105273 -4.96846e-06 -0)
(0.000118628 -5.13642e-06 -0)
(0.000131664 -4.96413e-06 -0)
(0.000144102 -4.79841e-06 -0)
(0.000155829 -5.33405e-06 -0)
(0.00016771 -1.35719e-05 -0)
(0.000180062 -2.87717e-05 -0)
(0.000188318 -2.72326e-05 -0)
(0.000195859 -2.06204e-05 -0)
(0.00020497 -1.85516e-05 -0)
(0.000215714 -1.96871e-05 -0)
(0.000229417 -2.22247e-05 -0)
(0.00024524 -2.46804e-05 -0)
(0.000262578 -2.70184e-05 -0)
(0.000279033 -2.92342e-05 -0)
(0.000296871 -3.1356e-05 -0)
(0.00031889 -2.9558e-05 -0)
(0.000334606 -2.0747e-05 -0)
(0.000343681 -1.00949e-05 -0)
(0.000345838 -2.73738e-06 -0)
(1.0424e-05 -2.87475e-05 -0)
(2.81187e-05 -1.7958e-05 -0)
(4.36965e-05 -9.33066e-06 -0)
(5.87317e-05 -2.2564e-06 -0)
(7.26811e-05 4.0818e-06 -0)
(9.01e-05 9.30118e-06 -0)
(0.000112769 6.65472e-06 -0)
(0.000130428 -8.9185e-06 -0)
(0.000149553 -1.76121e-05 -0)
(0.000169643 -2.17708e-05 -0)
(0.00018953 -2.35397e-05 -0)
(0.000209237 -2.38607e-05 -0)
(0.000227067 -2.27909e-05 -0)
(0.000244829 -2.12387e-05 -0)
(0.000256772 -2.02936e-05 -0)
(0.000265373 -2.29674e-05 -0)
(0.000262016 -2.64735e-05 -0)
(0.000256407 -2.56015e-05 -0)
(0.000252841 -2.31152e-05 -0)
(0.000252423 -2.34979e-05 -0)
(0.000253269 -2.72367e-05 -0)
(0.000258784 -3.31788e-05 -0)
(0.000265944 -3.7458e-05 -0)
(0.000275663 -3.84002e-05 -0)
(0.000275754 -3.78861e-05 -0)
(0.000279188 -4.47582e-05 -0)
(0.000288174 -4.62537e-05 -0)
(0.000293945 -2.94735e-05 -0)
(0.000294028 -1.16711e-05 -0)
(0.000295203 -3.70267e-06 -0)
(1.66439e-05 -5.06575e-05 -0)
(4.55494e-05 -3.52544e-05 -0)
(6.75872e-05 -2.60024e-05 -0)
(8.54336e-05 -1.8719e-05 -0)
(0.000106271 -1.45996e-05 -0)
(0.000127923 -1.4242e-05 -0)
(0.000156927 -2.07667e-05 -0)
(0.000180069 -3.15689e-05 -0)
(0.000202067 -4.00758e-05 -0)
(0.000219651 -4.31637e-05 -0)
(0.000234761 -4.30991e-05 -0)
(0.000245314 -4.14619e-05 -0)
(0.000254212 -3.96158e-05 -0)
(0.000266442 -3.50282e-05 -0)
(0.000268514 -2.59956e-05 -0)
(0.000265239 -1.99482e-05 -0)
(0.00025682 -1.75707e-05 -0)
(0.000248002 -1.68017e-05 -0)
(0.000238872 -1.66128e-05 -0)
(0.000232201 -1.88656e-05 -0)
(0.000223601 -2.45326e-05 -0)
(0.000219162 -3.43883e-05 -0)
(0.0002142 -4.1856e-05 -0)
(0.00021535 -3.86238e-05 -0)
(0.000199673 -2.71196e-05 -0)
(0.000194923 -4.03781e-05 -0)
(0.000174977 -5.18849e-05 -0)
(0.00016593 -3.0075e-05 -0)
(0.000164565 -5.42902e-06 -0)
(0.000161055 -5.05515e-06 -0)
(9.15675e-05 -8.22656e-05 -0)
(9.4338e-05 -6.36937e-05 -0)
(0.000100071 -4.73125e-05 -0)
(0.000109808 -3.88867e-05 -0)
(0.000124836 -3.68046e-05 -0)
(0.000141776 -3.94008e-05 -0)
(0.000162777 -4.59234e-05 -0)
(0.000180123 -5.23448e-05 -0)
(0.000196239 -5.62083e-05 -0)
(0.000202197 -5.35512e-05 -0)
(0.000208375 -4.84181e-05 -0)
(0.000202136 -4.19672e-05 -0)
(0.000199772 -4.39436e-05 -0)
(0.000203316 -3.95445e-05 -0)
(0.000196449 -1.91435e-05 -0)
(0.000189099 -1.04916e-05 -0)
(0.000181119 -7.80133e-06 -0)
(0.000174015 -7.23472e-06 -0)
(0.000165924 -7.24795e-06 -0)
(0.00015938 -8.95148e-06 -0)
(0.000148334 -1.29085e-05 -0)
(0.000139102 -2.37399e-05 -0)
(0.000125744 -3.5772e-05 -0)
(0.000112698 -3.59786e-05 -0)
(9.77985e-05 -7.09186e-06 -0)
(0.000102225 -1.41691e-05 -0)
(3.30861e-05 -7.4526e-06 -0)
(1.78984e-06 -5.59621e-07 -0)
(1.70739e-06 -8.06066e-07 -0)
(7.63482e-07 -1.21897e-06 -0)
(8.24603e-05 -6.03416e-05 -0)
(7.94302e-05 -5.13863e-05 -0)
(7.97427e-05 -4.41097e-05 -0)
(9.11899e-05 -4.43485e-05 -0)
(0.00010394 -4.67591e-05 -0)
(0.000119948 -5.27354e-05 -0)
(0.000137912 -6.00552e-05 -0)
(0.000153758 -6.47798e-05 -0)
(0.000161942 -6.24876e-05 -0)
(0.000156992 -5.40488e-05 -0)
(0.000156308 -4.37221e-05 -0)
(0.000135968 -2.76772e-05 -0)
(0.000134615 -3.82637e-05 -0)
(0.000112303 -4.45889e-05 -0)
(0.000109423 -6.59581e-06 -0)
(0.000102821 -2.34903e-06 -0)
(9.74618e-05 -1.6264e-06 -0)
(9.36698e-05 -1.51806e-06 -0)
(8.88118e-05 -1.5243e-06 -0)
(8.68061e-05 -1.97743e-06 -0)
(7.72613e-05 -2.93175e-06 -0)
(7.57075e-05 -7.47675e-06 -0)
(4.76754e-05 -9.74657e-06 -0)
(1.17988e-06 -2.25097e-07 -0)
(1.30301e-06 -2.85457e-07 -0)
(9.49582e-07 -3.1406e-07 -0)
(9.36877e-07 -3.72228e-07 -0)
(1.028e-06 -8.10084e-07 -0)
(9.32024e-07 -1.43523e-06 -0)
(3.84709e-07 -1.97843e-06 -0)
(8.78171e-05 -5.79496e-05 -0)
(9.06596e-05 -5.85702e-05 -0)
(8.96492e-05 -5.59852e-05 -0)
(0.000101887 -6.18629e-05 -0)
(0.00010516 -6.31879e-05 -0)
(0.000118978 -7.21473e-05 -0)
(0.000130022 -7.76884e-05 -0)
(0.000137157 -7.61251e-05 -0)
(0.00012462 -5.93495e-05 -0)
(0.000110504 -4.50393e-05 -0)
(9.00253e-05 -3.73958e-05 -0)
(7.34011e-05 -7.28289e-06 -0)
(7.43074e-05 -1.50098e-05 -0)
(2.52185e-06 -3.19688e-07 -0)
(9.95659e-07 -6.84881e-08 -0)
(8.25162e-07 -6.4062e-08 -0)
(8.31537e-07 -6.63333e-08 -0)
(8.4914e-07 -7.35064e-08 -0)
(8.42536e-07 -8.44691e-08 -0)
(8.19999e-07 -9.48519e-08 -0)
(7.69815e-07 -1.04802e-07 -0)
(7.10035e-07 -9.40974e-08 -0)
(7.72703e-07 -6.28122e-08 -0)
(9.59561e-07 -8.81187e-08 -0)
(9.89006e-07 -4.74937e-07 -0)
(8.74939e-07 -5.72477e-07 -0)
(8.07009e-07 -6.70347e-07 -0)
(7.43315e-07 -8.36443e-07 -0)
(5.72665e-07 -1.13279e-06 -0)
(2.20286e-07 -1.37343e-06 -0)
(8.92789e-05 -5.47062e-05 -0)
(8.65752e-05 -5.4665e-05 -0)
(8.30309e-05 -5.52065e-05 -0)
(8.97022e-05 -6.28621e-05 -0)
(8.53035e-05 -6.36238e-05 -0)
(0.000100767 -7.87111e-05 -0)
(0.000102179 -7.83683e-05 -0)
(9.54621e-05 -6.58454e-05 -0)
(6.41005e-05 -4.11265e-05 -0)
(5.15813e-05 -1.40858e-05 -0)
(7.16077e-07 -8.54456e-08 -0)
(8.48546e-07 -4.36789e-08 -0)
(6.78338e-07 5.00537e-08 -0)
(9.2095e-07 2.0317e-07 -0)
(1.02058e-06 -7.52321e-08 -0)
(9.34981e-07 -1.08423e-07 -0)
(8.87652e-07 -1.20571e-07 -0)
(8.57685e-07 -1.34488e-07 -0)
(8.3129e-07 -1.5312e-07 -0)
(8.02958e-07 -1.71154e-07 -0)
(7.70945e-07 -1.86976e-07 -0)
(7.48596e-07 -1.78765e-07 -0)
(7.70177e-07 -1.53788e-07 -0)
(8.21254e-07 -2.13315e-07 -0)
(8.18652e-07 -3.76723e-07 -0)
(7.54172e-07 -4.92141e-07 -0)
(6.72911e-07 -6.01475e-07 -0)
(5.65565e-07 -7.34258e-07 -0)
(3.95031e-07 -8.93789e-07 -0)
(1.44062e-07 -1.00908e-06 -0)
(8.91097e-05 -5.04549e-05 -0)
(8.39521e-05 -5.15667e-05 -0)
(8.21863e-05 -5.68715e-05 -0)
(8.24261e-05 -6.47326e-05 -0)
(7.73771e-05 -6.95464e-05 -0)
(9.06048e-05 -8.82995e-05 -0)
(7.4102e-05 -7.15912e-05 -0)
(4.85152e-05 -4.33722e-05 -0)
(2.49293e-06 -7.87981e-07 -0)
(7.7318e-07 -3.30105e-08 -0)
(7.7975e-07 1.10009e-07 -0)
(8.05682e-07 -3.69113e-08 -0)
(7.91232e-07 6.96563e-08 -0)
(8.66093e-07 9.9565e-08 -0)
(9.09659e-07 -8.76233e-09 -0)
(8.91173e-07 -6.02253e-08 -0)
(8.64283e-07 -8.79767e-08 -0)
(8.38656e-07 -1.08227e-07 -0)
(8.13499e-07 -1.26509e-07 -0)
(7.87685e-07 -1.43154e-07 -0)
(7.62263e-07 -1.57452e-07 -0)
(7.43224e-07 -1.66898e-07 -0)
(7.38153e-07 -1.82163e-07 -0)
(7.36626e-07 -2.34493e-07 -0)
(7.1018e-07 -3.26496e-07 -0)
(6.50187e-07 -4.17888e-07 -0)
(5.64892e-07 -5.09168e-07 -0)
(4.51001e-07 -6.05328e-07 -0)
(2.97839e-07 -6.99021e-07 -0)
(1.04991e-07 -7.60028e-07 -0)
(8.83286e-05 -4.4767e-05 -0)
(8.12095e-05 -4.68479e-05 -0)
(7.75497e-05 -5.3299e-05 -0)
(6.9792e-05 -5.88339e-05 -0)
(6.60924e-05 -6.87027e-05 -0)
(6.67355e-05 -7.91859e-05 -0)
(3.76258e-05 -4.39877e-05 -0)
(6.95551e-07 -5.77201e-07 -0)
(7.09553e-07 -3.40411e-08 -0)
(7.99927e-07 -2.4882e-08 -0)
(8.00223e-07 2.58081e-08 -0)
(8.08194e-07 8.39088e-09 -0)
(8.14816e-07 3.2183e-08 -0)
(8.42533e-07 3.44655e-08 -0)
(8.60791e-07 -5.47736e-09 -0)
(8.55767e-07 -3.9986e-08 -0)
(8.39651e-07 -6.51952e-08 -0)
(8.19153e-07 -8.48724e-08 -0)
(7.96363e-07 -1.0191e-07 -0)
(7.72016e-07 -1.17589e-07 -0)
(7.47201e-07 -1.32781e-07 -0)
(7.23885e-07 -1.49213e-07 -0)
(7.02582e-07 -1.73476e-07 -0)
(6.7692e-07 -2.16e-07 -0)
(6.35257e-07 -2.76882e-07 -0)
(5.715e-07 -3.43753e-07 -0)
(4.85471e-07 -4.11982e-07 -0)
(3.75712e-07 -4.7886e-07 -0)
(2.40331e-07 -5.36938e-07 -0)
(8.30543e-08 -5.71982e-07 -0)
(8.71522e-05 -3.7247e-05 -0)
(7.88653e-05 -4.0089e-05 -0)
(7.12555e-05 -4.56978e-05 -0)
(6.07022e-05 -5.19645e-05 -0)
(5.55147e-05 -6.44201e-05 -0)
(4.1682e-05 -6.28935e-05 -0)
(5.17205e-06 -1.35175e-05 -0)
(5.19822e-07 -6.55822e-08 -0)
(9.17833e-07 1.13204e-08 -0)
(8.33111e-07 6.00624e-09 -0)
(8.13022e-07 1.47111e-08 -0)
(8.12056e-07 1.24839e-08 -0)
(8.17307e-07 1.62192e-08 -0)
(8.28432e-07 1.159e-08 -0)
(8.35207e-07 -7.62777e-09 -0)
(8.31455e-07 -2.90476e-08 -0)
(8.19397e-07 -4.79482e-08 -0)
(8.01941e-07 -6.41587e-08 -0)
(7.80783e-07 -7.86707e-08 -0)
(7.56814e-07 -9.25093e-08 -0)
(7.30639e-07 -1.06868e-07 -0)
(7.02529e-07 -1.23697e-07 -0)
(6.71366e-07 -1.46527e-07 -0)
(6.33219e-07 -1.79146e-07 -0)
(5.82428e-07 -2.21282e-07 -0)
(5.15087e-07 -2.68256e-07 -0)
(4.29784e-07 -3.16147e-07 -0)
(3.26045e-07 -3.61194e-07 -0)
(2.04717e-07 -3.97892e-07 -0)
(6.99478e-08 -4.1898e-07 -0)
(8.62264e-05 -2.81018e-05 -0)
(7.66197e-05 -3.08788e-05 -0)
(6.52573e-05 -3.52094e-05 -0)
(5.34066e-05 -4.1873e-05 -0)
(4.10651e-05 -4.96904e-05 -0)
(1.68809e-05 -3.54423e-05 -0)
(2.3055e-07 -1.39775e-07 -0)
(6.73083e-07 1.6757e-07 -0)
(7.81598e-07 5.57959e-08 -0)
(8.03317e-07 2.28774e-08 -0)
(8.067e-07 1.45458e-08 -0)
(8.09702e-07 1.06147e-08 -0)
(8.13922e-07 8.61667e-09 -0)
(8.18686e-07 3.29941e-09 -0)
(8.20153e-07 -7.57886e-09 -0)
(8.15447e-07 -2.06323e-08 -0)
(8.0454e-07 -3.33939e-08 -0)
(7.8843e-07 -4.51427e-08 -0)
(7.68012e-07 -5.61068e-08 -0)
(7.43818e-07 -6.69095e-08 -0)
(7.16013e-07 -7.84816e-08 -0)
(6.84226e-07 -9.2175e-08 -0)
(6.47133e-07 -1.09787e-07 -0)
(6.02166e-07 -1.32774e-07 -0)
(5.46147e-07 -1.60844e-07 -0)
(4.76636e-07 -1.91841e-07 -0)
(3.92534e-07 -2.23155e-07 -0)
(2.93967e-07 -2.51876e-07 -0)
(1.82545e-07 -2.74457e-07 -0)
(6.19669e-08 -2.87064e-07 -0)
(8.56543e-05 -1.75426e-05 -0)
(7.46719e-05 -1.94983e-05 -0)
(6.07417e-05 -2.24558e-05 -0)
(4.74266e-05 -2.73457e-05 -0)
(2.75633e-05 -2.81625e-05 -0)
(6.70697e-06 -1.96632e-05 -0)
(3.27571e-07 -8.9949e-08 -0)
(7.72506e-07 1.62981e-08 -0)
(7.7314e-07 2.3074e-08 -0)
(7.9186e-07 1.51631e-08 -0)
(8.0076e-07 9.98068e-09 -0)
(8.06127e-07 6.80886e-09 -0)
(8.09992e-07 4.3293e-09 -0)
(8.12237e-07 5.65649e-10 -0)
(8.11275e-07 -5.3599e-09 -0)
(8.0564e-07 -1.25132e-08 -0)
(7.94886e-07 -1.98555e-08 -0)
(7.79228e-07 -2.69118e-08 -0)
(7.59016e-07 -3.37015e-08 -0)
(7.34439e-07 -4.05426e-08 -0)
(7.05374e-07 -4.79756e-08 -0)
(6.71223e-07 -5.67399e-08 -0)
(6.30766e-07 -6.76707e-08 -0)
(5.82163e-07 -8.13218e-08 -0)
(5.23361e-07 -9.7479e-08 -0)
(4.52776e-07 -1.15109e-07 -0)
(3.69749e-07 -1.32755e-07 -0)
(2.74743e-07 -1.48698e-07 -0)
(1.69529e-07 -1.60996e-07 -0)
(5.73408e-08 -1.67756e-07 -0)
(8.59001e-05 -6.00823e-06 -0)
(7.27256e-05 -6.5995e-06 -0)
(5.93922e-05 -7.91868e-06 -0)
(4.18861e-05 -8.992e-06 -0)
(2.33193e-05 -9.33228e-06 -0)
(5.45929e-06 -6.04727e-06 -0)
(3.66746e-07 -2.38057e-08 -0)
(8.04867e-07 -2.60106e-09 -0)
(7.80463e-07 5.03892e-09 -0)
(7.90224e-07 4.72119e-09 -0)
(7.98346e-07 3.40232e-09 -0)
(8.04051e-07 2.30764e-09 -0)
(8.07679e-07 1.32591e-09 -0)
(8.08996e-07 -5.24689e-12 -0)
(8.07074e-07 -1.9145e-09 -0)
(8.00951e-07 -4.2063e-09 -0)
(7.90141e-07 -6.6031e-09 -0)
(7.74585e-07 -8.95164e-09 -0)
(7.54381e-07 -1.12466e-08 -0)
(7.29544e-07 -1.35861e-08 -0)
(6.99816e-07 -1.61418e-08 -0)
(6.64531e-07 -1.91437e-08 -0)
(6.22551e-07 -2.28345e-08 -0)
(5.72357e-07 -2.73595e-08 -0)
(5.12359e-07 -3.26402e-08 -0)
(4.4136e-07 -3.8361e-08 -0)
(3.58945e-07 -4.4056e-08 -0)
(2.65725e-07 -4.91652e-08 -0)
(1.63487e-07 -5.30735e-08 -0)
(5.52071e-08 -5.52071e-08 -0)
)
;

boundaryField
{
    inlet1
    {
        type            extrapolatedCalculated;
        value           nonuniform List<vector> 10((1e-05 3.03268e-05 -0) (1e-05 9.09452e-05 -0) (1e-05 0.000164666 -0) (1e-05 0.000252492 -0) (1e-05 0.000343389 -0) (1e-05 0.000430609 -0) (1e-05 0.000515942 -0) (1e-05 0.000613926 -0) (1e-05 0.000740267 -0) (1e-05 0.000884788 -0));
    }
    inlet2
    {
        type            extrapolatedCalculated;
        value           nonuniform List<vector> 10((-0 7.25533e-05 -0) (-0 6.85968e-05 -0) (-0 6.07209e-05 -0) (-0 5.71691e-05 -0) (-0 4.49316e-05 -0) (-0 3.73873e-05 -0) (-0 8.16354e-06 -0) (-0 -1.21299e-05 -0) (-0 -2.87475e-05 -0) (-0 -5.06575e-05 -0));
    }
    inlet3
    {
        type            extrapolatedCalculated;
        value           nonuniform List<vector> 10((9.13394e-05 -7.4389e-05 -0) (9.13394e-05 -6.57582e-05 -0) (9.13394e-05 -6.01788e-05 -0) (9.13394e-05 -5.57292e-05 -0) (9.13394e-05 -5.08838e-05 -0) (9.13394e-05 -4.48329e-05 -0) (9.13394e-05 -3.71907e-05 -0) (9.13394e-05 -2.79518e-05 -0) (9.13394e-05 -1.73747e-05 -0) (9.13394e-05 -5.89979e-06 -0));
    }
    output1
    {
        type            extrapolatedCalculated;
        value           nonuniform List<vector> 10((-0 4.22558e-08 -0) (-0 1.28135e-07 -0) (-0 2.18314e-07 -0) (-0 3.16393e-07 -0) (-0 4.27363e-07 -0) (-0 5.5897e-07 -0) (-0 7.24657e-07 -0) (-0 9.50744e-07 -0) (-0 1.29619e-06 -0) (-0 1.91365e-06 -0));
    }
    output2
    {
        type            extrapolatedCalculated;
        value           nonuniform List<vector> 10((3.54656e-06 1.48588e-06 -0) (2.2395e-06 4.40354e-07 -0) (1.78514e-06 1.61169e-07 -0) (1.59483e-06 6.88837e-08 -0) (1.50961e-06 2.85604e-08 -0) (1.47612e-06 7.12408e-09 -0) (0.000195816 -6.14597e-07 -0) (0.000347831 -2.73738e-06 -0) (0.000295917 -3.70267e-06 -0) (0.00016168 -5.05515e-06 -0));
    }
    output3
    {
        type            extrapolatedCalculated;
        value           nonuniform List<vector> 10((-0 -1.21897e-06 -0) (-0 -1.97843e-06 -0) (-0 -1.37343e-06 -0) (-0 -1.00908e-06 -0) (-0 -7.60028e-07 -0) (-0 -5.71982e-07 -0) (-0 -4.1898e-07 -0) (-0 -2.87064e-07 -0) (-0 -1.67756e-07 -0) (-0 -5.52071e-08 -0));
    }
    up
    {
        type            extrapolatedCalculated;
        value           nonuniform List<vector> 
30
(
(8.59001e-05 -0 -0)
(7.27256e-05 -0 -0)
(5.93922e-05 -0 -0)
(4.18861e-05 -0 -0)
(2.33193e-05 -0 -0)
(5.45929e-06 -0 -0)
(3.66746e-07 -0 -0)
(8.04867e-07 -0 -0)
(7.80463e-07 -0 -0)
(7.90224e-07 -0 -0)
(7.98346e-07 -0 -0)
(8.04051e-07 -0 -0)
(8.07679e-07 -0 -0)
(8.08996e-07 -0 -0)
(8.07074e-07 -0 -0)
(8.00951e-07 -0 -0)
(7.90141e-07 -0 -0)
(7.74585e-07 -0 -0)
(7.54381e-07 -0 -0)
(7.29544e-07 -0 -0)
(6.99816e-07 -0 -0)
(6.64531e-07 -0 -0)
(6.22551e-07 -0 -0)
(5.72357e-07 -0 -0)
(5.12359e-07 -0 -0)
(4.4136e-07 -0 -0)
(3.58945e-07 -0 -0)
(2.65725e-07 -0 -0)
(1.63487e-07 -0 -0)
(5.52071e-08 -0 -0)
)
;
    }
    down
    {
        type            extrapolatedCalculated;
        value           nonuniform List<vector> 
30
(
(2.70066e-06 -0 -0)
(1.22322e-06 -0 -0)
(1.36988e-06 -0 -0)
(2.76149e-07 -0 -0)
(7.46357e-07 -0 -0)
(6.7828e-07 -0 -0)
(6.74733e-07 -0 -0)
(6.70699e-07 -0 -0)
(6.66987e-07 -0 -0)
(6.63827e-07 -0 -0)
(6.61072e-07 -0 -0)
(6.58389e-07 -0 -0)
(6.55363e-07 -0 -0)
(6.51546e-07 -0 -0)
(6.46475e-07 -0 -0)
(6.39672e-07 -0 -0)
(6.30629e-07 -0 -0)
(6.18804e-07 -0 -0)
(6.03601e-07 -0 -0)
(5.84372e-07 -0 -0)
(5.60407e-07 -0 -0)
(5.30952e-07 -0 -0)
(4.95239e-07 -0 -0)
(4.52537e-07 -0 -0)
(4.02248e-07 -0 -0)
(3.44027e-07 -0 -0)
(2.7794e-07 -0 -0)
(2.04621e-07 -0 -0)
(1.25389e-07 -0 -0)
(4.22524e-08 -0 -0)
)
;
    }
    emptyWalls
    {
        type            empty;
    }
}


// ************************************************************************* //
