/*--------------------------------*- C++ -*----------------------------------*\
  =========                 |
  \\      /  F ield         | OpenFOAM: The Open Source CFD Toolbox
   \\    /   O peration     | Website:  https://openfoam.org
    \\  /    A nd           | Version:  9
     \\/     M anipulation  |
\*---------------------------------------------------------------------------*/
FoamFile
{
    format      ascii;
    class       volScalarField;
    location    "27500";
    object      alpha;
}
// * * * * * * * * * * * * * * * * * * * * * * * * * * * * * * * * * * * * * //

dimensions      [0 2 -1 0 0 0 0];

internalField   nonuniform List<scalar> 
900
(
-1.80005e-10
-4.74039e-12
-5.93148e-11
-5.16155e-12
-3.86271e-14
-4.0652e-14
-4.0652e-14
-4.0652e-14
-4.0652e-14
-4.0652e-14
-4.0652e-14
-4.0652e-14
-4.0652e-14
-4.0652e-14
-4.0652e-14
-4.0652e-14
-4.0652e-14
-4.0652e-14
-4.0652e-14
-4.0652e-14
-4.0652e-14
-4.0652e-14
-4.0652e-14
-4.0652e-14
-4.0652e-14
-4.0652e-14
-4.0652e-14
-4.0652e-14
-4.0652e-14
-4.0652e-14
-1.69672e-10
-2.61433e-10
-7.2576e-11
-8.8507e-12
-2.79046e-14
-4.0652e-14
-4.0652e-14
-4.0652e-14
-4.0652e-14
-4.0652e-14
-4.0652e-14
-4.0652e-14
-4.0652e-14
-4.0652e-14
-4.0652e-14
-4.0652e-14
-4.0652e-14
-4.0652e-14
-4.0652e-14
-4.0652e-14
-4.0652e-14
-4.0652e-14
-4.0652e-14
-4.0652e-14
-4.0652e-14
-4.0652e-14
-4.0652e-14
-4.0652e-14
-4.0652e-14
-4.0652e-14
-2.59115e-10
-1.37472e-11
-9.01131e-12
-1.05979e-12
-4.02337e-14
-4.0652e-14
-4.0652e-14
-4.0652e-14
-4.0652e-14
-4.0652e-14
-4.0652e-14
-4.0652e-14
-4.0652e-14
-4.0652e-14
-4.0652e-14
-4.0652e-14
-4.0652e-14
-4.0652e-14
-4.0652e-14
-4.0652e-14
-4.0652e-14
-4.0652e-14
-4.0652e-14
-4.0652e-14
-4.0652e-14
-4.0652e-14
-4.0652e-14
-4.0652e-14
-4.0652e-14
-4.0652e-14
-2.67945e-10
-1.22728e-10
-1.35981e-11
-6.4139e-14
-4.06414e-14
-4.0652e-14
-4.0652e-14
-4.0652e-14
-4.0652e-14
-4.0652e-14
-4.0652e-14
-4.0652e-14
-4.0652e-14
-4.0652e-14
-4.0652e-14
-4.0652e-14
-4.0652e-14
-4.0652e-14
-4.0652e-14
-4.0652e-14
-4.0652e-14
-4.0652e-14
-4.0652e-14
-4.0652e-14
-4.0652e-14
-4.0652e-14
-4.0652e-14
-4.0652e-14
-4.0652e-14
-4.0652e-14
-2.56658e-10
-1.91335e-11
-1.02374e-11
-3.1437e-14
-4.06506e-14
-4.0652e-14
-4.0652e-14
-4.0652e-14
-4.0652e-14
-4.0652e-14
-4.0652e-14
-4.0652e-14
-4.0652e-14
-4.0652e-14
-4.0652e-14
-4.0652e-14
-4.0652e-14
-4.0652e-14
-4.0652e-14
-4.0652e-14
-4.0652e-14
-4.0652e-14
-4.0652e-14
-4.0652e-14
-4.0652e-14
-4.0652e-14
-4.0652e-14
-4.0652e-14
-4.0652e-14
-4.0652e-14
-2.80901e-10
-1.74237e-10
-1.61839e-11
-2.74877e-14
-4.0652e-14
-4.0652e-14
-4.0652e-14
-4.0652e-14
-4.0652e-14
-4.0652e-14
-4.0652e-14
-4.0652e-14
-4.0652e-14
-4.0652e-14
-4.0652e-14
-4.0652e-14
-4.0652e-14
-4.0652e-14
-4.0652e-14
-4.0652e-14
-4.0652e-14
-4.0652e-14
-4.0652e-14
-4.0652e-14
-4.0652e-14
-4.0652e-14
-4.0652e-14
-4.0652e-14
-4.0652e-14
-4.0652e-14
-2.78067e-10
-5.36523e-11
-1.28443e-11
-3.11009e-14
-4.0652e-14
-4.0652e-14
-4.0652e-14
-4.0652e-14
-4.0652e-14
-4.0652e-14
-4.0652e-14
-4.0652e-14
-4.0652e-14
-4.0652e-14
-4.0652e-14
-4.0652e-14
-4.0652e-14
-4.0652e-14
-4.0652e-14
-4.0652e-14
-4.0652e-14
-4.0652e-14
-4.0652e-14
-4.0652e-14
-4.0652e-14
-4.0652e-14
-4.0652e-14
-4.0652e-14
-4.0652e-14
-4.0652e-14
-3.39001e-10
-1.20551e-10
-1.6373e-11
-3.51307e-14
-4.0652e-14
-4.0652e-14
-4.0652e-14
-4.0652e-14
-4.0652e-14
-4.0652e-14
-4.0652e-14
-4.0652e-14
-4.0652e-14
-4.0652e-14
-4.0652e-14
-4.0652e-14
-4.0652e-14
-4.0652e-14
-4.0652e-14
-4.0652e-14
-4.0652e-14
-4.0652e-14
-4.0652e-14
-4.0652e-14
-4.0652e-14
-4.0652e-14
-4.0652e-14
-4.0652e-14
-4.0652e-14
-4.0652e-14
-3.53399e-10
-1.26193e-10
-1.61993e-11
-3.80099e-14
-4.0652e-14
-4.0652e-14
-4.0652e-14
-4.0652e-14
-4.0652e-14
-4.0652e-14
-4.0652e-14
-4.0652e-14
-4.0652e-14
-4.0652e-14
-4.0652e-14
-4.0652e-14
-4.0652e-14
-4.0652e-14
-4.0652e-14
-4.0652e-14
-4.0652e-14
-4.0652e-14
-4.0652e-14
-4.0652e-14
-4.0652e-14
-4.0652e-14
-4.0652e-14
-4.0652e-14
-4.0652e-14
-4.0652e-14
-5.10078e-10
-1.35817e-10
-3.70189e-11
-3.76593e-14
-4.0652e-14
-4.0652e-14
-4.0652e-14
-4.0652e-14
-4.0652e-14
-4.0652e-14
-4.0652e-14
-4.0652e-14
-4.0652e-14
-4.0652e-14
-4.0652e-14
-4.0652e-14
-4.0652e-14
-4.0652e-14
-4.0652e-14
-4.0652e-14
-4.0652e-14
-4.0652e-14
-4.0652e-14
-4.0652e-14
-4.0652e-14
-4.0652e-14
-4.0652e-14
-4.0652e-14
-4.0652e-14
-4.0652e-14
-6.34686e-10
-2.69307e-10
-1.21337e-11
-9.03498e-13
-4.05419e-14
-4.0652e-14
-4.0652e-14
-4.0652e-14
-4.0652e-14
-4.0652e-14
-4.0652e-14
-4.0652e-14
-4.0652e-14
-4.0652e-14
-4.0652e-14
-4.0652e-14
-4.0652e-14
-4.0652e-14
-4.0652e-14
-4.0652e-14
-4.0652e-14
-4.0652e-14
-4.0652e-14
-4.0652e-14
-4.0652e-14
-4.0652e-14
-4.0652e-14
-4.0652e-14
-4.0652e-14
-4.0652e-14
-7.23963e-10
-3.57235e-10
-1.68084e-10
-2.49221e-11
-6.7696e-12
-3.10744e-14
-4.06517e-14
-4.06518e-14
-4.06519e-14
-4.06519e-14
-4.06519e-14
-4.0652e-14
-4.0652e-14
-4.0652e-14
-4.0652e-14
-4.0652e-14
-4.0652e-14
-4.0652e-14
-4.0652e-14
-4.0652e-14
-4.0652e-14
-4.0652e-14
-4.0652e-14
-4.0652e-14
-4.0652e-14
-4.0652e-14
-4.0652e-14
-4.0652e-14
-4.0652e-14
-4.0652e-14
-7.10568e-10
-2.17973e-10
-1.54295e-10
-7.84699e-11
-4.10625e-11
-2.03932e-11
-1.62474e-11
-1.55706e-11
-1.62524e-11
-1.44625e-11
-1.58282e-11
-3.83501e-14
-3.73932e-14
-3.68979e-14
-3.63603e-14
-3.60626e-14
-3.59758e-14
-3.60148e-14
-3.61747e-14
-3.63779e-14
-3.65202e-14
-3.66638e-14
-3.67932e-14
-3.70471e-14
-3.7364e-14
-3.80491e-14
-3.8705e-14
-3.93384e-14
-3.99204e-14
-4.04421e-14
-9.5576e-11
-1.12085e-10
-5.88394e-11
-4.79482e-11
-4.21506e-11
-3.30794e-11
-3.03207e-11
-2.57737e-11
-2.80253e-11
-2.19668e-11
-2.15975e-11
-1.05531e-11
-8.38309e-12
-8.00841e-12
-7.90192e-12
-7.96543e-12
-8.17881e-12
-8.4409e-12
-8.67956e-12
-8.84736e-12
-8.97537e-12
-9.07521e-12
-9.19668e-12
-9.31877e-12
-9.5005e-12
-9.67514e-12
-9.92345e-12
-1.0087e-11
-1.02816e-11
-1.02184e-11
-2.86515e-11
-2.93921e-11
-2.08365e-11
-2.0824e-11
-2.34072e-11
-2.37587e-11
-2.3474e-11
-2.12828e-11
-2.08895e-11
-1.87296e-11
-1.79313e-11
-1.70988e-11
-1.46829e-11
-1.3694e-11
-1.3475e-11
-1.35769e-11
-1.38363e-11
-1.4117e-11
-1.43642e-11
-1.45024e-11
-1.4602e-11
-1.46243e-11
-1.47007e-11
-1.47171e-11
-1.48731e-11
-1.49473e-11
-1.52753e-11
-1.54364e-11
-1.58521e-11
-1.57044e-11
-2.45418e-11
-1.92862e-11
-1.89621e-11
-1.7956e-11
-1.78923e-11
-1.79242e-11
-1.76664e-11
-1.68811e-11
-1.60771e-11
-1.57038e-11
-1.53658e-11
-1.63056e-11
-1.5814e-11
-1.5241e-11
-1.50453e-11
-1.50884e-11
-1.52161e-11
-1.53454e-11
-1.5432e-11
-1.54804e-11
-1.54994e-11
-1.552e-11
-1.55658e-11
-1.56125e-11
-1.57395e-11
-1.58035e-11
-1.61234e-11
-1.63204e-11
-1.698e-11
-1.69545e-11
-1.8247e-11
-1.69542e-11
-1.62005e-11
-1.60748e-11
-1.61907e-11
-1.62533e-11
-1.60893e-11
-1.57214e-11
-1.52135e-11
-1.5006e-11
-1.49445e-11
-1.53061e-11
-1.54314e-11
-1.53287e-11
-1.52786e-11
-1.53275e-11
-1.54175e-11
-1.55444e-11
-1.56805e-11
-1.59022e-11
-1.611e-11
-1.64523e-11
-1.66888e-11
-1.70758e-11
-1.72158e-11
-1.74364e-11
-1.74335e-11
-1.75096e-11
-1.79689e-11
-1.82464e-11
-1.74132e-11
-1.56663e-11
-1.58363e-11
-1.64689e-11
-1.70702e-11
-1.74643e-11
-1.76149e-11
-1.75648e-11
-1.74109e-11
-1.72954e-11
-1.72716e-11
-1.73477e-11
-1.74722e-11
-1.75269e-11
-1.7579e-11
-1.76053e-11
-1.77287e-11
-1.78785e-11
-1.81766e-11
-1.85024e-11
-1.88788e-11
-1.92563e-11
-1.94464e-11
-1.9739e-11
-1.94555e-11
-1.94849e-11
-1.84372e-11
-1.79842e-11
-1.69614e-11
-1.72689e-11
-1.55547e-11
-1.577e-11
-1.71682e-11
-1.86223e-11
-1.96807e-11
-2.02959e-11
-2.061e-11
-2.07195e-11
-2.07702e-11
-2.07812e-11
-2.08589e-11
-2.09019e-11
-2.10213e-11
-2.09963e-11
-2.10032e-11
-2.08486e-11
-2.09036e-11
-2.08175e-11
-2.10479e-11
-2.09495e-11
-2.117e-11
-2.08331e-11
-2.08237e-11
-2.02435e-11
-1.98425e-11
-1.92698e-11
-1.79987e-11
-1.72048e-11
-1.4281e-11
-1.36811e-11
-1.59108e-11
-1.87464e-11
-2.14969e-11
-2.29742e-11
-2.34819e-11
-2.3522e-11
-2.33984e-11
-2.32489e-11
-2.31389e-11
-2.30544e-11
-2.30061e-11
-2.29293e-11
-2.28439e-11
-2.26544e-11
-2.2434e-11
-2.21172e-11
-2.18793e-11
-2.15329e-11
-2.13357e-11
-2.08552e-11
-2.06821e-11
-1.99505e-11
-1.99311e-11
-1.89152e-11
-1.91982e-11
-1.79803e-11
-1.83068e-11
-1.73453e-11
-1.40861e-11
-1.24165e-11
-2.26547e-11
-2.70795e-11
-2.69167e-11
-2.5347e-11
-2.38856e-11
-2.28439e-11
-2.21498e-11
-2.17266e-11
-2.14573e-11
-2.13002e-11
-2.1164e-11
-2.10531e-11
-2.0892e-11
-2.07374e-11
-2.05138e-11
-2.03313e-11
-2.00727e-11
-1.98969e-11
-1.96333e-11
-1.95044e-11
-1.93097e-11
-1.92074e-11
-1.91598e-11
-1.88118e-11
-1.90827e-11
-1.77638e-11
-1.90486e-11
-1.62338e-11
-2.47195e-11
-3.13594e-11
-1.84655e-11
-1.74698e-11
-1.73713e-11
-1.75543e-11
-1.78371e-11
-1.81733e-11
-1.85072e-11
-1.88214e-11
-1.90872e-11
-1.93181e-11
-1.94952e-11
-1.96502e-11
-1.97647e-11
-1.9884e-11
-1.9966e-11
-2.00584e-11
-2.00836e-11
-2.01379e-11
-2.00881e-11
-2.01234e-11
-1.99476e-11
-1.99466e-11
-1.95e-11
-1.94629e-11
-1.84695e-11
-1.85726e-11
-1.67922e-11
-1.69152e-11
-1.38878e-11
-3.93341e-12
-1.91348e-11
-1.96748e-11
-2.0803e-11
-2.18101e-11
-2.24337e-11
-2.27533e-11
-2.28695e-11
-2.29027e-11
-2.28689e-11
-2.283e-11
-2.27502e-11
-2.2681e-11
-2.25608e-11
-2.24401e-11
-2.22288e-11
-2.19829e-11
-2.16071e-11
-2.11931e-11
-2.06661e-11
-2.01535e-11
-1.96305e-11
-1.91291e-11
-1.88331e-11
-1.80851e-11
-1.79608e-11
-1.63381e-11
-1.51319e-11
-1.2372e-11
-9.09311e-12
-8.38424e-12
-1.93331e-11
-1.90913e-11
-1.89658e-11
-1.89083e-11
-1.88456e-11
-1.87762e-11
-1.86957e-11
-1.86449e-11
-1.85967e-11
-1.85888e-11
-1.85649e-11
-1.8578e-11
-1.85452e-11
-1.85458e-11
-1.84672e-11
-1.84369e-11
-1.83059e-11
-1.82931e-11
-1.81483e-11
-1.82977e-11
-1.81013e-11
-1.84945e-11
-1.79093e-11
-1.80182e-11
-1.67063e-11
-1.46153e-11
-1.19346e-11
-8.65326e-12
-6.20105e-12
-2.55386e-12
-1.93564e-11
-1.91586e-11
-1.91419e-11
-1.93069e-11
-1.95538e-11
-1.98233e-11
-2.00503e-11
-2.02582e-11
-2.04137e-11
-2.05698e-11
-2.06823e-11
-2.08098e-11
-2.0899e-11
-2.09992e-11
-2.10742e-11
-2.11191e-11
-2.1165e-11
-2.10555e-11
-2.09758e-11
-2.05299e-11
-2.00631e-11
-1.93144e-11
-1.80016e-11
-1.72801e-11
-1.43861e-11
-1.11948e-11
-8.27197e-12
-5.53854e-12
-3.4493e-12
-6.86444e-13
-1.94009e-11
-1.92576e-11
-1.91902e-11
-1.92069e-11
-1.92634e-11
-1.93506e-11
-1.94127e-11
-1.94866e-11
-1.95148e-11
-1.95759e-11
-1.9578e-11
-1.96382e-11
-1.96147e-11
-1.96688e-11
-1.96073e-11
-1.9612e-11
-1.94716e-11
-1.92781e-11
-1.89864e-11
-1.8326e-11
-1.79491e-11
-1.67911e-11
-1.58769e-11
-1.46267e-11
-1.03283e-11
-7.6893e-12
-4.63352e-12
-2.73041e-12
-3.85926e-14
-4.0652e-14
-1.94318e-11
-1.93198e-11
-1.92459e-11
-1.92281e-11
-1.92482e-11
-1.93166e-11
-1.93838e-11
-1.94834e-11
-1.95467e-11
-1.96561e-11
-1.9702e-11
-1.98295e-11
-1.98595e-11
-2.00217e-11
-2.00403e-11
-2.02425e-11
-2.02439e-11
-2.04038e-11
-2.03287e-11
-2.00156e-11
-1.97378e-11
-1.76307e-11
-1.65409e-11
-1.19952e-11
-5.96182e-12
-5.23073e-12
-6.74935e-14
-4.06515e-14
-4.0652e-14
-4.0652e-14
-1.94508e-11
-1.93617e-11
-1.92944e-11
-1.92636e-11
-1.92575e-11
-1.92934e-11
-1.93332e-11
-1.9411e-11
-1.94601e-11
-1.95612e-11
-1.95987e-11
-1.97305e-11
-1.97483e-11
-1.99374e-11
-1.99269e-11
-2.02124e-11
-2.01391e-11
-2.05213e-11
-2.01937e-11
-2.02621e-11
-1.89438e-11
-1.66778e-11
-1.48353e-11
-6.58289e-12
-2.75835e-13
-4.06427e-14
-4.0652e-14
-4.0652e-14
-4.0652e-14
-4.0652e-14
-1.9462e-11
-1.9387e-11
-1.93267e-11
-1.92916e-11
-1.92743e-11
-1.92914e-11
-1.93174e-11
-1.93796e-11
-1.94271e-11
-1.95207e-11
-1.95691e-11
-1.96975e-11
-1.97378e-11
-1.99298e-11
-1.99583e-11
-2.02765e-11
-2.02739e-11
-2.08207e-11
-2.06268e-11
-2.13921e-11
-1.99254e-11
-1.9399e-11
-1.35434e-11
-5.68583e-13
-4.06344e-14
-4.0652e-14
-4.0652e-14
-4.0652e-14
-4.0652e-14
-4.0652e-14
-1.94675e-11
-1.93983e-11
-1.93434e-11
-1.93054e-11
-1.92871e-11
-1.92916e-11
-1.93168e-11
-1.93624e-11
-1.94195e-11
-1.94925e-11
-1.9567e-11
-1.96636e-11
-1.97527e-11
-1.98926e-11
-2.00073e-11
-2.02463e-11
-2.03997e-11
-2.08529e-11
-2.09804e-11
-2.18215e-11
-2.10612e-11
-2.16947e-11
-8.39196e-12
-3.84248e-14
-4.0652e-14
-4.0652e-14
-4.0652e-14
-4.0652e-14
-4.0652e-14
-4.0652e-14
)
;

boundaryField
{
    inlet1
    {
        type            calculated;
        value           uniform -5e-10;
    }
    inlet2
    {
        type            calculated;
        value           nonuniform List<scalar> 10(-6.34686e-10 -7.23963e-10 -7.10568e-10 -9.5576e-11 -2.86515e-11 -2.45418e-11 -1.8247e-11 -1.74132e-11 -1.55547e-11 -1.59108e-11);
    }
    inlet3
    {
        type            calculated;
        value           uniform -1.95111e-11;
    }
    output1
    {
        type            calculated;
        value           nonuniform List<scalar> 10(-4.0652e-14 -4.0652e-14 -4.0652e-14 -4.0652e-14 -4.0652e-14 -4.0652e-14 -4.0652e-14 -4.0652e-14 -4.0652e-14 -4.0652e-14);
    }
    output2
    {
        type            calculated;
        value           nonuniform List<scalar> 10(-4.0652e-14 -4.0652e-14 -4.04421e-14 -1.02184e-11 -1.57044e-11 -1.69545e-11 -1.82464e-11 -1.72689e-11 -1.36811e-11 -1.24165e-11);
    }
    output3
    {
        type            calculated;
        value           nonuniform List<scalar> 10(-3.13594e-11 -3.93341e-12 -8.38424e-12 -2.55386e-12 -6.86444e-13 -4.0652e-14 -4.0652e-14 -4.0652e-14 -4.0652e-14 -4.0652e-14);
    }
    up
    {
        type            calculated;
        value           nonuniform List<scalar> 
30
(
-1.94675e-11
-1.93983e-11
-1.93434e-11
-1.93054e-11
-1.92871e-11
-1.92916e-11
-1.93168e-11
-1.93624e-11
-1.94195e-11
-1.94925e-11
-1.9567e-11
-1.96636e-11
-1.97527e-11
-1.98926e-11
-2.00073e-11
-2.02463e-11
-2.03997e-11
-2.08529e-11
-2.09804e-11
-2.18215e-11
-2.10612e-11
-2.16947e-11
-8.39196e-12
-3.84248e-14
-4.0652e-14
-4.0652e-14
-4.0652e-14
-4.0652e-14
-4.0652e-14
-4.0652e-14
)
;
    }
    down
    {
        type            calculated;
        value           nonuniform List<scalar> 
30
(
-1.80005e-10
-4.74039e-12
-5.93148e-11
-5.16155e-12
-3.86271e-14
-4.0652e-14
-4.0652e-14
-4.0652e-14
-4.0652e-14
-4.0652e-14
-4.0652e-14
-4.0652e-14
-4.0652e-14
-4.0652e-14
-4.0652e-14
-4.0652e-14
-4.0652e-14
-4.0652e-14
-4.0652e-14
-4.0652e-14
-4.0652e-14
-4.0652e-14
-4.0652e-14
-4.0652e-14
-4.0652e-14
-4.0652e-14
-4.0652e-14
-4.0652e-14
-4.0652e-14
-4.0652e-14
)
;
    }
    emptyWalls
    {
        type            empty;
    }
}


// ************************************************************************* //
