/*--------------------------------*- C++ -*----------------------------------*\
  =========                 |
  \\      /  F ield         | OpenFOAM: The Open Source CFD Toolbox
   \\    /   O peration     | Website:  https://openfoam.org
    \\  /    A nd           | Version:  9
     \\/     M anipulation  |
\*---------------------------------------------------------------------------*/
FoamFile
{
    format      ascii;
    class       surfaceScalarField;
    location    "27500";
    object      phi;
}
// * * * * * * * * * * * * * * * * * * * * * * * * * * * * * * * * * * * * * //

dimensions      [0 3 -1 0 0 0 0];

internalField   nonuniform List<scalar> 
1740
(
2.61685e-08
5.76722e-08
4.56261e-09
4.13434e-08
4.65962e-09
7.97134e-09
1.11814e-09
1.08126e-09
1.03786e-09
2.19875e-11
1.34258e-09
5.74247e-11
1.28669e-09
3.84088e-11
1.26095e-09
2.25632e-11
1.24794e-09
1.09257e-11
1.24315e-09
3.15103e-12
1.24322e-09
-1.40998e-12
1.24547e-09
-3.34164e-12
1.24767e-09
-3.10871e-12
1.24798e-09
-1.076e-12
1.24483e-09
2.47743e-12
1.23685e-09
7.35672e-12
1.2228e-09
1.34513e-11
1.20147e-09
2.07281e-11
1.17161e-09
2.9217e-11
1.13194e-09
3.89887e-11
1.08112e-09
5.01232e-11
1.01777e-09
6.2671e-11
9.40581e-10
7.66052e-11
8.48424e-10
9.17641e-11
7.40569e-10
1.07783e-10
6.16942e-10
1.24026e-10
4.78406e-10
1.39541e-10
3.27004e-10
1.53079e-10
1.66056e-10
1.63229e-10
1.68701e-10
3.36728e-08
1.32117e-07
1.93608e-08
4.57655e-08
3.24617e-09
9.98738e-09
1.11254e-09
1.33846e-09
9.66578e-10
1.99799e-10
1.3412e-09
1.15046e-10
1.26549e-09
7.36468e-11
1.24823e-09
4.09185e-11
1.23972e-09
1.79887e-11
1.23828e-09
3.08898e-12
1.24105e-09
-5.44871e-12
1.24552e-09
-8.84724e-12
1.24956e-09
-8.01653e-12
1.25143e-09
-3.67224e-12
1.24965e-09
3.62906e-12
1.24293e-09
1.34979e-11
1.23009e-09
2.57198e-11
1.20999e-09
4.02434e-11
1.18141e-09
5.71518e-11
1.14309e-09
7.66163e-11
1.09365e-09
9.88343e-11
1.03162e-09
1.23955e-10
9.55551e-10
1.51983e-10
8.6412e-10
1.82666e-10
7.56339e-10
2.1534e-10
6.3185e-10
2.48779e-10
4.91272e-10
2.81059e-10
3.36552e-10
3.09547e-10
1.71163e-10
3.31138e-10
3.42875e-10
1.53362e-08
2.21785e-07
1.53508e-10
7.10266e-08
1.12075e-09
1.08931e-08
1.33951e-09
3.92327e-10
1.07896e-09
3.9772e-10
1.31491e-09
1.83539e-10
1.24554e-09
1.00215e-10
1.22678e-09
4.94756e-11
1.22441e-09
1.7022e-11
1.22919e-09
-3.33461e-12
1.2372e-09
-1.46261e-11
1.24599e-09
-1.85814e-11
1.25363e-09
-1.64374e-11
1.25854e-09
-9.22552e-12
1.25941e-09
2.21288e-12
1.25512e-09
1.72862e-11
1.24465e-09
3.56866e-11
1.22697e-09
5.73747e-11
1.20097e-09
8.25324e-11
1.16537e-09
1.11491e-10
1.11875e-09
1.44642e-10
1.0595e-09
1.82327e-10
9.85883e-10
2.24705e-10
8.96167e-10
2.71573e-10
7.88818e-10
3.22132e-10
6.62845e-10
3.74693e-10
5.18282e-10
4.26372e-10
3.56769e-10
4.72913e-10
1.82043e-10
5.08903e-10
5.28785e-10
2.87704e-08
2.86961e-07
6.41434e-09
7.82082e-08
6.51475e-10
1.42051e-08
7.13161e-10
5.74782e-11
1.01809e-09
3.36342e-10
1.15607e-09
1.80808e-10
1.17685e-09
9.41985e-11
1.18892e-09
3.97472e-11
1.20197e-09
3.95875e-12
1.21686e-09
-1.88234e-11
1.23257e-09
-3.11395e-11
1.24761e-09
-3.44146e-11
1.26042e-09
-2.99256e-11
1.26968e-09
-1.90049e-11
1.27433e-09
-2.83787e-12
1.2735e-09
1.7748e-11
1.26642e-09
4.23656e-11
1.25229e-09
7.10361e-11
1.23011e-09
1.04113e-10
1.19868e-09
1.42176e-10
1.1565e-09
1.85916e-10
1.10175e-09
2.36005e-10
1.03232e-09
2.92935e-10
9.45848e-10
3.5679e-10
8.39923e-10
4.26923e-10
7.12433e-10
5.01489e-10
5.62243e-10
5.76825e-10
3.90196e-10
6.46828e-10
2.0024e-10
7.02775e-10
7.34578e-10
3.08803e-08
3.54711e-07
2.37635e-09
1.25349e-07
8.42534e-10
1.70661e-08
6.62102e-10
3.80147e-11
9.98534e-10
1.64231e-10
1.06658e-09
1.10992e-10
1.11692e-09
5.60241e-11
1.15009e-09
1.1356e-11
1.1777e-09
-2.21108e-11
1.20371e-09
-4.47789e-11
1.22862e-09
-5.66948e-11
1.25145e-09
-5.80121e-11
1.27077e-09
-4.98452e-11
1.28545e-09
-3.40306e-11
1.29472e-09
-1.23076e-11
1.29812e-09
1.41792e-11
1.29526e-09
4.49902e-11
1.28564e-09
8.02899e-11
1.2685e-09
1.20707e-10
1.24273e-09
1.67184e-10
1.2068e-09
2.20843e-10
1.15868e-09
2.82847e-10
1.09579e-09
3.54243e-10
1.01499e-09
4.3573e-10
9.12595e-10
5.27283e-10
7.84722e-10
6.27515e-10
6.28062e-10
7.32611e-10
4.41529e-10
8.34799e-10
2.28721e-10
9.20789e-10
9.72175e-10
3.66409e-08
4.16843e-07
1.09922e-08
1.55789e-07
8.58971e-10
2.08184e-08
6.70862e-10
4.2594e-11
9.9177e-10
6.40343e-11
1.02113e-09
4.29425e-11
1.07417e-09
7.54954e-12
1.1168e-09
-2.82368e-11
1.15502e-09
-5.89793e-11
1.19165e-09
-8.14875e-11
1.22677e-09
-9.28503e-11
1.25878e-09
-9.10951e-11
1.28578e-09
-7.74133e-11
1.30662e-09
-5.4966e-11
1.32098e-09
-2.65432e-11
1.32899e-09
6.28772e-12
1.33085e-09
4.31244e-11
1.32651e-09
8.44249e-11
1.31552e-09
1.31239e-10
1.29695e-09
1.8501e-10
1.2693e-09
2.47425e-10
1.23037e-09
3.20298e-10
1.17718e-09
4.05462e-10
1.10572e-09
5.04604e-10
1.01075e-09
6.18966e-10
8.85798e-10
7.48675e-10
7.23753e-10
8.91305e-10
5.19135e-10
1.03897e-09
2.73116e-10
1.17341e-09
1.26116e-09
1.91709e-08
4.98311e-07
3.42637e-09
1.43809e-07
1.122e-09
2.40616e-08
6.86989e-10
5.40965e-11
9.75247e-10
1.19304e-11
9.93661e-10
-1.08019e-11
1.04183e-09
-4.05324e-11
1.08793e-09
-7.2873e-11
1.13393e-09
-1.04082e-10
1.1811e-09
-1.29341e-10
1.22804e-09
-1.42124e-10
1.27111e-09
-1.36106e-10
1.30694e-09
-1.13748e-10
1.33426e-09
-8.18778e-11
1.35358e-09
-4.51892e-11
1.36603e-09
-5.60684e-12
1.37265e-09
3.67975e-11
1.37402e-09
8.30472e-11
1.37012e-09
1.34816e-10
1.36026e-09
1.94193e-10
1.34306e-09
2.63548e-10
1.31634e-09
3.4546e-10
1.27685e-09
4.42703e-10
1.21994e-09
5.5826e-10
1.13888e-09
6.953e-10
1.02397e-09
8.56914e-10
8.62015e-10
1.04497e-09
6.38142e-10
1.25636e-09
3.44607e-10
1.47271e-09
1.63789e-09
3.93621e-08
5.56257e-07
7.7861e-09
2.01023e-07
8.84745e-10
2.70059e-08
6.79003e-10
6.06873e-11
9.42746e-10
-2.35639e-11
9.66385e-10
-5.75479e-11
1.01155e-09
-8.60049e-11
1.05917e-09
-1.18638e-10
1.11167e-09
-1.55132e-10
1.17078e-09
-1.8967e-10
1.23319e-09
-2.10198e-10
1.29068e-09
-1.97457e-10
1.33661e-09
-1.59596e-10
1.36992e-09
-1.13606e-10
1.39304e-09
-6.67247e-11
1.40889e-09
-2.03236e-11
1.41971e-09
2.66284e-11
1.42682e-09
7.61535e-11
1.43067e-09
1.30786e-10
1.4309e-09
1.93398e-10
1.42636e-09
2.67113e-10
1.41506e-09
3.5529e-10
1.39393e-09
4.6163e-10
1.35833e-09
5.90431e-10
1.30087e-09
7.47061e-10
1.20918e-09
9.38714e-10
1.06219e-09
1.17528e-09
8.2681e-10
1.4688e-09
4.6717e-10
1.82317e-09
2.1798e-09
3.68018e-08
6.17426e-07
1.05879e-08
1.97058e-07
1.3855e-09
4.51704e-08
6.43978e-10
9.13336e-11
8.94739e-10
-8.38807e-11
9.33877e-10
-1.09819e-10
9.78828e-10
-1.27303e-10
1.02555e-09
-1.6054e-10
1.08278e-09
-2.08138e-10
1.15716e-09
-2.6401e-10
1.24324e-09
-3.11541e-10
1.32181e-09
-2.83928e-10
1.37889e-09
-2.13567e-10
1.41579e-09
-1.4623e-10
1.43977e-09
-8.77732e-11
1.45678e-09
-3.55953e-11
1.47047e-09
1.3884e-11
1.48288e-09
6.41524e-11
1.49484e-09
1.18775e-10
1.50631e-09
1.815e-10
1.51642e-09
2.56215e-10
1.52361e-09
3.46959e-10
1.52549e-09
4.58094e-10
1.51858e-09
5.94774e-10
1.49708e-09
7.63797e-10
1.4497e-09
9.75596e-10
1.35076e-09
1.24865e-09
1.13974e-09
1.62037e-09
6.97263e-10
2.17139e-09
3.07834e-09
6.23612e-08
6.53762e-07
1.36569e-08
2.47331e-07
2.77759e-09
4.27283e-08
5.70952e-10
1.46411e-09
8.35764e-10
-1.0133e-10
9.02638e-10
-1.78614e-10
9.4434e-10
-1.52846e-10
9.81404e-10
-1.88088e-10
1.03672e-09
-2.52872e-10
1.13186e-09
-3.46692e-10
1.2608e-09
-4.88029e-10
1.37443e-09
-4.13146e-10
1.44138e-09
-2.64513e-10
1.47456e-09
-1.69976e-10
1.49348e-09
-1.02545e-10
1.50797e-09
-4.81705e-11
1.52253e-09
3.48586e-13
1.53937e-09
4.77965e-11
1.55952e-09
9.8659e-11
1.58307e-09
1.5761e-10
1.60941e-09
2.29289e-10
1.63745e-09
3.18237e-10
1.66586e-09
4.29012e-10
1.69341e-09
5.66774e-10
1.71918e-09
7.37756e-10
1.74176e-09
9.51222e-10
1.75142e-09
1.22336e-09
1.68411e-09
1.59265e-09
1.18215e-09
2.16366e-09
3.2505e-09
1.2331e-07
5.29449e-07
8.54676e-08
2.86138e-07
1.42594e-08
1.34691e-07
2.97897e-09
2.97303e-08
7.4937e-10
7.76093e-09
9.03481e-10
-1.24823e-10
9.14486e-10
-1.18522e-10
9.19012e-10
-1.4772e-10
9.50846e-10
-2.06771e-10
1.07276e-09
-3.01685e-10
1.29368e-09
-4.92533e-10
1.47373e-09
-6.22633e-10
1.53762e-09
-2.63141e-10
1.54758e-09
-1.68195e-10
1.55162e-09
-1.05562e-10
1.5591e-09
-5.57297e-11
1.57229e-09
-1.24647e-11
1.59256e-09
2.81196e-11
1.62079e-09
7.09817e-11
1.65704e-09
1.22022e-10
1.70071e-09
1.86799e-10
1.75091e-09
2.70269e-10
1.80709e-09
3.76636e-10
1.87003e-09
5.10426e-10
1.94445e-09
6.75262e-10
2.04675e-09
8.74399e-10
2.22904e-09
1.10665e-09
2.66314e-09
1.36762e-09
3.98054e-09
1.64246e-09
1.89385e-09
2.47263e-07
2.85247e-07
3.4462e-07
1.87857e-07
2.49384e-07
2.15047e-07
1.07299e-07
1.43617e-07
3.773e-08
8.79949e-08
7.78536e-10
4.40535e-08
8.99175e-10
7.05917e-09
8.29305e-10
3.00622e-09
7.74887e-10
4.2469e-09
9.14651e-10
8.69345e-09
1.36742e-09
2.84568e-08
1.6892e-09
-3.95399e-10
1.68779e-09
-1.58968e-10
1.62653e-09
-1.10561e-10
1.60633e-09
-7.39648e-11
1.60451e-09
-4.23348e-11
1.61498e-09
-1.47232e-11
1.63781e-09
1.02136e-11
1.67402e-09
3.61954e-11
1.7236e-09
6.8339e-11
1.78548e-09
1.11214e-10
1.8584e-09
1.68698e-10
1.94155e-09
2.4353e-10
2.03516e-09
3.39059e-10
2.14185e-09
4.56465e-10
2.27174e-09
5.96376e-10
2.45487e-09
7.46264e-10
2.75887e-09
8.76404e-10
3.25958e-09
9.02916e-10
6.12902e-10
2.69754e-07
2.5203e-08
4.19349e-07
3.07291e-08
5.28583e-07
1.0463e-07
5.05307e-07
1.65407e-07
4.20912e-07
1.50759e-07
3.51919e-07
1.00947e-07
3.33989e-07
3.50109e-08
3.24271e-07
1.78438e-08
2.92805e-07
2.84514e-08
2.5366e-07
4.7741e-08
1.23389e-07
1.15106e-07
1.71344e-09
8.41867e-08
1.74041e-09
1.0367e-08
1.50092e-09
3.30058e-09
1.46474e-09
6.59085e-10
1.45266e-09
-9.00707e-10
1.45845e-09
-2.027e-09
1.48413e-09
-2.82128e-09
1.53136e-09
-3.39119e-09
1.59655e-09
-3.87086e-09
1.67677e-09
-4.4034e-09
1.77087e-09
-5.04091e-09
1.88032e-09
-5.81519e-09
2.00538e-09
-6.63336e-09
2.14978e-09
-7.3969e-09
2.30524e-09
-7.70866e-09
2.45258e-09
-7.32677e-09
2.58406e-09
-5.85737e-09
2.69409e-09
-3.72894e-09
-1.24042e-09
1.31182e-07
-1.00383e-07
2.42408e-07
-6.63712e-08
3.35195e-07
-4.0349e-09
4.61997e-07
4.77185e-08
5.35343e-07
8.24854e-08
5.67737e-07
7.52998e-08
5.59214e-07
4.49589e-08
5.5536e-07
3.10141e-08
5.2455e-07
5.12419e-08
4.99681e-07
8.26698e-08
4.49254e-07
1.5508e-07
3.58995e-07
1.62028e-07
3.40926e-07
4.55378e-08
3.25646e-07
1.64294e-08
3.20934e-07
2.89878e-09
3.25583e-07
-5.58609e-09
3.36743e-07
-1.16842e-08
3.52041e-07
-1.60276e-08
3.70022e-07
-1.92196e-08
3.90456e-07
-2.19964e-08
4.13722e-07
-2.50742e-08
4.40707e-07
-2.87636e-08
4.71736e-07
-3.32572e-08
5.07513e-07
-3.8138e-08
5.46943e-07
-4.3034e-08
5.89012e-07
-4.58976e-08
6.29057e-07
-4.54602e-08
6.63923e-07
-3.85112e-08
6.86235e-07
-2.63573e-08
-9.45524e-09
5.36133e-08
-1.57949e-07
1.0249e-07
-1.16099e-07
1.61555e-07
-6.93713e-08
2.53176e-07
-3.58283e-08
3.45154e-07
-7.03081e-09
4.13182e-07
1.08794e-08
4.41722e-07
1.85017e-08
4.53819e-07
2.543e-08
4.61517e-07
4.62808e-08
4.78751e-07
7.47921e-08
5.31302e-07
1.09745e-07
5.537e-07
1.22738e-07
5.40092e-07
6.61341e-08
5.3372e-07
2.66454e-08
5.35471e-07
2.32963e-09
5.45181e-07
-1.44062e-08
5.61204e-07
-2.663e-08
5.82028e-07
-3.55893e-08
6.06312e-07
-4.24751e-08
6.34186e-07
-4.88044e-08
6.65701e-07
-5.57694e-08
7.02453e-07
-6.42408e-08
7.44418e-07
-7.43435e-08
7.93842e-07
-8.58856e-08
8.49018e-07
-9.78867e-08
9.11421e-07
-1.07183e-07
9.74041e-07
-1.10321e-07
1.03344e-06
-9.87203e-08
1.07346e-06
-7.10431e-08
-2.59176e-08
5.69272e-08
-2.21701e-07
1.11085e-07
-1.71787e-07
1.70098e-07
-1.29899e-07
2.26456e-07
-9.18241e-08
2.79125e-07
-6.01944e-08
3.23306e-07
-3.34797e-08
3.54384e-07
-1.09858e-08
3.75034e-07
8.20649e-09
3.98934e-07
2.78461e-08
4.30082e-07
4.75489e-08
4.83184e-07
6.19467e-08
5.34384e-07
6.6291e-08
5.55081e-07
4.704e-08
5.66328e-07
1.91061e-08
5.76874e-07
-5.63781e-09
5.89168e-07
-2.53009e-08
6.04045e-07
-4.06433e-08
6.21772e-07
-5.27946e-08
6.42861e-07
-6.32568e-08
6.68035e-07
-7.38558e-08
6.98188e-07
-8.57081e-08
7.34692e-07
-1.00273e-07
7.78034e-07
-1.16894e-07
8.30728e-07
-1.3697e-07
8.91592e-07
-1.57476e-07
9.65135e-07
-1.78311e-07
1.04451e-06
-1.90931e-07
1.12998e-06
-1.8493e-07
1.19552e-06
-1.44413e-07
-5.73131e-08
6.39651e-08
-2.88558e-07
1.24194e-07
-2.34624e-07
1.80875e-07
-1.8645e-07
2.33273e-07
-1.43708e-07
2.79167e-07
-1.05504e-07
3.17046e-07
-7.10271e-08
3.47521e-07
-4.06424e-08
3.72057e-07
-1.51709e-08
3.96837e-07
5.05336e-09
4.25509e-07
1.97982e-08
4.60802e-07
2.71989e-08
4.98384e-07
2.75253e-08
5.27188e-07
1.83832e-08
5.47938e-07
3.18367e-10
5.65205e-07
-2.06709e-08
5.81653e-07
-4.02578e-08
5.99494e-07
-5.76714e-08
6.2033e-07
-7.32901e-08
6.4659e-07
-8.89947e-08
6.78852e-07
-1.05722e-07
7.19336e-07
-1.24901e-07
7.66983e-07
-1.47034e-07
8.23908e-07
-1.71406e-07
8.885e-07
-2.00091e-07
9.62213e-07
-2.27684e-07
1.04751e-06
-2.61005e-07
1.14207e-06
-2.82904e-07
1.25439e-06
-2.97335e-07
1.35775e-06
-2.56757e-07
-1.27381e-07
8.32477e-08
-3.79578e-07
1.56732e-07
-3.05928e-07
2.24864e-07
-2.50789e-07
2.84738e-07
-2.00817e-07
3.35131e-07
-1.54181e-07
3.76882e-07
-1.11638e-07
4.11884e-07
-7.46627e-08
4.42208e-07
-4.44585e-08
4.70307e-07
-2.21299e-08
4.98118e-07
-7.75283e-09
5.26485e-07
-1.3357e-09
5.55564e-07
-1.70351e-09
5.83076e-07
-8.88428e-09
6.07463e-07
-2.27892e-08
6.28889e-07
-4.10501e-08
6.49887e-07
-6.04451e-08
6.72847e-07
-8.04746e-08
7.00393e-07
-1.00312e-07
7.342e-07
-1.22348e-07
7.74045e-07
-1.4469e-07
8.21033e-07
-1.70989e-07
8.71205e-07
-1.9685e-07
9.28324e-07
-2.27263e-07
9.84053e-07
-2.56791e-07
1.04802e-06
-2.88873e-07
1.1106e-06
-3.24746e-07
1.18887e-06
-3.53488e-07
1.28912e-06
-3.96436e-07
1.41368e-06
-3.82089e-07
-2.80671e-07
1.20434e-07
-4.97848e-07
2.27081e-07
-4.00168e-07
3.16294e-07
-3.31934e-07
3.85902e-07
-2.66982e-07
4.39376e-07
-2.06263e-07
4.81781e-07
-1.53251e-07
5.1728e-07
-1.0956e-07
5.49007e-07
-7.54916e-08
5.7854e-07
-5.10317e-08
6.07064e-07
-3.5547e-08
6.344e-07
-2.81828e-08
6.61082e-07
-2.77746e-08
6.85803e-07
-3.35425e-08
7.08122e-07
-4.48662e-08
7.274e-07
-6.07145e-08
7.46749e-07
-7.95321e-08
7.66821e-07
-1.00956e-07
7.90957e-07
-1.23569e-07
8.16903e-07
-1.48795e-07
8.46656e-07
-1.73414e-07
8.7639e-07
-2.0217e-07
9.07552e-07
-2.27402e-07
9.39432e-07
-2.61137e-07
9.69405e-07
-2.86505e-07
1.00829e-06
-3.27512e-07
1.03889e-06
-3.55562e-07
1.10086e-06
-4.03694e-07
1.16829e-06
-4.5499e-07
1.31638e-06
-4.86645e-07
-5.89237e-07
2.34585e-07
-6.9231e-07
4.04199e-07
-5.50878e-07
4.97836e-07
-4.22794e-07
5.4865e-07
-3.18436e-07
5.78957e-07
-2.37502e-07
6.00905e-07
-1.75884e-07
6.20322e-07
-1.29361e-07
6.39734e-07
-9.50488e-08
6.59523e-07
-7.0854e-08
6.79363e-07
-5.53683e-08
6.98342e-07
-4.72631e-08
7.15953e-07
-4.55845e-08
7.31309e-07
-4.93928e-08
7.44277e-07
-5.8294e-08
7.54808e-07
-7.16844e-08
7.64641e-07
-8.92604e-08
7.73697e-07
-1.1002e-07
7.84131e-07
-1.33477e-07
7.93567e-07
-1.58724e-07
8.06317e-07
-1.85461e-07
8.17239e-07
-2.14517e-07
8.35964e-07
-2.43912e-07
8.52466e-07
-2.79915e-07
8.8239e-07
-3.10694e-07
9.11802e-07
-3.60189e-07
9.49868e-07
-3.85256e-07
1.00907e-06
-4.63659e-07
1.0475e-06
-4.90221e-07
1.43769e-06
-7.5781e-07
-1.39665e-06
8.4518e-07
-6.61482e-07
7.67351e-07
-5.17991e-07
7.06098e-07
-3.82729e-07
6.61717e-07
-2.83842e-07
6.3389e-07
-2.14086e-07
6.19689e-07
-1.63636e-07
6.1559e-07
-1.26064e-07
6.183e-07
-9.8144e-08
6.25196e-07
-7.79416e-08
6.3408e-07
-6.44887e-08
6.43545e-07
-5.69081e-08
6.52479e-07
-5.4772e-08
6.60675e-07
-5.75776e-08
6.67886e-07
-6.53293e-08
6.74774e-07
-7.77319e-08
6.81334e-07
-9.48895e-08
6.8868e-07
-1.15853e-07
6.97093e-07
-1.40802e-07
7.08208e-07
-1.68079e-07
7.23083e-07
-1.99199e-07
7.4171e-07
-2.31296e-07
7.67388e-07
-2.68108e-07
7.92688e-07
-3.04559e-07
8.31573e-07
-3.4626e-07
8.54128e-07
-3.87224e-07
9.12464e-07
-4.31121e-07
9.16125e-07
-4.88972e-07
1.00163e-06
-5.45951e-07
8.93549e-07
-7.82841e-07
-1.10027e-06
7.21107e-07
-4.58595e-07
6.02395e-07
-3.84877e-07
5.46798e-07
-3.17359e-07
5.28995e-07
-2.58389e-07
5.29294e-07
-2.08664e-07
5.37478e-07
-1.67934e-07
5.48983e-07
-1.35029e-07
5.61677e-07
-1.09243e-07
5.74569e-07
-8.97822e-08
5.87081e-07
-7.63058e-08
5.99072e-07
-6.82938e-08
6.10515e-07
-6.56261e-08
6.21732e-07
-6.79991e-08
6.32815e-07
-7.55106e-08
6.44101e-07
-8.79059e-08
6.55459e-07
-1.05276e-07
6.67687e-07
-1.26999e-07
6.80609e-07
-1.5313e-07
6.9574e-07
-1.82415e-07
7.11547e-07
-2.15411e-07
7.30201e-07
-2.49737e-07
7.47363e-07
-2.87451e-07
7.68274e-07
-3.24972e-07
7.81282e-07
-3.64023e-07
8.003e-07
-4.02249e-07
7.94828e-07
-4.37391e-07
7.69566e-07
-4.59876e-07
6.85018e-07
-4.98241e-07
3.39684e-07
-4.67046e-07
-2.91876e-07
8.21221e-07
-3.63105e-07
7.70956e-07
-3.39668e-07
7.42613e-07
-2.99258e-07
7.26024e-07
-2.51579e-07
7.15569e-07
-2.05791e-07
7.08476e-07
-1.66498e-07
7.03735e-07
-1.34469e-07
7.00773e-07
-1.09515e-07
6.99242e-07
-9.07396e-08
6.98599e-07
-7.77332e-08
6.98462e-07
-6.98356e-08
6.98253e-07
-6.69676e-08
6.97589e-07
-6.87314e-08
6.95863e-07
-7.5304e-08
6.92786e-07
-8.63863e-08
6.88138e-07
-1.02401e-07
6.82375e-07
-1.22944e-07
6.76238e-07
-1.48734e-07
6.71018e-07
-1.78565e-07
6.68625e-07
-2.14046e-07
6.6918e-07
-2.50921e-07
6.76672e-07
-2.9422e-07
6.8193e-07
-3.31374e-07
6.92773e-07
-3.71188e-07
6.84517e-07
-3.98887e-07
6.44078e-07
-3.95389e-07
5.55901e-07
-3.84937e-07
3.81146e-07
-3.35743e-07
1.84748e-07
-2.77448e-07
-2.32638e-07
8.36387e-07
-2.84768e-07
7.66693e-07
-2.68192e-07
7.08589e-07
-2.40011e-07
6.64428e-07
-2.06399e-07
6.32952e-07
-1.72966e-07
6.11238e-07
-1.4319e-07
5.96632e-07
-1.18153e-07
5.869e-07
-9.82327e-08
5.80589e-07
-8.2973e-08
5.76385e-07
-7.22999e-08
5.73543e-07
-6.5756e-08
5.71142e-07
-6.34505e-08
5.68844e-07
-6.51267e-08
5.66051e-07
-7.11572e-08
5.63093e-07
-8.15931e-08
5.5997e-07
-9.71442e-08
5.58332e-07
-1.18292e-07
5.58436e-07
-1.45611e-07
5.64055e-07
-1.79618e-07
5.72535e-07
-2.19317e-07
5.896e-07
-2.62552e-07
6.04452e-07
-3.09148e-07
6.18409e-07
-3.41353e-07
6.22008e-07
-3.78561e-07
5.82882e-07
-3.62503e-07
5.04334e-07
-3.24399e-07
3.82604e-07
-2.70774e-07
2.49861e-07
-2.02259e-07
1.12015e-07
-1.47631e-07
-4.80964e-08
8.5054e-07
-2.20727e-07
7.95031e-07
-2.11162e-07
7.50259e-07
-1.95055e-07
7.16892e-07
-1.74165e-07
6.93269e-07
-1.51077e-07
6.76834e-07
-1.28632e-07
6.65462e-07
-1.08435e-07
6.57406e-07
-9.16679e-08
6.51599e-07
-7.8402e-08
6.47137e-07
-6.89861e-08
6.43427e-07
-6.30635e-08
6.39952e-07
-6.09689e-08
6.36162e-07
-6.23766e-08
6.31969e-07
-6.79346e-08
6.26645e-07
-7.75652e-08
6.20858e-07
-9.23744e-08
6.13486e-07
-1.1278e-07
6.06282e-07
-1.3957e-07
5.98052e-07
-1.74116e-07
5.8981e-07
-2.12797e-07
5.84261e-07
-2.5996e-07
5.72127e-07
-3.00705e-07
5.6566e-07
-3.35505e-07
5.34561e-07
-3.55384e-07
4.538e-07
-2.86953e-07
3.54782e-07
-2.25616e-07
2.46891e-07
-1.69186e-07
1.44438e-07
-9.00583e-08
5.29654e-08
-4.70948e-08
-7.81568e-09
8.6083e-07
-1.67334e-07
8.12324e-07
-1.61593e-07
7.69244e-07
-1.51465e-07
7.32638e-07
-1.37636e-07
7.02705e-07
-1.2149e-07
6.78598e-07
-1.05032e-07
6.59429e-07
-8.96183e-08
6.43881e-07
-7.64824e-08
6.31203e-07
-6.58537e-08
6.20232e-07
-5.82442e-08
6.10506e-07
-5.33297e-08
6.00967e-07
-5.15848e-08
5.91259e-07
-5.25538e-08
5.80461e-07
-5.71281e-08
5.68012e-07
-6.48305e-08
5.53595e-07
-7.74243e-08
5.35984e-07
-9.4462e-08
5.17372e-07
-1.18827e-07
4.95637e-07
-1.50495e-07
4.78897e-07
-1.90083e-07
4.64722e-07
-2.4153e-07
4.54102e-07
-2.81355e-07
4.54929e-07
-3.28637e-07
4.02961e-07
-3.11733e-07
3.11567e-07
-1.98004e-07
2.22251e-07
-1.20959e-07
1.32318e-07
-6.39977e-08
4.76663e-08
-1.87211e-08
1.07929e-09
-9.94902e-10
-1.3873e-09
8.67336e-07
-1.20691e-07
8.23722e-07
-1.1717e-07
7.83613e-07
-1.10824e-07
7.48137e-07
-1.02015e-07
7.17973e-07
-9.14387e-08
6.9281e-07
-8.02671e-08
6.72227e-07
-6.94316e-08
6.55117e-07
-5.99146e-08
6.40936e-07
-5.20384e-08
6.28466e-07
-4.63139e-08
6.17433e-07
-4.25795e-08
6.06574e-07
-4.12812e-08
5.95836e-07
-4.20605e-08
5.83865e-07
-4.57552e-08
5.70587e-07
-5.18481e-08
5.54833e-07
-6.22363e-08
5.35955e-07
-7.60635e-08
5.14696e-07
-9.76156e-08
4.88348e-07
-1.25044e-07
4.65537e-07
-1.65161e-07
4.34185e-07
-2.12866e-07
4.13991e-07
-2.54829e-07
3.88179e-07
-3.07429e-07
2.83687e-07
-2.28739e-07
1.87675e-07
-8.27862e-08
8.55145e-08
-3.35518e-08
2.31503e-09
-8.59011e-10
1.0319e-09
-9.77691e-10
4.26444e-10
-1.0095e-09
-1.34298e-09
8.71492e-07
-7.83521e-08
8.31257e-07
-7.63061e-08
7.9347e-07
-7.25723e-08
7.59006e-07
-6.73377e-08
7.28576e-07
-6.09597e-08
7.02158e-07
-5.40541e-08
6.79701e-07
-4.72008e-08
6.60393e-07
-4.10249e-08
6.43934e-07
-3.58427e-08
6.29121e-07
-3.19996e-08
6.15845e-07
-2.94996e-08
6.02572e-07
-2.85938e-08
5.89542e-07
-2.91415e-08
5.74671e-07
-3.16295e-08
5.58591e-07
-3.57925e-08
5.3832e-07
-4.29225e-08
5.14731e-07
-5.23592e-08
4.83953e-07
-6.77375e-08
4.46334e-07
-8.67866e-08
4.01647e-07
-1.19304e-07
3.45324e-07
-1.54178e-07
3.09618e-07
-2.05301e-07
2.34001e-07
-2.37242e-07
8.90539e-08
-9.08004e-08
7.13401e-09
-4.42987e-09
1.49633e-09
-7.77036e-10
1.15264e-09
-5.16064e-10
8.55509e-10
-8.92837e-10
4.2507e-10
-7.87939e-10
-8.49812e-10
8.73971e-07
-3.85772e-08
8.35816e-07
-3.76317e-08
7.99548e-07
-3.5898e-08
7.65891e-07
-3.34504e-08
7.35499e-07
-3.04559e-08
7.08511e-07
-2.71622e-08
6.8503e-07
-2.38629e-08
6.64498e-07
-2.08278e-08
6.46687e-07
-1.8277e-08
6.30562e-07
-1.63385e-08
6.15937e-07
-1.51079e-08
6.0138e-07
-1.46221e-08
5.87001e-07
-1.49413e-08
5.70729e-07
-1.61546e-08
5.53165e-07
-1.83357e-08
5.30955e-07
-2.18838e-08
5.05451e-07
-2.68086e-08
4.70663e-07
-3.46227e-08
4.29282e-07
-4.47798e-08
3.71417e-07
-6.31408e-08
3.04178e-07
-8.42701e-08
2.29025e-07
-1.2808e-07
9.57215e-08
-1.21601e-07
6.20141e-09
-7.14129e-09
1.88592e-09
-2.68587e-10
1.73489e-09
-5.17092e-10
1.23682e-09
-3.67796e-10
8.33845e-10
-4.16597e-10
4.18318e-10
-4.05763e-10
-4.18526e-10
8.75128e-07
8.37972e-07
8.02441e-07
7.69235e-07
7.38897e-07
7.11708e-07
6.87711e-07
6.66632e-07
6.48071e-07
6.31355e-07
6.15917e-07
6.00816e-07
5.8554e-07
5.68725e-07
5.50062e-07
5.27151e-07
5.00104e-07
4.6382e-07
4.19292e-07
3.53629e-07
2.71625e-07
1.3961e-07
2.33602e-08
1.48514e-09
1.90196e-09
1.61642e-09
1.22599e-09
8.24728e-10
4.14348e-10
)
;

boundaryField
{
    inlet1
    {
        type            calculated;
        value           nonuniform List<scalar> 10(-1e-07 -1e-07 -1e-07 -1e-07 -1e-07 -1e-07 -1e-07 -1e-07 -1e-07 -1e-07);
    }
    inlet2
    {
        type            calculated;
        value           uniform 0;
    }
    inlet3
    {
        type            calculated;
        value           nonuniform List<scalar> 10(-9.13394e-07 -9.13394e-07 -9.13394e-07 -9.13394e-07 -9.13394e-07 -9.13394e-07 -9.13394e-07 -9.13394e-07 -9.13394e-07 -9.13394e-07);
    }
    output1
    {
        type            calculated;
        value           uniform 0;
    }
    output2
    {
        type            calculated;
        value           nonuniform List<scalar> 10(6.53334e-09 3.93076e-09 2.76711e-09 6.97138e-07 1.09154e-06 1.22641e-06 1.42187e-06 1.54796e-06 1.62332e-06 2.51252e-06);
    }
    output3
    {
        type            calculated;
        value           uniform -0;
    }
    up
    {
        type            calculated;
        value           uniform 0;
    }
    down
    {
        type            calculated;
        value           uniform 0;
    }
    emptyWalls
    {
        type            empty;
        value           nonuniform List<scalar> 0();
    }
}


// ************************************************************************* //
