/*--------------------------------*- C++ -*----------------------------------*\
  =========                 |
  \\      /  F ield         | OpenFOAM: The Open Source CFD Toolbox
   \\    /   O peration     | Website:  https://openfoam.org
    \\  /    A nd           | Version:  9
     \\/     M anipulation  |
\*---------------------------------------------------------------------------*/
FoamFile
{
    format      ascii;
    class       volScalarField;
    location    "27500";
    object      Sw;
}
// * * * * * * * * * * * * * * * * * * * * * * * * * * * * * * * * * * * * * //

dimensions      [0 0 0 0 0 0 0];

internalField   nonuniform List<scalar> 
900
(
0.760118
0.518911
0.674539
0.5234
0.161828
0.15
0.15
0.15
0.15
0.15
0.15
0.15
0.15
0.15
0.15
0.15
0.15
0.15
0.15
0.15
0.15
0.15
0.15
0.15
0.15
0.15
0.15
0.15
0.15
0.15
0.75521
0.791589
0.689264
0.552947
0.237161
0.15
0.15
0.15
0.15
0.15
0.15
0.15
0.15
0.15
0.15
0.15
0.15
0.15
0.15
0.15
0.15
0.15
0.15
0.15
0.15
0.15
0.15
0.15
0.15
0.15
0.790828
0.578584
0.553965
0.447095
0.15241
0.15
0.15
0.15
0.15
0.15
0.15
0.15
0.15
0.15
0.15
0.15
0.15
0.15
0.15
0.15
0.15
0.15
0.15
0.15
0.15
0.15
0.15
0.15
0.15
0.15
0.79375
0.729237
0.577935
0.335992
0.150061
0.15
0.15
0.15
0.15
0.15
0.15
0.15
0.15
0.15
0.15
0.15
0.15
0.15
0.15
0.15
0.15
0.15
0.15
0.15
0.15
0.15
0.15
0.15
0.15
0.15
0.790019
0.598765
0.561263
0.297184
0.150008
0.15
0.15
0.15
0.15
0.15
0.15
0.15
0.15
0.15
0.15
0.15
0.15
0.15
0.15
0.15
0.15
0.15
0.15
0.15
0.15
0.15
0.15
0.15
0.15
0.15
0.797848
0.757372
0.588458
0.241716
0.15
0.15
0.15
0.15
0.15
0.15
0.15
0.15
0.15
0.15
0.15
0.15
0.15
0.15
0.15
0.15
0.15
0.15
0.15
0.15
0.15
0.15
0.15
0.15
0.15
0.15
0.79696
0.667457
0.574536
0.210547
0.15
0.15
0.15
0.15
0.15
0.15
0.15
0.15
0.15
0.15
0.15
0.15
0.15
0.15
0.15
0.15
0.15
0.15
0.15
0.15
0.15
0.15
0.15
0.15
0.15
0.15
0.814444
0.727767
0.589165
0.183319
0.15
0.15
0.15
0.15
0.15
0.15
0.15
0.15
0.15
0.15
0.15
0.15
0.15
0.15
0.15
0.15
0.15
0.15
0.15
0.15
0.15
0.15
0.15
0.15
0.15
0.15
0.818167
0.731482
0.588493
0.165518
0.15
0.15
0.15
0.15
0.15
0.15
0.15
0.15
0.15
0.15
0.15
0.15
0.15
0.15
0.15
0.15
0.15
0.15
0.15
0.15
0.15
0.15
0.15
0.15
0.15
0.15
0.851876
0.737246
0.641697
0.167635
0.15
0.15
0.15
0.15
0.15
0.15
0.15
0.15
0.15
0.15
0.15
0.15
0.15
0.15
0.15
0.15
0.15
0.15
0.15
0.15
0.15
0.15
0.15
0.15
0.15
0.15
0.8727
0.794176
0.571178
0.440181
0.150634
0.15
0.15
0.15
0.15
0.15
0.15
0.15
0.15
0.15
0.15
0.15
0.15
0.15
0.15
0.15
0.15
0.15
0.15
0.15
0.15
0.15
0.15
0.15
0.15
0.15
0.885509
0.819135
0.75444
0.615568
0.538046
0.210788
0.150002
0.150001
0.150001
0.150001
0.150001
0.15
0.15
0.15
0.15
0.15
0.15
0.15
0.15
0.15
0.15
0.15
0.15
0.15
0.15
0.15
0.15
0.15
0.15
0.15
0.883664
0.776083
0.747494
0.695008
0.648746
0.602762
0.588681
0.586085
0.588706
0.581626
0.587111
0.31148
0.169243
0.172269
0.175587
0.177441
0.177985
0.177743
0.176746
0.175484
0.174603
0.173717
0.172921
0.171364
0.169432
0.165292
0.161375
0.157635
0.154232
0.151209
0.709845
0.722099
0.674019
0.659471
0.650535
0.634104
0.628329
0.617702
0.623159
0.607466
0.606402
0.563027
0.549886
0.547321
0.546569
0.547011
0.548488
0.550259
0.551834
0.552919
0.553734
0.554363
0.555119
0.55587
0.556972
0.558014
0.559468
0.560408
0.56151
0.561156
0.624606
0.62627
0.604142
0.604077
0.611506
0.612461
0.611693
0.605462
0.604286
0.597452
0.594751
0.591823
0.582545
0.578355
0.577389
0.577835
0.578965
0.580169
0.581213
0.581791
0.582205
0.582297
0.582611
0.582679
0.583315
0.583616
0.584931
0.585568
0.587185
0.586616
0.614543
0.599275
0.598216
0.594834
0.594614
0.594725
0.593829
0.591031
0.588044
0.586613
0.58529
0.588907
0.587039
0.584796
0.584011
0.584183
0.584694
0.585207
0.58555
0.585741
0.585816
0.585897
0.586076
0.586258
0.586751
0.586998
0.58822
0.588962
0.591391
0.5913
0.595831
0.591296
0.588511
0.588036
0.588474
0.58871
0.588091
0.586682
0.584688
0.583856
0.583607
0.585054
0.585547
0.585141
0.584943
0.585137
0.585494
0.585993
0.586524
0.587378
0.58817
0.589454
0.590328
0.591735
0.592237
0.593022
0.593012
0.593281
0.594881
0.59583
0.592939
0.586467
0.587123
0.589515
0.591715
0.59312
0.59365
0.593474
0.592932
0.592521
0.592436
0.592706
0.593146
0.593339
0.593523
0.593617
0.594049
0.594569
0.595591
0.596692
0.597944
0.599178
0.599792
0.600726
0.599822
0.599917
0.596475
0.594933
0.591323
0.592428
0.586033
0.586868
0.592067
0.597094
0.600542
0.602472
0.603437
0.603771
0.603924
0.603957
0.604192
0.604322
0.604682
0.604608
0.604629
0.604164
0.604329
0.604068
0.604761
0.604465
0.605126
0.604115
0.604087
0.60231
0.601056
0.599224
0.594984
0.592199
0.580869
0.578296
0.587409
0.597507
0.606096
0.610318
0.611715
0.611824
0.611487
0.611077
0.610774
0.61054
0.610407
0.610194
0.609956
0.609426
0.608803
0.607899
0.607212
0.606201
0.605619
0.604182
0.603657
0.601395
0.601335
0.598066
0.598992
0.594919
0.596035
0.592699
0.580044
0.57253
0.609426
0.620915
0.620523
0.616628
0.612806
0.609956
0.607992
0.606769
0.605979
0.605514
0.605109
0.604778
0.604294
0.603825
0.603142
0.60258
0.601777
0.601226
0.600391
0.599979
0.599353
0.599022
0.598867
0.597725
0.598615
0.594171
0.598504
0.588637
0.615013
0.630559
0.596569
0.593139
0.592791
0.593437
0.594424
0.595579
0.596709
0.597755
0.598629
0.599379
0.599949
0.600444
0.600808
0.601185
0.601442
0.601732
0.601811
0.601981
0.601826
0.601936
0.601385
0.601383
0.599965
0.599847
0.596583
0.59693
0.590708
0.591157
0.579193
0.509234
0.598784
0.600523
0.604024
0.607012
0.608802
0.609702
0.610027
0.61012
0.610025
0.609917
0.609694
0.6095
0.609161
0.60882
0.608219
0.607513
0.60642
0.605197
0.603608
0.60203
0.600382
0.598766
0.597794
0.595279
0.594852
0.58903
0.584362
0.57232
0.554478
0.549885
0.599428
0.598642
0.598231
0.598042
0.597835
0.597606
0.597339
0.597169
0.597009
0.596982
0.596902
0.596946
0.596836
0.596838
0.596575
0.596473
0.596031
0.595987
0.595495
0.596002
0.595334
0.596666
0.594673
0.595049
0.590392
0.582264
0.570198
0.551671
0.53323
0.487678
0.599503
0.598862
0.598807
0.599343
0.600137
0.600993
0.601707
0.602354
0.602835
0.603314
0.603658
0.604044
0.604314
0.604616
0.604841
0.604975
0.605113
0.604784
0.604546
0.603192
0.601748
0.599367
0.594991
0.592467
0.581309
0.566451
0.549129
0.527157
0.502561
0.428555
0.599646
0.599183
0.598965
0.599019
0.599202
0.599484
0.599684
0.599922
0.600012
0.600207
0.600214
0.600406
0.600332
0.600504
0.600308
0.600322
0.599874
0.599249
0.5983
0.596097
0.594813
0.590701
0.58728
0.58231
0.561773
0.545044
0.517712
0.490984
0.162063
0.15
0.599746
0.599384
0.599145
0.599088
0.599153
0.599374
0.599591
0.599911
0.600114
0.600463
0.600609
0.601013
0.601108
0.601617
0.601676
0.602305
0.602311
0.602804
0.602575
0.601597
0.600727
0.593703
0.589787
0.570498
0.531101
0.524096
0.3382
0.150003
0.15
0.15
0.599807
0.59952
0.599303
0.599203
0.599183
0.599299
0.599428
0.599678
0.599836
0.60016
0.60028
0.600699
0.600756
0.601353
0.60132
0.602212
0.601985
0.603165
0.602156
0.602366
0.598164
0.590286
0.583177
0.536485
0.392178
0.150054
0.15
0.15
0.15
0.15
0.599843
0.599601
0.599407
0.599293
0.599237
0.599293
0.599377
0.599578
0.59973
0.600031
0.600186
0.600595
0.600723
0.601329
0.601419
0.602411
0.602403
0.604077
0.603488
0.605786
0.601318
0.599642
0.577718
0.42088
0.150102
0.15
0.15
0.15
0.15
0.15
0.59986
0.599638
0.599461
0.599338
0.599279
0.599293
0.599375
0.599522
0.599706
0.59994
0.600179
0.600487
0.60077
0.601212
0.601572
0.602318
0.602791
0.604175
0.604558
0.607045
0.604801
0.606681
0.549987
0.163065
0.15
0.15
0.15
0.15
0.15
0.15
)
;

boundaryField
{
    inlet1
    {
        type            fixedValue;
        value           uniform 0.85;
    }
    inlet2
    {
        type            zeroGradient;
    }
    inlet3
    {
        type            fixedValue;
        value           uniform 0.6;
    }
    output1
    {
        type            zeroGradient;
    }
    output2
    {
        type            zeroGradient;
    }
    output3
    {
        type            zeroGradient;
    }
    up
    {
        type            zeroGradient;
    }
    down
    {
        type            zeroGradient;
    }
    emptyWalls
    {
        type            empty;
    }
}


// ************************************************************************* //
