/*--------------------------------*- C++ -*----------------------------------*\
  =========                 |
  \\      /  F ield         | OpenFOAM: The Open Source CFD Toolbox
   \\    /   O peration     | Website:  https://openfoam.org
    \\  /    A nd           | Version:  9
     \\/     M anipulation  |
\*---------------------------------------------------------------------------*/
FoamFile
{
    format      ascii;
    class       volScalarField;
    location    "21500";
    object      fw;
}
// * * * * * * * * * * * * * * * * * * * * * * * * * * * * * * * * * * * * * //

dimensions      [0 0 0 0 0 0 0];

internalField   nonuniform List<scalar> 
900
(
0.999816
0.999931
0.953788
0.107188
8.77486e-09
4.7991e-09
4.7991e-09
4.7991e-09
4.7991e-09
4.7991e-09
4.7991e-09
4.7991e-09
4.7991e-09
4.7991e-09
4.7991e-09
4.7991e-09
4.7991e-09
4.7991e-09
4.7991e-09
4.7991e-09
4.7991e-09
4.7991e-09
4.7991e-09
4.7991e-09
4.7991e-09
4.7991e-09
4.7991e-09
4.7991e-09
4.7991e-09
4.7991e-09
0.999731
0.922346
0.647009
0.775951
3.20158e-06
4.79912e-09
4.7991e-09
4.7991e-09
4.7991e-09
4.7991e-09
4.7991e-09
4.7991e-09
4.7991e-09
4.7991e-09
4.7991e-09
4.7991e-09
4.7991e-09
4.7991e-09
4.7991e-09
4.7991e-09
4.7991e-09
4.7991e-09
4.7991e-09
4.7991e-09
4.7991e-09
4.7991e-09
4.7991e-09
4.7991e-09
4.7991e-09
4.7991e-09
0.99921
0.976048
0.702998
0.0256348
5.03398e-09
4.7991e-09
4.7991e-09
4.7991e-09
4.7991e-09
4.7991e-09
4.7991e-09
4.7991e-09
4.7991e-09
4.7991e-09
4.7991e-09
4.7991e-09
4.7991e-09
4.7991e-09
4.7991e-09
4.7991e-09
4.7991e-09
4.7991e-09
4.7991e-09
4.7991e-09
4.7991e-09
4.7991e-09
4.7991e-09
4.7991e-09
4.7991e-09
4.7991e-09
0.99848
0.891382
0.754341
0.00141565
4.81558e-09
4.7991e-09
4.7991e-09
4.7991e-09
4.7991e-09
4.7991e-09
4.7991e-09
4.7991e-09
4.7991e-09
4.7991e-09
4.7991e-09
4.7991e-09
4.7991e-09
4.7991e-09
4.7991e-09
4.7991e-09
4.7991e-09
4.7991e-09
4.7991e-09
4.7991e-09
4.7991e-09
4.7991e-09
4.7991e-09
4.7991e-09
4.7991e-09
4.7991e-09
0.998939
0.984608
0.839427
0.000162847
4.80073e-09
4.7991e-09
4.7991e-09
4.7991e-09
4.7991e-09
4.7991e-09
4.7991e-09
4.7991e-09
4.7991e-09
4.7991e-09
4.7991e-09
4.7991e-09
4.7991e-09
4.7991e-09
4.7991e-09
4.7991e-09
4.7991e-09
4.7991e-09
4.7991e-09
4.7991e-09
4.7991e-09
4.7991e-09
4.7991e-09
4.7991e-09
4.7991e-09
4.7991e-09
0.999428
0.942666
0.900142
4.31454e-06
4.79913e-09
4.7991e-09
4.7991e-09
4.7991e-09
4.7991e-09
4.7991e-09
4.7991e-09
4.7991e-09
4.7991e-09
4.7991e-09
4.7991e-09
4.7991e-09
4.7991e-09
4.7991e-09
4.7991e-09
4.7991e-09
4.7991e-09
4.7991e-09
4.7991e-09
4.7991e-09
4.7991e-09
4.7991e-09
4.7991e-09
4.7991e-09
4.7991e-09
4.7991e-09
0.99973
0.990755
0.906108
1.95111e-07
4.7991e-09
4.7991e-09
4.7991e-09
4.7991e-09
4.7991e-09
4.7991e-09
4.7991e-09
4.7991e-09
4.7991e-09
4.7991e-09
4.7991e-09
4.7991e-09
4.7991e-09
4.7991e-09
4.7991e-09
4.7991e-09
4.7991e-09
4.7991e-09
4.7991e-09
4.7991e-09
4.7991e-09
4.7991e-09
4.7991e-09
4.7991e-09
4.7991e-09
4.7991e-09
0.999885
0.971512
0.913633
1.16437e-08
4.7991e-09
4.7991e-09
4.7991e-09
4.7991e-09
4.7991e-09
4.7991e-09
4.7991e-09
4.7991e-09
4.7991e-09
4.7991e-09
4.7991e-09
4.7991e-09
4.7991e-09
4.7991e-09
4.7991e-09
4.7991e-09
4.7991e-09
4.7991e-09
4.7991e-09
4.7991e-09
4.7991e-09
4.7991e-09
4.7991e-09
4.7991e-09
4.7991e-09
4.7991e-09
0.999956
0.995156
0.926708
5.87937e-09
4.7991e-09
4.7991e-09
4.7991e-09
4.7991e-09
4.7991e-09
4.7991e-09
4.7991e-09
4.7991e-09
4.7991e-09
4.7991e-09
4.7991e-09
4.7991e-09
4.7991e-09
4.7991e-09
4.7991e-09
4.7991e-09
4.7991e-09
4.7991e-09
4.7991e-09
4.7991e-09
4.7991e-09
4.7991e-09
4.7991e-09
4.7991e-09
4.7991e-09
4.7991e-09
0.999997
0.988101
0.0498985
4.84391e-09
4.7991e-09
4.7991e-09
4.7991e-09
4.7991e-09
4.7991e-09
4.7991e-09
4.7991e-09
4.7991e-09
4.7991e-09
4.7991e-09
4.7991e-09
4.7991e-09
4.7991e-09
4.7991e-09
4.7991e-09
4.7991e-09
4.7991e-09
4.7991e-09
4.7991e-09
4.7991e-09
4.7991e-09
4.7991e-09
4.7991e-09
4.7991e-09
4.7991e-09
4.79911e-09
1
0.998469
0.739527
5.96895e-05
4.80421e-09
4.7991e-09
4.7991e-09
4.7991e-09
4.7991e-09
4.7991e-09
4.7991e-09
4.7991e-09
4.7991e-09
4.7991e-09
4.7991e-09
4.7991e-09
4.7991e-09
4.7991e-09
4.7991e-09
4.7991e-09
4.7991e-09
4.7991e-09
4.7991e-09
4.7991e-09
4.7991e-09
4.7991e-09
4.7991e-09
4.7991e-09
4.79909e-09
4.79909e-09
1.00001
0.994727
0.668197
0.393108
0.0272043
5.34186e-09
4.8008e-09
4.7991e-09
4.7991e-09
4.7991e-09
4.7991e-09
4.7991e-09
4.7991e-09
4.7991e-09
4.7991e-09
4.7991e-09
4.7991e-09
4.7991e-09
4.7991e-09
4.7991e-09
4.7991e-09
4.7991e-09
4.7991e-09
4.7991e-09
4.7991e-09
4.7991e-09
4.7991e-09
4.7991e-09
4.7991e-09
4.7991e-09
1.00007
0.999996
0.994529
0.916074
0.726561
0.674508
0.0268551
4.84765e-09
5.90918e-09
1.11988e-08
1.03752e-08
8.14442e-09
5.39514e-09
4.79987e-09
4.79978e-09
4.79973e-09
4.79972e-09
4.7991e-09
4.7991e-09
4.7991e-09
4.7991e-09
4.7991e-09
4.7991e-09
4.7991e-09
4.7991e-09
4.7991e-09
4.7991e-09
4.7991e-09
4.7991e-09
4.7991e-09
1
0.999969
0.998673
0.993661
0.976101
0.959026
0.90251
0.867201
0.857118
0.863554
0.86038
0.875374
0.868203
0.892302
0.873071
0.894135
0.785968
1.3695e-06
1.24184e-07
3.07372e-07
6.42059e-07
1.10085e-06
1.84703e-06
3.06653e-06
5.3716e-06
7.23784e-06
7.31397e-06
3.6215e-06
7.55755e-07
4.23441e-08
0.988251
0.986283
0.981723
0.977524
0.962589
0.946047
0.934727
0.926091
0.914628
0.919904
0.913626
0.924018
0.918382
0.927592
0.919838
0.903892
0.863757
0.689166
0.638083
0.651104
0.66984
0.681844
0.688504
0.692907
0.69861
0.705764
0.716333
0.726336
0.736852
0.738752
0.948971
0.926067
0.919103
0.91182
0.905522
0.897507
0.899211
0.898449
0.893203
0.893381
0.891271
0.894951
0.891487
0.891646
0.881449
0.865927
0.856768
0.838504
0.814564
0.813006
0.818564
0.822968
0.826012
0.828012
0.831408
0.83486
0.841583
0.847504
0.856678
0.858556
0.917624
0.903641
0.892131
0.887221
0.885472
0.885445
0.88687
0.888106
0.88763
0.88744
0.887291
0.886261
0.883653
0.876848
0.869199
0.860341
0.858747
0.864123
0.859008
0.855693
0.855822
0.857867
0.860805
0.864149
0.867521
0.870369
0.873533
0.87628
0.882803
0.886172
0.895215
0.877844
0.878745
0.885412
0.892303
0.897686
0.901156
0.903441
0.904502
0.904557
0.903782
0.90169
0.898545
0.893648
0.889328
0.886037
0.886147
0.888619
0.888774
0.887419
0.887894
0.890073
0.893064
0.896132
0.897297
0.897727
0.893776
0.889706
0.88433
0.886205
0.878857
0.880141
0.894134
0.9069
0.915456
0.920654
0.923547
0.924927
0.925285
0.924582
0.92321
0.920968
0.91861
0.915992
0.914597
0.913816
0.914655
0.914904
0.915394
0.914148
0.914371
0.913621
0.914139
0.912482
0.910314
0.905546
0.89605
0.882866
0.854416
0.83896
0.879834
0.906668
0.925288
0.933675
0.936737
0.937582
0.937227
0.936257
0.934744
0.932782
0.930476
0.927948
0.925664
0.923697
0.922661
0.921873
0.921766
0.920769
0.920393
0.918249
0.917334
0.913802
0.912432
0.90617
0.903004
0.89206
0.885094
0.867127
0.824451
0.775064
0.932174
0.950227
0.950012
0.944992
0.939416
0.93481
0.930892
0.92779
0.924766
0.922193
0.919442
0.917323
0.915255
0.914259
0.913426
0.913482
0.913313
0.913338
0.913043
0.911968
0.910655
0.907443
0.9047
0.897344
0.892781
0.876439
0.873766
0.844242
0.891645
0.909268
0.905419
0.897175
0.896441
0.898245
0.900553
0.903321
0.905474
0.907556
0.908605
0.909832
0.910091
0.911137
0.911295
0.912778
0.913093
0.91475
0.914745
0.915546
0.914514
0.913132
0.910027
0.905437
0.89816
0.888618
0.874494
0.858453
0.833534
0.815797
0.760109
0.395362
0.910609
0.91454
0.921885
0.927816
0.931079
0.932766
0.933066
0.933114
0.932289
0.931783
0.930302
0.929533
0.927341
0.926307
0.923087
0.921763
0.917424
0.915835
0.910823
0.90742
0.901053
0.891346
0.877786
0.856009
0.836417
0.796668
0.761624
0.701215
0.609737
0.531611
0.912057
0.910361
0.909483
0.909133
0.908602
0.908014
0.907091
0.906488
0.90557
0.905264
0.904335
0.90431
0.903078
0.9034
0.901534
0.902892
0.899856
0.902805
0.896998
0.897839
0.886383
0.871182
0.840103
0.801522
0.759259
0.694256
0.645204
0.49222
0.42017
0.10812
0.91222
0.910858
0.910726
0.91201
0.913705
0.915657
0.917072
0.918546
0.919403
0.920514
0.921017
0.921797
0.921834
0.921857
0.920676
0.919258
0.914889
0.912471
0.900277
0.897579
0.868397
0.83312
0.762162
0.695444
0.548877
0.482402
0.497293
0.0172022
4.83813e-09
4.7991e-09
0.912539
0.911565
0.911068
0.911259
0.911629
0.912345
0.912712
0.91334
0.913456
0.913952
0.913899
0.91402
0.913615
0.912202
0.910738
0.90538
0.902059
0.891725
0.87913
0.86878
0.794365
0.726786
0.552477
0.521933
0.00670366
4.80809e-09
4.7991e-09
4.7991e-09
4.7991e-09
4.7991e-09
0.912749
0.912019
0.911455
0.911433
0.911508
0.912195
0.912572
0.913621
0.913961
0.915259
0.915529
0.916998
0.917195
0.918047
0.917797
0.914664
0.913223
0.895367
0.886428
0.830215
0.628804
0.575477
0.070944
5.12036e-09
4.7991e-09
4.7991e-09
4.7991e-09
4.7991e-09
4.7991e-09
4.7991e-09
0.912888
0.912314
0.911813
0.911694
0.911599
0.912073
0.912269
0.913255
0.913469
0.914972
0.915041
0.917237
0.916977
0.91973
0.918122
0.918487
0.910998
0.889997
0.874455
0.659937
0.0771379
5.14718e-09
4.7991e-09
4.7991e-09
4.7991e-09
4.7991e-09
4.7991e-09
4.7991e-09
4.7991e-09
4.7991e-09
0.912968
0.912493
0.912052
0.911899
0.911746
0.912081
0.912219
0.913105
0.913368
0.914903
0.915122
0.917652
0.917626
0.921728
0.920471
0.925869
0.916634
0.912207
0.85251
0.0783076
4.9611e-09
4.7991e-09
4.7991e-09
4.7991e-09
4.7991e-09
4.7991e-09
4.7991e-09
4.7991e-09
4.7991e-09
4.7991e-09
0.913017
0.912559
0.912196
0.911974
0.911891
0.912038
0.912323
0.912913
0.913521
0.914619
0.915495
0.917402
0.918508
0.921935
0.922759
0.928693
0.924299
0.930706
0.739528
3.94928e-08
4.7991e-09
4.7991e-09
4.7991e-09
4.7991e-09
4.7991e-09
4.7991e-09
4.7991e-09
4.7991e-09
4.7991e-09
4.7991e-09
)
;

boundaryField
{
    inlet1
    {
        type            calculated;
        value           uniform 1;
    }
    inlet2
    {
        type            calculated;
        value           nonuniform List<scalar> 10(1 1.00001 1.00007 1 0.988251 0.948971 0.917624 0.895215 0.878857 0.879834);
    }
    inlet3
    {
        type            calculated;
        value           uniform 0.913307;
    }
    output1
    {
        type            calculated;
        value           nonuniform List<scalar> 10(4.7991e-09 4.7991e-09 4.7991e-09 4.7991e-09 4.7991e-09 4.7991e-09 4.7991e-09 4.7991e-09 4.7991e-09 4.79911e-09);
    }
    output2
    {
        type            calculated;
        value           nonuniform List<scalar> 10(4.79909e-09 4.7991e-09 4.7991e-09 4.23441e-08 0.738752 0.858556 0.886172 0.886205 0.83896 0.775064);
    }
    output3
    {
        type            calculated;
        value           nonuniform List<scalar> 10(0.909268 0.395362 0.531611 0.10812 4.7991e-09 4.7991e-09 4.7991e-09 4.7991e-09 4.7991e-09 4.7991e-09);
    }
    up
    {
        type            calculated;
        value           nonuniform List<scalar> 
30
(
0.913017
0.912559
0.912196
0.911974
0.911891
0.912038
0.912323
0.912913
0.913521
0.914619
0.915495
0.917402
0.918508
0.921935
0.922759
0.928693
0.924299
0.930706
0.739528
3.94928e-08
4.7991e-09
4.7991e-09
4.7991e-09
4.7991e-09
4.7991e-09
4.7991e-09
4.7991e-09
4.7991e-09
4.7991e-09
4.7991e-09
)
;
    }
    down
    {
        type            calculated;
        value           nonuniform List<scalar> 
30
(
0.999816
0.999931
0.953788
0.107188
8.77486e-09
4.7991e-09
4.7991e-09
4.7991e-09
4.7991e-09
4.7991e-09
4.7991e-09
4.7991e-09
4.7991e-09
4.7991e-09
4.7991e-09
4.7991e-09
4.7991e-09
4.7991e-09
4.7991e-09
4.7991e-09
4.7991e-09
4.7991e-09
4.7991e-09
4.7991e-09
4.7991e-09
4.7991e-09
4.7991e-09
4.7991e-09
4.7991e-09
4.7991e-09
)
;
    }
    emptyWalls
    {
        type            empty;
    }
}


// ************************************************************************* //
