/*--------------------------------*- C++ -*----------------------------------*\
  =========                 |
  \\      /  F ield         | OpenFOAM: The Open Source CFD Toolbox
   \\    /   O peration     | Website:  https://openfoam.org
    \\  /    A nd           | Version:  9
     \\/     M anipulation  |
\*---------------------------------------------------------------------------*/
FoamFile
{
    format      ascii;
    class       surfaceScalarField;
    location    "21500";
    object      phi;
}
// * * * * * * * * * * * * * * * * * * * * * * * * * * * * * * * * * * * * * //

dimensions      [0 3 -1 0 0 0 0];

internalField   nonuniform List<scalar> 
1740
(
3.56722e-08
7.44231e-08
1.79693e-08
1.94775e-08
3.23939e-09
5.22529e-09
1.25445e-09
2.64782e-09
1.24209e-09
4.30863e-11
1.56769e-09
8.70793e-11
1.50429e-09
5.80334e-11
1.46624e-09
3.50098e-11
1.44484e-09
1.88171e-11
1.43506e-09
7.85664e-12
1.433e-09
6.22084e-13
1.43575e-09
-3.88873e-12
1.44098e-09
-6.23455e-12
1.44665e-09
-6.65513e-12
1.45082e-09
-5.18078e-12
1.45147e-09
-1.72012e-12
1.44648e-09
3.86634e-12
1.4336e-09
1.17108e-11
1.4105e-09
2.19046e-11
1.37484e-09
3.44869e-11
1.32426e-09
4.94435e-11
1.25651e-09
6.66988e-11
1.16955e-09
8.60875e-11
1.06167e-09
1.07291e-10
9.31813e-10
1.29742e-10
7.79831e-10
1.52526e-10
6.06923e-10
1.743e-10
4.15949e-10
1.93312e-10
2.11563e-10
2.07574e-10
2.15263e-10
1.55059e-08
1.54359e-07
2.73614e-09
3.43149e-08
2.82008e-09
8.36594e-09
2.19393e-09
2.75614e-09
1.19753e-09
3.24852e-10
1.59308e-09
1.81764e-10
1.48231e-09
1.1004e-10
1.44957e-09
6.31832e-11
1.43321e-09
3.23959e-11
1.42733e-09
1.1981e-11
1.4282e-09
-1.48472e-12
1.43327e-09
-9.94626e-12
1.44053e-09
-1.43966e-11
1.44816e-09
-1.52058e-11
1.45435e-09
-1.23466e-11
1.45712e-09
-5.56473e-12
1.45436e-09
5.47497e-12
1.44381e-09
2.10719e-11
1.42308e-09
4.14212e-11
1.38975e-09
6.66005e-11
1.34142e-09
9.65882e-11
1.27573e-09
1.31265e-10
1.19046e-09
1.70362e-10
1.08366e-09
2.13332e-10
9.53929e-10
2.59148e-10
8.00753e-10
3.06057e-10
6.24989e-10
3.51359e-10
4.29359e-10
3.91367e-10
2.18737e-10
4.21714e-10
4.38217e-10
2.38153e-08
2.17804e-07
6.09294e-09
4.41751e-08
1.03193e-09
1.50128e-08
1.28009e-09
2.60264e-10
1.26216e-09
4.89639e-10
1.48596e-09
2.4097e-10
1.43499e-09
1.37177e-10
1.41653e-09
7.52849e-11
1.41111e-09
3.56005e-11
1.41285e-09
9.1557e-12
1.4192e-09
-8.595e-12
1.42861e-09
-2.00138e-11
1.43971e-09
-2.61969e-11
1.45113e-09
-2.74224e-11
1.46128e-09
-2.34337e-11
1.4683e-09
-1.3667e-11
1.47006e-09
2.52592e-12
1.4642e-09
2.56807e-11
1.44824e-09
5.61085e-11
1.41967e-09
9.39073e-11
1.37595e-09
1.39045e-10
1.31453e-09
1.91411e-10
1.23289e-09
2.50762e-10
1.12858e-09
3.16526e-10
9.99489e-10
3.87459e-10
8.44253e-10
4.61189e-10
6.62916e-10
5.33712e-10
4.57764e-10
5.99084e-10
2.3403e-10
6.49694e-10
6.77675e-10
2.24398e-08
2.86087e-07
5.23055e-09
7.15395e-08
1.7359e-09
2.26566e-08
8.01209e-10
7.39354e-11
1.19839e-09
3.42057e-10
1.32151e-09
2.07875e-10
1.35539e-09
1.22415e-10
1.37043e-09
6.51791e-11
1.38186e-09
2.55676e-11
1.39374e-09
-2.35997e-12
1.40716e-09
-2.20332e-11
1.42225e-09
-3.53141e-11
1.43859e-09
-4.29517e-11
1.45538e-09
-4.48525e-11
1.47135e-09
-4.02988e-11
1.48475e-09
-2.81956e-11
1.49337e-09
-7.38531e-12
1.49468e-09
2.30168e-11
1.48603e-09
6.34259e-11
1.46475e-09
1.13877e-10
1.42817e-09
1.74274e-10
1.37355e-09
2.44571e-10
1.29797e-09
3.24747e-10
1.19827e-09
4.14548e-10
1.07119e-09
5.12975e-10
9.13852e-10
6.17527e-10
7.2466e-10
7.23216e-10
5.04749e-10
8.21569e-10
2.59623e-10
9.00303e-10
9.45116e-10
2.58411e-08
3.67801e-07
1.01992e-08
8.40192e-08
1.93409e-09
3.2739e-08
7.76261e-10
6.0774e-11
1.18433e-09
1.58308e-10
1.23904e-09
1.26295e-10
1.29464e-09
7.94273e-11
1.32796e-09
3.74507e-11
1.35214e-09
3.85253e-12
1.37308e-09
-2.21269e-11
1.39347e-09
-4.18618e-11
1.41463e-09
-5.62561e-11
1.43701e-09
-6.5442e-11
1.46044e-09
-6.8737e-11
1.48399e-09
-6.47132e-11
1.50598e-09
-5.14296e-11
1.52398e-09
-2.68867e-11
1.53513e-09
1.0347e-11
1.53645e-09
6.0702e-11
1.52512e-09
1.23899e-10
1.49842e-09
1.99601e-10
1.45354e-09
2.87849e-10
1.38718e-09
3.89107e-10
1.29533e-09
5.03942e-10
1.17315e-09
6.32364e-10
1.0153e-09
7.72729e-10
8.17123e-10
9.2006e-10
5.76947e-10
1.06367e-09
2.99716e-10
1.18483e-09
1.25737e-09
2.08792e-08
4.48529e-07
4.86796e-09
1.0152e-07
2.01114e-09
3.90852e-08
8.21814e-10
7.13633e-11
1.17928e-09
6.79561e-11
1.20607e-09
5.95861e-11
1.25619e-09
3.15496e-11
1.29462e-09
1.3459e-12
1.32568e-09
-2.5479e-11
1.35295e-09
-4.8134e-11
1.37902e-09
-6.70287e-11
1.40577e-09
-8.24036e-11
1.4344e-09
-9.3821e-11
1.46538e-09
-9.99371e-11
1.49821e-09
-9.83843e-11
1.5312e-09
-8.59204e-11
1.56146e-09
-5.90771e-11
1.58542e-09
-1.54442e-11
1.59953e-09
4.5135e-11
1.60084e-09
1.21416e-10
1.58686e-09
2.1238e-10
1.55499e-09
3.18115e-10
1.50188e-09
4.39892e-10
1.42272e-09
5.79751e-10
1.31075e-09
7.39805e-10
1.15709e-09
9.20964e-10
9.51582e-10
1.12063e-09
6.862e-10
1.32822e-09
3.62297e-10
1.51799e-09
1.64216e-09
2.08235e-08
5.32604e-07
4.64023e-09
1.13945e-07
1.28087e-09
3.98573e-08
8.45831e-10
7.88329e-11
1.16499e-09
3.3733e-11
1.18675e-09
1.25457e-11
1.22943e-09
-1.41584e-11
1.26863e-09
-3.81347e-11
1.30303e-09
-5.89764e-11
1.33402e-09
-7.78982e-11
1.3639e-09
-9.57128e-11
1.39504e-09
-1.12504e-10
1.42945e-09
-1.27499e-10
1.46847e-09
-1.38802e-10
1.51227e-09
-1.42963e-10
1.55914e-09
-1.3479e-10
1.60525e-09
-1.08057e-10
1.64554e-09
-5.81824e-11
1.6754e-09
1.38665e-11
1.69187e-09
1.04249e-10
1.69318e-09
2.10387e-10
1.6777e-09
3.32342e-10
1.64262e-09
4.72589e-10
1.58292e-09
6.35375e-10
1.49006e-09
8.26135e-10
1.35071e-09
1.05069e-09
1.14592e-09
1.31326e-09
8.53969e-10
1.6106e-09
4.63277e-10
1.91675e-09
2.15113e-09
1.94297e-08
6.08972e-07
1.02269e-09
1.30231e-07
6.70407e-10
4.13087e-08
8.39682e-10
1.06832e-10
1.13484e-09
1.9601e-11
1.16371e-09
-2.89757e-11
1.20614e-09
-6.25903e-11
1.24744e-09
-8.07485e-11
1.28377e-09
-9.43902e-11
1.31619e-09
-1.08769e-10
1.34753e-09
-1.25419e-10
1.38103e-09
-1.44398e-10
1.41987e-09
-1.64864e-10
1.4668e-09
-1.84809e-10
1.52326e-09
-1.99874e-10
1.58782e-09
-2.02219e-10
1.65488e-09
-1.80178e-10
1.71608e-09
-1.23093e-10
1.76468e-09
-3.57342e-11
1.79804e-09
7.13302e-11
1.81631e-09
1.92574e-10
1.81999e-09
3.28278e-10
1.80799e-09
4.82746e-10
1.77626e-09
6.63029e-10
1.71587e-09
8.78669e-10
1.60976e-09
1.14242e-09
1.42741e-09
1.47114e-09
1.12048e-09
1.88416e-09
6.36845e-10
2.3873e-09
2.89447e-09
8.88955e-09
7.00446e-07
-7.15292e-09
1.43762e-07
-7.57401e-10
2.19192e-08
8.04787e-10
1.32693e-10
1.0892e-09
-1.46664e-11
1.13054e-09
-8.54572e-11
1.18398e-09
-1.26476e-10
1.23122e-09
-1.27879e-10
1.26844e-09
-1.29065e-10
1.29944e-09
-1.3737e-10
1.329e-09
-1.52791e-10
1.36169e-09
-1.74803e-10
1.40221e-09
-2.02748e-10
1.4556e-09
-2.35693e-10
1.52614e-09
-2.69507e-10
1.61402e-09
-2.94034e-10
1.71037e-09
-2.87341e-10
1.79923e-09
-2.18277e-10
1.8692e-09
-1.05041e-10
1.91929e-09
2.42328e-11
1.95403e-09
1.60302e-10
1.97794e-09
3.05445e-10
1.99309e-09
4.67095e-10
1.99825e-09
6.55321e-10
1.98739e-09
8.83098e-10
1.94506e-09
1.16918e-09
1.83348e-09
1.54471e-09
1.5637e-09
2.06759e-09
9.63628e-10
2.85385e-09
4.14497e-09
1.71994e-08
7.78357e-07
-4.54999e-09
1.58875e-07
5.56425e-10
1.1615e-08
7.21469e-10
1.15212e-10
9.91268e-10
-7.00983e-11
1.08596e-09
-1.71809e-10
1.16802e-09
-2.29981e-10
1.22503e-09
-1.75221e-10
1.25931e-09
-1.56622e-10
1.28411e-09
-1.5885e-10
1.30736e-09
-1.7357e-10
1.33452e-09
-1.99274e-10
1.37168e-09
-2.3563e-10
1.42725e-09
-2.85709e-10
1.51167e-09
-3.48426e-10
1.63176e-09
-4.17066e-10
1.77334e-09
-4.56877e-10
1.90126e-09
-3.5763e-10
1.99361e-09
-1.90389e-10
2.05587e-09
-2.9659e-11
2.10258e-09
1.18961e-10
2.14466e-09
2.66104e-10
2.18819e-09
4.24874e-10
2.23624e-09
6.08059e-10
2.2904e-09
8.29225e-10
2.34961e-09
1.10651e-09
2.39775e-09
1.47093e-09
2.33723e-09
1.98764e-09
1.65396e-09
2.81554e-09
4.39737e-09
1.49626e-08
7.63624e-07
1.54198e-08
1.53028e-07
5.5459e-09
1.78012e-08
5.43507e-10
5.81797e-09
9.02428e-10
1.60185e-11
1.05406e-09
-1.75888e-10
1.17709e-09
-2.89568e-10
1.24155e-09
-1.86407e-10
1.25968e-09
-1.63452e-10
1.27035e-09
-1.68316e-10
1.28179e-09
-1.83846e-10
1.29736e-09
-2.13478e-10
1.32275e-09
-2.5489e-10
1.37005e-09
-3.23086e-10
1.46155e-09
-4.21422e-10
1.62801e-09
-5.68928e-10
1.84997e-09
-7.65469e-10
2.03886e-09
-5.64973e-10
2.14812e-09
-2.69229e-10
2.20801e-09
-7.14405e-11
2.25576e-09
7.90931e-11
2.30993e-09
2.15145e-10
2.37877e-09
3.58236e-10
2.46813e-09
5.22819e-10
2.58834e-09
7.19239e-10
2.76523e-09
9.56694e-10
3.07069e-09
1.24487e-09
3.73348e-09
1.5965e-09
5.60423e-09
2.02331e-09
2.50416e-09
8.69956e-08
6.71177e-07
4.43812e-08
2.06162e-07
2.36293e-08
6.39868e-08
1.44762e-08
2.61223e-08
2.64867e-09
1.15289e-08
9.97961e-10
6.4209e-09
1.24484e-09
1.51237e-11
1.30442e-09
-1.14297e-10
1.26749e-09
-1.15956e-10
1.25583e-09
-1.25782e-10
1.25209e-09
-1.38474e-10
1.25036e-09
-1.6288e-10
1.25191e-09
-1.94651e-10
1.26865e-09
-2.54381e-10
1.33646e-09
-3.46335e-10
1.56876e-09
-5.09671e-10
1.95966e-09
-8.00443e-10
2.25609e-09
-9.01053e-10
2.35202e-09
-2.51086e-10
2.37227e-09
-6.60105e-11
2.40253e-09
5.47021e-11
2.46054e-09
1.59562e-10
2.54882e-09
2.74896e-10
2.66916e-09
4.14375e-10
2.8296e-09
5.82538e-10
3.05228e-09
7.76904e-10
3.38629e-09
9.81284e-10
3.92179e-09
1.15526e-09
4.73235e-09
1.19252e-09
8.15968e-10
3.68641e-07
3.06428e-07
3.50521e-07
2.17035e-07
2.22965e-07
1.51159e-07
1.41133e-07
1.10939e-07
1.17939e-07
6.57523e-08
6.47765e-08
6.03485e-08
4.85304e-09
5.23551e-08
1.30274e-09
1.071e-08
1.23146e-09
1.67415e-09
1.20597e-09
-6.77588e-10
1.19942e-09
-1.61298e-09
1.19044e-09
-1.52836e-09
1.16456e-09
-1.27015e-09
1.11627e-09
1.76695e-09
1.04687e-09
5.7321e-09
1.35091e-09
2.2623e-08
2.16383e-09
3.64048e-08
2.67381e-09
-5.51932e-10
2.63158e-09
-1.14386e-10
2.52652e-09
-2.30645e-11
2.52155e-09
3.46627e-11
2.58087e-09
8.73503e-11
2.68682e-09
1.52416e-10
2.83009e-09
2.37584e-10
3.00864e-09
3.42089e-10
3.22799e-09
4.60863e-10
3.5004e-09
5.74943e-10
3.83503e-09
6.49402e-10
4.1928e-09
6.03964e-10
3.12747e-10
3.78056e-07
-5.73164e-08
5.69155e-07
2.52133e-08
6.20325e-07
9.48143e-08
6.01493e-07
1.20704e-07
5.6452e-07
9.63654e-08
5.16814e-07
9.98925e-08
4.50907e-07
9.78317e-08
4.3626e-07
3.23535e-08
4.35637e-07
6.16111e-09
4.35853e-07
-3.38631e-09
4.45344e-07
-7.32131e-09
4.46796e-07
-7.09364e-09
4.55788e-07
-4.09427e-09
4.42544e-07
9.53196e-09
4.14012e-07
3.21853e-08
3.38849e-07
8.47588e-08
1.29292e-07
1.42897e-07
2.58403e-09
9.55589e-08
2.66578e-09
8.42188e-09
2.2041e-09
-4.70005e-10
2.13531e-09
-3.90069e-09
2.14415e-09
-5.48583e-09
2.194e-09
-6.59033e-09
2.26076e-09
-7.77448e-09
2.34833e-09
-9.18942e-09
2.47142e-09
-1.05006e-08
2.65841e-09
-1.11418e-08
2.94867e-09
-1.01059e-08
3.35795e-09
-7.22005e-09
-2.68502e-09
8.44729e-08
-1.41744e-07
1.94159e-07
-9.10273e-08
3.29545e-07
-3.34454e-08
4.34827e-07
1.76517e-08
4.90824e-07
4.6753e-08
5.40921e-07
5.93798e-08
5.82243e-07
5.99923e-08
5.88843e-07
2.97851e-08
5.97491e-07
4.04257e-09
6.0171e-07
-8.65403e-09
6.10958e-07
-1.42515e-08
6.16737e-07
-1.31966e-08
6.17182e-07
-5.44233e-09
6.16063e-07
1.66793e-08
5.82773e-07
5.55218e-08
5.68952e-07
1.16726e-07
4.99474e-07
1.8971e-07
4.30293e-07
1.73176e-07
4.3177e-07
3.13951e-08
4.39758e-07
-5.55804e-09
4.60235e-07
-2.21939e-08
4.88346e-07
-3.07546e-08
5.22448e-07
-3.72651e-08
5.63586e-07
-4.4427e-08
6.12141e-07
-5.30106e-08
6.68174e-07
-6.14803e-08
7.26738e-07
-6.6968e-08
7.81802e-07
-6.32407e-08
8.19845e-07
-4.70605e-08
-1.77566e-08
5.64002e-08
-2.04191e-07
1.14344e-07
-1.51625e-07
1.82554e-07
-1.01744e-07
2.55901e-07
-5.54817e-08
3.24454e-07
-1.93903e-08
3.88829e-07
6.20598e-10
4.44915e-07
6.34172e-09
4.76084e-07
8.31747e-10
4.93783e-07
-9.94617e-09
5.04075e-07
-1.77259e-08
5.12942e-07
-2.10546e-08
5.17623e-07
-1.76552e-08
5.19585e-07
-6.32248e-09
5.23735e-07
1.60965e-08
5.29689e-07
5.12558e-08
5.71263e-07
9.0808e-08
6.37279e-07
1.28736e-07
6.72807e-07
1.15582e-07
6.87645e-07
3.28489e-08
7.12519e-07
-2.16635e-08
7.44646e-07
-5.24578e-08
7.8559e-07
-7.16053e-08
8.35925e-07
-8.78464e-08
8.98418e-07
-1.05896e-07
9.73282e-07
-1.27006e-07
1.06344e-06
-1.49411e-07
1.16213e-06
-1.67049e-07
1.26432e-06
-1.66704e-07
1.34215e-06
-1.32938e-07
-5.37997e-08
6.72258e-08
-2.78084e-07
1.30618e-07
-2.19608e-07
1.92648e-07
-1.64787e-07
2.54444e-07
-1.162e-07
3.13626e-07
-7.7144e-08
3.67069e-07
-5.12675e-08
4.12122e-07
-3.73387e-08
4.45906e-07
-3.1449e-08
4.69403e-07
-3.12968e-08
4.86059e-07
-3.23548e-08
4.97383e-07
-3.11762e-08
5.0563e-07
-2.47189e-08
5.11578e-07
-1.18361e-08
5.22263e-07
7.55425e-09
5.45649e-07
3.11307e-08
5.90816e-07
5.0222e-08
6.6587e-07
5.79076e-08
7.34531e-07
4.09577e-08
7.76453e-07
-5.55487e-09
8.12699e-07
-5.38304e-08
8.53183e-07
-9.15857e-08
9.03729e-07
-1.21682e-07
9.67043e-07
-1.50084e-07
1.04427e-06
-1.80723e-07
1.13543e-06
-2.14422e-07
1.24323e-06
-2.51889e-07
1.36436e-06
-2.84539e-07
1.50124e-06
-3.01711e-07
1.62418e-06
-2.65093e-07
-1.29822e-07
8.27477e-08
-3.67383e-07
1.57733e-07
-2.9218e-07
2.30337e-07
-2.33289e-07
2.98852e-07
-1.81693e-07
3.61199e-07
-1.37814e-07
4.15106e-07
-1.04234e-07
4.59701e-07
-8.09985e-08
4.9525e-07
-6.60821e-08
5.22132e-07
-5.72162e-08
5.41959e-07
-5.12856e-08
5.56498e-07
-4.5172e-08
5.68967e-07
-3.65787e-08
5.82571e-07
-2.49212e-08
6.03046e-07
-1.17468e-08
6.35656e-07
-6.89947e-10
6.83119e-07
2.74067e-09
7.46076e-07
-6.01855e-09
8.12114e-07
-2.78205e-08
8.69006e-07
-6.33268e-08
9.21959e-07
-1.05358e-07
9.80179e-07
-1.47717e-07
1.04702e-06
-1.8621e-07
1.12436e-06
-2.24708e-07
1.20766e-06
-2.61663e-07
1.2987e-06
-3.01152e-07
1.3928e-06
-3.42368e-07
1.49902e-06
-3.82699e-07
1.62371e-06
-4.22292e-07
1.76925e-06
-4.14555e-07
-2.88181e-07
1.22692e-07
-4.89534e-07
2.3175e-07
-3.89572e-07
3.25592e-07
-3.19535e-07
4.0278e-07
-2.55776e-07
4.65709e-07
-1.99682e-07
5.16754e-07
-1.54897e-07
5.57543e-07
-1.21514e-07
5.89698e-07
-9.78934e-08
6.14286e-07
-8.14719e-08
6.3324e-07
-6.97277e-08
6.48965e-07
-6.03621e-08
6.65356e-07
-5.20225e-08
6.86164e-07
-4.4673e-08
7.15925e-07
-3.98872e-08
7.56649e-07
-4.02613e-08
8.08785e-07
-4.84231e-08
8.68299e-07
-6.5987e-08
9.31367e-07
-9.14349e-08
9.92099e-07
-1.25191e-07
1.0519e-06
-1.63779e-07
1.11141e-06
-2.06445e-07
1.17211e-06
-2.44793e-07
1.23194e-06
-2.84437e-07
1.2867e-06
-3.15472e-07
1.33861e-06
-3.52569e-07
1.37897e-06
-3.81842e-07
1.42979e-06
-4.2503e-07
1.48985e-06
-4.70681e-07
1.62406e-06
-5.18467e-07
-5.86203e-07
2.35063e-07
-6.83872e-07
4.07021e-07
-5.42417e-07
5.05869e-07
-4.15424e-07
5.63872e-07
-3.14436e-07
6.01269e-07
-2.38173e-07
6.27855e-07
-1.82561e-07
6.47769e-07
-1.42251e-07
6.63087e-07
-1.13789e-07
6.74995e-07
-9.36422e-08
6.85233e-07
-7.98774e-08
6.95847e-07
-7.05489e-08
7.09882e-07
-6.52624e-08
7.29816e-07
-6.37191e-08
7.58061e-07
-6.71956e-08
7.94427e-07
-7.63022e-08
8.38327e-07
-9.22824e-08
8.85946e-07
-1.14582e-07
9.37065e-07
-1.42743e-07
9.87186e-07
-1.76143e-07
1.03718e-06
-2.12494e-07
1.08161e-06
-2.51246e-07
1.12423e-06
-2.8498e-07
1.15671e-06
-3.18248e-07
1.18477e-06
-3.39736e-07
1.20029e-06
-3.69651e-07
1.20893e-06
-3.84368e-07
1.21934e-06
-4.33506e-07
1.22856e-06
-4.69172e-07
1.51291e-06
-6.85006e-07
-1.16278e-06
8.49303e-07
-6.57132e-07
7.76417e-07
-5.14369e-07
7.20526e-07
-3.80804e-07
6.80404e-07
-2.84547e-07
6.54806e-07
-2.17562e-07
6.40189e-07
-1.7054e-07
6.33011e-07
-1.36244e-07
6.30439e-07
-1.11721e-07
6.31139e-07
-9.41207e-08
6.34668e-07
-8.2906e-08
6.41835e-07
-7.66692e-08
6.53647e-07
-7.60553e-08
6.71548e-07
-8.03036e-08
6.96168e-07
-9.09316e-08
7.27565e-07
-1.06732e-07
7.65176e-07
-1.29401e-07
8.07509e-07
-1.56142e-07
8.54267e-07
-1.88649e-07
9.02076e-07
-2.23004e-07
9.50263e-07
-2.59321e-07
9.93367e-07
-2.93671e-07
1.03242e-06
-3.22173e-07
1.05674e-06
-3.43279e-07
1.0746e-06
-3.53983e-07
1.06597e-06
-3.64891e-07
1.06407e-06
-3.72024e-07
1.01743e-06
-4.04339e-07
1.01282e-06
-4.45903e-07
8.04496e-07
-6.2591e-07
-8.69496e-07
7.23264e-07
-4.56418e-07
6.06658e-07
-3.83676e-07
5.52576e-07
-3.17221e-07
5.35483e-07
-2.60017e-07
5.35957e-07
-2.12259e-07
5.43581e-07
-1.74187e-07
5.54145e-07
-1.43809e-07
5.65559e-07
-1.21072e-07
5.77875e-07
-1.04447e-07
5.91045e-07
-9.4594e-08
6.06587e-07
-9.03651e-08
6.24915e-07
-9.31056e-08
6.47911e-07
-1.01463e-07
6.75371e-07
-1.17465e-07
7.08311e-07
-1.38093e-07
7.45682e-07
-1.66478e-07
7.86633e-07
-1.9622e-07
8.3024e-07
-2.32777e-07
8.7287e-07
-2.65947e-07
9.13832e-07
-3.01429e-07
9.48305e-07
-3.29147e-07
9.70962e-07
-3.46631e-07
9.76889e-07
-3.50587e-07
9.60096e-07
-3.40778e-07
9.23125e-07
-3.28346e-07
8.57177e-07
-3.13545e-07
7.71e-07
-3.22701e-07
6.31532e-07
-3.40804e-07
3.09889e-07
-3.26151e-07
-2.05729e-07
8.22625e-07
-3.62367e-07
7.73429e-07
-3.39565e-07
7.46145e-07
-3.00146e-07
7.30305e-07
-2.54064e-07
7.20365e-07
-2.09973e-07
7.1307e-07
-1.72794e-07
7.07822e-07
-1.42817e-07
7.03767e-07
-1.2051e-07
7.01516e-07
-1.04631e-07
7.00328e-07
-9.57424e-08
7.01321e-07
-9.28736e-08
7.03492e-07
-9.72804e-08
7.08665e-07
-1.07783e-07
7.15395e-07
-1.26432e-07
7.26459e-07
-1.50091e-07
7.40118e-07
-1.82755e-07
7.58912e-07
-2.15582e-07
7.8195e-07
-2.58298e-07
8.05867e-07
-2.90217e-07
8.32536e-07
-3.29018e-07
8.48223e-07
-3.4523e-07
8.49723e-07
-3.47621e-07
8.24506e-07
-3.27249e-07
7.83111e-07
-2.9878e-07
7.1097e-07
-2.63974e-07
6.14843e-07
-2.11561e-07
5.0416e-07
-2.20363e-07
3.45207e-07
-2.02146e-07
1.65685e-07
-1.42321e-07
-1.18859e-07
8.37323e-07
-2.84995e-07
7.68448e-07
-2.68981e-07
7.10957e-07
-2.41592e-07
6.66953e-07
-2.09126e-07
6.35223e-07
-1.76886e-07
6.12786e-07
-1.4869e-07
5.97323e-07
-1.25391e-07
5.86599e-07
-1.07918e-07
5.79729e-07
-9.5743e-08
5.75367e-07
-8.95695e-08
5.73788e-07
-8.90955e-08
5.7404e-07
-9.54793e-08
5.77954e-07
-1.08712e-07
5.84496e-07
-1.30282e-07
5.9823e-07
-1.59271e-07
6.15646e-07
-1.97281e-07
6.43948e-07
-2.37723e-07
6.73677e-07
-2.8696e-07
7.07023e-07
-3.17818e-07
7.36405e-07
-3.59164e-07
7.39474e-07
-3.46106e-07
7.14046e-07
-3.24071e-07
6.59919e-07
-2.72381e-07
5.99126e-07
-2.39119e-07
5.08913e-07
-1.9604e-07
4.12549e-07
-1.00499e-07
3.06067e-07
-1.10703e-07
1.96261e-07
-7.7156e-08
8.58249e-08
-3.35074e-08
-9.70325e-09
8.51063e-07
-2.21501e-07
7.95868e-07
-2.12347e-07
7.51241e-07
-1.96788e-07
7.17728e-07
-1.7681e-07
6.93842e-07
-1.54711e-07
6.76941e-07
-1.33727e-07
6.65111e-07
-1.15202e-07
6.56527e-07
-1.00904e-07
6.50307e-07
-9.08079e-08
6.45553e-07
-8.60645e-08
6.41842e-07
-8.65657e-08
6.38913e-07
-9.36481e-08
6.3673e-07
-1.07838e-07
6.35592e-07
-1.30248e-07
6.37119e-07
-1.62254e-07
6.39467e-07
-2.01437e-07
6.50444e-07
-2.49509e-07
6.55788e-07
-2.97162e-07
6.72205e-07
-3.32823e-07
6.7031e-07
-3.66895e-07
6.244e-07
-3.03874e-07
5.4964e-07
-2.561e-07
4.68605e-07
-1.9324e-07
3.8347e-07
-1.46035e-07
2.89256e-07
-8.37602e-08
2.27984e-07
-2.24567e-08
1.08996e-07
-2.71584e-08
8.15954e-09
-3.22269e-09
1.51576e-09
-1.75902e-09
-2.07118e-09
8.61003e-07
-1.68304e-07
8.12512e-07
-1.62853e-07
7.69342e-07
-1.53118e-07
7.32401e-07
-1.39997e-07
7.0198e-07
-1.24622e-07
6.77102e-07
-1.09389e-07
6.56941e-07
-9.53642e-08
6.40108e-07
-8.44145e-08
6.25685e-07
-7.65035e-08
6.12662e-07
-7.30975e-08
5.99822e-07
-7.37592e-08
5.87085e-07
-8.04133e-08
5.72378e-07
-9.29949e-08
5.58341e-07
-1.14122e-07
5.42261e-07
-1.45165e-07
5.31777e-07
-1.85173e-07
5.26863e-07
-2.40953e-07
5.23753e-07
-2.86108e-07
5.42227e-07
-3.41254e-07
5.07247e-07
-3.41116e-07
4.28344e-07
-2.24745e-07
3.31222e-07
-1.50211e-07
2.46974e-07
-8.08819e-08
1.20691e-07
-4.46374e-08
5.79603e-09
-1.30402e-09
2.47602e-09
-1.10349e-09
1.54061e-09
-1.18895e-09
1.24152e-09
-1.21089e-09
7.75361e-10
-1.88742e-09
-2.14135e-09
8.67271e-07
-1.21607e-07
8.23442e-07
-1.18288e-07
7.83088e-07
-1.12216e-07
7.47087e-07
-1.03939e-07
7.16343e-07
-9.39446e-08
6.90202e-07
-8.37655e-08
6.68532e-07
-7.4035e-08
6.4977e-07
-6.63599e-08
6.33576e-07
-6.06643e-08
6.18274e-07
-5.85165e-08
6.03336e-07
-5.92383e-08
5.87603e-07
-6.52391e-08
5.6949e-07
-7.55296e-08
5.50549e-07
-9.48461e-08
5.26245e-07
-1.21934e-07
5.07967e-07
-1.63403e-07
4.82104e-07
-2.17569e-07
4.7076e-07
-2.65653e-07
4.61375e-07
-3.34912e-07
3.56351e-07
-2.60896e-07
2.53621e-07
-1.03451e-07
1.38007e-07
-4.63846e-08
2.11815e-08
-5.79675e-09
2.57698e-09
-4.72287e-10
2.43273e-09
-3.83636e-10
2.06585e-09
-1.06074e-09
1.52917e-09
-1.21928e-09
1.08768e-09
-1.21834e-09
5.94002e-10
-1.37232e-09
-1.48758e-09
8.71263e-07
-7.90496e-08
8.30664e-07
-7.71248e-08
7.92502e-07
-7.35791e-08
7.57374e-07
-6.8688e-08
7.26242e-07
-6.27244e-08
6.98612e-07
-5.64915e-08
6.74852e-07
-5.04349e-08
6.53353e-07
-4.55392e-08
6.34409e-07
-4.19058e-08
6.15555e-07
-4.05714e-08
5.97348e-07
-4.11664e-08
5.76447e-07
-4.54546e-08
5.5337e-07
-5.25266e-08
5.24303e-07
-6.67332e-08
4.88257e-07
-8.57068e-08
4.4709e-07
-1.20675e-07
3.91884e-07
-1.61264e-07
3.62205e-07
-2.20116e-07
2.85297e-07
-2.66906e-07
1.22981e-07
-1.07806e-07
2.02963e-08
-1.13561e-08
2.35007e-09
-5.42822e-10
2.33368e-09
-1.91111e-10
2.33353e-09
-3.68674e-10
2.15472e-09
-4.0613e-10
1.83836e-09
-6.33628e-10
1.42254e-09
-7.60624e-10
9.8602e-10
-8.20708e-10
5.12975e-10
-8.95996e-10
-9.49077e-10
8.73638e-07
-3.89519e-08
8.35032e-07
-3.80601e-08
7.9829e-07
-3.64276e-08
7.63885e-07
-3.41425e-08
7.32674e-07
-3.13743e-08
7.04334e-07
-2.84073e-08
6.79347e-07
-2.55435e-08
6.56318e-07
-2.31399e-08
6.35668e-07
-2.14261e-08
6.14839e-07
-2.07366e-08
5.9471e-07
-2.11493e-08
5.71046e-07
-2.32772e-08
5.456e-07
-2.70088e-08
5.11029e-07
-3.4287e-08
4.7029e-07
-4.4306e-08
4.11746e-07
-6.431e-08
3.41257e-07
-8.80048e-08
2.63884e-07
-1.39246e-07
1.16841e-07
-1.37784e-07
1.07858e-08
-1.04469e-08
2.57348e-09
-1.93687e-10
2.66535e-09
-2.98941e-10
2.40764e-09
-1.62625e-10
2.23762e-09
-1.89194e-10
2.01414e-09
-2.25588e-10
1.71035e-09
-3.07024e-10
1.33661e-09
-3.6888e-10
9.20892e-10
-4.07867e-10
4.71879e-10
-4.41878e-10
-4.63651e-10
8.74735e-07
8.37112e-07
8.01023e-07
7.67071e-07
7.35784e-07
7.07251e-07
6.81531e-07
6.57932e-07
6.36167e-07
6.14625e-07
5.93104e-07
5.68505e-07
5.41245e-07
5.04769e-07
4.60815e-07
3.93105e-07
3.07746e-07
1.63185e-07
2.89744e-08
2.01882e-09
2.69907e-09
2.57933e-09
2.39405e-09
2.19518e-09
1.95387e-09
1.65229e-09
1.29265e-09
8.89065e-10
4.53648e-10
)
;

boundaryField
{
    inlet1
    {
        type            calculated;
        value           nonuniform List<scalar> 10(-1e-07 -1e-07 -1e-07 -1e-07 -1e-07 -1e-07 -1e-07 -1e-07 -1e-07 -1e-07);
    }
    inlet2
    {
        type            calculated;
        value           uniform 0;
    }
    inlet3
    {
        type            calculated;
        value           nonuniform List<scalar> 10(-9.13394e-07 -9.13394e-07 -9.13394e-07 -9.13394e-07 -9.13394e-07 -9.13394e-07 -9.13394e-07 -9.13394e-07 -9.13394e-07 -9.13394e-07);
    }
    output1
    {
        type            calculated;
        value           uniform 0;
    }
    output2
    {
        type            calculated;
        value           nonuniform List<scalar> 10(9.15689e-09 5.75283e-09 4.51779e-09 3.61951e-09 8.3727e-07 1.37834e-06 1.69515e-06 1.90845e-06 1.90638e-06 2.38531e-06);
    }
    output3
    {
        type            calculated;
        value           uniform -0;
    }
    up
    {
        type            calculated;
        value           uniform 0;
    }
    down
    {
        type            calculated;
        value           uniform 0;
    }
    emptyWalls
    {
        type            empty;
        value           nonuniform List<scalar> 0();
    }
}


// ************************************************************************* //
