/*--------------------------------*- C++ -*----------------------------------*\
  =========                 |
  \\      /  F ield         | OpenFOAM: The Open Source CFD Toolbox
   \\    /   O peration     | Website:  https://openfoam.org
    \\  /    A nd           | Version:  9
     \\/     M anipulation  |
\*---------------------------------------------------------------------------*/
FoamFile
{
    format      ascii;
    class       volScalarField;
    location    "21500";
    object      Sw;
}
// * * * * * * * * * * * * * * * * * * * * * * * * * * * * * * * * * * * * * //

dimensions      [0 0 0 0 0 0 0];

internalField   nonuniform List<scalar> 
900
(
0.77933
0.795798
0.623833
0.44309
0.153808
0.15
0.15
0.15
0.15
0.15
0.15
0.15
0.15
0.15
0.15
0.15
0.15
0.15
0.15
0.15
0.15
0.15
0.15
0.15
0.15
0.15
0.15
0.15
0.15
0.15
0.772129
0.60428
0.537103
0.559991
0.209058
0.15
0.15
0.15
0.15
0.15
0.15
0.15
0.15
0.15
0.15
0.15
0.15
0.15
0.15
0.15
0.15
0.15
0.15
0.15
0.15
0.15
0.15
0.15
0.15
0.15
0.748606
0.647327
0.546285
0.395749
0.150292
0.15
0.15
0.15
0.15
0.15
0.15
0.15
0.15
0.15
0.15
0.15
0.15
0.15
0.15
0.15
0.15
0.15
0.15
0.15
0.15
0.15
0.15
0.15
0.15
0.15
0.732177
0.591053
0.555651
0.317837
0.150021
0.15
0.15
0.15
0.15
0.15
0.15
0.15
0.15
0.15
0.15
0.15
0.15
0.15
0.15
0.15
0.15
0.15
0.15
0.15
0.15
0.15
0.15
0.15
0.15
0.15
0.741361
0.662441
0.574835
0.271501
0.150002
0.15
0.15
0.15
0.15
0.15
0.15
0.15
0.15
0.15
0.15
0.15
0.15
0.15
0.15
0.15
0.15
0.15
0.15
0.15
0.15
0.15
0.15
0.15
0.15
0.15
0.75608
0.61582
0.594414
0.212944
0.15
0.15
0.15
0.15
0.15
0.15
0.15
0.15
0.15
0.15
0.15
0.15
0.15
0.15
0.15
0.15
0.15
0.15
0.15
0.15
0.15
0.15
0.15
0.15
0.15
0.15
0.772026
0.679214
0.596871
0.178238
0.15
0.15
0.15
0.15
0.15
0.15
0.15
0.15
0.15
0.15
0.15
0.15
0.15
0.15
0.15
0.15
0.15
0.15
0.15
0.15
0.15
0.15
0.15
0.15
0.15
0.15
0.787702
0.641243
0.600145
0.155689
0.15
0.15
0.15
0.15
0.15
0.15
0.15
0.15
0.15
0.15
0.15
0.15
0.15
0.15
0.15
0.15
0.15
0.15
0.15
0.15
0.15
0.15
0.15
0.15
0.15
0.15
0.802072
0.699379
0.606526
0.151251
0.15
0.15
0.15
0.15
0.15
0.15
0.15
0.15
0.15
0.15
0.15
0.15
0.15
0.15
0.15
0.15
0.15
0.15
0.15
0.15
0.15
0.15
0.15
0.15
0.15
0.15
0.82814
0.671012
0.416797
0.150057
0.15
0.15
0.15
0.15
0.15
0.15
0.15
0.15
0.15
0.15
0.15
0.15
0.15
0.15
0.15
0.15
0.15
0.15
0.15
0.15
0.15
0.15
0.15
0.15
0.15
0.15
0.85546
0.731984
0.55283
0.253073
0.150006
0.15
0.15
0.15
0.15
0.15
0.15
0.15
0.15
0.15
0.15
0.15
0.15
0.15
0.15
0.15
0.15
0.15
0.15
0.15
0.15
0.15
0.15
0.15
0.15
0.15
0.88871
0.696788
0.540476
0.500196
0.397571
0.150656
0.150002
0.15
0.15
0.15
0.15
0.15
0.15
0.15
0.15
0.15
0.15
0.15
0.15
0.15
0.15
0.15
0.15
0.15
0.15
0.15
0.15
0.15
0.15
0.15
0.937657
0.826385
0.695721
0.601268
0.550438
0.541509
0.397249
0.150062
0.151282
0.155426
0.154916
0.153325
0.15072
0.150001
0.150001
0.150001
0.150001
0.15
0.15
0.15
0.15
0.15
0.15
0.15
0.15
0.15
0.15
0.15
0.15
0.15
0.843472
0.80656
0.735716
0.691152
0.647392
0.628211
0.595381
0.582851
0.579795
0.581722
0.58076
0.585466
0.58316
0.591386
0.584729
0.592056
0.562284
0.198868
0.17411
0.182607
0.190192
0.196154
0.202223
0.208514
0.215888
0.219998
0.220146
0.210659
0.191962
0.16511
0.67141
0.666303
0.656619
0.649528
0.631509
0.618084
0.610925
0.606181
0.600601
0.603076
0.600147
0.605105
0.602359
0.606947
0.603074
0.595927
0.581848
0.543965
0.535711
0.537733
0.540733
0.542707
0.543822
0.544565
0.545533
0.546763
0.548613
0.550403
0.552331
0.552685
0.620153
0.606171
0.602691
0.599336
0.596623
0.593387
0.594053
0.593752
0.591737
0.591803
0.591016
0.592396
0.5911
0.591152
0.587528
0.582452
0.579697
0.574602
0.568561
0.568185
0.569522
0.570607
0.571368
0.571873
0.572739
0.573632
0.575418
0.577042
0.579664
0.580218
0.601991
0.595839
0.591338
0.589542
0.588918
0.588908
0.589414
0.589858
0.589687
0.589619
0.589567
0.589199
0.588281
0.585963
0.583482
0.580754
0.580271
0.581895
0.580353
0.57938
0.579419
0.58002
0.580893
0.581907
0.582949
0.583848
0.584866
0.585768
0.587981
0.589165
0.592501
0.586292
0.586595
0.588897
0.591401
0.593455
0.594829
0.595757
0.596195
0.596218
0.595899
0.595048
0.593796
0.59191
0.590307
0.589121
0.589157
0.590047
0.590107
0.589619
0.589788
0.590577
0.591685
0.59285
0.593301
0.593469
0.591953
0.590441
0.588516
0.589179
0.586633
0.587068
0.59209
0.5972
0.60098
0.603445
0.60488
0.605582
0.605766
0.605406
0.604712
0.603601
0.602461
0.601229
0.600586
0.60023
0.600613
0.600728
0.600954
0.600382
0.600482
0.60014
0.600374
0.599628
0.59867
0.596631
0.592823
0.588008
0.579009
0.574716
0.586964
0.597102
0.605767
0.610318
0.61211
0.612618
0.612404
0.611825
0.610936
0.609811
0.608525
0.607159
0.605962
0.604956
0.604435
0.604044
0.603991
0.603502
0.603318
0.602287
0.601854
0.600223
0.599608
0.596893
0.595582
0.591314
0.588789
0.58283
0.570979
0.559813
0.609467
0.621077
0.620917
0.617362
0.613742
0.610973
0.608754
0.607075
0.6055
0.604203
0.602858
0.601849
0.600887
0.600431
0.600053
0.600078
0.600002
0.600013
0.59988
0.5994
0.598821
0.597432
0.59628
0.593325
0.591584
0.585827
0.584948
0.576146
0.591162
0.598222
0.596577
0.593257
0.592972
0.593674
0.594588
0.595709
0.5966
0.597479
0.597928
0.598459
0.598572
0.599031
0.599101
0.599762
0.599903
0.600655
0.600653
0.601021
0.600548
0.599922
0.598546
0.596587
0.593643
0.590049
0.585185
0.580193
0.57329
0.568867
0.556793
0.500529
0.598799
0.60056
0.60405
0.607089
0.608857
0.609801
0.609971
0.609998
0.609532
0.609248
0.608429
0.60801
0.606837
0.606295
0.604649
0.60399
0.601897
0.601155
0.598894
0.597422
0.59479
0.591047
0.586274
0.579473
0.574044
0.564447
0.557092
0.545983
0.531387
0.519996
0.59944
0.598691
0.598308
0.598156
0.597927
0.597674
0.597281
0.597025
0.59664
0.596512
0.596126
0.596115
0.595609
0.595741
0.594982
0.595532
0.59431
0.595497
0.593187
0.593515
0.589243
0.584111
0.575021
0.565535
0.556622
0.544795
0.536822
0.514397
0.504132
0.443447
0.599512
0.598909
0.598851
0.599419
0.60018
0.601073
0.601732
0.602428
0.602839
0.603377
0.603623
0.604006
0.604026
0.604036
0.603457
0.602769
0.60072
0.599624
0.594477
0.593414
0.583226
0.57318
0.557195
0.544994
0.522461
0.513002
0.515112
0.383908
0.15005
0.15
0.599655
0.599221
0.599001
0.599086
0.599249
0.599568
0.599732
0.600015
0.600067
0.600292
0.600268
0.600322
0.60014
0.599503
0.598858
0.596559
0.595196
0.591185
0.586726
0.583346
0.563933
0.550487
0.522984
0.518602
0.357349
0.150011
0.15
0.15
0.15
0.15
0.599749
0.599423
0.599172
0.599163
0.599196
0.599501
0.59967
0.600142
0.600296
0.600889
0.601014
0.601696
0.60179
0.60219
0.602075
0.600615
0.599967
0.592558
0.589264
0.572435
0.534283
0.526299
0.428666
0.150399
0.15
0.15
0.15
0.15
0.15
0.15
0.599811
0.599554
0.599331
0.599278
0.599236
0.599447
0.599534
0.599976
0.600073
0.600757
0.600789
0.601809
0.601688
0.602995
0.602229
0.602399
0.598977
0.590547
0.585185
0.539159
0.431544
0.150431
0.15
0.15
0.15
0.15
0.15
0.15
0.15
0.15
0.599847
0.599634
0.599437
0.599369
0.599301
0.59945
0.599512
0.599909
0.600027
0.600725
0.600826
0.602004
0.601992
0.603972
0.603356
0.606067
0.60153
0.599509
0.578489
0.432103
0.150204
0.15
0.15
0.15
0.15
0.15
0.15
0.15
0.15
0.15
0.599869
0.599664
0.599502
0.599403
0.599366
0.599431
0.599558
0.599822
0.600096
0.600596
0.600997
0.601887
0.60241
0.604075
0.604483
0.607557
0.60526
0.608657
0.55289
0.164603
0.15
0.15
0.15
0.15
0.15
0.15
0.15
0.15
0.15
0.15
)
;

boundaryField
{
    inlet1
    {
        type            fixedValue;
        value           uniform 0.85;
    }
    inlet2
    {
        type            zeroGradient;
    }
    inlet3
    {
        type            fixedValue;
        value           uniform 0.6;
    }
    output1
    {
        type            zeroGradient;
    }
    output2
    {
        type            zeroGradient;
    }
    output3
    {
        type            zeroGradient;
    }
    up
    {
        type            zeroGradient;
    }
    down
    {
        type            zeroGradient;
    }
    emptyWalls
    {
        type            empty;
    }
}


// ************************************************************************* //
