/*--------------------------------*- C++ -*----------------------------------*\
  =========                 |
  \\      /  F ield         | OpenFOAM: The Open Source CFD Toolbox
   \\    /   O peration     | Website:  https://openfoam.org
    \\  /    A nd           | Version:  9
     \\/     M anipulation  |
\*---------------------------------------------------------------------------*/
FoamFile
{
    format      ascii;
    class       volVectorField;
    location    "21500";
    object      ut;
}
// * * * * * * * * * * * * * * * * * * * * * * * * * * * * * * * * * * * * * //

dimensions      [0 1 -1 0 0 0 0];

internalField   nonuniform List<vector> 
900
(
(4.02527e-06 3.18563e-06 -0)
(3.10917e-06 2.61158e-06 -0)
(4.84687e-07 5.5258e-07 -0)
(1.63191e-07 2.11755e-08 -0)
(8.76986e-08 -4.50288e-09 -0)
(1.60719e-07 4.27621e-09 -0)
(1.52819e-07 2.95165e-09 -0)
(1.4804e-07 1.82657e-09 -0)
(1.45207e-07 1.00522e-09 -0)
(1.4376e-07 4.40646e-10 -0)
(1.43252e-07 6.65768e-11 -0)
(1.43349e-07 -1.6625e-10 -0)
(1.43801e-07 -2.86883e-10 -0)
(1.44395e-07 -3.0862e-10 -0)
(1.44936e-07 -2.34052e-10 -0)
(1.45228e-07 -5.94652e-11 -0)
(1.45066e-07 2.21423e-10 -0)
(1.44229e-07 6.14751e-10 -0)
(1.4249e-07 1.12491e-09 -0)
(1.39611e-07 1.75381e-09 -0)
(1.35356e-07 2.50061e-09 -0)
(1.29495e-07 3.3611e-09 -0)
(1.21808e-07 4.32628e-09 -0)
(1.12102e-07 5.37916e-09 -0)
(1.00233e-07 6.49011e-09 -0)
(8.61298e-08 7.61257e-09 -0)
(6.98363e-08 8.68003e-09 -0)
(5.15483e-08 9.60706e-09 -0)
(3.16415e-08 1.02988e-08 -0)
(1.06711e-08 1.06702e-08 -0)
(2.75043e-06 1.1699e-05 -0)
(3.5074e-07 1.28392e-06 -0)
(1.96488e-07 4.92479e-07 -0)
(3.67527e-07 5.08387e-07 -0)
(7.12593e-08 1.31201e-08 -0)
(1.68247e-07 1.31396e-08 -0)
(1.50369e-07 8.65503e-09 -0)
(1.46093e-07 5.17539e-09 -0)
(1.43821e-07 2.7582e-09 -0)
(1.42822e-07 1.13068e-09 -0)
(1.42645e-07 5.78399e-11 -0)
(1.42996e-07 -6.11495e-10 -0)
(1.43659e-07 -9.60028e-10 -0)
(1.44448e-07 -1.02241e-09 -0)
(1.45185e-07 -8.02103e-10 -0)
(1.45684e-07 -2.84558e-10 -0)
(1.4574e-07 5.51845e-10 -0)
(1.45133e-07 1.7274e-09 -0)
(1.43629e-07 3.25601e-09 -0)
(1.40987e-07 5.14358e-09 -0)
(1.36964e-07 7.38809e-09 -0)
(1.31321e-07 9.97866e-09 -0)
(1.23826e-07 1.28912e-08 -0)
(1.14266e-07 1.6079e-08 -0)
(1.02466e-07 1.94584e-08 -0)
(8.83198e-08 2.28926e-08 -0)
(7.18308e-08 2.61801e-08 -0)
(5.3167e-08 2.90553e-08 -0)
(3.27047e-08 3.1216e-08 -0)
(1.10426e-08 3.23824e-08 -0)
(3.59494e-06 1.91728e-05 -0)
(1.16812e-06 5.57906e-06 -0)
(5.04636e-08 1.18071e-06 -0)
(1.55922e-07 4.28405e-08 -0)
(1.00096e-07 5.18502e-08 -0)
(1.52337e-07 2.32132e-08 -0)
(1.44854e-07 1.3353e-08 -0)
(1.42143e-07 7.46125e-09 -0)
(1.41162e-07 3.72097e-09 -0)
(1.4106e-07 1.26552e-09 -0)
(1.41509e-07 -3.54783e-10 -0)
(1.42332e-07 -1.37776e-09 -0)
(1.4339e-07 -1.91929e-09 -0)
(1.44553e-07 -2.01875e-09 -0)
(1.45674e-07 -1.66722e-09 -0)
(1.46582e-07 -8.28388e-10 -0)
(1.47078e-07 5.43148e-10 -0)
(1.46934e-07 2.48699e-09 -0)
(1.45906e-07 5.02823e-09 -0)
(1.43743e-07 8.17652e-09 -0)
(1.40192e-07 1.19296e-08 -0)
(1.34998e-07 1.62743e-08 -0)
(1.27908e-07 2.11811e-08 -0)
(1.18669e-07 2.65873e-08 -0)
(1.07046e-07 3.23712e-08 -0)
(9.28515e-08 3.83188e-08 -0)
(7.5999e-08 4.40918e-08 -0)
(5.65842e-08 4.9218e-08 -0)
(3.49686e-08 5.31268e-08 -0)
(1.18375e-08 5.5261e-08 -0)
(3.73879e-06 2.4388e-05 -0)
(7.49177e-07 3.25595e-06 -0)
(2.96932e-07 1.82185e-06 -0)
(5.02482e-08 9.21238e-09 -0)
(1.09994e-07 4.60777e-08 -0)
(1.29685e-07 2.49807e-08 -0)
(1.34617e-07 1.40825e-08 -0)
(1.36461e-07 7.59572e-09 -0)
(1.37626e-07 3.39913e-09 -0)
(1.38746e-07 5.65624e-10 -0)
(1.40001e-07 -1.36422e-09 -0)
(1.41432e-07 -2.625e-09 -0)
(1.43018e-07 -3.32008e-09 -0)
(1.447e-07 -3.46573e-09 -0)
(1.46376e-07 -3.01953e-09 -0)
(1.47894e-07 -1.90501e-09 -0)
(1.49055e-07 -3.7965e-11 -0)
(1.49618e-07 2.64915e-09 -0)
(1.49318e-07 6.19348e-09 -0)
(1.47888e-07 1.06049e-08 -0)
(1.45062e-07 1.58795e-08 -0)
(1.40572e-07 2.20079e-08 -0)
(1.34139e-07 2.89713e-08 -0)
(1.25456e-07 3.67179e-08 -0)
(1.14198e-07 4.51206e-08 -0)
(1.0004e-07 5.39191e-08 -0)
(8.273e-08 6.26506e-08 -0)
(6.2202e-08 7.05989e-08 -0)
(3.87478e-08 7.68121e-08 -0)
(1.31768e-08 8.02741e-08 -0)
(3.47646e-06 3.28294e-05 -0)
(1.69175e-06 1.10519e-05 -0)
(3.48094e-07 2.70947e-06 -0)
(3.87239e-08 5.57471e-09 -0)
(1.16528e-07 2.23338e-08 -0)
(1.20338e-07 1.65943e-08 -0)
(1.27469e-07 1.04005e-08 -0)
(1.3146e-07 5.4401e-09 -0)
(1.34132e-07 1.71439e-09 -0)
(1.36296e-07 -1.03762e-09 -0)
(1.38319e-07 -3.04242e-09 -0)
(1.40376e-07 -4.43781e-09 -0)
(1.42549e-07 -5.27026e-09 -0)
(1.44853e-07 -5.50477e-09 -0)
(1.47235e-07 -5.04023e-09 -0)
(1.49564e-07 -3.73411e-09 -0)
(1.51632e-07 -1.4391e-09 -0)
(1.53165e-07 1.95421e-09 -0)
(1.53862e-07 6.4917e-09 -0)
(1.53429e-07 1.21704e-08 -0)
(1.51595e-07 1.89753e-08 -0)
(1.4809e-07 2.69063e-08 -0)
(1.42618e-07 3.59781e-08 -0)
(1.34818e-07 4.61918e-08 -0)
(1.24247e-07 5.74744e-08 -0)
(1.10382e-07 6.95864e-08 -0)
(9.26789e-08 8.19927e-08 -0)
(7.07457e-08 9.3715e-08 -0)
(4.46437e-08 1.03249e-07 -0)
(1.52995e-08 1.08749e-07 -0)
(3.55823e-06 4.07309e-05 -0)
(6.17624e-07 5.75189e-06 -0)
(3.55969e-07 3.83834e-06 -0)
(4.62583e-08 6.5801e-09 -0)
(1.18105e-07 9.32775e-09 -0)
(1.17752e-07 8.66479e-09 -0)
(1.23463e-07 5.48501e-09 -0)
(1.27775e-07 2.05003e-09 -0)
(1.31148e-07 -9.43884e-10 -0)
(1.33989e-07 -3.38775e-09 -0)
(1.36601e-07 -5.32994e-09 -0)
(1.39204e-07 -6.81341e-09 -0)
(1.41951e-07 -7.81814e-09 -0)
(1.4493e-07 -8.24264e-09 -0)
(1.48146e-07 -7.9024e-09 -0)
(1.51495e-07 -6.55182e-09 -0)
(1.54744e-07 -3.93824e-09 -0)
(1.57549e-07 1.15195e-10 -0)
(1.59534e-07 5.6487e-09 -0)
(1.60372e-07 1.26094e-08 -0)
(1.59797e-07 2.09448e-08 -0)
(1.57575e-07 3.06635e-08 -0)
(1.53424e-07 4.18433e-08 -0)
(1.46952e-07 5.45966e-08 -0)
(1.37592e-07 6.89984e-08 -0)
(1.24559e-07 8.49594e-08 -0)
(1.06859e-07 1.02019e-07 -0)
(8.34579e-08 1.19019e-07 -0)
(5.3782e-08 1.33718e-07 -0)
(1.86774e-08 1.42725e-07 -0)
(3.44016e-06 4.89749e-05 -0)
(7.24537e-07 1.45521e-05 -0)
(2.0351e-07 3.9787e-06 -0)
(5.26641e-08 7.69256e-09 -0)
(1.16502e-07 4.26347e-09 -0)
(1.16495e-07 3.25243e-09 -0)
(1.20855e-07 8.24912e-10 -0)
(1.25031e-07 -1.78085e-09 -0)
(1.28695e-07 -4.15192e-09 -0)
(1.3191e-07 -6.23906e-09 -0)
(1.34893e-07 -8.0758e-09 -0)
(1.37888e-07 -9.66731e-09 -0)
(1.4112e-07 -1.09461e-08 -0)
(1.44769e-07 -1.17448e-08 -0)
(1.48925e-07 -1.17745e-08 -0)
(1.53528e-07 -1.06323e-08 -0)
(1.58299e-07 -7.87717e-09 -0)
(1.62752e-07 -3.20404e-09 -0)
(1.66356e-07 3.3783e-09 -0)
(1.68725e-07 1.16737e-08 -0)
(1.69649e-07 2.15311e-08 -0)
(1.68988e-07 3.29595e-08 -0)
(1.66551e-07 4.6135e-08 -0)
(1.61974e-07 6.13536e-08 -0)
(1.5461e-07 7.89625e-08 -0)
(1.43402e-07 9.92334e-08 -0)
(1.26739e-07 1.22106e-07 -0)
(1.02445e-07 1.46625e-07 -0)
(6.83492e-08 1.6988e-07 -0)
(2.43062e-08 1.85707e-07 -0)
(3.7602e-06 5.75459e-05 -0)
(1.25737e-07 8.23694e-06 -0)
(7.87998e-08 3.99276e-06 -0)
(5.52815e-08 8.07403e-09 -0)
(1.12655e-07 2.48312e-09 -0)
(1.14313e-07 -7.43285e-10 -0)
(1.18429e-07 -3.65659e-09 -0)
(1.22798e-07 -5.84608e-09 -0)
(1.2669e-07 -7.64336e-09 -0)
(1.30065e-07 -9.34058e-09 -0)
(1.33173e-07 -1.10668e-08 -0)
(1.36333e-07 -1.28335e-08 -0)
(1.39873e-07 -1.45537e-08 -0)
(1.44101e-07 -1.60157e-08 -0)
(1.49259e-07 -1.68181e-08 -0)
(1.55393e-07 -1.63257e-08 -0)
(1.62172e-07 -1.37342e-08 -0)
(1.68804e-07 -8.43244e-09 -0)
(1.74412e-07 -6.04999e-10 -0)
(1.78524e-07 9.17615e-09 -0)
(1.81083e-07 2.05463e-08 -0)
(1.82179e-07 3.35088e-08 -0)
(1.81818e-07 4.83828e-08 -0)
(1.7978e-07 6.57214e-08 -0)
(1.75472e-07 8.62646e-08 -0)
(1.67702e-07 1.10906e-07 -0)
(1.5425e-07 1.40547e-07 -0)
(1.31232e-07 1.75495e-07 -0)
(9.28644e-08 2.13471e-07 -0)
(3.45046e-08 2.44518e-07 -0)
(3.00354e-06 6.42484e-05 -0)
(-1.22563e-06 1.78094e-05 -0)
(-2.04953e-07 4.26898e-06 -0)
(5.34726e-08 1.32925e-08 -0)
(1.07485e-07 1.43708e-09 -0)
(1.10355e-07 -5.05186e-09 -0)
(1.15752e-07 -8.86147e-09 -0)
(1.21044e-07 -1.03036e-08 -0)
(1.252e-07 -1.12347e-08 -0)
(1.28487e-07 -1.24132e-08 -0)
(1.314e-07 -1.4017e-08 -0)
(1.34401e-07 -1.60461e-08 -0)
(1.37938e-07 -1.84191e-08 -0)
(1.42505e-07 -2.0946e-08 -0)
(1.48616e-07 -2.31567e-08 -0)
(1.56612e-07 -2.41181e-08 -0)
(1.66192e-07 -2.23014e-08 -0)
(1.75881e-07 -1.61862e-08 -0)
(1.83964e-07 -6.54185e-09 -0)
(1.89876e-07 5.08989e-09 -0)
(1.93981e-07 1.79685e-08 -0)
(1.96825e-07 3.21467e-08 -0)
(1.98764e-07 4.81663e-08 -0)
(1.99855e-07 6.68843e-08 -0)
(1.99794e-07 8.94693e-08 -0)
(1.97685e-07 1.17578e-07 -0)
(1.91328e-07 1.53681e-07 -0)
(1.75369e-07 2.01336e-07 -0)
(1.37372e-07 2.6399e-07 -0)
(5.53532e-08 3.34375e-07 -0)
(4.41111e-06 7.58407e-05 -0)
(-9.71228e-07 1.09431e-05 -0)
(6.12301e-08 1.14859e-07 -0)
(5.00548e-08 1.3246e-08 -0)
(9.4239e-08 -4.37036e-09 -0)
(1.04015e-07 -1.20396e-08 -0)
(1.13178e-07 -1.64338e-08 -0)
(1.20425e-07 -1.52721e-08 -0)
(1.2458e-07 -1.45784e-08 -0)
(1.27283e-07 -1.50607e-08 -0)
(1.2954e-07 -1.65413e-08 -0)
(1.31931e-07 -1.89146e-08 -0)
(1.34973e-07 -2.21305e-08 -0)
(1.39364e-07 -2.61926e-08 -0)
(1.46087e-07 -3.07447e-08 -0)
(1.56248e-07 -3.46886e-08 -0)
(1.70104e-07 -3.51669e-08 -0)
(1.84564e-07 -2.74691e-08 -0)
(1.95688e-07 -1.44664e-08 -0)
(2.03035e-07 -2.43328e-10 -0)
(2.0814e-07 1.40919e-08 -0)
(2.12377e-07 2.89423e-08 -0)
(2.16556e-07 4.52526e-08 -0)
(2.21083e-07 6.41798e-08 -0)
(2.26166e-07 8.71503e-08 -0)
(2.31914e-07 1.16258e-07 -0)
(2.38009e-07 1.55261e-07 -0)
(2.41542e-07 2.12181e-07 -0)
(2.25903e-07 3.06779e-07 -0)
(1.0489e-07 4.94618e-07 -0)
(9.91227e-07 7.98308e-05 -0)
(2.00129e-06 2.08319e-05 -0)
(1.08267e-06 2.20814e-06 -0)
(2.65078e-08 9.79643e-09 -0)
(8.21937e-08 -9.64929e-09 -0)
(9.82918e-08 -2.23221e-08 -0)
(1.12519e-07 -2.95623e-08 -0)
(1.22899e-07 -1.97721e-08 -0)
(1.25412e-07 -1.67461e-08 -0)
(1.26524e-07 -1.67093e-08 -0)
(1.27546e-07 -1.81727e-08 -0)
(1.28811e-07 -2.09403e-08 -0)
(1.3066e-07 -2.49956e-08 -0)
(1.3389e-07 -3.09492e-08 -0)
(1.40119e-07 -3.89406e-08 -0)
(1.5219e-07 -4.87246e-08 -0)
(1.73412e-07 -5.62085e-08 -0)
(1.96582e-07 -4.40569e-08 -0)
(2.1119e-07 -2.36115e-08 -0)
(2.18435e-07 -5.68846e-09 -0)
(2.23167e-07 9.70027e-09 -0)
(2.27986e-07 2.42786e-08 -0)
(2.34001e-07 3.97221e-08 -0)
(2.41753e-07 5.7432e-08 -0)
(2.51873e-07 7.86946e-08 -0)
(2.65795e-07 1.05043e-07 -0)
(2.87251e-07 1.38925e-07 -0)
(3.26887e-07 1.85347e-07 -0)
(4.1981e-07 2.56329e-07 -0)
(7.01036e-07 3.84855e-07 -0)
(1.07994e-05 7.28941e-05 -0)
(6.59974e-06 9.77381e-06 -0)
(2.2765e-06 1.3521e-06 -0)
(2.44937e-06 1.1538e-06 -0)
(4.45867e-07 1.2853e-08 -0)
(8.38656e-08 -1.28555e-08 -0)
(1.15727e-07 -2.83513e-08 -0)
(1.33241e-07 -1.75093e-08 -0)
(1.27643e-07 -1.59442e-08 -0)
(1.25856e-07 -1.69539e-08 -0)
(1.25309e-07 -1.85964e-08 -0)
(1.25108e-07 -2.17554e-08 -0)
(1.24964e-07 -2.59824e-08 -0)
(1.25419e-07 -3.3668e-08 -0)
(1.28311e-07 -4.53438e-08 -0)
(1.3898e-07 -6.50609e-08 -0)
(1.74772e-07 -9.68854e-08 -0)
(2.17161e-07 -6.89378e-08 -0)
(2.34057e-07 -3.02344e-08 -0)
(2.36346e-07 -8.59964e-09 -0)
(2.38107e-07 6.11836e-09 -0)
(2.42399e-07 1.87505e-08 -0)
(2.49709e-07 3.19252e-08 -0)
(2.60055e-07 4.71318e-08 -0)
(2.73777e-07 6.51532e-08 -0)
(2.92144e-07 8.62956e-08 -0)
(3.18312e-07 1.10049e-07 -0)
(3.58946e-07 1.33953e-07 -0)
(4.25412e-07 1.48333e-07 -0)
(5.21058e-07 1.15977e-07 -0)
(3.1458e-05 6.13413e-05 -0)
(4.22701e-05 3.14587e-05 -0)
(2.78341e-05 1.14453e-05 -0)
(1.67588e-05 4.07066e-06 -0)
(1.14677e-05 2.29293e-06 -0)
(1.212e-05 1.29704e-06 -0)
(8.35336e-07 3.1376e-08 -0)
(1.35271e-07 -5.35016e-09 -0)
(1.25276e-07 -7.24696e-09 -0)
(1.21015e-07 -8.20261e-09 -0)
(1.20179e-07 -9.09849e-09 -0)
(1.19705e-07 -1.08206e-08 -0)
(1.18383e-07 -1.29478e-08 -0)
(1.14529e-07 -1.72082e-08 -0)
(1.08726e-07 -2.39232e-08 -0)
(1.00648e-07 -3.68733e-08 -0)
(1.69534e-07 -6.32031e-08 -0)
(2.63233e-07 -1.11273e-07 -0)
(2.71528e-07 -1.99828e-08 -0)
(2.54787e-07 -4.60247e-09 -0)
(2.50517e-07 4.82207e-09 -0)
(2.53792e-07 1.31619e-08 -0)
(2.62382e-07 2.30541e-08 -0)
(2.74981e-07 3.57433e-08 -0)
(2.91037e-07 5.13544e-08 -0)
(3.10691e-07 6.90852e-08 -0)
(3.34908e-07 8.62081e-08 -0)
(3.65172e-07 9.70989e-08 -0)
(4.01834e-07 9.017e-08 -0)
(4.36725e-07 4.72162e-08 -0)
(2.10134e-05 -5.57731e-08 -0)
(5.45978e-05 1.19484e-05 -0)
(5.92332e-05 1.87865e-05 -0)
(6.48317e-05 1.81171e-05 -0)
(5.54668e-05 1.08575e-05 -0)
(5.74372e-05 1.07727e-05 -0)
(4.59256e-05 1.04397e-05 -0)
(4.42558e-05 2.14735e-06 -0)
(4.29962e-05 3.42077e-07 -0)
(4.41311e-05 -1.27315e-07 -0)
(4.30395e-05 -3.13498e-07 -0)
(4.60293e-05 -2.94852e-07 -0)
(4.33298e-05 -2.41082e-07 -0)
(4.78279e-05 3.70598e-07 -0)
(4.0681e-05 1.17034e-06 -0)
(4.21215e-05 4.56147e-06 -0)
(2.56484e-05 7.34417e-06 -0)
(2.1005e-07 8.86458e-10 -0)
(3.06756e-07 -2.89447e-09 -0)
(2.26399e-07 -1.04241e-11 -0)
(2.14421e-07 2.11046e-09 -0)
(2.12641e-07 4.30819e-09 -0)
(2.16189e-07 7.42902e-09 -0)
(2.2261e-07 1.17735e-08 -0)
(2.29541e-07 1.70635e-08 -0)
(2.40124e-07 2.30875e-08 -0)
(2.54159e-07 2.87805e-08 -0)
(2.77522e-07 3.27815e-08 -0)
(3.12212e-07 3.06229e-08 -0)
(3.59378e-07 1.53332e-08 -0)
(3.66854e-06 -1.14075e-05 -0)
(1.3226e-05 -6.90573e-06 -0)
(2.56058e-05 1.76322e-07 -0)
(4.03032e-05 6.02365e-06 -0)
(4.66622e-05 8.41556e-06 -0)
(5.15027e-05 9.20584e-06 -0)
(5.66815e-05 9.12669e-06 -0)
(5.97672e-05 4.32336e-06 -0)
(5.80015e-05 8.90144e-07 -0)
(6.14966e-05 -5.49946e-07 -0)
(5.88453e-05 -1.15076e-06 -0)
(6.33462e-05 -1.12388e-06 -0)
(6.00012e-05 -5.77771e-07 -0)
(6.34353e-05 1.53579e-06 -0)
(5.97772e-05 5.26672e-06 -0)
(5.67773e-05 1.23903e-05 -0)
(5.7013e-05 2.12352e-05 -0)
(4.28818e-05 1.91109e-05 -0)
(4.31767e-05 1.68727e-06 -0)
(4.31772e-05 -9.39906e-08 -0)
(4.47744e-05 -7.82248e-07 -0)
(4.72725e-05 -1.10147e-06 -0)
(5.03968e-05 -1.3255e-06 -0)
(5.40929e-05 -1.56667e-06 -0)
(5.86243e-05 -1.85495e-06 -0)
(6.38038e-05 -2.12322e-06 -0)
(6.9831e-05 -2.25714e-06 -0)
(7.55166e-05 -2.05396e-06 -0)
(8.08439e-05 -1.47463e-06 -0)
(8.31251e-05 -5.52338e-07 -0)
(3.08512e-06 -1.69413e-05 -0)
(8.19493e-06 -1.12997e-05 -0)
(1.46739e-05 -6.86539e-06 -0)
(2.18369e-05 -2.4933e-06 -0)
(2.93433e-05 9.35049e-07 -0)
(3.55475e-05 2.67011e-06 -0)
(4.22183e-05 2.87176e-06 -0)
(4.67646e-05 1.63365e-06 -0)
(4.84522e-05 -8.16301e-08 -0)
(5.03043e-05 -1.18086e-06 -0)
(5.05107e-05 -1.69953e-06 -0)
(5.20776e-05 -1.51544e-06 -0)
(5.14469e-05 -5.10694e-07 -0)
(5.247e-05 1.80007e-06 -0)
(5.2277e-05 5.83763e-06 -0)
(5.36607e-05 1.09549e-05 -0)
(6.0592e-05 1.67068e-05 -0)
(6.68639e-05 1.55243e-05 -0)
(6.76974e-05 4.59174e-06 -0)
(6.98317e-05 -1.01762e-06 -0)
(7.26721e-05 -3.65653e-06 -0)
(7.62571e-05 -5.04944e-06 -0)
(8.0861e-05 -6.12753e-06 -0)
(8.6324e-05 -7.31873e-06 -0)
(9.33596e-05 -8.74717e-06 -0)
(0.000101297 -1.01728e-05 -0)
(0.000111391 -1.11365e-05 -0)
(0.000121035 -1.05942e-05 -0)
(0.000131828 -7.93747e-06 -0)
(0.000136602 -2.99898e-06 -0)
(3.47571e-06 -2.3897e-05 -0)
(9.96945e-06 -1.90253e-05 -0)
(1.61541e-05 -1.34834e-05 -0)
(2.23756e-05 -8.60305e-06 -0)
(2.85132e-05 -4.81311e-06 -0)
(3.4212e-05 -2.54599e-06 -0)
(3.92019e-05 -1.60342e-06 -0)
(4.32226e-05 -1.4673e-06 -0)
(4.59586e-05 -1.9076e-06 -0)
(4.7922e-05 -2.36431e-06 -0)
(4.92897e-05 -2.51139e-06 -0)
(5.01869e-05 -2.01559e-06 -0)
(5.09391e-05 -7.53802e-07 -0)
(5.13766e-05 1.41923e-06 -0)
(5.3076e-05 4.41353e-06 -0)
(5.60538e-05 7.20666e-06 -0)
(6.21095e-05 9.04046e-06 -0)
(7.10646e-05 7.59207e-06 -0)
(7.58416e-05 1.97803e-06 -0)
(7.9449e-05 -3.31508e-06 -0)
(8.30907e-05 -6.83504e-06 -0)
(8.75459e-05 -9.27162e-06 -0)
(9.31999e-05 -1.14417e-05 -0)
(0.000100209 -1.38605e-05 -0)
(0.000108646 -1.66539e-05 -0)
(0.00011844 -1.97093e-05 -0)
(0.000130207 -2.22734e-05 -0)
(0.000142665 -2.27466e-05 -0)
(0.000157583 -1.86502e-05 -0)
(0.000167253 -7.76095e-06 -0)
(4.48223e-06 -3.17198e-05 -0)
(1.20673e-05 -2.48964e-05 -0)
(1.94792e-05 -1.9474e-05 -0)
(2.65881e-05 -1.4637e-05 -0)
(3.31823e-05 -1.06157e-05 -0)
(3.90575e-05 -7.7075e-06 -0)
(4.39637e-05 -5.86432e-06 -0)
(4.79764e-05 -4.82249e-06 -0)
(5.10737e-05 -4.35175e-06 -0)
(5.33528e-05 -4.10665e-06 -0)
(5.5039e-05 -3.72384e-06 -0)
(5.62606e-05 -2.92818e-06 -0)
(5.75328e-05 -1.61342e-06 -0)
(5.89814e-05 9.16165e-08 -0)
(6.16278e-05 1.81261e-06 -0)
(6.55035e-05 2.83773e-06 -0)
(7.11204e-05 2.54105e-06 -0)
(7.80948e-05 5.99461e-07 -0)
(8.4328e-05 -3.08901e-06 -0)
(8.94731e-05 -7.45101e-06 -0)
(9.49186e-05 -1.14821e-05 -0)
(0.000101117 -1.50648e-05 -0)
(0.000108286 -1.8575e-05 -0)
(0.000116586 -2.2284e-05 -0)
(0.000124945 -2.62305e-05 -0)
(0.000134795 -3.06685e-05 -0)
(0.000143764 -3.46344e-05 -0)
(0.000156041 -3.75957e-05 -0)
(0.000168702 -3.43684e-05 -0)
(0.000185148 -1.82034e-05 -0)
(6.49453e-06 -4.17569e-05 -0)
(1.80439e-05 -3.35395e-05 -0)
(2.8306e-05 -2.71838e-05 -0)
(3.68124e-05 -2.17015e-05 -0)
(4.37436e-05 -1.69471e-05 -0)
(4.93981e-05 -1.31393e-05 -0)
(5.39527e-05 -1.03354e-05 -0)
(5.75558e-05 -8.39393e-06 -0)
(6.03837e-05 -7.0915e-06 -0)
(6.24735e-05 -6.15047e-06 -0)
(6.41745e-05 -5.31056e-06 -0)
(6.56185e-05 -4.38757e-06 -0)
(6.74527e-05 -3.37081e-06 -0)
(6.97802e-05 -2.44098e-06 -0)
(7.34049e-05 -1.9506e-06 -0)
(7.7925e-05 -2.2896e-06 -0)
(8.3832e-05 -3.74476e-06 -0)
(8.98279e-05 -6.16355e-06 -0)
(9.64455e-05 -9.57635e-06 -0)
(0.000101974 -1.36206e-05 -0)
(0.000108406 -1.80614e-05 -0)
(0.000113877 -2.21771e-05 -0)
(0.000120546 -2.63665e-05 -0)
(0.000125843 -3.00486e-05 -0)
(0.000131498 -3.39999e-05 -0)
(0.000136224 -3.78052e-05 -0)
(0.000139569 -4.19055e-05 -0)
(0.000146389 -4.68628e-05 -0)
(0.000151581 -4.85426e-05 -0)
(0.000173231 -3.94327e-05 -0)
(1.25972e-05 -5.615e-05 -0)
(3.44154e-05 -4.4375e-05 -0)
(4.69888e-05 -3.67232e-05 -0)
(5.4185e-05 -2.94537e-05 -0)
(5.85893e-05 -2.29893e-05 -0)
(6.16644e-05 -1.78401e-05 -0)
(6.39067e-05 -1.39675e-05 -0)
(6.56471e-05 -1.11848e-05 -0)
(6.69703e-05 -9.20288e-06 -0)
(6.80288e-05 -7.79507e-06 -0)
(6.90179e-05 -6.76187e-06 -0)
(7.01515e-05 -6.01694e-06 -0)
(7.1825e-05 -5.56379e-06 -0)
(7.41383e-05 -5.53645e-06 -0)
(7.7474e-05 -6.10167e-06 -0)
(8.14115e-05 -7.39502e-06 -0)
(8.62539e-05 -9.45265e-06 -0)
(9.09352e-05 -1.21234e-05 -0)
(9.64778e-05 -1.54618e-05 -0)
(0.000100959 -1.91353e-05 -0)
(0.000106477 -2.32276e-05 -0)
(0.000109845 -2.67815e-05 -0)
(0.000115001 -3.0521e-05 -0)
(0.000116341 -3.30458e-05 -0)
(0.000120613 -3.65139e-05 -0)
(0.000119445 -3.85632e-05 -0)
(0.000122341 -4.31006e-05 -0)
(0.000121527 -4.72734e-05 -0)
(0.000124185 -5.51508e-05 -0)
(0.000178397 -7.7808e-05 -0)
(8.90117e-05 -8.06243e-05 -0)
(8.08488e-05 -6.41084e-05 -0)
(7.44347e-05 -4.63615e-05 -0)
(6.96705e-05 -3.34335e-05 -0)
(6.64103e-05 -2.46454e-05 -0)
(6.45508e-05 -1.86722e-05 -0)
(6.34871e-05 -1.44827e-05 -0)
(6.31152e-05 -1.1573e-05 -0)
(6.29726e-05 -9.52556e-06 -0)
(6.32553e-05 -8.18042e-06 -0)
(6.36783e-05 -7.3479e-06 -0)
(6.46887e-05 -7.03554e-06 -0)
(6.60407e-05 -7.18002e-06 -0)
(6.82689e-05 -7.90267e-06 -0)
(7.09648e-05 -9.15878e-06 -0)
(7.45483e-05 -1.10614e-05 -0)
(7.84869e-05 -1.34638e-05 -0)
(8.30148e-05 -1.64251e-05 -0)
(8.78385e-05 -1.97668e-05 -0)
(9.25767e-05 -2.33635e-05 -0)
(9.74759e-05 -2.70217e-05 -0)
(0.000101197 -3.02144e-05 -0)
(0.000105287 -3.31286e-05 -0)
(0.000106061 -3.49015e-05 -0)
(0.000108858 -3.74162e-05 -0)
(0.000104335 -3.83105e-05 -0)
(0.000108478 -4.36006e-05 -0)
(9.50076e-05 -4.65609e-05 -0)
(0.000107557 -8.18505e-05 -0)
(5.33421e-05 -0.000154748 -0)
(8.00252e-05 -5.08021e-05 -0)
(6.46275e-05 -3.87653e-05 -0)
(5.6704e-05 -2.97993e-05 -0)
(5.38112e-05 -2.3476e-05 -0)
(5.32853e-05 -1.8867e-05 -0)
(5.39061e-05 -1.54359e-05 -0)
(5.481e-05 -1.27661e-05 -0)
(5.6019e-05 -1.07711e-05 -0)
(5.70927e-05 -9.29858e-06 -0)
(5.84823e-05 -8.40078e-06 -0)
(5.97267e-05 -7.98593e-06 -0)
(6.15907e-05 -8.17553e-06 -0)
(6.33924e-05 -8.8807e-06 -0)
(6.61897e-05 -1.02837e-05 -0)
(6.88844e-05 -1.21876e-05 -0)
(7.27778e-05 -1.48188e-05 -0)
(7.63586e-05 -1.77647e-05 -0)
(8.09679e-05 -2.13047e-05 -0)
(8.508e-05 -2.4834e-05 -0)
(8.9494e-05 -2.85007e-05 -0)
(9.32724e-05 -3.17124e-05 -0)
(9.63885e-05 -3.42202e-05 -0)
(9.78038e-05 -3.55272e-05 -0)
(9.75739e-05 -3.5895e-05 -0)
(9.44453e-05 -3.55621e-05 -0)
(9.01797e-05 -3.60943e-05 -0)
(8.12556e-05 -3.72673e-05 -0)
(7.29444e-05 -4.26197e-05 -0)
(5.33621e-05 -4.33315e-05 -0)
(8.61563e-06 -1.91511e-05 -0)
(8.54114e-05 -4.04815e-05 -0)
(7.91136e-05 -3.79698e-05 -0)
(7.55722e-05 -3.36449e-05 -0)
(7.36569e-05 -2.85274e-05 -0)
(7.24041e-05 -2.35849e-05 -0)
(7.16688e-05 -1.94016e-05 -0)
(7.09453e-05 -1.59957e-05 -0)
(7.06191e-05 -1.34434e-05 -0)
(7.01342e-05 -1.15909e-05 -0)
(7.01689e-05 -1.0518e-05 -0)
(6.98967e-05 -1.00871e-05 -0)
(7.03675e-05 -1.04456e-05 -0)
(7.0331e-05 -1.1412e-05 -0)
(7.1402e-05 -1.32094e-05 -0)
(7.16769e-05 -1.54311e-05 -0)
(7.36149e-05 -1.84769e-05 -0)
(7.44088e-05 -2.14794e-05 -0)
(7.73737e-05 -2.52507e-05 -0)
(7.90163e-05 -2.83553e-05 -0)
(8.21571e-05 -3.17851e-05 -0)
(8.43502e-05 -3.4117e-05 -0)
(8.52945e-05 -3.51059e-05 -0)
(8.46501e-05 -3.45902e-05 -0)
(8.02511e-05 -3.22606e-05 -0)
(7.63711e-05 -3.01071e-05 -0)
(6.5823e-05 -2.66146e-05 -0)
(5.71456e-05 -2.7273e-05 -0)
(4.36863e-05 -2.55411e-05 -0)
(2.53551e-05 -2.18988e-05 -0)
(7.78188e-06 -2.19947e-05 -0)
(8.73949e-05 -3.19918e-05 -0)
(8.00697e-05 -2.99432e-05 -0)
(7.36199e-05 -2.63843e-05 -0)
(6.85715e-05 -2.22855e-05 -0)
(6.48191e-05 -1.84096e-05 -0)
(6.22255e-05 -1.51573e-05 -0)
(6.03316e-05 -1.25677e-05 -0)
(5.91329e-05 -1.06586e-05 -0)
(5.81869e-05 -9.33534e-06 -0)
(5.77588e-05 -8.63046e-06 -0)
(5.73146e-05 -8.48762e-06 -0)
(5.7443e-05 -9.01047e-06 -0)
(5.7365e-05 -1.01447e-05 -0)
(5.82258e-05 -1.20771e-05 -0)
(5.86734e-05 -1.4587e-05 -0)
(6.09726e-05 -1.80741e-05 -0)
(6.21565e-05 -2.16371e-05 -0)
(6.66331e-05 -2.64089e-05 -0)
(6.81022e-05 -2.9688e-05 -0)
(7.33024e-05 -3.40185e-05 -0)
(7.39787e-05 -3.4929e-05 -0)
(7.39161e-05 -3.44183e-05 -0)
(6.8893e-05 -3.08597e-05 -0)
(6.30907e-05 -2.74954e-05 -0)
(5.67344e-05 -2.26877e-05 -0)
(4.50483e-05 -1.56976e-05 -0)
(3.74616e-05 -1.67995e-05 -0)
(2.37518e-05 -1.4888e-05 -0)
(1.55005e-05 -6.56545e-06 -0)
(1.66447e-06 -1.77719e-06 -0)
(8.80814e-05 -2.50073e-05 -0)
(8.21313e-05 -2.3853e-05 -0)
(7.70424e-05 -2.19342e-05 -0)
(7.32058e-05 -1.95397e-05 -0)
(7.03398e-05 -1.69675e-05 -0)
(6.84286e-05 -1.45806e-05 -0)
(6.69597e-05 -1.25104e-05 -0)
(6.60625e-05 -1.0925e-05 -0)
(6.52429e-05 -9.81327e-06 -0)
(6.48186e-05 -9.28344e-06 -0)
(6.4292e-05 -9.33148e-06 -0)
(6.40764e-05 -1.00854e-05 -0)
(6.37063e-05 -1.15978e-05 -0)
(6.36398e-05 -1.39793e-05 -0)
(6.34787e-05 -1.72673e-05 -0)
(6.39452e-05 -2.13821e-05 -0)
(6.39481e-05 -2.59074e-05 -0)
(6.61407e-05 -3.0983e-05 -0)
(6.50169e-05 -3.38755e-05 -0)
(6.94242e-05 -3.78142e-05 -0)
(6.46378e-05 -3.42922e-05 -0)
(6.02423e-05 -3.03959e-05 -0)
(4.96857e-05 -2.36166e-05 -0)
(4.40352e-05 -2.03283e-05 -0)
(3.26587e-05 -1.65202e-05 -0)
(2.51925e-05 -4.40226e-06 -0)
(2.04042e-05 -5.34117e-06 -0)
(1.39495e-06 -5.43172e-07 -0)
(2.36962e-07 -1.36028e-07 -0)
(6.61898e-08 -1.63465e-07 -0)
(8.86208e-05 -1.9293e-05 -0)
(8.35799e-05 -1.86164e-05 -0)
(7.89224e-05 -1.74234e-05 -0)
(7.4946e-05 -1.58223e-05 -0)
(7.15343e-05 -1.39747e-05 -0)
(6.88617e-05 -1.21649e-05 -0)
(6.65587e-05 -1.05301e-05 -0)
(6.48294e-05 -9.25579e-06 -0)
(6.31922e-05 -8.34831e-06 -0)
(6.19447e-05 -7.92945e-06 -0)
(6.05876e-05 -7.98166e-06 -0)
(5.93768e-05 -8.64423e-06 -0)
(5.80402e-05 -9.96986e-06 -0)
(5.64354e-05 -1.20703e-05 -0)
(5.52327e-05 -1.51835e-05 -0)
(5.32196e-05 -1.89053e-05 -0)
(5.31359e-05 -2.39944e-05 -0)
(5.22367e-05 -2.84493e-05 -0)
(5.25138e-05 -3.26891e-05 -0)
(5.59316e-05 -3.55648e-05 -0)
(4.55179e-05 -2.64826e-05 -0)
(4.0151e-05 -2.0824e-05 -0)
(2.60935e-05 -1.50314e-05 -0)
(2.33014e-05 -8.87863e-06 -0)
(8.36814e-07 -2.31859e-07 -0)
(3.22392e-07 -8.90854e-08 -0)
(1.72812e-07 -9.04962e-08 -0)
(1.3531e-07 -1.01365e-07 -0)
(1.12994e-07 -2.15776e-07 -0)
(4.20782e-08 -2.50772e-07 -0)
(8.8964e-05 -1.43679e-05 -0)
(8.44903e-05 -1.39542e-05 -0)
(8.01982e-05 -1.32002e-05 -0)
(7.64194e-05 -1.21772e-05 -0)
(7.2998e-05 -1.09497e-05 -0)
(7.02707e-05 -9.71287e-06 -0)
(6.77698e-05 -8.54276e-06 -0)
(6.59366e-05 -7.6271e-06 -0)
(6.40175e-05 -6.95238e-06 -0)
(6.26978e-05 -6.69005e-06 -0)
(6.09571e-05 -6.77018e-06 -0)
(5.97101e-05 -7.43843e-06 -0)
(5.78105e-05 -8.62912e-06 -0)
(5.60876e-05 -1.0754e-05 -0)
(5.40222e-05 -1.38495e-05 -0)
(5.12268e-05 -1.81293e-05 -0)
(5.03667e-05 -2.41961e-05 -0)
(4.60542e-05 -2.87722e-05 -0)
(4.80978e-05 -3.55618e-05 -0)
(4.41772e-05 -3.26583e-05 -0)
(2.70929e-05 -1.84664e-05 -0)
(2.36312e-05 -9.21818e-06 -0)
(3.97019e-06 -1.14496e-06 -0)
(2.66114e-07 -4.88597e-08 -0)
(2.49282e-07 -2.89464e-08 -0)
(2.37264e-07 -1.31613e-07 -0)
(1.75905e-07 -1.47294e-07 -0)
(1.29929e-07 -1.40813e-07 -0)
(8.76062e-08 -1.61708e-07 -0)
(3.11942e-08 -1.77499e-07 -0)
(8.91841e-05 -9.95343e-06 -0)
(8.50686e-05 -9.70345e-06 -0)
(8.10642e-05 -9.24301e-06 -0)
(7.74361e-05 -8.61061e-06 -0)
(7.40388e-05 -7.83925e-06 -0)
(7.12096e-05 -7.04023e-06 -0)
(6.85128e-05 -6.26424e-06 -0)
(6.64575e-05 -5.64488e-06 -0)
(6.42132e-05 -5.18049e-06 -0)
(6.26686e-05 -5.01326e-06 -0)
(6.04423e-05 -5.07748e-06 -0)
(5.90272e-05 -5.60939e-06 -0)
(5.62623e-05 -6.47679e-06 -0)
(5.44118e-05 -8.2152e-06 -0)
(5.04488e-05 -1.05373e-05 -0)
(4.72026e-05 -1.45512e-05 -0)
(4.22153e-05 -1.93178e-05 -0)
(3.61615e-05 -2.43584e-05 -0)
(3.62794e-05 -3.14206e-05 -0)
(2.078e-05 -1.95209e-05 -0)
(3.81616e-06 -2.22373e-06 -0)
(2.43101e-07 -5.87352e-08 -0)
(2.26913e-07 -1.43947e-08 -0)
(2.39823e-07 -4.55977e-08 -0)
(2.26883e-07 -4.77809e-08 -0)
(2.04061e-07 -8.05359e-08 -0)
(1.63612e-07 -9.65618e-08 -0)
(1.20896e-07 -1.02855e-07 -0)
(7.6308e-08 -1.12756e-07 -0)
(2.6287e-08 -1.20018e-07 -0)
(8.93136e-05 -5.85649e-06 -0)
(8.54141e-05 -5.7215e-06 -0)
(8.15923e-05 -5.47281e-06 -0)
(7.80658e-05 -5.12699e-06 -0)
(7.47113e-05 -4.70563e-06 -0)
(7.18236e-05 -4.25808e-06 -0)
(6.90433e-05 -3.82274e-06 -0)
(6.68262e-05 -3.46295e-06 -0)
(6.44373e-05 -3.20067e-06 -0)
(6.26964e-05 -3.10102e-06 -0)
(6.02714e-05 -3.1558e-06 -0)
(5.86706e-05 -3.48152e-06 -0)
(5.55387e-05 -4.02852e-06 -0)
(5.35812e-05 -5.13144e-06 -0)
(4.86245e-05 -6.60407e-06 -0)
(4.54335e-05 -9.58384e-06 -0)
(3.69157e-05 -1.2935e-05 -0)
(3.13358e-05 -1.96648e-05 -0)
(2.1441e-05 -2.19606e-05 -0)
(1.92718e-06 -2.04024e-06 -0)
(2.29974e-07 -4.75002e-08 -0)
(2.84722e-07 -4.98293e-08 -0)
(2.48347e-07 -2.38275e-08 -0)
(2.3318e-07 -2.81372e-08 -0)
(2.14344e-07 -3.34451e-08 -0)
(1.88483e-07 -4.61898e-08 -0)
(1.53586e-07 -5.5563e-08 -0)
(1.13735e-07 -6.12869e-08 -0)
(7.04432e-08 -6.64432e-08 -0)
(2.39325e-08 -6.97977e-08 -0)
(8.93824e-05 -1.93389e-06 -0)
(8.55645e-05 -1.89051e-06 -0)
(8.18579e-05 -1.81271e-06 -0)
(7.83468e-05 -1.70151e-06 -0)
(7.50675e-05 -1.56924e-06 -0)
(7.20893e-05 -1.42338e-06 -0)
(6.93609e-05 -1.28595e-06 -0)
(6.69454e-05 -1.16502e-06 -0)
(6.4641e-05 -1.08454e-06 -0)
(6.25924e-05 -1.0463e-06 -0)
(6.03326e-05 -1.07407e-06 -0)
(5.82881e-05 -1.17392e-06 -0)
(5.54129e-05 -1.37323e-06 -0)
(5.2836e-05 -1.72596e-06 -0)
(4.81179e-05 -2.25713e-06 -0)
(4.40451e-05 -3.27816e-06 -0)
(3.45758e-05 -4.66598e-06 -0)
(2.69733e-05 -8.18451e-06 -0)
(5.66367e-06 -5.59614e-06 -0)
(1.31213e-07 -4.9141e-08 -0)
(2.72552e-07 8.76276e-09 -0)
(2.67262e-07 -9.95896e-09 -0)
(2.48605e-07 -8.69748e-09 -0)
(2.30205e-07 -9.7016e-09 -0)
(2.08831e-07 -1.16724e-08 -0)
(1.81943e-07 -1.52151e-08 -0)
(1.48515e-07 -1.82129e-08 -0)
(1.10016e-07 -2.02865e-08 -0)
(6.77972e-08 -2.19324e-08 -0)
(2.29325e-08 -2.29325e-08 -0)
)
;

boundaryField
{
    inlet1
    {
        type            extrapolatedCalculated;
        value           nonuniform List<vector> 10((1e-05 7.0297e-06 -0) (1e-05 2.81231e-05 -0) (1e-05 6.13012e-05 -0) (1e-05 9.57327e-05 -0) (1e-05 0.000114775 -0) (1e-05 0.00011878 -0) (1e-05 0.000117848 -0) (1e-05 0.000115171 -0) (1e-05 0.000108967 -0) (1e-05 9.60996e-05 -0));
    }
    inlet2
    {
        type            extrapolatedCalculated;
        value           nonuniform List<vector> 10((-0 7.98308e-05 -0) (-0 7.28941e-05 -0) (-0 6.13413e-05 -0) (-0 -5.57731e-08 -0) (-0 -1.14075e-05 -0) (-0 -1.69413e-05 -0) (-0 -2.3897e-05 -0) (-0 -3.17198e-05 -0) (-0 -4.17569e-05 -0) (-0 -5.615e-05 -0));
    }
    inlet3
    {
        type            extrapolatedCalculated;
        value           nonuniform List<vector> 10((9.13394e-05 -6.93916e-05 -0) (9.13394e-05 -5.3672e-05 -0) (9.13394e-05 -4.12676e-05 -0) (9.13394e-05 -3.228e-05 -0) (9.13394e-05 -2.52033e-05 -0) (9.13394e-05 -1.93999e-05 -0) (9.13394e-05 -1.44257e-05 -0) (9.13394e-05 -9.98354e-06 -0) (9.13394e-05 -5.87084e-06 -0) (9.13394e-05 -1.93794e-06 -0));
    }
    output1
    {
        type            extrapolatedCalculated;
        value           nonuniform List<vector> 10((-0 1.06702e-08 -0) (-0 3.23824e-08 -0) (-0 5.5261e-08 -0) (-0 8.02741e-08 -0) (-0 1.08749e-07 -0) (-0 1.42725e-07 -0) (-0 1.85707e-07 -0) (-0 2.44518e-07 -0) (-0 3.34375e-07 -0) (-0 4.94618e-07 -0));
    }
    output2
    {
        type            extrapolatedCalculated;
        value           nonuniform List<vector> 10((9.15689e-07 3.84855e-07 -0) (5.75283e-07 1.15977e-07 -0) (4.51779e-07 4.72162e-08 -0) (3.61951e-07 1.53332e-08 -0) (8.3727e-05 -5.52338e-07 -0) (0.000137834 -2.99898e-06 -0) (0.000169515 -7.76095e-06 -0) (0.000190845 -1.82034e-05 -0) (0.000190638 -3.94327e-05 -0) (0.000238531 -7.7808e-05 -0));
    }
    output3
    {
        type            extrapolatedCalculated;
        value           nonuniform List<vector> 10((-0 -0.000154748 -0) (-0 -1.91511e-05 -0) (-0 -2.19947e-05 -0) (-0 -1.77719e-06 -0) (-0 -1.63465e-07 -0) (-0 -2.50772e-07 -0) (-0 -1.77499e-07 -0) (-0 -1.20018e-07 -0) (-0 -6.97977e-08 -0) (-0 -2.29325e-08 -0));
    }
    up
    {
        type            extrapolatedCalculated;
        value           nonuniform List<vector> 
30
(
(8.93824e-05 -0 -0)
(8.55645e-05 -0 -0)
(8.18579e-05 -0 -0)
(7.83468e-05 -0 -0)
(7.50675e-05 -0 -0)
(7.20893e-05 -0 -0)
(6.93609e-05 -0 -0)
(6.69454e-05 -0 -0)
(6.4641e-05 -0 -0)
(6.25924e-05 -0 -0)
(6.03326e-05 -0 -0)
(5.82881e-05 -0 -0)
(5.54129e-05 -0 -0)
(5.2836e-05 -0 -0)
(4.81179e-05 -0 -0)
(4.40451e-05 -0 -0)
(3.45758e-05 -0 -0)
(2.69733e-05 -0 -0)
(5.66367e-06 -0 -0)
(1.31213e-07 -0 -0)
(2.72552e-07 -0 -0)
(2.67262e-07 -0 -0)
(2.48605e-07 -0 -0)
(2.30205e-07 -0 -0)
(2.08831e-07 -0 -0)
(1.81943e-07 -0 -0)
(1.48515e-07 -0 -0)
(1.10016e-07 -0 -0)
(6.77972e-08 -0 -0)
(2.29325e-08 -0 -0)
)
;
    }
    down
    {
        type            extrapolatedCalculated;
        value           nonuniform List<vector> 
30
(
(4.02527e-06 -0 -0)
(3.10917e-06 -0 -0)
(4.84687e-07 -0 -0)
(1.63191e-07 -0 -0)
(8.76986e-08 -0 -0)
(1.60719e-07 -0 -0)
(1.52819e-07 -0 -0)
(1.4804e-07 -0 -0)
(1.45207e-07 -0 -0)
(1.4376e-07 -0 -0)
(1.43252e-07 -0 -0)
(1.43349e-07 -0 -0)
(1.43801e-07 -0 -0)
(1.44395e-07 -0 -0)
(1.44936e-07 -0 -0)
(1.45228e-07 -0 -0)
(1.45066e-07 -0 -0)
(1.44229e-07 -0 -0)
(1.4249e-07 -0 -0)
(1.39611e-07 -0 -0)
(1.35356e-07 -0 -0)
(1.29495e-07 -0 -0)
(1.21808e-07 -0 -0)
(1.12102e-07 -0 -0)
(1.00233e-07 -0 -0)
(8.61298e-08 -0 -0)
(6.98363e-08 -0 -0)
(5.15483e-08 -0 -0)
(3.16415e-08 -0 -0)
(1.06711e-08 -0 -0)
)
;
    }
    emptyWalls
    {
        type            empty;
    }
}


// ************************************************************************* //
