/*--------------------------------*- C++ -*----------------------------------*\
  =========                 |
  \\      /  F ield         | OpenFOAM: The Open Source CFD Toolbox
   \\    /   O peration     | Website:  https://openfoam.org
    \\  /    A nd           | Version:  9
     \\/     M anipulation  |
\*---------------------------------------------------------------------------*/
FoamFile
{
    format      ascii;
    class       volScalarField;
    location    "29500";
    object      alpha;
}
// * * * * * * * * * * * * * * * * * * * * * * * * * * * * * * * * * * * * * //

dimensions      [0 2 -1 0 0 0 0];

internalField   nonuniform List<scalar> 
900
(
-3.43964e-10
-1.07036e-11
-1.51355e-11
-7.39013e-12
-3.76642e-14
-4.0652e-14
-4.0652e-14
-4.0652e-14
-4.0652e-14
-4.0652e-14
-4.0652e-14
-4.0652e-14
-4.0652e-14
-4.0652e-14
-4.0652e-14
-4.0652e-14
-4.0652e-14
-4.0652e-14
-4.0652e-14
-4.0652e-14
-4.0652e-14
-4.0652e-14
-4.0652e-14
-4.0652e-14
-4.0652e-14
-4.0652e-14
-4.0652e-14
-4.0652e-14
-4.0652e-14
-4.0652e-14
-1.58542e-10
-1.3377e-10
-1.98495e-10
-1.64857e-11
-2.73004e-14
-4.0652e-14
-4.0652e-14
-4.0652e-14
-4.0652e-14
-4.0652e-14
-4.0652e-14
-4.0652e-14
-4.0652e-14
-4.0652e-14
-4.0652e-14
-4.0652e-14
-4.0652e-14
-4.0652e-14
-4.0652e-14
-4.0652e-14
-4.0652e-14
-4.0652e-14
-4.0652e-14
-4.0652e-14
-4.0652e-14
-4.0652e-14
-4.0652e-14
-4.0652e-14
-4.0652e-14
-4.0652e-14
-2.26101e-10
-3.40276e-11
-1.32939e-11
-1.40522e-12
-3.99757e-14
-4.0652e-14
-4.0652e-14
-4.0652e-14
-4.0652e-14
-4.0652e-14
-4.0652e-14
-4.0652e-14
-4.0652e-14
-4.0652e-14
-4.0652e-14
-4.0652e-14
-4.0652e-14
-4.0652e-14
-4.0652e-14
-4.0652e-14
-4.0652e-14
-4.0652e-14
-4.0652e-14
-4.0652e-14
-4.0652e-14
-4.0652e-14
-4.0652e-14
-4.0652e-14
-4.0652e-14
-4.0652e-14
-2.18208e-10
-3.48656e-11
-1.3331e-11
-6.91952e-14
-4.06383e-14
-4.0652e-14
-4.0652e-14
-4.0652e-14
-4.0652e-14
-4.0652e-14
-4.0652e-14
-4.0652e-14
-4.0652e-14
-4.0652e-14
-4.0652e-14
-4.0652e-14
-4.0652e-14
-4.0652e-14
-4.0652e-14
-4.0652e-14
-4.0652e-14
-4.0652e-14
-4.0652e-14
-4.0652e-14
-4.0652e-14
-4.0652e-14
-4.0652e-14
-4.0652e-14
-4.0652e-14
-4.0652e-14
-2.68049e-10
-5.42635e-11
-1.29688e-11
-3.39238e-14
-4.065e-14
-4.0652e-14
-4.0652e-14
-4.0652e-14
-4.0652e-14
-4.0652e-14
-4.0652e-14
-4.0652e-14
-4.0652e-14
-4.0652e-14
-4.0652e-14
-4.0652e-14
-4.0652e-14
-4.0652e-14
-4.0652e-14
-4.0652e-14
-4.0652e-14
-4.0652e-14
-4.0652e-14
-4.0652e-14
-4.0652e-14
-4.0652e-14
-4.0652e-14
-4.0652e-14
-4.0652e-14
-4.0652e-14
-2.59962e-10
-8.98878e-11
-1.72077e-11
-2.69389e-14
-4.0652e-14
-4.0652e-14
-4.0652e-14
-4.0652e-14
-4.0652e-14
-4.0652e-14
-4.0652e-14
-4.0652e-14
-4.0652e-14
-4.0652e-14
-4.0652e-14
-4.0652e-14
-4.0652e-14
-4.0652e-14
-4.0652e-14
-4.0652e-14
-4.0652e-14
-4.0652e-14
-4.0652e-14
-4.0652e-14
-4.0652e-14
-4.0652e-14
-4.0652e-14
-4.0652e-14
-4.0652e-14
-4.0652e-14
-3.24266e-10
-1.34019e-10
-1.45216e-11
-3.01696e-14
-4.0652e-14
-4.0652e-14
-4.0652e-14
-4.0652e-14
-4.0652e-14
-4.0652e-14
-4.0652e-14
-4.0652e-14
-4.0652e-14
-4.0652e-14
-4.0652e-14
-4.0652e-14
-4.0652e-14
-4.0652e-14
-4.0652e-14
-4.0652e-14
-4.0652e-14
-4.0652e-14
-4.0652e-14
-4.0652e-14
-4.0652e-14
-4.0652e-14
-4.0652e-14
-4.0652e-14
-4.0652e-14
-4.0652e-14
-3.56992e-10
-5.76809e-11
-3.20582e-11
-3.43455e-14
-4.0652e-14
-4.0652e-14
-4.0652e-14
-4.0652e-14
-4.0652e-14
-4.0652e-14
-4.0652e-14
-4.0652e-14
-4.0652e-14
-4.0652e-14
-4.0652e-14
-4.0652e-14
-4.0652e-14
-4.0652e-14
-4.0652e-14
-4.0652e-14
-4.0652e-14
-4.0652e-14
-4.0652e-14
-4.0652e-14
-4.0652e-14
-4.0652e-14
-4.0652e-14
-4.0652e-14
-4.0652e-14
-4.0652e-14
-5.02647e-10
-2.07685e-10
-1.13741e-11
-3.67299e-14
-4.0652e-14
-4.0652e-14
-4.0652e-14
-4.0652e-14
-4.0652e-14
-4.0652e-14
-4.0652e-14
-4.0652e-14
-4.0652e-14
-4.0652e-14
-4.0652e-14
-4.0652e-14
-4.0652e-14
-4.0652e-14
-4.0652e-14
-4.0652e-14
-4.0652e-14
-4.0652e-14
-4.0652e-14
-4.0652e-14
-4.0652e-14
-4.0652e-14
-4.0652e-14
-4.0652e-14
-4.0652e-14
-4.0652e-14
-6.21638e-10
-1.79453e-10
-6.93556e-11
-3.11985e-14
-4.0652e-14
-4.0652e-14
-4.0652e-14
-4.0652e-14
-4.0652e-14
-4.0652e-14
-4.0652e-14
-4.0652e-14
-4.0652e-14
-4.0652e-14
-4.0652e-14
-4.0652e-14
-4.0652e-14
-4.0652e-14
-4.0652e-14
-4.0652e-14
-4.0652e-14
-4.0652e-14
-4.0652e-14
-4.0652e-14
-4.0652e-14
-4.0652e-14
-4.0652e-14
-4.0652e-14
-4.0652e-14
-4.0652e-14
-9.82185e-10
-4.55844e-10
-2.1144e-11
-2.61799e-12
-3.86642e-14
-4.06517e-14
-4.0652e-14
-4.0652e-14
-4.0652e-14
-4.0652e-14
-4.0652e-14
-4.0652e-14
-4.0652e-14
-4.0652e-14
-4.0652e-14
-4.0652e-14
-4.0652e-14
-4.0652e-14
-4.0652e-14
-4.0652e-14
-4.0652e-14
-4.0652e-14
-4.0652e-14
-4.0652e-14
-4.0652e-14
-4.0652e-14
-4.0652e-14
-4.0652e-14
-4.0652e-14
-4.0652e-14
-5.00803e-10
-4.91443e-10
-1.97822e-10
-6.05967e-11
-2.04473e-11
-8.03902e-12
-3.58055e-14
-4.06518e-14
-4.06519e-14
-4.06519e-14
-4.06519e-14
-4.06519e-14
-4.06519e-14
-4.06519e-14
-4.0652e-14
-4.0652e-14
-4.0652e-14
-4.0652e-14
-4.0652e-14
-4.0652e-14
-4.0652e-14
-4.0652e-14
-4.0652e-14
-4.0652e-14
-4.0652e-14
-4.0652e-14
-4.0652e-14
-4.0652e-14
-4.0652e-14
-4.0652e-14
-4.36325e-10
-1.37119e-10
-1.19381e-10
-7.38334e-11
-4.1617e-11
-2.65603e-11
-1.3884e-11
-1.20126e-11
-1.31608e-11
-1.35548e-11
-1.50101e-11
-1.28884e-11
-1.49485e-11
-5.53054e-13
-3.63437e-14
-3.59105e-14
-3.51474e-14
-3.44136e-14
-3.39065e-14
-3.34998e-14
-3.30365e-14
-3.25423e-14
-3.19742e-14
-3.14967e-14
-3.11169e-14
-3.13686e-14
-3.21522e-14
-3.38956e-14
-3.63375e-14
-3.92336e-14
-9.24135e-11
-3.58801e-11
-3.77867e-11
-3.23716e-11
-3.05354e-11
-2.65212e-11
-2.5839e-11
-2.24151e-11
-2.4137e-11
-2.26276e-11
-2.5403e-11
-2.03182e-11
-1.98096e-11
-1.02588e-11
-7.95336e-12
-7.68652e-12
-7.67394e-12
-7.66304e-12
-7.69075e-12
-7.79121e-12
-7.96225e-12
-8.1726e-12
-8.39445e-12
-8.59756e-12
-8.8038e-12
-8.99396e-12
-9.2244e-12
-9.39847e-12
-9.58113e-12
-9.55455e-12
-2.38327e-11
-2.52958e-11
-2.03742e-11
-1.83028e-11
-1.97892e-11
-2.0354e-11
-2.28749e-11
-2.2217e-11
-2.20552e-11
-2.08907e-11
-2.07241e-11
-1.87578e-11
-1.76382e-11
-1.65759e-11
-1.44598e-11
-1.34896e-11
-1.31995e-11
-1.31298e-11
-1.31478e-11
-1.32405e-11
-1.33977e-11
-1.35779e-11
-1.37699e-11
-1.39122e-11
-1.40945e-11
-1.42256e-11
-1.45395e-11
-1.47687e-11
-1.51988e-11
-1.51569e-11
-2.35449e-11
-1.87905e-11
-1.76563e-11
-1.71074e-11
-1.72737e-11
-1.7691e-11
-1.83715e-11
-1.81836e-11
-1.74587e-11
-1.66278e-11
-1.58636e-11
-1.55221e-11
-1.5166e-11
-1.58978e-11
-1.54636e-11
-1.48337e-11
-1.45038e-11
-1.44209e-11
-1.44483e-11
-1.45672e-11
-1.46959e-11
-1.48791e-11
-1.5017e-11
-1.51778e-11
-1.53093e-11
-1.54405e-11
-1.5746e-11
-1.60447e-11
-1.67615e-11
-1.69045e-11
-1.77504e-11
-1.666e-11
-1.6073e-11
-1.60622e-11
-1.63193e-11
-1.65996e-11
-1.67148e-11
-1.65728e-11
-1.61259e-11
-1.56034e-11
-1.50906e-11
-1.48811e-11
-1.48009e-11
-1.50625e-11
-1.50976e-11
-1.49043e-11
-1.47817e-11
-1.48554e-11
-1.50402e-11
-1.53652e-11
-1.56448e-11
-1.60742e-11
-1.63053e-11
-1.67665e-11
-1.68593e-11
-1.71955e-11
-1.71613e-11
-1.73876e-11
-1.78988e-11
-1.83765e-11
-1.73877e-11
-1.5661e-11
-1.579e-11
-1.64624e-11
-1.71787e-11
-1.77071e-11
-1.79992e-11
-1.80737e-11
-1.79382e-11
-1.76966e-11
-1.74084e-11
-1.72104e-11
-1.71192e-11
-1.71073e-11
-1.71407e-11
-1.71484e-11
-1.7262e-11
-1.74558e-11
-1.77901e-11
-1.81519e-11
-1.84991e-11
-1.88966e-11
-1.90478e-11
-1.94891e-11
-1.92138e-11
-1.95572e-11
-1.84581e-11
-1.82568e-11
-1.71134e-11
-1.75129e-11
-1.55329e-11
-1.57399e-11
-1.71916e-11
-1.87092e-11
-1.98414e-11
-2.05206e-11
-2.08735e-11
-2.09812e-11
-2.09774e-11
-2.08628e-11
-2.07809e-11
-2.06754e-11
-2.06775e-11
-2.06385e-11
-2.07622e-11
-2.07709e-11
-2.0944e-11
-2.09114e-11
-2.11231e-11
-2.09755e-11
-2.11445e-11
-2.08162e-11
-2.0873e-11
-2.04731e-11
-2.01912e-11
-1.99639e-11
-1.85572e-11
-1.81358e-11
-1.45694e-11
-1.3949e-11
-1.59232e-11
-1.87745e-11
-2.15441e-11
-2.30318e-11
-2.35389e-11
-2.35529e-11
-2.33715e-11
-2.31451e-11
-2.29435e-11
-2.27797e-11
-2.26771e-11
-2.26016e-11
-2.25756e-11
-2.25309e-11
-2.25173e-11
-2.24007e-11
-2.22698e-11
-2.19359e-11
-2.16761e-11
-2.11305e-11
-2.0926e-11
-2.02087e-11
-2.03137e-11
-1.93326e-11
-1.98633e-11
-1.8632e-11
-1.91993e-11
-1.87258e-11
-1.4625e-11
-1.35673e-11
-2.26578e-11
-2.70808e-11
-2.69193e-11
-2.53275e-11
-2.38377e-11
-2.27406e-11
-2.19932e-11
-2.15066e-11
-2.11996e-11
-2.10265e-11
-2.09245e-11
-2.08839e-11
-2.08374e-11
-2.08102e-11
-2.07039e-11
-2.05923e-11
-2.03337e-11
-2.01233e-11
-1.97765e-11
-1.9644e-11
-1.93981e-11
-1.94396e-11
-1.93849e-11
-1.92473e-11
-1.96712e-11
-1.833e-11
-2.0507e-11
-1.72673e-11
-2.92018e-11
-4.05072e-11
-1.84715e-11
-1.74816e-11
-1.73845e-11
-1.75583e-11
-1.78347e-11
-1.81507e-11
-1.84729e-11
-1.87607e-11
-1.9024e-11
-1.92442e-11
-1.94492e-11
-1.96122e-11
-1.97688e-11
-1.98728e-11
-1.99736e-11
-2.00091e-11
-2.0062e-11
-2.00693e-11
-2.01224e-11
-2.01833e-11
-2.01624e-11
-2.03037e-11
-1.98547e-11
-2.02618e-11
-1.89644e-11
-2.00615e-11
-1.81586e-11
-1.97082e-11
-1.68588e-11
-4.17565e-12
-1.914e-11
-1.9683e-11
-2.08188e-11
-2.18227e-11
-2.24484e-11
-2.27506e-11
-2.28618e-11
-2.28713e-11
-2.28428e-11
-2.27924e-11
-2.27432e-11
-2.26748e-11
-2.26057e-11
-2.2488e-11
-2.23652e-11
-2.21468e-11
-2.19519e-11
-2.15756e-11
-2.13211e-11
-2.06952e-11
-2.04644e-11
-1.95662e-11
-1.9613e-11
-1.86454e-11
-1.88655e-11
-1.79452e-11
-1.72605e-11
-1.49845e-11
-1.07169e-11
-1.08047e-11
-1.93362e-11
-1.90944e-11
-1.89691e-11
-1.89012e-11
-1.88313e-11
-1.87429e-11
-1.8655e-11
-1.8587e-11
-1.85397e-11
-1.8524e-11
-1.85096e-11
-1.85271e-11
-1.85088e-11
-1.854e-11
-1.8487e-11
-1.85342e-11
-1.84276e-11
-1.85022e-11
-1.83367e-11
-1.84501e-11
-1.83332e-11
-1.84629e-11
-1.85457e-11
-1.83709e-11
-1.8061e-11
-1.71422e-11
-1.41337e-11
-1.08795e-11
-7.67038e-12
-3.44338e-12
-1.93585e-11
-1.91581e-11
-1.91446e-11
-1.9302e-11
-1.95533e-11
-1.98097e-11
-2.00433e-11
-2.02334e-11
-2.03969e-11
-2.05329e-11
-2.06514e-11
-2.07653e-11
-2.08556e-11
-2.09741e-11
-2.10391e-11
-2.11812e-11
-2.11884e-11
-2.13299e-11
-2.1177e-11
-2.11965e-11
-2.07484e-11
-2.02821e-11
-1.96371e-11
-1.80113e-11
-1.74827e-11
-1.41867e-11
-1.037e-11
-7.58734e-12
-4.1963e-12
-3.81309e-12
-1.94019e-11
-1.92554e-11
-1.91906e-11
-1.91993e-11
-1.92596e-11
-1.93319e-11
-1.94018e-11
-1.94541e-11
-1.94973e-11
-1.95324e-11
-1.95603e-11
-1.95981e-11
-1.96117e-11
-1.96657e-11
-1.964e-11
-1.97163e-11
-1.95745e-11
-1.96681e-11
-1.92342e-11
-1.93329e-11
-1.83175e-11
-1.84153e-11
-1.68444e-11
-1.61095e-11
-1.48256e-11
-1.01673e-11
-7.27221e-12
-4.50787e-12
-2.51623e-13
-4.06424e-14
-1.94325e-11
-1.9316e-11
-1.92452e-11
-1.92185e-11
-1.9245e-11
-1.92969e-11
-1.93776e-11
-1.94494e-11
-1.9539e-11
-1.96047e-11
-1.96964e-11
-1.97597e-11
-1.98599e-11
-1.99319e-11
-2.0042e-11
-2.01408e-11
-2.02435e-11
-2.04046e-11
-2.03972e-11
-2.06605e-11
-2.00825e-11
-2.04211e-11
-1.78841e-11
-1.71971e-11
-1.2495e-11
-5.93577e-12
-4.76812e-12
-3.77847e-14
-4.06519e-14
-4.0652e-14
-1.94508e-11
-1.93577e-11
-1.92922e-11
-1.92541e-11
-1.92528e-11
-1.92749e-11
-1.93265e-11
-1.93791e-11
-1.94541e-11
-1.95108e-11
-1.95991e-11
-1.96527e-11
-1.97608e-11
-1.98117e-11
-1.99551e-11
-2.00069e-11
-2.02062e-11
-2.02572e-11
-2.04811e-11
-2.04364e-11
-2.02272e-11
-1.96311e-11
-1.68224e-11
-1.61059e-11
-7.47402e-12
-6.57855e-13
-4.05965e-14
-4.0652e-14
-4.0652e-14
-4.0652e-14
-1.94618e-11
-1.93827e-11
-1.93238e-11
-1.92819e-11
-1.92688e-11
-1.92737e-11
-1.93101e-11
-1.93502e-11
-1.94204e-11
-1.94732e-11
-1.95668e-11
-1.96184e-11
-1.97426e-11
-1.97882e-11
-1.99711e-11
-2.00088e-11
-2.03064e-11
-2.03208e-11
-2.08143e-11
-2.06824e-11
-2.13237e-11
-2.03117e-11
-1.96546e-11
-1.61849e-11
-2.73485e-12
-4.02964e-14
-4.0652e-14
-4.0652e-14
-4.0652e-14
-4.0652e-14
-1.94665e-11
-1.9395e-11
-1.93387e-11
-1.92977e-11
-1.92783e-11
-1.92783e-11
-1.93038e-11
-1.93415e-11
-1.94026e-11
-1.94597e-11
-1.95451e-11
-1.96075e-11
-1.97222e-11
-1.97864e-11
-1.99587e-11
-2.00262e-11
-2.03163e-11
-2.03775e-11
-2.09002e-11
-2.08611e-11
-2.18089e-11
-2.09189e-11
-2.19391e-11
-1.14707e-11
-3.43595e-14
-4.0652e-14
-4.0652e-14
-4.0652e-14
-4.0652e-14
-4.0652e-14
)
;

boundaryField
{
    inlet1
    {
        type            calculated;
        value           uniform -5e-10;
    }
    inlet2
    {
        type            calculated;
        value           nonuniform List<scalar> 10(-9.82185e-10 -5.00803e-10 -4.36325e-10 -9.24135e-11 -2.38327e-11 -2.35449e-11 -1.77504e-11 -1.73877e-11 -1.55329e-11 -1.59232e-11);
    }
    inlet3
    {
        type            calculated;
        value           uniform -1.95111e-11;
    }
    output1
    {
        type            calculated;
        value           nonuniform List<scalar> 10(-4.0652e-14 -4.0652e-14 -4.0652e-14 -4.0652e-14 -4.0652e-14 -4.0652e-14 -4.0652e-14 -4.0652e-14 -4.0652e-14 -4.0652e-14);
    }
    output2
    {
        type            calculated;
        value           nonuniform List<scalar> 10(-4.0652e-14 -4.0652e-14 -3.92336e-14 -9.55455e-12 -1.51569e-11 -1.69045e-11 -1.83765e-11 -1.75129e-11 -1.3949e-11 -1.35673e-11);
    }
    output3
    {
        type            calculated;
        value           nonuniform List<scalar> 10(-4.05072e-11 -4.17565e-12 -1.08047e-11 -3.44338e-12 -3.81309e-12 -4.06424e-14 -4.0652e-14 -4.0652e-14 -4.0652e-14 -4.0652e-14);
    }
    up
    {
        type            calculated;
        value           nonuniform List<scalar> 
30
(
-1.94665e-11
-1.9395e-11
-1.93387e-11
-1.92977e-11
-1.92783e-11
-1.92783e-11
-1.93038e-11
-1.93415e-11
-1.94026e-11
-1.94597e-11
-1.95451e-11
-1.96075e-11
-1.97222e-11
-1.97864e-11
-1.99587e-11
-2.00262e-11
-2.03163e-11
-2.03775e-11
-2.09002e-11
-2.08611e-11
-2.18089e-11
-2.09189e-11
-2.19391e-11
-1.14707e-11
-3.43595e-14
-4.0652e-14
-4.0652e-14
-4.0652e-14
-4.0652e-14
-4.0652e-14
)
;
    }
    down
    {
        type            calculated;
        value           nonuniform List<scalar> 
30
(
-3.43964e-10
-1.07036e-11
-1.51355e-11
-7.39013e-12
-3.76642e-14
-4.0652e-14
-4.0652e-14
-4.0652e-14
-4.0652e-14
-4.0652e-14
-4.0652e-14
-4.0652e-14
-4.0652e-14
-4.0652e-14
-4.0652e-14
-4.0652e-14
-4.0652e-14
-4.0652e-14
-4.0652e-14
-4.0652e-14
-4.0652e-14
-4.0652e-14
-4.0652e-14
-4.0652e-14
-4.0652e-14
-4.0652e-14
-4.0652e-14
-4.0652e-14
-4.0652e-14
-4.0652e-14
)
;
    }
    emptyWalls
    {
        type            empty;
    }
}


// ************************************************************************* //
