/*--------------------------------*- C++ -*----------------------------------*\
  =========                 |
  \\      /  F ield         | OpenFOAM: The Open Source CFD Toolbox
   \\    /   O peration     | Website:  https://openfoam.org
    \\  /    A nd           | Version:  9
     \\/     M anipulation  |
\*---------------------------------------------------------------------------*/
FoamFile
{
    format      ascii;
    class       volScalarField;
    location    "29500";
    object      p;
}
// * * * * * * * * * * * * * * * * * * * * * * * * * * * * * * * * * * * * * //

dimensions      [0 0 0 0 0 0 0];

internalField   nonuniform List<scalar> 
900
(
1.0625e+07
1.06233e+07
1.0619e+07
1.0618e+07
1.06144e+07
1.02734e+07
9.96216e+06
9.66045e+06
9.36426e+06
9.07083e+06
8.77825e+06
8.48528e+06
8.1913e+06
7.89614e+06
7.60014e+06
7.30405e+06
7.00901e+06
6.71654e+06
6.42847e+06
6.14698e+06
5.87457e+06
5.61403e+06
5.36849e+06
5.14137e+06
4.93634e+06
4.75725e+06
4.60795e+06
4.49211e+06
4.41289e+06
4.37265e+06
1.06222e+07
1.06198e+07
1.06185e+07
1.06182e+07
1.06166e+07
1.02562e+07
9.95262e+06
9.65494e+06
9.3615e+06
9.06998e+06
8.77863e+06
8.48631e+06
8.19246e+06
7.89699e+06
7.60024e+06
7.303e+06
7.00645e+06
6.71212e+06
6.42188e+06
6.13791e+06
5.86269e+06
5.59904e+06
5.35008e+06
5.11928e+06
4.9104e+06
4.72745e+06
4.5745e+06
4.45549e+06
4.37391e+06
4.3324e+06
1.06152e+07
1.06152e+07
1.06165e+07
1.06157e+07
1.05898e+07
1.02413e+07
9.93719e+06
9.64516e+06
9.35683e+06
9.06898e+06
8.77996e+06
8.48887e+06
8.19526e+06
7.8991e+06
7.60082e+06
7.30126e+06
7.00166e+06
6.70362e+06
6.40904e+06
6.12008e+06
5.83925e+06
5.56934e+06
5.3135e+06
5.07526e+06
4.85855e+06
4.66766e+06
4.50711e+06
4.38145e+06
4.29486e+06
4.25065e+06
1.06047e+07
1.0603e+07
1.06028e+07
1.06028e+07
1.04509e+07
1.01851e+07
9.90964e+06
9.63169e+06
9.35169e+06
9.06912e+06
8.78337e+06
8.49396e+06
8.20059e+06
7.90334e+06
7.60268e+06
7.29956e+06
6.99532e+06
6.69167e+06
6.39055e+06
6.09414e+06
5.80489e+06
5.52557e+06
5.25931e+06
5.00971e+06
4.78088e+06
4.57751e+06
4.40482e+06
4.26833e+06
4.17345e+06
4.12468e+06
1.05918e+07
1.05892e+07
1.05884e+07
1.05872e+07
1.03735e+07
1.01387e+07
9.88458e+06
9.62025e+06
9.34913e+06
9.07245e+06
8.79045e+06
8.50298e+06
8.20982e+06
7.91099e+06
7.607e+06
7.29896e+06
6.9884e+06
6.67719e+06
6.36734e+06
6.06103e+06
5.76061e+06
5.46875e+06
5.18847e+06
4.92338e+06
4.67774e+06
4.4567e+06
4.26634e+06
4.11361e+06
4.00591e+06
3.94994e+06
1.05777e+07
1.05751e+07
1.05747e+07
1.05737e+07
1.03351e+07
1.01114e+07
9.86978e+06
9.6156e+06
9.35213e+06
9.08109e+06
8.80301e+06
8.51771e+06
8.22472e+06
7.92379e+06
7.61539e+06
7.30087e+06
6.98215e+06
6.66135e+06
6.3406e+06
6.02201e+06
5.70778e+06
5.40033e+06
5.10246e+06
4.81759e+06
4.55001e+06
4.30521e+06
4.09021e+06
3.91386e+06
3.78664e+06
3.71924e+06
1.05631e+07
1.05623e+07
1.05607e+07
1.05595e+07
1.0322e+07
1.01021e+07
9.86754e+06
9.62022e+06
9.36272e+06
9.09676e+06
8.82278e+06
8.54012e+06
8.24755e+06
7.94406e+06
7.62989e+06
7.30697e+06
6.97796e+06
6.64546e+06
6.31169e+06
5.97864e+06
5.64818e+06
5.32232e+06
5.00344e+06
4.69451e+06
4.39951e+06
4.12391e+06
3.87543e+06
3.665e+06
3.50754e+06
3.42114e+06
1.05481e+07
1.05466e+07
1.05465e+07
1.0546e+07
1.03218e+07
1.01074e+07
9.87808e+06
9.63503e+06
9.38176e+06
9.12045e+06
8.85123e+06
8.57244e+06
8.2813e+06
7.97502e+06
7.65315e+06
7.31917e+06
6.97728e+06
6.63082e+06
6.28208e+06
5.93267e+06
5.58397e+06
5.23735e+06
4.89446e+06
4.5575e+06
4.2296e+06
3.9155e+06
3.62261e+06
3.36316e+06
3.15739e+06
3.03663e+06
1.05347e+07
1.0533e+07
1.05316e+07
1.05302e+07
1.03294e+07
1.01275e+07
9.9024e+06
9.66004e+06
9.40884e+06
9.15206e+06
8.88924e+06
8.61712e+06
8.3302e+06
8.02157e+06
7.68853e+06
7.33926e+06
6.98118e+06
6.61847e+06
6.25311e+06
5.88601e+06
5.51769e+06
5.14865e+06
4.77955e+06
4.41141e+06
4.04591e+06
3.68586e+06
3.33636e+06
3.00762e+06
2.72223e+06
2.53137e+06
1.05236e+07
1.05215e+07
1.05198e+07
1.05178e+07
1.03477e+07
1.01708e+07
9.94397e+06
9.69391e+06
9.44149e+06
9.18971e+06
8.93655e+06
8.67661e+06
8.40078e+06
8.09254e+06
7.74013e+06
7.36815e+06
6.9897e+06
6.60877e+06
6.22589e+06
5.84055e+06
5.45213e+06
5.06001e+06
4.66368e+06
4.2627e+06
3.85677e+06
3.44567e+06
3.02935e+06
2.60874e+06
2.19255e+06
1.83524e+06
1.05157e+07
1.05125e+07
1.05061e+07
1.04693e+07
1.03938e+07
1.02639e+07
1.00088e+07
9.73013e+06
9.4735e+06
9.22873e+06
8.99064e+06
8.75197e+06
8.5038e+06
8.20767e+06
7.81129e+06
7.40354e+06
7.00068e+06
6.60103e+06
6.20111e+06
5.79819e+06
5.39026e+06
4.97559e+06
4.55245e+06
4.11894e+06
3.67278e+06
3.21071e+06
2.72664e+06
2.20544e+06
1.60399e+06
781796
1.05102e+07
1.05048e+07
1.04905e+07
1.04565e+07
1.03847e+07
1.02662e+07
1.01028e+07
9.74431e+06
9.49366e+06
9.26107e+06
9.04532e+06
8.83685e+06
8.65476e+06
8.42306e+06
7.89381e+06
7.43402e+06
7.00846e+06
6.59357e+06
6.17933e+06
5.76084e+06
5.33512e+06
4.89963e+06
4.45161e+06
3.98782e+06
3.5047e+06
2.99777e+06
2.46103e+06
1.8824e+06
1.23618e+06
469747
1.05073e+07
1.05006e+07
1.0476e+07
1.04287e+07
1.03423e+07
1.02072e+07
1.00106e+07
9.74382e+06
9.49367e+06
9.26116e+06
9.04558e+06
8.83722e+06
8.65584e+06
8.49331e+06
7.90758e+06
7.43006e+06
7.00535e+06
6.58479e+06
6.16023e+06
5.72781e+06
5.28507e+06
4.82918e+06
4.35637e+06
3.86186e+06
3.34124e+06
2.79104e+06
2.2112e+06
1.60377e+06
974725
328287
1.05093e+07
1.04992e+07
1.04651e+07
1.04012e+07
1.02952e+07
1.0145e+07
9.95205e+06
9.72588e+06
9.49138e+06
9.25971e+06
9.03713e+06
8.81435e+06
8.58354e+06
8.29606e+06
7.86882e+06
7.42946e+06
7.0052e+06
6.58467e+06
6.16006e+06
5.72753e+06
5.28466e+06
4.82863e+06
4.35565e+06
3.86095e+06
3.34012e+06
2.78966e+06
2.20959e+06
1.602e+06
973118
327387
1.05298e+07
1.05149e+07
1.04695e+07
1.03868e+07
1.02654e+07
1.01074e+07
9.92094e+06
9.71208e+06
9.48776e+06
9.25522e+06
9.0188e+06
8.77125e+06
8.49995e+06
8.18443e+06
7.81443e+06
7.41248e+06
7.00194e+06
6.58798e+06
6.16849e+06
5.74077e+06
5.30236e+06
4.85038e+06
4.38111e+06
3.88979e+06
3.37173e+06
2.82233e+06
2.24041e+06
1.627e+06
989465
333337
1.05955e+07
1.05672e+07
1.05057e+07
1.04066e+07
1.02715e+07
1.01059e+07
9.91717e+06
9.70954e+06
9.48493e+06
9.24607e+06
8.9939e+06
8.72507e+06
8.43258e+06
8.11337e+06
7.76539e+06
7.38999e+06
6.9974e+06
6.59497e+06
6.18441e+06
5.76486e+06
5.3341e+06
4.88955e+06
4.42735e+06
3.94335e+06
3.43203e+06
2.88769e+06
2.30548e+06
1.68321e+06
1.02754e+06
347037
1.06998e+07
1.06617e+07
1.05822e+07
1.04638e+07
1.03122e+07
1.01341e+07
9.93505e+06
9.71854e+06
9.48567e+06
9.23701e+06
8.97234e+06
8.6907e+06
8.39022e+06
8.07105e+06
7.73242e+06
7.3734e+06
6.9973e+06
6.60879e+06
6.21019e+06
5.80168e+06
5.38136e+06
4.9472e+06
4.49527e+06
4.02263e+06
3.5229e+06
2.99058e+06
2.41475e+06
1.78668e+06
1.10304e+06
375247
1.08596e+07
1.08056e+07
1.07008e+07
1.05561e+07
1.03816e+07
1.01846e+07
9.96969e+06
9.73932e+06
9.49447e+06
9.23529e+06
8.96156e+06
8.67304e+06
8.36964e+06
8.0515e+06
7.7185e+06
7.3703e+06
7.0081e+06
6.63376e+06
6.24872e+06
5.85287e+06
5.44493e+06
5.0229e+06
4.58368e+06
4.1248e+06
3.64066e+06
3.127e+06
2.56947e+06
1.95174e+06
1.24284e+06
435911
1.10845e+07
1.10017e+07
1.08569e+07
1.06756e+07
1.04715e+07
1.0251e+07
1.0017e+07
9.77075e+06
9.51293e+06
9.24348e+06
8.96231e+06
8.66937e+06
8.36477e+06
8.0485e+06
7.72077e+06
7.38149e+06
7.03111e+06
6.66977e+06
6.29811e+06
5.91522e+06
5.52062e+06
5.11182e+06
4.68745e+06
4.24389e+06
3.77833e+06
3.28622e+06
2.75849e+06
2.1792e+06
1.48781e+06
587604
1.14022e+07
1.12432e+07
1.10348e+07
1.08088e+07
1.05721e+07
1.03264e+07
1.00724e+07
9.8102e+06
9.53968e+06
9.26067e+06
8.973e+06
8.67658e+06
8.37141e+06
8.05747e+06
7.73486e+06
7.40346e+06
7.0632e+06
6.71364e+06
6.3546e+06
5.98508e+06
5.60462e+06
5.21103e+06
4.80376e+06
4.37832e+06
3.93447e+06
3.46398e+06
2.96835e+06
2.44056e+06
1.85849e+06
1.01957e+06
1.18041e+07
1.14879e+07
1.12114e+07
1.09434e+07
1.06757e+07
1.04059e+07
1.01327e+07
9.85521e+06
9.57285e+06
9.28508e+06
8.99158e+06
8.69215e+06
8.38664e+06
8.07501e+06
7.75712e+06
7.43283e+06
7.10168e+06
6.76325e+06
6.41676e+06
6.06172e+06
5.69694e+06
5.32158e+06
4.93358e+06
4.53076e+06
4.11075e+06
3.66688e+06
3.19978e+06
2.69144e+06
2.20213e+06
1.82524e+06
1.21195e+07
1.17219e+07
1.13838e+07
1.10755e+07
1.07792e+07
1.04873e+07
1.01964e+07
9.90489e+06
9.61154e+06
9.31565e+06
9.01675e+06
8.71448e+06
8.40865e+06
8.09906e+06
7.78557e+06
7.4679e+06
7.14572e+06
6.81847e+06
6.48563e+06
6.14635e+06
5.79956e+06
5.44408e+06
5.07761e+06
4.69945e+06
4.30463e+06
3.89539e+06
3.4649e+06
3.03128e+06
2.60584e+06
2.21226e+06
1.23587e+07
1.1935e+07
1.1557e+07
1.1212e+07
1.08867e+07
1.05723e+07
1.02638e+07
9.95842e+06
9.65442e+06
9.35071e+06
9.04656e+06
8.74148e+06
8.43514e+06
8.12732e+06
7.81788e+06
7.50661e+06
7.19335e+06
6.87765e+06
6.55912e+06
6.23653e+06
5.90917e+06
5.57451e+06
5.23231e+06
4.87891e+06
4.51542e+06
4.13891e+06
3.75335e+06
3.36862e+06
3.01623e+06
2.81403e+06
1.25452e+07
1.21098e+07
1.17083e+07
1.13365e+07
1.0987e+07
1.06527e+07
1.03284e+07
1.00105e+07
9.6969e+06
9.38614e+06
9.07721e+06
8.76954e+06
8.46266e+06
8.15648e+06
7.85075e+06
7.54572e+06
7.24111e+06
6.9372e+06
6.63315e+06
6.32868e+06
6.02195e+06
5.71152e+06
5.39527e+06
5.07064e+06
4.73746e+06
4.39454e+06
4.04158e+06
3.69166e+06
3.37578e+06
3.14132e+06
1.26909e+07
1.22493e+07
1.18348e+07
1.14459e+07
1.10786e+07
1.07281e+07
1.03901e+07
1.00611e+07
9.73885e+06
9.42163e+06
9.10832e+06
8.79822e+06
8.49085e+06
8.18616e+06
7.88404e+06
7.58495e+06
7.28889e+06
6.99654e+06
6.70743e+06
6.42173e+06
6.13751e+06
5.85326e+06
5.56548e+06
5.26994e+06
4.96626e+06
4.64788e+06
4.31755e+06
3.98742e+06
3.6587e+06
3.42485e+06
1.28039e+07
1.23586e+07
1.19365e+07
1.15366e+07
1.11568e+07
1.0794e+07
1.04449e+07
1.01067e+07
9.77704e+06
9.45424e+06
9.13711e+06
8.82489e+06
8.51709e+06
8.21372e+06
7.91479e+06
7.62097e+06
7.33254e+06
7.05077e+06
6.77552e+06
6.50819e+06
6.24649e+06
5.99067e+06
5.73372e+06
5.47225e+06
5.19644e+06
4.89283e+06
4.57706e+06
4.26913e+06
3.96378e+06
3.47269e+06
1.28895e+07
1.24419e+07
1.2015e+07
1.16082e+07
1.122e+07
1.08484e+07
1.0491e+07
1.01455e+07
9.80986e+06
9.48249e+06
9.16222e+06
8.84823e+06
8.54013e+06
8.23783e+06
7.94162e+06
7.65215e+06
7.37031e+06
7.09754e+06
6.83492e+06
6.58439e+06
6.34549e+06
6.1189e+06
5.89767e+06
5.67697e+06
5.43409e+06
5.13403e+06
4.80124e+06
4.54039e+06
4.12508e+06
3.97522e+06
1.29512e+07
1.25022e+07
1.20723e+07
1.16611e+07
1.12675e+07
1.08899e+07
1.05266e+07
1.01758e+07
9.83576e+06
9.50494e+06
9.18228e+06
8.86693e+06
8.55858e+06
8.25711e+06
7.963e+06
7.67689e+06
7.40021e+06
7.13446e+06
6.88202e+06
6.64511e+06
6.42599e+06
6.22567e+06
6.04066e+06
5.86577e+06
5.67505e+06
5.42458e+06
4.88249e+06
4.69409e+06
4.45415e+06
4.32784e+06
1.29913e+07
1.25414e+07
1.21097e+07
1.16959e+07
1.1299e+07
1.09178e+07
1.05508e+07
1.01966e+07
9.85364e+06
9.52051e+06
9.19624e+06
8.87997e+06
8.57145e+06
8.27053e+06
7.97785e+06
7.69404e+06
7.42087e+06
7.15988e+06
6.91436e+06
6.68672e+06
6.48182e+06
6.30168e+06
6.14967e+06
6.02143e+06
5.90537e+06
5.79354e+06
5.21935e+06
4.89405e+06
4.66957e+06
4.55415e+06
1.3011e+07
1.25607e+07
1.21282e+07
1.17132e+07
1.13147e+07
1.09318e+07
1.05631e+07
1.02072e+07
9.86276e+06
9.52848e+06
9.20339e+06
8.88667e+06
8.57805e+06
8.27743e+06
7.98545e+06
7.70282e+06
7.4314e+06
7.17284e+06
6.93071e+06
6.70772e+06
6.50992e+06
6.34077e+06
6.20972e+06
6.11638e+06
6.07357e+06
5.71624e+06
5.30959e+06
4.99319e+06
4.77594e+06
4.66504e+06
)
;

boundaryField
{
    inlet1
    {
        type            fixedGradient;
        gradient        uniform 20000;
    }
    inlet2
    {
        type            zeroGradient;
    }
    inlet3
    {
        type            fixedGradient;
        gradient        uniform 4.68141e+06;
    }
    output1
    {
        type            zeroGradient;
    }
    output2
    {
        type            fixedValue;
        value           uniform 0;
    }
    output3
    {
        type            zeroGradient;
    }
    up
    {
        type            zeroGradient;
    }
    down
    {
        type            zeroGradient;
    }
    emptyWalls
    {
        type            empty;
    }
}


// ************************************************************************* //
