/*--------------------------------*- C++ -*----------------------------------*\
  =========                 |
  \\      /  F ield         | OpenFOAM: The Open Source CFD Toolbox
   \\    /   O peration     | Website:  https://openfoam.org
    \\  /    A nd           | Version:  9
     \\/     M anipulation  |
\*---------------------------------------------------------------------------*/
FoamFile
{
    format      ascii;
    class       volScalarField;
    location    "29500";
    object      Sw;
}
// * * * * * * * * * * * * * * * * * * * * * * * * * * * * * * * * * * * * * //

dimensions      [0 0 0 0 0 0 0];

internalField   nonuniform List<scalar> 
900
(
0.815746
0.563856
0.584354
0.542842
0.167602
0.15
0.15
0.15
0.15
0.15
0.15
0.15
0.15
0.15
0.15
0.15
0.15
0.15
0.15
0.15
0.15
0.15
0.15
0.15
0.15
0.15
0.15
0.15
0.15
0.15
0.749683
0.736021
0.768213
0.589592
0.243985
0.150001
0.15
0.15
0.15
0.15
0.15
0.15
0.15
0.15
0.15
0.15
0.15
0.15
0.15
0.15
0.15
0.15
0.15
0.15
0.15
0.15
0.15
0.15
0.15
0.15
0.77917
0.636036
0.576588
0.459658
0.153905
0.15
0.15
0.15
0.15
0.15
0.15
0.15
0.15
0.15
0.15
0.15
0.15
0.15
0.15
0.15
0.15
0.15
0.15
0.15
0.15
0.15
0.15
0.15
0.15
0.15
0.776153
0.637629
0.576743
0.339126
0.150079
0.15
0.15
0.15
0.15
0.15
0.15
0.15
0.15
0.15
0.15
0.15
0.15
0.15
0.15
0.15
0.15
0.15
0.15
0.15
0.15
0.15
0.15
0.15
0.15
0.15
0.793784
0.668186
0.575112
0.303267
0.150012
0.15
0.15
0.15
0.15
0.15
0.15
0.15
0.15
0.15
0.15
0.15
0.15
0.15
0.15
0.15
0.15
0.15
0.15
0.15
0.15
0.15
0.15
0.15
0.15
0.15
0.79113
0.705147
0.592217
0.249043
0.150001
0.15
0.15
0.15
0.15
0.15
0.15
0.15
0.15
0.15
0.15
0.15
0.15
0.15
0.15
0.15
0.15
0.15
0.15
0.15
0.15
0.15
0.15
0.15
0.15
0.15
0.810486
0.736267
0.581871
0.217512
0.15
0.15
0.15
0.15
0.15
0.15
0.15
0.15
0.15
0.15
0.15
0.15
0.15
0.15
0.15
0.15
0.15
0.15
0.15
0.15
0.15
0.15
0.15
0.15
0.15
0.15
0.819069
0.672552
0.632025
0.18837
0.15
0.15
0.15
0.15
0.15
0.15
0.15
0.15
0.15
0.15
0.15
0.15
0.15
0.15
0.15
0.15
0.15
0.15
0.15
0.15
0.15
0.15
0.15
0.15
0.15
0.15
0.85049
0.771981
0.567384
0.173304
0.15
0.15
0.15
0.15
0.15
0.15
0.15
0.15
0.15
0.15
0.15
0.15
0.15
0.15
0.15
0.15
0.15
0.15
0.15
0.15
0.15
0.15
0.15
0.15
0.15
0.15
0.87069
0.759828
0.685901
0.20985
0.15
0.15
0.15
0.15
0.15
0.15
0.15
0.15
0.15
0.15
0.15
0.15
0.15
0.15
0.15
0.15
0.15
0.15
0.15
0.15
0.15
0.15
0.15
0.15
0.15
0.15
0.916047
0.841384
0.605074
0.488893
0.161611
0.150002
0.15
0.15
0.15
0.15
0.15
0.15
0.15
0.15
0.15
0.15
0.15
0.15
0.15
0.15
0.15
0.15
0.15
0.15
0.15
0.15
0.15
0.15
0.15
0.15
0.850168
0.848381
0.76794
0.676103
0.602945
0.547598
0.179131
0.150001
0.150001
0.150001
0.150001
0.150001
0.150001
0.150001
0.15
0.15
0.15
0.15
0.15
0.15
0.15
0.15
0.15
0.15
0.15
0.15
0.15
0.15
0.15
0.15
0.837292
0.738047
0.727063
0.690528
0.649655
0.619667
0.57917
0.570565
0.575967
0.57773
0.58387
0.574739
0.583627
0.419827
0.175691
0.178391
0.183211
0.187927
0.191239
0.193927
0.197029
0.200388
0.204323
0.2077
0.210439
0.208619
0.203084
0.191316
0.175734
0.158242
0.707289
0.639555
0.643069
0.632685
0.628788
0.619543
0.617857
0.608733
0.613466
0.609341
0.616768
0.602544
0.600957
0.561398
0.546926
0.545022
0.544933
0.544855
0.545055
0.545776
0.546986
0.548445
0.54995
0.551298
0.552639
0.553852
0.555291
0.556357
0.557457
0.557298
0.612666
0.616488
0.602717
0.596016
0.600881
0.602636
0.610031
0.608178
0.607718
0.60429
0.603788
0.59755
0.593736
0.589915
0.581622
0.577456
0.57616
0.575844
0.575924
0.576341
0.577043
0.57784
0.578679
0.579295
0.580077
0.580634
0.581948
0.582891
0.584628
0.58446
0.611884
0.597654
0.593792
0.591846
0.592442
0.593914
0.596252
0.595618
0.593105
0.590108
0.587232
0.585908
0.584499
0.587361
0.585679
0.58316
0.581802
0.581455
0.581568
0.582061
0.582591
0.583339
0.583898
0.584543
0.585067
0.585585
0.586776
0.587921
0.590594
0.591115
0.594123
0.590221
0.588027
0.587987
0.588958
0.590001
0.590425
0.589903
0.588231
0.586224
0.584197
0.583351
0.583024
0.584083
0.584224
0.583444
0.582944
0.583243
0.58399
0.585285
0.586381
0.588031
0.588904
0.590612
0.590951
0.592165
0.592042
0.592849
0.594637
0.596269
0.592849
0.586446
0.586945
0.589491
0.592105
0.593973
0.594984
0.59524
0.594774
0.593936
0.592923
0.592218
0.591891
0.591848
0.591967
0.591994
0.5924
0.593088
0.594258
0.595505
0.596681
0.598004
0.598501
0.599931
0.599041
0.600149
0.596544
0.595864
0.59187
0.593291
0.585947
0.586752
0.592151
0.597384
0.601051
0.603164
0.604237
0.604562
0.60455
0.604205
0.603957
0.603636
0.603642
0.603523
0.603899
0.603925
0.604448
0.604351
0.604987
0.604545
0.605052
0.604066
0.604237
0.603019
0.602146
0.601437
0.596876
0.595453
0.582072
0.579456
0.587457
0.5976
0.606235
0.610478
0.61187
0.611908
0.611413
0.610791
0.610233
0.609776
0.609488
0.609276
0.609202
0.609076
0.609038
0.608708
0.608336
0.607377
0.606623
0.605011
0.604397
0.602201
0.602526
0.599425
0.601119
0.597127
0.598994
0.597443
0.582301
0.577799
0.609434
0.620919
0.620529
0.616578
0.612678
0.609667
0.607542
0.606124
0.605215
0.604697
0.60439
0.604268
0.604128
0.604046
0.603724
0.603383
0.602589
0.601936
0.600846
0.600425
0.599637
0.59977
0.599594
0.599149
0.600512
0.596112
0.603124
0.592422
0.625857
0.647823
0.596589
0.593181
0.592838
0.593451
0.594416
0.595502
0.596593
0.597554
0.598422
0.59914
0.599801
0.600323
0.600821
0.60115
0.601467
0.601578
0.601744
0.601767
0.601932
0.602121
0.602056
0.602495
0.601092
0.602366
0.598227
0.601743
0.595531
0.60063
0.590956
0.512308
0.598801
0.600549
0.604072
0.607048
0.608843
0.609695
0.610006
0.610032
0.609953
0.609812
0.609674
0.609482
0.609288
0.608956
0.608608
0.607984
0.607423
0.606327
0.605576
0.603696
0.602991
0.600176
0.600326
0.597171
0.597901
0.594798
0.592397
0.58377
0.563913
0.564391
0.599437
0.598653
0.598242
0.598019
0.597788
0.597495
0.597203
0.596976
0.596818
0.596765
0.596717
0.596776
0.596714
0.596819
0.596641
0.596799
0.596441
0.596692
0.596134
0.596517
0.596123
0.59656
0.596838
0.596249
0.595195
0.591974
0.580247
0.564786
0.544908
0.502473
0.599509
0.59886
0.598816
0.599327
0.600135
0.60095
0.601685
0.602278
0.602783
0.603201
0.603563
0.60391
0.604183
0.60454
0.604735
0.605161
0.605182
0.605603
0.605148
0.605207
0.603859
0.602429
0.600404
0.595024
0.593186
0.580471
0.562006
0.544301
0.512564
0.507648
0.599649
0.599176
0.598966
0.598994
0.59919
0.599424
0.599649
0.599817
0.599956
0.600068
0.600157
0.600278
0.600321
0.600494
0.600412
0.600655
0.600203
0.600502
0.599107
0.599428
0.59607
0.596401
0.590898
0.588166
0.583127
0.560867
0.541948
0.516276
0.388616
0.150055
0.599748
0.599372
0.599143
0.599056
0.599142
0.59931
0.599571
0.599802
0.600089
0.600299
0.600591
0.600792
0.601109
0.601336
0.601681
0.60199
0.602309
0.602807
0.602784
0.603592
0.601808
0.60286
0.59459
0.592173
0.572912
0.530869
0.519206
0.310449
0.150001
0.15
0.599807
0.599507
0.599295
0.599172
0.599168
0.599239
0.599406
0.599576
0.599817
0.599999
0.600281
0.600452
0.600796
0.600957
0.601409
0.601571
0.602193
0.602351
0.603042
0.602906
0.602258
0.600387
0.59082
0.58816
0.54349
0.426863
0.150321
0.15
0.15
0.15
0.599842
0.599588
0.599397
0.599262
0.599219
0.599235
0.599353
0.599483
0.599709
0.599878
0.600178
0.600343
0.600738
0.600882
0.601459
0.601577
0.602504
0.602548
0.604058
0.603658
0.605584
0.602522
0.600459
0.588466
0.491134
0.152059
0.15
0.15
0.15
0.15
0.599857
0.599627
0.599446
0.599313
0.59925
0.59925
0.599333
0.599454
0.599651
0.599835
0.600109
0.600308
0.600673
0.600876
0.60142
0.601631
0.602534
0.602723
0.604318
0.604199
0.607008
0.604374
0.607386
0.567899
0.188341
0.15
0.15
0.15
0.15
0.15
)
;

boundaryField
{
    inlet1
    {
        type            fixedValue;
        value           uniform 0.85;
    }
    inlet2
    {
        type            zeroGradient;
    }
    inlet3
    {
        type            fixedValue;
        value           uniform 0.6;
    }
    output1
    {
        type            zeroGradient;
    }
    output2
    {
        type            zeroGradient;
    }
    output3
    {
        type            zeroGradient;
    }
    up
    {
        type            zeroGradient;
    }
    down
    {
        type            zeroGradient;
    }
    emptyWalls
    {
        type            empty;
    }
}


// ************************************************************************* //
