/*--------------------------------*- C++ -*----------------------------------*\
  =========                 |
  \\      /  F ield         | OpenFOAM: The Open Source CFD Toolbox
   \\    /   O peration     | Website:  https://openfoam.org
    \\  /    A nd           | Version:  9
     \\/     M anipulation  |
\*---------------------------------------------------------------------------*/
FoamFile
{
    format      ascii;
    class       volVectorField;
    location    "29500";
    object      ut;
}
// * * * * * * * * * * * * * * * * * * * * * * * * * * * * * * * * * * * * * //

dimensions      [0 1 -1 0 0 0 0];

internalField   nonuniform List<vector> 
900
(
(6.39286e-06 4.7606e-06 -0)
(3.2215e-07 1.84405e-07 -0)
(3.98969e-07 3.16423e-08 -0)
(1.67985e-07 -7.32125e-09 -0)
(6.48912e-08 -4.09352e-10 -0)
(1.32577e-07 3.49994e-09 -0)
(1.2459e-07 1.93947e-09 -0)
(1.21529e-07 1.12169e-09 -0)
(1.19847e-07 5.60809e-10 -0)
(1.19114e-07 1.7226e-10 -0)
(1.19018e-07 -7.69091e-11 -0)
(1.19304e-07 -2.0858e-10 -0)
(1.19749e-07 -2.3702e-10 -0)
(1.20158e-07 -1.71493e-10 -0)
(1.20348e-07 -1.90206e-11 -0)
(1.20153e-07 2.13821e-10 -0)
(1.19419e-07 5.20775e-10 -0)
(1.18002e-07 8.9661e-10 -0)
(1.15767e-07 1.33807e-09 -0)
(1.12585e-07 1.84394e-09 -0)
(1.08328e-07 2.4141e-09 -0)
(1.02865e-07 3.04827e-09 -0)
(9.60733e-08 3.74352e-09 -0)
(8.78392e-08 4.49079e-09 -0)
(7.80768e-08 5.27184e-09 -0)
(6.67482e-08 6.05621e-09 -0)
(5.38915e-08 6.79931e-09 -0)
(3.96486e-08 7.4431e-09 -0)
(2.42829e-08 7.92273e-09 -0)
(8.18017e-09 8.17996e-09 -0)
(3.48376e-06 7.73997e-06 -0)
(2.45434e-06 5.39081e-06 -0)
(1.6159e-06 2.4624e-06 -0)
(1.61098e-07 1.89985e-07 -0)
(4.94131e-08 3.36673e-09 -0)
(1.34958e-07 6.51963e-09 -0)
(1.22212e-07 5.07568e-09 -0)
(1.2015e-07 3.10822e-09 -0)
(1.18897e-07 1.51011e-09 -0)
(1.18476e-07 3.77315e-10 -0)
(1.18638e-07 -3.4833e-10 -0)
(1.19144e-07 -7.28943e-10 -0)
(1.19786e-07 -8.05045e-10 -0)
(1.20376e-07 -6.01443e-10 -0)
(1.20734e-07 -1.37345e-10 -0)
(1.20693e-07 5.67545e-10 -0)
(1.20102e-07 1.49354e-09 -0)
(1.18819e-07 2.62427e-09 -0)
(1.16715e-07 3.94984e-09 -0)
(1.13662e-07 5.46733e-09 -0)
(1.09532e-07 7.1784e-09 -0)
(1.04195e-07 9.08418e-09 -0)
(9.75158e-08 1.11784e-08 -0)
(8.93675e-08 1.34379e-08 -0)
(7.96422e-08 1.58118e-08 -0)
(6.82756e-08 1.82105e-08 -0)
(5.52784e-08 2.04981e-08 -0)
(4.0772e-08 2.24935e-08 -0)
(2.50198e-08 2.39901e-08 -0)
(8.43739e-09 2.47972e-08 -0)
(2.2758e-06 1.98357e-05 -0)
(-2.14952e-07 2.85461e-06 -0)
(-3.21081e-08 1.04791e-06 -0)
(1.87804e-07 1.07938e-07 -0)
(7.48241e-08 3.31255e-08 -0)
(1.32639e-07 1.44477e-08 -0)
(1.21179e-07 8.73542e-09 -0)
(1.17964e-07 4.72535e-09 -0)
(1.17116e-07 1.99407e-09 -0)
(1.17255e-07 1.75149e-10 -0)
(1.17912e-07 -9.64891e-10 -0)
(1.18847e-07 -1.55379e-09 -0)
(1.19877e-07 -1.65271e-09 -0)
(1.20825e-07 -1.29172e-09 -0)
(1.21517e-07 -4.96423e-10 -0)
(1.21784e-07 7.00237e-10 -0)
(1.21476e-07 2.26159e-09 -0)
(1.20458e-07 4.15716e-09 -0)
(1.1861e-07 6.3699e-09 -0)
(1.15814e-07 8.89736e-09 -0)
(1.11945e-07 1.1748e-08 -0)
(1.06865e-07 1.49317e-08 -0)
(1.00427e-07 1.84485e-08 -0)
(9.24725e-08 2.22713e-08 -0)
(8.28495e-08 2.63278e-08 -0)
(7.14345e-08 3.04767e-08 -0)
(5.81745e-08 3.44893e-08 -0)
(4.31406e-08 3.80426e-08 -0)
(2.65866e-08 4.07467e-08 -0)
(8.98726e-09 4.22218e-08 -0)
(3.95728e-06 2.55917e-05 -0)
(3.29276e-07 4.54029e-06 -0)
(1.41552e-08 1.87159e-06 -0)
(5.25599e-08 9.84316e-09 -0)
(8.48756e-08 4.39318e-08 -0)
(1.10008e-07 2.08703e-08 -0)
(1.1249e-07 1.0693e-08 -0)
(1.13409e-07 5.06364e-09 -0)
(1.14347e-07 1.56562e-09 -0)
(1.15517e-07 -7.05867e-10 -0)
(1.16909e-07 -2.13248e-09 -0)
(1.18456e-07 -2.86854e-09 -0)
(1.20049e-07 -2.96029e-09 -0)
(1.21532e-07 -2.4163e-09 -0)
(1.22726e-07 -1.25695e-09 -0)
(1.23451e-07 4.68076e-10 -0)
(1.23559e-07 2.69536e-09 -0)
(1.22927e-07 5.37283e-09 -0)
(1.21455e-07 8.47509e-09 -0)
(1.1904e-07 1.20045e-08 -0)
(1.15566e-07 1.59848e-08 -0)
(1.10895e-07 2.04468e-08 -0)
(1.04855e-07 2.54124e-08 -0)
(9.72468e-08 3.08715e-08 -0)
(8.78476e-08 3.67512e-08 -0)
(7.64371e-08 4.2879e-08 -0)
(6.28443e-08 4.89392e-08 -0)
(4.70295e-08 5.44409e-08 -0)
(2.9199e-08 5.87329e-08 -0)
(9.91242e-09 6.11215e-08 -0)
(6.16705e-06 3.61755e-05 -0)
(9.11398e-07 7.57685e-06 -0)
(1.24684e-07 1.82161e-06 -0)
(3.64443e-08 4.93203e-09 -0)
(9.1173e-08 2.35265e-08 -0)
(9.93856e-08 1.49818e-08 -0)
(1.05372e-07 8.10242e-09 -0)
(1.08836e-07 3.2707e-09 -0)
(1.11346e-07 -8.92601e-11 -0)
(1.13557e-07 -2.43173e-09 -0)
(1.1575e-07 -3.9906e-09 -0)
(1.18019e-07 -4.82765e-09 -0)
(1.20329e-07 -4.90353e-09 -0)
(1.22529e-07 -4.15658e-09 -0)
(1.24402e-07 -2.58322e-09 -0)
(1.25737e-07 -2.66376e-10 -0)
(1.2638e-07 2.67879e-09 -0)
(1.26238e-07 6.16373e-09 -0)
(1.25242e-07 1.01527e-08 -0)
(1.23324e-07 1.46605e-08 -0)
(1.20387e-07 1.97389e-08 -0)
(1.16293e-07 2.54578e-08 -0)
(1.10852e-07 3.18826e-08 -0)
(1.03811e-07 3.90498e-08 -0)
(9.48569e-08 4.69257e-08 -0)
(8.36224e-08 5.53487e-08 -0)
(6.97364e-08 6.39479e-08 -0)
(5.29344e-08 7.20491e-08 -0)
(3.32672e-08 7.86226e-08 -0)
(1.13759e-08 8.24097e-08 -0)
(5.92915e-06 3.7311e-05 -0)
(1.3436e-06 1.20836e-05 -0)
(1.17296e-07 2.38302e-06 -0)
(3.22697e-08 3.73002e-09 -0)
(9.39757e-08 1.04792e-08 -0)
(9.45823e-08 7.43604e-09 -0)
(1.00778e-07 3.46426e-09 -0)
(1.05217e-07 6.04602e-12 -0)
(1.08645e-07 -2.76153e-09 -0)
(1.11616e-07 -4.94126e-09 -0)
(1.14513e-07 -6.57054e-09 -0)
(1.17543e-07 -7.54834e-09 -0)
(1.2072e-07 -7.66917e-09 -0)
(1.23852e-07 -6.72311e-09 -0)
(1.26616e-07 -4.6529e-09 -0)
(1.28713e-07 -1.62924e-09 -0)
(1.29989e-07 2.12207e-09 -0)
(1.30401e-07 6.45033e-09 -0)
(1.29952e-07 1.13108e-08 -0)
(1.28626e-07 1.67459e-08 -0)
(1.26364e-07 2.28525e-08 -0)
(1.23039e-07 2.97615e-08 -0)
(1.18447e-07 3.76103e-08 -0)
(1.1229e-07 4.65201e-08 -0)
(1.04146e-07 5.65537e-08 -0)
(9.34594e-08 6.76426e-08 -0)
(7.95447e-08 7.9455e-08 -0)
(6.17042e-08 9.1185e-08 -0)
(3.95596e-08 1.01298e-07 -0)
(1.36996e-08 1.07485e-07 -0)
(4.51107e-06 4.79367e-05 -0)
(1.57561e-06 1.90925e-05 -0)
(1.98174e-07 2.04362e-06 -0)
(3.60101e-08 4.18485e-09 -0)
(9.29848e-08 2.69622e-09 -0)
(9.23706e-08 8.20112e-10 -0)
(9.79422e-08 -1.68741e-09 -0)
(1.0261e-07 -3.94931e-09 -0)
(1.06399e-07 -6.02165e-09 -0)
(1.09748e-07 -8.00128e-09 -0)
(1.13142e-07 -9.80161e-09 -0)
(1.16921e-07 -1.11259e-08 -0)
(1.21154e-07 -1.15017e-08 -0)
(1.25545e-07 -1.04137e-08 -0)
(1.29495e-07 -7.67603e-09 -0)
(1.32512e-07 -3.71977e-09 -0)
(1.3446e-07 9.88407e-10 -0)
(1.35427e-07 6.20495e-09 -0)
(1.35538e-07 1.1895e-08 -0)
(1.34865e-07 1.81585e-08 -0)
(1.33403e-07 2.51653e-08 -0)
(1.31051e-07 3.31262e-08 -0)
(1.2761e-07 4.22776e-08 -0)
(1.22755e-07 5.28666e-08 -0)
(1.15979e-07 6.51265e-08 -0)
(1.06524e-07 7.9213e-08 -0)
(9.32788e-08 9.50442e-08 -0)
(7.47778e-08 1.11937e-07 -0)
(4.95673e-08 1.27901e-07 -0)
(1.75624e-08 1.38747e-07 -0)
(6.22487e-06 5.06949e-05 -0)
(4.52554e-07 8.43739e-06 -0)
(9.83151e-08 4.66957e-06 -0)
(3.85864e-08 5.03323e-09 -0)
(8.91572e-08 -1.5061e-09 -0)
(9.01986e-08 -5.16437e-09 -0)
(9.60091e-08 -7.08474e-09 -0)
(1.00883e-07 -8.09429e-09 -0)
(1.04593e-07 -9.37435e-09 -0)
(1.07836e-07 -1.12404e-08 -0)
(1.11388e-07 -1.35089e-08 -0)
(1.15843e-07 -1.56513e-08 -0)
(1.21432e-07 -1.67982e-08 -0)
(1.27678e-07 -1.57539e-08 -0)
(1.3331e-07 -1.19176e-08 -0)
(1.37378e-07 -6.56179e-09 -0)
(1.39913e-07 -6.52873e-10 -0)
(1.41308e-07 5.48533e-09 -0)
(1.41905e-07 1.19078e-08 -0)
(1.41896e-07 1.88283e-08 -0)
(1.41331e-07 2.65236e-08 -0)
(1.40151e-07 3.53009e-08 -0)
(1.38188e-07 4.55072e-08 -0)
(1.35139e-07 5.75417e-08 -0)
(1.30493e-07 7.18724e-08 -0)
(1.23377e-07 8.90383e-08 -0)
(1.12269e-07 1.09572e-07 -0)
(9.4561e-08 1.33618e-07 -0)
(6.63694e-08 1.59622e-07 -0)
(2.45454e-08 1.80855e-07 -0)
(9.13966e-06 6.15404e-05 -0)
(3.20039e-06 2.60784e-05 -0)
(1.58294e-07 1.52142e-06 -0)
(3.71296e-08 5.18575e-09 -0)
(8.1863e-08 -5.25754e-09 -0)
(8.6792e-08 -1.28869e-08 -0)
(9.50122e-08 -1.3393e-08 -0)
(1.00321e-07 -1.19687e-08 -0)
(1.03253e-07 -1.21409e-08 -0)
(1.05614e-07 -1.40769e-08 -0)
(1.08731e-07 -1.73424e-08 -0)
(1.13631e-07 -2.11723e-08 -0)
(1.21052e-07 -2.42857e-08 -0)
(1.30426e-07 -2.38861e-08 -0)
(1.38688e-07 -1.7678e-08 -0)
(1.43776e-07 -9.95716e-09 -0)
(1.46507e-07 -2.5231e-09 -0)
(1.47987e-07 4.48157e-09 -0)
(1.48881e-07 1.1421e-08 -0)
(1.49481e-07 1.87246e-08 -0)
(1.49875e-07 2.67991e-08 -0)
(1.50034e-07 3.60462e-08 -0)
(1.49851e-07 4.69084e-08 -0)
(1.4912e-07 5.99204e-08 -0)
(1.47476e-07 7.57829e-08 -0)
(1.44223e-07 9.54963e-08 -0)
(1.37859e-07 1.20586e-07 -0)
(1.24828e-07 1.53342e-07 -0)
(9.68039e-08 1.96113e-07 -0)
(3.87954e-08 2.44196e-07 -0)
(1.2788e-05 5.89211e-05 -0)
(3.44107e-06 1.84082e-05 -0)
(1.29594e-06 8.83713e-06 -0)
(2.68427e-08 9.51284e-09 -0)
(7.05308e-08 -1.30908e-08 -0)
(8.20632e-08 -2.77327e-08 -0)
(9.69272e-08 -2.16315e-08 -0)
(1.02135e-07 -1.42469e-08 -0)
(1.02484e-07 -1.31438e-08 -0)
(1.02634e-07 -1.55842e-08 -0)
(1.04293e-07 -2.06114e-08 -0)
(1.089e-07 -2.74101e-08 -0)
(1.18718e-07 -3.52861e-08 -0)
(1.34286e-07 -3.78266e-08 -0)
(1.47239e-07 -2.49519e-08 -0)
(1.52533e-07 -1.30656e-08 -0)
(1.54352e-07 -3.96497e-09 -0)
(1.55252e-07 3.54386e-09 -0)
(1.56148e-07 1.05688e-08 -0)
(1.57274e-07 1.78496e-08 -0)
(1.58653e-07 2.5902e-08 -0)
(1.6026e-07 3.51766e-08 -0)
(1.62062e-07 4.61596e-08 -0)
(1.64013e-07 5.94485e-08 -0)
(1.66069e-07 7.58428e-08 -0)
(1.6818e-07 9.65783e-08 -0)
(1.70115e-07 1.23933e-07 -0)
(1.70089e-07 1.63052e-07 -0)
(1.57223e-07 2.27294e-07 -0)
(7.26276e-08 3.55618e-07 -0)
(1.56946e-05 6.57858e-05 -0)
(2.19006e-05 3.79903e-05 -0)
(4.57242e-06 3.10099e-06 -0)
(1.46986e-06 8.01477e-07 -0)
(3.96942e-08 -7.15032e-09 -0)
(7.82506e-08 -1.93868e-08 -0)
(1.08498e-07 -3.2293e-08 -0)
(1.08808e-07 -1.02434e-08 -0)
(1.01916e-07 -1.06036e-08 -0)
(9.8146e-08 -1.45048e-08 -0)
(9.69056e-08 -2.21091e-08 -0)
(9.89568e-08 -3.25705e-08 -0)
(1.10635e-07 -5.16224e-08 -0)
(1.4076e-07 -6.7183e-08 -0)
(1.63449e-07 -3.1237e-08 -0)
(1.64763e-07 -1.33887e-08 -0)
(1.63117e-07 -3.81426e-09 -0)
(1.62521e-07 3.08923e-09 -0)
(1.63186e-07 9.46229e-09 -0)
(1.64814e-07 1.62025e-08 -0)
(1.67202e-07 2.37828e-08 -0)
(1.70292e-07 3.25988e-08 -0)
(1.74123e-07 4.3105e-08 -0)
(1.78803e-07 5.58714e-08 -0)
(1.84606e-07 7.15616e-08 -0)
(1.92313e-07 9.10406e-08 -0)
(2.04332e-07 1.15517e-07 -0)
(2.28188e-07 1.47637e-07 -0)
(2.89371e-07 1.94392e-07 -0)
(4.84936e-07 2.7755e-07 -0)
(1.34881e-05 2.10995e-05 -0)
(4.85824e-05 2.93359e-05 -0)
(4.77716e-05 2.97276e-05 -0)
(3.20431e-05 1.22901e-05 -0)
(1.94647e-05 5.2668e-06 -0)
(1.13288e-05 2.28054e-06 -0)
(9.3425e-08 -3.19582e-10 -0)
(1.23824e-07 -2.78114e-09 -0)
(9.82226e-08 -4.09922e-09 -0)
(9.11284e-08 -6.5917e-09 -0)
(8.62267e-08 -1.11659e-08 -0)
(7.93862e-08 -1.73262e-08 -0)
(8.41054e-08 -3.09052e-08 -0)
(1.54671e-07 -5.80591e-08 -0)
(2.01033e-07 -1.9573e-08 -0)
(1.79955e-07 -5.39067e-09 -0)
(1.7083e-07 -9.49598e-10 -0)
(1.68529e-07 3.3022e-09 -0)
(1.69262e-07 8.31053e-09 -0)
(1.71595e-07 1.43061e-08 -0)
(1.75049e-07 2.13812e-08 -0)
(1.79583e-07 2.97591e-08 -0)
(1.85335e-07 3.98566e-08 -0)
(1.9247e-07 5.22537e-08 -0)
(2.01238e-07 6.73879e-08 -0)
(2.12136e-07 8.53032e-08 -0)
(2.26712e-07 1.04767e-07 -0)
(2.48963e-07 1.22295e-07 -0)
(2.87135e-07 1.27905e-07 -0)
(3.46748e-07 9.21802e-08 -0)
(1.46349e-05 2.0006e-06 -0)
(2.14162e-05 3.89626e-06 -0)
(4.29026e-05 1.51337e-05 -0)
(4.93761e-05 2.0422e-05 -0)
(4.60911e-05 1.86226e-05 -0)
(4.40476e-05 1.60871e-05 -0)
(3.21671e-05 1.04683e-05 -0)
(3.10486e-05 1.10696e-06 -0)
(3.17608e-05 1.49544e-07 -0)
(3.0369e-05 9.16645e-08 -0)
(3.18173e-05 6.14512e-07 -0)
(2.51151e-05 1.45004e-06 -0)
(2.57043e-05 5.32254e-06 -0)
(2.06915e-06 3.51189e-07 -0)
(1.93213e-07 4.53974e-09 -0)
(1.61997e-07 8.19868e-10 -0)
(1.48545e-07 5.72246e-10 -0)
(1.4542e-07 1.53187e-09 -0)
(1.45286e-07 3.26766e-09 -0)
(1.46588e-07 5.57866e-09 -0)
(1.48437e-07 8.33535e-09 -0)
(1.5111e-07 1.15536e-08 -0)
(1.54646e-07 1.5341e-08 -0)
(1.59866e-07 1.99807e-08 -0)
(1.66603e-07 2.5606e-08 -0)
(1.77239e-07 3.26406e-08 -0)
(1.90866e-07 4.04215e-08 -0)
(2.09555e-07 4.75205e-08 -0)
(2.3174e-07 4.77957e-08 -0)
(2.5561e-07 2.79264e-08 -0)
(4.69119e-06 -1.04024e-05 -0)
(7.93093e-06 -2.57154e-06 -0)
(1.85029e-05 1.23844e-06 -0)
(2.74997e-05 6.77392e-06 -0)
(3.91168e-05 1.17321e-05 -0)
(4.55034e-05 1.32386e-05 -0)
(5.4151e-05 1.15835e-05 -0)
(5.16296e-05 3.55687e-06 -0)
(5.62587e-05 7.1301e-07 -0)
(5.13929e-05 6.71823e-07 -0)
(5.65686e-05 3.40162e-06 -0)
(4.60806e-05 6.70138e-06 -0)
(5.13347e-05 1.54412e-05 -0)
(3.66607e-05 1.58436e-05 -0)
(3.44622e-05 3.7041e-06 -0)
(3.31911e-05 6.75573e-07 -0)
(3.24142e-05 1.31059e-07 -0)
(3.23819e-05 -1.22178e-07 -0)
(3.29601e-05 -3.17762e-07 -0)
(3.41021e-05 -5.04884e-07 -0)
(3.57867e-05 -6.88314e-07 -0)
(3.7962e-05 -8.66332e-07 -0)
(4.06156e-05 -1.03834e-06 -0)
(4.36556e-05 -1.20071e-06 -0)
(4.7157e-05 -1.34179e-06 -0)
(5.08396e-05 -1.40725e-06 -0)
(5.47772e-05 -1.34692e-06 -0)
(5.81048e-05 -1.09158e-06 -0)
(6.10612e-05 -7.0613e-07 -0)
(6.21287e-05 -2.4125e-07 -0)
(1.77397e-06 -1.02658e-05 -0)
(7.62732e-06 -8.606e-06 -0)
(1.30456e-05 -4.13367e-06 -0)
(1.86723e-05 -4.89613e-07 -0)
(2.76539e-05 2.34573e-06 -0)
(3.50593e-05 3.97623e-06 -0)
(4.5209e-05 3.98919e-06 -0)
(4.81201e-05 1.81461e-06 -0)
(5.03806e-05 7.11427e-07 -0)
(4.89851e-05 1.42524e-06 -0)
(5.01494e-05 4.48041e-06 -0)
(4.86623e-05 8.37336e-06 -0)
(5.17522e-05 1.33133e-05 -0)
(5.68149e-05 1.51416e-05 -0)
(5.58115e-05 7.4784e-06 -0)
(5.4801e-05 2.66226e-06 -0)
(5.44151e-05 5.15106e-07 -0)
(5.4715e-05 -6.75914e-07 -0)
(5.56946e-05 -1.6008e-06 -0)
(5.73403e-05 -2.47124e-06 -0)
(5.96458e-05 -3.31179e-06 -0)
(6.25431e-05 -4.1358e-06 -0)
(6.61359e-05 -4.93628e-06 -0)
(7.02134e-05 -5.73198e-06 -0)
(7.52264e-05 -6.47759e-06 -0)
(8.04686e-05 -6.97277e-06 -0)
(8.68973e-05 -6.9706e-06 -0)
(9.23736e-05 -5.9965e-06 -0)
(9.83106e-05 -4.13584e-06 -0)
(0.000100248 -1.48913e-06 -0)
(3.3267e-06 -2.00122e-05 -0)
(8.43499e-06 -1.37969e-05 -0)
(1.41803e-05 -9.94786e-06 -0)
(2.00315e-05 -6.58207e-06 -0)
(2.59648e-05 -4.04118e-06 -0)
(3.13413e-05 -2.36665e-06 -0)
(3.64128e-05 -1.29539e-06 -0)
(3.92985e-05 -5.8701e-07 -0)
(4.04579e-05 1.82672e-07 -0)
(4.08245e-05 1.51372e-06 -0)
(4.13248e-05 3.68502e-06 -0)
(4.35635e-05 6.2513e-06 -0)
(4.63849e-05 8.32068e-06 -0)
(5.30349e-05 9.01277e-06 -0)
(5.59307e-05 6.34091e-06 -0)
(5.69605e-05 2.89832e-06 -0)
(5.76541e-05 3.36677e-07 -0)
(5.86201e-05 -1.50072e-06 -0)
(5.9968e-05 -3.01282e-06 -0)
(6.19333e-05 -4.43693e-06 -0)
(6.4318e-05 -5.80503e-06 -0)
(6.74581e-05 -7.20319e-06 -0)
(7.10451e-05 -8.57203e-06 -0)
(7.55333e-05 -1.00805e-05 -0)
(8.08071e-05 -1.15722e-05 -0)
(8.6973e-05 -1.29892e-05 -0)
(9.48293e-05 -1.37261e-05 -0)
(0.00010252 -1.281e-05 -0)
(0.000111981 -9.51853e-06 -0)
(0.000116182 -3.54231e-06 -0)
(3.37514e-06 -2.34443e-05 -0)
(9.79713e-06 -1.98553e-05 -0)
(1.5909e-05 -1.56774e-05 -0)
(2.16784e-05 -1.20059e-05 -0)
(2.69006e-05 -8.98622e-06 -0)
(3.13055e-05 -6.53162e-06 -0)
(3.47309e-05 -4.38887e-06 -0)
(3.72372e-05 -2.46783e-06 -0)
(3.88249e-05 -7.69177e-07 -0)
(4.00485e-05 8.41149e-07 -0)
(4.12209e-05 2.43972e-06 -0)
(4.33129e-05 3.87103e-06 -0)
(4.58573e-05 4.65841e-06 -0)
(4.95402e-05 4.65988e-06 -0)
(5.2664e-05 3.53943e-06 -0)
(5.47827e-05 1.4673e-06 -0)
(5.65114e-05 -7.90739e-07 -0)
(5.84634e-05 -2.88141e-06 -0)
(6.06951e-05 -4.83638e-06 -0)
(6.3676e-05 -6.76141e-06 -0)
(6.6841e-05 -8.66946e-06 -0)
(7.12156e-05 -1.07179e-05 -0)
(7.53778e-05 -1.27448e-05 -0)
(8.15159e-05 -1.52117e-05 -0)
(8.69974e-05 -1.75862e-05 -0)
(9.52763e-05 -2.05746e-05 -0)
(0.000103302 -2.26524e-05 -0)
(0.000114037 -2.3346e-05 -0)
(0.000126315 -1.92678e-05 -0)
(0.000135829 -8.16594e-06 -0)
(4.69944e-06 -3.34459e-05 -0)
(1.24393e-05 -2.66172e-05 -0)
(1.96975e-05 -2.16889e-05 -0)
(2.62684e-05 -1.74321e-05 -0)
(3.19028e-05 -1.3682e-05 -0)
(3.64708e-05 -1.03496e-05 -0)
(4.00769e-05 -7.37165e-06 -0)
(4.29446e-05 -4.71863e-06 -0)
(4.52073e-05 -2.44528e-06 -0)
(4.71536e-05 -5.71775e-07 -0)
(4.89392e-05 8.72495e-07 -0)
(5.09362e-05 1.83616e-06 -0)
(5.32019e-05 2.1784e-06 -0)
(5.5696e-05 1.92901e-06 -0)
(5.83814e-05 9.98658e-07 -0)
(6.09113e-05 -6.9318e-07 -0)
(6.35706e-05 -2.91801e-06 -0)
(6.62776e-05 -5.32188e-06 -0)
(6.94601e-05 -7.81975e-06 -0)
(7.2952e-05 -1.03047e-05 -0)
(7.67685e-05 -1.28813e-05 -0)
(8.13737e-05 -1.55538e-05 -0)
(8.5534e-05 -1.83029e-05 -0)
(9.1893e-05 -2.15613e-05 -0)
(9.58583e-05 -2.45387e-05 -0)
(0.000104747 -2.89094e-05 -0)
(0.000108464 -3.17238e-05 -0)
(0.000121101 -3.58308e-05 -0)
(0.000129705 -3.29234e-05 -0)
(0.000146999 -1.85949e-05 -0)
(6.43211e-06 -4.21364e-05 -0)
(1.79122e-05 -3.44406e-05 -0)
(2.80305e-05 -2.87107e-05 -0)
(3.60487e-05 -2.36395e-05 -0)
(4.21196e-05 -1.88948e-05 -0)
(4.66396e-05 -1.45488e-05 -0)
(5.01227e-05 -1.07222e-05 -0)
(5.28753e-05 -7.43509e-06 -0)
(5.53043e-05 -4.74149e-06 -0)
(5.74372e-05 -2.6476e-06 -0)
(5.96528e-05 -1.18906e-06 -0)
(6.17724e-05 -3.65748e-07 -0)
(6.41902e-05 -1.83479e-07 -0)
(6.64558e-05 -6.16817e-07 -0)
(6.9243e-05 -1.69843e-06 -0)
(7.16248e-05 -3.44442e-06 -0)
(7.45311e-05 -5.77013e-06 -0)
(7.66402e-05 -8.35252e-06 -0)
(7.96913e-05 -1.11821e-05 -0)
(8.15404e-05 -1.38658e-05 -0)
(8.49374e-05 -1.68829e-05 -0)
(8.67176e-05 -1.95803e-05 -0)
(9.05821e-05 -2.29688e-05 -0)
(9.30623e-05 -2.59513e-05 -0)
(9.66826e-05 -2.96626e-05 -0)
(0.0001018 -3.36378e-05 -0)
(0.000102716 -3.70101e-05 -0)
(0.000115224 -4.43252e-05 -0)
(0.000115943 -4.48485e-05 -0)
(0.00014475 -4.07071e-05 -0)
(1.26571e-05 -5.72965e-05 -0)
(3.4488e-05 -4.56463e-05 -0)
(4.67949e-05 -3.81912e-05 -0)
(5.3282e-05 -3.08389e-05 -0)
(5.67676e-05 -2.40267e-05 -0)
(5.88419e-05 -1.82354e-05 -0)
(6.03268e-05 -1.35209e-05 -0)
(6.16523e-05 -9.77441e-06 -0)
(6.30402e-05 -6.87313e-06 -0)
(6.45432e-05 -4.739e-06 -0)
(6.62274e-05 -3.31871e-06 -0)
(6.79848e-05 -2.57473e-06 -0)
(6.98834e-05 -2.46893e-06 -0)
(7.17102e-05 -2.98722e-06 -0)
(7.36327e-05 -4.09274e-06 -0)
(7.52284e-05 -5.75122e-06 -0)
(7.68105e-05 -7.85876e-06 -0)
(7.77192e-05 -1.02536e-05 -0)
(7.89619e-05 -1.286e-05 -0)
(7.92373e-05 -1.54776e-05 -0)
(8.09895e-05 -1.84483e-05 -0)
(8.09219e-05 -2.11941e-05 -0)
(8.45768e-05 -2.4999e-05 -0)
(8.40276e-05 -2.77295e-05 -0)
(9.08089e-05 -3.30148e-05 -0)
(9.00046e-05 -3.54624e-05 -0)
(9.8245e-05 -4.23625e-05 -0)
(0.000103915 -4.79605e-05 -0)
(0.00010391 -5.22343e-05 -0)
(0.000195238 -8.39568e-05 -0)
(8.88591e-05 -8.12637e-05 -0)
(8.02569e-05 -6.48178e-05 -0)
(7.32959e-05 -4.69732e-05 -0)
(6.78463e-05 -3.37725e-05 -0)
(6.40649e-05 -2.46835e-05 -0)
(6.17412e-05 -1.8288e-05 -0)
(6.05515e-05 -1.36373e-05 -0)
(6.01985e-05 -1.01824e-05 -0)
(6.04325e-05 -7.61705e-06 -0)
(6.11098e-05 -5.78073e-06 -0)
(6.20342e-05 -4.57698e-06 -0)
(6.31675e-05 -3.95795e-06 -0)
(6.42977e-05 -3.87991e-06 -0)
(6.55021e-05 -4.32725e-06 -0)
(6.64781e-05 -5.24999e-06 -0)
(6.7485e-05 -6.63418e-06 -0)
(6.80754e-05 -8.38933e-06 -0)
(6.89144e-05 -1.05476e-05 -0)
(6.93694e-05 -1.2957e-05 -0)
(7.07007e-05 -1.58394e-05 -0)
(7.1787e-05 -1.89075e-05 -0)
(7.41975e-05 -2.2652e-05 -0)
(7.66498e-05 -2.65433e-05 -0)
(7.91861e-05 -3.09049e-05 -0)
(8.49672e-05 -3.64071e-05 -0)
(8.34907e-05 -3.95387e-05 -0)
(0.000100017 -5.09137e-05 -0)
(8.61341e-05 -5.10011e-05 -0)
(0.000126474 -0.00010912 -0)
(7.6334e-05 -0.000241563 -0)
(7.99569e-05 -5.12136e-05 -0)
(6.43072e-05 -3.90769e-05 -0)
(5.61885e-05 -3.00399e-05 -0)
(5.30766e-05 -2.35866e-05 -0)
(5.24498e-05 -1.88193e-05 -0)
(5.28858e-05 -1.51051e-05 -0)
(5.37923e-05 -1.21129e-05 -0)
(5.48655e-05 -9.68087e-06 -0)
(5.60478e-05 -7.75932e-06 -0)
(5.72309e-05 -6.31479e-06 -0)
(5.84616e-05 -5.3463e-06 -0)
(5.9631e-05 -4.83696e-06 -0)
(6.08307e-05 -4.79338e-06 -0)
(6.19114e-05 -5.19768e-06 -0)
(6.30334e-05 -6.06728e-06 -0)
(6.40148e-05 -7.38086e-06 -0)
(6.51434e-05 -9.19506e-06 -0)
(6.6237e-05 -1.14794e-05 -0)
(6.7624e-05 -1.43231e-05 -0)
(6.92363e-05 -1.76418e-05 -0)
(7.07972e-05 -2.13952e-05 -0)
(7.3291e-05 -2.56771e-05 -0)
(7.39211e-05 -2.96558e-05 -0)
(7.83099e-05 -3.52714e-05 -0)
(7.62431e-05 -3.83717e-05 -0)
(8.42318e-05 -4.73479e-05 -0)
(7.84552e-05 -5.02606e-05 -0)
(8.46523e-05 -6.67304e-05 -0)
(6.90385e-05 -6.86238e-05 -0)
(8.21719e-06 -2.06443e-05 -0)
(8.53461e-05 -4.07391e-05 -0)
(7.88934e-05 -3.81815e-05 -0)
(7.52557e-05 -3.37877e-05 -0)
(7.31393e-05 -2.84858e-05 -0)
(7.18052e-05 -2.33277e-05 -0)
(7.08571e-05 -1.88183e-05 -0)
(7.01713e-05 -1.50798e-05 -0)
(6.96872e-05 -1.2078e-05 -0)
(6.94086e-05 -9.74987e-06 -0)
(6.9273e-05 -8.03238e-06 -0)
(6.92798e-05 -6.87452e-06 -0)
(6.93196e-05 -6.24183e-06 -0)
(6.94167e-05 -6.10456e-06 -0)
(6.94046e-05 -6.45603e-06 -0)
(6.94119e-05 -7.28885e-06 -0)
(6.91564e-05 -8.61822e-06 -0)
(6.90344e-05 -1.04704e-05 -0)
(6.84193e-05 -1.28076e-05 -0)
(6.83464e-05 -1.57257e-05 -0)
(6.72543e-05 -1.88671e-05 -0)
(6.77401e-05 -2.2756e-05 -0)
(6.62184e-05 -2.61645e-05 -0)
(6.82134e-05 -3.11514e-05 -0)
(6.68328e-05 -3.46042e-05 -0)
(6.98029e-05 -4.08275e-05 -0)
(6.83773e-05 -4.47866e-05 -0)
(6.64774e-05 -4.97693e-05 -0)
(5.52272e-05 -4.9477e-05 -0)
(2.97177e-05 -4.1257e-05 -0)
(1.09232e-05 -5.01908e-05 -0)
(8.73477e-05 -3.21194e-05 -0)
(7.98934e-05 -3.0005e-05 -0)
(7.33461e-05 -2.63466e-05 -0)
(6.817e-05 -2.2098e-05 -0)
(6.43854e-05 -1.80638e-05 -0)
(6.17255e-05 -1.45995e-05 -0)
(5.99017e-05 -1.1776e-05 -0)
(5.86842e-05 -9.54398e-06 -0)
(5.78776e-05 -7.82674e-06 -0)
(5.73966e-05 -6.56882e-06 -0)
(5.70648e-05 -5.71538e-06 -0)
(5.69287e-05 -5.25632e-06 -0)
(5.6735e-05 -5.15599e-06 -0)
(5.67235e-05 -5.45403e-06 -0)
(5.64552e-05 -6.11601e-06 -0)
(5.64964e-05 -7.25952e-06 -0)
(5.60685e-05 -8.80309e-06 -0)
(5.62433e-05 -1.09991e-05 -0)
(5.57909e-05 -1.35973e-05 -0)
(5.63829e-05 -1.70842e-05 -0)
(5.65725e-05 -2.09311e-05 -0)
(5.78519e-05 -2.57333e-05 -0)
(5.94283e-05 -3.08946e-05 -0)
(6.04233e-05 -3.59173e-05 -0)
(6.10551e-05 -4.07128e-05 -0)
(5.96444e-05 -4.36241e-05 -0)
(4.96716e-05 -3.98707e-05 -0)
(3.62179e-05 -3.36611e-05 -0)
(2.11067e-05 -2.46403e-05 -0)
(4.0367e-06 -1.05164e-05 -0)
(8.8057e-05 -2.50401e-05 -0)
(8.2004e-05 -2.38268e-05 -0)
(7.6905e-05 -2.18376e-05 -0)
(7.29848e-05 -1.93118e-05 -0)
(7.01743e-05 -1.6603e-05 -0)
(6.81951e-05 -1.39968e-05 -0)
(6.68408e-05 -1.16835e-05 -0)
(6.58802e-05 -9.73285e-06 -0)
(6.52169e-05 -8.1727e-06 -0)
(6.47339e-05 -6.9921e-06 -0)
(6.43722e-05 -6.18524e-06 -0)
(6.41093e-05 -5.74657e-06 -0)
(6.38243e-05 -5.67632e-06 -0)
(6.36363e-05 -6.00328e-06 -0)
(6.32447e-05 -6.73627e-06 -0)
(6.303e-05 -7.96949e-06 -0)
(6.23364e-05 -9.68652e-06 -0)
(6.20128e-05 -1.2113e-05 -0)
(6.08645e-05 -1.50757e-05 -0)
(6.04013e-05 -1.90254e-05 -0)
(5.89736e-05 -2.32939e-05 -0)
(5.80101e-05 -2.83083e-05 -0)
(5.72742e-05 -3.32303e-05 -0)
(5.39636e-05 -3.61674e-05 -0)
(5.43766e-05 -4.01213e-05 -0)
(4.60156e-05 -3.53452e-05 -0)
(3.42444e-05 -2.77647e-05 -0)
(2.49942e-05 -2.19072e-05 -0)
(1.18037e-05 -1.23371e-05 -0)
(4.45859e-06 -6.31781e-06 -0)
(8.86109e-05 -1.92675e-05 -0)
(8.35097e-05 -1.8547e-05 -0)
(7.88691e-05 -1.72955e-05 -0)
(7.4843e-05 -1.55872e-05 -0)
(7.15112e-05 -1.36241e-05 -0)
(6.88115e-05 -1.16307e-05 -0)
(6.66755e-05 -9.79249e-06 -0)
(6.4967e-05 -8.20638e-06 -0)
(6.36067e-05 -6.92217e-06 -0)
(6.24973e-05 -5.94355e-06 -0)
(6.15521e-05 -5.27238e-06 -0)
(6.07554e-05 -4.90106e-06 -0)
(5.99297e-05 -4.83211e-06 -0)
(5.92237e-05 -5.08081e-06 -0)
(5.82081e-05 -5.65392e-06 -0)
(5.73989e-05 -6.62545e-06 -0)
(5.58069e-05 -7.9687e-06 -0)
(5.47774e-05 -9.9316e-06 -0)
(5.21806e-05 -1.22614e-05 -0)
(5.11388e-05 -1.5724e-05 -0)
(4.73991e-05 -1.90479e-05 -0)
(4.72145e-05 -2.44586e-05 -0)
(4.36623e-05 -2.7978e-05 -0)
(4.32763e-05 -3.27856e-05 -0)
(4.29513e-05 -3.46795e-05 -0)
(3.14869e-05 -2.47142e-05 -0)
(2.26783e-05 -1.75877e-05 -0)
(1.38231e-05 -1.24636e-05 -0)
(1.00201e-06 -5.86758e-07 -0)
(9.97941e-08 -1.11843e-07 -0)
(8.89739e-05 -1.43177e-05 -0)
(8.44537e-05 -1.38692e-05 -0)
(8.02218e-05 -1.30726e-05 -0)
(7.63947e-05 -1.19613e-05 -0)
(7.3114e-05 -1.06445e-05 -0)
(7.03406e-05 -9.24919e-06 -0)
(6.81051e-05 -7.91482e-06 -0)
(6.62389e-05 -6.72108e-06 -0)
(6.47705e-05 -5.73691e-06 -0)
(6.34835e-05 -4.96964e-06 -0)
(6.24632e-05 -4.44864e-06 -0)
(6.14622e-05 -4.15398e-06 -0)
(6.06128e-05 -4.1199e-06 -0)
(5.96474e-05 -4.3236e-06 -0)
(5.86906e-05 -4.8312e-06 -0)
(5.7533e-05 -5.63129e-06 -0)
(5.61369e-05 -6.8496e-06 -0)
(5.46219e-05 -8.53747e-06 -0)
(5.23334e-05 -1.08611e-05 -0)
(5.05602e-05 -1.41434e-05 -0)
(4.67417e-05 -1.8024e-05 -0)
(4.57241e-05 -2.39949e-05 -0)
(3.95174e-05 -2.74468e-05 -0)
(3.98612e-05 -3.38376e-05 -0)
(3.39203e-05 -2.99012e-05 -0)
(1.87823e-05 -1.57818e-05 -0)
(1.41526e-05 -7.28151e-06 -0)
(1.27742e-07 -8.02859e-08 -0)
(1.14876e-07 -9.96728e-08 -0)
(3.04602e-08 -1.73818e-07 -0)
(8.91995e-05 -9.90054e-06 -0)
(8.50669e-05 -9.62779e-06 -0)
(8.11315e-05 -9.13465e-06 -0)
(7.74854e-05 -8.44048e-06 -0)
(7.42404e-05 -7.59991e-06 -0)
(7.13966e-05 -6.68502e-06 -0)
(6.90016e-05 -5.78257e-06 -0)
(6.6942e-05 -4.95518e-06 -0)
(6.52568e-05 -4.25861e-06 -0)
(6.37502e-05 -3.70911e-06 -0)
(6.25221e-05 -3.33297e-06 -0)
(6.12864e-05 -3.11867e-06 -0)
(6.02532e-05 -3.09508e-06 -0)
(5.89976e-05 -3.23971e-06 -0)
(5.78912e-05 -3.6156e-06 -0)
(5.62981e-05 -4.18966e-06 -0)
(5.4803e-05 -5.10824e-06 -0)
(5.24857e-05 -6.31418e-06 -0)
(5.0112e-05 -8.13449e-06 -0)
(4.65982e-05 -1.04562e-05 -0)
(4.24202e-05 -1.3788e-05 -0)
(3.78227e-05 -1.79414e-05 -0)
(3.02714e-05 -2.11964e-05 -0)
(2.94419e-05 -2.77392e-05 -0)
(1.64875e-05 -1.76117e-05 -0)
(2.60696e-06 -2.16933e-06 -0)
(1.48276e-07 -8.48685e-08 -0)
(8.70644e-08 -7.18843e-08 -0)
(7.44444e-08 -1.10673e-07 -0)
(2.5673e-08 -1.17673e-07 -0)
(8.93346e-05 -5.81809e-06 -0)
(8.54338e-05 -5.67041e-06 -0)
(8.16891e-05 -5.40066e-06 -0)
(7.81651e-05 -5.01887e-06 -0)
(7.49682e-05 -4.55212e-06 -0)
(7.20975e-05 -4.03612e-06 -0)
(6.96273e-05 -3.51769e-06 -0)
(6.74547e-05 -3.03413e-06 -0)
(6.56512e-05 -2.62104e-06 -0)
(6.40087e-05 -2.29219e-06 -0)
(6.26667e-05 -2.06533e-06 -0)
(6.1286e-05 -1.93601e-06 -0)
(6.01594e-05 -1.92182e-06 -0)
(5.87312e-05 -2.01041e-06 -0)
(5.75665e-05 -2.2419e-06 -0)
(5.57229e-05 -2.59346e-06 -0)
(5.42342e-05 -3.16641e-06 -0)
(5.14637e-05 -3.89968e-06 -0)
(4.92419e-05 -5.06721e-06 -0)
(4.47299e-05 -6.47508e-06 -0)
(4.10524e-05 -8.94884e-06 -0)
(3.37318e-05 -1.16893e-05 -0)
(2.75413e-05 -1.66149e-05 -0)
(1.97702e-05 -2.02804e-05 -0)
(3.11618e-06 -5.44942e-06 -0)
(1.38221e-07 -5.87639e-08 -0)
(1.82831e-07 -8.68138e-08 -0)
(1.11748e-07 -6.07952e-08 -0)
(6.9088e-08 -6.54068e-08 -0)
(2.34603e-08 -6.85399e-08 -0)
(8.9396e-05 -1.91971e-06 -0)
(8.56084e-05 -1.87301e-06 -0)
(8.1951e-05 -1.78691e-06 -0)
(7.84953e-05 -1.66519e-06 -0)
(7.53199e-05 -1.51534e-06 -0)
(7.24515e-05 -1.34909e-06 -0)
(6.99362e-05 -1.17997e-06 -0)
(6.7725e-05 -1.02155e-06 -0)
(6.58425e-05 -8.84374e-07 -0)
(6.41554e-05 -7.75526e-07 -0)
(6.27218e-05 -6.99061e-07 -0)
(6.13065e-05 -6.56591e-07 -0)
(6.0078e-05 -6.50771e-07 -0)
(5.86271e-05 -6.81941e-07 -0)
(5.73423e-05 -7.58226e-07 -0)
(5.54777e-05 -8.79252e-07 -0)
(5.38362e-05 -1.06951e-06 -0)
(5.10141e-05 -1.32051e-06 -0)
(4.86051e-05 -1.7088e-06 -0)
(4.38904e-05 -2.19025e-06 -0)
(4.00143e-05 -3.0649e-06 -0)
(3.13992e-05 -4.088e-06 -0)
(2.46139e-05 -6.58717e-06 -0)
(7.80904e-06 -5.4458e-06 -0)
(6.8744e-08 -2.8896e-08 -0)
(1.55286e-07 1.57135e-08 -0)
(1.46966e-07 -1.83432e-08 -0)
(1.08471e-07 -2.01517e-08 -0)
(6.66997e-08 -2.16196e-08 -0)
(2.25399e-08 -2.25399e-08 -0)
)
;

boundaryField
{
    inlet1
    {
        type            extrapolatedCalculated;
        value           nonuniform List<vector> 10((1e-05 6.92019e-06 -0) (1e-05 2.44098e-05 -0) (1e-05 4.38647e-05 -0) (1e-05 5.86405e-05 -0) (1e-05 6.74791e-05 -0) (1e-05 7.17625e-05 -0) (1e-05 7.39157e-05 -0) (1e-05 7.10028e-05 -0) (1e-05 6.12164e-05 -0) (1e-05 4.73918e-05 -0));
    }
    inlet2
    {
        type            extrapolatedCalculated;
        value           nonuniform List<vector> 10((-0 6.57858e-05 -0) (-0 2.10995e-05 -0) (-0 2.0006e-06 -0) (-0 -1.04024e-05 -0) (-0 -1.02658e-05 -0) (-0 -2.00122e-05 -0) (-0 -2.34443e-05 -0) (-0 -3.34459e-05 -0) (-0 -4.21364e-05 -0) (-0 -5.72965e-05 -0));
    }
    inlet3
    {
        type            extrapolatedCalculated;
        value           nonuniform List<vector> 10((9.13394e-05 -6.99779e-05 -0) (9.13394e-05 -5.40959e-05 -0) (9.13394e-05 -4.1529e-05 -0) (9.13394e-05 -3.24099e-05 -0) (9.13394e-05 -2.52375e-05 -0) (9.13394e-05 -1.93759e-05 -0) (9.13394e-05 -1.43756e-05 -0) (9.13394e-05 -9.93122e-06 -0) (9.13394e-05 -5.83283e-06 -0) (9.13394e-05 -1.92411e-06 -0));
    }
    output1
    {
        type            extrapolatedCalculated;
        value           nonuniform List<vector> 10((-0 8.17996e-09 -0) (-0 2.47972e-08 -0) (-0 4.22218e-08 -0) (-0 6.11215e-08 -0) (-0 8.24097e-08 -0) (-0 1.07485e-07 -0) (-0 1.38747e-07 -0) (-0 1.80855e-07 -0) (-0 2.44196e-07 -0) (-0 3.55618e-07 -0));
    }
    output2
    {
        type            extrapolatedCalculated;
        value           nonuniform List<vector> 10((6.35632e-07 2.7755e-07 -0) (3.81923e-07 9.21802e-08 -0) (2.57598e-07 2.79264e-08 -0) (6.25608e-05 -2.4125e-07 -0) (0.000101047 -1.48913e-06 -0) (0.000117329 -3.54231e-06 -0) (0.000137914 -8.16594e-06 -0) (0.000152681 -1.85949e-05 -0) (0.00016393 -4.07071e-05 -0) (0.000276656 -8.39568e-05 -0));
    }
    output3
    {
        type            extrapolatedCalculated;
        value           nonuniform List<vector> 10((-0 -0.000241563 -0) (-0 -2.06443e-05 -0) (-0 -5.01908e-05 -0) (-0 -1.05164e-05 -0) (-0 -6.31781e-06 -0) (-0 -1.11843e-07 -0) (-0 -1.73818e-07 -0) (-0 -1.17673e-07 -0) (-0 -6.85399e-08 -0) (-0 -2.25399e-08 -0));
    }
    up
    {
        type            extrapolatedCalculated;
        value           nonuniform List<vector> 
30
(
(8.9396e-05 -0 -0)
(8.56084e-05 -0 -0)
(8.1951e-05 -0 -0)
(7.84953e-05 -0 -0)
(7.53199e-05 -0 -0)
(7.24515e-05 -0 -0)
(6.99362e-05 -0 -0)
(6.7725e-05 -0 -0)
(6.58425e-05 -0 -0)
(6.41554e-05 -0 -0)
(6.27218e-05 -0 -0)
(6.13065e-05 -0 -0)
(6.0078e-05 -0 -0)
(5.86271e-05 -0 -0)
(5.73423e-05 -0 -0)
(5.54777e-05 -0 -0)
(5.38362e-05 -0 -0)
(5.10141e-05 -0 -0)
(4.86051e-05 -0 -0)
(4.38904e-05 -0 -0)
(4.00143e-05 -0 -0)
(3.13992e-05 -0 -0)
(2.46139e-05 -0 -0)
(7.80904e-06 -0 -0)
(6.8744e-08 -0 -0)
(1.55286e-07 -0 -0)
(1.46966e-07 -0 -0)
(1.08471e-07 -0 -0)
(6.66997e-08 -0 -0)
(2.25399e-08 -0 -0)
)
;
    }
    down
    {
        type            extrapolatedCalculated;
        value           nonuniform List<vector> 
30
(
(6.39286e-06 -0 -0)
(3.2215e-07 -0 -0)
(3.98969e-07 -0 -0)
(1.67985e-07 -0 -0)
(6.48912e-08 -0 -0)
(1.32577e-07 -0 -0)
(1.2459e-07 -0 -0)
(1.21529e-07 -0 -0)
(1.19847e-07 -0 -0)
(1.19114e-07 -0 -0)
(1.19018e-07 -0 -0)
(1.19304e-07 -0 -0)
(1.19749e-07 -0 -0)
(1.20158e-07 -0 -0)
(1.20348e-07 -0 -0)
(1.20153e-07 -0 -0)
(1.19419e-07 -0 -0)
(1.18002e-07 -0 -0)
(1.15767e-07 -0 -0)
(1.12585e-07 -0 -0)
(1.08328e-07 -0 -0)
(1.02865e-07 -0 -0)
(9.60733e-08 -0 -0)
(8.78392e-08 -0 -0)
(7.80768e-08 -0 -0)
(6.67482e-08 -0 -0)
(5.38915e-08 -0 -0)
(3.96486e-08 -0 -0)
(2.42829e-08 -0 -0)
(8.18017e-09 -0 -0)
)
;
    }
    emptyWalls
    {
        type            empty;
    }
}


// ************************************************************************* //
