/*--------------------------------*- C++ -*----------------------------------*\
  =========                 |
  \\      /  F ield         | OpenFOAM: The Open Source CFD Toolbox
   \\    /   O peration     | Website:  https://openfoam.org
    \\  /    A nd           | Version:  9
     \\/     M anipulation  |
\*---------------------------------------------------------------------------*/
FoamFile
{
    format      ascii;
    class       volVectorField;
    location    "11000";
    object      ut;
}
// * * * * * * * * * * * * * * * * * * * * * * * * * * * * * * * * * * * * * //

dimensions      [0 1 -1 0 0 0 0];

internalField   nonuniform List<vector> 
100
(
(9.99993e-06 -0 -0)
(9.99739e-06 -0 -0)
(9.99279e-06 -0 -0)
(9.98649e-06 -0 -0)
(9.9792e-06 -0 -0)
(9.9717e-06 -0 -0)
(9.9649e-06 -0 -0)
(9.9597e-06 -0 -0)
(9.95669e-06 -0 -0)
(9.95622e-06 -0 -0)
(9.95805e-06 -0 -0)
(9.96168e-06 -0 -0)
(9.96641e-06 -0 -0)
(9.97157e-06 -0 -0)
(9.97664e-06 -0 -0)
(9.98121e-06 -0 -0)
(9.98516e-06 -0 -0)
(9.98838e-06 -0 -0)
(9.99098e-06 -0 -0)
(9.99301e-06 -0 -0)
(9.99455e-06 -0 -0)
(9.99574e-06 -0 -0)
(9.99659e-06 -0 -0)
(9.99727e-06 -0 -0)
(9.99773e-06 -0 -0)
(9.99812e-06 -0 -0)
(9.99838e-06 -0 -0)
(9.99858e-06 -0 -0)
(9.99876e-06 -0 -0)
(9.99886e-06 -0 -0)
(9.999e-06 -0 -0)
(9.99902e-06 -0 -0)
(9.99915e-06 -0 -0)
(9.99916e-06 -0 -0)
(9.99925e-06 -0 -0)
(9.99929e-06 -0 -0)
(9.99929e-06 -0 -0)
(9.9994e-06 -0 -0)
(9.99932e-06 -0 -0)
(9.99951e-06 -0 -0)
(9.99937e-06 -0 -0)
(9.99956e-06 -0 -0)
(9.99947e-06 -0 -0)
(9.99954e-06 -0 -0)
(9.99963e-06 -0 -0)
(9.99947e-06 -0 -0)
(9.99981e-06 -0 -0)
(9.99939e-06 -0 -0)
(9.99994e-06 -0 -0)
(9.99943e-06 -0 -0)
(9.99991e-06 -0 -0)
(9.99966e-06 -0 -0)
(9.99965e-06 -0 -0)
(1.00001e-05 -0 -0)
(9.99921e-06 -0 -0)
(1.00007e-05 -0 -0)
(9.99881e-06 -0 -0)
(1.0001e-05 -0 -0)
(9.9989e-06 -0 -0)
(1.00007e-05 -0 -0)
(9.99996e-06 -0 -0)
(9.99921e-06 -0 -0)
(1.00022e-05 -0 -0)
(9.99682e-06 -0 -0)
(1.00049e-05 -0 -0)
(9.99464e-06 -0 -0)
(1.00065e-05 -0 -0)
(9.99508e-06 -0 -0)
(1.00041e-05 -0 -0)
(1.00012e-05 -0 -0)
(9.99493e-06 -0 -0)
(1.0015e-05 -0 -0)
(9.97894e-06 -0 -0)
(1.00339e-05 -0 -0)
(9.96259e-06 -0 -0)
(1.00472e-05 -0 -0)
(9.96265e-06 -0 -0)
(1.00331e-05 -0 -0)
(1.00068e-05 -0 -0)
(9.96271e-06 -0 -0)
(1.01256e-05 -0 -0)
(9.81547e-06 -0 -0)
(1.03321e-05 -0 -0)
(9.61206e-06 -0 -0)
(1.05965e-05 -0 -0)
(9.48078e-06 -0 -0)
(1.08031e-05 -0 -0)
(9.96341e-06 -0 -0)
(1.04425e-05 -0 -0)
(1.37184e-05 -0 -0)
(4.69461e-06 -0 -0)
(1.03853e-05 -0 -0)
(1e-05 -0 -0)
(1e-05 -0 -0)
(1e-05 -0 -0)
(1e-05 -0 -0)
(1e-05 -0 -0)
(1e-05 -0 -0)
(1e-05 -0 -0)
(1e-05 -0 -0)
)
;

boundaryField
{
    left
    {
        type            extrapolatedCalculated;
        value           uniform (1e-05 -0 -0);
    }
    right
    {
        type            extrapolatedCalculated;
        value           uniform (1e-05 -0 -0);
    }
    emptyFaces1D
    {
        type            empty;
    }
}


// ************************************************************************* //
