/*--------------------------------*- C++ -*----------------------------------*\
  =========                 |
  \\      /  F ield         | OpenFOAM: The Open Source CFD Toolbox
   \\    /   O peration     | Website:  https://openfoam.org
    \\  /    A nd           | Version:  9
     \\/     M anipulation  |
\*---------------------------------------------------------------------------*/
FoamFile
{
    format      ascii;
    class       surfaceScalarField;
    location    "3000";
    object      phi;
}
// * * * * * * * * * * * * * * * * * * * * * * * * * * * * * * * * * * * * * //

dimensions      [0 3 -1 0 0 0 0];

internalField   nonuniform List<scalar> 
1740
(
2.35997e-08
7.12406e-08
1.67683e-08
1.41628e-08
1.06789e-08
1.00658e-08
6.57895e-09
4.46041e-11
9.2447e-09
-4.52645e-11
8.78956e-09
2.62532e-11
8.76042e-09
4.36231e-11
8.72971e-09
3.60768e-11
8.71024e-09
2.01798e-11
8.70453e-09
4.21334e-12
8.71008e-09
-8.03269e-12
8.72212e-09
-1.49354e-11
8.73476e-09
-1.57769e-11
8.74149e-09
-1.01022e-11
8.73521e-09
2.5887e-12
8.70809e-09
2.2989e-11
8.6513e-09
5.206e-11
8.55482e-09
9.10523e-11
8.40715e-09
1.41468e-10
8.19521e-09
2.04973e-10
7.9044e-09
2.83223e-10
7.519e-09
3.77565e-10
7.02303e-09
4.88583e-10
6.40172e-09
6.15459e-10
5.64368e-09
7.55195e-10
4.74379e-09
9.01785e-10
3.70635e-09
1.04564e-09
2.54792e-09
1.17376e-09
1.2985e-09
1.27119e-09
1.32417e-09
2.37369e-08
1.31647e-07
1.57829e-08
2.86547e-08
1.00667e-08
1.8123e-08
6.71526e-09
1.02506e-10
9.25893e-09
4.86341e-12
8.8239e-09
1.06698e-10
8.76201e-09
1.12179e-10
8.71847e-09
8.05171e-11
8.69647e-09
4.04438e-11
8.69326e-09
4.73805e-12
8.70362e-09
-2.136e-11
8.72154e-09
-3.5869e-11
8.7407e-09
-3.79919e-11
8.75453e-09
-2.71366e-11
8.75609e-09
-2.45228e-12
8.73778e-09
3.73891e-11
8.69103e-09
9.42938e-11
8.60605e-09
1.70781e-10
8.47145e-09
2.6994e-10
8.27409e-09
3.95277e-10
7.99897e-09
5.50402e-10
7.62953e-09
7.38471e-10
7.14832e-09
9.61297e-10
6.53839e-09
1.21805e-09
5.78551e-09
1.50356e-09
4.88133e-09
1.80636e-09
3.82736e-09
2.10709e-09
2.63894e-09
2.37826e-09
1.34758e-09
2.5869e-09
2.70131e-09
1.86262e-08
2.10531e-07
1.33264e-08
4.43724e-08
9.25461e-09
2.20266e-08
6.86082e-09
3.89561e-10
9.28193e-09
2.56523e-10
8.85394e-09
2.83511e-10
8.74522e-09
2.17877e-10
8.68566e-09
1.3338e-10
8.66394e-09
5.63644e-11
8.66844e-09
-4.30465e-12
8.68965e-09
-4.6226e-11
8.71979e-09
-6.91386e-11
8.75201e-09
-7.31459e-11
8.7799e-09
-5.79717e-11
8.7969e-09
-2.26287e-11
8.79594e-09
3.47387e-11
8.76905e-09
1.16951e-10
8.70692e-09
2.27838e-10
8.59853e-09
3.72217e-10
8.43068e-09
5.55751e-10
8.18778e-09
7.84569e-10
7.85172e-09
1.06454e-09
7.40225e-09
1.40003e-09
6.81799e-09
1.79189e-09
6.07863e-09
2.23467e-09
5.16867e-09
2.71306e-09
4.08286e-09
3.19815e-09
2.83287e-09
3.64534e-09
1.45282e-09
3.99683e-09
4.19285e-09
1.58448e-08
2.92274e-07
9.82548e-09
6.25075e-08
8.47181e-09
1.44409e-08
7.17592e-09
1.41036e-09
9.30116e-09
8.09146e-10
8.84066e-09
5.52941e-10
8.67929e-09
3.42443e-10
8.61501e-09
1.78781e-10
8.6052e-09
5.59786e-11
8.62694e-09
-3.20473e-11
8.66681e-09
-9.00583e-11
8.71597e-09
-1.21285e-10
8.76771e-09
-1.27474e-10
8.81618e-09
-1.08986e-10
8.85568e-09
-6.4852e-11
8.88007e-09
7.21363e-12
8.88233e-09
1.10891e-10
8.85409e-09
2.51335e-10
8.78503e-09
4.35247e-10
8.66227e-09
6.70826e-10
8.46967e-09
9.67465e-10
8.18728e-09
1.33502e-09
7.79095e-09
1.78235e-09
7.2527e-09
2.31481e-09
6.5424e-09
2.93023e-09
5.63188e-09
3.61309e-09
4.50256e-09
4.32713e-09
3.15684e-09
5.00812e-09
1.63073e-09
5.56216e-09
5.88037e-09
1.50256e-08
3.57311e-07
8.11991e-09
8.50431e-08
8.33717e-09
3.92036e-09
7.36584e-09
2.5573e-09
9.04276e-09
1.35713e-09
8.64841e-09
7.76668e-10
8.51629e-09
4.20193e-10
8.48992e-09
1.83357e-10
8.51494e-09
2.08611e-11
8.56733e-09
-8.97566e-11
8.63471e-09
-1.6064e-10
8.7096e-09
-1.98451e-10
8.78668e-09
-2.06476e-10
8.86147e-09
-1.8565e-10
8.9296e-09
-1.35025e-10
8.98633e-09
-5.19438e-11
9.02612e-09
6.80297e-11
9.04206e-09
2.31308e-10
9.02521e-09
4.46532e-10
8.96364e-09
7.24752e-10
8.84132e-09
1.07938e-09
8.63677e-09
1.52571e-09
8.32161e-09
2.07959e-09
7.8595e-09
2.75484e-09
7.2064e-09
3.55837e-09
6.31388e-09
4.48194e-09
5.13863e-09
5.48916e-09
3.66115e-09
6.49774e-09
1.91319e-09
7.36325e-09
7.88607e-09
2.04316e-08
4.23167e-07
7.9605e-09
1.20395e-07
5.8424e-09
8.78731e-10
7.08959e-09
2.492e-09
8.17259e-09
1.40484e-09
8.20533e-09
7.76416e-10
8.2476e-09
3.78324e-10
8.31346e-09
1.13627e-10
8.39733e-09
-6.61057e-11
8.49277e-09
-1.87173e-10
8.5951e-09
-2.6428e-10
8.70104e-09
-3.05405e-10
8.80796e-09
-3.14348e-10
8.91343e-09
-2.92125e-10
9.01492e-09
-2.37666e-10
9.10954e-09
-1.48008e-10
9.19374e-09
-1.81636e-11
9.2628e-09
1.59292e-10
9.31006e-09
3.94767e-10
9.32572e-09
7.02227e-10
9.29521e-09
1.09961e-09
9.19691e-09
1.6089e-09
8.99926e-09
2.25554e-09
8.65733e-09
3.06662e-09
8.10981e-09
4.06642e-09
7.2786e-09
5.26708e-09
6.07685e-09
6.64974e-09
4.43585e-09
8.13032e-09
2.36082e-09
9.507e-09
1.04146e-08
1.8268e-08
5.13915e-07
7.33848e-09
1.34185e-07
4.64386e-09
4.57535e-10
6.8983e-09
1.53837e-09
7.44245e-09
1.00467e-09
7.75349e-09
5.45839e-10
7.95535e-09
2.03069e-10
8.11902e-09
-4.10545e-11
8.26819e-09
-2.11733e-10
8.41131e-09
-3.28557e-10
8.55189e-09
-4.03921e-10
8.69149e-09
-4.44561e-10
8.83069e-09
-4.53402e-10
8.96938e-09
-4.30848e-10
9.10712e-09
-3.75506e-10
9.24316e-09
-2.84264e-10
9.37646e-09
-1.51982e-10
9.5053e-09
2.92326e-11
9.62648e-09
2.71006e-10
9.734e-09
5.89803e-10
9.81695e-09
1.008e-09
9.85648e-09
1.55481e-09
9.8212e-09
2.26709e-09
9.66074e-09
3.1896e-09
9.29687e-09
4.37351e-09
8.61376e-09
5.87012e-09
7.45423e-09
7.71232e-09
5.64456e-09
9.86677e-09
3.09424e-09
1.21199e-08
1.38508e-08
2.49678e-08
5.74293e-07
7.67507e-09
1.81898e-07
4.50988e-09
5.7285e-10
6.776e-09
7.97227e-10
7.02966e-09
5.30368e-10
7.41095e-09
1.99186e-10
7.70132e-09
-7.08438e-11
7.93912e-09
-2.69199e-10
8.14511e-09
-4.11237e-10
8.33239e-09
-5.1143e-10
8.50963e-09
-5.78316e-10
8.68236e-09
-6.15545e-10
8.85392e-09
-6.2385e-10
9.02632e-09
-6.02363e-10
9.20102e-09
-5.49245e-10
9.37951e-09
-4.61573e-10
9.56362e-09
-3.34753e-10
9.75543e-09
-1.61391e-10
9.95657e-09
7.02518e-11
1.01669e-08
3.78054e-10
1.03822e-08
7.87838e-10
1.05909e-08
1.33526e-09
1.07683e-08
2.06834e-09
1.08674e-08
3.05106e-09
1.08031e-08
4.36782e-09
1.04253e-08
6.12754e-09
9.48175e-09
8.46271e-09
7.59397e-09
1.15046e-08
4.37163e-09
1.52552e-08
1.90178e-08
1.19406e-08
6.55455e-07
7.22191e-09
1.93023e-07
4.78447e-09
1.6582e-09
6.62449e-09
6.2162e-10
6.79117e-09
1.20455e-10
7.15937e-09
-2.08635e-10
7.49992e-09
-4.16457e-10
7.79105e-09
-5.53701e-10
8.04073e-09
-6.52618e-10
8.2635e-09
-7.27649e-10
8.47188e-09
-7.82383e-10
8.67441e-09
-8.1547e-10
8.87634e-09
-8.2409e-10
9.08097e-09
-8.05535e-10
9.29113e-09
-7.57568e-10
9.51021e-09
-6.78071e-10
9.74306e-09
-5.64098e-10
9.99623e-09
-4.10293e-10
1.02775e-08
-2.06615e-10
1.05948e-08
6.4388e-11
1.09541e-08
4.30057e-10
1.13564e-08
9.29979e-10
1.17934e-08
1.61985e-09
1.22376e-08
2.57843e-09
1.26229e-08
3.91923e-09
1.28025e-08
5.80966e-09
1.24536e-08
8.50644e-09
1.0878e-08
1.2434e-08
6.79827e-09
1.83785e-08
2.79474e-08
-2.46534e-08
7.58867e-07
1.30745e-09
8.64483e-08
4.73336e-09
2.50852e-09
6.2309e-09
2.31428e-10
6.48168e-09
-4.61544e-10
6.93547e-09
-7.37749e-10
7.34797e-09
-8.32687e-10
7.68447e-09
-8.76569e-10
7.96326e-09
-9.17916e-10
8.209e-09
-9.6419e-10
8.43999e-09
-1.00812e-09
8.66709e-09
-1.03987e-09
8.89605e-09
-1.05153e-09
9.13012e-09
-1.03816e-09
9.37229e-09
-9.97486e-10
9.62713e-09
-9.29107e-10
9.90221e-09
-8.33302e-10
1.02089e-08
-7.09055e-10
1.05625e-08
-5.50768e-10
1.09808e-08
-3.43926e-10
1.14828e-08
-6.20314e-11
1.20872e-08
3.34657e-10
1.28113e-08
9.02577e-10
1.36666e-08
1.72366e-09
1.46485e-08
2.92117e-09
1.57085e-08
4.68554e-09
1.6652e-08
7.31942e-09
1.66662e-08
1.13463e-08
1.19433e-08
1.78774e-08
2.99689e-08
1.2131e-08
7.41105e-07
9.59115e-09
8.25088e-08
3.36058e-09
2.24316e-08
4.73255e-09
-2.43442e-10
5.97198e-09
-1.76365e-09
6.75287e-09
-1.44817e-09
7.27205e-09
-1.30001e-09
7.6356e-09
-1.202e-09
7.91886e-09
-1.17831e-09
8.16929e-09
-1.20309e-09
8.41199e-09
-1.24603e-09
8.65791e-09
-1.28437e-09
8.91066e-09
-1.30403e-09
9.17116e-09
-1.29816e-09
9.44079e-09
-1.26519e-09
9.72384e-09
-1.20763e-09
1.00297e-08
-1.13096e-09
1.03749e-08
-1.04184e-09
1.07829e-08
-9.43466e-10
1.12831e-08
-8.27344e-10
1.19089e-08
-6.69036e-10
1.26983e-08
-4.31969e-10
1.36982e-08
-6.78522e-11
1.49691e-08
4.92571e-10
1.6596e-08
1.35629e-09
1.87309e-08
2.69179e-09
2.17797e-08
4.73929e-09
2.71913e-08
7.75423e-09
4.07856e-08
1.18156e-08
1.66833e-08
8.06919e-08
6.59607e-07
5.96434e-08
1.48807e-07
2.95297e-08
5.88721e-08
3.83951e-09
2.37159e-08
5.96055e-09
-1.86399e-09
6.832e-09
-2.32572e-09
7.35179e-09
-1.71723e-09
7.66707e-09
-1.45313e-09
7.90731e-09
-1.39024e-09
8.13733e-09
-1.42382e-09
8.38078e-09
-1.48857e-09
8.64189e-09
-1.54755e-09
8.91748e-09
-1.58216e-09
9.20304e-09
-1.58534e-09
9.49587e-09
-1.55755e-09
9.79774e-09
-1.50532e-09
1.01181e-08
-1.44108e-09
1.0478e-08
-1.38386e-09
1.0911e-08
-1.35398e-09
1.14599e-08
-1.35307e-09
1.21712e-08
-1.35495e-09
1.3099e-08
-1.32568e-09
1.43142e-08
-1.23456e-09
1.59155e-08
-1.04184e-09
1.80355e-08
-6.80523e-10
2.08391e-08
-1.41648e-11
2.45446e-08
1.19165e-09
2.95335e-08
3.1157e-09
3.60691e-08
4.94742e-09
4.49035e-09
7.38818e-08
5.75395e-07
6.61477e-08
1.61981e-07
5.02656e-08
8.52073e-08
2.0863e-08
7.19323e-08
5.09861e-09
1.23449e-09
7.56611e-09
-2.77187e-09
7.6361e-09
-1.79083e-09
7.77361e-09
-1.50306e-09
7.906e-09
-1.50571e-09
8.09197e-09
-1.6134e-09
8.33191e-09
-1.73689e-09
8.61131e-09
-1.83517e-09
8.91428e-09
-1.89179e-09
9.22762e-09
-1.90355e-09
9.54196e-09
-1.87441e-09
9.85325e-09
-1.81505e-09
1.01671e-08
-1.74418e-09
1.05078e-08
-1.69859e-09
1.09233e-08
-1.73569e-09
1.14739e-08
-1.87613e-09
1.2217e-08
-2.07205e-09
1.32123e-08
-2.28125e-09
1.4544e-08
-2.5029e-09
1.63434e-08
-2.74498e-09
1.87912e-08
-3.02252e-09
2.20456e-08
-3.25961e-09
2.60259e-08
-3.07418e-09
3.03292e-08
-1.43065e-09
3.42314e-08
3.6776e-10
8.21483e-10
7.72202e-08
4.93707e-07
7.5272e-08
1.67198e-07
6.60666e-08
1.08015e-07
3.57498e-08
1.07216e-07
7.55684e-09
2.00675e-08
7.31408e-09
-1.69926e-09
8.18733e-09
-1.1936e-09
7.88535e-09
-1.26259e-09
7.85115e-09
-1.51616e-09
7.9926e-09
-1.78722e-09
8.24354e-09
-2.01047e-09
8.5571e-09
-2.16455e-09
8.90067e-09
-2.24634e-09
9.25119e-09
-2.26271e-09
9.59118e-09
-2.2215e-09
9.90627e-09
-2.13629e-09
1.01893e-08
-2.02207e-09
1.04629e-08
-1.93076e-09
1.08004e-08
-2.01513e-09
1.12955e-08
-2.35706e-09
1.20108e-08
-2.79914e-09
1.29892e-08
-3.27633e-09
1.43062e-08
-3.80462e-09
1.61229e-08
-4.49437e-09
1.87402e-08
-5.43601e-09
2.25264e-08
-6.92948e-09
2.7184e-08
-8.79885e-09
3.1526e-08
-6.13193e-09
3.45602e-08
-2.86703e-09
-7.50336e-10
1.09319e-07
3.57486e-07
1.13447e-07
1.64441e-07
1.00255e-07
1.33421e-07
5.55191e-08
1.62644e-07
1.34435e-08
5.7319e-08
6.91567e-09
4.48909e-10
8.35546e-09
-5.39792e-11
7.73011e-09
-8.38738e-10
7.62064e-09
-1.51811e-09
7.78374e-09
-2.03034e-09
8.09248e-09
-2.39344e-09
8.47282e-09
-2.63165e-09
8.88009e-09
-2.76513e-09
9.28534e-09
-2.80622e-09
9.66538e-09
-2.7616e-09
9.99141e-09
-2.63819e-09
1.02209e-08
-2.37475e-09
1.03539e-08
-1.72882e-09
1.052e-08
-1.62692e-09
1.08968e-08
-1.98958e-09
1.15414e-08
-2.4494e-09
1.24275e-08
-2.89936e-09
1.35687e-08
-3.43597e-09
1.51018e-08
-4.11921e-09
1.75202e-08
-5.23629e-09
2.21357e-08
-7.19776e-09
2.86574e-08
-1.04597e-08
3.40309e-08
-1.09707e-08
3.68032e-08
-5.17472e-09
-1.78849e-09
1.57263e-07
1.52764e-07
1.97242e-07
1.21819e-07
2.2066e-07
1.30451e-07
1.40917e-07
2.24952e-07
2.5389e-08
2.11961e-07
6.25016e-09
8.1317e-09
7.5894e-09
6.73996e-10
7.08166e-09
-4.07366e-10
7.11757e-09
-1.15816e-09
7.42919e-09
-1.65808e-09
7.86977e-09
-1.97732e-09
8.36157e-09
-2.16349e-09
8.86154e-09
-2.24251e-09
9.34473e-09
-2.24751e-09
9.79357e-09
-2.17981e-09
1.01729e-08
-2.06471e-09
1.03467e-08
-1.89471e-09
1.01791e-08
-3.23183e-09
9.78738e-09
-1.778e-08
9.70679e-09
-2.61941e-08
9.95345e-09
-2.75733e-08
1.05151e-08
-2.83203e-08
1.12574e-08
-2.94998e-08
1.24048e-08
-2.89109e-08
1.39833e-08
-2.18726e-08
1.98563e-08
9.66785e-09
3.12771e-08
5.78506e-08
3.91371e-08
-7.92636e-09
4.09873e-08
-4.25071e-09
-1.68153e-09
1.8615e-07
-4.29158e-08
3.066e-07
7.2153e-09
3.85659e-07
6.44397e-08
4.35072e-07
1.77119e-07
2.28119e-07
3.18497e-07
1.66186e-08
1.53578e-07
6.12693e-09
1.21719e-08
5.67766e-09
-1.43736e-08
5.91887e-09
-2.15359e-08
6.24373e-09
-2.34673e-08
6.48257e-09
-2.14059e-08
6.56266e-09
-1.60408e-08
6.55064e-09
-9.35819e-09
6.52445e-09
-3.79678e-09
6.62867e-09
-2.23201e-09
7.64823e-09
-7.10673e-09
2.48205e-08
-2.99823e-08
1.62232e-07
-1.16137e-07
3.93505e-07
-1.73403e-07
5.95035e-07
-1.80509e-07
7.7406e-07
-1.7301e-07
9.34295e-07
-1.66876e-07
1.1012e-06
-1.61929e-07
1.21928e-06
-1.49816e-07
1.322e-06
-1.10808e-07
1.2734e-06
2.75226e-08
5.94438e-07
2.53927e-07
3.88471e-08
2.4957e-07
3.48985e-08
-1.55653e-07
-4.36069e-08
1.69594e-07
-2.19369e-07
3.23712e-07
-1.34753e-07
4.28437e-07
-4.47218e-08
6.04851e-07
5.34362e-08
7.13553e-07
1.87757e-07
7.11234e-07
1.91918e-07
7.8972e-07
-1.98004e-08
8.77902e-07
-9.51721e-08
9.85512e-07
-1.25026e-07
1.09919e-06
-1.32424e-07
1.20003e-06
-1.20672e-07
1.27212e-06
-9.16766e-08
1.30744e-06
-5.34099e-08
1.31227e-06
-1.94332e-08
1.30964e-06
-7.27724e-09
1.32982e-06
-2.73708e-08
1.40407e-06
-9.5669e-08
1.52281e-06
-2.46508e-07
1.66125e-06
-3.40799e-07
1.82264e-06
-3.69354e-07
2.01132e-06
-3.77116e-07
2.19814e-06
-3.63347e-07
2.37558e-06
-3.26772e-07
2.55257e-06
-3.07288e-07
2.75775e-06
-2.85714e-07
2.98923e-06
-1.32386e-07
3.26637e-06
1.69422e-07
3.97143e-06
-7.78147e-08
4.62762e-06
-9.07354e-07
-1.10491e-07
2.03468e-07
-4.23847e-07
3.81641e-07
-2.93525e-07
5.36524e-07
-1.90519e-07
7.12566e-07
-1.02142e-07
9.42782e-07
-3.97195e-08
1.15832e-06
-5.4043e-08
1.34819e-06
-1.83324e-07
1.5449e-06
-2.77748e-07
1.74834e-06
-3.22242e-07
1.94693e-06
-3.26235e-07
2.12767e-06
-2.98179e-07
2.27592e-06
-2.39001e-07
2.37112e-06
-1.49223e-07
2.41863e-06
-6.00416e-08
2.44037e-06
-2.25803e-08
2.46747e-06
-4.66894e-08
2.49021e-06
-1.2547e-07
2.48915e-06
-2.35945e-07
2.50308e-06
-3.39463e-07
2.56039e-06
-4.192e-07
2.67546e-06
-4.95591e-07
2.76867e-06
-4.8058e-07
2.82289e-06
-3.52268e-07
2.87855e-06
-3.28775e-07
3.13389e-06
-4.52e-07
3.41155e-06
-5.05506e-07
3.93244e-06
-6.69686e-08
4.43644e-06
-5.64801e-07
4.6385e-06
-7.5783e-07
-8.11219e-08
3.28869e-07
-7.06821e-07
5.93885e-07
-5.31101e-07
8.10176e-07
-3.94566e-07
1.03729e-06
-3.1771e-07
1.30553e-06
-3.00108e-07
1.58689e-06
-3.35495e-07
1.83563e-06
-4.2524e-07
2.05453e-06
-4.87893e-07
2.24509e-06
-5.06603e-07
2.40176e-06
-4.76005e-07
2.54362e-06
-4.31906e-07
2.68098e-06
-3.74438e-07
2.77577e-06
-2.46845e-07
2.82083e-06
-9.03153e-08
2.8388e-06
-3.15226e-08
2.83462e-06
-4.01687e-08
2.79018e-06
-8.70035e-08
2.70808e-06
-1.4871e-07
2.6032e-06
-2.30359e-07
2.51949e-06
-3.17554e-07
2.50015e-06
-4.82975e-07
2.46636e-06
-5.28427e-07
2.34272e-06
-2.11692e-07
2.26031e-06
-1.81437e-07
2.23461e-06
-3.64873e-07
2.12498e-06
-3.59713e-07
2.26522e-06
-4.78226e-08
1.2574e-06
-2.40327e-07
4.5607e-08
-1.09474e-08
-3.46536e-08
9.42883e-07
-7.70403e-07
9.90998e-07
-6.1488e-07
1.08802e-06
-5.06838e-07
1.24796e-06
-4.76402e-07
1.43687e-06
-4.96688e-07
1.6465e-06
-5.4394e-07
1.84188e-06
-6.24459e-07
1.98377e-06
-6.25932e-07
2.07046e-06
-5.90715e-07
2.0948e-06
-4.93402e-07
2.10691e-06
-4.22394e-07
2.14266e-06
-4.118e-07
2.16773e-06
-3.04818e-07
2.16898e-06
-6.14571e-08
2.1618e-06
-1.85267e-08
2.13887e-06
-1.74339e-08
2.07742e-06
-3.31702e-08
1.98947e-06
-5.4061e-08
1.83724e-06
-9.02162e-08
1.70316e-06
-1.37439e-07
1.54485e-06
-3.00725e-07
1.38713e-06
-2.74771e-07
1.25503e-06
-5.34806e-08
1.14988e-06
-3.87505e-08
5.85794e-07
-1.08755e-07
2.04355e-08
-2.56636e-09
1.99534e-08
-8.56638e-09
1.65082e-08
-1.15135e-08
1.46395e-08
-1.42442e-08
-3.36066e-08
8.19308e-07
-6.58795e-07
8.17434e-07
-5.94231e-07
9.04403e-07
-5.80671e-07
1.04692e-06
-6.06839e-07
1.20214e-06
-6.47421e-07
1.40061e-06
-7.21147e-07
1.55392e-06
-7.82997e-07
1.60639e-06
-6.68482e-07
1.57754e-06
-5.62876e-07
1.48749e-06
-4.26163e-07
1.37038e-06
-2.51127e-07
1.23098e-06
-2.43201e-07
1.16774e-06
-1.62821e-07
1.1579e-06
-1.51695e-08
1.13649e-06
-4.18136e-09
1.11839e-06
-3.36629e-09
1.08264e-06
-5.60857e-09
1.0424e-06
-8.68989e-09
9.35069e-07
-1.49929e-08
8.58948e-07
-2.50106e-08
4.57944e-07
-8.24635e-08
2.66448e-08
-2.43953e-09
1.30813e-08
-2.33059e-09
1.14769e-08
-3.11765e-09
1.28557e-08
-3.10865e-09
1.51926e-08
-3.42013e-09
1.44007e-08
-9.83665e-09
1.17897e-08
-1.32846e-08
7.83799e-09
-1.53764e-08
-2.13877e-08
8.96543e-07
-6.37981e-07
9.23151e-07
-6.20745e-07
9.94105e-07
-6.59466e-07
1.0696e-06
-6.91521e-07
1.17483e-06
-7.55155e-07
1.31781e-06
-8.57172e-07
1.3165e-06
-8.20971e-07
1.19522e-06
-5.62673e-07
9.96186e-07
-3.68009e-07
8.47744e-07
-1.92622e-07
6.40279e-07
-6.25087e-08
2.18761e-07
-4.27363e-08
8.90496e-09
3.34144e-10
8.78032e-09
-7.30948e-10
8.28388e-09
-7.44696e-10
8.64955e-09
-7.3168e-10
8.93351e-09
-7.36161e-10
8.97258e-09
-7.80649e-10
8.52843e-09
-7.83208e-10
8.25812e-09
-7.24328e-10
9.83513e-09
-1.95727e-11
1.19983e-08
6.21288e-10
1.21188e-08
-2.41439e-09
1.13511e-08
-3.59755e-09
1.14695e-08
-4.15952e-09
1.1702e-08
-5.24264e-09
1.06929e-08
-8.19606e-09
8.41208e-09
-1.07621e-08
4.92266e-09
-1.28743e-08
-1.51803e-08
8.75707e-07
-5.9807e-07
8.65675e-07
-6.00288e-07
8.73529e-07
-6.64765e-07
8.9204e-07
-6.99614e-07
9.79945e-07
-8.22888e-07
1.01529e-06
-8.90522e-07
8.18209e-07
-6.58459e-07
5.77023e-07
-2.72871e-07
2.56693e-07
-1.08195e-07
8.06182e-09
-1.70477e-10
8.74067e-09
-1.92417e-10
9.73914e-09
9.78779e-10
1.08626e-08
1.00604e-09
1.04655e-08
-5.41175e-10
9.90125e-09
-7.4593e-10
9.58442e-09
-8.14397e-10
9.35867e-09
-8.55903e-10
9.1474e-09
-9.06148e-10
8.93591e-09
-9.16012e-10
8.97643e-09
-8.598e-10
9.63699e-09
-4.35582e-10
1.04387e-08
-5.68904e-10
1.05829e-08
-1.95236e-09
1.02718e-08
-3.04401e-09
9.96757e-09
-3.97206e-09
9.45301e-09
-5.16904e-09
8.25697e-09
-6.94289e-09
6.24298e-09
-8.69338e-09
3.44043e-09
-1.01784e-08
-1.1279e-08
8.62883e-07
-5.45301e-07
8.40879e-07
-5.72639e-07
8.12514e-07
-6.39601e-07
8.16028e-07
-6.93774e-07
8.386e-07
-8.47977e-07
6.76931e-07
-7.67472e-07
3.21162e-07
-3.60143e-07
6.18818e-08
-4.43343e-08
8.1138e-09
-7.39096e-10
8.82451e-09
4.80774e-10
9.09403e-09
-7.82778e-12
9.58112e-09
7.40665e-10
1.0019e-08
4.25398e-10
9.97194e-09
-1.44851e-10
9.73494e-09
-4.28399e-10
9.51079e-09
-5.75311e-10
9.31864e-09
-6.63788e-10
9.15374e-09
-7.27532e-10
9.03879e-09
-7.66015e-10
9.06525e-09
-7.8076e-10
9.29709e-09
-7.83368e-10
9.53666e-09
-1.07707e-09
9.50243e-09
-1.82805e-09
9.18569e-09
-2.65597e-09
8.67602e-09
-3.51571e-09
7.88556e-09
-4.51868e-09
6.63899e-09
-5.71317e-09
4.86239e-09
-6.89033e-09
2.59596e-09
-7.86707e-09
-8.47832e-09
8.44709e-07
-4.74953e-07
7.84311e-07
-5.11254e-07
7.12774e-07
-5.663e-07
6.76892e-07
-6.45778e-07
5.81636e-07
-7.55863e-07
2.99708e-07
-5.12814e-07
6.16821e-08
-9.17519e-08
7.89414e-09
-1.90875e-10
9.4481e-09
-1.18027e-10
9.16715e-09
1.17763e-10
9.25226e-09
1.13741e-10
9.47235e-09
2.83424e-10
9.6604e-09
1.71212e-10
9.66827e-09
-7.91867e-11
9.55574e-09
-2.76909e-10
9.4051e-09
-4.11582e-10
9.25137e-09
-5.05376e-10
9.11021e-09
-5.77713e-10
9.00032e-09
-6.41038e-10
8.94861e-09
-7.14158e-10
8.94948e-09
-8.39952e-10
8.90849e-09
-1.12804e-09
8.70444e-09
-1.62686e-09
8.29249e-09
-2.2362e-09
7.66523e-09
-2.91621e-09
6.77426e-09
-3.67691e-09
5.55105e-09
-4.50085e-09
3.97158e-09
-5.28784e-09
2.08094e-09
-5.92136e-09
-6.28892e-09
8.21879e-07
-3.82969e-07
7.26294e-07
-4.1643e-07
6.29821e-07
-4.66807e-07
5.35035e-07
-5.48797e-07
3.41034e-07
-5.70514e-07
1.01014e-07
-2.86237e-07
5.4685e-09
-2.10336e-09
8.31274e-09
7.43687e-11
8.9715e-09
-5.78728e-11
9.16067e-09
1.70806e-11
9.2756e-09
6.16708e-11
9.39564e-09
1.08077e-10
9.48194e-09
5.51737e-11
9.48491e-09
-6.62475e-11
9.4146e-09
-1.88499e-10
9.3025e-09
-2.88755e-10
9.1715e-09
-3.68468e-10
9.03547e-09
-4.369e-10
8.9038e-09
-5.06219e-10
8.77941e-09
-5.95038e-10
8.6436e-09
-7.34264e-10
8.44331e-09
-9.68355e-10
8.11435e-09
-1.31519e-09
7.61463e-09
-1.74581e-09
6.91818e-09
-2.23609e-09
5.99521e-09
-2.77194e-09
4.81936e-09
-3.32554e-09
3.3919e-09
-3.83886e-09
1.75621e-09
-4.24162e-09
-4.46699e-09
7.99292e-07
-2.69711e-07
6.76661e-07
-2.94743e-07
5.48039e-07
-3.37279e-07
3.84018e-07
-3.85375e-07
1.66778e-07
-3.56536e-07
2.71847e-08
-1.42593e-07
6.80331e-09
-1.383e-09
9.10096e-09
-5.03771e-10
9.14926e-09
-1.87916e-10
9.22843e-09
-5.32122e-11
9.29382e-09
7.79201e-12
9.35269e-09
3.20152e-11
9.38675e-09
7.59274e-12
9.37478e-09
-5.2535e-11
9.31522e-09
-1.22091e-10
9.21879e-09
-1.86442e-10
9.09672e-09
-2.42819e-10
8.95637e-09
-2.95237e-10
8.79995e-09
-3.51892e-10
8.62165e-09
-4.25509e-10
8.40218e-09
-5.3374e-10
8.10678e-09
-6.9594e-10
7.695e-09
-9.19757e-10
7.13349e-09
-1.19576e-09
6.39771e-09
-1.51039e-09
5.46905e-09
-1.84926e-09
4.33925e-09
-2.19054e-09
3.02047e-09
-2.50039e-09
1.55205e-09
-2.73917e-09
-2.87033e-09
7.8118e-07
-1.39316e-07
6.38763e-07
-1.53472e-07
4.77664e-07
-1.76766e-07
2.90758e-07
-1.9451e-07
1.12682e-07
-1.71564e-07
1.8652e-08
-5.93726e-08
7.21763e-09
-5.5645e-10
9.4704e-09
-3.09439e-10
9.33259e-09
-1.36781e-10
9.30993e-09
-4.98297e-11
9.31854e-09
-9.36037e-12
9.33448e-09
4.584e-12
9.33759e-09
-4.31298e-12
9.31222e-09
-2.9435e-11
9.25265e-09
-6.09029e-11
9.16069e-09
-9.20923e-11
9.04025e-09
-1.2105e-10
8.89343e-09
-1.49268e-10
8.71798e-09
-1.80639e-10
8.505e-09
-2.21331e-10
8.23666e-09
-2.79214e-10
7.88664e-09
-3.61847e-10
7.42543e-09
-4.72177e-10
6.8266e-09
-6.07088e-10
6.07012e-09
-7.6042e-10
5.14405e-09
-9.24164e-10
4.04816e-09
-1.08692e-09
2.79879e-09
-1.2329e-09
1.4316e-09
-1.34423e-09
-1.40482e-09
7.72437e-07
6.16221e-07
4.40598e-07
2.49139e-07
8.58183e-08
1.39016e-08
7.40935e-09
9.63253e-09
9.43444e-09
9.3601e-09
9.33591e-09
9.3291e-09
9.31687e-09
9.28388e-09
9.22253e-09
9.13108e-09
9.0101e-09
8.85907e-09
8.67365e-09
8.44378e-09
8.15268e-09
7.77761e-09
7.29347e-09
6.67739e-09
5.91213e-09
4.98893e-09
3.91068e-09
2.69502e-09
1.37557e-09
)
;

boundaryField
{
    inlet1
    {
        type            calculated;
        value           nonuniform List<scalar> 10(-1e-07 -1e-07 -1e-07 -1e-07 -1e-07 -1e-07 -1e-07 -1e-07 -1e-07 -1e-07);
    }
    inlet2
    {
        type            calculated;
        value           uniform 0;
    }
    inlet3
    {
        type            calculated;
        value           nonuniform List<scalar> 10(-9.13394e-07 -9.13394e-07 -9.13394e-07 -9.13394e-07 -9.13394e-07 -9.13394e-07 -9.13394e-07 -9.13394e-07 -9.13394e-07 -9.13394e-07);
    }
    output1
    {
        type            calculated;
        value           uniform 0;
    }
    output2
    {
        type            calculated;
        value           nonuniform List<scalar> 10(6.59073e-08 4.36881e-08 3.73185e-08 3.63541e-08 3.80806e-08 4.15947e-08 3.60228e-08 4.8873e-06 4.89476e-06 5.28976e-08);
    }
    output3
    {
        type            calculated;
        value           uniform -0;
    }
    up
    {
        type            calculated;
        value           uniform 0;
    }
    down
    {
        type            calculated;
        value           uniform 0;
    }
    emptyWalls
    {
        type            empty;
        value           nonuniform List<scalar> 0();
    }
}


// ************************************************************************* //
