/*--------------------------------*- C++ -*----------------------------------*\
  =========                 |
  \\      /  F ield         | OpenFOAM: The Open Source CFD Toolbox
   \\    /   O peration     | Website:  https://openfoam.org
    \\  /    A nd           | Version:  9
     \\/     M anipulation  |
\*---------------------------------------------------------------------------*/
FoamFile
{
    format      ascii;
    class       volScalarField;
    location    "3000";
    object      Sw;
}
// * * * * * * * * * * * * * * * * * * * * * * * * * * * * * * * * * * * * * //

dimensions      [0 0 0 0 0 0 0];

internalField   nonuniform List<scalar> 
900
(
0.657119
0.558061
0.552834
0.266145
0.150002
0.15
0.15
0.15
0.15
0.15
0.15
0.15
0.15
0.15
0.15
0.15
0.15
0.15
0.15
0.15
0.15
0.15
0.15
0.15
0.15
0.15
0.15
0.15
0.15
0.15
0.660969
0.558976
0.543751
0.225757
0.15
0.15
0.15
0.15
0.15
0.15
0.15
0.15
0.15
0.15
0.15
0.15
0.15
0.15
0.15
0.15
0.15
0.15
0.15
0.15
0.15
0.15
0.15
0.15
0.15
0.15
0.644993
0.556103
0.538332
0.204687
0.15
0.15
0.15
0.15
0.15
0.15
0.15
0.15
0.15
0.15
0.15
0.15
0.15
0.15
0.15
0.15
0.15
0.15
0.15
0.15
0.15
0.15
0.15
0.15
0.15
0.15
0.658462
0.556539
0.5167
0.172764
0.15
0.15
0.15
0.15
0.15
0.15
0.15
0.15
0.15
0.15
0.15
0.15
0.15
0.15
0.15
0.15
0.15
0.15
0.15
0.15
0.15
0.15
0.15
0.15
0.15
0.15
0.648198
0.553267
0.435591
0.152182
0.15
0.15
0.15
0.15
0.15
0.15
0.15
0.15
0.15
0.15
0.15
0.15
0.15
0.15
0.15
0.15
0.15
0.15
0.15
0.15
0.15
0.15
0.15
0.15
0.15
0.15
0.643983
0.556167
0.359331
0.150168
0.15
0.15
0.15
0.15
0.15
0.15
0.15
0.15
0.15
0.15
0.15
0.15
0.15
0.15
0.15
0.15
0.15
0.15
0.15
0.15
0.15
0.15
0.15
0.15
0.15
0.15
0.637371
0.56455
0.30767
0.150019
0.15
0.15
0.15
0.15
0.15
0.15
0.15
0.15
0.15
0.15
0.15
0.15
0.15
0.15
0.15
0.15
0.15
0.15
0.15
0.15
0.15
0.15
0.15
0.15
0.15
0.15
0.639034
0.546066
0.259937
0.150001
0.15
0.15
0.15
0.15
0.15
0.15
0.15
0.15
0.15
0.15
0.15
0.15
0.15
0.15
0.15
0.15
0.15
0.15
0.15
0.15
0.15
0.15
0.15
0.15
0.15
0.15
0.61611
0.571536
0.187616
0.15
0.15
0.15
0.15
0.15
0.15
0.15
0.15
0.15
0.15
0.15
0.15
0.15
0.15
0.15
0.15
0.15
0.15
0.15
0.15
0.15
0.15
0.15
0.15
0.15
0.15
0.15
0.609208
0.516409
0.150812
0.15
0.15
0.15
0.15
0.15
0.15
0.15
0.15
0.15
0.15
0.15
0.15
0.15
0.15
0.15
0.15
0.15
0.15
0.15
0.15
0.15
0.15
0.15
0.15
0.15
0.15
0.15
0.598189
0.416405
0.152854
0.15
0.15
0.15
0.15
0.15
0.15
0.15
0.15
0.15
0.15
0.15
0.15
0.15
0.15
0.15
0.15
0.15
0.15
0.15
0.15
0.15
0.15
0.15
0.15
0.15
0.15
0.15
0.594598
0.49985
0.479396
0.20716
0.150001
0.15
0.15
0.15
0.15
0.15
0.15
0.15
0.15
0.15
0.15
0.15
0.15
0.15
0.15
0.15
0.15
0.15
0.15
0.15
0.15
0.15
0.15
0.15
0.15
0.15
0.602048
0.528488
0.504514
0.499947
0.269457
0.150002
0.15
0.15
0.15
0.15
0.15
0.15
0.15
0.15
0.15
0.15
0.15
0.15
0.15
0.15
0.15
0.15
0.15
0.15
0.15
0.15
0.15
0.15
0.15
0.15
0.618247
0.549716
0.52423
0.528706
0.375577
0.150165
0.15
0.15
0.15
0.15
0.15
0.15
0.15
0.15
0.15
0.15
0.15
0.15
0.15
0.15
0.15
0.15
0.15
0.15
0.15
0.15
0.15
0.15
0.15
0.15
0.635459
0.568642
0.546639
0.536576
0.46412
0.154466
0.15
0.15
0.15
0.15
0.15
0.15
0.15
0.15
0.15
0.15
0.15
0.15
0.15
0.15
0.15
0.15
0.15
0.15
0.15
0.15
0.15
0.15
0.15
0.15
0.631995
0.58864
0.571891
0.57136
0.495579
0.153868
0.15
0.15
0.15
0.15
0.15
0.15
0.15
0.15
0.150001
0.150001
0.150006
0.150052
0.150809
0.158984
0.162543
0.173203
0.170149
0.175336
0.157577
0.150333
0.150079
0.150007
0.150001
0.15
0.598902
0.604198
0.58636
0.58736
0.57018
0.386119
0.150124
0.155448
0.160599
0.167118
0.176566
0.189242
0.2071
0.223804
0.243473
0.259988
0.291776
0.367053
0.449179
0.477343
0.490178
0.498
0.502216
0.507165
0.506203
0.509848
0.490515
0.325783
0.292621
0.210888
0.589445
0.581705
0.581275
0.565772
0.57046
0.536664
0.529723
0.531691
0.534
0.535545
0.536186
0.535687
0.533823
0.530654
0.526939
0.523965
0.523223
0.52709
0.532909
0.538119
0.541871
0.544558
0.545009
0.544697
0.542728
0.538768
0.527285
0.513943
0.515464
0.512575
0.582889
0.57634
0.575579
0.569681
0.569019
0.567415
0.565142
0.565764
0.567058
0.567712
0.567627
0.567054
0.565875
0.563724
0.561664
0.56003
0.560017
0.559705
0.55938
0.559192
0.558967
0.559044
0.555997
0.552307
0.545788
0.544147
0.53484
0.532933
0.514715
0.509354
0.583251
0.587992
0.58936
0.588983
0.58853
0.589228
0.588282
0.586323
0.584227
0.581286
0.577823
0.575162
0.573425
0.571518
0.570504
0.56988
0.569475
0.567897
0.565788
0.561743
0.557398
0.552956
0.547896
0.541238
0.533892
0.519206
0.51213
0.525967
0.281313
0.15
0.60628
0.610821
0.606099
0.601251
0.598777
0.595079
0.592876
0.587542
0.58207
0.57506
0.56749
0.560841
0.55675
0.554339
0.55436
0.554406
0.554179
0.552264
0.550679
0.544225
0.538507
0.519278
0.514024
0.510469
0.515258
0.202813
0.15
0.15
0.15
0.15
0.595099
0.591266
0.590322
0.591486
0.590389
0.58783
0.586917
0.578004
0.568762
0.557139
0.547265
0.532425
0.518168
0.516826
0.518479
0.519202
0.519226
0.517637
0.517887
0.51264
0.52127
0.361236
0.174987
0.150781
0.15
0.15
0.15
0.15
0.15
0.15
0.598634
0.597054
0.598665
0.598208
0.594121
0.591082
0.585178
0.565427
0.548425
0.522533
0.522488
0.483228
0.227274
0.212354
0.1963
0.178967
0.165775
0.155962
0.152101
0.150438
0.150018
0.15
0.15
0.15
0.15
0.15
0.15
0.15
0.15
0.15
0.599094
0.595517
0.596709
0.592588
0.59024
0.587679
0.569033
0.53083
0.511056
0.177044
0.150002
0.15
0.15
0.15
0.15
0.15
0.15
0.15
0.15
0.15
0.15
0.15
0.15
0.15
0.15
0.15
0.15
0.15
0.15
0.15
0.599131
0.597759
0.599261
0.594457
0.596138
0.585713
0.544581
0.441256
0.150699
0.15
0.15
0.15
0.15
0.15
0.15
0.15
0.15
0.15
0.15
0.15
0.15
0.15
0.15
0.15
0.15
0.15
0.15
0.15
0.15
0.15
0.599454
0.599691
0.598982
0.595354
0.595861
0.567842
0.486913
0.153168
0.15
0.15
0.15
0.15
0.15
0.15
0.15
0.15
0.15
0.15
0.15
0.15
0.15
0.15
0.15
0.15
0.15
0.15
0.15
0.15
0.15
0.15
0.599928
0.600759
0.599422
0.599032
0.593402
0.544513
0.203388
0.15
0.15
0.15
0.15
0.15
0.15
0.15
0.15
0.15
0.15
0.15
0.15
0.15
0.15
0.15
0.15
0.15
0.15
0.15
0.15
0.15
0.15
0.15
0.600462
0.601259
0.60072
0.599723
0.58353
0.521258
0.157545
0.15
0.15
0.15
0.15
0.15
0.15
0.15
0.15
0.15
0.15
0.15
0.15
0.15
0.15
0.15
0.15
0.15
0.15
0.15
0.15
0.15
0.15
0.15
0.600879
0.60154
0.601851
0.596548
0.578418
0.512653
0.156522
0.15
0.15
0.15
0.15
0.15
0.15
0.15
0.15
0.15
0.15
0.15
0.15
0.15
0.15
0.15
0.15
0.15
0.15
0.15
0.15
0.15
0.15
0.15
0.600815
0.602283
0.601295
0.596244
0.573297
0.495275
0.154132
0.15
0.15
0.15
0.15
0.15
0.15
0.15
0.15
0.15
0.15
0.15
0.15
0.15
0.15
0.15
0.15
0.15
0.15
0.15
0.15
0.15
0.15
0.15
)
;

boundaryField
{
    inlet1
    {
        type            fixedValue;
        value           uniform 0.85;
    }
    inlet2
    {
        type            zeroGradient;
    }
    inlet3
    {
        type            fixedValue;
        value           uniform 0.6;
    }
    output1
    {
        type            zeroGradient;
    }
    output2
    {
        type            zeroGradient;
    }
    output3
    {
        type            zeroGradient;
    }
    up
    {
        type            zeroGradient;
    }
    down
    {
        type            zeroGradient;
    }
    emptyWalls
    {
        type            empty;
    }
}


// ************************************************************************* //
