/*--------------------------------*- C++ -*----------------------------------*\
  =========                 |
  \\      /  F ield         | OpenFOAM: The Open Source CFD Toolbox
   \\    /   O peration     | Website:  https://openfoam.org
    \\  /    A nd           | Version:  9
     \\/     M anipulation  |
\*---------------------------------------------------------------------------*/
FoamFile
{
    format      ascii;
    class       volVectorField;
    location    "3000";
    object      ut;
}
// * * * * * * * * * * * * * * * * * * * * * * * * * * * * * * * * * * * * * //

dimensions      [0 1 -1 0 0 0 0];

internalField   nonuniform List<vector> 
900
(
(3.15509e-06 3.28057e-06 -0)
(1.56485e-06 6.64523e-07 -0)
(1.78881e-06 5.62855e-07 -0)
(3.46978e-07 2.22363e-09 -0)
(9.68813e-07 -3.90277e-09 -0)
(8.80128e-07 5.27203e-10 -0)
(8.77785e-07 1.82009e-09 -0)
(8.743e-07 1.67109e-09 -0)
(8.71643e-07 9.92464e-10 -0)
(8.70406e-07 2.48899e-10 -0)
(8.705e-07 -3.39188e-10 -0)
(8.71517e-07 -6.7354e-10 -0)
(8.72907e-07 -7.09347e-10 -0)
(8.74044e-07 -4.19099e-10 -0)
(8.74253e-07 2.24322e-10 -0)
(8.7279e-07 1.25619e-09 -0)
(8.68828e-07 2.72485e-09 -0)
(8.61432e-07 4.69281e-09 -0)
(8.49532e-07 7.23399e-09 -0)
(8.31899e-07 1.04292e-08 -0)
(8.07143e-07 1.43575e-08 -0)
(7.73736e-07 1.90807e-08 -0)
(7.30063e-07 2.46199e-08 -0)
(6.74543e-07 3.09242e-08 -0)
(6.05802e-07 3.78341e-08 -0)
(5.22935e-07 4.5044e-08 -0)
(4.25822e-07 5.20788e-08 -0)
(3.15447e-07 5.8307e-08 -0)
(1.94137e-07 6.30182e-08 -0)
(6.55632e-08 6.5571e-08 -0)
(3.22703e-06 1.09676e-05 -0)
(1.52035e-06 2.16803e-06 -0)
(1.63622e-06 1.4503e-06 -0)
(3.77117e-07 6.69719e-09 -0)
(9.65935e-07 -5.15013e-09 -0)
(8.85851e-07 4.72344e-09 -0)
(8.78929e-07 6.90453e-09 -0)
(8.73472e-07 5.54428e-09 -0)
(8.70221e-07 3.0435e-09 -0)
(8.69074e-07 5.93768e-10 -0)
(8.69577e-07 -1.26735e-09 -0)
(8.71147e-07 -2.31354e-09 -0)
(8.73161e-07 -2.44604e-09 -0)
(8.74978e-07 -1.60133e-09 -0)
(8.75928e-07 2.93419e-10 -0)
(8.7529e-07 3.34162e-09 -0)
(8.72265e-07 7.68715e-09 -0)
(8.65942e-07 1.35176e-08 -0)
(8.55268e-07 2.10596e-08 -0)
(8.39022e-07 3.05654e-08 -0)
(8.15795e-07 4.2287e-08 -0)
(7.83998e-07 5.64323e-08 -0)
(7.41907e-07 7.30967e-08 -0)
(6.87757e-07 9.21677e-08 -0)
(6.19921e-07 1.13205e-07 -0)
(5.3718e-07 1.35313e-07 -0)
(4.39085e-07 1.5705e-07 -0)
(3.26387e-07 1.76444e-07 -0)
(2.01401e-07 1.9122e-07 -0)
(6.8116e-08 1.99264e-07 -0)
(2.50292e-06 1.53618e-05 -0)
(1.22232e-06 3.56291e-06 -0)
(1.44296e-06 2.17429e-06 -0)
(4.07962e-07 1.3804e-08 -0)
(9.64203e-07 6.12281e-09 -0)
(8.92183e-07 1.66161e-08 -0)
(8.78605e-07 1.55312e-08 -0)
(8.70439e-07 1.05591e-08 -0)
(8.66692e-07 5.04526e-09 -0)
(8.66095e-07 3.53843e-10 -0)
(8.67592e-07 -3.00466e-09 -0)
(8.70338e-07 -4.86025e-09 -0)
(8.73619e-07 -5.15234e-09 -0)
(8.76784e-07 -3.82599e-09 -0)
(8.79196e-07 -7.83876e-10 -0)
(8.80183e-07 4.1362e-09 -0)
(8.79004e-07 1.11716e-08 -0)
(8.74805e-07 2.06385e-08 -0)
(8.66579e-07 3.29283e-08 -0)
(8.53126e-07 4.849e-08 -0)
(8.3301e-07 6.77934e-08 -0)
(8.04546e-07 9.12619e-08 -0)
(7.65799e-07 1.19163e-07 -0)
(7.14651e-07 1.51443e-07 -0)
(6.48947e-07 1.87508e-07 -0)
(5.6678e-07 2.25959e-07 -0)
(4.66953e-07 2.64369e-07 -0)
(3.49618e-07 2.99208e-07 -0)
(2.16956e-07 3.2616e-07 -0)
(7.36068e-08 3.40999e-07 -0)
(2.42801e-06 2.67444e-05 -0)
(7.40945e-07 5.31157e-06 -0)
(1.22415e-06 2.23103e-06 -0)
(4.70211e-07 6.41082e-08 -0)
(9.64973e-07 4.51818e-08 -0)
(8.95259e-07 4.0086e-08 -0)
(8.72872e-07 2.80441e-08 -0)
(8.62987e-07 1.61168e-08 -0)
(8.60015e-07 6.22762e-09 -0)
(8.61024e-07 -1.21477e-09 -0)
(8.64363e-07 -6.24054e-09 -0)
(8.68999e-07 -8.96748e-09 -0)
(8.74195e-07 -9.47684e-09 -0)
(8.79347e-07 -7.76835e-09 -0)
(8.8389e-07 -3.74187e-09 -0)
(8.87246e-07 2.81154e-09 -0)
(8.88767e-07 1.22187e-08 -0)
(8.87698e-07 2.4929e-08 -0)
(8.8312e-07 4.15152e-08 -0)
(8.73887e-07 6.26603e-08 -0)
(8.58567e-07 8.91204e-08 -0)
(8.35368e-07 1.21646e-07 -0)
(8.02088e-07 1.60842e-07 -0)
(7.56102e-07 2.06934e-07 -0)
(6.94438e-07 2.59427e-07 -0)
(6.14042e-07 3.16652e-07 -0)
(5.12334e-07 3.75261e-07 -0)
(3.88178e-07 4.29861e-07 -0)
(2.43191e-07 4.73207e-07 -0)
(8.29548e-08 4.97571e-07 -0)
(2.5089e-06 3.17103e-05 -0)
(4.96212e-07 7.18992e-06 -0)
(1.12777e-06 6.5715e-07 -0)
(5.39662e-07 2.17964e-07 -0)
(9.33506e-07 1.16647e-07 -0)
(8.75045e-07 7.05021e-08 -0)
(8.54636e-07 4.04444e-08 -0)
(8.48623e-07 1.96394e-08 -0)
(8.49361e-07 4.96811e-09 -0)
(8.53627e-07 -5.19469e-09 -0)
(8.5984e-07 -1.17711e-08 -0)
(8.67102e-07 -1.52896e-08 -0)
(8.74818e-07 -1.6018e-08 -0)
(8.82519e-07 -1.40289e-08 -0)
(8.89776e-07 -9.22853e-09 -0)
(8.96144e-07 -1.36881e-09 -0)
(9.01122e-07 9.95946e-09 -0)
(9.04101e-07 2.53379e-08 -0)
(9.04311e-07 4.55343e-08 -0)
(9.00731e-07 7.1505e-08 -0)
(8.91997e-07 1.04373e-07 -0)
(8.76268e-07 1.45357e-07 -0)
(8.51086e-07 1.95628e-07 -0)
(8.13235e-07 2.56029e-07 -0)
(7.58665e-07 3.26619e-07 -0)
(6.82615e-07 4.05965e-07 -0)
(5.80162e-07 4.90165e-07 -0)
(4.47564e-07 5.71763e-07 -0)
(2.84666e-07 6.39226e-07 -0)
(9.79711e-08 6.78503e-07 -0)
(3.06025e-06 3.97519e-05 -0)
(1.02608e-06 9.81869e-06 -0)
(5.66024e-07 1.26922e-07 -0)
(6.02455e-07 2.93496e-07 -0)
(8.15462e-07 1.54779e-07 -0)
(8.19056e-07 8.48315e-08 -0)
(8.22009e-07 4.35942e-08 -0)
(8.2751e-07 1.7032e-08 -0)
(8.35181e-07 -7.9589e-10 -0)
(8.44285e-07 -1.27566e-08 -0)
(8.54268e-07 -2.03568e-08 -0)
(8.64752e-07 -2.44007e-08 -0)
(8.75456e-07 -2.52773e-08 -0)
(8.86136e-07 -2.31012e-08 -0)
(8.9655e-07 -1.77764e-08 -0)
(9.06434e-07 -9.01994e-09 -0)
(9.15474e-07 3.64647e-09 -0)
(9.23273e-07 2.09237e-08 -0)
(9.29287e-07 4.37721e-08 -0)
(9.32726e-07 7.34455e-08 -0)
(9.32419e-07 1.11504e-07 -0)
(9.26623e-07 1.59785e-07 -0)
(9.1276e-07 2.20291e-07 -0)
(8.87092e-07 2.9494e-07 -0)
(8.44374e-07 3.85055e-07 -0)
(7.77588e-07 4.90423e-07 -0)
(6.78131e-07 6.07667e-07 -0)
(5.37239e-07 7.27786e-07 -0)
(3.49932e-07 8.33424e-07 -0)
(1.22232e-07 8.9871e-07 -0)
(2.45964e-06 4.48815e-05 -0)
(1.19395e-06 1.42603e-05 -0)
(2.73742e-07 4.88241e-08 -0)
(6.5503e-07 2.04905e-07 -0)
(7.2463e-07 1.26188e-07 -0)
(7.63861e-07 7.04518e-08 -0)
(7.86837e-07 3.20706e-08 -0)
(8.04232e-07 5.69333e-09 -0)
(8.19572e-07 -1.24252e-08 -0)
(8.34066e-07 -2.4678e-08 -0)
(8.48196e-07 -3.24992e-08 -0)
(8.62181e-07 -3.66803e-08 -0)
(8.76117e-07 -3.75922e-08 -0)
(8.9002e-07 -3.53239e-08 -0)
(9.03857e-07 -2.97567e-08 -0)
(9.17567e-07 -2.05817e-08 -0)
(9.31065e-07 -7.2792e-09 -0)
(9.44227e-07 1.09347e-08 -0)
(9.56832e-07 3.51812e-08 -0)
(9.68463e-07 6.69998e-08 -0)
(9.78336e-07 1.08418e-07 -0)
(9.85054e-07 1.61995e-07 -0)
(9.86241e-07 2.30818e-07 -0)
(9.77999e-07 3.18384e-07 -0)
(9.54148e-07 4.2823e-07 -0)
(9.05226e-07 5.62993e-07 -0)
(8.17525e-07 7.22281e-07 -0)
(6.73321e-07 8.98279e-07 -0)
(4.55591e-07 1.06798e-06 -0)
(1.63257e-07 1.18421e-06 -0)
(3.68632e-06 5.79016e-05 -0)
(1.30725e-06 1.25766e-05 -0)
(2.27767e-07 4.26829e-08 -0)
(6.74208e-07 1.02768e-07 -0)
(6.80992e-07 7.47466e-08 -0)
(7.24939e-07 3.87161e-08 -0)
(7.5725e-07 8.54309e-09 -0)
(7.83014e-07 -1.39042e-08 -0)
(8.0481e-07 -2.99214e-08 -0)
(8.24211e-07 -4.10334e-08 -0)
(8.42266e-07 -4.82851e-08 -0)
(8.59659e-07 -5.2232e-08 -0)
(8.76812e-07 -5.30881e-08 -0)
(8.93971e-07 -5.08457e-08 -0)
(9.11292e-07 -4.53444e-08 -0)
(9.28911e-07 -3.62711e-08 -0)
(9.4699e-07 -2.31173e-08 -0)
(9.65734e-07 -5.08814e-09 -0)
(9.85352e-07 1.902e-08 -0)
(1.00596e-06 5.09608e-08 -0)
(1.02741e-06 9.31815e-08 -0)
(1.04902e-06 1.48966e-07 -0)
(1.06915e-06 2.226e-07 -0)
(1.0845e-06 3.19536e-07 -0)
(1.08898e-06 4.46473e-07 -0)
(1.07164e-06 6.1103e-07 -0)
(1.01342e-06 8.20183e-07 -0)
(8.82933e-07 1.07508e-06 -0)
(6.35861e-07 1.356e-06 -0)
(2.38464e-07 1.58594e-06 -0)
(1.23631e-06 5.69571e-05 -0)
(1.15181e-06 2.3803e-05 -0)
(2.92573e-07 7.18871e-08 -0)
(6.64322e-07 5.6677e-08 -0)
(6.60577e-07 3.13271e-08 -0)
(6.97657e-07 1.12118e-09 -0)
(7.34217e-07 -2.27119e-08 -0)
(7.65768e-07 -3.99356e-08 -0)
(7.92443e-07 -5.23259e-08 -0)
(8.15702e-07 -6.12527e-08 -0)
(8.36997e-07 -6.7378e-08 -0)
(8.57378e-07 -7.08769e-08 -0)
(8.77504e-07 -7.16818e-08 -0)
(8.97764e-07 -6.9627e-08 -0)
(9.18431e-07 -6.45046e-08 -0)
(9.39794e-07 -5.60435e-08 -0)
(9.62248e-07 -4.38334e-08 -0)
(9.86364e-07 -2.71901e-08 -0)
(1.01288e-06 -4.9696e-09 -0)
(1.04262e-06 2.465e-08 -0)
(1.07634e-06 6.4386e-08 -0)
(1.11447e-06 1.18085e-07 -0)
(1.15681e-06 1.91069e-07 -0)
(1.20187e-06 2.90676e-07 -0)
(1.24564e-06 4.27091e-07 -0)
(1.27894e-06 6.14478e-07 -0)
(1.28157e-06 8.72358e-07 -0)
(1.20914e-06 1.22585e-06 -0)
(9.66458e-07 1.69504e-06 -0)
(3.93196e-07 2.21761e-06 -0)
(-4.86623e-06 7.4134e-05 -0)
(-6.4437e-08 1.48015e-05 -0)
(3.25928e-07 2.59754e-07 -0)
(6.20743e-07 6.7647e-08 -0)
(6.25437e-07 -7.2361e-09 -0)
(6.709e-07 -4.28482e-08 -0)
(7.16194e-07 -6.05795e-08 -0)
(7.534e-07 -7.08046e-08 -0)
(7.83493e-07 -7.81976e-08 -0)
(8.09159e-07 -8.42771e-08 -0)
(8.32642e-07 -8.90987e-08 -0)
(8.55355e-07 -9.2217e-08 -0)
(8.78062e-07 -9.31361e-08 -0)
(9.01149e-07 -9.148e-08 -0)
(9.24876e-07 -8.7009e-08 -0)
(9.49582e-07 -7.95707e-08 -0)
(9.75844e-07 -6.89862e-08 -0)
(1.0046e-06 -5.48686e-08 -0)
(1.03719e-06 -3.63535e-08 -0)
(1.07532e-06 -1.17724e-08 -0)
(1.12085e-06 2.16253e-08 -0)
(1.17571e-06 6.79104e-08 -0)
(1.24174e-06 1.32901e-07 -0)
(1.32053e-06 2.2501e-07 -0)
(1.41279e-06 3.56755e-07 -0)
(1.51691e-06 5.47454e-07 -0)
(1.62479e-06 8.2893e-07 -0)
(1.70561e-06 1.26094e-06 -0)
(1.62762e-06 1.98066e-06 -0)
(7.61043e-07 3.37186e-06 -0)
(7.83657e-07 7.76394e-05 -0)
(1.64254e-06 2.48818e-06 -0)
(2.75689e-07 2.41951e-07 -0)
(3.96428e-07 -2.13614e-08 -0)
(5.50082e-07 -8.50726e-08 -0)
(6.44314e-07 -1.04702e-07 -0)
(7.0626e-07 -1.05958e-07 -0)
(7.4815e-07 -1.04509e-07 -0)
(7.7897e-07 -1.05386e-07 -0)
(8.04801e-07 -1.08561e-07 -0)
(8.29057e-07 -1.12524e-07 -0)
(8.53341e-07 -1.15757e-07 -0)
(8.78241e-07 -1.17169e-07 -0)
(9.03891e-07 -1.16152e-07 -0)
(9.30341e-07 -1.12488e-07 -0)
(9.57817e-07 -1.06251e-07 -0)
(9.8695e-07 -9.76743e-08 -0)
(1.019e-06 -8.69424e-08 -0)
(1.05598e-06 -7.38e-08 -0)
(1.1006e-06 -5.70128e-08 -0)
(1.15602e-06 -3.40316e-08 -0)
(1.22575e-06 -9.78956e-10 -0)
(1.31391e-06 4.76142e-08 -0)
(1.42573e-06 1.19722e-07 -0)
(1.56808e-06 2.2748e-07 -0)
(1.75111e-06 3.89654e-07 -0)
(1.99506e-06 6.34954e-07 -0)
(2.36088e-06 1.00831e-06 -0)
(3.07737e-06 1.59481e-06 -0)
(5.07976e-06 2.62193e-06 -0)
(9.88982e-06 7.05817e-05 -0)
(6.24856e-06 1.40136e-05 -0)
(5.68013e-06 4.24437e-06 -0)
(2.25808e-07 -2.7327e-08 -0)
(5.42095e-07 -2.67656e-07 -0)
(6.50015e-07 -1.84932e-07 -0)
(7.16386e-07 -1.54045e-07 -0)
(7.53973e-07 -1.35891e-07 -0)
(7.79441e-07 -1.30276e-07 -0)
(8.0202e-07 -1.32057e-07 -0)
(8.25446e-07 -1.36682e-07 -0)
(8.50711e-07 -1.41116e-07 -0)
(8.77667e-07 -1.43638e-07 -0)
(9.0583e-07 -1.43479e-07 -0)
(9.34778e-07 -1.40549e-07 -0)
(9.64396e-07 -1.35276e-07 -0)
(9.95152e-07 -1.28518e-07 -0)
(1.02847e-06 -1.21425e-07 -0)
(1.06712e-06 -1.14893e-07 -0)
(1.11509e-06 -1.08456e-07 -0)
(1.17688e-06 -9.97756e-08 -0)
(1.25735e-06 -8.54148e-08 -0)
(1.36244e-06 -6.11846e-08 -0)
(1.50039e-06 -2.12081e-08 -0)
(1.68272e-06 4.3779e-08 -0)
(1.92438e-06 1.48704e-07 -0)
(2.24345e-06 3.12904e-07 -0)
(2.66546e-06 5.42534e-07 -0)
(3.24124e-06 7.68316e-07 -0)
(3.97257e-06 7.14721e-07 -0)
(7.68914e-06 6.13398e-05 -0)
(7.08722e-06 1.57479e-05 -0)
(6.14231e-06 7.53005e-06 -0)
(3.9108e-06 4.7705e-06 -0)
(2.61801e-07 -1.05141e-07 -0)
(7.57922e-07 -2.80212e-07 -0)
(7.55301e-07 -1.89401e-07 -0)
(7.71918e-07 -1.54735e-07 -0)
(7.82805e-07 -1.47772e-07 -0)
(7.98396e-07 -1.52707e-07 -0)
(8.19998e-07 -1.61031e-07 -0)
(8.46385e-07 -1.68393e-07 -0)
(8.75877e-07 -1.72794e-07 -0)
(9.06979e-07 -1.73588e-07 -0)
(9.38544e-07 -1.70961e-07 -0)
(9.69848e-07 -1.65789e-07 -0)
(1.0008e-06 -1.59698e-07 -0)
(1.03262e-06 -1.55347e-07 -0)
(1.06895e-06 -1.55903e-07 -0)
(1.11572e-06 -1.62157e-07 -0)
(1.17907e-06 -1.71214e-07 -0)
(1.26434e-06 -1.79722e-07 -0)
(1.37812e-06 -1.85728e-07 -0)
(1.53069e-06 -1.8716e-07 -0)
(1.738e-06 -1.79884e-07 -0)
(2.02024e-06 -1.51537e-07 -0)
(2.38889e-06 -7.45735e-08 -0)
(2.81629e-06 8.06051e-08 -0)
(3.24956e-06 2.21169e-07 -0)
(3.59672e-06 1.8335e-07 -0)
(7.34342e-06 5.37392e-05 -0)
(8.10061e-06 1.66483e-05 -0)
(6.95378e-06 9.51141e-06 -0)
(6.25954e-06 9.61596e-06 -0)
(8.90417e-07 3.52039e-07 -0)
(6.20952e-07 -2.74162e-07 -0)
(8.41865e-07 -1.68765e-07 -0)
(7.95601e-07 -1.45877e-07 -0)
(7.81469e-07 -1.5337e-07 -0)
(7.88761e-07 -1.69973e-07 -0)
(8.0976e-07 -1.86347e-07 -0)
(8.38948e-07 -1.98642e-07 -0)
(8.72472e-07 -2.05564e-07 -0)
(9.07662e-07 -2.07123e-07 -0)
(9.42576e-07 -2.03921e-07 -0)
(9.7566e-07 -1.97221e-07 -0)
(1.00559e-06 -1.89139e-07 -0)
(1.03227e-06 -1.84371e-07 -0)
(1.06031e-06 -1.91235e-07 -0)
(1.09978e-06 -2.13068e-07 -0)
(1.15932e-06 -2.43196e-07 -0)
(1.24284e-06 -2.76529e-07 -0)
(1.355e-06 -3.14853e-07 -0)
(1.50624e-06 -3.61835e-07 -0)
(1.71834e-06 -4.24621e-07 -0)
(2.02969e-06 -5.00385e-07 -0)
(2.47559e-06 -5.40263e-07 -0)
(2.96121e-06 -3.66736e-07 -0)
(3.34399e-06 -1.47617e-07 -0)
(3.56805e-06 -1.90534e-08 -0)
(1.03111e-05 4.50022e-05 -0)
(1.15528e-05 1.67913e-05 -0)
(1.11365e-05 1.20915e-05 -0)
(8.91449e-06 1.18272e-05 -0)
(2.18934e-06 3.66145e-06 -0)
(4.99355e-07 -6.56911e-08 -0)
(8.83779e-07 -6.99542e-08 -0)
(7.87313e-07 -1.0664e-07 -0)
(7.58709e-07 -1.49862e-07 -0)
(7.65419e-07 -1.87472e-07 -0)
(7.91329e-07 -2.15748e-07 -0)
(8.27168e-07 -2.34269e-07 -0)
(8.67396e-07 -2.43704e-07 -0)
(9.08622e-07 -2.4542e-07 -0)
(9.48446e-07 -2.40378e-07 -0)
(9.8463e-07 -2.30036e-07 -0)
(1.01365e-06 -2.15275e-07 -0)
(1.03053e-06 -2.01782e-07 -0)
(1.04025e-06 -2.11791e-07 -0)
(1.06376e-06 -2.58343e-07 -0)
(1.1156e-06 -3.16633e-07 -0)
(1.19268e-06 -3.78736e-07 -0)
(1.29281e-06 -4.46071e-07 -0)
(1.42092e-06 -5.37038e-07 -0)
(1.59945e-06 -6.6258e-07 -0)
(1.9046e-06 -8.85511e-07 -0)
(2.52254e-06 -1.21951e-06 -0)
(3.20893e-06 -8.5965e-07 -0)
(3.59724e-06 -4.25788e-07 -0)
(3.76339e-06 -1.31014e-07 -0)
(1.25827e-05 2.6495e-05 -0)
(1.88698e-05 1.60969e-05 -0)
(2.05785e-05 1.45927e-05 -0)
(2.35535e-05 2.07016e-05 -0)
(4.62995e-06 7.80234e-06 -0)
(4.47844e-07 1.55473e-07 -0)
(8.02187e-07 5.91584e-08 -0)
(7.15694e-07 -6.11071e-08 -0)
(7.00638e-07 -1.53761e-07 -0)
(7.22875e-07 -2.18596e-07 -0)
(7.62963e-07 -2.62941e-07 -0)
(8.10992e-07 -2.92062e-07 -0)
(8.61321e-07 -3.09323e-07 -0)
(9.10987e-07 -3.15824e-07 -0)
(9.57958e-07 -3.11942e-07 -0)
(1.00076e-06 -2.97601e-07 -0)
(1.03382e-06 -2.59675e-07 -0)
(1.03552e-06 -1.43982e-07 -0)
(1.00029e-06 -1.13593e-07 -0)
(9.57182e-07 -1.39574e-07 -0)
(9.84177e-07 -1.73247e-07 -0)
(1.00651e-06 -2.01135e-07 -0)
(1.0965e-06 -2.41124e-07 -0)
(1.15498e-06 -2.86804e-07 -0)
(1.32599e-06 -3.84677e-07 -0)
(1.47067e-06 -5.54041e-07 -0)
(2.5006e-06 -8.72443e-07 -0)
(3.75481e-06 -1.33449e-06 -0)
(4.07261e-06 -6.09155e-07 -0)
(4.12486e-06 -2.26684e-07 -0)
(8.99172e-06 4.05777e-06 -0)
(2.82383e-05 8.2669e-06 -0)
(3.30816e-05 1.14976e-05 -0)
(4.40502e-05 2.42889e-05 -0)
(4.29643e-05 3.45898e-05 -0)
(2.65947e-06 1.47087e-06 -0)
(6.64255e-07 7.56409e-08 -0)
(5.61132e-07 -2.0366e-08 -0)
(5.744e-07 -7.78708e-08 -0)
(6.09373e-07 -1.13021e-07 -0)
(6.39374e-07 -1.32524e-07 -0)
(6.5714e-07 -1.40637e-07 -0)
(6.55391e-07 -1.39179e-07 -0)
(6.54736e-07 -1.33678e-07 -0)
(6.50154e-07 -1.24019e-07 -0)
(6.75581e-07 -1.15341e-07 -0)
(8.54065e-07 -1.19266e-07 -0)
(4.11004e-06 -5.02383e-07 -0)
(2.83363e-05 -3.44241e-06 -0)
(5.03647e-05 -5.09925e-06 -0)
(6.86423e-05 -5.34142e-06 -0)
(8.61697e-05 -5.46293e-06 -0)
(0.000100689 -5.65885e-06 -0)
(0.000119551 -5.49537e-06 -0)
(0.000124304 -3.98984e-06 -0)
(0.000140095 2.48761e-06 -0)
(0.000114584 1.24426e-05 -0)
(4.30371e-06 -2.50777e-07 -0)
(3.46571e-06 -2.40987e-07 -0)
(3.51399e-06 -1.09621e-07 -0)
(9.50085e-06 -1.26409e-05 -0)
(2.4418e-05 -6.82384e-06 -0)
(4.03244e-05 1.3904e-06 -0)
(4.5363e-05 1.1135e-05 -0)
(7.56073e-05 2.91095e-05 -0)
(6.71032e-05 2.92447e-05 -0)
(7.51436e-05 2.35874e-06 -0)
(8.28003e-05 -2.85435e-06 -0)
(9.27802e-05 -4.2293e-06 -0)
(0.000104322 -4.58043e-06 -0)
(0.000115516 -4.14866e-06 -0)
(0.000124491 -3.06752e-06 -0)
(0.000129933 -1.73246e-06 -0)
(0.000131554 -6.25678e-07 -0)
(0.0001309 -3.22382e-07 -0)
(0.000131029 -1.306e-06 -0)
(0.000134935 -5.87719e-06 -0)
(0.000145878 -2.27249e-05 -0)
(0.000158683 -3.12381e-05 -0)
(0.000173566 -3.10026e-05 -0)
(0.000190961 -2.92607e-05 -0)
(0.000211303 -2.79122e-05 -0)
(0.000228324 -2.67269e-05 -0)
(0.000246792 -2.44679e-05 -0)
(0.000263722 -1.81718e-05 -0)
(0.000287828 3.01691e-06 -0)
(0.000310018 3.83428e-05 -0)
(0.000343257 5.01649e-05 -0)
(0.000451029 -3.08896e-05 -0)
(0.000474495 -8.61176e-06 -0)
(1.13214e-05 -3.12329e-05 -0)
(2.93721e-05 -2.01267e-05 -0)
(4.6956e-05 -1.03348e-05 -0)
(6.03488e-05 -4.47765e-07 -0)
(8.21645e-05 8.44195e-06 -0)
(0.000106392 9.13892e-06 -0)
(0.000125271 -6.31882e-06 -0)
(0.000144367 -1.61801e-05 -0)
(0.000164612 -2.0776e-05 -0)
(0.000185057 -2.19044e-05 -0)
(0.000204329 -1.99858e-05 -0)
(0.000221205 -1.52678e-05 -0)
(0.000233978 -8.94953e-06 -0)
(0.000240245 -3.26096e-06 -0)
(0.000243481 -1.13307e-06 -0)
(0.000244594 -4.16816e-06 -0)
(0.000248899 -1.32566e-05 -0)
(0.000249143 -2.65768e-05 -0)
(0.000248687 -3.69216e-05 -0)
(0.000251929 -4.28682e-05 -0)
(0.000260148 -4.61626e-05 -0)
(0.000274945 -4.47571e-05 -0)
(0.00027879 -3.86276e-05 -0)
(0.000285788 -3.69897e-05 -0)
(0.000289922 -3.8971e-05 -0)
(0.000336855 -2.94942e-05 -0)
(0.000345454 -4.45848e-06 -0)
(0.000441033 -6.57278e-05 -0)
(0.000446255 -0.000150581 -0)
(0.000481445 -1.34864e-05 -0)
(1.74189e-05 -5.35365e-05 -0)
(4.83548e-05 -3.85784e-05 -0)
(7.04222e-05 -2.77691e-05 -0)
(9.16131e-05 -1.99807e-05 -0)
(0.000115846 -1.63859e-05 -0)
(0.000145261 -1.99475e-05 -0)
(0.000172116 -3.03459e-05 -0)
(0.000195009 -3.93695e-05 -0)
(0.000215896 -4.36724e-05 -0)
(0.000233122 -4.33426e-05 -0)
(0.00024723 -3.965e-05 -0)
(0.000261493 -3.25323e-05 -0)
(0.000274702 -2.08951e-05 -0)
(0.000280452 -8.74737e-06 -0)
(0.000283715 -3.383e-06 -0)
(0.000284045 -5.16972e-06 -0)
(0.000282879 -1.18373e-05 -0)
(0.000275156 -2.06123e-05 -0)
(0.000266461 -3.09709e-05 -0)
(0.00025418 -4.09718e-05 -0)
(0.000249718 -5.29556e-05 -0)
(0.000250313 -5.13589e-05 -0)
(0.00024296 -3.18261e-05 -0)
(0.000225584 -2.87653e-05 -0)
(0.000226478 -5.1429e-05 -0)
(0.000220444 -7.16071e-05 -0)
(0.000204551 -8.93523e-06 -0)
(0.000248493 -4.72323e-05 -0)
(2.98701e-06 -9.84875e-07 -0)
(6.1344e-06 -2.73802e-06 -0)
(9.29084e-05 -8.78277e-05 -0)
(9.56683e-05 -6.76418e-05 -0)
(0.000102531 -5.1144e-05 -0)
(0.000115073 -4.35613e-05 -0)
(0.000134519 -4.36357e-05 -0)
(0.000152855 -4.71514e-05 -0)
(0.000176445 -5.47021e-05 -0)
(0.000191931 -5.82091e-05 -0)
(0.000204822 -5.76482e-05 -0)
(0.000209269 -5.18584e-05 -0)
(0.000209691 -4.67312e-05 -0)
(0.000211692 -4.23552e-05 -0)
(0.00021684 -2.84738e-05 -0)
(0.000216705 -9.31568e-06 -0)
(0.00021709 -2.92153e-06 -0)
(0.00021527 -2.86401e-06 -0)
(0.000212505 -5.56335e-06 -0)
(0.000202979 -9.12975e-06 -0)
(0.000194915 -1.51009e-05 -0)
(0.000172533 -2.25389e-05 -0)
(0.000168099 -4.36395e-05 -0)
(0.00014087 -5.43265e-05 -0)
(0.000136555 -1.05123e-05 -0)
(0.00011445 -7.52209e-06 -0)
(0.000115526 -2.15456e-05 -0)
(1.6328e-06 -3.35503e-07 -0)
(2.45431e-06 -6.29295e-07 -0)
(1.53638e-06 -8.33058e-07 -0)
(1.76526e-06 -1.2046e-06 -0)
(1.16264e-06 -4.19271e-06 -0)
(8.41385e-05 -6.62529e-05 -0)
(7.9723e-05 -5.53341e-05 -0)
(8.37638e-05 -5.02236e-05 -0)
(9.71169e-05 -5.17192e-05 -0)
(0.000112268 -5.57018e-05 -0)
(0.000128161 -6.16366e-05 -0)
(0.000151961 -7.01897e-05 -0)
(0.000158823 -6.69774e-05 -0)
(0.000162455 -6.04948e-05 -0)
(0.000153053 -4.68221e-05 -0)
(0.000144445 -3.77475e-05 -0)
(0.000129632 -4.00049e-05 -0)
(0.000116564 -3.24897e-05 -0)
(0.000116985 -2.97574e-06 -0)
(0.000114595 -7.83813e-07 -0)
(0.000112704 -6.22761e-07 -0)
(0.000110973 -1.07069e-06 -0)
(0.000105555 -1.68244e-06 -0)
(0.000102926 -2.9423e-06 -0)
(8.40878e-05 -4.94899e-06 -0)
(8.77017e-05 -1.65055e-05 -0)
(3.88708e-06 -6.27708e-07 -0)
(1.44188e-06 -1.83856e-07 -0)
(1.17438e-06 -2.28019e-07 -0)
(1.121e-06 -2.05257e-07 -0)
(1.45014e-06 -1.77769e-07 -0)
(1.58837e-06 -1.08398e-06 -0)
(1.29176e-06 -1.46963e-06 -0)
(1.06618e-06 -1.64423e-06 -0)
(5.01417e-07 -2.52862e-06 -0)
(9.00645e-05 -6.55062e-05 -0)
(8.92441e-05 -6.3512e-05 -0)
(9.5386e-05 -6.59106e-05 -0)
(0.000103435 -6.96487e-05 -0)
(0.000110485 -7.37823e-05 -0)
(0.000124481 -8.25928e-05 -0)
(0.000139082 -8.64096e-05 -0)
(0.000124218 -6.67189e-05 -0)
(0.000114827 -5.20805e-05 -0)
(8.44101e-05 -3.84106e-05 -0)
(8.51386e-05 -1.24778e-05 -0)
(4.29173e-05 -8.63539e-06 -0)
(8.34893e-07 -7.44763e-08 -0)
(9.46098e-07 -5.81579e-08 -0)
(8.09967e-07 -5.24589e-08 -0)
(8.46809e-07 -5.04968e-08 -0)
(8.83101e-07 -5.10228e-08 -0)
(9.03602e-07 -5.55381e-08 -0)
(8.90914e-07 -5.62727e-08 -0)
(8.14772e-07 -5.31193e-08 -0)
(8.36852e-07 1.28265e-08 -0)
(1.13017e-06 1.39802e-07 -0)
(1.26949e-06 -2.82262e-07 -0)
(1.15427e-06 -3.95511e-07 -0)
(1.11596e-06 -4.16472e-07 -0)
(1.17795e-06 -5.06257e-07 -0)
(1.16245e-06 -8.83349e-07 -0)
(9.76134e-07 -1.18729e-06 -0)
(7.06281e-07 -1.43106e-06 -0)
(2.78251e-07 -1.74893e-06 -0)
(9.00882e-05 -6.20899e-05 -0)
(8.50533e-05 -6.06369e-05 -0)
(8.80818e-05 -6.59826e-05 -0)
(8.6624e-05 -6.86556e-05 -0)
(9.17841e-05 -7.72486e-05 -0)
(0.000104205 -8.88416e-05 -0)
(9.88529e-05 -7.77847e-05 -0)
(6.4789e-05 -4.58157e-05 -0)
(5.06156e-05 -2.15213e-05 -0)
(7.22991e-07 -1.13895e-07 -0)
(8.89373e-07 -2.39125e-08 -0)
(8.58761e-07 8.8122e-08 -0)
(1.08907e-06 1.41305e-07 -0)
(1.08346e-06 -8.80316e-08 -0)
(1.00964e-06 -9.64803e-08 -0)
(9.70609e-07 -9.58393e-08 -0)
(9.46275e-07 -9.62093e-08 -0)
(9.25459e-07 -1.00592e-07 -0)
(9.04022e-07 -1.00369e-07 -0)
(8.83159e-07 -9.17462e-08 -0)
(9.12127e-07 -1.6741e-08 -0)
(1.01527e-06 -1.55446e-08 -0)
(1.07247e-06 -2.00617e-07 -0)
(1.04411e-06 -3.23999e-07 -0)
(1.01025e-06 -4.15432e-07 -0)
(9.83263e-07 -5.42271e-07 -0)
(9.0734e-07 -7.55862e-07 -0)
(7.44055e-07 -9.65121e-07 -0)
(5.04541e-07 -1.14379e-06 -0)
(1.83544e-07 -1.28713e-06 -0)
(8.86434e-05 -5.7524e-05 -0)
(8.39332e-05 -5.94206e-05 -0)
(8.42426e-05 -6.69704e-05 -0)
(7.82602e-05 -7.12671e-05 -0)
(8.49454e-05 -8.7329e-05 -0)
(8.27746e-05 -8.92628e-05 -0)
(5.26115e-05 -5.39072e-05 -0)
(1.16209e-05 -8.75845e-06 -0)
(7.55491e-07 -1.17738e-07 -0)
(8.67268e-07 7.97993e-08 -0)
(8.97635e-07 -1.4571e-08 -0)
(9.21171e-07 1.07634e-07 -0)
(9.95054e-07 5.99038e-08 -0)
(1.00875e-06 -2.02033e-08 -0)
(9.85638e-07 -5.27057e-08 -0)
(9.6135e-07 -6.704e-08 -0)
(9.40807e-07 -7.49713e-08 -0)
(9.22922e-07 -8.0638e-08 -0)
(9.07827e-07 -8.28335e-08 -0)
(8.99932e-07 -8.02137e-08 -0)
(9.13118e-07 -7.03754e-08 -0)
(9.463e-07 -9.82363e-08 -0)
(9.61033e-07 -1.89854e-07 -0)
(9.39453e-07 -2.84803e-07 -0)
(8.97686e-07 -3.7898e-07 -0)
(8.37518e-07 -4.91538e-07 -0)
(7.39595e-07 -6.32715e-07 -0)
(5.88203e-07 -7.73555e-07 -0)
(3.84275e-07 -8.91883e-07 -0)
(1.34917e-07 -9.68668e-07 -0)
(8.73725e-05 -5.15362e-05 -0)
(8.15693e-05 -5.51072e-05 -0)
(7.52929e-05 -6.09498e-05 -0)
(6.72619e-05 -6.74876e-05 -0)
(6.81166e-05 -8.22665e-05 -0)
(4.82106e-05 -6.42315e-05 -0)
(1.1731e-05 -1.81214e-05 -0)
(6.05423e-07 -1.08405e-07 -0)
(9.73404e-07 -3.00815e-08 -0)
(9.16215e-07 1.63556e-08 -0)
(9.17215e-07 1.30054e-08 -0)
(9.33237e-07 4.04994e-08 -0)
(9.61232e-07 2.51758e-08 -0)
(9.70849e-07 -8.76692e-09 -0)
(9.62805e-07 -3.29741e-08 -0)
(9.48343e-07 -4.80222e-08 -0)
(9.32677e-07 -5.77862e-08 -0)
(9.17596e-07 -6.48683e-08 -0)
(9.04447e-07 -7.03695e-08 -0)
(8.95617e-07 -7.59384e-08 -0)
(8.94104e-07 -8.62982e-08 -0)
(8.95792e-07 -1.17178e-07 -0)
(8.85906e-07 -1.75757e-07 -0)
(8.54981e-07 -2.4639e-07 -0)
(8.03517e-07 -3.24161e-07 -0)
(7.29528e-07 -4.12199e-07 -0)
(6.25323e-07 -5.09918e-07 -0)
(4.84887e-07 -6.04512e-07 -0)
(3.09428e-07 -6.81531e-07 -0)
(1.06759e-07 -7.26997e-07 -0)
(8.63932e-05 -4.34544e-05 -0)
(7.79827e-05 -4.71436e-05 -0)
(6.72762e-05 -5.23103e-05 -0)
(5.8688e-05 -6.16679e-05 -0)
(4.8319e-05 -6.89061e-05 -0)
(1.98878e-05 -3.83313e-05 -0)
(3.15098e-07 -2.28972e-07 -0)
(7.78602e-07 7.02303e-08 -0)
(8.83946e-07 6.47614e-09 -0)
(9.10355e-07 7.19707e-09 -0)
(9.21779e-07 9.74281e-09 -0)
(9.33341e-07 1.61854e-08 -0)
(9.45787e-07 9.06653e-09 -0)
(9.506e-07 -7.07041e-09 -0)
(9.46383e-07 -2.24077e-08 -0)
(9.36538e-07 -3.42942e-08 -0)
(9.23961e-07 -4.32889e-08 -0)
(9.10338e-07 -5.06743e-08 -0)
(8.96757e-07 -5.78381e-08 -0)
(8.84003e-07 -6.68932e-08 -0)
(8.71878e-07 -8.16923e-08 -0)
(8.56842e-07 -1.0843e-07 -0)
(8.31821e-07 -1.49615e-07 -0)
(7.91049e-07 -2.00851e-07 -0)
(7.31877e-07 -2.59082e-07 -0)
(6.5176e-07 -3.23183e-07 -0)
(5.47282e-07 -3.90252e-07 -0)
(4.1659e-07 -4.53055e-07 -0)
(2.6179e-07 -5.02741e-07 -0)
(8.94515e-08 -5.30787e-07 -0)
(8.57e-05 -3.31394e-05 -0)
(7.41585e-05 -3.61424e-05 -0)
(6.11737e-05 -4.10511e-05 -0)
(4.84341e-05 -4.80915e-05 -0)
(2.83695e-05 -4.51967e-05 -0)
(4.98611e-06 -1.89161e-05 -0)
(4.50841e-07 -1.91701e-07 -0)
(9.09821e-07 -5.53565e-08 -0)
(9.10371e-07 -1.80507e-08 -0)
(9.19482e-07 -3.78095e-09 -0)
(9.26204e-07 2.59136e-09 -0)
(9.32561e-07 5.43005e-09 -0)
(9.37976e-07 1.96821e-09 -0)
(9.39374e-07 -6.17908e-09 -0)
(9.35581e-07 -1.52922e-08 -0)
(9.27462e-07 -2.34568e-08 -0)
(9.16297e-07 -3.04048e-08 -0)
(9.03047e-07 -3.67057e-08 -0)
(8.88228e-07 -4.34058e-08 -0)
(8.71763e-07 -5.21143e-08 -0)
(8.52567e-07 -6.51606e-08 -0)
(8.27869e-07 -8.52408e-08 -0)
(7.93486e-07 -1.13423e-07 -0)
(7.45514e-07 -1.48312e-07 -0)
(6.81184e-07 -1.88136e-07 -0)
(5.98358e-07 -2.31205e-07 -0)
(4.95451e-07 -2.74857e-07 -0)
(3.72398e-07 -3.14717e-07 -0)
(2.31697e-07 -3.45584e-07 -0)
(7.87136e-08 -3.62611e-07 -0)
(8.51555e-05 -2.08028e-05 -0)
(7.10804e-05 -2.28063e-05 -0)
(5.66721e-05 -2.64048e-05 -0)
(3.88606e-05 -2.89834e-05 -0)
(1.9291e-05 -2.61105e-05 -0)
(3.24544e-06 -9.60238e-06 -0)
(4.84966e-07 -8.48988e-08 -0)
(9.58559e-07 -4.53977e-08 -0)
(9.35521e-07 -1.95324e-08 -0)
(9.30997e-07 -6.86149e-09 -0)
(9.3099e-07 -1.03295e-09 -0)
(9.32718e-07 9.72987e-10 -0)
(9.34178e-07 -4.4966e-10 -0)
(9.33339e-07 -4.32793e-09 -0)
(9.29105e-07 -9.12607e-09 -0)
(9.21426e-07 -1.38317e-08 -0)
(9.10712e-07 -1.8159e-08 -0)
(8.97337e-07 -2.23416e-08 -0)
(8.81348e-07 -2.69727e-08 -0)
(8.62248e-07 -3.29876e-08 -0)
(8.38751e-07 -4.15875e-08 -0)
(8.0858e-07 -5.39473e-08 -0)
(7.68749e-07 -7.05288e-08 -0)
(7.16336e-07 -9.08396e-08 -0)
(6.48984e-07 -1.13942e-07 -0)
(5.65039e-07 -1.38648e-07 -0)
(4.6377e-07 -1.63252e-07 -0)
(3.45862e-07 -1.85362e-07 -0)
(2.13896e-07 -2.0225e-07 -0)
(7.24242e-08 -2.11454e-07 -0)
(8.44226e-05 -7.06038e-06 -0)
(7.00648e-05 -7.88809e-06 -0)
(5.31794e-05 -8.94855e-06 -0)
(3.49401e-05 -9.91862e-06 -0)
(1.48876e-05 -8.20243e-06 -0)
(2.27604e-06 -2.27215e-06 -0)
(5.04271e-07 -2.63912e-08 -0)
(9.77598e-07 -1.64901e-08 -0)
(9.48907e-07 -7.82386e-09 -0)
(9.37981e-07 -3.10444e-09 -0)
(9.34038e-07 -8.3912e-10 -0)
(9.33144e-07 -5.61874e-11 -0)
(9.32675e-07 -4.12937e-10 -0)
(9.30698e-07 -1.55907e-09 -0)
(9.26077e-07 -3.0545e-09 -0)
(9.18429e-07 -4.58678e-09 -0)
(9.07787e-07 -6.05102e-09 -0)
(8.94233e-07 -7.51208e-09 -0)
(8.77582e-07 -9.15505e-09 -0)
(8.57148e-07 -1.12785e-08 -0)
(8.31608e-07 -1.42552e-08 -0)
(7.98928e-07 -1.84222e-08 -0)
(7.56594e-07 -2.39067e-08 -0)
(7.02101e-07 -3.05779e-08 -0)
(6.33376e-07 -3.81418e-08 -0)
(5.49049e-07 -4.61853e-08 -0)
(4.48737e-07 -5.41321e-08 -0)
(3.33399e-07 -6.12184e-08 -0)
(2.05604e-07 -6.65951e-08 -0)
(6.95097e-08 -6.95097e-08 -0)
)
;

boundaryField
{
    inlet1
    {
        type            extrapolatedCalculated;
        value           nonuniform List<vector> 10((1e-05 3.53945e-05 -0) (1e-05 0.00011202 -0) (1e-05 0.000197638 -0) (1e-05 0.000283005 -0) (1e-05 0.000389476 -0) (1e-05 0.000519245 -0) (1e-05 0.000646115 -0) (1e-05 0.000813679 -0) (1e-05 0.00113356 -0) (1e-05 0.001643 -0));
    }
    inlet2
    {
        type            extrapolatedCalculated;
        value           nonuniform List<vector> 10((-0 7.76394e-05 -0) (-0 7.05817e-05 -0) (-0 6.13398e-05 -0) (-0 5.37392e-05 -0) (-0 4.50022e-05 -0) (-0 2.6495e-05 -0) (-0 4.05777e-06 -0) (-0 -1.26409e-05 -0) (-0 -3.12329e-05 -0) (-0 -5.35365e-05 -0));
    }
    inlet3
    {
        type            extrapolatedCalculated;
        value           nonuniform List<vector> 10((9.13394e-05 -7.94843e-05 -0) (9.13394e-05 -7.1685e-05 -0) (9.13394e-05 -6.69554e-05 -0) (9.13394e-05 -6.29972e-05 -0) (9.13394e-05 -5.83299e-05 -0) (9.13394e-05 -5.19887e-05 -0) (9.13394e-05 -4.35048e-05 -0) (9.13394e-05 -3.28958e-05 -0) (9.13394e-05 -2.05124e-05 -0) (9.13394e-05 -6.969e-06 -0));
    }
    output1
    {
        type            extrapolatedCalculated;
        value           nonuniform List<vector> 10((-0 6.5571e-08 -0) (-0 1.99264e-07 -0) (-0 3.40999e-07 -0) (-0 4.97571e-07 -0) (-0 6.78503e-07 -0) (-0 8.9871e-07 -0) (-0 1.18421e-06 -0) (-0 1.58594e-06 -0) (-0 2.21761e-06 -0) (-0 3.37186e-06 -0));
    }
    output2
    {
        type            extrapolatedCalculated;
        value           nonuniform List<vector> 10((6.59073e-06 2.62193e-06 -0) (4.36881e-06 7.14721e-07 -0) (3.73185e-06 1.8335e-07 -0) (3.63541e-06 -1.90534e-08 -0) (3.80806e-06 -1.31014e-07 -0) (4.15947e-06 -2.26684e-07 -0) (3.60228e-06 -1.09621e-07 -0) (0.00048873 -8.61176e-06 -0) (0.000489476 -1.34864e-05 -0) (5.28976e-06 -2.73802e-06 -0));
    }
    output3
    {
        type            extrapolatedCalculated;
        value           nonuniform List<vector> 10((-0 -4.19271e-06 -0) (-0 -2.52862e-06 -0) (-0 -1.74893e-06 -0) (-0 -1.28713e-06 -0) (-0 -9.68668e-07 -0) (-0 -7.26997e-07 -0) (-0 -5.30787e-07 -0) (-0 -3.62611e-07 -0) (-0 -2.11454e-07 -0) (-0 -6.95097e-08 -0));
    }
    up
    {
        type            extrapolatedCalculated;
        value           nonuniform List<vector> 
30
(
(8.44226e-05 -0 -0)
(7.00648e-05 -0 -0)
(5.31794e-05 -0 -0)
(3.49401e-05 -0 -0)
(1.48876e-05 -0 -0)
(2.27604e-06 -0 -0)
(5.04271e-07 -0 -0)
(9.77598e-07 -0 -0)
(9.48907e-07 -0 -0)
(9.37981e-07 -0 -0)
(9.34038e-07 -0 -0)
(9.33144e-07 -0 -0)
(9.32675e-07 -0 -0)
(9.30698e-07 -0 -0)
(9.26077e-07 -0 -0)
(9.18429e-07 -0 -0)
(9.07787e-07 -0 -0)
(8.94233e-07 -0 -0)
(8.77582e-07 -0 -0)
(8.57148e-07 -0 -0)
(8.31608e-07 -0 -0)
(7.98928e-07 -0 -0)
(7.56594e-07 -0 -0)
(7.02101e-07 -0 -0)
(6.33376e-07 -0 -0)
(5.49049e-07 -0 -0)
(4.48737e-07 -0 -0)
(3.33399e-07 -0 -0)
(2.05604e-07 -0 -0)
(6.95097e-08 -0 -0)
)
;
    }
    down
    {
        type            extrapolatedCalculated;
        value           nonuniform List<vector> 
30
(
(3.15509e-06 -0 -0)
(1.56485e-06 -0 -0)
(1.78881e-06 -0 -0)
(3.46978e-07 -0 -0)
(9.68813e-07 -0 -0)
(8.80128e-07 -0 -0)
(8.77785e-07 -0 -0)
(8.743e-07 -0 -0)
(8.71643e-07 -0 -0)
(8.70406e-07 -0 -0)
(8.705e-07 -0 -0)
(8.71517e-07 -0 -0)
(8.72907e-07 -0 -0)
(8.74044e-07 -0 -0)
(8.74253e-07 -0 -0)
(8.7279e-07 -0 -0)
(8.68828e-07 -0 -0)
(8.61432e-07 -0 -0)
(8.49532e-07 -0 -0)
(8.31899e-07 -0 -0)
(8.07143e-07 -0 -0)
(7.73736e-07 -0 -0)
(7.30063e-07 -0 -0)
(6.74543e-07 -0 -0)
(6.05802e-07 -0 -0)
(5.22935e-07 -0 -0)
(4.25822e-07 -0 -0)
(3.15447e-07 -0 -0)
(1.94137e-07 -0 -0)
(6.55632e-08 -0 -0)
)
;
    }
    emptyWalls
    {
        type            empty;
    }
}


// ************************************************************************* //
