/*--------------------------------*- C++ -*----------------------------------*\
  =========                 |
  \\      /  F ield         | OpenFOAM: The Open Source CFD Toolbox
   \\    /   O peration     | Website:  https://openfoam.org
    \\  /    A nd           | Version:  9
     \\/     M anipulation  |
\*---------------------------------------------------------------------------*/
FoamFile
{
    format      ascii;
    class       volScalarField;
    location    "25000";
    object      alpha;
}
// * * * * * * * * * * * * * * * * * * * * * * * * * * * * * * * * * * * * * //

dimensions      [0 2 -1 0 0 0 0];

internalField   nonuniform List<scalar> 
900
(
-3.61802e-11
-4.93819e-11
-1.09924e-10
-2.5714e-12
-3.94502e-14
-4.0652e-14
-4.0652e-14
-4.0652e-14
-4.0652e-14
-4.0652e-14
-4.0652e-14
-4.0652e-14
-4.0652e-14
-4.0652e-14
-4.0652e-14
-4.0652e-14
-4.0652e-14
-4.0652e-14
-4.0652e-14
-4.0652e-14
-4.0652e-14
-4.0652e-14
-4.0652e-14
-4.0652e-14
-4.0652e-14
-4.0652e-14
-4.0652e-14
-4.0652e-14
-4.0652e-14
-4.0652e-14
-3.52285e-10
-1.37113e-10
-9.27173e-12
-7.80817e-12
-2.88991e-14
-4.0652e-14
-4.0652e-14
-4.0652e-14
-4.0652e-14
-4.0652e-14
-4.0652e-14
-4.0652e-14
-4.0652e-14
-4.0652e-14
-4.0652e-14
-4.0652e-14
-4.0652e-14
-4.0652e-14
-4.0652e-14
-4.0652e-14
-4.0652e-14
-4.0652e-14
-4.0652e-14
-4.0652e-14
-4.0652e-14
-4.0652e-14
-4.0652e-14
-4.0652e-14
-4.0652e-14
-4.0652e-14
-2.24883e-10
-4.48769e-11
-9.43773e-12
-6.88241e-13
-4.04517e-14
-4.0652e-14
-4.0652e-14
-4.0652e-14
-4.0652e-14
-4.0652e-14
-4.0652e-14
-4.0652e-14
-4.0652e-14
-4.0652e-14
-4.0652e-14
-4.0652e-14
-4.0652e-14
-4.0652e-14
-4.0652e-14
-4.0652e-14
-4.0652e-14
-4.0652e-14
-4.0652e-14
-4.0652e-14
-4.0652e-14
-4.0652e-14
-4.0652e-14
-4.0652e-14
-4.0652e-14
-4.0652e-14
-2.84423e-10
-8.17586e-11
-8.26383e-12
-5.60737e-14
-4.06448e-14
-4.0652e-14
-4.0652e-14
-4.0652e-14
-4.0652e-14
-4.0652e-14
-4.0652e-14
-4.0652e-14
-4.0652e-14
-4.0652e-14
-4.0652e-14
-4.0652e-14
-4.0652e-14
-4.0652e-14
-4.0652e-14
-4.0652e-14
-4.0652e-14
-4.0652e-14
-4.0652e-14
-4.0652e-14
-4.0652e-14
-4.0652e-14
-4.0652e-14
-4.0652e-14
-4.0652e-14
-4.0652e-14
-1.82611e-10
-3.03591e-11
-1.00588e-11
-2.91783e-14
-4.06512e-14
-4.0652e-14
-4.0652e-14
-4.0652e-14
-4.0652e-14
-4.0652e-14
-4.0652e-14
-4.0652e-14
-4.0652e-14
-4.0652e-14
-4.0652e-14
-4.0652e-14
-4.0652e-14
-4.0652e-14
-4.0652e-14
-4.0652e-14
-4.0652e-14
-4.0652e-14
-4.0652e-14
-4.0652e-14
-4.0652e-14
-4.0652e-14
-4.0652e-14
-4.0652e-14
-4.0652e-14
-4.0652e-14
-2.39631e-10
-7.49286e-11
-1.03271e-11
-2.82881e-14
-4.0652e-14
-4.0652e-14
-4.0652e-14
-4.0652e-14
-4.0652e-14
-4.0652e-14
-4.0652e-14
-4.0652e-14
-4.0652e-14
-4.0652e-14
-4.0652e-14
-4.0652e-14
-4.0652e-14
-4.0652e-14
-4.0652e-14
-4.0652e-14
-4.0652e-14
-4.0652e-14
-4.0652e-14
-4.0652e-14
-4.0652e-14
-4.0652e-14
-4.0652e-14
-4.0652e-14
-4.0652e-14
-4.0652e-14
-2.00154e-10
-3.49547e-11
-1.40967e-11
-3.25867e-14
-4.0652e-14
-4.0652e-14
-4.0652e-14
-4.0652e-14
-4.0652e-14
-4.0652e-14
-4.0652e-14
-4.0652e-14
-4.0652e-14
-4.0652e-14
-4.0652e-14
-4.0652e-14
-4.0652e-14
-4.0652e-14
-4.0652e-14
-4.0652e-14
-4.0652e-14
-4.0652e-14
-4.0652e-14
-4.0652e-14
-4.0652e-14
-4.0652e-14
-4.0652e-14
-4.0652e-14
-4.0652e-14
-4.0652e-14
-2.92917e-10
-8.62808e-11
-1.4749e-11
-3.67851e-14
-4.0652e-14
-4.0652e-14
-4.0652e-14
-4.0652e-14
-4.0652e-14
-4.0652e-14
-4.0652e-14
-4.0652e-14
-4.0652e-14
-4.0652e-14
-4.0652e-14
-4.0652e-14
-4.0652e-14
-4.0652e-14
-4.0652e-14
-4.0652e-14
-4.0652e-14
-4.0652e-14
-4.0652e-14
-4.0652e-14
-4.0652e-14
-4.0652e-14
-4.0652e-14
-4.0652e-14
-4.0652e-14
-4.0652e-14
-2.87215e-10
-6.37337e-11
-2.45921e-11
-3.95339e-14
-4.0652e-14
-4.0652e-14
-4.0652e-14
-4.0652e-14
-4.0652e-14
-4.0652e-14
-4.0652e-14
-4.0652e-14
-4.0652e-14
-4.0652e-14
-4.0652e-14
-4.0652e-14
-4.0652e-14
-4.0652e-14
-4.0652e-14
-4.0652e-14
-4.0652e-14
-4.0652e-14
-4.0652e-14
-4.0652e-14
-4.0652e-14
-4.0652e-14
-4.0652e-14
-4.0652e-14
-4.0652e-14
-4.0652e-14
-4.7248e-10
-1.44881e-10
-2.11523e-11
-4.00155e-14
-4.0652e-14
-4.0652e-14
-4.0652e-14
-4.0652e-14
-4.0652e-14
-4.0652e-14
-4.0652e-14
-4.0652e-14
-4.0652e-14
-4.0652e-14
-4.0652e-14
-4.0652e-14
-4.0652e-14
-4.0652e-14
-4.0652e-14
-4.0652e-14
-4.0652e-14
-4.0652e-14
-4.0652e-14
-4.0652e-14
-4.0652e-14
-4.0652e-14
-4.0652e-14
-4.0652e-14
-4.0652e-14
-4.0652e-14
-5.49249e-10
-1.51359e-10
-4.41732e-11
-4.98958e-14
-4.06498e-14
-4.0652e-14
-4.0652e-14
-4.0652e-14
-4.0652e-14
-4.0652e-14
-4.0652e-14
-4.0652e-14
-4.0652e-14
-4.0652e-14
-4.0652e-14
-4.0652e-14
-4.0652e-14
-4.0652e-14
-4.0652e-14
-4.0652e-14
-4.0652e-14
-4.0652e-14
-4.0652e-14
-4.0652e-14
-4.0652e-14
-4.0652e-14
-4.0652e-14
-4.0652e-14
-4.0652e-14
-4.0652e-14
-9.48617e-10
-2.1924e-10
-1.76262e-11
-3.59142e-12
-1.19454e-12
-3.96274e-14
-4.06517e-14
-4.06518e-14
-4.06519e-14
-4.0652e-14
-4.0652e-14
-4.0652e-14
-4.0652e-14
-4.0652e-14
-4.0652e-14
-4.0652e-14
-4.0652e-14
-4.0652e-14
-4.0652e-14
-4.0652e-14
-4.0652e-14
-4.0652e-14
-4.0652e-14
-4.0652e-14
-4.0652e-14
-4.0652e-14
-4.0652e-14
-4.0652e-14
-4.0652e-14
-4.0652e-14
-9.54811e-10
-3.81788e-10
-1.46741e-10
-5.35244e-11
-2.24255e-11
-1.43995e-11
-1.06047e-11
-1.06333e-11
-5.5873e-12
-3.68011e-14
-3.84366e-14
-3.77074e-14
-3.74713e-14
-3.76839e-14
-3.80078e-14
-3.84739e-14
-3.89593e-14
-3.9476e-14
-4.00262e-14
-4.05195e-14
-4.0652e-14
-4.0652e-14
-4.0652e-14
-4.0652e-14
-4.0652e-14
-4.0652e-14
-4.0652e-14
-4.0652e-14
-4.0652e-14
-4.0652e-14
-2.18143e-10
-1.99082e-10
-1.14503e-10
-7.56285e-11
-4.53767e-11
-3.45844e-11
-2.74442e-11
-2.33826e-11
-1.81447e-11
-1.10782e-11
-9.74543e-12
-9.90866e-12
-1.02058e-11
-1.04286e-11
-1.05523e-11
-1.06129e-11
-1.07794e-11
-1.0752e-11
-1.12322e-11
-1.0917e-11
-1.21881e-11
-1.07421e-11
-1.39524e-11
-1.33277e-12
-2.68447e-14
-3.23592e-14
-3.92341e-14
-3.16974e-14
-2.65622e-14
-3.41277e-14
-3.56582e-11
-4.2666e-11
-3.05069e-11
-3.15204e-11
-2.74947e-11
-2.43867e-11
-2.13084e-11
-1.89936e-11
-1.79692e-11
-1.71549e-11
-1.57665e-11
-1.54471e-11
-1.56443e-11
-1.57084e-11
-1.59953e-11
-1.5807e-11
-1.63035e-11
-1.58692e-11
-1.6857e-11
-1.59025e-11
-1.74415e-11
-1.45355e-11
-1.42975e-11
-8.44552e-12
-6.54734e-12
-6.56754e-12
-6.88262e-12
-7.154e-12
-7.39636e-12
-7.47629e-12
-2.64164e-11
-2.0252e-11
-1.92266e-11
-1.76745e-11
-1.72097e-11
-1.63299e-11
-1.56027e-11
-1.50516e-11
-1.52589e-11
-1.60127e-11
-1.5844e-11
-1.56014e-11
-1.55562e-11
-1.55979e-11
-1.5725e-11
-1.57855e-11
-1.59785e-11
-1.59972e-11
-1.62127e-11
-1.59262e-11
-1.57111e-11
-1.4427e-11
-1.34472e-11
-1.28023e-11
-1.18485e-11
-1.14834e-11
-1.16689e-11
-1.20392e-11
-1.26134e-11
-1.28402e-11
-1.89701e-11
-1.74061e-11
-1.64122e-11
-1.60071e-11
-1.58111e-11
-1.55025e-11
-1.52602e-11
-1.5158e-11
-1.53242e-11
-1.56879e-11
-1.57982e-11
-1.57198e-11
-1.57027e-11
-1.57733e-11
-1.59351e-11
-1.61189e-11
-1.63085e-11
-1.64645e-11
-1.64733e-11
-1.63369e-11
-1.5822e-11
-1.53745e-11
-1.47904e-11
-1.503e-11
-1.48329e-11
-1.46145e-11
-1.45397e-11
-1.48159e-11
-1.54286e-11
-1.5981e-11
-1.73313e-11
-1.55249e-11
-1.55565e-11
-1.60561e-11
-1.65528e-11
-1.6918e-11
-1.7163e-11
-1.73758e-11
-1.75792e-11
-1.77709e-11
-1.79048e-11
-1.79505e-11
-1.80182e-11
-1.81461e-11
-1.83444e-11
-1.85735e-11
-1.87567e-11
-1.89002e-11
-1.88219e-11
-1.87073e-11
-1.83031e-11
-1.82259e-11
-1.79756e-11
-1.83613e-11
-1.80616e-11
-1.81076e-11
-1.72722e-11
-1.70652e-11
-1.63983e-11
-1.68243e-11
-1.5565e-11
-1.56638e-11
-1.69844e-11
-1.83893e-11
-1.9449e-11
-2.01474e-11
-2.05968e-11
-2.08746e-11
-2.10578e-11
-2.11547e-11
-2.12509e-11
-2.12714e-11
-2.13222e-11
-2.13197e-11
-2.13924e-11
-2.13512e-11
-2.13314e-11
-2.11013e-11
-2.08625e-11
-2.04813e-11
-2.01914e-11
-2.00322e-11
-1.99044e-11
-2.00387e-11
-1.95998e-11
-1.96563e-11
-1.81859e-11
-1.75916e-11
-1.45421e-11
-1.36684e-11
-1.57947e-11
-1.85882e-11
-2.13214e-11
-2.28555e-11
-2.34788e-11
-2.36741e-11
-2.3676e-11
-2.35993e-11
-2.34747e-11
-2.3322e-11
-2.31713e-11
-2.29761e-11
-2.27758e-11
-2.2477e-11
-2.22012e-11
-2.17522e-11
-2.13908e-11
-2.07699e-11
-2.04396e-11
-1.98041e-11
-1.97836e-11
-1.92894e-11
-1.96217e-11
-1.90844e-11
-1.93411e-11
-1.86344e-11
-1.81185e-11
-1.77989e-11
-1.3485e-11
-1.21789e-11
-2.26553e-11
-2.71142e-11
-2.70552e-11
-2.56091e-11
-2.42546e-11
-2.32868e-11
-2.2604e-11
-2.21432e-11
-2.17676e-11
-2.14928e-11
-2.12068e-11
-2.09734e-11
-2.06618e-11
-2.03807e-11
-1.9996e-11
-1.96711e-11
-1.92809e-11
-1.90159e-11
-1.8792e-11
-1.86984e-11
-1.87753e-11
-1.871e-11
-1.90652e-11
-1.84995e-11
-1.91529e-11
-1.72925e-11
-1.85967e-11
-1.55472e-11
-2.31604e-11
-3.24561e-11
-1.8466e-11
-1.74946e-11
-1.74151e-11
-1.75948e-11
-1.78722e-11
-1.81927e-11
-1.85077e-11
-1.87947e-11
-1.90227e-11
-1.92218e-11
-1.9352e-11
-1.94758e-11
-1.95143e-11
-1.95697e-11
-1.95232e-11
-1.95459e-11
-1.9459e-11
-1.95206e-11
-1.94128e-11
-1.95425e-11
-1.92932e-11
-1.94321e-11
-1.87755e-11
-1.87831e-11
-1.75346e-11
-1.71712e-11
-1.56137e-11
-1.5059e-11
-1.35194e-11
-3.80732e-12
-1.91357e-11
-1.96603e-11
-2.07834e-11
-2.17859e-11
-2.24349e-11
-2.27685e-11
-2.29146e-11
-2.29468e-11
-2.29162e-11
-2.28433e-11
-2.27255e-11
-2.25744e-11
-2.23573e-11
-2.20954e-11
-2.17469e-11
-2.1349e-11
-2.08848e-11
-2.03754e-11
-1.98903e-11
-1.93275e-11
-1.89239e-11
-1.82855e-11
-1.77523e-11
-1.67924e-11
-1.55952e-11
-1.39376e-11
-1.24592e-11
-1.0562e-11
-8.19486e-12
-8.43325e-12
-1.93346e-11
-1.90964e-11
-1.89938e-11
-1.89501e-11
-1.8918e-11
-1.88454e-11
-1.87838e-11
-1.8699e-11
-1.86507e-11
-1.85721e-11
-1.85247e-11
-1.84321e-11
-1.83609e-11
-1.8251e-11
-1.81506e-11
-1.80608e-11
-1.79517e-11
-1.79556e-11
-1.78515e-11
-1.79172e-11
-1.76939e-11
-1.74127e-11
-1.66133e-11
-1.53541e-11
-1.28713e-11
-1.08227e-11
-8.77241e-12
-6.82474e-12
-5.73021e-12
-2.51069e-12
-1.93609e-11
-1.91644e-11
-1.91581e-11
-1.93141e-11
-1.95753e-11
-1.98209e-11
-2.00743e-11
-2.02375e-11
-2.0435e-11
-2.0515e-11
-2.06883e-11
-2.07029e-11
-2.08805e-11
-2.08332e-11
-2.10099e-11
-2.08608e-11
-2.09311e-11
-2.05774e-11
-2.02799e-11
-1.95957e-11
-1.86549e-11
-1.73851e-11
-1.58043e-11
-1.29585e-11
-9.599e-12
-7.3806e-12
-4.69262e-12
-3.78483e-12
-3.43118e-12
-3.12524e-14
-1.94047e-11
-1.92631e-11
-1.92038e-11
-1.92173e-11
-1.9289e-11
-1.93623e-11
-1.94514e-11
-1.94871e-11
-1.9561e-11
-1.95434e-11
-1.96266e-11
-1.95514e-11
-1.96696e-11
-1.95008e-11
-1.96456e-11
-1.92715e-11
-1.93408e-11
-1.85955e-11
-1.83965e-11
-1.73972e-11
-1.65417e-11
-1.5291e-11
-1.29217e-11
-9.17494e-12
-6.40156e-12
-4.32831e-12
-4.95895e-13
-4.05987e-14
-4.0652e-14
-4.0652e-14
-1.94349e-11
-1.93252e-11
-1.92576e-11
-1.92378e-11
-1.92681e-11
-1.93252e-11
-1.94123e-11
-1.94822e-11
-1.95879e-11
-1.96361e-11
-1.97719e-11
-1.97862e-11
-1.99929e-11
-1.99441e-11
-2.02729e-11
-2.00541e-11
-2.05163e-11
-1.98081e-11
-2.02086e-11
-1.85014e-11
-1.77638e-11
-1.49487e-11
-1.02868e-11
-5.26731e-12
-4.26183e-12
-3.3387e-14
-4.0652e-14
-4.0652e-14
-4.0652e-14
-4.0652e-14
-1.94528e-11
-1.93678e-11
-1.9303e-11
-1.92748e-11
-1.92711e-11
-1.93069e-11
-1.93521e-11
-1.94238e-11
-1.94899e-11
-1.95736e-11
-1.96582e-11
-1.97478e-11
-1.98779e-11
-1.99629e-11
-2.01924e-11
-2.01951e-11
-2.05657e-11
-2.00348e-11
-2.02672e-11
-1.75937e-11
-1.68786e-11
-1.16526e-11
-5.65235e-12
-3.18238e-14
-4.0652e-14
-4.0652e-14
-4.0652e-14
-4.0652e-14
-4.0652e-14
-4.0652e-14
-1.94635e-11
-1.9393e-11
-1.93337e-11
-1.9303e-11
-1.92848e-11
-1.93072e-11
-1.93311e-11
-1.94012e-11
-1.94493e-11
-1.95552e-11
-1.96172e-11
-1.97623e-11
-1.98535e-11
-2.00562e-11
-2.02263e-11
-2.04879e-11
-2.08116e-11
-2.08861e-11
-2.12064e-11
-1.89775e-11
-1.79526e-11
-7.69257e-12
-3.15005e-14
-4.0652e-14
-4.0652e-14
-4.0652e-14
-4.0652e-14
-4.0652e-14
-4.0652e-14
-4.0652e-14
-1.94684e-11
-1.94048e-11
-1.93488e-11
-1.93181e-11
-1.92945e-11
-1.9311e-11
-1.93249e-11
-1.93932e-11
-1.94312e-11
-1.95481e-11
-1.95941e-11
-1.97739e-11
-1.98281e-11
-2.01196e-11
-2.02006e-11
-2.06915e-11
-2.08052e-11
-2.15751e-11
-2.14925e-11
-2.1875e-11
-1.82606e-11
-2.9135e-14
-4.0652e-14
-4.0652e-14
-4.0652e-14
-4.0652e-14
-4.0652e-14
-4.0652e-14
-4.0652e-14
-4.0652e-14
)
;

boundaryField
{
    inlet1
    {
        type            calculated;
        value           uniform -5e-10;
    }
    inlet2
    {
        type            calculated;
        value           nonuniform List<scalar> 10(-5.49249e-10 -9.48617e-10 -9.54811e-10 -2.18143e-10 -3.56582e-11 -2.64164e-11 -1.89701e-11 -1.73313e-11 -1.5565e-11 -1.57947e-11);
    }
    inlet3
    {
        type            calculated;
        value           uniform -1.95111e-11;
    }
    output1
    {
        type            calculated;
        value           nonuniform List<scalar> 10(-4.0652e-14 -4.0652e-14 -4.0652e-14 -4.0652e-14 -4.0652e-14 -4.0652e-14 -4.0652e-14 -4.0652e-14 -4.0652e-14 -4.0652e-14);
    }
    output2
    {
        type            calculated;
        value           nonuniform List<scalar> 10(-4.0652e-14 -4.0652e-14 -4.0652e-14 -3.41277e-14 -7.47629e-12 -1.28402e-11 -1.5981e-11 -1.68243e-11 -1.36684e-11 -1.21789e-11);
    }
    output3
    {
        type            calculated;
        value           nonuniform List<scalar> 10(-3.24561e-11 -3.80732e-12 -8.43325e-12 -2.51069e-12 -3.12524e-14 -4.0652e-14 -4.0652e-14 -4.0652e-14 -4.0652e-14 -4.0652e-14);
    }
    up
    {
        type            calculated;
        value           nonuniform List<scalar> 
30
(
-1.94684e-11
-1.94048e-11
-1.93488e-11
-1.93181e-11
-1.92945e-11
-1.9311e-11
-1.93249e-11
-1.93932e-11
-1.94312e-11
-1.95481e-11
-1.95941e-11
-1.97739e-11
-1.98281e-11
-2.01196e-11
-2.02006e-11
-2.06915e-11
-2.08052e-11
-2.15751e-11
-2.14925e-11
-2.1875e-11
-1.82606e-11
-2.9135e-14
-4.0652e-14
-4.0652e-14
-4.0652e-14
-4.0652e-14
-4.0652e-14
-4.0652e-14
-4.0652e-14
-4.0652e-14
)
;
    }
    down
    {
        type            calculated;
        value           nonuniform List<scalar> 
30
(
-3.61802e-11
-4.93819e-11
-1.09924e-10
-2.5714e-12
-3.94502e-14
-4.0652e-14
-4.0652e-14
-4.0652e-14
-4.0652e-14
-4.0652e-14
-4.0652e-14
-4.0652e-14
-4.0652e-14
-4.0652e-14
-4.0652e-14
-4.0652e-14
-4.0652e-14
-4.0652e-14
-4.0652e-14
-4.0652e-14
-4.0652e-14
-4.0652e-14
-4.0652e-14
-4.0652e-14
-4.0652e-14
-4.0652e-14
-4.0652e-14
-4.0652e-14
-4.0652e-14
-4.0652e-14
)
;
    }
    emptyWalls
    {
        type            empty;
    }
}


// ************************************************************************* //
