/*--------------------------------*- C++ -*----------------------------------*\
  =========                 |
  \\      /  F ield         | OpenFOAM: The Open Source CFD Toolbox
   \\    /   O peration     | Website:  https://openfoam.org
    \\  /    A nd           | Version:  9
     \\/     M anipulation  |
\*---------------------------------------------------------------------------*/
FoamFile
{
    format      ascii;
    class       volScalarField;
    location    "25000";
    object      fw;
}
// * * * * * * * * * * * * * * * * * * * * * * * * * * * * * * * * * * * * * //

dimensions      [0 0 0 0 0 0 0];

internalField   nonuniform List<scalar> 
900
(
0.970608
0.98419
0.99767
0.313374
1.40468e-08
4.7991e-09
4.7991e-09
4.7991e-09
4.7991e-09
4.7991e-09
4.7991e-09
4.7991e-09
4.7991e-09
4.7991e-09
4.7991e-09
4.7991e-09
4.7991e-09
4.7991e-09
4.7991e-09
4.7991e-09
4.7991e-09
4.7991e-09
4.7991e-09
4.7991e-09
4.7991e-09
4.7991e-09
4.7991e-09
4.7991e-09
4.7991e-09
4.7991e-09
0.999989
0.998787
0.753961
0.700745
1.24808e-05
4.7992e-09
4.7991e-09
4.7991e-09
4.7991e-09
4.7991e-09
4.7991e-09
4.7991e-09
4.7991e-09
4.7991e-09
4.7991e-09
4.7991e-09
4.7991e-09
4.7991e-09
4.7991e-09
4.7991e-09
4.7991e-09
4.7991e-09
4.7991e-09
4.7991e-09
4.7991e-09
4.7991e-09
4.7991e-09
4.7991e-09
4.7991e-09
4.7991e-09
0.999809
0.980756
0.759133
0.0711643
5.78692e-09
4.7991e-09
4.7991e-09
4.7991e-09
4.7991e-09
4.7991e-09
4.7991e-09
4.7991e-09
4.7991e-09
4.7991e-09
4.7991e-09
4.7991e-09
4.7991e-09
4.7991e-09
4.7991e-09
4.7991e-09
4.7991e-09
4.7991e-09
4.7991e-09
4.7991e-09
4.7991e-09
4.7991e-09
4.7991e-09
4.7991e-09
4.7991e-09
4.7991e-09
0.999945
0.994943
0.718915
0.00236379
4.83213e-09
4.7991e-09
4.7991e-09
4.7991e-09
4.7991e-09
4.7991e-09
4.7991e-09
4.7991e-09
4.7991e-09
4.7991e-09
4.7991e-09
4.7991e-09
4.7991e-09
4.7991e-09
4.7991e-09
4.7991e-09
4.7991e-09
4.7991e-09
4.7991e-09
4.7991e-09
4.7991e-09
4.7991e-09
4.7991e-09
4.7991e-09
4.7991e-09
4.7991e-09
0.999547
0.959254
0.777177
0.000398079
4.80299e-09
4.7991e-09
4.7991e-09
4.7991e-09
4.7991e-09
4.7991e-09
4.7991e-09
4.7991e-09
4.7991e-09
4.7991e-09
4.7991e-09
4.7991e-09
4.7991e-09
4.7991e-09
4.7991e-09
4.7991e-09
4.7991e-09
4.7991e-09
4.7991e-09
4.7991e-09
4.7991e-09
4.7991e-09
4.7991e-09
4.7991e-09
4.7991e-09
4.7991e-09
0.999859
0.993752
0.78438
1.79931e-05
4.79922e-09
4.7991e-09
4.7991e-09
4.7991e-09
4.7991e-09
4.7991e-09
4.7991e-09
4.7991e-09
4.7991e-09
4.7991e-09
4.7991e-09
4.7991e-09
4.7991e-09
4.7991e-09
4.7991e-09
4.7991e-09
4.7991e-09
4.7991e-09
4.7991e-09
4.7991e-09
4.7991e-09
4.7991e-09
4.7991e-09
4.7991e-09
4.7991e-09
4.7991e-09
0.999684
0.968621
0.85811
1.5446e-06
4.7991e-09
4.7991e-09
4.7991e-09
4.7991e-09
4.7991e-09
4.7991e-09
4.7991e-09
4.7991e-09
4.7991e-09
4.7991e-09
4.7991e-09
4.7991e-09
4.7991e-09
4.7991e-09
4.7991e-09
4.7991e-09
4.7991e-09
4.7991e-09
4.7991e-09
4.7991e-09
4.7991e-09
4.7991e-09
4.7991e-09
4.7991e-09
4.7991e-09
4.7991e-09
0.999954
0.995577
0.867076
1.09059e-07
4.7991e-09
4.7991e-09
4.7991e-09
4.7991e-09
4.7991e-09
4.7991e-09
4.7991e-09
4.7991e-09
4.7991e-09
4.7991e-09
4.7991e-09
4.7991e-09
4.7991e-09
4.7991e-09
4.7991e-09
4.7991e-09
4.7991e-09
4.7991e-09
4.7991e-09
4.7991e-09
4.7991e-09
4.7991e-09
4.7991e-09
4.7991e-09
4.7991e-09
4.7991e-09
0.999948
0.990906
0.940905
1.30809e-08
4.7991e-09
4.7991e-09
4.7991e-09
4.7991e-09
4.7991e-09
4.7991e-09
4.7991e-09
4.7991e-09
4.7991e-09
4.7991e-09
4.7991e-09
4.7991e-09
4.7991e-09
4.7991e-09
4.7991e-09
4.7991e-09
4.7991e-09
4.7991e-09
4.7991e-09
4.7991e-09
4.7991e-09
4.7991e-09
4.7991e-09
4.7991e-09
4.7991e-09
4.7991e-09
1
0.998982
0.923931
8.59677e-09
4.7991e-09
4.7991e-09
4.7991e-09
4.7991e-09
4.7991e-09
4.7991e-09
4.7991e-09
4.7991e-09
4.7991e-09
4.7991e-09
4.7991e-09
4.7991e-09
4.7991e-09
4.7991e-09
4.7991e-09
4.7991e-09
4.7991e-09
4.7991e-09
4.7991e-09
4.7991e-09
4.7991e-09
4.7991e-09
4.7991e-09
4.7991e-09
4.7991e-09
4.79911e-09
1
0.999118
0.980131
0.00190482
4.80944e-09
4.7991e-09
4.7991e-09
4.7991e-09
4.7991e-09
4.7991e-09
4.7991e-09
4.7991e-09
4.7991e-09
4.7991e-09
4.7991e-09
4.7991e-09
4.7991e-09
4.7991e-09
4.7991e-09
4.7991e-09
4.7991e-09
4.7991e-09
4.7991e-09
4.7991e-09
4.7991e-09
4.7991e-09
4.7991e-09
4.7991e-09
4.79909e-09
4.79909e-09
1.00003
0.999786
0.898284
0.423423
0.137424
1.20732e-08
4.8008e-09
4.80008e-09
4.79984e-09
4.7991e-09
4.7991e-09
4.7991e-09
4.7991e-09
4.7991e-09
4.7991e-09
4.7991e-09
4.7991e-09
4.7991e-09
4.7991e-09
4.7991e-09
4.7991e-09
4.7991e-09
4.7991e-09
4.7991e-09
4.7991e-09
4.7991e-09
4.7991e-09
4.7991e-09
4.7991e-09
4.7991e-09
1.00003
0.999995
0.999024
0.986661
0.930937
0.862377
0.79149
0.792204
0.584368
1.07837e-07
3.20848e-08
5.60007e-08
6.6673e-08
5.69867e-08
4.46716e-08
3.11597e-08
2.11278e-08
1.37423e-08
8.51533e-09
5.43415e-09
4.79945e-09
4.79941e-09
4.79934e-09
4.79928e-09
4.7991e-09
4.7991e-09
4.7991e-09
4.7991e-09
4.7991e-09
4.7991e-09
0.999781
0.999677
0.997924
0.993889
0.981184
0.967984
0.951176
0.935614
0.902767
0.802866
0.768322
0.772996
0.781166
0.787019
0.790173
0.791695
0.795793
0.795127
0.806374
0.799095
0.826278
0.794886
0.85601
0.155862
0.000185132
0.000637413
0.00113161
0.000588916
7.40387e-05
6.18516e-07
0.969783
0.978697
0.959613
0.961955
0.951334
0.940051
0.924843
0.909517
0.901282
0.893947
0.879514
0.875796
0.87811
0.878849
0.882079
0.879973
0.885412
0.880675
0.891067
0.881048
0.896615
0.864233
0.86096
0.72573
0.641127
0.642205
0.658471
0.671678
0.682886
0.686466
0.947788
0.91835
0.911252
0.898714
0.894464
0.885692
0.877628
0.870961
0.873528
0.88227
0.880391
0.877612
0.877084
0.877572
0.87904
0.879729
0.881893
0.8821
0.884444
0.881312
0.87888
0.862755
0.848294
0.837552
0.819557
0.81191
0.815853
0.823377
0.8342
0.838214
0.90934
0.896291
0.886556
0.882209
0.880019
0.876452
0.873544
0.872288
0.874321
0.878614
0.879874
0.87898
0.878784
0.87959
0.881411
0.883432
0.885466
0.8871
0.887191
0.885766
0.880142
0.874928
0.867617
0.870689
0.86817
0.865296
0.86429
0.867949
0.875576
0.881921
0.895601
0.876717
0.877087
0.882748
0.88801
0.891666
0.894024
0.896012
0.897863
0.899564
0.900728
0.901122
0.901699
0.902779
0.904418
0.906263
0.907703
0.908808
0.908207
0.907318
0.90408
0.903443
0.901337
0.904556
0.902068
0.902455
0.895051
0.893091
0.88641
0.890745
0.877187
0.878336
0.892312
0.904784
0.912865
0.917664
0.920554
0.922269
0.923371
0.923945
0.924509
0.924628
0.924923
0.924908
0.925327
0.92509
0.924976
0.92363
0.922195
0.919826
0.917953
0.916899
0.916038
0.916942
0.913934
0.91433
0.903111
0.897974
0.864323
0.851744
0.879834
0.90638
0.924918
0.933096
0.936059
0.936949
0.936957
0.93661
0.93604
0.935331
0.934621
0.933684
0.932703
0.931201
0.929771
0.927352
0.925318
0.921629
0.91956
0.915353
0.915212
0.911712
0.914088
0.910199
0.912088
0.906746
0.902547
0.899809
0.848892
0.826102
0.932103
0.950122
0.949931
0.94489
0.939493
0.935166
0.931845
0.929465
0.927438
0.9259
0.924251
0.922866
0.920961
0.919183
0.916656
0.914433
0.91165
0.909685
0.907976
0.907248
0.907847
0.907339
0.910056
0.905673
0.910708
0.89524
0.906448
0.876979
0.934569
0.963952
0.905404
0.897099
0.896374
0.898002
0.900447
0.903167
0.905739
0.907997
0.909737
0.911217
0.912167
0.913056
0.91333
0.913722
0.913393
0.913554
0.912936
0.913375
0.912605
0.91353
0.91174
0.912744
0.907848
0.907907
0.897461
0.894101
0.877755
0.871053
0.849433
0.444146
0.910581
0.914358
0.921712
0.927538
0.930985
0.932667
0.933385
0.933542
0.933393
0.933036
0.932454
0.931696
0.930586
0.929212
0.927323
0.925078
0.922331
0.919148
0.915942
0.911989
0.908989
0.903936
0.899401
0.890428
0.877539
0.855792
0.831388
0.790418
0.716266
0.725277
0.912041
0.910288
0.909519
0.909187
0.908944
0.908388
0.907913
0.907253
0.906874
0.906253
0.905875
0.90513
0.904553
0.903651
0.902816
0.902061
0.901132
0.901165
0.900268
0.900836
0.898885
0.896351
0.888628
0.874682
0.838754
0.796841
0.73742
0.65556
0.593544
0.306196
0.912231
0.910794
0.910747
0.911892
0.913762
0.915469
0.917179
0.918255
0.919531
0.920039
0.921125
0.921216
0.922305
0.922017
0.923085
0.922185
0.922611
0.920433
0.918532
0.913905
0.906907
0.896097
0.879942
0.840252
0.764013
0.682173
0.520304
0.442028
0.407469
3.30093e-06
0.912547
0.91152
0.911085
0.911184
0.911709
0.912241
0.912882
0.913137
0.913661
0.913537
0.914122
0.913593
0.914423
0.913234
0.914255
0.911581
0.912085
0.906438
0.904842
0.896209
0.887896
0.873919
0.839622
0.750871
0.63321
0.49062
0.0475186
5.04601e-09
4.7991e-09
4.7991e-09
0.912764
0.911972
0.91148
0.911335
0.911556
0.911973
0.912601
0.913102
0.91385
0.914189
0.915132
0.91523
0.916635
0.916307
0.918486
0.917044
0.920047
0.91538
0.918066
0.905689
0.899502
0.869658
0.783319
0.562809
0.48496
9.66446e-07
4.7991e-09
4.7991e-09
4.7991e-09
4.7991e-09
0.912892
0.912281
0.911811
0.911606
0.911578
0.911839
0.912168
0.912684
0.913157
0.91375
0.914343
0.914965
0.915858
0.916433
0.91796
0.917977
0.920359
0.916916
0.918449
0.897993
0.89128
0.815511
0.588578
2.39084e-06
4.7991e-09
4.7991e-09
4.7991e-09
4.7991e-09
4.7991e-09
4.7991e-09
0.912968
0.912463
0.912034
0.911811
0.911678
0.911842
0.912016
0.912522
0.912867
0.91362
0.914056
0.915066
0.915692
0.917059
0.918182
0.919867
0.921885
0.922339
0.924249
0.909395
0.90114
0.695876
2.87069e-06
4.7991e-09
4.7991e-09
4.7991e-09
4.7991e-09
4.7991e-09
4.7991e-09
4.7991e-09
0.913004
0.912548
0.912144
0.911921
0.911749
0.911869
0.911971
0.912464
0.912737
0.913569
0.913894
0.915146
0.915518
0.91748
0.918014
0.921145
0.921845
0.926366
0.925899
0.928025
0.90373
0.000394647
4.79921e-09
4.7991e-09
4.7991e-09
4.7991e-09
4.7991e-09
4.7991e-09
4.7991e-09
4.7991e-09
)
;

boundaryField
{
    inlet1
    {
        type            calculated;
        value           uniform 1;
    }
    inlet2
    {
        type            calculated;
        value           nonuniform List<scalar> 10(1 1.00003 1.00003 0.999781 0.969783 0.947788 0.90934 0.895601 0.877187 0.879834);
    }
    inlet3
    {
        type            calculated;
        value           uniform 0.913307;
    }
    output1
    {
        type            calculated;
        value           nonuniform List<scalar> 10(4.7991e-09 4.7991e-09 4.7991e-09 4.7991e-09 4.7991e-09 4.7991e-09 4.7991e-09 4.7991e-09 4.7991e-09 4.79911e-09);
    }
    output2
    {
        type            calculated;
        value           nonuniform List<scalar> 10(4.79909e-09 4.7991e-09 4.7991e-09 6.18516e-07 0.686466 0.838214 0.881921 0.890745 0.851744 0.826102);
    }
    output3
    {
        type            calculated;
        value           nonuniform List<scalar> 10(0.963952 0.444146 0.725277 0.306196 3.30093e-06 4.7991e-09 4.7991e-09 4.7991e-09 4.7991e-09 4.7991e-09);
    }
    up
    {
        type            calculated;
        value           nonuniform List<scalar> 
30
(
0.913004
0.912548
0.912144
0.911921
0.911749
0.911869
0.911971
0.912464
0.912737
0.913569
0.913894
0.915146
0.915518
0.91748
0.918014
0.921145
0.921845
0.926366
0.925899
0.928025
0.90373
0.000394647
4.79921e-09
4.7991e-09
4.7991e-09
4.7991e-09
4.7991e-09
4.7991e-09
4.7991e-09
4.7991e-09
)
;
    }
    down
    {
        type            calculated;
        value           nonuniform List<scalar> 
30
(
0.970608
0.98419
0.99767
0.313374
1.40468e-08
4.7991e-09
4.7991e-09
4.7991e-09
4.7991e-09
4.7991e-09
4.7991e-09
4.7991e-09
4.7991e-09
4.7991e-09
4.7991e-09
4.7991e-09
4.7991e-09
4.7991e-09
4.7991e-09
4.7991e-09
4.7991e-09
4.7991e-09
4.7991e-09
4.7991e-09
4.7991e-09
4.7991e-09
4.7991e-09
4.7991e-09
4.7991e-09
4.7991e-09
)
;
    }
    emptyWalls
    {
        type            empty;
    }
}


// ************************************************************************* //
