/*--------------------------------*- C++ -*----------------------------------*\
  =========                 |
  \\      /  F ield         | OpenFOAM: The Open Source CFD Toolbox
   \\    /   O peration     | Website:  https://openfoam.org
    \\  /    A nd           | Version:  9
     \\/     M anipulation  |
\*---------------------------------------------------------------------------*/
FoamFile
{
    format      ascii;
    class       volScalarField;
    location    "25000";
    object      Sw;
}
// * * * * * * * * * * * * * * * * * * * * * * * * * * * * * * * * * * * * * //

dimensions      [0 0 0 0 0 0 0];

internalField   nonuniform List<scalar> 
900
(
0.64014
0.661505
0.720625
0.488017
0.15697
0.15
0.15
0.15
0.15
0.15
0.15
0.15
0.15
0.15
0.15
0.15
0.15
0.15
0.15
0.15
0.15
0.15
0.15
0.15
0.15
0.15
0.15
0.15
0.15
0.15
0.817851
0.738036
0.555593
0.545897
0.22784
0.15
0.15
0.15
0.15
0.15
0.15
0.15
0.15
0.15
0.15
0.15
0.15
0.15
0.15
0.15
0.15
0.15
0.15
0.15
0.15
0.15
0.15
0.15
0.15
0.15
0.778719
0.654857
0.556594
0.428631
0.151152
0.15
0.15
0.15
0.15
0.15
0.15
0.15
0.15
0.15
0.15
0.15
0.15
0.15
0.15
0.15
0.15
0.15
0.15
0.15
0.15
0.15
0.15
0.15
0.15
0.15
0.798948
0.698105
0.549078
0.330236
0.150042
0.15
0.15
0.15
0.15
0.15
0.15
0.15
0.15
0.15
0.15
0.15
0.15
0.15
0.15
0.15
0.15
0.15
0.15
0.15
0.15
0.15
0.15
0.15
0.15
0.15
0.761278
0.628405
0.560246
0.289517
0.150005
0.15
0.15
0.15
0.15
0.15
0.15
0.15
0.15
0.15
0.15
0.15
0.15
0.15
0.15
0.15
0.15
0.15
0.15
0.15
0.15
0.15
0.15
0.15
0.15
0.15
0.784123
0.691601
0.56177
0.233373
0.15
0.15
0.15
0.15
0.15
0.15
0.15
0.15
0.15
0.15
0.15
0.15
0.15
0.15
0.15
0.15
0.15
0.15
0.15
0.15
0.15
0.15
0.15
0.15
0.15
0.15
0.768899
0.637813
0.580083
0.200081
0.15
0.15
0.15
0.15
0.15
0.15
0.15
0.15
0.15
0.15
0.15
0.15
0.15
0.15
0.15
0.15
0.15
0.15
0.15
0.15
0.15
0.15
0.15
0.15
0.15
0.15
0.801511
0.702114
0.582811
0.172965
0.15
0.15
0.15
0.15
0.15
0.15
0.15
0.15
0.15
0.15
0.15
0.15
0.15
0.15
0.15
0.15
0.15
0.15
0.15
0.15
0.15
0.15
0.15
0.15
0.15
0.15
0.79979
0.679751
0.614675
0.156482
0.15
0.15
0.15
0.15
0.15
0.15
0.15
0.15
0.15
0.15
0.15
0.15
0.15
0.15
0.15
0.15
0.15
0.15
0.15
0.15
0.15
0.15
0.15
0.15
0.15
0.15
0.844716
0.742415
0.605063
0.153676
0.15
0.15
0.15
0.15
0.15
0.15
0.15
0.15
0.15
0.15
0.15
0.15
0.15
0.15
0.15
0.15
0.15
0.15
0.15
0.15
0.15
0.15
0.15
0.15
0.15
0.15
0.858859
0.745949
0.653797
0.324963
0.150013
0.15
0.15
0.15
0.15
0.15
0.15
0.15
0.15
0.15
0.15
0.15
0.15
0.15
0.15
0.15
0.15
0.15
0.15
0.15
0.15
0.15
0.15
0.15
0.15
0.15
0.912506
0.776567
0.593706
0.504604
0.452381
0.155935
0.150002
0.150001
0.150001
0.15
0.15
0.15
0.15
0.15
0.15
0.15
0.15
0.15
0.15
0.15
0.15
0.15
0.15
0.15
0.15
0.15
0.15
0.15
0.15
0.15
0.913154
0.825139
0.743446
0.66724
0.608792
0.581371
0.563308
0.563438
0.527714
0.172937
0.162961
0.167339
0.16877
0.167483
0.165531
0.162741
0.159861
0.156822
0.153615
0.150764
0.15
0.15
0.15
0.15
0.15
0.15
0.15
0.15
0.15
0.15
0.776109
0.768435
0.723806
0.692274
0.655654
0.637088
0.621801
0.611436
0.595508
0.565847
0.558428
0.559377
0.561079
0.562328
0.563013
0.563344
0.564249
0.564097
0.566643
0.56498
0.571433
0.564038
0.579458
0.457651
0.274001
0.299639
0.312601
0.297913
0.256874
0.18979
0.639137
0.651371
0.628743
0.630898
0.621915
0.614143
0.605547
0.598326
0.594879
0.592021
0.586854
0.585606
0.586379
0.586628
0.587733
0.58701
0.588897
0.587248
0.59094
0.587376
0.593035
0.58194
0.58094
0.550331
0.536172
0.536338
0.538912
0.541045
0.542888
0.543481
0.619306
0.602334
0.599083
0.593859
0.592216
0.588999
0.58622
0.584039
0.58486
0.587795
0.587151
0.586212
0.586036
0.586199
0.586693
0.586926
0.587666
0.587738
0.588554
0.587468
0.586641
0.581483
0.577268
0.574336
0.569774
0.567938
0.568877
0.570712
0.573461
0.574515
0.598243
0.592914
0.589304
0.587778
0.587027
0.585828
0.584871
0.584463
0.585122
0.586548
0.586976
0.586674
0.586608
0.58688
0.587502
0.588202
0.588916
0.589499
0.589532
0.589025
0.587072
0.585328
0.582983
0.583951
0.583159
0.582263
0.581951
0.583085
0.585537
0.587676
0.59265
0.585916
0.586039
0.587964
0.589826
0.591164
0.592048
0.592806
0.593524
0.594194
0.594658
0.594816
0.595049
0.595487
0.59616
0.59693
0.597541
0.598015
0.597757
0.597378
0.596022
0.59576
0.594904
0.59622
0.595201
0.595357
0.592439
0.591696
0.589252
0.590824
0.586072
0.586457
0.591405
0.596312
0.599801
0.60201
0.603396
0.604241
0.604792
0.605082
0.605368
0.605429
0.605579
0.605572
0.605787
0.605665
0.605607
0.604922
0.604205
0.603044
0.602148
0.601652
0.60125
0.601672
0.600284
0.600464
0.595622
0.593569
0.58196
0.578241
0.586964
0.59698
0.605577
0.609988
0.611706
0.612236
0.612242
0.612034
0.611695
0.611278
0.610864
0.610323
0.609765
0.608924
0.60814
0.606844
0.605784
0.603925
0.602916
0.600934
0.600868
0.599286
0.600352
0.598618
0.599452
0.597134
0.595392
0.594294
0.577433
0.571391
0.609427
0.620999
0.620857
0.617292
0.61379
0.611181
0.609283
0.607973
0.606888
0.606084
0.605237
0.604538
0.603595
0.602734
0.601538
0.600512
0.59926
0.598397
0.597659
0.597347
0.597602
0.597384
0.598555
0.596681
0.598842
0.59251
0.597009
0.586003
0.610834
0.632849
0.59657
0.593227
0.592946
0.593579
0.594546
0.595646
0.596711
0.597667
0.598418
0.599067
0.599489
0.599887
0.600011
0.600188
0.60004
0.600112
0.599834
0.600031
0.599684
0.6001
0.599297
0.599745
0.597602
0.597627
0.593366
0.592076
0.586261
0.584066
0.577584
0.507567
0.598787
0.600476
0.603964
0.606941
0.608805
0.609745
0.610153
0.610242
0.610157
0.609954
0.609625
0.6092
0.608585
0.607837
0.606828
0.605659
0.604272
0.602717
0.601206
0.59941
0.598094
0.595961
0.594129
0.590707
0.58619
0.579406
0.57273
0.563065
0.5486
0.550217
0.599433
0.598659
0.598323
0.59818
0.598074
0.597835
0.597631
0.59735
0.597189
0.596927
0.596768
0.596457
0.596216
0.595844
0.595502
0.595195
0.59482
0.594833
0.594475
0.594701
0.593928
0.592939
0.590052
0.585247
0.574664
0.564484
0.552439
0.53845
0.528965
0.486849
0.599517
0.59888
0.59886
0.599366
0.600206
0.600986
0.601782
0.60229
0.602901
0.603146
0.603676
0.60372
0.604258
0.604115
0.604648
0.604199
0.604411
0.603338
0.602423
0.600271
0.597207
0.592842
0.587008
0.575069
0.557573
0.542774
0.518381
0.507261
0.502289
0.20949
0.599658
0.599201
0.599009
0.599053
0.599285
0.599522
0.599809
0.599923
0.60016
0.600104
0.600369
0.600129
0.600506
0.599967
0.60043
0.599229
0.599452
0.597006
0.596337
0.592885
0.589789
0.584997
0.574905
0.554999
0.53497
0.51417
0.415269
0.150308
0.15
0.15
0.599755
0.599402
0.599183
0.599119
0.599217
0.599402
0.599683
0.599908
0.600246
0.600399
0.600831
0.600876
0.601527
0.601374
0.6024
0.601719
0.60315
0.600946
0.6022
0.596692
0.594171
0.583631
0.56156
0.524484
0.513389
0.194755
0.15
0.15
0.15
0.15
0.599813
0.599539
0.59933
0.599239
0.599227
0.599343
0.599489
0.59972
0.599932
0.6002
0.60047
0.600754
0.601166
0.601433
0.602151
0.602158
0.603302
0.601658
0.602384
0.593578
0.591023
0.568807
0.528253
0.205468
0.15
0.15
0.15
0.15
0.15
0.15
0.599847
0.599621
0.599429
0.59933
0.599271
0.599344
0.599421
0.599647
0.599802
0.600141
0.600339
0.6008
0.601089
0.601725
0.602256
0.603062
0.604051
0.604273
0.605238
0.598268
0.59483
0.54508
0.207762
0.15
0.15
0.15
0.15
0.15
0.15
0.15
0.599863
0.599659
0.599478
0.599379
0.599303
0.599356
0.599401
0.599621
0.599744
0.600118
0.600266
0.600837
0.601009
0.601923
0.602176
0.603684
0.604031
0.606324
0.606085
0.607199
0.595893
0.289494
0.15
0.15
0.15
0.15
0.15
0.15
0.15
0.15
)
;

boundaryField
{
    inlet1
    {
        type            fixedValue;
        value           uniform 0.85;
    }
    inlet2
    {
        type            zeroGradient;
    }
    inlet3
    {
        type            fixedValue;
        value           uniform 0.6;
    }
    output1
    {
        type            zeroGradient;
    }
    output2
    {
        type            zeroGradient;
    }
    output3
    {
        type            zeroGradient;
    }
    up
    {
        type            zeroGradient;
    }
    down
    {
        type            zeroGradient;
    }
    emptyWalls
    {
        type            empty;
    }
}


// ************************************************************************* //
