/*--------------------------------*- C++ -*----------------------------------*\
  =========                 |
  \\      /  F ield         | OpenFOAM: The Open Source CFD Toolbox
   \\    /   O peration     | Website:  https://openfoam.org
    \\  /    A nd           | Version:  9
     \\/     M anipulation  |
\*---------------------------------------------------------------------------*/
FoamFile
{
    format      ascii;
    class       volScalarField;
    location    "5000";
    object      alpha;
}
// * * * * * * * * * * * * * * * * * * * * * * * * * * * * * * * * * * * * * //

dimensions      [0 2 -1 0 0 0 0];

internalField   nonuniform List<scalar> 
900
(
-3.84271e-11
-9.21361e-12
-7.23176e-12
-3.65344e-14
-4.06488e-14
-4.0652e-14
-4.0652e-14
-4.0652e-14
-4.0652e-14
-4.0652e-14
-4.0652e-14
-4.0652e-14
-4.0652e-14
-4.0652e-14
-4.0652e-14
-4.0652e-14
-4.0652e-14
-4.0652e-14
-4.0652e-14
-4.0652e-14
-4.0652e-14
-4.0652e-14
-4.0652e-14
-4.0652e-14
-4.0652e-14
-4.0652e-14
-4.0652e-14
-4.0652e-14
-4.0652e-14
-4.0652e-14
-1.50035e-10
-1.63156e-11
-7.733e-12
-2.64715e-14
-4.06517e-14
-4.0652e-14
-4.0652e-14
-4.0652e-14
-4.0652e-14
-4.0652e-14
-4.0652e-14
-4.0652e-14
-4.0652e-14
-4.0652e-14
-4.0652e-14
-4.0652e-14
-4.0652e-14
-4.0652e-14
-4.0652e-14
-4.0652e-14
-4.0652e-14
-4.0652e-14
-4.0652e-14
-4.0652e-14
-4.0652e-14
-4.0652e-14
-4.0652e-14
-4.0652e-14
-4.0652e-14
-4.0652e-14
-7.75364e-11
-1.12234e-11
-6.69885e-12
-2.75801e-14
-4.0652e-14
-4.0652e-14
-4.0652e-14
-4.0652e-14
-4.0652e-14
-4.0652e-14
-4.0652e-14
-4.0652e-14
-4.0652e-14
-4.0652e-14
-4.0652e-14
-4.0652e-14
-4.0652e-14
-4.0652e-14
-4.0652e-14
-4.0652e-14
-4.0652e-14
-4.0652e-14
-4.0652e-14
-4.0652e-14
-4.0652e-14
-4.0652e-14
-4.0652e-14
-4.0652e-14
-4.0652e-14
-4.0652e-14
-9.83197e-11
-1.05172e-11
-7.36904e-12
-3.18946e-14
-4.0652e-14
-4.0652e-14
-4.0652e-14
-4.0652e-14
-4.0652e-14
-4.0652e-14
-4.0652e-14
-4.0652e-14
-4.0652e-14
-4.0652e-14
-4.0652e-14
-4.0652e-14
-4.0652e-14
-4.0652e-14
-4.0652e-14
-4.0652e-14
-4.0652e-14
-4.0652e-14
-4.0652e-14
-4.0652e-14
-4.0652e-14
-4.0652e-14
-4.0652e-14
-4.0652e-14
-4.0652e-14
-4.0652e-14
-6.35633e-11
-8.03228e-12
-4.79531e-12
-3.80887e-14
-4.0652e-14
-4.0652e-14
-4.0652e-14
-4.0652e-14
-4.0652e-14
-4.0652e-14
-4.0652e-14
-4.0652e-14
-4.0652e-14
-4.0652e-14
-4.0652e-14
-4.0652e-14
-4.0652e-14
-4.0652e-14
-4.0652e-14
-4.0652e-14
-4.0652e-14
-4.0652e-14
-4.0652e-14
-4.0652e-14
-4.0652e-14
-4.0652e-14
-4.0652e-14
-4.0652e-14
-4.0652e-14
-4.0652e-14
-7.95336e-11
-6.82769e-12
-2.68297e-13
-4.05436e-14
-4.0652e-14
-4.0652e-14
-4.0652e-14
-4.0652e-14
-4.0652e-14
-4.0652e-14
-4.0652e-14
-4.0652e-14
-4.0652e-14
-4.0652e-14
-4.0652e-14
-4.0652e-14
-4.0652e-14
-4.0652e-14
-4.0652e-14
-4.0652e-14
-4.0652e-14
-4.0652e-14
-4.0652e-14
-4.0652e-14
-4.0652e-14
-4.0652e-14
-4.0652e-14
-4.0652e-14
-4.0652e-14
-4.0652e-14
-6.45531e-11
-7.17923e-12
-5.81101e-14
-4.06408e-14
-4.0652e-14
-4.0652e-14
-4.0652e-14
-4.0652e-14
-4.0652e-14
-4.0652e-14
-4.0652e-14
-4.0652e-14
-4.0652e-14
-4.0652e-14
-4.0652e-14
-4.0652e-14
-4.0652e-14
-4.0652e-14
-4.0652e-14
-4.0652e-14
-4.0652e-14
-4.0652e-14
-4.0652e-14
-4.0652e-14
-4.0652e-14
-4.0652e-14
-4.0652e-14
-4.0652e-14
-4.0652e-14
-4.0652e-14
-8.08506e-11
-8.02906e-12
-2.79077e-14
-4.0651e-14
-4.0652e-14
-4.0652e-14
-4.0652e-14
-4.0652e-14
-4.0652e-14
-4.0652e-14
-4.0652e-14
-4.0652e-14
-4.0652e-14
-4.0652e-14
-4.0652e-14
-4.0652e-14
-4.0652e-14
-4.0652e-14
-4.0652e-14
-4.0652e-14
-4.0652e-14
-4.0652e-14
-4.0652e-14
-4.0652e-14
-4.0652e-14
-4.0652e-14
-4.0652e-14
-4.0652e-14
-4.0652e-14
-4.0652e-14
-7.21243e-11
-8.5748e-12
-3.06324e-14
-4.0652e-14
-4.0652e-14
-4.0652e-14
-4.0652e-14
-4.0652e-14
-4.0652e-14
-4.0652e-14
-4.0652e-14
-4.0652e-14
-4.0652e-14
-4.0652e-14
-4.0652e-14
-4.0652e-14
-4.0652e-14
-4.0652e-14
-4.0652e-14
-4.0652e-14
-4.0652e-14
-4.0652e-14
-4.0652e-14
-4.0652e-14
-4.0652e-14
-4.0652e-14
-4.0652e-14
-4.0652e-14
-4.0652e-14
-4.0652e-14
-9.25892e-11
-9.18249e-12
-3.63069e-14
-4.0652e-14
-4.0652e-14
-4.0652e-14
-4.0652e-14
-4.0652e-14
-4.0652e-14
-4.0652e-14
-4.0652e-14
-4.0652e-14
-4.0652e-14
-4.0652e-14
-4.0652e-14
-4.0652e-14
-4.0652e-14
-4.0652e-14
-4.0652e-14
-4.0652e-14
-4.0652e-14
-4.0652e-14
-4.0652e-14
-4.0652e-14
-4.0652e-14
-4.0652e-14
-4.0652e-14
-4.0652e-14
-4.0652e-14
-4.0652e-14
-8.95795e-11
-1.09698e-11
-2.71156e-14
-4.0652e-14
-4.0652e-14
-4.0652e-14
-4.0652e-14
-4.0652e-14
-4.0652e-14
-4.0652e-14
-4.0652e-14
-4.0652e-14
-4.0652e-14
-4.0652e-14
-4.0652e-14
-4.0652e-14
-4.0652e-14
-4.0652e-14
-4.0652e-14
-4.0652e-14
-4.0652e-14
-4.0652e-14
-4.0652e-14
-4.0652e-14
-4.0652e-14
-4.0652e-14
-4.0652e-14
-4.0652e-14
-4.0652e-14
-4.0652e-14
-9.57068e-11
-1.33173e-11
-3.92032e-12
-2.64832e-14
-4.06508e-14
-4.0652e-14
-4.0652e-14
-4.0652e-14
-4.0652e-14
-4.0652e-14
-4.0652e-14
-4.0652e-14
-4.0652e-14
-4.0652e-14
-4.0652e-14
-4.0652e-14
-4.0652e-14
-4.0652e-14
-4.0652e-14
-4.0652e-14
-4.0652e-14
-4.0652e-14
-4.0652e-14
-4.0652e-14
-4.0652e-14
-4.0652e-14
-4.0652e-14
-4.0652e-14
-4.0652e-14
-4.0652e-14
-1.00004e-10
-1.53142e-11
-6.06481e-12
-3.02265e-12
-4.03175e-14
-4.06492e-14
-4.0652e-14
-4.0652e-14
-4.0652e-14
-4.0652e-14
-4.0652e-14
-4.0652e-14
-4.0652e-14
-4.0652e-14
-4.0652e-14
-4.0652e-14
-4.0652e-14
-4.0652e-14
-4.0652e-14
-4.0652e-14
-4.0652e-14
-4.0652e-14
-4.0652e-14
-4.0652e-14
-4.0652e-14
-4.0652e-14
-4.0652e-14
-4.0652e-14
-4.0652e-14
-4.0652e-14
-1.18362e-10
-2.01442e-11
-8.7679e-12
-5.60535e-12
-2.25395e-12
-3.86962e-14
-4.0652e-14
-4.0652e-14
-4.0652e-14
-4.0652e-14
-4.0652e-14
-4.0652e-14
-4.0652e-14
-4.0652e-14
-4.0652e-14
-4.0652e-14
-4.0652e-14
-4.0652e-14
-4.0652e-14
-4.0652e-14
-4.0652e-14
-4.0652e-14
-4.0652e-14
-4.0652e-14
-4.0652e-14
-4.0652e-14
-4.0652e-14
-4.0652e-14
-4.0652e-14
-4.0652e-14
-1.35665e-10
-2.05395e-11
-9.97583e-12
-6.64231e-12
-4.96918e-12
-2.66929e-14
-4.0652e-14
-4.0652e-14
-4.0652e-14
-4.0652e-14
-4.0652e-14
-4.0652e-14
-4.0652e-14
-4.0652e-14
-4.0652e-14
-4.0652e-14
-4.0652e-14
-4.0652e-14
-4.0652e-14
-4.0652e-14
-4.0652e-14
-4.0652e-14
-4.0652e-14
-4.0652e-14
-4.0652e-14
-4.0652e-14
-4.0652e-14
-4.0652e-14
-4.0652e-14
-4.0652e-14
-1.88161e-10
-3.79391e-11
-1.62229e-11
-1.01501e-11
-7.30784e-12
-4.97485e-12
-2.79734e-14
-4.06518e-14
-4.06516e-14
-4.0652e-14
-4.06519e-14
-4.06512e-14
-4.05041e-14
-3.94024e-14
-3.80305e-14
-3.6909e-14
-3.62229e-14
-3.59002e-14
-3.55373e-14
-3.38697e-14
-3.24052e-14
-2.95186e-14
-2.82685e-14
-2.66598e-14
-2.68052e-14
-2.67906e-14
-2.67408e-14
-2.70193e-14
-2.88247e-14
-3.53079e-14
-8.29586e-11
-3.72735e-11
-2.05346e-11
-1.54918e-11
-1.13435e-11
-9.74357e-12
-5.75061e-12
-6.39337e-12
-9.85394e-13
-2.72712e-14
-3.04196e-14
-1.18794e-13
-1.51837e-12
-2.56357e-12
-3.26469e-12
-3.76075e-12
-4.1184e-12
-4.36978e-12
-4.52444e-12
-4.59529e-12
-4.6132e-12
-4.6227e-12
-4.66466e-12
-4.76837e-12
-4.93697e-12
-5.14102e-12
-5.35445e-12
-5.55357e-12
-5.7824e-12
-5.91578e-12
-1.88838e-11
-1.70661e-11
-1.37017e-11
-1.28915e-11
-1.12731e-11
-1.10778e-11
-9.40614e-12
-8.25852e-12
-5.89593e-12
-5.10246e-12
-5.58806e-12
-6.66079e-12
-7.80422e-12
-8.70577e-12
-9.31158e-12
-9.72966e-12
-1.00304e-11
-1.02453e-11
-1.03469e-11
-1.03545e-11
-1.03137e-11
-1.02715e-11
-1.02402e-11
-1.02532e-11
-1.03149e-11
-1.04235e-11
-1.0492e-11
-1.04125e-11
-1.03066e-11
-1.04065e-11
-1.53877e-11
-1.43025e-11
-1.37674e-11
-1.36185e-11
-1.30823e-11
-1.27057e-11
-1.20013e-11
-1.10691e-11
-1.06852e-11
-1.09536e-11
-1.16828e-11
-1.23233e-11
-1.27696e-11
-1.30448e-11
-1.311e-11
-1.30758e-11
-1.3025e-11
-1.30128e-11
-1.28575e-11
-1.26681e-11
-1.25056e-11
-1.23888e-11
-1.22313e-11
-1.20437e-11
-1.17779e-11
-1.1542e-11
-1.13481e-11
-1.07711e-11
-9.94389e-12
-9.39743e-12
-1.49359e-11
-1.66993e-11
-1.78159e-11
-1.83129e-11
-1.79888e-11
-1.75243e-11
-1.7008e-11
-1.65695e-11
-1.67133e-11
-1.68141e-11
-1.67211e-11
-1.63347e-11
-1.58437e-11
-1.52134e-11
-1.4484e-11
-1.3734e-11
-1.307e-11
-1.26968e-11
-1.21205e-11
-1.1727e-11
-1.14836e-11
-1.13537e-11
-1.11465e-11
-1.08911e-11
-1.02655e-11
-9.5771e-12
-8.94348e-12
-8.37593e-12
-7.32126e-12
-5.9598e-12
-2.20544e-11
-2.51651e-11
-2.42116e-11
-2.30169e-11
-2.12694e-11
-2.0396e-11
-1.9353e-11
-1.89416e-11
-1.83922e-11
-1.76493e-11
-1.64565e-11
-1.50676e-11
-1.38768e-11
-1.27597e-11
-1.18026e-11
-1.07333e-11
-9.7822e-12
-9.07797e-12
-8.29458e-12
-7.96447e-12
-7.78471e-12
-7.71294e-12
-7.56546e-12
-7.53003e-12
-6.87225e-12
-6.308e-12
-4.50717e-12
-4.27126e-12
-4.84753e-12
-7.92667e-12
-1.82661e-11
-1.73007e-11
-1.73292e-11
-1.74475e-11
-1.72216e-11
-1.7535e-11
-1.71461e-11
-1.73282e-11
-1.6534e-11
-1.5621e-11
-1.37184e-11
-1.19051e-11
-1.02426e-11
-9.03988e-12
-8.46719e-12
-7.57e-12
-6.96746e-12
-4.81459e-12
-4.35955e-12
-4.27425e-12
-4.19545e-12
-4.15425e-12
-4.09504e-12
-4.21855e-12
-3.94212e-12
-4.689e-12
-2.69059e-14
-4.0652e-14
-4.0652e-14
-4.0652e-14
-1.90176e-11
-1.89616e-11
-1.96789e-11
-1.96333e-11
-1.97202e-11
-1.93523e-11
-1.85462e-11
-1.80309e-11
-1.62603e-11
-1.42869e-11
-1.10253e-11
-8.75582e-12
-6.21931e-12
-4.71334e-12
-4.6595e-12
-4.46887e-12
-5.40588e-12
-2.66699e-14
-4.02872e-14
-4.05757e-14
-4.06489e-14
-4.0652e-14
-4.0652e-14
-4.0652e-14
-4.0652e-14
-4.0652e-14
-4.0652e-14
-4.0652e-14
-4.0652e-14
-4.0652e-14
-1.91618e-11
-1.86328e-11
-1.85823e-11
-1.79517e-11
-1.8354e-11
-1.72945e-11
-1.70702e-11
-1.58662e-11
-1.34049e-11
-1.0206e-11
-6.77329e-12
-4.72768e-12
-1.90222e-12
-3.98188e-14
-4.0652e-14
-4.0652e-14
-4.0652e-14
-4.0652e-14
-4.0652e-14
-4.0652e-14
-4.0652e-14
-4.0652e-14
-4.0652e-14
-4.0652e-14
-4.0652e-14
-4.0652e-14
-4.0652e-14
-4.0652e-14
-4.0652e-14
-4.0652e-14
-1.91858e-11
-1.90497e-11
-1.88501e-11
-1.87039e-11
-1.90623e-11
-1.75486e-11
-1.77276e-11
-1.46431e-11
-1.05202e-11
-5.78885e-12
-3.65522e-12
-3.77798e-14
-4.0652e-14
-4.0652e-14
-4.0652e-14
-4.0652e-14
-4.0652e-14
-4.0652e-14
-4.0652e-14
-4.0652e-14
-4.0652e-14
-4.0652e-14
-4.0652e-14
-4.0652e-14
-4.0652e-14
-4.0652e-14
-4.0652e-14
-4.0652e-14
-4.0652e-14
-4.0652e-14
-1.92877e-11
-1.94562e-11
-1.89356e-11
-1.9179e-11
-1.84331e-11
-1.70635e-11
-1.67446e-11
-1.1081e-11
-5.91181e-12
-5.52202e-14
-4.06516e-14
-4.0652e-14
-4.0652e-14
-4.0652e-14
-4.0652e-14
-4.0652e-14
-4.0652e-14
-4.0652e-14
-4.0652e-14
-4.0652e-14
-4.0652e-14
-4.0652e-14
-4.0652e-14
-4.0652e-14
-4.0652e-14
-4.0652e-14
-4.0652e-14
-4.0652e-14
-4.0652e-14
-4.0652e-14
-1.94316e-11
-1.9755e-11
-1.92479e-11
-1.98299e-11
-1.81948e-11
-1.79034e-11
-1.52948e-11
-6.72726e-12
-4.53117e-14
-4.06517e-14
-4.0652e-14
-4.0652e-14
-4.0652e-14
-4.0652e-14
-4.0652e-14
-4.0652e-14
-4.0652e-14
-4.0652e-14
-4.0652e-14
-4.0652e-14
-4.0652e-14
-4.0652e-14
-4.0652e-14
-4.0652e-14
-4.0652e-14
-4.0652e-14
-4.0652e-14
-4.0652e-14
-4.0652e-14
-4.0652e-14
-1.95853e-11
-1.99859e-11
-1.97662e-11
-2.03445e-11
-1.8336e-11
-1.8801e-11
-1.17489e-11
-3.75027e-13
-4.06422e-14
-4.0652e-14
-4.0652e-14
-4.0652e-14
-4.0652e-14
-4.0652e-14
-4.0652e-14
-4.0652e-14
-4.0652e-14
-4.0652e-14
-4.0652e-14
-4.0652e-14
-4.0652e-14
-4.0652e-14
-4.0652e-14
-4.0652e-14
-4.0652e-14
-4.0652e-14
-4.0652e-14
-4.0652e-14
-4.0652e-14
-4.0652e-14
-1.9717e-11
-2.01405e-11
-2.03509e-11
-2.076e-11
-1.92061e-11
-1.92193e-11
-6.31958e-12
-3.62857e-14
-4.0652e-14
-4.0652e-14
-4.0652e-14
-4.0652e-14
-4.0652e-14
-4.0652e-14
-4.0652e-14
-4.0652e-14
-4.0652e-14
-4.0652e-14
-4.0652e-14
-4.0652e-14
-4.0652e-14
-4.0652e-14
-4.0652e-14
-4.0652e-14
-4.0652e-14
-4.0652e-14
-4.0652e-14
-4.0652e-14
-4.0652e-14
-4.0652e-14
-1.98602e-11
-2.00866e-11
-2.0956e-11
-2.07298e-11
-2.15582e-11
-1.62869e-11
-1.1087e-12
-4.06009e-14
-4.0652e-14
-4.0652e-14
-4.0652e-14
-4.0652e-14
-4.0652e-14
-4.0652e-14
-4.0652e-14
-4.0652e-14
-4.0652e-14
-4.0652e-14
-4.0652e-14
-4.0652e-14
-4.0652e-14
-4.0652e-14
-4.0652e-14
-4.0652e-14
-4.0652e-14
-4.0652e-14
-4.0652e-14
-4.0652e-14
-4.0652e-14
-4.0652e-14
)
;

boundaryField
{
    inlet1
    {
        type            calculated;
        value           uniform -5e-10;
    }
    inlet2
    {
        type            calculated;
        value           nonuniform List<scalar> 10(-8.95795e-11 -9.57068e-11 -1.00004e-10 -1.18362e-10 -1.35665e-10 -1.88161e-10 -8.29586e-11 -1.88838e-11 -1.53877e-11 -1.49359e-11);
    }
    inlet3
    {
        type            calculated;
        value           uniform -1.95111e-11;
    }
    output1
    {
        type            calculated;
        value           nonuniform List<scalar> 10(-4.0652e-14 -4.0652e-14 -4.0652e-14 -4.0652e-14 -4.0652e-14 -4.0652e-14 -4.0652e-14 -4.0652e-14 -4.0652e-14 -4.0652e-14);
    }
    output2
    {
        type            calculated;
        value           nonuniform List<scalar> 10(-4.0652e-14 -4.0652e-14 -4.0652e-14 -4.0652e-14 -4.0652e-14 -3.53079e-14 -5.91578e-12 -1.04065e-11 -9.39743e-12 -5.9598e-12);
    }
    output3
    {
        type            calculated;
        value           nonuniform List<scalar> 10(-7.92667e-12 -4.0652e-14 -4.0652e-14 -4.0652e-14 -4.0652e-14 -4.0652e-14 -4.0652e-14 -4.0652e-14 -4.0652e-14 -4.0652e-14);
    }
    up
    {
        type            calculated;
        value           nonuniform List<scalar> 
30
(
-1.98602e-11
-2.00866e-11
-2.0956e-11
-2.07298e-11
-2.15582e-11
-1.62869e-11
-1.1087e-12
-4.06009e-14
-4.0652e-14
-4.0652e-14
-4.0652e-14
-4.0652e-14
-4.0652e-14
-4.0652e-14
-4.0652e-14
-4.0652e-14
-4.0652e-14
-4.0652e-14
-4.0652e-14
-4.0652e-14
-4.0652e-14
-4.0652e-14
-4.0652e-14
-4.0652e-14
-4.0652e-14
-4.0652e-14
-4.0652e-14
-4.0652e-14
-4.0652e-14
-4.0652e-14
)
;
    }
    down
    {
        type            calculated;
        value           nonuniform List<scalar> 
30
(
-3.84271e-11
-9.21361e-12
-7.23176e-12
-3.65344e-14
-4.06488e-14
-4.0652e-14
-4.0652e-14
-4.0652e-14
-4.0652e-14
-4.0652e-14
-4.0652e-14
-4.0652e-14
-4.0652e-14
-4.0652e-14
-4.0652e-14
-4.0652e-14
-4.0652e-14
-4.0652e-14
-4.0652e-14
-4.0652e-14
-4.0652e-14
-4.0652e-14
-4.0652e-14
-4.0652e-14
-4.0652e-14
-4.0652e-14
-4.0652e-14
-4.0652e-14
-4.0652e-14
-4.0652e-14
)
;
    }
    emptyWalls
    {
        type            empty;
    }
}


// ************************************************************************* //
