/*--------------------------------*- C++ -*----------------------------------*\
  =========                 |
  \\      /  F ield         | OpenFOAM: The Open Source CFD Toolbox
   \\    /   O peration     | Website:  https://openfoam.org
    \\  /    A nd           | Version:  9
     \\/     M anipulation  |
\*---------------------------------------------------------------------------*/
FoamFile
{
    format      ascii;
    class       surfaceScalarField;
    location    "5000";
    object      phi;
}
// * * * * * * * * * * * * * * * * * * * * * * * * * * * * * * * * * * * * * //

dimensions      [0 3 -1 0 0 0 0];

internalField   nonuniform List<scalar> 
1740
(
1.24329e-08
9.40848e-08
8.79736e-09
9.46648e-09
6.01884e-09
4.81986e-09
4.04722e-09
1.5847e-11
5.33119e-09
1.3726e-10
5.14444e-09
6.51866e-11
5.09403e-09
3.74109e-11
5.06786e-09
2.19089e-11
5.05398e-09
1.15162e-11
5.04689e-09
5.05423e-12
5.04246e-09
2.46771e-12
5.03675e-09
3.76328e-12
5.02593e-09
8.89188e-12
5.00617e-09
1.78129e-11
4.97361e-09
3.05556e-11
4.92425e-09
4.72493e-11
4.85384e-09
6.81306e-11
4.75784e-09
9.35339e-11
4.63129e-09
1.23865e-10
4.46886e-09
1.59557e-10
4.26487e-09
2.01009e-10
4.01346e-09
2.48474e-10
3.70896e-09
3.01902e-10
3.34637e-09
3.60714e-10
2.92225e-09
4.23516e-10
2.43576e-09
4.87794e-10
1.88988e-09
5.49691e-10
1.29243e-09
6.04064e-10
6.56531e-10
6.45037e-10
6.67185e-10
2.48524e-08
1.65292e-07
1.00641e-08
1.96909e-08
5.48392e-09
1.04455e-08
3.74252e-09
4.13933e-11
5.30381e-09
1.054e-10
5.08071e-09
8.61647e-11
5.06984e-09
6.25453e-11
5.05557e-09
3.87037e-11
5.04717e-09
1.90958e-11
5.04425e-09
6.22576e-12
5.04372e-09
1.04607e-12
5.04186e-09
3.68663e-12
5.03487e-09
1.39861e-11
5.01898e-09
3.18011e-11
4.99042e-09
5.71574e-11
4.94529e-09
9.03077e-11
4.87944e-09
1.31736e-10
4.78838e-09
1.82135e-10
4.66717e-09
2.42359e-10
4.51042e-09
3.13346e-10
4.31228e-09
3.95999e-10
4.06657e-09
4.90982e-10
3.76704e-09
5.9842e-10
3.40789e-09
7.17443e-10
2.98462e-09
8.45563e-10
2.49516e-09
9.77965e-10
1.94146e-09
1.10689e-09
1.33087e-09
1.22151e-09
6.77145e-10
1.30888e-09
1.35653e-09
1.60662e-08
2.45338e-07
8.70481e-09
2.85785e-08
5.42287e-09
1.6379e-08
3.78917e-09
8.17478e-11
5.30097e-09
6.9866e-11
5.06504e-09
1.11582e-10
5.04905e-09
8.79018e-11
5.0374e-09
5.12648e-11
5.03488e-09
1.99376e-11
5.0392e-09
-2.94274e-13
5.04632e-09
-8.19705e-12
5.05211e-09
-4.05068e-12
5.0527e-09
1.15623e-11
5.04446e-09
3.82444e-11
5.02381e-09
7.59608e-11
4.98706e-09
1.25082e-10
4.93026e-09
1.86364e-10
4.84905e-09
2.60906e-10
4.73858e-09
3.50084e-10
4.59336e-09
4.55467e-10
4.40726e-09
5.78657e-10
4.17349e-09
7.21041e-10
3.88474e-09
8.83369e-10
3.53355e-09
1.06508e-09
3.11314e-09
1.26332e-09
2.6188e-09
1.4716e-09
2.04992e-09
1.67839e-09
1.41246e-09
1.86621e-09
7.21186e-10
2.01242e-09
2.09353e-09
1.48575e-08
3.22067e-07
7.19e-09
3.65292e-08
5.39582e-09
1.8935e-08
3.93542e-09
4.44414e-10
5.31572e-09
2.47887e-10
5.0698e-09
2.02403e-10
5.02391e-09
1.26218e-10
5.0101e-09
5.85199e-11
5.01574e-09
9.68786e-12
5.03135e-09
-1.91399e-11
5.05026e-09
-2.94862e-11
5.06755e-09
-2.32533e-11
5.07938e-09
-1.93127e-12
5.08236e-09
3.36498e-11
5.07331e-09
8.3354e-11
5.04888e-09
1.47688e-10
5.00548e-09
2.27726e-10
4.93899e-09
3.25036e-10
4.84473e-09
4.41605e-10
4.71719e-09
5.79781e-10
4.54994e-09
7.42119e-10
4.33542e-09
9.31149e-10
4.06486e-09
1.14892e-09
3.72838e-09
1.39619e-09
3.31557e-09
1.67103e-09
2.817e-09
1.96672e-09
2.22696e-09
2.26889e-09
1.54785e-09
2.55253e-09
7.95156e-10
2.78106e-09
2.91167e-09
6.38054e-09
4.14367e-07
3.76445e-09
4.18615e-08
4.84224e-09
9.97928e-09
4.16878e-09
1.20382e-09
5.30893e-09
5.85312e-10
5.03367e-09
3.23928e-10
4.9667e-09
1.56052e-10
4.96335e-09
4.69123e-11
4.98662e-09
-2.05627e-11
5.02021e-09
-5.64628e-11
5.05579e-09
-6.73507e-11
5.08847e-09
-5.75434e-11
5.11489e-09
-2.96838e-11
5.13231e-09
1.49313e-11
5.13817e-09
7.61148e-11
5.1297e-09
1.54588e-10
5.10377e-09
2.51813e-10
5.05672e-09
3.699e-10
4.98415e-09
5.11523e-10
4.88074e-09
6.79934e-10
4.73989e-09
8.78881e-10
4.55339e-09
1.1125e-09
4.31091e-09
1.38496e-09
3.99953e-09
1.69971e-09
3.60377e-09
2.05789e-09
3.10666e-09
2.45538e-09
2.49306e-09
2.87793e-09
1.75683e-09
3.29398e-09
9.1161e-10
3.64764e-09
3.86041e-09
4.01731e-09
5.06176e-07
2.61644e-10
5.04719e-08
3.87251e-09
1.18103e-09
4.09765e-09
1.52112e-09
4.90302e-09
7.40839e-10
4.83561e-09
3.51948e-10
4.84585e-09
1.27154e-10
4.88996e-09
-6.35741e-12
4.94717e-09
-8.23842e-11
5.00706e-09
-1.18792e-10
5.06423e-09
-1.25904e-10
5.11565e-09
-1.09879e-10
5.15938e-09
-7.41868e-11
5.19384e-09
-2.03513e-11
5.21736e-09
5.15892e-11
5.22797e-09
1.42732e-10
5.22319e-09
2.55039e-10
5.19995e-09
3.91218e-10
5.15442e-09
5.54662e-10
5.0817e-09
7.49556e-10
4.97549e-09
9.80973e-10
4.82736e-09
1.255e-09
4.62584e-09
1.57871e-09
4.35504e-09
1.95981e-09
3.99333e-09
2.40543e-09
3.51281e-09
2.91901e-09
2.8818e-09
3.49348e-09
2.07478e-09
4.09781e-09
1.09447e-09
4.65513e-09
5.02193e-09
1.08764e-08
5.96494e-07
2.79265e-09
6.24924e-08
2.75552e-09
3.76261e-10
3.87779e-09
1.0641e-09
4.38403e-09
5.50483e-10
4.56158e-09
2.1587e-10
4.69113e-09
6.97615e-12
4.80349e-09
-1.1711e-10
4.90502e-09
-1.83821e-10
4.99663e-09
-2.1041e-10
5.07841e-09
-2.07587e-10
5.15052e-09
-1.8187e-10
5.21315e-09
-1.36824e-10
5.2663e-09
-7.37331e-11
5.30947e-09
7.86516e-12
5.34162e-09
1.09705e-10
5.36108e-09
2.34396e-10
5.3655e-09
3.85258e-10
5.35185e-09
5.66352e-10
5.31615e-09
7.82665e-10
5.25299e-09
1.04047e-09
5.15474e-09
1.34781e-09
5.01007e-09
1.71505e-09
4.80147e-09
2.15539e-09
4.50172e-09
2.68503e-09
4.06947e-09
3.32176e-09
3.44652e-09
4.07915e-09
2.56604e-09
4.94866e-09
1.3915e-09
5.85316e-09
6.55023e-09
1.27935e-08
6.79164e-07
2.71086e-09
7.38491e-08
2.41314e-09
2.60876e-10
3.73718e-09
4.4715e-10
4.04269e-09
1.82734e-10
4.33571e-09
-4.59272e-11
4.55358e-09
-1.98011e-10
4.72785e-09
-2.85236e-10
4.8728e-09
-3.25374e-10
4.99603e-09
-3.31434e-10
5.10225e-09
-3.12151e-10
5.19485e-09
-2.7318e-10
5.27642e-09
-2.17498e-10
5.34872e-09
-1.45622e-10
5.41259e-09
-5.60954e-11
5.46798e-09
5.3813e-11
5.51399e-09
1.8757e-10
5.54913e-09
3.49062e-10
5.57136e-09
5.42815e-10
5.57804e-09
7.74275e-10
5.56556e-09
1.05043e-09
5.52856e-09
1.38073e-09
5.45823e-09
1.77829e-09
5.33903e-09
2.26168e-09
5.14263e-09
2.85754e-09
4.81684e-09
3.60384e-09
4.26879e-09
4.5527e-09
3.35134e-09
5.76454e-09
1.90549e-09
7.25862e-09
8.77561e-09
1.14392e-08
7.65836e-07
2.90989e-09
8.33406e-08
2.42729e-09
3.43016e-10
3.59057e-09
1.64283e-11
3.85241e-09
-2.20626e-10
4.185e-09
-3.84305e-10
4.45962e-09
-4.67857e-10
4.68151e-09
-5.00446e-10
4.86232e-09
-5.00999e-10
5.01244e-09
-4.77794e-10
5.13969e-09
-4.36397e-10
5.25022e-09
-3.81191e-10
5.34895e-09
-3.1436e-10
5.43954e-09
-2.35165e-10
5.5242e-09
-1.40438e-10
5.6037e-09
-2.5909e-11
5.67779e-09
1.12976e-10
5.74568e-09
2.80602e-10
5.80643e-09
4.81568e-10
5.85908e-09
7.2117e-10
5.90264e-09
1.00625e-09
5.93571e-09
1.3464e-09
5.95525e-09
1.75569e-09
5.95382e-09
2.25552e-09
5.91292e-09
2.8796e-09
5.78648e-09
3.68335e-09
5.46045e-09
4.76324e-09
4.66506e-09
6.29819e-09
2.87912e-09
8.64113e-09
1.2518e-08
1.4886e-08
8.43981e-07
3.03356e-09
9.55632e-08
2.31784e-09
3.59315e-10
3.35275e-09
-5.32724e-10
3.70048e-09
-6.97357e-10
4.09224e-09
-8.02808e-10
4.41841e-09
-7.88663e-10
4.67626e-09
-7.47689e-10
4.88253e-09
-7.00376e-10
5.0517e-09
-6.42343e-10
5.19387e-09
-5.74448e-10
5.31736e-09
-5.00826e-10
5.42959e-09
-4.2358e-10
5.5363e-09
-3.40226e-10
5.64096e-09
-2.44613e-10
5.74482e-09
-1.29943e-10
5.84778e-09
9.63012e-12
5.9494e-09
1.78805e-10
6.04961e-09
3.81684e-10
6.14919e-09
6.22581e-10
6.25022e-09
9.07001e-10
6.3564e-09
1.24292e-09
6.47324e-09
1.64254e-09
6.60808e-09
2.12513e-09
6.76875e-09
2.72199e-09
6.9557e-09
3.48673e-09
7.12148e-09
4.51872e-09
6.96932e-09
6.02386e-09
4.94595e-09
8.48971e-09
1.3249e-08
2.76774e-08
8.10544e-07
1.30014e-08
1.08875e-07
1.73073e-09
1.87465e-08
2.94052e-09
-6.45186e-10
3.54666e-09
-1.37364e-09
4.06509e-09
-1.34093e-09
4.44551e-09
-1.13629e-09
4.72261e-09
-1.00127e-09
4.93985e-09
-9.10472e-10
5.11797e-09
-8.16755e-10
5.26671e-09
-7.18231e-10
5.39577e-09
-6.2408e-10
5.51572e-09
-5.3893e-10
5.63513e-09
-4.57515e-10
5.75851e-09
-3.67852e-10
5.88678e-09
-2.58884e-10
6.0191e-09
-1.233e-10
6.15457e-09
4.33182e-11
6.29343e-09
2.43782e-10
6.43784e-09
4.80466e-10
6.59264e-09
7.56262e-10
6.76643e-09
1.07575e-09
6.97327e-09
1.44645e-09
7.23651e-09
1.88046e-09
7.59827e-09
2.39652e-09
8.1461e-09
3.02284e-09
9.10048e-09
3.80108e-09
1.11448e-08
4.78879e-09
1.68236e-08
6.04491e-09
7.5153e-09
4.07575e-08
7.61622e-07
3.35552e-08
1.13995e-07
1.46689e-08
4.39264e-08
2.26404e-09
1.44087e-08
3.64479e-09
-1.33241e-09
4.17596e-09
-2.07295e-09
4.57593e-09
-1.41435e-09
4.8288e-09
-1.21061e-09
5.03628e-09
-1.12349e-09
5.21361e-09
-9.95976e-10
5.35923e-09
-8.57658e-10
5.48328e-09
-7.38342e-10
5.60238e-09
-6.50546e-10
5.72997e-09
-5.83085e-10
5.87118e-09
-5.10341e-10
6.02472e-09
-4.14473e-10
6.18726e-09
-2.87261e-10
6.35635e-09
-1.26001e-10
6.53171e-09
6.96592e-11
6.71608e-09
2.99241e-10
6.9161e-09
5.61844e-10
7.14343e-09
8.57375e-10
7.41688e-09
1.18706e-09
7.76643e-09
1.55375e-09
8.24172e-09
1.96078e-09
8.92994e-09
2.40704e-09
9.98957e-09
2.87398e-09
1.16857e-08
3.28532e-09
1.42096e-08
3.38585e-09
2.3655e-09
5.34461e-08
6.97145e-07
5.00751e-08
1.17618e-07
4.1435e-08
5.92026e-08
1.8399e-08
4.42846e-08
3.23484e-09
1.5611e-08
4.55826e-09
-1.62983e-09
4.85348e-09
-1.27499e-09
4.9804e-09
-1.30335e-09
5.16285e-09
-1.3769e-09
5.34097e-09
-1.18602e-09
5.47332e-09
-9.78088e-10
5.57572e-09
-8.21113e-10
5.68058e-09
-7.41801e-10
5.81118e-09
-7.13975e-10
5.97147e-09
-6.75926e-10
6.15363e-09
-6.01402e-10
6.3489e-09
-4.85258e-10
6.55186e-09
-3.29714e-10
6.76097e-09
-1.38384e-10
6.9787e-09
8.49989e-11
7.21224e-09
3.34524e-10
7.4743e-09
6.04843e-10
7.7844e-09
8.90673e-10
8.17061e-09
1.1867e-09
8.67224e-09
1.48582e-09
9.34238e-09
1.77057e-09
1.02422e-08
2.00249e-09
1.13988e-08
2.09264e-09
1.26434e-08
1.84769e-09
9.26338e-10
7.94422e-08
6.02942e-07
8.24162e-08
1.08361e-07
7.87793e-08
6.72903e-08
5.06595e-08
6.60228e-08
1.4825e-08
5.92424e-08
4.38754e-09
2.45062e-11
5.32125e-09
-1.01249e-09
5.07651e-09
-1.35092e-09
5.29374e-09
-1.89477e-09
5.51408e-09
-1.39311e-09
5.61737e-09
-1.04756e-09
5.6657e-09
-8.26215e-10
5.73299e-09
-7.8193e-10
5.86274e-09
-8.58993e-10
6.04991e-09
-8.87325e-10
6.26942e-09
-8.43182e-10
6.50285e-09
-7.36942e-10
6.74122e-09
-5.82184e-10
6.9816e-09
-3.89241e-10
7.22554e-09
-1.64756e-10
7.47985e-09
8.16154e-11
7.75715e-09
3.39447e-10
8.07584e-09
5.96779e-10
8.45935e-09
8.40459e-10
8.93425e-09
1.05572e-09
9.52514e-09
1.22085e-09
1.0238e-08
1.30629e-09
1.10238e-08
1.26382e-09
1.17187e-08
1.00366e-09
4.21378e-10
1.16892e-07
4.65693e-07
1.1803e-07
1.1418e-07
1.22062e-07
8.00178e-08
1.17842e-07
8.57776e-08
5.90154e-08
1.02877e-07
3.03284e-09
6.08045e-08
4.35199e-09
-4.94223e-10
4.74811e-09
-1.07685e-09
5.42154e-09
-1.96776e-09
5.80423e-09
-1.50149e-09
5.81637e-09
-1.02125e-09
5.73673e-09
-6.19175e-10
5.72298e-09
-5.86918e-10
5.85686e-09
-7.26084e-10
6.09598e-09
-7.82548e-10
6.37129e-09
-7.58766e-10
6.65187e-09
-6.79569e-10
6.92857e-09
-5.62497e-10
7.19869e-09
-4.16481e-10
7.462e-09
-2.44882e-10
7.72448e-09
-6.3235e-11
7.99859e-09
1.1818e-10
8.30245e-09
2.87564e-10
8.6567e-09
4.33488e-10
9.08025e-09
5.51364e-10
9.58593e-09
6.22758e-10
1.0161e-08
6.35481e-10
1.07396e-08
5.80818e-10
1.1194e-08
4.35175e-10
1.71267e-10
2.56959e-07
1.84809e-07
2.57827e-07
9.8314e-08
2.49745e-07
9.44226e-08
2.35613e-07
1.12932e-07
2.11419e-07
1.34804e-07
9.87815e-08
1.56148e-07
2.90256e-09
7.86798e-08
4.38429e-09
3.47689e-08
5.84005e-09
7.90402e-09
6.46492e-09
-8.03235e-10
6.10678e-09
-6.81747e-10
5.72738e-09
-1.23279e-09
5.45693e-09
-1.2933e-08
5.45186e-09
-1.66933e-08
5.61209e-09
-1.6402e-08
5.81199e-09
-1.5086e-08
6.03909e-09
-1.33112e-08
6.26374e-09
-1.1218e-08
6.34161e-09
-8.81458e-09
6.28825e-09
-6.53356e-09
6.07847e-09
-5.07414e-09
5.86102e-09
-5.11579e-09
5.75176e-09
-6.75207e-09
5.79537e-09
-9.60968e-09
6.0364e-09
-1.2964e-08
6.30422e-09
-1.61592e-08
6.65247e-09
-1.92343e-08
7.24294e-09
-2.13671e-08
8.60947e-09
-1.92796e-08
-8.95021e-09
2.6381e-07
-8.61308e-08
3.60802e-07
-3.52982e-09
4.13568e-07
4.94585e-08
4.36469e-07
9.0603e-08
4.59223e-07
1.21345e-07
4.24112e-07
1.637e-07
3.95083e-07
1.46845e-07
2.67731e-07
1.1165e-07
5.48621e-08
1.02584e-07
4.75063e-09
3.55666e-08
1.18917e-08
-2.58568e-08
1.13878e-07
-9.59402e-08
2.79544e-07
-1.34106e-07
4.12024e-07
-1.29136e-07
5.27883e-07
-1.15867e-07
6.27534e-07
-1.02493e-07
7.11835e-07
-8.88346e-08
7.80902e-07
-7.43492e-08
8.34532e-07
-5.83619e-08
8.74795e-07
-4.33808e-08
9.07809e-07
-3.42228e-08
9.4259e-07
-3.46058e-08
9.8845e-07
-4.50129e-08
1.05223e-06
-6.36053e-08
1.13547e-06
-8.5167e-08
1.23638e-06
-1.0413e-07
1.34941e-06
-1.18154e-07
1.46889e-06
-1.26425e-07
1.56915e-06
-1.18167e-07
-6.49419e-08
1.33433e-07
-2.21667e-07
2.53779e-07
-1.28538e-07
3.62692e-07
-4.60916e-08
4.50145e-07
1.01282e-08
5.35795e-07
5.12268e-08
6.04028e-07
9.02183e-08
6.47292e-07
1.00975e-07
6.60829e-07
1.17284e-07
6.60985e-07
1.23768e-07
7.34447e-07
2.52683e-09
8.66846e-07
-1.34821e-07
1.02099e-06
-2.60403e-07
1.17417e-06
-3.07845e-07
1.32357e-06
-2.93173e-07
1.46781e-06
-2.65561e-07
1.60287e-06
-2.39165e-07
1.72551e-06
-2.11901e-07
1.83045e-06
-1.79256e-07
1.91248e-06
-1.37943e-07
1.97325e-06
-9.90377e-08
2.02136e-06
-7.55616e-08
2.0678e-06
-7.396e-08
2.12532e-06
-9.46582e-08
2.20561e-06
-1.36891e-07
2.31422e-06
-1.89083e-07
2.44599e-06
-2.35283e-07
2.58167e-06
-2.52097e-07
2.71213e-06
-2.47292e-07
2.8521e-06
-2.52201e-07
-2.05661e-07
1.64399e-07
-3.90317e-07
3.06538e-07
-2.59946e-07
4.34972e-07
-1.63887e-07
5.49651e-07
-9.84118e-08
6.59108e-07
-5.21433e-08
7.71545e-07
-2.05909e-08
8.81574e-07
-5.78181e-09
1.01533e-06
-8.78519e-09
1.19083e-06
-5.87363e-08
1.38985e-06
-1.85694e-07
1.57611e-06
-3.2042e-07
1.72619e-06
-4.06699e-07
1.84962e-06
-4.2682e-07
1.95699e-06
-3.98715e-07
2.056e-06
-3.61436e-07
2.15422e-06
-3.35e-07
2.25462e-06
-3.12853e-07
2.33961e-06
-2.68411e-07
2.39371e-06
-1.90361e-07
2.42484e-06
-1.25351e-07
2.44425e-06
-8.97029e-08
2.45795e-06
-8.36025e-08
2.47447e-06
-1.04634e-07
2.50481e-06
-1.60119e-07
2.56042e-06
-2.37627e-07
2.64786e-06
-3.26692e-07
2.71272e-06
-3.30759e-07
2.72566e-06
-2.38067e-07
2.78034e-06
-2.65509e-07
-4.37377e-07
2.7834e-07
-6.25603e-07
4.9687e-07
-4.56955e-07
6.61484e-07
-3.21102e-07
8.05917e-07
-2.38377e-07
9.46072e-07
-1.86265e-07
1.09932e-06
-1.66315e-07
1.27159e-06
-1.6926e-07
1.48138e-06
-2.07697e-07
1.71371e-06
-2.8725e-07
1.92228e-06
-3.93847e-07
2.07925e-06
-4.77721e-07
2.17955e-06
-5.05904e-07
2.23042e-06
-4.77771e-07
2.2411e-06
-4.08225e-07
2.2352e-06
-3.51227e-07
2.23721e-06
-3.34077e-07
2.2721e-06
-3.5338e-07
2.29885e-06
-3.15303e-07
2.28802e-06
-1.77128e-07
2.26776e-06
-1.01097e-07
2.24715e-06
-6.72768e-08
2.22094e-06
-5.94086e-08
2.19035e-06
-7.13082e-08
2.14905e-06
-1.1778e-07
2.11771e-06
-1.9292e-07
2.12567e-06
-3.41297e-07
2.1171e-06
-3.92217e-07
2.01513e-06
-1.20943e-07
1.99151e-06
-1.49905e-07
-5.85404e-07
9.07423e-07
-6.53215e-07
9.13114e-07
-5.0187e-07
9.58678e-07
-3.81685e-07
1.02915e-06
-3.15673e-07
1.12529e-06
-2.82838e-07
1.2495e-06
-2.90697e-07
1.39972e-06
-3.17721e-07
1.57354e-06
-3.82533e-07
1.73767e-06
-4.53944e-07
1.86519e-06
-5.2275e-07
1.93395e-06
-5.45091e-07
1.9564e-06
-5.24275e-07
1.93358e-06
-4.54924e-07
1.86892e-06
-3.37811e-07
1.77883e-06
-2.47482e-07
1.70443e-06
-2.38306e-07
1.69119e-06
-3.3343e-07
1.67098e-06
-3.56047e-07
1.61634e-06
-9.67142e-08
1.56917e-06
-4.755e-08
1.53257e-06
-3.03055e-08
1.49353e-06
-2.58229e-08
1.45541e-06
-2.92498e-08
1.37751e-06
-5.10403e-08
1.31499e-06
-9.22597e-08
1.22741e-06
-2.32736e-07
1.12876e-06
-2.15825e-07
1.04549e-06
-2.74694e-08
7.91648e-07
-4.08287e-08
-3.01347e-07
7.80722e-07
-5.07729e-07
7.3419e-07
-4.40669e-07
7.59634e-07
-3.99236e-07
8.24795e-07
-3.735e-07
9.29e-07
-3.77899e-07
1.05313e-06
-4.09351e-07
1.19813e-06
-4.54842e-07
1.34593e-06
-5.27797e-07
1.46805e-06
-5.69983e-07
1.53862e-06
-5.89082e-07
1.54339e-06
-5.40692e-07
1.5137e-06
-4.88264e-07
1.44619e-06
-3.93487e-07
1.36368e-06
-2.64353e-07
1.23978e-06
-1.14956e-07
1.14869e-06
-1.09122e-07
1.05034e-06
-2.20117e-07
9.50201e-07
-1.93501e-07
9.11411e-07
-2.20639e-08
8.61925e-07
-1.01099e-08
8.30571e-07
-6.82986e-09
8.03016e-07
-6.10697e-09
7.83608e-07
-6.8314e-09
7.17415e-07
-1.12556e-08
6.70781e-07
-2.10202e-08
3.47304e-07
-7.17791e-08
1.04565e-08
-2.21647e-09
1.07892e-08
-6.14412e-09
5.6613e-09
-8.25164e-09
-9.75432e-09
8.63695e-07
-4.54138e-07
8.61176e-07
-4.3869e-07
8.85711e-07
-4.33159e-07
9.33627e-07
-4.26654e-07
1.00912e-06
-4.60481e-07
1.0901e-06
-4.94955e-07
1.19155e-06
-5.60141e-07
1.27738e-06
-6.20277e-07
1.31654e-06
-6.18182e-07
1.26504e-06
-5.53065e-07
1.15908e-06
-4.35314e-07
1.03246e-06
-3.76546e-07
8.74292e-07
-2.06822e-07
7.84734e-07
-1.16988e-07
6.91021e-07
-2.33781e-08
6.17844e-07
-2.15229e-08
3.13232e-07
-6.30927e-08
8.47641e-09
6.91865e-10
9.70561e-09
-8.40216e-10
8.27125e-09
-1.0819e-09
8.07875e-09
-1.32984e-09
7.9021e-09
-1.63534e-09
7.64753e-09
-2.02178e-09
7.11802e-09
-2.44558e-09
6.21918e-09
-2.94182e-09
6.34672e-09
-3.12782e-09
7.39357e-09
-3.24475e-09
6.59709e-09
-7.03337e-09
3.68968e-09
-9.19224e-09
-1.06271e-08
8.64385e-07
-4.0273e-07
8.35048e-07
-4.03814e-07
8.17717e-07
-4.14878e-07
8.34567e-07
-4.35439e-07
8.68591e-07
-4.94943e-07
9.17071e-07
-5.32379e-07
9.8988e-07
-6.28077e-07
1.01766e-06
-6.42465e-07
9.61718e-07
-5.71609e-07
8.05559e-07
-4.14284e-07
6.3519e-07
-2.2178e-07
4.2503e-07
-1.48086e-07
1.44883e-07
-3.06421e-08
8.00901e-09
-1.91359e-10
6.81678e-09
-6.24583e-10
5.93956e-09
-3.0117e-10
7.2738e-09
5.68145e-10
8.56175e-09
1.18911e-09
8.48201e-09
-7.22688e-10
7.99041e-09
-1.19155e-09
7.67541e-09
-1.57364e-09
7.38547e-09
-1.97636e-09
7.03615e-09
-2.43827e-09
6.56491e-09
-2.93681e-09
6.02016e-09
-3.47769e-09
5.72977e-09
-3.8321e-09
5.50477e-09
-4.14073e-09
4.48947e-09
-5.71113e-09
2.50033e-09
-7.03648e-09
-7.84142e-09
8.64755e-07
-3.51585e-07
8.3091e-07
-3.67545e-07
8.06749e-07
-3.89522e-07
8.13746e-07
-4.39194e-07
8.15731e-07
-5.02767e-07
8.4673e-07
-5.54786e-07
8.73238e-07
-6.63263e-07
8.06117e-07
-5.84296e-07
6.30967e-07
-4.27436e-07
4.25013e-07
-1.69576e-07
1.75149e-07
-4.84853e-08
6.65835e-09
4.48097e-10
7.71431e-09
5.00887e-10
7.50301e-09
4.36482e-10
7.03186e-09
-3.71769e-10
6.78858e-09
-1.96667e-10
7.21775e-09
3.77952e-10
7.69891e-09
2.32007e-10
7.74352e-09
-4.49293e-10
7.52286e-09
-9.17156e-10
7.2463e-09
-1.30164e-09
6.92819e-09
-1.67378e-09
6.54669e-09
-2.06488e-09
6.08532e-09
-2.47672e-09
5.56678e-09
-2.90306e-09
5.04745e-09
-3.3109e-09
4.40629e-09
-3.80133e-09
3.35569e-09
-4.63394e-09
1.82216e-09
-5.40109e-09
-5.86074e-09
8.59633e-07
-2.95807e-07
8.09059e-07
-3.17405e-07
7.67567e-07
-3.4391e-07
7.38261e-07
-4.09143e-07
6.99679e-07
-4.61554e-07
7.04882e-07
-5.45769e-07
6.48709e-07
-6.17602e-07
4.66771e-07
-4.17953e-07
1.85872e-07
-1.60526e-07
6.19986e-09
-7.20391e-10
6.23843e-09
1.21612e-10
6.6796e-09
9.25037e-10
7.09625e-09
5.17617e-10
7.1421e-09
2.83677e-10
7.02086e-09
-1.68319e-11
6.96514e-09
-3.79441e-11
7.10971e-09
6.32927e-11
7.27263e-09
-5.75632e-11
7.27028e-09
-3.90884e-10
7.11123e-09
-7.26504e-10
6.85874e-09
-1.04201e-09
6.53431e-09
-1.35225e-09
6.13712e-09
-1.67075e-09
5.6629e-09
-2.00213e-09
5.11422e-09
-2.34692e-09
4.48697e-09
-2.70708e-09
3.71727e-09
-3.11976e-09
2.70484e-09
-3.62218e-09
1.43261e-09
-4.07321e-09
-4.3397e-09
8.50487e-07
-2.31864e-07
7.83524e-07
-2.52345e-07
7.2578e-07
-2.81705e-07
6.61438e-07
-3.47144e-07
6.02951e-07
-3.94231e-07
5.70232e-07
-5.07894e-07
4.20698e-07
-4.87141e-07
1.48803e-07
-1.68653e-07
4.95529e-09
-1.3111e-09
6.05686e-09
1.1082e-10
6.40189e-09
1.72696e-10
6.65007e-09
4.06784e-10
6.86587e-09
3.28501e-10
6.94827e-09
1.99269e-10
6.94435e-09
5.87282e-11
6.9414e-09
-1.55078e-12
6.98328e-09
-2.92726e-11
7.01162e-09
-1.34672e-10
6.95374e-09
-3.30169e-10
6.79306e-09
-5.55957e-10
6.5431e-09
-7.87618e-10
6.21318e-09
-1.02245e-09
5.80461e-09
-1.26373e-09
5.31497e-09
-1.51411e-09
4.74026e-09
-1.77539e-09
4.06894e-09
-2.05077e-09
3.271e-09
-2.34844e-09
2.31376e-09
-2.66183e-09
1.20343e-09
-2.92986e-09
-3.08517e-09
8.41117e-07
-1.59776e-07
7.6109e-07
-1.74835e-07
6.83534e-07
-2.01699e-07
5.85771e-07
-2.52143e-07
5.02423e-07
-2.99317e-07
3.98263e-07
-4.06465e-07
1.62543e-07
-2.77623e-07
9.52172e-09
-1.00232e-08
5.69609e-09
1.7588e-10
6.69266e-09
1.79148e-10
6.56788e-09
1.69909e-10
6.65296e-09
2.17809e-10
6.76889e-09
1.90346e-10
6.84076e-09
1.26165e-10
6.86687e-09
5.4039e-11
6.87282e-09
2.28675e-12
6.87038e-09
-4.41717e-11
6.83681e-09
-1.21683e-10
6.74e-09
-2.39145e-10
6.56417e-09
-3.79514e-10
6.30744e-09
-5.30049e-10
5.9707e-09
-6.86178e-10
5.55316e-09
-8.47616e-10
5.05212e-09
-1.01519e-09
4.46294e-09
-1.18979e-09
3.77754e-09
-1.37217e-09
2.98402e-09
-1.56142e-09
2.07579e-09
-1.74684e-09
1.06732e-09
-1.89926e-09
-1.98596e-09
8.33979e-07
-8.1612e-08
7.45473e-07
-8.89948e-08
6.49253e-07
-1.05924e-07
5.268e-07
-1.31819e-07
4.07247e-07
-1.71243e-07
2.15314e-07
-2.22666e-07
3.55719e-08
-8.62248e-08
4.16119e-09
-7.48113e-10
6.07107e-09
3.74875e-10
6.3995e-09
1.65958e-10
6.52425e-09
1.10012e-10
6.625e-09
1.04188e-10
6.71594e-09
8.88887e-11
6.77902e-09
6.10059e-11
6.80953e-09
2.89687e-11
6.8126e-09
8.12083e-13
6.78859e-09
-2.80232e-11
6.72526e-09
-6.87286e-11
6.60529e-09
-1.25194e-10
6.41619e-09
-1.92897e-10
6.15179e-09
-2.66885e-10
5.80901e-09
-3.44606e-10
5.38524e-09
-4.25366e-10
4.87743e-09
-5.09247e-10
4.28184e-09
-5.96437e-10
3.59426e-09
-6.86712e-10
2.81176e-09
-7.78249e-10
1.93804e-09
-8.64868e-10
9.90062e-10
-9.34391e-10
-9.73446e-10
8.29419e-07
7.39087e-07
6.28976e-07
4.97986e-07
3.24469e-07
1.12622e-07
7.47998e-09
4.72998e-09
6.24512e-09
6.38276e-09
6.50462e-09
6.60683e-09
6.69087e-09
6.74983e-09
6.77961e-09
6.77944e-09
6.74613e-09
6.67037e-09
6.53971e-09
6.34348e-09
6.07452e-09
5.72829e-09
5.30134e-09
4.79051e-09
4.19275e-09
3.50592e-09
2.73074e-09
1.87455e-09
9.54876e-10
)
;

boundaryField
{
    inlet1
    {
        type            calculated;
        value           nonuniform List<scalar> 10(-1e-07 -1e-07 -1e-07 -1e-07 -1e-07 -1e-07 -1e-07 -1e-07 -1e-07 -1e-07);
    }
    inlet2
    {
        type            calculated;
        value           uniform 0;
    }
    inlet3
    {
        type            calculated;
        value           nonuniform List<scalar> 10(-9.13394e-07 -9.13394e-07 -9.13394e-07 -9.13394e-07 -9.13394e-07 -9.13394e-07 -9.13394e-07 -9.13394e-07 -9.13394e-07 -9.13394e-07);
    }
    output1
    {
        type            calculated;
        value           uniform 0;
    }
    output2
    {
        type            calculated;
        value           nonuniform List<scalar> 10(2.75532e-08 1.73422e-08 1.37571e-08 1.22143e-08 1.14743e-08 9.66348e-09 1.62252e-06 2.97464e-06 2.98168e-06 2.4631e-06);
    }
    output3
    {
        type            calculated;
        value           uniform -0;
    }
    up
    {
        type            calculated;
        value           uniform 0;
    }
    down
    {
        type            calculated;
        value           uniform 0;
    }
    emptyWalls
    {
        type            empty;
        value           nonuniform List<scalar> 0();
    }
}


// ************************************************************************* //
