/*--------------------------------*- C++ -*----------------------------------*\
  =========                 |
  \\      /  F ield         | OpenFOAM: The Open Source CFD Toolbox
   \\    /   O peration     | Website:  https://openfoam.org
    \\  /    A nd           | Version:  9
     \\/     M anipulation  |
\*---------------------------------------------------------------------------*/
FoamFile
{
    format      ascii;
    class       volVectorField;
    location    "5000";
    object      ut;
}
// * * * * * * * * * * * * * * * * * * * * * * * * * * * * * * * * * * * * * //

dimensions      [0 1 -1 0 0 0 0];

internalField   nonuniform List<vector> 
900
(
(1.66987e-06 1.714e-06 -0)
(8.16699e-07 2.47524e-07 -0)
(9.42773e-07 1.74467e-07 -0)
(2.60995e-07 4.74111e-10 -0)
(5.4845e-07 1.16606e-08 -0)
(5.17787e-07 4.48068e-09 -0)
(5.11101e-07 2.19418e-09 -0)
(5.07705e-07 1.20189e-09 -0)
(5.05867e-07 6.34831e-10 -0)
(5.04928e-07 3.03141e-10 -0)
(5.04451e-07 1.72317e-10 -0)
(5.0404e-07 2.36353e-10 -0)
(5.0331e-07 4.92345e-10 -0)
(5.01876e-07 9.38787e-10 -0)
(4.99358e-07 1.57754e-09 -0)
(4.95364e-07 2.41515e-09 -0)
(4.89485e-07 3.46332e-09 -0)
(4.81283e-07 4.73848e-09 -0)
(4.70284e-07 6.26029e-09 -0)
(4.55974e-07 8.04945e-09 -0)
(4.37798e-07 1.01247e-08 -0)
(4.15175e-07 1.24968e-08 -0)
(3.87518e-07 1.51602e-08 -0)
(3.54275e-07 1.80822e-08 -0)
(3.15e-07 2.11901e-08 -0)
(2.6945e-07 2.43562e-08 -0)
(2.17702e-07 2.73889e-08 -0)
(1.60274e-07 3.00378e-08 -0)
(9.82121e-08 3.20233e-08 -0)
(3.30941e-08 3.3092e-08 -0)
(3.85839e-06 1.71029e-05 -0)
(1.1121e-06 1.64577e-06 -0)
(9.00723e-07 7.89505e-07 -0)
(1.96062e-07 2.69529e-09 -0)
(5.52442e-07 1.57914e-08 -0)
(5.0832e-07 8.55665e-09 -0)
(5.07823e-07 5.288e-09 -0)
(5.06145e-07 3.17989e-09 -0)
(5.04968e-07 1.66841e-09 -0)
(5.04465e-07 7.07704e-10 -0)
(5.04384e-07 3.21226e-10 -0)
(5.0436e-07 5.16303e-10 -0)
(5.04012e-07 1.28603e-09 -0)
(5.02961e-07 2.6238e-09 -0)
(5.00834e-07 4.53358e-09 -0)
(4.9725e-07 7.03471e-09 -0)
(4.91808e-07 1.01628e-08 -0)
(4.8408e-07 1.39683e-08 -0)
(4.73595e-07 1.85127e-08 -0)
(4.59838e-07 2.38619e-08 -0)
(4.42245e-07 3.0077e-08 -0)
(4.2021e-07 3.7198e-08 -0)
(3.93103e-07 4.52202e-08 -0)
(3.60305e-07 5.40605e-08 -0)
(3.21274e-07 6.35131e-08 -0)
(2.75649e-07 7.32026e-08 -0)
(2.23384e-07 8.25493e-08 -0)
(1.64909e-07 9.07749e-08 -0)
(1.01266e-07 9.69841e-08 -0)
(3.41628e-08 1.00345e-07 -0)
(2.35193e-06 1.59554e-05 -0)
(8.61313e-07 2.29241e-06 -0)
(8.79649e-07 1.2996e-06 -0)
(2.04925e-07 5.58336e-09 -0)
(5.5291e-07 5.28866e-09 -0)
(5.07283e-07 8.67629e-09 -0)
(5.05725e-07 7.22106e-09 -0)
(5.04085e-07 4.56085e-09 -0)
(5.03395e-07 2.15076e-09 -0)
(5.03581e-07 5.37448e-10 -0)
(5.0426e-07 -1.12012e-10 -0)
(5.05005e-07 2.21022e-10 -0)
(5.05417e-07 1.51119e-09 -0)
(5.05124e-07 3.73642e-09 -0)
(5.03769e-07 6.89791e-09 -0)
(5.00993e-07 1.10268e-08 -0)
(4.96419e-07 1.61844e-08 -0)
(4.89633e-07 2.24587e-08 -0)
(4.80178e-07 2.99591e-08 -0)
(4.67538e-07 3.88074e-08 -0)
(4.51134e-07 4.91228e-08 -0)
(4.30318e-07 6.09984e-08 -0)
(4.0438e-07 7.44638e-08 -0)
(3.72568e-07 8.9428e-08 -0)
(3.34142e-07 1.05599e-07 -0)
(2.88486e-07 1.2239e-07 -0)
(2.35275e-07 1.38829e-07 -0)
(1.74709e-07 1.53527e-07 -0)
(1.07782e-07 1.64791e-07 -0)
(3.6455e-08 1.7096e-07 -0)
(2.37847e-06 3.31122e-05 -0)
(5.93026e-07 3.42328e-06 -0)
(8.44973e-07 1.9762e-06 -0)
(2.34191e-07 1.07662e-08 -0)
(5.52893e-07 8.68455e-09 -0)
(5.10252e-07 1.364e-08 -0)
(5.03707e-07 1.03593e-08 -0)
(5.01075e-07 5.6921e-09 -0)
(5.00945e-07 1.83677e-09 -0)
(5.02203e-07 -5.96303e-10 -0)
(5.04068e-07 -1.5274e-09 -0)
(5.05984e-07 -1.03116e-09 -0)
(5.07527e-07 8.01275e-10 -0)
(5.08348e-07 3.91246e-09 -0)
(5.08125e-07 8.29425e-09 -0)
(5.06536e-07 1.39896e-08 -0)
(5.0324e-07 2.10884e-08 -0)
(4.97855e-07 2.97225e-08 -0)
(4.89944e-07 4.00577e-08 -0)
(4.79002e-07 5.22859e-08 -0)
(4.64437e-07 6.66086e-08 -0)
(4.45551e-07 8.32098e-08 -0)
(4.21533e-07 1.0221e-07 -0)
(3.9144e-07 1.23589e-07 -0)
(3.54236e-07 1.47065e-07 -0)
(3.08878e-07 1.71929e-07 -0)
(2.54521e-07 1.9685e-07 -0)
(1.90871e-07 2.19715e-07 -0)
(1.18699e-07 2.37692e-07 -0)
(4.0332e-08 2.47746e-07 -0)
(1.21074e-06 3.13013e-05 -0)
(6.53715e-08 3.88256e-06 -0)
(6.87519e-07 1.81079e-06 -0)
(2.80928e-07 7.81167e-08 -0)
(5.52829e-07 4.08929e-08 -0)
(5.08958e-07 2.68405e-08 -0)
(4.97777e-07 1.48844e-08 -0)
(4.95563e-07 6.01188e-09 -0)
(4.97107e-07 1.00807e-10 -0)
(5.00217e-07 -3.23168e-09 -0)
(5.03825e-07 -4.36984e-09 -0)
(5.07334e-07 -3.61951e-09 -0)
(5.10361e-07 -1.18753e-09 -0)
(5.12617e-07 2.81751e-09 -0)
(5.13846e-07 8.37655e-09 -0)
(5.13788e-07 1.55481e-08 -0)
(5.12152e-07 2.44567e-08 -0)
(5.08602e-07 3.52846e-08 -0)
(5.02741e-07 4.82634e-08 -0)
(4.94089e-07 6.36703e-08 -0)
(4.82058e-07 8.18153e-08 -0)
(4.65919e-07 1.0302e-07 -0)
(4.44759e-07 1.27575e-07 -0)
(4.17423e-07 1.55649e-07 -0)
(3.82483e-07 1.87141e-07 -0)
(3.38271e-07 2.21415e-07 -0)
(2.8306e-07 2.56928e-07 -0)
(2.15552e-07 2.90791e-07 -0)
(1.35813e-07 3.18519e-07 -0)
(4.65088e-08 3.34587e-07 -0)
(1.20246e-06 5.15721e-05 -0)
(-3.99002e-07 4.48974e-06 -0)
(4.51331e-07 1.85066e-07 -0)
(3.23171e-07 1.62647e-07 -0)
(4.9636e-07 7.61695e-08 -0)
(4.84243e-07 3.79451e-08 -0)
(4.82878e-07 1.63261e-08 -0)
(4.86291e-07 3.37058e-09 -0)
(4.91701e-07 -4.21335e-09 -0)
(4.97732e-07 -8.06087e-09 -0)
(5.0368e-07 -9.10029e-09 -0)
(5.09166e-07 -7.88916e-09 -0)
(5.13964e-07 -4.74923e-09 -0)
(5.17912e-07 1.68746e-10 -0)
(5.20855e-07 6.84641e-09 -0)
(5.22617e-07 1.53694e-08 -0)
(5.22977e-07 2.59058e-08 -0)
(5.21661e-07 3.86954e-08 -0)
(5.18329e-07 5.40413e-08 -0)
(5.12554e-07 7.23164e-08 -0)
(5.03786e-07 9.3961e-08 -0)
(4.91311e-07 1.19479e-07 -0)
(4.74162e-07 1.49418e-07 -0)
(4.51007e-07 1.84293e-07 -0)
(4.20002e-07 2.24436e-07 -0)
(3.78665e-07 2.69662e-07 -0)
(3.23897e-07 3.18658e-07 -0)
(2.52462e-07 3.68004e-07 -0)
(1.62495e-07 4.11009e-07 -0)
(5.64e-08 4.37496e-07 -0)
(1.81999e-06 4.96631e-05 -0)
(3.55294e-07 5.60464e-06 -0)
(2.03237e-07 5.11405e-08 -0)
(3.47867e-07 1.41577e-07 -0)
(4.27692e-07 7.19983e-08 -0)
(4.49115e-07 3.24444e-08 -0)
(4.63202e-07 9.10475e-09 -0)
(4.75023e-07 -4.64206e-09 -0)
(4.85675e-07 -1.22635e-08 -0)
(4.9533e-07 -1.56976e-08 -0)
(5.03996e-07 -1.60806e-08 -0)
(5.11685e-07 -1.40867e-08 -0)
(5.18419e-07 -1.00881e-08 -0)
(5.24212e-07 -4.239e-09 -0)
(5.29047e-07 3.47142e-09 -0)
(5.32847e-07 1.31771e-08 -0)
(5.35478e-07 2.5102e-08 -0)
(5.36738e-07 3.95483e-08 -0)
(5.36362e-07 5.68911e-08 -0)
(5.34009e-07 7.75948e-08 -0)
(5.29221e-07 1.02234e-07 -0)
(5.21376e-07 1.3152e-07 -0)
(5.09572e-07 1.66323e-07 -0)
(4.92441e-07 2.07669e-07 -0)
(4.67852e-07 2.5665e-07 -0)
(4.32493e-07 3.1414e-07 -0)
(3.81402e-07 3.80038e-07 -0)
(3.07903e-07 4.51558e-07 -0)
(2.05305e-07 5.20018e-07 -0)
(7.29958e-08 5.6689e-07 -0)
(2.13891e-06 6.96357e-05 -0)
(4.19793e-07 6.89385e-06 -0)
(1.22379e-07 2.41118e-08 -0)
(3.60248e-07 7.12438e-08 -0)
(3.87188e-07 3.80984e-08 -0)
(4.2135e-07 1.07296e-08 -0)
(4.45792e-07 -7.70952e-09 -0)
(4.64923e-07 -1.87799e-08 -0)
(4.80646e-07 -2.45006e-08 -0)
(4.93915e-07 -2.63845e-08 -0)
(5.05291e-07 -2.54368e-08 -0)
(5.15158e-07 -2.22874e-08 -0)
(5.23812e-07 -1.72767e-08 -0)
(5.31472e-07 -1.05076e-08 -0)
(5.38271e-07 -1.89839e-09 -0)
(5.44247e-07 8.76389e-09 -0)
(5.49348e-07 2.17772e-08 -0)
(5.5345e-07 3.75034e-08 -0)
(5.56376e-07 5.63794e-08 -0)
(5.57896e-07 7.89383e-08 -0)
(5.57711e-07 1.05861e-07 -0)
(5.554e-07 1.38043e-07 -0)
(5.50311e-07 1.76687e-07 -0)
(5.41334e-07 2.2341e-07 -0)
(5.26473e-07 2.80356e-07 -0)
(5.02053e-07 3.50212e-07 -0)
(4.61315e-07 4.35793e-07 -0)
(3.92442e-07 5.38175e-07 -0)
(2.77827e-07 6.50615e-07 -0)
(1.03272e-07 7.43157e-07 -0)
(1.84038e-06 6.61972e-05 -0)
(4.47458e-07 7.87598e-06 -0)
(1.34519e-07 2.80634e-08 -0)
(3.50938e-07 1.81862e-08 -0)
(3.67176e-07 -1.55153e-09 -0)
(4.03307e-07 -1.99151e-08 -0)
(4.33693e-07 -3.18927e-08 -0)
(4.58232e-07 -3.82673e-08 -0)
(4.7807e-07 -4.05741e-08 -0)
(4.94394e-07 -3.99023e-08 -0)
(5.08093e-07 -3.69935e-08 -0)
(5.19845e-07 -3.23485e-08 -0)
(5.30198e-07 -2.62229e-08 -0)
(5.39591e-07 -1.86168e-08 -0)
(5.48318e-07 -9.32069e-09 -0)
(5.56523e-07 1.99871e-09 -0)
(5.64217e-07 1.57368e-08 -0)
(5.7134e-07 3.2309e-08 -0)
(5.77797e-07 5.21837e-08 -0)
(5.8349e-07 7.59166e-08 -0)
(5.88326e-07 1.04226e-07 -0)
(5.92203e-07 1.38104e-07 -0)
(5.94939e-07 1.78971e-07 -0)
(5.9611e-07 2.28927e-07 -0)
(5.94654e-07 2.91152e-07 -0)
(5.8793e-07 3.70556e-07 -0)
(5.69365e-07 4.74746e-07 -0)
(5.22724e-07 6.14734e-07 -0)
(4.10287e-07 8.01109e-07 -0)
(1.65538e-07 1.01197e-06 -0)
(2.51259e-06 8.697e-05 -0)
(4.64606e-07 8.79213e-06 -0)
(1.42105e-07 4.05397e-08 -0)
(3.21463e-07 -1.49006e-08 -0)
(3.49087e-07 -4.25737e-08 -0)
(3.91009e-07 -5.69459e-08 -0)
(4.2744e-07 -6.16788e-08 -0)
(4.56242e-07 -6.1822e-08 -0)
(4.79011e-07 -5.96256e-08 -0)
(4.97496e-07 -5.56565e-08 -0)
(5.12845e-07 -5.02859e-08 -0)
(5.25929e-07 -4.38898e-08 -0)
(5.37544e-07 -3.6649e-08 -0)
(5.48374e-07 -2.84162e-08 -0)
(5.58887e-07 -1.87669e-08 -0)
(5.69305e-07 -7.18052e-09 -0)
(5.79658e-07 6.85829e-09 -0)
(5.89897e-07 2.38114e-08 -0)
(5.99983e-07 4.41299e-08 -0)
(6.09939e-07 6.83173e-08 -0)
(6.19899e-07 9.70236e-08 -0)
(6.30145e-07 1.31175e-07 -0)
(6.41135e-07 1.72166e-07 -0)
(6.53514e-07 2.22177e-07 -0)
(6.68102e-07 2.84768e-07 -0)
(6.85647e-07 3.66114e-07 -0)
(7.05493e-07 4.77902e-07 -0)
(7.18804e-07 6.44905e-07 -0)
(6.75059e-07 9.27118e-07 -0)
(3.1413e-07 1.49163e-06 -0)
(3.01836e-06 8.18263e-05 -0)
(2.51711e-06 1.03205e-05 -0)
(8.31736e-08 3.13233e-08 -0)
(2.62973e-07 -9.16442e-08 -0)
(3.25131e-07 -9.68977e-08 -0)
(3.84202e-07 -1.03616e-07 -0)
(4.28816e-07 -9.60539e-08 -0)
(4.60285e-07 -8.77158e-08 -0)
(4.84236e-07 -8.04496e-08 -0)
(5.03733e-07 -7.28121e-08 -0)
(5.1986e-07 -6.46038e-08 -0)
(5.33482e-07 -5.62754e-08 -0)
(5.45672e-07 -4.8067e-08 -0)
(5.57473e-07 -3.96289e-08 -0)
(5.69554e-07 -3.01557e-08 -0)
(5.82148e-07 -1.8808e-08 -0)
(5.95209e-07 -4.93227e-09 -0)
(6.08611e-07 1.19495e-08 -0)
(6.22303e-07 3.22069e-08 -0)
(6.36384e-07 5.61989e-08 -0)
(6.51184e-07 8.43765e-08 -0)
(6.67345e-07 1.17409e-07 -0)
(6.85941e-07 1.56342e-07 -0)
(7.08712e-07 2.02848e-07 -0)
(7.38591e-07 2.5963e-07 -0)
(7.81064e-07 3.31231e-07 -0)
(8.48156e-07 4.25843e-07 -0)
(9.71941e-07 5.59866e-07 -0)
(1.25702e-06 7.70825e-07 -0)
(2.10771e-06 1.15816e-06 -0)
(4.25855e-06 8.02825e-05 -0)
(3.89296e-06 1.14544e-05 -0)
(2.81808e-06 3.71798e-06 -0)
(1.15703e-07 -3.7393e-08 -0)
(3.37105e-07 -1.77831e-07 -0)
(3.91853e-07 -1.64571e-07 -0)
(4.4334e-07 -1.31205e-07 -0)
(4.71846e-07 -1.12538e-07 -0)
(4.93915e-07 -1.01645e-07 -0)
(5.13341e-07 -9.05388e-08 -0)
(5.29381e-07 -7.90424e-08 -0)
(5.42466e-07 -6.85406e-08 -0)
(5.5419e-07 -5.97189e-08 -0)
(5.66285e-07 -5.18741e-08 -0)
(5.79708e-07 -4.34148e-08 -0)
(5.94528e-07 -3.29688e-08 -0)
(6.10416e-07 -1.97278e-08 -0)
(6.27036e-07 -3.28587e-09 -0)
(6.44233e-07 1.65494e-08 -0)
(6.62109e-07 3.98944e-08 -0)
(6.81108e-07 6.68758e-08 -0)
(7.02111e-07 9.77415e-08 -0)
(7.26574e-07 1.32948e-07 -0)
(7.56802e-07 1.73244e-07 -0)
(7.96485e-07 2.19673e-07 -0)
(8.5186e-07 2.73337e-07 -0)
(9.34128e-07 3.34373e-07 -0)
(1.06379e-06 3.97892e-07 -0)
(1.27335e-06 4.38158e-07 -0)
(1.56857e-06 3.44902e-07 -0)
(5.49758e-06 7.2042e-05 -0)
(5.19164e-06 1.13445e-05 -0)
(4.82337e-06 5.06731e-06 -0)
(3.46363e-06 2.91914e-06 -0)
(2.16165e-07 -8.86514e-08 -0)
(4.30803e-07 -2.5002e-07 -0)
(4.8085e-07 -1.51666e-07 -0)
(4.89845e-07 -1.29585e-07 -0)
(5.06235e-07 -1.23053e-07 -0)
(5.26336e-07 -1.08656e-07 -0)
(5.41858e-07 -9.24892e-08 -0)
(5.52805e-07 -7.91277e-08 -0)
(5.62338e-07 -7.03904e-08 -0)
(5.73777e-07 -6.4743e-08 -0)
(5.88459e-07 -5.86534e-08 -0)
(6.05835e-07 -4.99258e-08 -0)
(6.24892e-07 -3.77244e-08 -0)
(6.44889e-07 -2.19143e-08 -0)
(6.65483e-07 -2.6176e-09 -0)
(6.8671e-07 1.99538e-08 -0)
(7.09031e-07 4.54929e-08 -0)
(7.33417e-07 7.37335e-08 -0)
(7.61443e-07 1.04464e-07 -0)
(7.95437e-07 1.37506e-07 -0)
(8.38684e-07 1.72483e-07 -0)
(8.95764e-07 2.08071e-07 -0)
(9.72711e-07 2.40423e-07 -0)
(1.07572e-06 2.59171e-07 -0)
(1.20403e-06 2.39012e-07 -0)
(1.32465e-06 1.28197e-07 -0)
(7.68045e-06 6.7387e-05 -0)
(8.20799e-06 1.21791e-05 -0)
(8.27524e-06 6.77322e-06 -0)
(7.48062e-06 5.93777e-06 -0)
(2.65128e-06 3.21085e-06 -0)
(3.13717e-07 -7.5946e-08 -0)
(5.63792e-07 -1.03332e-07 -0)
(5.00459e-07 -1.31085e-07 -0)
(5.14843e-07 -1.52328e-07 -0)
(5.43905e-07 -1.28547e-07 -0)
(5.5891e-07 -1.03128e-07 -0)
(5.64565e-07 -8.50948e-08 -0)
(5.68575e-07 -7.79699e-08 -0)
(5.78022e-07 -7.8052e-08 -0)
(5.94525e-07 -7.65319e-08 -0)
(6.15457e-07 -7.03546e-08 -0)
(6.38427e-07 -5.93272e-08 -0)
(6.62143e-07 -4.40285e-08 -0)
(6.86101e-07 -2.50592e-08 -0)
(7.10219e-07 -2.95406e-09 -0)
(7.34888e-07 2.14119e-08 -0)
(7.61083e-07 4.7235e-08 -0)
(7.90347e-07 7.36702e-08 -0)
(8.2482e-07 9.98345e-08 -0)
(8.67049e-07 1.24681e-07 -0)
(9.198e-07 1.46043e-07 -0)
(9.85229e-07 1.60076e-07 -0)
(1.06238e-06 1.59358e-07 -0)
(1.14238e-06 1.30525e-07 -0)
(1.20136e-06 5.70708e-08 -0)
(1.22422e-05 5.32013e-05 -0)
(1.11361e-05 9.49314e-06 -0)
(1.24699e-05 6.68484e-06 -0)
(1.19424e-05 7.26679e-06 -0)
(1.16261e-05 8.63764e-06 -0)
(1.77019e-07 8.08472e-08 -0)
(4.29549e-07 -9.91675e-08 -0)
(4.40849e-07 -1.39098e-07 -0)
(5.08773e-07 -2.26627e-07 -0)
(5.75535e-07 -1.50075e-07 -0)
(5.85311e-07 -1.06383e-07 -0)
(5.77964e-07 -8.01481e-08 -0)
(5.69381e-07 -7.8416e-08 -0)
(5.75215e-07 -9.37467e-08 -0)
(5.96157e-07 -1.00933e-07 -0)
(6.23039e-07 -9.82817e-08 -0)
(6.51218e-07 -8.80612e-08 -0)
(6.79157e-07 -7.24084e-08 -0)
(7.06558e-07 -5.27891e-08 -0)
(7.33181e-07 -2.99971e-08 -0)
(7.5922e-07 -5.08883e-09 -0)
(7.85675e-07 2.06544e-08 -0)
(8.14043e-07 4.56857e-08 -0)
(8.46448e-07 6.82572e-08 -0)
(8.84892e-07 8.6463e-08 -0)
(9.31159e-07 9.81269e-08 -0)
(9.86027e-07 1.01182e-07 -0)
(1.04617e-06 9.34064e-08 -0)
(1.10174e-06 7.0208e-08 -0)
(1.13706e-06 2.72048e-08 -0)
(2.53879e-05 3.99372e-05 -0)
(2.6004e-05 1.33429e-05 -0)
(2.55615e-05 9.31872e-06 -0)
(2.43875e-05 9.88872e-06 -0)
(2.27351e-05 1.19378e-05 -0)
(1.95488e-05 1.208e-05 -0)
(2.07514e-07 3.22915e-10 -0)
(3.72997e-07 -7.62723e-08 -0)
(5.03861e-07 -1.66925e-07 -0)
(6.64149e-07 -1.50223e-07 -0)
(6.28835e-07 -9.78665e-08 -0)
(5.9252e-07 -4.36868e-08 -0)
(5.52956e-07 -3.89675e-08 -0)
(5.38429e-07 -5.14702e-08 -0)
(5.51943e-07 -5.55765e-08 -0)
(5.70475e-07 -5.34714e-08 -0)
(5.91924e-07 -4.78526e-08 -0)
(6.15895e-07 -4.0091e-08 -0)
(6.36853e-07 -3.05071e-08 -0)
(6.31469e-07 -1.89792e-08 -0)
(6.26181e-07 -7.55817e-09 -0)
(5.89513e-07 2.98168e-09 -0)
(5.8269e-07 1.18272e-08 -0)
(5.67663e-07 1.84403e-08 -0)
(5.91411e-07 2.38098e-08 -0)
(6.15868e-07 2.64248e-08 -0)
(6.44976e-07 2.5914e-08 -0)
(6.85518e-07 2.27572e-08 -0)
(7.6307e-07 1.68269e-08 -0)
(9.58824e-07 7.04859e-09 -0)
(1.9054e-05 -2.97544e-06 -0)
(3.3708e-05 6.31988e-06 -0)
(3.84524e-05 9.56579e-06 -0)
(4.42611e-05 1.26977e-05 -0)
(4.30327e-05 1.50231e-05 -0)
(4.8812e-05 1.91495e-05 -0)
(3.60105e-05 1.57356e-05 -0)
(4.30061e-05 7.03006e-06 -0)
(1.054e-05 1.74773e-06 -0)
(4.32423e-07 -1.04244e-08 -0)
(5.17703e-07 -3.84828e-08 -0)
(1.86063e-06 -2.02871e-07 -0)
(2.09149e-05 -2.54764e-06 -0)
(3.49938e-05 -3.2872e-06 -0)
(4.74111e-05 -3.22483e-06 -0)
(5.81655e-05 -2.96373e-06 -0)
(6.73413e-05 -2.61438e-06 -0)
(7.50256e-05 -2.2035e-06 -0)
(8.11548e-05 -1.73241e-06 -0)
(8.57515e-05 -1.28773e-06 -0)
(8.92074e-05 -1.00727e-06 -0)
(9.23544e-05 -1.02614e-06 -0)
(9.61635e-05 -1.36224e-06 -0)
(0.000101527 -1.94038e-06 -0)
(0.00010892 -2.61661e-06 -0)
(0.000118174 -3.25826e-06 -0)
(0.000129102 -3.87278e-06 -0)
(0.00014078 -4.29618e-06 -0)
(0.000152997 -3.87274e-06 -0)
(0.000160833 -1.79709e-06 -0)
(6.42704e-06 -1.42507e-05 -0)
(2.02595e-05 -7.02584e-06 -0)
(3.04963e-05 3.25898e-07 -0)
(4.20421e-05 5.42289e-06 -0)
(4.79868e-05 9.24595e-06 -0)
(5.91721e-05 1.35906e-05 -0)
(6.16336e-05 1.36334e-05 -0)
(6.78248e-05 1.53e-05 -0)
(6.43409e-05 1.8769e-05 -0)
(6.78561e-05 7.12374e-06 -0)
(7.90333e-05 -5.13288e-06 -0)
(9.43359e-05 -1.89852e-05 -0)
(0.000109863 -2.42736e-05 -0)
(0.000124971 -2.25399e-05 -0)
(0.000139742 -1.99487e-05 -0)
(0.000153819 -1.75349e-05 -0)
(0.000166755 -1.51525e-05 -0)
(0.000178347 -1.26663e-05 -0)
(0.000187742 -9.93997e-06 -0)
(0.000194754 -7.38843e-06 -0)
(0.000199897 -5.83729e-06 -0)
(0.000204375 -5.89501e-06 -0)
(0.000209185 -7.64033e-06 -0)
(0.00021588 -1.07807e-05 -0)
(0.000225241 -1.44168e-05 -0)
(0.000237603 -1.75677e-05 -0)
(0.000251595 -1.97581e-05 -0)
(0.000264739 -2.09888e-05 -0)
(0.000277688 -1.97606e-05 -0)
(0.000292732 -1.11913e-05 -0)
(8.81177e-06 -3.00826e-05 -0)
(2.4068e-05 -1.86817e-05 -0)
(3.72397e-05 -9.54422e-06 -0)
(4.97547e-05 -3.39725e-06 -0)
(6.01755e-05 9.9942e-07 -0)
(7.1646e-05 4.45309e-06 -0)
(8.2663e-05 6.56157e-06 -0)
(9.36518e-05 8.15667e-06 -0)
(0.000109413 5.98465e-06 -0)
(0.000128753 -6.61838e-06 -0)
(0.000149216 -2.18312e-05 -0)
(0.000166007 -3.30954e-05 -0)
(0.000179232 -3.72955e-05 -0)
(0.000190693 -3.60946e-05 -0)
(0.000200704 -3.31635e-05 -0)
(0.000210496 -3.02981e-05 -0)
(0.000220347 -2.72276e-05 -0)
(0.000230576 -2.31849e-05 -0)
(0.000237346 -1.76487e-05 -0)
(0.000241396 -1.24191e-05 -0)
(0.000243572 -9.27502e-06 -0)
(0.000245278 -8.89698e-06 -0)
(0.000246312 -1.12913e-05 -0)
(0.000248582 -1.65976e-05 -0)
(0.00025238 -2.33998e-05 -0)
(0.000259705 -2.94889e-05 -0)
(0.000269867 -3.06613e-05 -0)
(0.000272676 -2.84696e-05 -0)
(0.000272456 -3.06796e-05 -0)
(0.000283612 -2.99409e-05 -0)
(1.47737e-05 -4.79809e-05 -0)
(4.08942e-05 -3.33076e-05 -0)
(5.84799e-05 -2.32332e-05 -0)
(7.3817e-05 -1.62851e-05 -0)
(8.73664e-05 -1.14281e-05 -0)
(0.000101848 -8.57128e-06 -0)
(0.000118017 -7.71793e-06 -0)
(0.000136302 -9.9137e-06 -0)
(0.000159974 -1.77319e-05 -0)
(0.000182768 -3.05204e-05 -0)
(0.000201688 -4.22528e-05 -0)
(0.000214162 -4.82445e-05 -0)
(0.000221747 -4.80685e-05 -0)
(0.000224337 -4.36484e-05 -0)
(0.000223883 -3.91238e-05 -0)
(0.000223156 -3.67018e-05 -0)
(0.000224286 -3.5343e-05 -0)
(0.000230134 -3.04972e-05 -0)
(0.000229637 -2.04236e-05 -0)
(0.000227967 -1.26511e-05 -0)
(0.000225584 -8.66556e-06 -0)
(0.000223847 -7.82352e-06 -0)
(0.000220342 -9.63544e-06 -0)
(0.000217728 -1.54263e-05 -0)
(0.000212082 -2.41256e-05 -0)
(0.000211461 -3.58495e-05 -0)
(0.000213673 -3.54904e-05 -0)
(0.000209747 -1.91438e-05 -0)
(0.000193279 -2.24222e-05 -0)
(0.000205023 -5.75345e-05 -0)
(9.11127e-05 -7.71398e-05 -0)
(9.03719e-05 -5.80835e-05 -0)
(9.22509e-05 -4.09872e-05 -0)
(9.94847e-05 -3.13902e-05 -0)
(0.000106346 -2.58248e-05 -0)
(0.000118713 -2.46918e-05 -0)
(0.000131187 -2.61341e-05 -0)
(0.000148758 -3.16256e-05 -0)
(0.00016595 -3.9718e-05 -0)
(0.000181584 -4.8249e-05 -0)
(0.000191454 -5.32914e-05 -0)
(0.000195335 -5.29363e-05 -0)
(0.000195944 -4.74858e-05 -0)
(0.000190773 -3.79965e-05 -0)
(0.000183011 -3.11216e-05 -0)
(0.000172754 -3.01136e-05 -0)
(0.000168132 -3.5333e-05 -0)
(0.000170105 -3.25634e-05 -0)
(0.000164091 -1.50021e-05 -0)
(0.000159177 -7.56836e-06 -0)
(0.000154657 -4.7898e-06 -0)
(0.000151856 -4.0582e-06 -0)
(0.000146849 -4.62619e-06 -0)
(0.000144233 -8.12975e-06 -0)
(0.000131269 -1.44585e-05 -0)
(0.000131729 -3.241e-05 -0)
(0.000113754 -4.29531e-05 -0)
(0.000111997 -5.04479e-06 -0)
(9.71017e-05 -7.5588e-06 -0)
(6.12278e-05 -5.95462e-05 -0)
(8.25527e-05 -5.35032e-05 -0)
(7.35918e-05 -4.22905e-05 -0)
(7.32462e-05 -3.53497e-05 -0)
(7.86806e-05 -3.17443e-05 -0)
(8.62783e-05 -3.07428e-05 -0)
(9.95217e-05 -3.34477e-05 -0)
(0.000111104 -3.74101e-05 -0)
(0.000128522 -4.48809e-05 -0)
(0.000140664 -5.10709e-05 -0)
(0.000152947 -5.63009e-05 -0)
(0.000154777 -5.57268e-05 -0)
(0.0001539 -5.19187e-05 -0)
(0.000148839 -4.34991e-05 -0)
(0.000140399 -2.95657e-05 -0)
(0.000132338 -1.83748e-05 -0)
(0.000115619 -1.75476e-05 -0)
(0.000114119 -3.13531e-05 -0)
(9.59486e-05 -3.86459e-05 -0)
(9.40917e-05 -4.34074e-06 -0)
(8.81905e-05 -1.94165e-06 -0)
(8.41944e-05 -1.27131e-06 -0)
(8.19198e-05 -1.10639e-06 -0)
(7.86834e-05 -1.22376e-06 -0)
(7.80383e-05 -2.07831e-06 -0)
(6.54447e-05 -3.99344e-06 -0)
(6.87115e-05 -1.41372e-05 -0)
(7.49285e-07 -2.11957e-07 -0)
(1.34202e-06 -4.49083e-07 -0)
(8.15832e-07 -6.06952e-07 -0)
(3.16429e-07 -7.23207e-07 -0)
(8.77839e-05 -4.80426e-05 -0)
(8.49552e-05 -4.58432e-05 -0)
(8.72801e-05 -4.44974e-05 -0)
(8.98622e-05 -4.29556e-05 -0)
(9.68632e-05 -4.48369e-05 -0)
(0.000104961 -4.84226e-05 -0)
(0.000113059 -5.35583e-05 -0)
(0.000125252 -6.06785e-05 -0)
(0.000130224 -6.29258e-05 -0)
(0.000133085 -6.15155e-05 -0)
(0.000119923 -5.24115e-05 -0)
(0.000111893 -4.57341e-05 -0)
(9.46001e-05 -3.51983e-05 -0)
(8.02583e-05 -2.3305e-05 -0)
(7.66884e-05 -4.61643e-06 -0)
(6.15157e-05 -4.27671e-06 -0)
(6.20532e-05 -1.26703e-05 -0)
(5.93206e-07 -5.42655e-08 -0)
(1.10208e-06 -7.20343e-08 -0)
(8.39047e-07 -8.03397e-08 -0)
(8.15204e-07 -9.46612e-08 -0)
(8.00546e-07 -1.15007e-07 -0)
(7.79874e-07 -1.42517e-07 -0)
(7.49632e-07 -1.72805e-07 -0)
(6.73972e-07 -2.10607e-07 -0)
(5.69864e-07 -2.1863e-07 -0)
(6.9948e-07 -2.31337e-07 -0)
(7.79235e-07 -7.79742e-07 -0)
(5.40184e-07 -1.04338e-06 -0)
(1.97752e-07 -1.22766e-06 -0)
(8.86805e-05 -4.27851e-05 -0)
(8.41965e-05 -4.18949e-05 -0)
(8.28131e-05 -4.21344e-05 -0)
(8.07303e-05 -4.23751e-05 -0)
(8.61831e-05 -4.72592e-05 -0)
(8.7535e-05 -5.05684e-05 -0)
(9.58792e-05 -5.84699e-05 -0)
(0.000102097 -6.33769e-05 -0)
(0.000101436 -6.07106e-05 -0)
(9.09076e-05 -4.90976e-05 -0)
(7.02042e-05 -3.46513e-05 -0)
(5.68338e-05 -2.95752e-05 -0)
(2.81723e-05 -6.16615e-06 -0)
(8.04333e-07 -9.26558e-08 -0)
(7.97468e-07 -5.91923e-08 -0)
(5.65888e-07 -2.78679e-08 -0)
(6.22024e-07 5.17882e-08 -0)
(8.32737e-07 1.92639e-07 -0)
(8.79613e-07 -9.60089e-08 -0)
(8.1679e-07 -1.36041e-07 -0)
(7.81291e-07 -1.71306e-07 -0)
(7.5379e-07 -2.12061e-07 -0)
(7.23304e-07 -2.61839e-07 -0)
(6.83926e-07 -3.16311e-07 -0)
(6.29055e-07 -3.77757e-07 -0)
(5.74976e-07 -4.06934e-07 -0)
(5.70978e-07 -4.17613e-07 -0)
(5.29977e-07 -6.26931e-07 -0)
(3.67918e-07 -7.95072e-07 -0)
(1.32148e-07 -8.97754e-07 -0)
(8.82607e-05 -3.77608e-05 -0)
(8.46902e-05 -3.8868e-05 -0)
(8.14918e-05 -4.08412e-05 -0)
(7.9858e-05 -4.47128e-05 -0)
(8.28911e-05 -5.17294e-05 -0)
(8.0255e-05 -5.59075e-05 -0)
(8.90911e-05 -6.71454e-05 -0)
(8.55565e-05 -6.5116e-05 -0)
(7.5667e-05 -5.36113e-05 -0)
(5.05265e-05 -3.37592e-05 -0)
(3.44761e-05 -9.70462e-06 -0)
(5.53609e-07 -4.19152e-08 -0)
(7.78061e-07 3.77399e-08 -0)
(7.64802e-07 5.43841e-08 -0)
(7.358e-07 -6.57242e-08 -0)
(6.70572e-07 -3.23661e-08 -0)
(6.87144e-07 6.18407e-08 -0)
(7.56406e-07 4.51833e-08 -0)
(7.83377e-07 -4.85288e-08 -0)
(7.65327e-07 -1.0227e-07 -0)
(7.39246e-07 -1.43422e-07 -0)
(7.10014e-07 -1.83211e-07 -0)
(6.75624e-07 -2.25815e-07 -0)
(6.33714e-07 -2.7105e-07 -0)
(5.83349e-07 -3.17781e-07 -0)
(5.30007e-07 -3.59486e-07 -0)
(4.79482e-07 -4.10533e-07 -0)
(4.01776e-07 -5.15295e-07 -0)
(2.69362e-07 -6.12224e-07 -0)
(9.50703e-08 -6.70531e-07 -0)
(8.7871e-05 -3.25562e-05 -0)
(8.40557e-05 -3.46411e-05 -0)
(7.77561e-05 -3.70631e-05 -0)
(7.57574e-05 -4.3126e-05 -0)
(7.18948e-05 -4.8824e-05 -0)
(6.8041e-05 -5.50496e-05 -0)
(7.29354e-05 -6.55072e-05 -0)
(5.68064e-05 -5.17431e-05 -0)
(3.65478e-05 -3.1876e-05 -0)
(6.26655e-07 -1.55991e-07 -0)
(6.13317e-07 7.55871e-09 -0)
(6.3437e-07 1.31535e-07 -0)
(7.01549e-07 6.24375e-08 -0)
(7.17701e-07 3.29123e-08 -0)
(7.10719e-07 -8.62952e-09 -0)
(6.93454e-07 -6.96737e-09 -0)
(6.99574e-07 1.37498e-08 -0)
(7.22367e-07 1.21813e-09 -0)
(7.3216e-07 -4.13298e-08 -0)
(7.21897e-07 -8.11615e-08 -0)
(7.0035e-07 -1.16906e-07 -0)
(6.71397e-07 -1.51546e-07 -0)
(6.35464e-07 -1.87161e-07 -0)
(5.9196e-07 -2.24294e-07 -0)
(5.4062e-07 -2.62831e-07 -0)
(4.82225e-07 -3.02693e-07 -0)
(4.15169e-07 -3.49734e-07 -0)
(3.28286e-07 -4.11492e-07 -0)
(2.12682e-07 -4.67995e-07 -0)
(7.38404e-08 -5.01617e-07 -0)
(8.75933e-05 -2.66052e-05 -0)
(8.25041e-05 -2.88399e-05 -0)
(7.42007e-05 -3.17188e-05 -0)
(7.09553e-05 -3.87027e-05 -0)
(6.13323e-05 -4.34869e-05 -0)
(5.92579e-05 -5.41041e-05 -0)
(5.47885e-05 -5.80132e-05 -0)
(2.93511e-05 -3.18476e-05 -0)
(4.0949e-07 -2.29113e-07 -0)
(5.81568e-07 1.19129e-08 -0)
(6.29803e-07 1.67636e-08 -0)
(6.50576e-07 5.34728e-08 -0)
(6.79439e-07 4.1086e-08 -0)
(6.93735e-07 2.38232e-08 -0)
(6.9592e-07 5.26315e-09 -0)
(6.92951e-07 -6.21452e-10 -0)
(6.9533e-07 -1.09121e-09 -0)
(7.01327e-07 -1.27308e-08 -0)
(7.00997e-07 -3.6847e-08 -0)
(6.89751e-07 -6.41394e-08 -0)
(6.68861e-07 -9.14949e-08 -0)
(6.39759e-07 -1.18904e-07 -0)
(6.02876e-07 -1.46989e-07 -0)
(5.58045e-07 -1.76132e-07 -0)
(5.04949e-07 -2.06553e-07 -0)
(4.43104e-07 -2.38723e-07 -0)
(3.70684e-07 -2.74217e-07 -0)
(2.83516e-07 -3.12944e-07 -0)
(1.79237e-07 -3.46647e-07 -0)
(6.14485e-08 -3.66324e-07 -0)
(8.74499e-05 -1.97677e-05 -0)
(8.07734e-05 -2.1629e-05 -0)
(7.14446e-05 -2.46221e-05 -0)
(6.52623e-05 -3.07262e-05 -0)
(5.18919e-05 -3.53594e-05 -0)
(4.85928e-05 -4.74747e-05 -0)
(3.10598e-05 -3.94151e-05 -0)
(1.44877e-06 -1.88307e-06 -0)
(4.55572e-07 -3.31079e-08 -0)
(6.83647e-07 1.02511e-08 -0)
(6.54884e-07 1.77756e-08 -0)
(6.58692e-07 2.78841e-08 -0)
(6.719e-07 2.46142e-08 -0)
(6.81878e-07 1.60307e-08 -0)
(6.86274e-07 6.48248e-09 -0)
(6.87099e-07 3.11296e-10 -0)
(6.87465e-07 -4.76331e-09 -0)
(6.86611e-07 -1.42037e-08 -0)
(6.80751e-07 -2.91869e-08 -0)
(6.67249e-07 -4.7052e-08 -0)
(6.45586e-07 -6.60286e-08 -0)
(6.15903e-07 -8.55852e-08 -0)
(5.78237e-07 -1.05757e-07 -0)
(5.32396e-07 -1.2669e-07 -0)
(4.78028e-07 -1.48526e-07 -0)
(4.1456e-07 -1.7143e-07 -0)
(3.40948e-07 -1.9547e-07 -0)
(2.55856e-07 -2.19421e-07 -0)
(1.59301e-07 -2.39326e-07 -0)
(5.41631e-08 -2.5071e-07 -0)
(8.74422e-05 -1.21876e-05 -0)
(7.93535e-05 -1.33379e-05 -0)
(6.97411e-05 -1.57176e-05 -0)
(6.01096e-05 -1.97024e-05 -0)
(4.52504e-05 -2.4504e-05 -0)
(3.61989e-05 -3.38182e-05 -0)
(6.86389e-06 -1.61095e-05 -0)
(2.50487e-07 -1.21566e-07 -0)
(5.81751e-07 6.8284e-08 -0)
(6.32464e-07 2.55786e-08 -0)
(6.47436e-07 1.62061e-08 -0)
(6.57414e-07 1.56777e-08 -0)
(6.67586e-07 1.34549e-08 -0)
(6.75603e-07 9.20235e-09 -0)
(6.80201e-07 4.32531e-09 -0)
(6.81705e-07 1.46055e-10 -0)
(6.80815e-07 -4.07103e-09 -0)
(6.76903e-07 -1.01329e-08 -0)
(6.68149e-07 -1.86422e-08 -0)
(6.52909e-07 -2.88509e-08 -0)
(6.30328e-07 -3.99812e-08 -0)
(6.00031e-07 -5.16505e-08 -0)
(5.61771e-07 -6.37657e-08 -0)
(5.15276e-07 -7.63475e-08 -0)
(4.60209e-07 -8.94327e-08 -0)
(3.9616e-07 -1.03004e-07 -0)
(3.22693e-07 -1.16814e-07 -0)
(2.3966e-07 -1.29947e-07 -0)
(1.47948e-07 -1.40526e-07 -0)
(5.00641e-08 -1.46481e-07 -0)
(8.78012e-05 -4.13481e-06 -0)
(7.80826e-05 -4.46106e-06 -0)
(6.97348e-05 -5.46725e-06 -0)
(5.60603e-05 -6.6614e-06 -0)
(4.3537e-05 -9.74451e-06 -0)
(2.13569e-05 -1.07149e-05 -0)
(1.16745e-06 -1.13551e-06 -0)
(3.28541e-07 -2.80564e-08 -0)
(6.17455e-07 6.69103e-09 -0)
(6.31569e-07 7.61313e-09 -0)
(6.44983e-07 5.7963e-09 -0)
(6.55941e-07 5.1599e-09 -0)
(6.65424e-07 4.32282e-09 -0)
(6.72749e-07 2.99882e-09 -0)
(6.77218e-07 1.46843e-09 -0)
(6.78703e-07 1.63619e-11 -0)
(6.77186e-07 -1.53361e-09 -0)
(6.7204e-07 -3.61278e-09 -0)
(6.62033e-07 -6.39664e-09 -0)
(6.4591e-07 -9.72848e-09 -0)
(6.22786e-07 -1.33958e-08 -0)
(5.92119e-07 -1.72706e-08 -0)
(5.5354e-07 -2.13076e-08 -0)
(5.06729e-07 -2.5502e-08 -0)
(4.51372e-07 -2.98547e-08 -0)
(3.87179e-07 -3.43388e-08 -0)
(3.14005e-07 -3.88359e-08 -0)
(2.32144e-07 -4.30269e-08 -0)
(1.42767e-07 -4.63521e-08 -0)
(4.82081e-08 -4.82081e-08 -0)
)
;

boundaryField
{
    inlet1
    {
        type            extrapolatedCalculated;
        value           nonuniform List<vector> 10((1e-05 2.2302e-05 -0) (1e-05 5.69967e-05 -0) (1e-05 0.00010289 -0) (1e-05 0.00016839 -0) (1e-05 0.000246221 -0) (1e-05 0.000324216 -0) (1e-05 0.000384669 -0) (1e-05 0.000430644 -0) (1e-05 0.00045891 -0) (1e-05 0.000469655 -0));
    }
    inlet2
    {
        type            extrapolatedCalculated;
        value           nonuniform List<vector> 10((-0 8.18263e-05 -0) (-0 8.02825e-05 -0) (-0 7.2042e-05 -0) (-0 6.7387e-05 -0) (-0 5.32013e-05 -0) (-0 3.99372e-05 -0) (-0 -2.97544e-06 -0) (-0 -1.42507e-05 -0) (-0 -3.00826e-05 -0) (-0 -4.79809e-05 -0));
    }
    inlet3
    {
        type            extrapolatedCalculated;
        value           nonuniform List<vector> 10((9.13394e-05 -6.82439e-05 -0) (9.13394e-05 -5.71498e-05 -0) (9.13394e-05 -4.92891e-05 -0) (9.13394e-05 -4.3565e-05 -0) (9.13394e-05 -3.8401e-05 -0) (9.13394e-05 -3.29332e-05 -0) (9.13394e-05 -2.6714e-05 -0) (9.13394e-05 -1.96928e-05 -0) (9.13394e-05 -1.20603e-05 -0) (9.13394e-05 -4.06214e-06 -0));
    }
    output1
    {
        type            extrapolatedCalculated;
        value           nonuniform List<vector> 10((-0 3.3092e-08 -0) (-0 1.00345e-07 -0) (-0 1.7096e-07 -0) (-0 2.47746e-07 -0) (-0 3.34587e-07 -0) (-0 4.37496e-07 -0) (-0 5.6689e-07 -0) (-0 7.43157e-07 -0) (-0 1.01197e-06 -0) (-0 1.49163e-06 -0));
    }
    output2
    {
        type            extrapolatedCalculated;
        value           nonuniform List<vector> 10((2.75532e-06 1.15816e-06 -0) (1.73422e-06 3.44902e-07 -0) (1.37571e-06 1.28197e-07 -0) (1.22143e-06 5.70708e-08 -0) (1.14743e-06 2.72048e-08 -0) (9.66348e-07 7.04859e-09 -0) (0.000162252 -1.79709e-06 -0) (0.000297464 -1.11913e-05 -0) (0.000298168 -2.99409e-05 -0) (0.00024631 -5.75345e-05 -0));
    }
    output3
    {
        type            extrapolatedCalculated;
        value           nonuniform List<vector> 10((-0 -5.95462e-05 -0) (-0 -7.23207e-07 -0) (-0 -1.22766e-06 -0) (-0 -8.97754e-07 -0) (-0 -6.70531e-07 -0) (-0 -5.01617e-07 -0) (-0 -3.66324e-07 -0) (-0 -2.5071e-07 -0) (-0 -1.46481e-07 -0) (-0 -4.82081e-08 -0));
    }
    up
    {
        type            extrapolatedCalculated;
        value           nonuniform List<vector> 
30
(
(8.78012e-05 -0 -0)
(7.80826e-05 -0 -0)
(6.97348e-05 -0 -0)
(5.60603e-05 -0 -0)
(4.3537e-05 -0 -0)
(2.13569e-05 -0 -0)
(1.16745e-06 -0 -0)
(3.28541e-07 -0 -0)
(6.17455e-07 -0 -0)
(6.31569e-07 -0 -0)
(6.44983e-07 -0 -0)
(6.55941e-07 -0 -0)
(6.65424e-07 -0 -0)
(6.72749e-07 -0 -0)
(6.77218e-07 -0 -0)
(6.78703e-07 -0 -0)
(6.77186e-07 -0 -0)
(6.7204e-07 -0 -0)
(6.62033e-07 -0 -0)
(6.4591e-07 -0 -0)
(6.22786e-07 -0 -0)
(5.92119e-07 -0 -0)
(5.5354e-07 -0 -0)
(5.06729e-07 -0 -0)
(4.51372e-07 -0 -0)
(3.87179e-07 -0 -0)
(3.14005e-07 -0 -0)
(2.32144e-07 -0 -0)
(1.42767e-07 -0 -0)
(4.82081e-08 -0 -0)
)
;
    }
    down
    {
        type            extrapolatedCalculated;
        value           nonuniform List<vector> 
30
(
(1.66987e-06 -0 -0)
(8.16699e-07 -0 -0)
(9.42773e-07 -0 -0)
(2.60995e-07 -0 -0)
(5.4845e-07 -0 -0)
(5.17787e-07 -0 -0)
(5.11101e-07 -0 -0)
(5.07705e-07 -0 -0)
(5.05867e-07 -0 -0)
(5.04928e-07 -0 -0)
(5.04451e-07 -0 -0)
(5.0404e-07 -0 -0)
(5.0331e-07 -0 -0)
(5.01876e-07 -0 -0)
(4.99358e-07 -0 -0)
(4.95364e-07 -0 -0)
(4.89485e-07 -0 -0)
(4.81283e-07 -0 -0)
(4.70284e-07 -0 -0)
(4.55974e-07 -0 -0)
(4.37798e-07 -0 -0)
(4.15175e-07 -0 -0)
(3.87518e-07 -0 -0)
(3.54275e-07 -0 -0)
(3.15e-07 -0 -0)
(2.6945e-07 -0 -0)
(2.17702e-07 -0 -0)
(1.60274e-07 -0 -0)
(9.82121e-08 -0 -0)
(3.30941e-08 -0 -0)
)
;
    }
    emptyWalls
    {
        type            empty;
    }
}


// ************************************************************************* //
