/*--------------------------------*- C++ -*----------------------------------*\
  =========                 |
  \\      /  F ield         | OpenFOAM: The Open Source CFD Toolbox
   \\    /   O peration     | Website:  https://openfoam.org
    \\  /    A nd           | Version:  9
     \\/     M anipulation  |
\*---------------------------------------------------------------------------*/
FoamFile
{
    format      ascii;
    class       volScalarField;
    location    "24500";
    object      fw;
}
// * * * * * * * * * * * * * * * * * * * * * * * * * * * * * * * * * * * * * //

dimensions      [0 0 0 0 0 0 0];

internalField   nonuniform List<scalar> 
900
(
0.969756
0.995018
0.997125
0.268818
1.27433e-08
4.7991e-09
4.7991e-09
4.7991e-09
4.7991e-09
4.7991e-09
4.7991e-09
4.7991e-09
4.7991e-09
4.7991e-09
4.7991e-09
4.7991e-09
4.7991e-09
4.7991e-09
4.7991e-09
4.7991e-09
4.7991e-09
4.7991e-09
4.7991e-09
4.7991e-09
4.7991e-09
4.7991e-09
4.7991e-09
4.7991e-09
4.7991e-09
4.7991e-09
1
0.995925
0.712437
0.705447
1.07195e-05
4.79918e-09
4.7991e-09
4.7991e-09
4.7991e-09
4.7991e-09
4.7991e-09
4.7991e-09
4.7991e-09
4.7991e-09
4.7991e-09
4.7991e-09
4.7991e-09
4.7991e-09
4.7991e-09
4.7991e-09
4.7991e-09
4.7991e-09
4.7991e-09
4.7991e-09
4.7991e-09
4.7991e-09
4.7991e-09
4.7991e-09
4.7991e-09
4.7991e-09
0.999558
0.985771
0.760344
0.0627598
5.62027e-09
4.7991e-09
4.7991e-09
4.7991e-09
4.7991e-09
4.7991e-09
4.7991e-09
4.7991e-09
4.7991e-09
4.7991e-09
4.7991e-09
4.7991e-09
4.7991e-09
4.7991e-09
4.7991e-09
4.7991e-09
4.7991e-09
4.7991e-09
4.7991e-09
4.7991e-09
4.7991e-09
4.7991e-09
4.7991e-09
4.7991e-09
4.7991e-09
4.7991e-09
0.999918
0.988612
0.695367
0.00224406
4.82936e-09
4.7991e-09
4.7991e-09
4.7991e-09
4.7991e-09
4.7991e-09
4.7991e-09
4.7991e-09
4.7991e-09
4.7991e-09
4.7991e-09
4.7991e-09
4.7991e-09
4.7991e-09
4.7991e-09
4.7991e-09
4.7991e-09
4.7991e-09
4.7991e-09
4.7991e-09
4.7991e-09
4.7991e-09
4.7991e-09
4.7991e-09
4.7991e-09
4.7991e-09
0.999455
0.969357
0.788112
0.000362487
4.80256e-09
4.7991e-09
4.7991e-09
4.7991e-09
4.7991e-09
4.7991e-09
4.7991e-09
4.7991e-09
4.7991e-09
4.7991e-09
4.7991e-09
4.7991e-09
4.7991e-09
4.7991e-09
4.7991e-09
4.7991e-09
4.7991e-09
4.7991e-09
4.7991e-09
4.7991e-09
4.7991e-09
4.7991e-09
4.7991e-09
4.7991e-09
4.7991e-09
4.7991e-09
0.999827
0.989401
0.768547
1.58259e-05
4.7992e-09
4.7991e-09
4.7991e-09
4.7991e-09
4.7991e-09
4.7991e-09
4.7991e-09
4.7991e-09
4.7991e-09
4.7991e-09
4.7991e-09
4.7991e-09
4.7991e-09
4.7991e-09
4.7991e-09
4.7991e-09
4.7991e-09
4.7991e-09
4.7991e-09
4.7991e-09
4.7991e-09
4.7991e-09
4.7991e-09
4.7991e-09
4.7991e-09
4.7991e-09
0.999619
0.970408
0.877101
1.22542e-06
4.7991e-09
4.7991e-09
4.7991e-09
4.7991e-09
4.7991e-09
4.7991e-09
4.7991e-09
4.7991e-09
4.7991e-09
4.7991e-09
4.7991e-09
4.7991e-09
4.7991e-09
4.7991e-09
4.7991e-09
4.7991e-09
4.7991e-09
4.7991e-09
4.7991e-09
4.7991e-09
4.7991e-09
4.7991e-09
4.7991e-09
4.7991e-09
4.7991e-09
4.7991e-09
0.999936
0.995145
0.860877
8.21382e-08
4.7991e-09
4.7991e-09
4.7991e-09
4.7991e-09
4.7991e-09
4.7991e-09
4.7991e-09
4.7991e-09
4.7991e-09
4.7991e-09
4.7991e-09
4.7991e-09
4.7991e-09
4.7991e-09
4.7991e-09
4.7991e-09
4.7991e-09
4.7991e-09
4.7991e-09
4.7991e-09
4.7991e-09
4.7991e-09
4.7991e-09
4.7991e-09
4.7991e-09
4.7991e-09
0.999944
0.989362
0.950506
9.47444e-09
4.7991e-09
4.7991e-09
4.7991e-09
4.7991e-09
4.7991e-09
4.7991e-09
4.7991e-09
4.7991e-09
4.7991e-09
4.7991e-09
4.7991e-09
4.7991e-09
4.7991e-09
4.7991e-09
4.7991e-09
4.7991e-09
4.7991e-09
4.7991e-09
4.7991e-09
4.7991e-09
4.7991e-09
4.7991e-09
4.7991e-09
4.7991e-09
4.7991e-09
4.7991e-09
1
0.998903
0.934914
6.29908e-09
4.7991e-09
4.7991e-09
4.7991e-09
4.7991e-09
4.7991e-09
4.7991e-09
4.7991e-09
4.7991e-09
4.7991e-09
4.7991e-09
4.7991e-09
4.7991e-09
4.7991e-09
4.7991e-09
4.7991e-09
4.7991e-09
4.7991e-09
4.7991e-09
4.7991e-09
4.7991e-09
4.7991e-09
4.7991e-09
4.7991e-09
4.7991e-09
4.7991e-09
4.79911e-09
1
0.998395
0.961009
0.000961963
4.8082e-09
4.7991e-09
4.7991e-09
4.7991e-09
4.7991e-09
4.7991e-09
4.7991e-09
4.7991e-09
4.7991e-09
4.7991e-09
4.7991e-09
4.7991e-09
4.7991e-09
4.7991e-09
4.7991e-09
4.7991e-09
4.7991e-09
4.7991e-09
4.7991e-09
4.7991e-09
4.7991e-09
4.7991e-09
4.7991e-09
4.7991e-09
4.79909e-09
4.79909e-09
1.00003
0.999739
0.855894
0.378892
0.106468
9.16627e-09
4.8008e-09
4.80008e-09
4.79959e-09
4.7991e-09
4.7991e-09
4.7991e-09
4.7991e-09
4.7991e-09
4.7991e-09
4.7991e-09
4.7991e-09
4.7991e-09
4.7991e-09
4.7991e-09
4.7991e-09
4.7991e-09
4.7991e-09
4.7991e-09
4.7991e-09
4.7991e-09
4.7991e-09
4.7991e-09
4.7991e-09
4.7991e-09
1.00003
0.999994
0.998621
0.978791
0.915085
0.869247
0.812235
0.835518
0.00797241
1.30701e-08
3.20848e-08
5.60007e-08
5.82644e-08
4.40055e-08
3.14635e-08
2.02547e-08
1.273e-08
8.19119e-09
5.33091e-09
4.79953e-09
4.79945e-09
4.79941e-09
4.79934e-09
4.7991e-09
4.7991e-09
4.7991e-09
4.7991e-09
4.7991e-09
4.7991e-09
4.7991e-09
0.999977
0.999752
0.997342
0.992396
0.975626
0.969606
0.945873
0.942097
0.843256
0.788598
0.78094
0.782132
0.785527
0.788777
0.793141
0.79964
0.802522
0.814861
0.810189
0.835694
0.808729
0.866373
0.047786
3.8084e-05
0.000177519
0.000506213
0.000752744
0.000373966
4.73971e-05
4.59635e-07
0.981658
0.974032
0.949253
0.955607
0.943168
0.935671
0.921997
0.91234
0.911042
0.892505
0.88338
0.882582
0.88266
0.886532
0.885737
0.892683
0.888788
0.89983
0.889571
0.905339
0.870634
0.869626
0.72093
0.655346
0.654599
0.662904
0.673179
0.684351
0.696452
0.701058
0.942445
0.925746
0.911731
0.899364
0.896386
0.887495
0.885431
0.880168
0.891691
0.889173
0.88396
0.881469
0.881225
0.882772
0.88386
0.886383
0.886299
0.888253
0.883943
0.880871
0.863613
0.849992
0.842512
0.820455
0.812475
0.813578
0.820263
0.828465
0.839892
0.844181
0.915368
0.894936
0.886536
0.881741
0.879806
0.876516
0.875749
0.875762
0.87941
0.880716
0.879355
0.878827
0.879728
0.882148
0.884494
0.886678
0.887522
0.886816
0.883776
0.877277
0.870883
0.864004
0.867721
0.864685
0.860846
0.861549
0.864222
0.869209
0.877448
0.883294
0.892062
0.878223
0.878469
0.883684
0.888582
0.892128
0.894818
0.89713
0.899168
0.900924
0.902016
0.903073
0.904456
0.906089
0.907406
0.908103
0.907763
0.906365
0.903694
0.900729
0.898236
0.898102
0.89895
0.900471
0.898113
0.898553
0.89345
0.891541
0.885671
0.889619
0.878901
0.878276
0.892304
0.904801
0.912807
0.91761
0.920582
0.922536
0.923962
0.92504
0.92585
0.926105
0.926201
0.925694
0.925138
0.923665
0.922324
0.919866
0.91826
0.916009
0.91585
0.915371
0.916139
0.915593
0.91353
0.911041
0.901451
0.89268
0.861331
0.848766
0.878781
0.906389
0.925063
0.933307
0.936237
0.937103
0.937075
0.93682
0.936363
0.93584
0.935015
0.933795
0.932117
0.929965
0.927661
0.924897
0.92259
0.919629
0.918317
0.915778
0.916484
0.914007
0.915835
0.911129
0.91191
0.90305
0.899813
0.888822
0.845395
0.811987
0.932269
0.95027
0.950043
0.944985
0.939503
0.935105
0.931678
0.92926
0.927152
0.925511
0.923524
0.921711
0.919196
0.917157
0.914493
0.912956
0.910855
0.910354
0.909383
0.909833
0.910074
0.909947
0.910624
0.906758
0.907898
0.893886
0.900273
0.871754
0.926755
0.949365
0.905339
0.896999
0.896236
0.897961
0.900388
0.903228
0.905762
0.908105
0.909718
0.911168
0.91183
0.912656
0.91269
0.913405
0.913145
0.914099
0.913518
0.914726
0.913697
0.91497
0.913111
0.913689
0.909323
0.908285
0.897673
0.893529
0.874778
0.868063
0.82869
0.437036
0.910586
0.914439
0.921778
0.927679
0.93106
0.932807
0.9334
0.933593
0.933237
0.932899
0.932048
0.931383
0.929982
0.928873
0.926538
0.924764
0.921144
0.91902
0.914626
0.912939
0.908938
0.906031
0.901459
0.892179
0.879487
0.857386
0.833367
0.785721
0.703163
0.678042
0.912042
0.910322
0.909496
0.909208
0.908839
0.908349
0.907656
0.907092
0.906429
0.906011
0.905376
0.905001
0.904157
0.903658
0.902343
0.902057
0.90035
0.901708
0.899236
0.903049
0.897594
0.899532
0.888255
0.873746
0.839695
0.800621
0.743586
0.661572
0.568005
0.284965
0.912222
0.910831
0.910728
0.911966
0.913717
0.915589
0.917089
0.918428
0.919403
0.92031
0.92101
0.921593
0.92215
0.922282
0.92263
0.921909
0.921451
0.919229
0.915704
0.912404
0.900454
0.897268
0.868199
0.83013
0.754999
0.683243
0.521676
0.459861
0.359367
7.13008e-08
0.912542
0.911545
0.911072
0.911231
0.911657
0.912313
0.912756
0.913257
0.913446
0.913747
0.913799
0.913875
0.913898
0.913396
0.913382
0.911111
0.910674
0.904079
0.902503
0.890754
0.879639
0.869189
0.793833
0.721618
0.553895
0.501013
0.00135089
4.80018e-09
4.7991e-09
4.7991e-09
0.912757
0.911995
0.911463
0.911378
0.911509
0.912055
0.912503
0.91327
0.913685
0.914505
0.914863
0.915751
0.91622
0.917081
0.917891
0.917865
0.91905
0.914604
0.915936
0.89593
0.890369
0.833456
0.634107
0.556102
0.11612
5.63347e-09
4.7991e-09
4.7991e-09
4.7991e-09
4.7991e-09
0.912892
0.91229
0.911809
0.911626
0.911563
0.911886
0.912129
0.912795
0.913077
0.913986
0.914185
0.915443
0.915574
0.917365
0.917412
0.919508
0.918798
0.918036
0.913256
0.889472
0.881397
0.673106
0.131907
5.76038e-09
4.7991e-09
4.7991e-09
4.7991e-09
4.7991e-09
4.7991e-09
4.7991e-09
0.912969
0.912467
0.912037
0.911822
0.911681
0.911867
0.912016
0.912588
0.912863
0.913785
0.914044
0.915468
0.915653
0.917976
0.917975
0.921763
0.920753
0.925696
0.918139
0.913317
0.870284
0.1946
5.57142e-09
4.7991e-09
4.7991e-09
4.7991e-09
4.7991e-09
4.7991e-09
4.7991e-09
4.7991e-09
0.913011
0.912542
0.912161
0.911911
0.911782
0.911853
0.912031
0.912448
0.912852
0.913588
0.914115
0.915292
0.915911
0.917938
0.91861
0.922283
0.922461
0.928889
0.923908
0.931746
0.786277
1.2654e-07
4.7991e-09
4.7991e-09
4.7991e-09
4.7991e-09
4.7991e-09
4.7991e-09
4.7991e-09
4.7991e-09
)
;

boundaryField
{
    inlet1
    {
        type            calculated;
        value           uniform 1;
    }
    inlet2
    {
        type            calculated;
        value           nonuniform List<scalar> 10(1 1.00003 1.00003 0.999977 0.981658 0.942445 0.915368 0.892062 0.878901 0.878781);
    }
    inlet3
    {
        type            calculated;
        value           uniform 0.913307;
    }
    output1
    {
        type            calculated;
        value           nonuniform List<scalar> 10(4.7991e-09 4.7991e-09 4.7991e-09 4.7991e-09 4.7991e-09 4.7991e-09 4.7991e-09 4.7991e-09 4.7991e-09 4.79911e-09);
    }
    output2
    {
        type            calculated;
        value           nonuniform List<scalar> 10(4.79909e-09 4.7991e-09 4.7991e-09 4.59635e-07 0.701058 0.844181 0.883294 0.889619 0.848766 0.811987);
    }
    output3
    {
        type            calculated;
        value           nonuniform List<scalar> 10(0.949365 0.437036 0.678042 0.284965 7.13008e-08 4.7991e-09 4.7991e-09 4.7991e-09 4.7991e-09 4.7991e-09);
    }
    up
    {
        type            calculated;
        value           nonuniform List<scalar> 
30
(
0.913011
0.912542
0.912161
0.911911
0.911782
0.911853
0.912031
0.912448
0.912852
0.913588
0.914115
0.915292
0.915911
0.917938
0.91861
0.922283
0.922461
0.928889
0.923908
0.931746
0.786277
1.2654e-07
4.7991e-09
4.7991e-09
4.7991e-09
4.7991e-09
4.7991e-09
4.7991e-09
4.7991e-09
4.7991e-09
)
;
    }
    down
    {
        type            calculated;
        value           nonuniform List<scalar> 
30
(
0.969756
0.995018
0.997125
0.268818
1.27433e-08
4.7991e-09
4.7991e-09
4.7991e-09
4.7991e-09
4.7991e-09
4.7991e-09
4.7991e-09
4.7991e-09
4.7991e-09
4.7991e-09
4.7991e-09
4.7991e-09
4.7991e-09
4.7991e-09
4.7991e-09
4.7991e-09
4.7991e-09
4.7991e-09
4.7991e-09
4.7991e-09
4.7991e-09
4.7991e-09
4.7991e-09
4.7991e-09
4.7991e-09
)
;
    }
    emptyWalls
    {
        type            empty;
    }
}


// ************************************************************************* //
