/*--------------------------------*- C++ -*----------------------------------*\
  =========                 |
  \\      /  F ield         | OpenFOAM: The Open Source CFD Toolbox
   \\    /   O peration     | Website:  https://openfoam.org
    \\  /    A nd           | Version:  9
     \\/     M anipulation  |
\*---------------------------------------------------------------------------*/
FoamFile
{
    format      ascii;
    class       volScalarField;
    location    "24500";
    object      p;
}
// * * * * * * * * * * * * * * * * * * * * * * * * * * * * * * * * * * * * * //

dimensions      [0 0 0 0 0 0 0];

internalField   nonuniform List<scalar> 
900
(
1.25599e+07
1.25568e+07
1.25559e+07
1.25553e+07
1.25419e+07
1.21615e+07
1.18078e+07
1.14672e+07
1.11346e+07
1.08066e+07
1.04813e+07
1.01572e+07
9.83369e+06
9.51056e+06
9.18791e+06
8.86621e+06
8.54617e+06
8.22881e+06
7.91553e+06
7.60808e+06
7.30872e+06
7.02024e+06
6.746e+06
6.49001e+06
6.25679e+06
6.05131e+06
5.87868e+06
5.74388e+06
5.65124e+06
5.60405e+06
1.25566e+07
1.25555e+07
1.2555e+07
1.25524e+07
1.25483e+07
1.21397e+07
1.17948e+07
1.14592e+07
1.11299e+07
1.08041e+07
1.048e+07
1.01566e+07
9.83333e+06
9.51006e+06
9.18698e+06
8.86455e+06
8.54348e+06
8.22475e+06
7.90969e+06
7.6e+06
7.29785e+06
7.00598e+06
6.72777e+06
6.46724e+06
6.22907e+06
6.01845e+06
5.84087e+06
5.70171e+06
5.60581e+06
5.55685e+06
1.25519e+07
1.25502e+07
1.25489e+07
1.2548e+07
1.24897e+07
1.2112e+07
1.17725e+07
1.14449e+07
1.11216e+07
1.07998e+07
1.04781e+07
1.01559e+07
9.83297e+06
9.50937e+06
9.1854e+06
8.86153e+06
8.53844e+06
8.21703e+06
7.89849e+06
7.58438e+06
7.2767e+06
6.97809e+06
6.69185e+06
6.42211e+06
6.17379e+06
5.95257e+06
5.76463e+06
5.6163e+06
5.51344e+06
5.4607e+06
1.25416e+07
1.25403e+07
1.25385e+07
1.25369e+07
1.23418e+07
1.20468e+07
1.17384e+07
1.14263e+07
1.11119e+07
1.07954e+07
1.04767e+07
1.01559e+07
9.83327e+06
9.50907e+06
9.18372e+06
8.85774e+06
8.53172e+06
8.20644e+06
7.88288e+06
7.56231e+06
7.2465e+06
6.93781e+06
6.63944e+06
6.35556e+06
6.09143e+06
5.85342e+06
5.64879e+06
5.48541e+06
5.37094e+06
5.31183e+06
1.25276e+07
1.25252e+07
1.25227e+07
1.2521e+07
1.22608e+07
1.19952e+07
1.17081e+07
1.14098e+07
1.11042e+07
1.07931e+07
1.04774e+07
1.01578e+07
9.83514e+06
9.50991e+06
9.18268e+06
8.85397e+06
8.52427e+06
8.19415e+06
7.86426e+06
7.5355e+06
7.20918e+06
6.88723e+06
6.57255e+06
6.26925e+06
5.98296e+06
5.72087e+06
5.49173e+06
5.3056e+06
5.1731e+06
5.10384e+06
1.25085e+07
1.25066e+07
1.25038e+07
1.25018e+07
1.22235e+07
1.19648e+07
1.16891e+07
1.14007e+07
1.11022e+07
1.07954e+07
1.04819e+07
1.01629e+07
9.83955e+06
9.51275e+06
9.18313e+06
8.85119e+06
8.51726e+06
8.18162e+06
7.84451e+06
7.50626e+06
7.16748e+06
6.82939e+06
6.49426e+06
6.16594e+06
5.85029e+06
5.55537e+06
5.29165e+06
5.07216e+06
4.91202e+06
4.82659e+06
1.24867e+07
1.24842e+07
1.2482e+07
1.24807e+07
1.2208e+07
1.19516e+07
1.16828e+07
1.14016e+07
1.11084e+07
1.08045e+07
1.04918e+07
1.01723e+07
9.84743e+06
9.5184e+06
9.18592e+06
8.85039e+06
8.51196e+06
8.17056e+06
7.82589e+06
7.47754e+06
7.1251e+06
6.7686e+06
6.40917e+06
6.04997e+06
5.69688e+06
5.35867e+06
5.04737e+06
4.77935e+06
4.57626e+06
4.46389e+06
1.24641e+07
1.24624e+07
1.24605e+07
1.24591e+07
1.2202e+07
1.19506e+07
1.16891e+07
1.14144e+07
1.11252e+07
1.08224e+07
1.05087e+07
1.0187e+07
9.85949e+06
9.5275e+06
9.19174e+06
8.85249e+06
8.50965e+06
8.16276e+06
7.81097e+06
7.45291e+06
7.08679e+06
6.71074e+06
6.32384e+06
5.92789e+06
5.52861e+06
5.13505e+06
4.75982e+06
4.4216e+06
4.1498e+06
3.98882e+06
1.24428e+07
1.24414e+07
1.24408e+07
1.24401e+07
1.22012e+07
1.19599e+07
1.17084e+07
1.14418e+07
1.11558e+07
1.08511e+07
1.05335e+07
1.02075e+07
9.87604e+06
9.54038e+06
9.20107e+06
8.85818e+06
8.51137e+06
8.15988e+06
7.80231e+06
7.43635e+06
7.05841e+06
6.66371e+06
6.24757e+06
5.80914e+06
5.35464e+06
4.89309e+06
4.43526e+06
3.99746e+06
3.61248e+06
3.35278e+06
1.24249e+07
1.24242e+07
1.24239e+07
1.24231e+07
1.22049e+07
1.19796e+07
1.17428e+07
1.14885e+07
1.1205e+07
1.08928e+07
1.05665e+07
1.02336e+07
9.89678e+06
9.55689e+06
9.21399e+06
8.8678e+06
8.51778e+06
8.16307e+06
7.80203e+06
7.43176e+06
7.04678e+06
6.63815e+06
6.19357e+06
5.70645e+06
5.1877e+06
4.64742e+06
4.09066e+06
3.52048e+06
2.9499e+06
2.45705e+06
1.24105e+07
1.24098e+07
1.24078e+07
1.24004e+07
1.22165e+07
1.20107e+07
1.17946e+07
1.15646e+07
1.1283e+07
1.09486e+07
1.06063e+07
1.02635e+07
9.92058e+06
9.57643e+06
9.23019e+06
8.88123e+06
8.52889e+06
8.17259e+06
7.811e+06
7.44188e+06
7.05882e+06
6.64852e+06
6.18213e+06
5.63539e+06
5.0423e+06
4.41822e+06
3.75951e+06
3.0439e+06
2.20958e+06
1.06846e+06
1.24008e+07
1.23977e+07
1.23866e+07
1.2332e+07
1.22199e+07
1.20524e+07
1.18602e+07
1.16923e+07
1.14135e+07
1.10125e+07
1.06464e+07
1.02937e+07
9.94555e+06
9.59804e+06
9.24913e+06
8.89805e+06
8.54395e+06
8.18739e+06
7.8275e+06
7.46595e+06
7.09808e+06
6.71498e+06
6.25103e+06
5.61069e+06
4.9279e+06
4.22363e+06
3.48527e+06
2.686e+06
1.77609e+06
675652
1.2395e+07
1.2389e+07
1.23694e+07
1.2317e+07
1.22059e+07
1.20424e+07
1.18605e+07
1.16938e+07
1.1538e+07
1.10418e+07
1.0674e+07
1.03203e+07
9.9708e+06
9.62184e+06
9.27081e+06
8.91828e+06
8.56172e+06
8.20564e+06
7.8457e+06
7.49632e+06
7.15258e+06
6.8623e+06
6.4963e+06
5.62847e+06
4.83495e+06
4.06315e+06
3.27194e+06
2.43876e+06
1.53311e+06
533718
1.23928e+07
1.23834e+07
1.23555e+07
1.2291e+07
1.21798e+07
1.20223e+07
1.184e+07
1.16401e+07
1.13952e+07
1.1037e+07
1.06741e+07
1.03205e+07
9.97099e+06
9.62206e+06
9.27102e+06
8.9185e+06
8.56188e+06
8.20582e+06
7.84578e+06
7.49648e+06
7.15259e+06
6.86353e+06
6.60904e+06
5.56073e+06
4.6967e+06
3.90213e+06
3.0852e+06
2.23438e+06
1.35359e+06
453896
1.23984e+07
1.23859e+07
1.23481e+07
1.22708e+07
1.21523e+07
1.19935e+07
1.1801e+07
1.15758e+07
1.13104e+07
1.10004e+07
1.06634e+07
1.03196e+07
9.97403e+06
9.62769e+06
9.27804e+06
8.92674e+06
8.57027e+06
8.21314e+06
7.85035e+06
7.49164e+06
7.12452e+06
6.74072e+06
6.23977e+06
5.48645e+06
4.69518e+06
3.90151e+06
3.08337e+06
2.23189e+06
1.35282e+06
454082
1.24427e+07
1.242e+07
1.23667e+07
1.22733e+07
1.21409e+07
1.19711e+07
1.17665e+07
1.15285e+07
1.12617e+07
1.09687e+07
1.06514e+07
1.032e+07
9.98132e+06
9.63873e+06
9.29217e+06
8.94194e+06
8.58642e+06
8.22587e+06
7.85716e+06
7.47789e+06
7.0727e+06
6.61828e+06
6.07602e+06
5.42607e+06
4.70298e+06
3.93625e+06
3.12782e+06
2.27458e+06
1.38379e+06
465851
1.25365e+07
1.25015e+07
1.24271e+07
1.23121e+07
1.21596e+07
1.1973e+07
1.17554e+07
1.15101e+07
1.12418e+07
1.09535e+07
1.06465e+07
1.0325e+07
9.99389e+06
9.65647e+06
9.31366e+06
8.96516e+06
8.60961e+06
8.2448e+06
7.86669e+06
7.46771e+06
7.03568e+06
6.55472e+06
6.01447e+06
5.40919e+06
4.73823e+06
4.00991e+06
3.22362e+06
2.37339e+06
1.45888e+06
494679
1.26859e+07
1.26343e+07
1.2532e+07
1.23878e+07
1.22094e+07
1.20025e+07
1.17705e+07
1.15168e+07
1.12446e+07
1.09563e+07
1.06537e+07
1.03388e+07
1.00143e+07
9.68218e+06
9.34302e+06
8.99622e+06
8.64003e+06
8.27134e+06
7.88537e+06
7.4752e+06
7.03254e+06
6.54957e+06
6.02126e+06
5.44435e+06
4.81342e+06
4.12743e+06
3.37741e+06
2.54764e+06
1.60953e+06
560349
1.29055e+07
1.28226e+07
1.26776e+07
1.24943e+07
1.2285e+07
1.20549e+07
1.18068e+07
1.15428e+07
1.12647e+07
1.09744e+07
1.06731e+07
1.03619e+07
1.00419e+07
9.71395e+06
9.37796e+06
9.03288e+06
8.67688e+06
8.3066e+06
7.91798e+06
7.50547e+06
7.06414e+06
6.58899e+06
6.07686e+06
5.524e+06
4.92652e+06
4.28045e+06
3.57729e+06
2.79825e+06
1.88016e+06
724244
1.32166e+07
1.30571e+07
1.28473e+07
1.26182e+07
1.2376e+07
1.21221e+07
1.1857e+07
1.15816e+07
1.12966e+07
1.10028e+07
1.07009e+07
1.03913e+07
1.00742e+07
9.74948e+06
9.4166e+06
9.07431e+06
8.72068e+06
8.35267e+06
7.96701e+06
7.55933e+06
7.12652e+06
6.66417e+06
6.17055e+06
5.64057e+06
5.07322e+06
4.46128e+06
3.80477e+06
3.09557e+06
2.30248e+06
1.19912e+06
1.36136e+07
1.32963e+07
1.30178e+07
1.27463e+07
1.24736e+07
1.2197e+07
1.19154e+07
1.16284e+07
1.13358e+07
1.10377e+07
1.0734e+07
1.04248e+07
1.01097e+07
9.78814e+06
9.45922e+06
9.12177e+06
8.77353e+06
8.41219e+06
8.0344e+06
7.63722e+06
7.21732e+06
6.77162e+06
6.29747e+06
5.79107e+06
5.25139e+06
4.6717e+06
4.05554e+06
3.3885e+06
2.73936e+06
2.2322e+06
1.39244e+07
1.35257e+07
1.31854e+07
1.28739e+07
1.25733e+07
1.22761e+07
1.19791e+07
1.16808e+07
1.13804e+07
1.10774e+07
1.07714e+07
1.04621e+07
1.01488e+07
9.83115e+06
9.50779e+06
9.17756e+06
8.83802e+06
8.48713e+06
8.12143e+06
7.73862e+06
7.33493e+06
6.90817e+06
6.45423e+06
5.97147e+06
5.45564e+06
4.9102e+06
4.33751e+06
3.76164e+06
3.21053e+06
2.72309e+06
1.41598e+07
1.37352e+07
1.33553e+07
1.30077e+07
1.2679e+07
1.23606e+07
1.20477e+07
1.17377e+07
1.1429e+07
1.11206e+07
1.08119e+07
1.05023e+07
1.01912e+07
9.87796e+06
9.56139e+06
9.24018e+06
8.91192e+06
8.57449e+06
8.22431e+06
7.85901e+06
7.47452e+06
7.06824e+06
6.63634e+06
6.17485e+06
5.68258e+06
5.16238e+06
4.6294e+06
4.1086e+06
3.64983e+06
3.37691e+06
1.43434e+07
1.39073e+07
1.35044e+07
1.31305e+07
1.27785e+07
1.24414e+07
1.2114e+07
1.17931e+07
1.14766e+07
1.11631e+07
1.08518e+07
1.05421e+07
1.02333e+07
9.92494e+06
9.61602e+06
9.30533e+06
8.99081e+06
8.67027e+06
8.33965e+06
7.99643e+06
7.63424e+06
7.25164e+06
6.84133e+06
6.40005e+06
5.925e+06
5.42345e+06
4.9044e+06
4.40672e+06
4.0005e+06
3.69591e+06
1.44869e+07
1.40448e+07
1.36293e+07
1.32389e+07
1.28699e+07
1.25175e+07
1.21776e+07
1.18469e+07
1.15232e+07
1.1205e+07
1.08913e+07
1.05815e+07
1.02753e+07
9.97209e+06
9.67171e+06
9.37296e+06
9.07485e+06
8.77429e+06
8.46795e+06
8.15047e+06
7.81481e+06
7.45684e+06
7.06578e+06
6.63869e+06
6.1746e+06
5.68944e+06
5.15935e+06
4.61213e+06
4.23839e+06
4.00449e+06
1.45984e+07
1.41528e+07
1.373e+07
1.33292e+07
1.29483e+07
1.25844e+07
1.22343e+07
1.18954e+07
1.15655e+07
1.12431e+07
1.09274e+07
1.06176e+07
1.03137e+07
1.00154e+07
9.72329e+06
9.43656e+06
9.15551e+06
8.87668e+06
8.5984e+06
8.31158e+06
8.00968e+06
7.6796e+06
7.30186e+06
6.88204e+06
6.42288e+06
5.95978e+06
5.54141e+06
4.63406e+06
4.26653e+06
4.35306e+06
1.46831e+07
1.42353e+07
1.3808e+07
1.34006e+07
1.30118e+07
1.26397e+07
1.2282e+07
1.19366e+07
1.16017e+07
1.1276e+07
1.09585e+07
1.06488e+07
1.03468e+07
1.00531e+07
9.76826e+06
9.49294e+06
9.22839e+06
8.97283e+06
8.72574e+06
8.47701e+06
8.21985e+06
7.92582e+06
7.55568e+06
7.12194e+06
6.72109e+06
6.10297e+06
5.66562e+06
5.15973e+06
4.85659e+06
4.77412e+06
1.47442e+07
1.4295e+07
1.38649e+07
1.34535e+07
1.30595e+07
1.26819e+07
1.23189e+07
1.19688e+07
1.16302e+07
1.1302e+07
1.09831e+07
1.06735e+07
1.03731e+07
1.0083e+07
9.8039e+06
9.53808e+06
9.28718e+06
9.05299e+06
8.83553e+06
8.62885e+06
8.42444e+06
8.18718e+06
7.8651e+06
7.25649e+06
6.73797e+06
6.28185e+06
5.86178e+06
5.48266e+06
5.22598e+06
5.11271e+06
1.47839e+07
1.43339e+07
1.39022e+07
1.34883e+07
1.30913e+07
1.27104e+07
1.2344e+07
1.1991e+07
1.16499e+07
1.13199e+07
1.10002e+07
1.06907e+07
1.03914e+07
1.01037e+07
9.82851e+06
9.56916e+06
9.32766e+06
9.10922e+06
8.91539e+06
8.74927e+06
8.60254e+06
8.45552e+06
8.18657e+06
7.46512e+06
6.89991e+06
6.4243e+06
6.017e+06
5.68313e+06
5.45197e+06
5.33803e+06
1.48035e+07
1.43531e+07
1.39206e+07
1.35055e+07
1.31072e+07
1.27246e+07
1.23567e+07
1.20022e+07
1.16599e+07
1.13291e+07
1.10089e+07
1.06994e+07
1.04007e+07
1.01142e+07
9.84107e+06
9.58486e+06
9.34808e+06
9.13743e+06
8.95637e+06
8.81634e+06
8.71629e+06
8.67692e+06
8.11791e+06
7.51843e+06
6.97227e+06
6.49845e+06
6.09878e+06
5.78089e+06
5.56075e+06
5.44939e+06
)
;

boundaryField
{
    inlet1
    {
        type            fixedGradient;
        gradient        uniform 20000;
    }
    inlet2
    {
        type            zeroGradient;
    }
    inlet3
    {
        type            fixedGradient;
        gradient        uniform 4.68141e+06;
    }
    output1
    {
        type            zeroGradient;
    }
    output2
    {
        type            fixedValue;
        value           uniform 0;
    }
    output3
    {
        type            zeroGradient;
    }
    up
    {
        type            zeroGradient;
    }
    down
    {
        type            zeroGradient;
    }
    emptyWalls
    {
        type            empty;
    }
}


// ************************************************************************* //
