/*--------------------------------*- C++ -*----------------------------------*\
  =========                 |
  \\      /  F ield         | OpenFOAM: The Open Source CFD Toolbox
   \\    /   O peration     | Website:  https://openfoam.org
    \\  /    A nd           | Version:  9
     \\/     M anipulation  |
\*---------------------------------------------------------------------------*/
FoamFile
{
    format      ascii;
    class       surfaceScalarField;
    location    "24500";
    object      phi;
}
// * * * * * * * * * * * * * * * * * * * * * * * * * * * * * * * * * * * * * //

dimensions      [0 3 -1 0 0 0 0];

internalField   nonuniform List<scalar> 
1740
(
1.27525e-08
9.51172e-08
1.18219e-08
1.71906e-08
4.40551e-09
3.69666e-09
1.15989e-09
1.60482e-09
1.13568e-09
3.17541e-11
1.45166e-09
7.23506e-11
1.38982e-09
4.90696e-11
1.35556e-09
3.07883e-11
1.33525e-09
1.79578e-11
1.32396e-09
9.58035e-12
1.31817e-09
4.53053e-12
1.31532e-09
1.91386e-12
1.31348e-09
1.10419e-12
1.31116e-09
1.70432e-12
1.30706e-09
3.50383e-12
1.29999e-09
6.44364e-12
1.2887e-09
1.05886e-11
1.27177e-09
1.61062e-11
1.24755e-09
2.32465e-11
1.21413e-09
3.2308e-11
1.16932e-09
4.35889e-11
1.11076e-09
5.73195e-11
1.03605e-09
7.35713e-11
9.43037e-10
9.21564e-11
8.30127e-10
1.12534e-10
6.96716e-10
1.33738e-10
5.43591e-10
1.54344e-10
3.73261e-10
1.72518e-10
1.90079e-10
1.86227e-10
1.93639e-10
3.91632e-08
1.61054e-07
4.19124e-09
3.44552e-08
1.96018e-09
5.34284e-09
1.63407e-09
1.68692e-09
1.06666e-09
2.47041e-10
1.45737e-09
1.44622e-10
1.36741e-09
9.31397e-11
1.3416e-09
5.6125e-11
1.32623e-09
3.14611e-11
1.31845e-09
1.5831e-11
1.31524e-09
6.62565e-12
1.31431e-09
2.01858e-12
1.31398e-09
7.95999e-13
1.31292e-09
2.20753e-12
1.31003e-09
5.86666e-12
1.30422e-09
1.16791e-11
1.29434e-09
1.97988e-11
1.27905e-09
3.05843e-11
1.25675e-09
4.45668e-11
1.22551e-09
6.23919e-11
1.18307e-09
8.47259e-11
1.12691e-09
1.12116e-10
1.05436e-09
1.44804e-10
9.62929e-10
1.82512e-10
8.50626e-10
2.24236e-10
7.16432e-10
2.68074e-10
5.60796e-10
3.11118e-10
3.86111e-10
3.49495e-10
1.96973e-10
3.78749e-10
3.947e-10
2.10902e-08
2.30978e-07
4.44149e-09
5.57204e-08
1.42637e-09
8.94374e-09
1.35976e-09
2.78525e-10
1.17019e-09
4.41603e-10
1.40688e-09
2.13132e-10
1.33955e-09
1.22741e-10
1.31719e-09
6.91099e-11
1.30963e-09
3.59294e-11
1.30837e-09
1.56558e-11
1.31002e-09
4.12106e-12
1.3127e-09
-1.26131e-12
1.31518e-09
-2.14682e-12
1.31653e-09
4.62554e-13
1.31591e-09
6.07448e-12
1.31251e-09
1.46074e-11
1.30539e-09
2.63404e-11
1.29335e-09
4.18632e-11
1.27489e-09
6.20453e-11
1.2481e-09
8.79701e-11
1.21056e-09
1.2081e-10
1.15943e-09
1.61616e-10
1.09154e-09
2.11015e-10
1.00369e-09
2.6885e-10
8.9302e-10
3.33826e-10
7.5759e-10
4.03211e-10
5.97048e-10
4.7256e-10
4.13416e-10
5.35596e-10
2.11719e-10
5.84585e-10
6.11709e-10
2.68319e-08
3.06223e-07
5.22049e-09
6.57833e-08
9.24237e-10
1.40908e-08
7.65783e-10
6.19498e-11
1.11111e-09
3.52847e-10
1.24388e-09
2.02106e-10
1.26751e-09
1.15583e-10
1.27799e-09
6.16428e-11
1.28672e-09
2.74902e-11
1.29539e-09
6.74123e-12
1.30375e-09
-4.5362e-12
1.31129e-09
-9.0375e-12
1.31753e-09
-8.58405e-12
1.32209e-09
-4.28237e-12
1.32458e-09
3.36063e-12
1.32454e-09
1.43387e-11
1.32133e-09
2.90933e-11
1.31405e-09
4.84862e-11
1.30138e-09
7.37879e-11
1.28143e-09
1.0664e-10
1.25164e-09
1.48931e-10
1.20871e-09
2.02523e-10
1.14869e-09
2.68793e-10
1.06727e-09
3.48053e-10
9.60178e-10
4.39018e-10
8.23861e-10
5.38389e-10
6.5639e-10
6.40315e-10
4.58792e-10
7.35751e-10
2.36489e-10
8.12287e-10
8.55837e-10
2.3081e-08
3.78685e-07
5.37255e-09
9.09026e-08
1.28715e-09
1.89952e-08
7.22584e-10
5.38921e-11
1.09614e-09
1.73918e-10
1.15658e-09
1.27638e-10
1.20862e-09
7.58427e-11
1.24054e-09
3.43875e-11
1.26388e-09
5.64688e-12
1.28271e-09
-1.16458e-11
1.29832e-09
-1.99696e-11
1.31118e-09
-2.17676e-11
1.32157e-09
-1.88691e-11
1.32972e-09
-1.23651e-11
1.33577e-09
-2.68746e-12
1.33972e-09
1.0295e-11
1.34136e-09
2.72102e-11
1.34016e-09
4.92028e-11
1.33514e-09
7.79833e-11
1.32459e-09
1.15874e-10
1.30585e-09
1.65754e-10
1.27507e-09
2.30755e-10
1.22725e-09
3.13585e-10
1.15652e-09
4.15558e-10
1.05656e-09
5.3581e-10
9.2128e-10
6.71007e-10
7.45863e-10
8.14556e-10
5.28872e-10
9.54812e-10
2.7544e-10
1.07296e-09
1.14353e-09
2.93482e-08
4.46353e-07
8.04887e-09
1.00807e-07
1.34958e-09
2.6797e-08
7.455e-10
6.39995e-11
1.08882e-09
7.55241e-11
1.11642e-09
5.87107e-11
1.16988e-09
2.5762e-11
1.21165e-09
-5.58292e-12
1.24555e-09
-2.76451e-11
1.27325e-09
-3.90036e-11
1.29563e-09
-4.19285e-11
1.31352e-09
-3.91931e-11
1.32785e-09
-3.27584e-11
1.33946e-09
-2.36226e-11
1.34907e-09
-1.2038e-11
1.35721e-09
2.31555e-12
1.3642e-09
2.02493e-11
1.37009e-09
4.31342e-11
1.37443e-09
7.30721e-11
1.37596e-09
1.13121e-10
1.37209e-09
1.67457e-10
1.35846e-09
2.4116e-10
1.32874e-09
3.39241e-10
1.275e-09
4.64787e-10
1.18827e-09
6.17655e-10
1.05883e-09
7.95272e-10
8.7691e-10
9.92097e-10
6.35394e-10
1.19598e-09
3.36404e-10
1.38121e-09
1.5018e-09
2.5745e-08
5.16437e-07
5.57433e-09
1.28789e-07
1.57898e-09
3.16127e-08
7.63721e-10
7.3075e-11
1.0715e-09
2.87925e-11
1.09271e-09
5.92149e-12
1.14281e-09
-2.5923e-11
1.19065e-09
-5.4837e-11
1.23341e-09
-7.16413e-11
1.26911e-09
-7.47952e-11
1.29742e-09
-6.95468e-11
1.31945e-09
-6.03183e-11
1.33684e-09
-4.93464e-11
1.3512e-09
-3.73332e-11
1.36384e-09
-2.4156e-11
1.37585e-09
-9.2448e-12
1.38816e-09
8.33798e-12
1.40157e-09
3.00169e-11
1.41653e-09
5.80558e-11
1.43271e-09
9.60835e-11
1.4481e-09
1.49793e-10
1.45795e-09
2.27188e-10
1.45424e-09
3.37436e-10
1.42647e-09
4.86695e-10
1.36267e-09
6.74746e-10
1.24886e-09
9.00337e-10
1.06755e-09
1.16259e-09
7.99392e-10
1.4558e-09
4.3481e-10
1.75415e-09
1.98064e-09
3.31537e-08
5.83285e-07
8.83048e-09
1.45841e-07
1.44836e-09
3.96158e-08
7.56979e-10
7.36323e-11
1.03797e-09
3.97765e-12
1.06624e-09
-3.78939e-11
1.11799e-09
-8.05394e-11
1.17472e-09
-1.162e-10
1.22832e-09
-1.29288e-10
1.27237e-09
-1.18988e-10
1.3055e-09
-1.01143e-10
1.32999e-09
-8.31864e-11
1.34887e-09
-6.69731e-11
1.36465e-09
-5.2206e-11
1.37923e-09
-3.80095e-11
1.39419e-09
-2.34752e-11
1.41104e-09
-7.66635e-12
1.43149e-09
1.05435e-11
1.45741e-09
3.30526e-11
1.49026e-09
6.33635e-11
1.52966e-09
1.08442e-10
1.57099e-09
1.80366e-10
1.60379e-09
2.96626e-10
1.61395e-09
4.69812e-10
1.58709e-09
6.94298e-10
1.5064e-09
9.68743e-10
1.34505e-09
1.30216e-09
1.0598e-09
1.71045e-09
6.03432e-10
2.19895e-09
2.68596e-09
2.74909e-08
6.58044e-07
3.90924e-09
1.68594e-07
1.12186e-09
4.40267e-08
7.26966e-10
7.58769e-11
9.88758e-10
-1.85593e-11
1.02742e-09
-8.09355e-11
1.08821e-09
-1.42141e-10
1.16191e-09
-2.00134e-10
1.23277e-09
-2.10321e-10
1.28656e-09
-1.70722e-10
1.32222e-09
-1.32848e-10
1.34616e-09
-1.04308e-10
1.36399e-09
-8.31538e-11
1.37929e-09
-6.65045e-11
1.39426e-09
-5.22006e-11
1.41063e-09
-3.8979e-11
1.43031e-09
-2.60684e-11
1.45595e-09
-1.32268e-11
1.49135e-09
2.45797e-13
1.54125e-09
1.58719e-11
1.60929e-09
4.02433e-11
1.69257e-09
8.92137e-11
1.776e-09
1.98895e-10
1.83846e-09
4.01624e-10
1.86534e-09
6.63894e-10
1.8446e-09
9.78191e-10
1.74643e-09
1.36683e-09
1.49137e-09
1.88491e-09
9.19113e-10
2.64523e-09
3.87831e-09
3.54749e-08
7.23886e-07
4.12416e-09
1.94601e-07
8.29524e-10
4.81656e-08
6.7179e-10
1.24048e-10
9.20476e-10
-3.0866e-11
9.68702e-10
-1.25523e-10
1.04553e-09
-2.06954e-10
1.15192e-09
-3.31875e-10
1.25431e-09
-3.41137e-10
1.31887e-09
-2.20731e-10
1.35067e-09
-1.55218e-10
1.36843e-09
-1.18041e-10
1.38166e-09
-9.4829e-11
1.39425e-09
-7.84584e-11
1.40789e-09
-6.53083e-11
1.42377e-09
-5.41691e-11
1.44363e-09
-4.43987e-11
1.47065e-09
-3.76283e-11
1.51079e-09
-3.47185e-11
1.57411e-09
-4.03687e-11
1.67367e-09
-5.25525e-11
1.814e-09
-6.26454e-11
1.96915e-09
8.11534e-12
2.09856e-09
2.7389e-10
2.19121e-09
5.81465e-10
2.26023e-09
9.13312e-10
2.30467e-09
1.30202e-09
2.24013e-09
1.81719e-09
1.58166e-09
2.61871e-09
4.132e-09
1.85715e-08
7.05974e-07
1.56976e-08
1.91788e-07
7.47504e-09
4.23895e-08
5.72331e-10
6.66594e-09
8.2488e-10
2.38901e-10
8.82176e-10
-1.05685e-10
9.73296e-10
-1.86432e-10
1.14593e-09
-3.3841e-10
1.31367e-09
-4.71142e-10
1.38395e-09
-2.16255e-10
1.39316e-09
-1.50016e-10
1.39522e-09
-1.1879e-10
1.39996e-09
-1.00609e-10
1.40816e-09
-8.79731e-11
1.41927e-09
-7.69969e-11
1.43293e-09
-6.84028e-11
1.44979e-09
-5.99695e-11
1.47221e-09
-5.83048e-11
1.50706e-09
-6.11519e-11
1.57074e-09
-9.00758e-11
1.69727e-09
-1.47434e-10
1.92062e-09
-2.95357e-10
2.18805e-09
-3.77686e-10
2.39542e-09
1.04349e-10
2.54072e-09
4.74775e-10
2.70043e-09
7.91555e-10
2.97192e-09
1.11078e-09
3.58284e-09
1.46308e-09
5.33912e-09
1.88045e-09
2.35389e-09
1.47579e-07
5.53986e-07
9.74118e-08
2.43514e-07
3.60573e-08
1.158e-07
1.98692e-08
5.03663e-08
7.07889e-09
2.00979e-08
7.2513e-10
1.11912e-08
8.1991e-10
5.75586e-09
1.14485e-09
1.64112e-08
1.47047e-09
-2.02189e-10
1.51009e-09
-1.18842e-10
1.44281e-09
-9.53494e-11
1.41934e-09
-8.28864e-11
1.4148e-09
-7.49883e-11
1.41918e-09
-6.89787e-11
1.42808e-09
-6.23309e-11
1.43892e-09
-5.76012e-11
1.45037e-09
-5.11087e-11
1.46133e-09
-5.20585e-11
1.47451e-09
-5.37881e-11
1.50452e-09
-8.63671e-11
1.62407e-09
-1.50695e-10
1.98315e-09
-3.68241e-10
2.46699e-09
-6.8315e-10
2.75437e-09
5.78088e-11
2.87581e-09
4.45697e-10
3.02884e-09
6.87599e-10
3.29974e-09
9.02117e-10
3.78017e-09
1.07399e-09
4.53483e-09
1.11689e-09
7.68825e-10
3.85919e-07
1.65153e-07
4.78235e-07
1.50661e-07
4.11545e-07
1.58364e-07
3.10418e-07
1.23331e-07
2.64463e-07
7.32811e-08
2.29011e-07
5.46939e-08
2.02499e-07
4.43526e-08
1.04322e-07
8.99746e-08
2.8835e-09
7.482e-08
1.54723e-09
1.08274e-08
1.35617e-09
2.67863e-09
1.32042e-09
1.55948e-10
1.32298e-09
-8.62805e-10
1.34196e-09
-1.55803e-09
1.36805e-09
-1.94918e-09
1.39647e-09
-2.33304e-09
1.42218e-09
-2.38268e-09
1.43616e-09
-2.197e-09
1.42331e-09
-1.34463e-09
1.34877e-09
1.4549e-09
1.31133e-09
7.89935e-09
1.92092e-09
4.45173e-08
2.94238e-09
2.83093e-09
3.27928e-09
1.4732e-10
3.17933e-09
3.28555e-10
3.23935e-09
4.5033e-10
3.41805e-09
5.66649e-10
3.70327e-09
6.08325e-10
4.03661e-09
5.50792e-10
2.94272e-10
2.73074e-07
-8.47074e-08
4.3983e-07
-1.91261e-08
5.44805e-07
4.83717e-08
5.70537e-07
9.24059e-08
5.69802e-07
7.78821e-08
5.49187e-07
7.33937e-08
5.2391e-07
7.6811e-08
4.74797e-07
1.27511e-07
3.87215e-07
1.38836e-07
3.71794e-07
3.98914e-08
3.62687e-07
1.1814e-08
3.61096e-07
3.74967e-10
3.64772e-07
-4.98107e-09
3.71389e-07
-8.37602e-09
3.81643e-07
-1.0567e-08
3.91063e-07
-1.22919e-08
4.05174e-07
-1.25652e-08
4.10296e-07
-1.11009e-08
4.22267e-07
-6.08177e-09
3.99438e-07
1.00644e-08
3.79101e-07
3.79654e-08
2.15919e-07
1.3631e-07
1.75244e-08
1.14023e-07
2.41066e-09
2.30582e-08
2.34287e-09
-9.7368e-10
2.64769e-09
-5.82291e-09
2.66557e-09
-7.49704e-09
2.44904e-09
-7.3172e-09
2.76281e-09
-5.69789e-09
-2.26688e-09
6.28954e-08
-1.43591e-07
1.2584e-07
-9.72866e-08
2.18964e-07
-4.5669e-08
3.16079e-07
-5.46593e-09
3.79882e-07
2.12824e-08
4.23005e-07
3.8367e-08
4.55161e-07
5.6841e-08
5.13803e-07
8.00547e-08
5.51198e-07
9.30958e-08
5.49294e-07
4.85867e-08
5.50713e-07
1.59574e-08
5.54055e-07
-1.94262e-09
5.63129e-07
-1.20453e-08
5.71764e-07
-1.83965e-08
5.87438e-07
-2.30264e-08
5.97866e-07
-2.57263e-08
6.17052e-07
-2.63173e-08
6.21731e-07
-2.20454e-08
6.36278e-07
-1.13571e-08
6.17013e-07
1.80836e-08
6.1267e-07
6.21936e-08
5.91383e-07
1.54674e-07
5.24162e-07
1.84567e-07
5.3304e-07
4.59315e-08
5.50612e-07
-1.34542e-08
5.80882e-07
-3.72761e-08
6.2134e-07
-4.93242e-08
6.63902e-07
-5.09853e-08
6.95555e-07
-4.01235e-08
-1.57253e-08
5.49681e-08
-2.06612e-07
1.11525e-07
-1.54545e-07
1.70953e-07
-1.05916e-07
2.31764e-07
-6.40183e-08
2.86049e-07
-3.02148e-08
3.34906e-07
-3.72067e-09
3.80106e-07
1.69891e-08
4.36497e-07
3.04779e-08
4.91098e-07
3.57634e-08
5.16484e-07
2.4443e-08
5.2925e-07
5.95917e-09
5.38157e-07
-9.54491e-09
5.4777e-07
-2.09361e-08
5.58138e-07
-2.89353e-08
5.70757e-07
-3.5004e-08
5.82653e-07
-3.80347e-08
5.95584e-07
-3.82402e-08
6.0451e-07
-3.18061e-08
6.13859e-07
-1.79914e-08
6.22954e-07
1.05542e-08
6.49147e-07
4.72891e-08
7.2797e-07
8.79695e-08
7.98447e-07
9.39966e-08
8.36917e-07
1.63107e-08
8.83953e-07
-5.18399e-08
9.48922e-07
-9.98651e-08
1.03006e-06
-1.32359e-07
1.12141e-06
-1.45328e-07
1.19505e-06
-1.22268e-07
-5.14398e-08
6.45089e-08
-2.76859e-07
1.24934e-07
-2.18162e-07
1.84482e-07
-1.65996e-07
2.40621e-07
-1.19226e-07
2.90542e-07
-7.91194e-08
3.35396e-07
-4.68868e-08
3.77048e-07
-2.37074e-08
4.17614e-07
-9.77426e-09
4.55518e-07
-3.43126e-09
4.83754e-07
-4.46797e-09
5.03756e-07
-1.28938e-08
5.20048e-07
-2.41836e-08
5.35932e-07
-3.50784e-08
5.524e-07
-4.4038e-08
5.69358e-07
-5.07059e-08
5.86321e-07
-5.413e-08
6.02533e-07
-5.36793e-08
6.19054e-07
-4.73981e-08
6.37291e-07
-3.4798e-08
6.66936e-07
-1.58537e-08
7.14069e-07
2.56726e-09
7.94457e-07
9.85204e-09
8.88635e-07
-7.35218e-09
9.64709e-07
-5.79608e-08
1.04285e-06
-1.2233e-07
1.13763e-06
-1.87954e-07
1.25262e-06
-2.41908e-07
1.39007e-06
-2.81369e-07
1.51871e-06
-2.59928e-07
-1.33959e-07
8.20626e-08
-3.64915e-07
1.56845e-07
-2.91162e-07
2.26823e-07
-2.3202e-07
2.9016e-07
-1.79472e-07
3.46124e-07
-1.33021e-07
3.95555e-07
-9.49314e-08
4.39473e-07
-6.66914e-08
4.78456e-07
-4.81557e-08
5.13219e-07
-3.76772e-08
5.43561e-07
-3.41561e-08
5.6934e-07
-3.73477e-08
5.91841e-07
-4.50085e-08
6.1258e-07
-5.4286e-08
6.32353e-07
-6.27605e-08
6.51554e-07
-6.93804e-08
6.70607e-07
-7.3048e-08
6.90714e-07
-7.36609e-08
7.1402e-07
-7.03756e-08
7.45106e-07
-6.47156e-08
7.89505e-07
-5.87588e-08
8.52869e-07
-5.9242e-08
9.34201e-07
-7.18299e-08
1.02884e-06
-1.01953e-07
1.11944e-06
-1.4862e-07
1.21355e-06
-2.09808e-07
1.30933e-06
-2.7965e-07
1.42262e-06
-3.43412e-07
1.55837e-06
-4.12734e-07
1.71775e-06
-4.2011e-07
-3.11126e-07
1.21755e-07
-4.86446e-07
2.28616e-07
-3.85646e-07
3.19928e-07
-3.15377e-07
3.94085e-07
-2.50207e-07
4.54319e-07
-1.91837e-07
5.0452e-07
-1.44427e-07
5.47239e-07
-1.0893e-07
5.84117e-07
-8.45289e-08
6.16339e-07
-6.93593e-08
6.44671e-07
-6.18938e-08
6.68648e-07
-6.08035e-08
6.88674e-07
-6.44351e-08
7.05174e-07
-7.05969e-08
7.19857e-07
-7.73464e-08
7.33627e-07
-8.35987e-08
7.4913e-07
-8.85761e-08
7.6789e-07
-9.26699e-08
7.94043e-07
-9.56433e-08
8.30124e-07
-1.00241e-07
8.80205e-07
-1.07292e-07
9.44284e-07
-1.23178e-07
1.01922e-06
-1.46279e-07
1.1009e-06
-1.83957e-07
1.1781e-06
-2.2558e-07
1.25511e-06
-2.83817e-07
1.31414e-06
-3.38041e-07
1.38881e-06
-4.05011e-07
1.46493e-06
-4.78606e-07
1.62019e-06
-5.33117e-07
-6.48267e-07
2.34234e-07
-6.79463e-07
4.05889e-07
-5.3832e-07
5.04036e-07
-4.10554e-07
5.61456e-07
-3.08144e-07
5.99261e-07
-2.3052e-07
6.27832e-07
-1.73826e-07
6.51543e-07
-1.33241e-07
6.7201e-07
-1.05464e-07
6.89669e-07
-8.7346e-08
7.04464e-07
-7.7058e-08
7.15839e-07
-7.26145e-08
7.23892e-07
-7.29714e-08
7.2915e-07
-7.6384e-08
7.33696e-07
-8.22253e-08
7.38993e-07
-8.91698e-08
7.4844e-07
-9.76045e-08
7.62872e-07
-1.0681e-07
7.8689e-07
-1.18205e-07
8.19002e-07
-1.32188e-07
8.64352e-07
-1.50757e-07
9.15587e-07
-1.75818e-07
9.77261e-07
-2.0574e-07
1.03558e-06
-2.45363e-07
1.09649e-06
-2.82428e-07
1.14597e-06
-3.36452e-07
1.18418e-06
-3.70267e-07
1.23238e-06
-4.5058e-07
1.25366e-06
-4.97123e-07
1.63457e-06
-7.76327e-07
-1.45727e-06
8.50055e-07
-6.53538e-07
7.77062e-07
-5.09989e-07
7.21257e-07
-3.75852e-07
6.81885e-07
-2.78809e-07
6.57874e-07
-2.11374e-07
6.45558e-07
-1.64056e-07
6.41098e-07
-1.30087e-07
6.40994e-07
-1.06193e-07
6.43033e-07
-8.97781e-08
6.45366e-07
-7.9774e-08
6.47458e-07
-7.47091e-08
6.48859e-07
-7.43672e-08
6.50814e-07
-7.76128e-08
6.54223e-07
-8.48259e-08
6.6147e-07
-9.46387e-08
6.73734e-07
-1.08323e-07
6.93141e-07
-1.2385e-07
7.20668e-07
-1.44206e-07
7.56483e-07
-1.66146e-07
8.0147e-07
-1.94821e-07
8.5072e-07
-2.24622e-07
9.0732e-07
-2.61294e-07
9.56598e-07
-2.96443e-07
1.01297e-06
-3.34849e-07
1.03827e-06
-3.68837e-07
1.08537e-06
-4.02357e-07
1.07005e-06
-4.58155e-07
1.12305e-06
-5.18572e-07
9.66533e-07
-7.71659e-07
-1.13103e-06
7.22996e-07
-4.52495e-07
6.06556e-07
-3.79476e-07
5.52745e-07
-3.12637e-07
5.3619e-07
-2.54873e-07
5.37355e-07
-2.06918e-07
5.45826e-07
-1.68654e-07
5.56983e-07
-1.38529e-07
5.68443e-07
-1.15835e-07
5.79486e-07
-9.93223e-08
5.89542e-07
-8.8714e-08
5.99234e-07
-8.30933e-08
6.08631e-07
-8.26283e-08
6.19286e-07
-8.65653e-08
6.31339e-07
-9.55032e-08
6.47009e-07
-1.08236e-07
6.6586e-07
-1.26111e-07
6.90444e-07
-1.46638e-07
7.19296e-07
-1.73179e-07
7.54443e-07
-2.00358e-07
7.92809e-07
-2.34919e-07
8.35274e-07
-2.66834e-07
8.74953e-07
-3.04326e-07
9.14315e-07
-3.34792e-07
9.3598e-07
-3.62513e-07
9.44155e-07
-3.74248e-07
9.19412e-07
-3.90137e-07
8.58785e-07
-3.98499e-07
7.37413e-07
-4.34255e-07
3.65213e-07
-4.35661e-07
-2.84108e-07
8.22767e-07
-3.58562e-07
7.73851e-07
-3.35517e-07
7.47009e-07
-2.95877e-07
7.31965e-07
-2.49511e-07
7.2291e-07
-2.05405e-07
7.16634e-07
-1.68113e-07
7.12001e-07
-1.38184e-07
7.08173e-07
-1.15446e-07
7.05044e-07
-9.88402e-08
7.02032e-07
-8.80163e-08
6.9937e-07
-8.22209e-08
6.96468e-07
-8.1523e-08
6.94022e-07
-8.54926e-08
6.91381e-07
-9.46093e-08
6.90256e-07
-1.08362e-07
6.9011e-07
-1.27976e-07
6.94266e-07
-1.51786e-07
7.02263e-07
-1.83203e-07
7.17108e-07
-2.15484e-07
7.38742e-07
-2.57873e-07
7.62564e-07
-2.90852e-07
7.90384e-07
-3.31848e-07
8.06451e-07
-3.52064e-07
8.03669e-07
-3.5898e-07
7.68858e-07
-3.43973e-07
7.00917e-07
-3.24938e-07
5.8524e-07
-2.96725e-07
3.98057e-07
-2.54799e-07
1.93637e-07
-2.33967e-07
-2.13925e-07
8.37721e-07
-2.81566e-07
7.69447e-07
-2.65507e-07
7.12717e-07
-2.38133e-07
6.69611e-07
-2.0556e-07
6.38667e-07
-1.73293e-07
6.1686e-07
-1.44828e-07
6.01534e-07
-1.21196e-07
5.90513e-07
-1.02789e-07
5.82469e-07
-8.91675e-08
5.76263e-07
-8.02423e-08
5.71414e-07
-7.57249e-08
5.67292e-07
-7.56969e-08
5.64203e-07
-8.04136e-08
5.61956e-07
-9.0176e-08
5.62573e-07
-1.06045e-07
5.65859e-07
-1.28246e-07
5.76904e-07
-1.58154e-07
5.92074e-07
-1.95217e-07
6.19323e-07
-2.36455e-07
6.47343e-07
-2.85186e-07
6.78955e-07
-3.17051e-07
7.05113e-07
-3.5998e-07
7.0288e-07
-3.48764e-07
6.65546e-07
-3.26463e-07
5.95783e-07
-2.7481e-07
5.07774e-07
-2.4398e-07
3.84518e-07
-1.93627e-07
2.5188e-07
-1.10031e-07
1.12713e-07
-9.83984e-08
-3.72384e-08
8.5158e-07
-2.18589e-07
7.96943e-07
-2.09401e-07
7.52812e-07
-1.93842e-07
7.19808e-07
-1.73705e-07
6.96271e-07
-1.51487e-07
6.79667e-07
-1.30083e-07
6.67835e-07
-1.11023e-07
6.59129e-07
-9.55287e-08
6.52366e-07
-8.36845e-08
6.46917e-07
-7.58559e-08
6.41951e-07
-7.19033e-08
6.37533e-07
-7.2135e-08
6.32774e-07
-7.69506e-08
6.2858e-07
-8.67433e-08
6.24155e-07
-1.03261e-07
6.21026e-07
-1.25903e-07
6.19761e-07
-1.58901e-07
6.1899e-07
-1.96057e-07
6.26183e-07
-2.45173e-07
6.26455e-07
-2.90086e-07
6.37877e-07
-3.27519e-07
6.31384e-07
-3.62204e-07
5.79506e-07
-3.01837e-07
4.96883e-07
-2.50013e-07
4.08743e-07
-1.8605e-07
3.14788e-07
-1.45314e-07
2.18433e-07
-7.55441e-08
1.36775e-07
-2.31621e-08
4.54172e-08
-2.04173e-08
-1.39628e-09
8.61564e-07
-1.65955e-07
8.13662e-07
-1.60474e-07
7.71047e-07
-1.50743e-07
7.34723e-07
-1.37487e-07
7.04845e-07
-1.21985e-07
6.80554e-07
-1.06313e-07
6.60868e-07
-9.17226e-08
6.4458e-07
-7.95615e-08
6.30706e-07
-6.99908e-08
6.18453e-07
-6.3679e-08
6.06787e-07
-6.03486e-08
5.95562e-07
-6.06988e-08
5.83151e-07
-6.46742e-08
5.70673e-07
-7.33896e-08
5.5515e-07
-8.77929e-08
5.40658e-07
-1.08823e-07
5.22935e-07
-1.40524e-07
5.10814e-07
-1.7766e-07
5.0353e-07
-2.34649e-07
4.96915e-07
-2.75103e-07
5.13155e-07
-3.33824e-07
4.77206e-07
-3.34369e-07
3.96491e-07
-2.21408e-07
3.01692e-07
-1.49115e-07
2.16657e-07
-7.83845e-08
9.95264e-08
-4.63603e-08
2.69714e-09
-8.608e-10
1.58122e-09
-1.41896e-09
1.97641e-10
-1.60337e-09
-1.55421e-09
8.67849e-07
-1.19843e-07
8.24639e-07
-1.16498e-07
7.84833e-07
-1.10419e-07
7.49469e-07
-1.02013e-07
7.1925e-07
-9.188e-08
6.93793e-07
-8.12809e-08
6.72699e-07
-7.10228e-08
6.54841e-07
-6.22534e-08
6.39603e-07
-5.51443e-08
6.25907e-07
-5.04881e-08
6.13116e-07
-4.79613e-08
6.00533e-07
-4.85252e-08
5.8699e-07
-5.17007e-08
5.72762e-07
-5.92992e-08
5.5494e-07
-7.09642e-08
5.37069e-07
-9.01434e-08
5.12234e-07
-1.17456e-07
4.9404e-07
-1.55699e-07
4.66184e-07
-2.10388e-07
4.50957e-07
-2.51395e-07
4.40069e-07
-3.26501e-07
3.37733e-07
-2.54673e-07
2.36889e-07
-1.08558e-07
1.34259e-07
-4.87629e-08
2.74164e-08
-8.32918e-09
2.02678e-09
-6.52505e-10
1.78083e-09
-6.82706e-10
1.21411e-09
-1.39437e-09
4.75711e-10
-1.58018e-09
-1.34513e-09
8.71847e-07
-7.78739e-08
8.31872e-07
-7.59327e-08
7.94276e-07
-7.23665e-08
7.59823e-07
-6.73839e-08
7.29289e-07
-6.12898e-08
7.02512e-07
-5.47526e-08
6.79561e-07
-4.82747e-08
6.59422e-07
-4.25959e-08
6.4196e-07
-3.7919e-08
6.25705e-07
-3.48216e-08
6.10686e-07
-3.31342e-08
5.95052e-07
-3.35931e-08
5.78933e-07
-3.57566e-08
5.60003e-07
-4.11938e-08
5.37866e-07
-4.90535e-08
5.10374e-07
-6.32476e-08
4.74566e-07
-8.18366e-08
4.34937e-07
-1.1418e-07
3.78408e-07
-1.53556e-07
3.47538e-07
-2.05107e-07
2.76401e-07
-2.61873e-07
1.27292e-07
-1.15029e-07
2.79704e-08
-1.84437e-08
2.13053e-09
-6.13316e-10
1.88099e-09
-4.19857e-10
1.70269e-09
-5.46701e-10
1.45838e-09
-5.97971e-10
1.02213e-09
-8.35024e-10
4.91095e-10
-9.45311e-10
-9.15262e-10
8.74223e-07
-3.83637e-08
8.36242e-07
-3.74664e-08
8.00089e-07
-3.58148e-08
7.66385e-07
-3.34862e-08
7.3585e-07
-3.06331e-08
7.08467e-07
-2.75161e-08
6.84483e-07
-2.44066e-08
6.6308e-07
-2.16139e-08
6.44286e-07
-1.93227e-08
6.26599e-07
-1.77586e-08
6.10255e-07
-1.69513e-08
5.9295e-07
-1.71705e-08
5.75446e-07
-1.83258e-08
5.54018e-07
-2.10864e-08
5.30185e-07
-2.51347e-08
4.97536e-07
-3.2511e-08
4.58346e-07
-4.2075e-08
4.03098e-07
-6.0833e-08
3.34564e-07
-8.27443e-08
2.62756e-07
-1.29331e-07
1.27037e-07
-1.39007e-07
1.78977e-08
-2.00939e-08
2.31023e-09
-1.8615e-10
2.36542e-09
-3.20396e-10
1.9551e-09
-3.1165e-10
1.65056e-09
-2.95486e-10
1.32749e-09
-3.23977e-10
9.24964e-10
-4.02444e-10
4.66535e-10
-4.50774e-10
-4.55343e-10
8.75328e-07
8.38309e-07
8.02848e-07
7.69578e-07
7.39062e-07
7.11478e-07
6.86952e-07
6.65008e-07
6.45439e-07
6.27135e-07
6.09926e-07
5.91931e-07
5.73408e-07
5.50995e-07
5.25834e-07
4.91157e-07
4.49635e-07
3.8554e-07
3.05307e-07
1.71799e-07
3.67979e-08
1.72447e-09
2.34169e-09
2.20093e-09
1.92434e-09
1.61698e-09
1.27606e-09
8.83701e-10
4.50081e-10
)
;

boundaryField
{
    inlet1
    {
        type            calculated;
        value           nonuniform List<scalar> 10(-1e-07 -1e-07 -1e-07 -1e-07 -1e-07 -1e-07 -1e-07 -1e-07 -1e-07 -1e-07);
    }
    inlet2
    {
        type            calculated;
        value           uniform 0;
    }
    inlet3
    {
        type            calculated;
        value           nonuniform List<scalar> 10(-9.13394e-07 -9.13394e-07 -9.13394e-07 -9.13394e-07 -9.13394e-07 -9.13394e-07 -9.13394e-07 -9.13394e-07 -9.13394e-07 -9.13394e-07);
    }
    output1
    {
        type            calculated;
        value           uniform 0;
    }
    output2
    {
        type            calculated;
        value           nonuniform List<scalar> 10(8.68699e-09 5.49333e-09 4.33935e-09 3.14169e-09 7.09792e-07 1.22917e-06 1.59348e-06 1.87283e-06 1.95213e-06 2.75486e-06);
    }
    output3
    {
        type            calculated;
        value           uniform -0;
    }
    up
    {
        type            calculated;
        value           uniform 0;
    }
    down
    {
        type            calculated;
        value           uniform 0;
    }
    emptyWalls
    {
        type            empty;
        value           nonuniform List<scalar> 0();
    }
}


// ************************************************************************* //
