/*--------------------------------*- C++ -*----------------------------------*\
  =========                 |
  \\      /  F ield         | OpenFOAM: The Open Source CFD Toolbox
   \\    /   O peration     | Website:  https://openfoam.org
    \\  /    A nd           | Version:  9
     \\/     M anipulation  |
\*---------------------------------------------------------------------------*/
FoamFile
{
    format      ascii;
    class       volVectorField;
    location    "24500";
    object      ut;
}
// * * * * * * * * * * * * * * * * * * * * * * * * * * * * * * * * * * * * * //

dimensions      [0 1 -1 0 0 0 0];

internalField   nonuniform List<vector> 
900
(
(9.13164e-07 5.8363e-07 -0)
(1.63735e-06 5.05568e-07 -0)
(7.27043e-07 4.55045e-07 -0)
(1.54058e-07 3.19285e-08 -0)
(7.79198e-08 -1.25823e-09 -0)
(1.49215e-07 4.42057e-09 -0)
(1.41117e-07 2.64346e-09 -0)
(1.36847e-07 1.6263e-09 -0)
(1.34264e-07 9.56626e-10 -0)
(1.32786e-07 5.21791e-10 -0)
(1.32006e-07 2.57868e-10 -0)
(1.31629e-07 1.1907e-10 -0)
(1.31436e-07 7.34845e-11 -0)
(1.31261e-07 1.00717e-10 -0)
(1.3097e-07 1.89861e-10 -0)
(1.30442e-07 3.37674e-10 -0)
(1.29557e-07 5.46982e-10 -0)
(1.28184e-07 8.25843e-10 -0)
(1.2617e-07 1.18644e-09 -0)
(1.2334e-07 1.64305e-09 -0)
(1.19486e-07 2.20968e-09 -0)
(1.14378e-07 2.89677e-09 -0)
(1.07774e-07 3.70677e-09 -0)
(9.94367e-08 4.62913e-09 -0)
(8.91706e-08 5.63587e-09 -0)
(7.68548e-08 6.6784e-09 -0)
(6.24884e-08 7.68642e-09 -0)
(4.62298e-08 8.57094e-09 -0)
(2.84225e-08 9.23488e-09 -0)
(9.59333e-09 9.59234e-09 -0)
(7.11979e-06 1.84398e-05 -0)
(7.12848e-07 2.93255e-06 -0)
(1.254e-07 2.84287e-07 -0)
(2.66635e-07 2.89035e-07 -0)
(6.018e-08 7.60905e-09 -0)
(1.53151e-07 1.00495e-08 -0)
(1.38322e-07 7.17046e-09 -0)
(1.3516e-07 4.53135e-09 -0)
(1.3316e-07 2.63493e-09 -0)
(1.32087e-07 1.39428e-09 -0)
(1.31603e-07 6.48238e-10 -0)
(1.31444e-07 2.63701e-10 -0)
(1.31418e-07 1.47353e-10 -0)
(1.31377e-07 2.40148e-10 -0)
(1.31207e-07 5.10905e-10 -0)
(1.30799e-07 9.51054e-10 -0)
(1.30045e-07 1.57075e-09 -0)
(1.28823e-07 2.39539e-09 -0)
(1.26988e-07 3.46287e-09 -0)
(1.24363e-07 4.81854e-09 -0)
(1.20739e-07 6.5081e-09 -0)
(1.15875e-07 8.56713e-09 -0)
(1.09506e-07 1.10075e-08 -0)
(1.01366e-07 1.38022e-08 -0)
(9.12199e-08 1.68709e-08 -0)
(7.89054e-08 2.00692e-08 -0)
(6.4381e-08 2.31824e-08 -0)
(4.77783e-08 2.59326e-08 -0)
(2.94439e-08 2.80104e-08 -0)
(9.95079e-09 2.91355e-08 -0)
(3.43133e-06 1.37709e-05 -0)
(7.86717e-07 3.95849e-06 -0)
(1.01582e-07 7.8428e-07 -0)
(1.83692e-07 4.83487e-08 -0)
(8.826e-08 4.17991e-08 -0)
(1.45778e-07 1.88749e-08 -0)
(1.35599e-07 1.14575e-08 -0)
(1.32312e-07 6.69364e-09 -0)
(1.31127e-07 3.65729e-09 -0)
(1.30799e-07 1.77193e-09 -0)
(1.30876e-07 6.76891e-10 -0)
(1.31128e-07 1.40015e-10 -0)
(1.31412e-07 1.18466e-11 -0)
(1.31625e-07 2.01358e-10 -0)
(1.31681e-07 6.62427e-10 -0)
(1.31502e-07 1.38476e-09 -0)
(1.31001e-07 2.38902e-09 -0)
(1.30076e-07 3.72146e-09 -0)
(1.28594e-07 5.4505e-09 -0)
(1.26385e-07 7.65985e-09 -0)
(1.23234e-07 1.04371e-08 -0)
(1.18878e-07 1.38561e-08 -0)
(1.13009e-07 1.79534e-08 -0)
(1.053e-07 2.27002e-08 -0)
(9.54377e-08 2.79762e-08 -0)
(8.31663e-08 3.35456e-08 -0)
(6.83518e-08 3.90412e-08 -0)
(5.10579e-08 4.39663e-08 -0)
(3.16253e-08 4.77393e-08 -0)
(1.07184e-08 4.98044e-08 -0)
(4.45356e-06 3.24247e-05 -0)
(9.1282e-07 7.1856e-06 -0)
(1.31278e-07 1.00447e-06 -0)
(5.35695e-08 7.35621e-09 -0)
(9.95872e-08 4.65216e-08 -0)
(1.22636e-07 2.37514e-08 -0)
(1.26141e-07 1.30908e-08 -0)
(1.2736e-07 7.12834e-09 -0)
(1.28238e-07 3.52859e-09 -0)
(1.29107e-07 1.35922e-09 -0)
(1.29971e-07 1.47321e-10 -0)
(1.30779e-07 -3.92277e-10 -0)
(1.31479e-07 -4.41211e-10 -0)
(1.32028e-07 -1.08847e-10 -0)
(1.3239e-07 5.5247e-10 -0)
(1.32526e-07 1.53671e-09 -0)
(1.32382e-07 2.87905e-09 -0)
(1.31885e-07 4.65117e-09 -0)
(1.30926e-07 6.95856e-09 -0)
(1.29349e-07 9.93418e-09 -0)
(1.26936e-07 1.37249e-08 -0)
(1.23392e-07 1.84671e-08 -0)
(1.1835e-07 2.42497e-08 -0)
(1.11389e-07 3.10697e-08 -0)
(1.02065e-07 3.8789e-08 -0)
(8.99704e-08 4.70967e-08 -0)
(7.48017e-08 5.54708e-08 -0)
(5.64764e-08 6.31528e-08 -0)
(3.5282e-08 6.91776e-08 -0)
(1.20159e-08 7.25373e-08 -0)
(3.76149e-06 2.88198e-05 -0)
(8.54708e-07 5.97107e-06 -0)
(2.19802e-07 1.81369e-06 -0)
(3.7629e-08 5.03375e-09 -0)
(1.06888e-07 2.40478e-08 -0)
(1.1234e-07 1.66697e-08 -0)
(1.18975e-07 1.00259e-08 -0)
(1.22749e-07 5.20023e-09 -0)
(1.25358e-07 1.96946e-09 -0)
(1.27418e-07 -1.09748e-11 -0)
(1.29124e-07 -1.05456e-09 -0)
(1.30539e-07 -1.41522e-09 -0)
(1.31696e-07 -1.2756e-09 -0)
(1.32618e-07 -7.47627e-10 -0)
(1.33326e-07 1.19657e-10 -0)
(1.33828e-07 1.33103e-09 -0)
(1.34116e-07 2.93962e-09 -0)
(1.34155e-07 5.04606e-09 -0)
(1.33877e-07 7.79901e-09 -0)
(1.33151e-07 1.13938e-08 -0)
(1.31767e-07 1.60614e-08 -0)
(1.29402e-07 2.20376e-08 -0)
(1.25611e-07 2.95089e-08 -0)
(1.1984e-07 3.85408e-08 -0)
(1.11465e-07 4.90146e-08 -0)
(9.98481e-08 6.05811e-08 -0)
(8.4408e-08 7.25921e-08 -0)
(6.47646e-08 8.39973e-08 -0)
(4.10098e-08 9.32798e-08 -0)
(1.40781e-08 9.86301e-08 -0)
(4.48983e-06 4.69172e-05 -0)
(1.37981e-06 1.22094e-05 -0)
(2.29967e-07 1.98535e-06 -0)
(3.99483e-08 5.74467e-09 -0)
(1.09152e-07 1.07358e-08 -0)
(1.08613e-07 8.85796e-09 -0)
(1.14672e-07 5.1427e-09 -0)
(1.19304e-07 1.67727e-09 -0)
(1.23027e-07 -8.40082e-10 -0)
(1.26083e-07 -2.31819e-09 -0)
(1.28567e-07 -2.93936e-09 -0)
(1.30558e-07 -2.9383e-09 -0)
(1.32146e-07 -2.49822e-09 -0)
(1.33423e-07 -1.7254e-09 -0)
(1.34469e-07 -6.57148e-10 -0)
(1.35346e-07 7.27965e-10 -0)
(1.36097e-07 2.50243e-09 -0)
(1.36744e-07 4.79451e-09 -0)
(1.37274e-07 7.79764e-09 -0)
(1.37612e-07 1.17809e-08 -0)
(1.3758e-07 1.70893e-08 -0)
(1.36839e-07 2.41134e-08 -0)
(1.34853e-07 3.32082e-08 -0)
(1.30894e-07 4.45707e-08 -0)
(1.24106e-07 5.81474e-08 -0)
(1.13548e-07 7.36204e-08 -0)
(9.82179e-08 9.03191e-08 -0)
(7.71641e-08 1.06965e-07 -0)
(4.99147e-08 1.21312e-07 -0)
(1.73661e-08 1.30076e-07 -0)
(4.30473e-06 4.23535e-05 -0)
(8.44261e-07 7.95191e-06 -0)
(2.70605e-07 3.37406e-06 -0)
(4.5191e-08 7.05524e-09 -0)
(1.07553e-07 4.36899e-09 -0)
(1.06747e-07 2.88418e-09 -0)
(1.11795e-07 9.70001e-12 -0)
(1.16767e-07 -2.79385e-09 -0)
(1.21363e-07 -4.68894e-09 -0)
(1.25319e-07 -5.48253e-09 -0)
(1.28504e-07 -5.44635e-09 -0)
(1.30981e-07 -4.90032e-09 -0)
(1.32909e-07 -4.05347e-09 -0)
(1.34459e-07 -2.99912e-09 -0)
(1.3578e-07 -1.75045e-09 -0)
(1.36988e-07 -2.64856e-10 -0)
(1.38182e-07 1.54744e-09 -0)
(1.39451e-07 3.83232e-09 -0)
(1.40863e-07 6.81679e-09 -0)
(1.42443e-07 1.08432e-08 -0)
(1.441e-07 1.6402e-08 -0)
(1.45521e-07 2.41186e-08 -0)
(1.46069e-07 3.464e-08 -0)
(1.44779e-07 4.83866e-08 -0)
(1.40514e-07 6.53835e-08 -0)
(1.3202e-07 8.54341e-08 -0)
(1.17753e-07 1.081e-07 -0)
(9.57579e-08 1.32232e-07 -0)
(6.41205e-08 1.5493e-07 -0)
(2.28415e-08 1.70284e-07 -0)
(5.10627e-06 6.0934e-05 -0)
(1.52448e-06 1.78058e-05 -0)
(2.41616e-07 2.94847e-06 -0)
(4.80551e-08 7.55976e-09 -0)
(1.03341e-07 1.3895e-09 -0)
(1.04254e-07 -1.69988e-09 -0)
(1.08994e-07 -5.1943e-09 -0)
(1.14605e-07 -8.17354e-09 -0)
(1.20338e-07 -9.63933e-09 -0)
(1.25325e-07 -9.47651e-09 -0)
(1.29149e-07 -8.46301e-09 -0)
(1.31951e-07 -7.16335e-09 -0)
(1.34048e-07 -5.8158e-09 -0)
(1.35726e-07 -4.46752e-09 -0)
(1.37203e-07 -3.08075e-09 -0)
(1.38643e-07 -1.5841e-09 -0)
(1.40194e-07 1.20158e-10 -0)
(1.42013e-07 2.17105e-09 -0)
(1.44285e-07 4.79436e-09 -0)
(1.47197e-07 8.37346e-09 -0)
(1.50855e-07 1.35566e-08 -0)
(1.55077e-07 2.13191e-08 -0)
(1.59121e-07 3.28472e-08 -0)
(1.61638e-07 4.89524e-08 -0)
(1.61153e-07 6.95658e-08 -0)
(1.56265e-07 9.46333e-08 -0)
(1.45016e-07 1.24419e-07 -0)
(1.23994e-07 1.58928e-07 -0)
(8.79667e-08 1.95899e-07 -0)
(3.27197e-08 2.25844e-07 -0)
(4.8929e-06 5.57231e-05 -0)
(6.05281e-07 1.13623e-05 -0)
(1.76568e-07 4.97469e-06 -0)
(4.78048e-08 7.1667e-09 -0)
(9.75885e-08 -5.93973e-10 -0)
(1.00163e-07 -5.87891e-09 -0)
(1.05321e-07 -1.09136e-08 -0)
(1.12322e-07 -1.50664e-08 -0)
(1.2006e-07 -1.62182e-08 -0)
(1.26495e-07 -1.4321e-08 -0)
(1.30817e-07 -1.17656e-08 -0)
(1.33628e-07 -9.47394e-09 -0)
(1.35604e-07 -7.57883e-09 -0)
(1.37194e-07 -5.97369e-09 -0)
(1.38663e-07 -4.52114e-09 -0)
(1.40189e-07 -3.11094e-09 -0)
(1.41937e-07 -1.65343e-09 -0)
(1.44125e-07 -6.23398e-11 -0)
(1.47065e-07 1.81615e-09 -0)
(1.51205e-07 4.29925e-09 -0)
(1.57045e-07 8.13176e-09 -0)
(1.64812e-07 1.47542e-08 -0)
(1.73702e-07 2.6478e-08 -0)
(1.81497e-07 4.501e-08 -0)
(1.86195e-07 6.92939e-08 -0)
(1.86873e-07 9.91153e-08 -0)
(1.82047e-07 1.36013e-07 -0)
(1.67238e-07 1.83162e-07 -0)
(1.31036e-07 2.43892e-07 -0)
(5.27863e-08 3.11349e-07 -0)
(6.39186e-06 7.58857e-05 -0)
(7.03124e-07 2.23565e-05 -0)
(1.21708e-07 3.83064e-06 -0)
(4.41971e-08 8.00868e-09 -0)
(9.0161e-08 -3.11788e-09 -0)
(9.39343e-08 -1.03082e-08 -0)
(9.98062e-08 -1.75146e-08 -0)
(1.093e-07 -2.49603e-08 -0)
(1.21084e-07 -2.58459e-08 -0)
(1.29778e-07 -1.98235e-08 -0)
(1.33997e-07 -1.48041e-08 -0)
(1.36138e-07 -1.13876e-08 -0)
(1.37548e-07 -9.05193e-09 -0)
(1.38784e-07 -7.32721e-09 -0)
(1.40066e-07 -5.91897e-09 -0)
(1.41511e-07 -4.68485e-09 -0)
(1.43243e-07 -3.56025e-09 -0)
(1.45483e-07 -2.58301e-09 -0)
(1.48646e-07 -1.76699e-09 -0)
(1.53513e-07 -1.12487e-09 -0)
(1.6131e-07 -8.30951e-11 -0)
(1.73423e-07 3.08854e-09 -0)
(1.89377e-07 1.3301e-08 -0)
(2.04454e-07 3.53148e-08 -0)
(2.15258e-07 6.34848e-08 -0)
(2.22984e-07 9.65229e-08 -0)
(2.29062e-07 1.37352e-07 -0)
(2.31872e-07 1.93821e-07 -0)
(2.16154e-07 2.85153e-07 -0)
(1.00177e-07 4.64313e-07 -0)
(2.03453e-06 6.88915e-05 -0)
(1.67977e-06 1.65637e-05 -0)
(1.45975e-06 5.80247e-06 -0)
(3.52565e-08 1.68009e-08 -0)
(7.92097e-08 -3.05532e-09 -0)
(8.57663e-08 -1.47964e-08 -0)
(9.06689e-08 -2.38762e-08 -0)
(1.0399e-07 -4.14146e-08 -0)
(1.25197e-07 -4.23815e-08 -0)
(1.37537e-07 -2.43227e-08 -0)
(1.39253e-07 -1.62395e-08 -0)
(1.3938e-07 -1.22206e-08 -0)
(1.39665e-07 -9.91387e-09 -0)
(1.40327e-07 -8.36448e-09 -0)
(1.41306e-07 -7.14268e-09 -0)
(1.42547e-07 -6.14897e-09 -0)
(1.44039e-07 -5.31949e-09 -0)
(1.45918e-07 -4.94264e-09 -0)
(1.48523e-07 -5.1767e-09 -0)
(1.52889e-07 -6.94888e-09 -0)
(1.61259e-07 -1.04274e-08 -0)
(1.78196e-07 -1.56176e-08 -0)
(2.05928e-07 -1.1678e-08 -0)
(2.31681e-07 1.94633e-08 -0)
(2.47403e-07 5.28081e-08 -0)
(2.6074e-07 8.61396e-08 -0)
(2.79345e-07 1.23052e-07 -0)
(3.15039e-07 1.69616e-07 -0)
(4.01528e-07 2.38589e-07 -0)
(6.66295e-07 3.62087e-07 -0)
(1.46151e-05 7.23032e-05 -0)
(1.49008e-05 2.1794e-05 -0)
(4.58157e-06 2.67544e-06 -0)
(2.6299e-06 1.31639e-06 -0)
(1.34394e-06 5.08356e-08 -0)
(7.18387e-08 -6.34051e-09 -0)
(7.31873e-08 -1.34101e-08 -0)
(9.07947e-08 -2.62674e-08 -0)
(1.38175e-07 -5.1847e-08 -0)
(1.5592e-07 -1.89283e-08 -0)
(1.46099e-07 -1.37637e-08 -0)
(1.42464e-07 -1.15373e-08 -0)
(1.41404e-07 -1.02078e-08 -0)
(1.41555e-07 -9.23013e-09 -0)
(1.42281e-07 -8.25671e-09 -0)
(1.43334e-07 -7.5316e-09 -0)
(1.44449e-07 -6.67441e-09 -0)
(1.45626e-07 -6.71832e-09 -0)
(1.4664e-07 -7.05368e-09 -0)
(1.48262e-07 -1.10663e-08 -0)
(1.52641e-07 -1.90595e-08 -0)
(1.72173e-07 -4.34538e-08 -0)
(2.24458e-07 -6.38593e-08 -0)
(2.6894e-07 1.4066e-09 -0)
(2.81935e-07 4.2147e-08 -0)
(2.93228e-07 7.21715e-08 -0)
(3.12539e-07 9.9104e-08 -0)
(3.47409e-07 1.23e-07 -0)
(4.08624e-07 1.375e-07 -0)
(4.98341e-07 1.08691e-07 -0)
(2.88939e-05 3.8494e-05 -0)
(4.82899e-05 2.69087e-05 -0)
(4.7357e-05 2.04845e-05 -0)
(3.4952e-05 8.75687e-06 -0)
(2.71317e-05 3.96875e-06 -0)
(2.57609e-05 2.24457e-06 -0)
(2.00413e-05 1.16458e-06 -0)
(2.04584e-05 3.30852e-06 -0)
(4.05906e-07 1.14092e-08 -0)
(1.70794e-07 -4.84008e-09 -0)
(1.38652e-07 -5.30618e-09 -0)
(1.32582e-07 -5.03997e-09 -0)
(1.31502e-07 -4.78982e-09 -0)
(1.33093e-07 -4.56561e-09 -0)
(1.35298e-07 -4.20947e-09 -0)
(1.38311e-07 -3.98864e-09 -0)
(1.40982e-07 -3.54734e-09 -0)
(1.43454e-07 -3.69338e-09 -0)
(1.43778e-07 -3.70394e-09 -0)
(1.40883e-07 -6.20713e-09 -0)
(1.28871e-07 -1.10796e-08 -0)
(1.33396e-07 -3.01944e-08 -0)
(2.50788e-07 -7.27706e-08 -0)
(3.37687e-07 1.01552e-08 -0)
(3.18168e-07 4.69925e-08 -0)
(3.17697e-07 6.53483e-08 -0)
(3.30174e-07 8.13194e-08 -0)
(3.53436e-07 9.17977e-08 -0)
(3.87219e-07 8.58773e-08 -0)
(4.20104e-07 4.50741e-08 -0)
(1.50658e-05 -5.46339e-06 -0)
(3.9549e-05 3.22344e-06 -0)
(4.8417e-05 1.11883e-05 -0)
(6.0544e-05 1.59094e-05 -0)
(5.35634e-05 1.06875e-05 -0)
(6.0397e-05 8.69421e-06 -0)
(4.94404e-05 7.70595e-06 -0)
(5.53416e-05 1.46864e-05 -0)
(3.96177e-05 1.49526e-05 -0)
(3.78253e-05 2.17032e-06 -0)
(3.65336e-05 5.41033e-07 -0)
(3.60038e-05 3.62296e-08 -0)
(3.62154e-05 -1.67771e-07 -0)
(3.67389e-05 -3.0704e-07 -0)
(3.75389e-05 -3.85626e-07 -0)
(3.87898e-05 -4.6262e-07 -0)
(3.94228e-05 -4.72989e-07 -0)
(4.16121e-05 -4.35706e-07 -0)
(4.04471e-05 -2.65222e-07 -0)
(4.40063e-05 2.97188e-07 -0)
(3.58813e-05 1.59095e-06 -0)
(3.99389e-05 8.93366e-06 -0)
(3.24488e-06 6.38956e-07 -0)
(2.59994e-07 1.93089e-08 -0)
(2.22138e-07 1.87186e-08 -0)
(2.46436e-07 2.47177e-08 -0)
(2.83102e-07 3.20103e-08 -0)
(2.50012e-07 2.98672e-08 -0)
(2.39795e-07 2.4281e-08 -0)
(3.12767e-07 1.37803e-08 -0)
(2.86747e-06 -1.14781e-05 -0)
(9.71162e-06 -7.04866e-06 -0)
(1.54563e-05 -1.51394e-06 -0)
(2.83364e-05 2.57181e-06 -0)
(3.48793e-05 4.88894e-06 -0)
(4.10972e-05 5.98453e-06 -0)
(4.35039e-05 7.65625e-06 -0)
(4.75284e-05 1.08157e-05 -0)
(5.52322e-05 1.28147e-05 -0)
(5.50074e-05 5.80797e-06 -0)
(5.48515e-05 1.82177e-06 -0)
(5.52911e-05 3.87638e-08 -0)
(5.552e-05 -8.28442e-07 -0)
(5.71058e-05 -1.36816e-06 -0)
(5.7247e-05 -1.72778e-06 -0)
(6.02406e-05 -1.99577e-06 -0)
(5.93327e-05 -2.04004e-06 -0)
(6.40777e-05 -1.78448e-06 -0)
(6.02685e-05 -9.51132e-07 -0)
(6.6987e-05 1.71568e-06 -0)
(5.64156e-05 6.00212e-06 -0)
(6.61185e-05 1.83283e-05 -0)
(5.21582e-05 2.21656e-05 -0)
(5.26743e-05 4.59233e-06 -0)
(5.39337e-05 -2.13455e-07 -0)
(5.61886e-05 -1.1893e-06 -0)
(5.99877e-05 -1.53142e-06 -0)
(6.42804e-05 -1.49331e-06 -0)
(6.85e-05 -1.16386e-06 -0)
(7.0611e-05 -4.67157e-07 -0)
(2.83935e-06 -1.72401e-05 -0)
(8.15428e-06 -1.24087e-05 -0)
(1.41508e-05 -7.61986e-06 -0)
(2.00399e-05 -3.66499e-06 -0)
(2.6313e-05 -6.32471e-07 -0)
(3.08968e-05 1.68886e-06 -0)
(3.60845e-05 3.71195e-06 -0)
(3.99367e-05 5.19524e-06 -0)
(4.73627e-05 5.80446e-06 -0)
(5.08568e-05 3.90937e-06 -0)
(5.24399e-05 1.36971e-06 -0)
(5.34101e-05 -4.27287e-07 -0)
(5.42212e-05 -1.58062e-06 -0)
(5.53327e-05 -2.31113e-06 -0)
(5.62949e-05 -2.87749e-06 -0)
(5.78566e-05 -3.14949e-06 -0)
(5.8674e-05 -3.22341e-06 -0)
(6.04427e-05 -2.6246e-06 -0)
(6.04594e-05 -1.32029e-06 -0)
(6.23123e-05 1.90104e-06 -0)
(6.22784e-05 6.43661e-06 -0)
(6.7551e-05 1.26066e-05 -0)
(7.80429e-05 1.47479e-05 -0)
(8.16465e-05 4.59397e-06 -0)
(8.57368e-05 -2.47739e-06 -0)
(9.10538e-05 -6.26592e-06 -0)
(9.87306e-05 -8.33343e-06 -0)
(0.000107281 -8.70376e-06 -0)
(0.000117001 -6.86084e-06 -0)
(0.000122009 -2.6779e-06 -0)
(3.45963e-06 -2.40823e-05 -0)
(9.44215e-06 -1.85004e-05 -0)
(1.55447e-05 -1.35633e-05 -0)
(2.13517e-05 -9.13866e-06 -0)
(2.67726e-05 -5.41049e-06 -0)
(3.13359e-05 -2.43299e-06 -0)
(3.57433e-05 -3.14129e-07 -0)
(3.96663e-05 9.00336e-07 -0)
(4.38565e-05 1.34821e-06 -0)
(4.72471e-05 9.79236e-07 -0)
(4.95038e-05 -1.77877e-07 -0)
(5.12474e-05 -1.48169e-06 -0)
(5.27622e-05 -2.6066e-06 -0)
(5.44241e-05 -3.47593e-06 -0)
(5.60559e-05 -4.12331e-06 -0)
(5.78157e-05 -4.45745e-06 -0)
(5.94485e-05 -4.42462e-06 -0)
(6.10581e-05 -3.73662e-06 -0)
(6.27527e-05 -2.27799e-06 -0)
(6.47055e-05 2.09793e-07 -0)
(6.86818e-05 3.02121e-06 -0)
(7.4132e-05 4.98731e-06 -0)
(8.47594e-05 4.05145e-06 -0)
(9.29675e-05 -1.33182e-06 -0)
(9.99744e-05 -7.89059e-06 -0)
(0.000108595 -1.37071e-05 -0)
(0.000118931 -1.81385e-05 -0)
(0.000131593 -2.03618e-05 -0)
(0.00014642 -1.75928e-05 -0)
(0.000157323 -7.61007e-06 -0)
(4.37049e-06 -3.12894e-05 -0)
(1.2042e-05 -2.51321e-05 -0)
(1.93269e-05 -1.9636e-05 -0)
(2.60377e-05 -1.47065e-05 -0)
(3.19944e-05 -1.04134e-05 -0)
(3.72304e-05 -6.94436e-06 -0)
(4.18806e-05 -4.42734e-06 -0)
(4.6014e-05 -2.85519e-06 -0)
(4.96773e-05 -2.03446e-06 -0)
(5.29664e-05 -1.87283e-06 -0)
(5.57457e-05 -2.40089e-06 -0)
(5.81223e-05 -3.35503e-06 -0)
(6.02458e-05 -4.40909e-06 -0)
(6.22703e-05 -5.33167e-06 -0)
(6.42003e-05 -6.01787e-06 -0)
(6.61105e-05 -6.36854e-06 -0)
(6.80109e-05 -6.31124e-06 -0)
(7.0132e-05 -5.743e-06 -0)
(7.2672e-05 -4.68161e-06 -0)
(7.63492e-05 -3.38053e-06 -0)
(8.15517e-05 -2.50776e-06 -0)
(8.9022e-05 -3.01691e-06 -0)
(9.78181e-05 -5.52189e-06 -0)
(0.000107951 -1.02603e-05 -0)
(0.000115937 -1.65755e-05 -0)
(0.000126774 -2.38837e-05 -0)
(0.000135092 -3.02432e-05 -0)
(0.000149432 -3.59119e-05 -0)
(0.000162243 -3.43928e-05 -0)
(0.000181307 -1.91817e-05 -0)
(6.50903e-06 -4.16936e-05 -0)
(1.78419e-05 -3.31003e-05 -0)
(2.78812e-05 -2.6768e-05 -0)
(3.61044e-05 -2.11879e-05 -0)
(4.27125e-05 -1.61909e-05 -0)
(4.81513e-05 -1.20419e-05 -0)
(5.27527e-05 -8.91094e-06 -0)
(5.66952e-05 -6.77595e-06 -0)
(6.01282e-05 -5.50099e-06 -0)
(6.31395e-05 -4.95838e-06 -0)
(6.57948e-05 -5.06866e-06 -0)
(6.79349e-05 -5.64667e-06 -0)
(6.97999e-05 -6.44812e-06 -0)
(7.12349e-05 -7.22043e-06 -0)
(7.27365e-05 -7.85821e-06 -0)
(7.39889e-05 -8.24105e-06 -0)
(7.5837e-05 -8.42094e-06 -0)
(7.77409e-05 -8.33213e-06 -0)
(8.10676e-05 -8.2615e-06 -0)
(8.49572e-05 -8.37122e-06 -0)
(9.10838e-05 -9.34063e-06 -0)
(9.77731e-05 -1.13491e-05 -0)
(0.00010607 -1.48688e-05 -0)
(0.000114109 -1.94636e-05 -0)
(0.00012151 -2.53861e-05 -0)
(0.000129511 -3.20462e-05 -0)
(0.000133316 -3.84391e-05 -0)
(0.000144446 -4.6635e-05 -0)
(0.00014854 -4.96293e-05 -0)
(0.000175498 -4.30435e-05 -0)
(1.25197e-05 -5.55956e-05 -0)
(3.43272e-05 -4.40289e-05 -0)
(4.68506e-05 -3.63075e-05 -0)
(5.39565e-05 -2.88534e-05 -0)
(5.83346e-05 -2.21766e-05 -0)
(6.15176e-05 -1.68435e-05 -0)
(6.40488e-05 -1.28751e-05 -0)
(6.62597e-05 -1.01298e-05 -0)
(6.81424e-05 -8.37088e-06 -0)
(6.97915e-05 -7.42038e-06 -0)
(7.11013e-05 -7.09203e-06 -0)
(7.20664e-05 -7.24034e-06 -0)
(7.2712e-05 -7.67126e-06 -0)
(7.31179e-05 -8.24885e-06 -0)
(7.36213e-05 -8.86152e-06 -0)
(7.41774e-05 -9.47416e-06 -0)
(7.55105e-05 -1.0113e-05 -0)
(7.7064e-05 -1.07965e-05 -0)
(8.0314e-05 -1.17866e-05 -0)
(8.34865e-05 -1.30872e-05 -0)
(8.93839e-05 -1.5295e-05 -0)
(9.37336e-05 -1.79067e-05 -0)
(0.000101719 -2.19225e-05 -0)
(0.000105398 -2.56524e-05 -0)
(0.0001139 -3.13773e-05 -0)
(0.000115294 -3.55621e-05 -0)
(0.000121543 -4.25631e-05 -0)
(0.000124933 -4.90863e-05 -0)
(0.0001258 -5.69941e-05 -0)
(0.000201115 -8.66098e-05 -0)
(8.90981e-05 -8.0297e-05 -0)
(8.09128e-05 -6.36352e-05 -0)
(7.44995e-05 -4.58032e-05 -0)
(6.97518e-05 -3.27754e-05 -0)
(6.66252e-05 -2.39274e-05 -0)
(6.49497e-05 -1.79217e-05 -0)
(6.4162e-05 -1.37732e-05 -0)
(6.40576e-05 -1.09629e-05 -0)
(6.41413e-05 -9.09832e-06 -0)
(6.44653e-05 -7.99122e-06 -0)
(6.46079e-05 -7.43086e-06 -0)
(6.48838e-05 -7.35394e-06 -0)
(6.48881e-05 -7.60553e-06 -0)
(6.52746e-05 -8.19621e-06 -0)
(6.55699e-05 -8.97245e-06 -0)
(6.6724e-05 -1.00467e-05 -0)
(6.80227e-05 -1.12489e-05 -0)
(7.06055e-05 -1.28444e-05 -0)
(7.35281e-05 -1.46509e-05 -0)
(7.77684e-05 -1.70642e-05 -0)
(8.25255e-05 -1.98685e-05 -0)
(8.76185e-05 -2.32413e-05 -0)
(9.38455e-05 -2.715e-05 -0)
(9.74741e-05 -3.08332e-05 -0)
(0.00010512 -3.59131e-05 -0)
(0.000102535 -3.84914e-05 -0)
(0.000114539 -4.75529e-05 -0)
(9.94713e-05 -5.03382e-05 -0)
(0.000125138 -9.82713e-05 -0)
(6.81688e-05 -0.000204844 -0)
(7.99988e-05 -5.04106e-05 -0)
(6.46005e-05 -3.83627e-05 -0)
(5.67107e-05 -2.93671e-05 -0)
(5.38384e-05 -2.29864e-05 -0)
(5.33996e-05 -1.83474e-05 -0)
(5.40715e-05 -1.48895e-05 -0)
(5.50936e-05 -1.22443e-05 -0)
(5.6303e-05 -1.02758e-05 -0)
(5.73857e-05 -8.85731e-06 -0)
(5.85114e-05 -7.96359e-06 -0)
(5.93969e-05 -7.51096e-06 -0)
(6.04498e-05 -7.51951e-06 -0)
(6.12764e-05 -7.91702e-06 -0)
(6.25809e-05 -8.76898e-06 -0)
(6.36869e-05 -9.9553e-06 -0)
(6.57149e-05 -1.16178e-05 -0)
(6.74571e-05 -1.35211e-05 -0)
(7.06317e-05 -1.59969e-05 -0)
(7.32275e-05 -1.85783e-05 -0)
(7.76611e-05 -2.19e-05 -0)
(8.09006e-05 -2.50558e-05 -0)
(8.61542e-05 -2.90175e-05 -0)
(8.88364e-05 -3.21386e-05 -0)
(9.40265e-05 -3.61366e-05 -0)
(9.31694e-05 -3.78543e-05 -0)
(9.56615e-05 -4.198e-05 -0)
(8.82208e-05 -4.40782e-05 -0)
(8.35362e-05 -5.33762e-05 -0)
(6.39465e-05 -5.60606e-05 -0)
(9.0961e-06 -2.13615e-05 -0)
(8.54231e-05 -4.00883e-05 -0)
(7.91303e-05 -3.75324e-05 -0)
(7.56399e-05 -3.31602e-05 -0)
(7.37619e-05 -2.79883e-05 -0)
(7.26312e-05 -2.30362e-05 -0)
(7.19508e-05 -1.88413e-05 -0)
(7.1376e-05 -1.54615e-05 -0)
(7.10242e-05 -1.28913e-05 -0)
(7.06104e-05 -1.10071e-05 -0)
(7.03985e-05 -9.77922e-06 -0)
(7.0008e-05 -9.1077e-06 -0)
(6.98661e-05 -9.00614e-06 -0)
(6.94276e-05 -9.39603e-06 -0)
(6.93768e-05 -1.03317e-05 -0)
(6.88994e-05 -1.16919e-05 -0)
(6.91518e-05 -1.36043e-05 -0)
(6.88702e-05 -1.58065e-05 -0)
(6.9983e-05 -1.86389e-05 -0)
(7.04695e-05 -2.14933e-05 -0)
(7.2952e-05 -2.50837e-05 -0)
(7.47963e-05 -2.8311e-05 -0)
(7.77165e-05 -3.18477e-05 -0)
(8.03604e-05 -3.48197e-05 -0)
(8.09298e-05 -3.6366e-05 -0)
(7.9804e-05 -3.69954e-05 -0)
(7.39676e-05 -3.60475e-05 -0)
(6.62157e-05 -3.56216e-05 -0)
(5.08323e-05 -3.34747e-05 -0)
(2.87792e-05 -3.10716e-05 -0)
(9.94813e-06 -3.54601e-05 -0)
(8.74139e-05 -3.16241e-05 -0)
(8.01303e-05 -2.95709e-05 -0)
(7.37591e-05 -2.60151e-05 -0)
(6.87844e-05 -2.1914e-05 -0)
(6.51378e-05 -1.80448e-05 -0)
(6.25957e-05 -1.47812e-05 -0)
(6.07764e-05 -1.21753e-05 -0)
(5.95305e-05 -1.0198e-05 -0)
(5.85721e-05 -8.76089e-06 -0)
(5.79218e-05 -7.82404e-06 -0)
(5.73307e-05 -7.33648e-06 -0)
(5.6952e-05 -7.29845e-06 -0)
(5.65064e-05 -7.70248e-06 -0)
(5.63342e-05 -8.59019e-06 -0)
(5.60569e-05 -9.98055e-06 -0)
(5.64576e-05 -1.19909e-05 -0)
(5.67142e-05 -1.45506e-05 -0)
(5.86666e-05 -1.80017e-05 -0)
(5.97481e-05 -2.16035e-05 -0)
(6.41164e-05 -2.64909e-05 -0)
(6.53521e-05 -2.98594e-05 -0)
(7.0439e-05 -3.45219e-05 -0)
(7.05836e-05 -3.5593e-05 -0)
(6.99924e-05 -3.54299e-05 -0)
(6.31169e-05 -3.17993e-05 -0)
(5.60397e-05 -2.89401e-05 -0)
(4.55152e-05 -2.37235e-05 -0)
(3.13885e-05 -1.74851e-05 -0)
(1.89876e-05 -1.57219e-05 -0)
(3.55506e-06 -7.32486e-06 -0)
(8.81131e-05 -2.4689e-05 -0)
(8.22028e-05 -2.35306e-05 -0)
(7.71858e-05 -2.16116e-05 -0)
(7.33765e-05 -1.9198e-05 -0)
(7.05852e-05 -1.66138e-05 -0)
(6.8669e-05 -1.41843e-05 -0)
(6.72644e-05 -1.20638e-05 -0)
(6.63025e-05 -1.03597e-05 -0)
(6.55233e-05 -9.07261e-06 -0)
(6.495e-05 -8.22442e-06 -0)
(6.44335e-05 -7.8085e-06 -0)
(6.39567e-05 -7.84092e-06 -0)
(6.35498e-05 -8.38023e-06 -0)
(6.30049e-05 -9.44502e-06 -0)
(6.27111e-05 -1.12284e-05 -0)
(6.21198e-05 -1.36583e-05 -0)
(6.20854e-05 -1.70801e-05 -0)
(6.18668e-05 -2.10418e-05 -0)
(6.19312e-05 -2.56876e-05 -0)
(6.33053e-05 -3.05464e-05 -0)
(6.19856e-05 -3.35508e-05 -0)
(6.55898e-05 -3.74741e-05 -0)
(6.0687e-05 -3.41598e-05 -0)
(5.52143e-05 -2.98626e-05 -0)
(4.41624e-05 -2.31627e-05 -0)
(3.75862e-05 -1.98559e-05 -0)
(2.53714e-05 -1.50018e-05 -0)
(1.83153e-05 -4.52111e-06 -0)
(9.03973e-06 -3.95781e-06 -0)
(4.37145e-08 -1.2282e-07 -0)
(8.86541e-05 -1.90289e-05 -0)
(8.36588e-05 -1.83496e-05 -0)
(7.90736e-05 -1.71568e-05 -0)
(7.51358e-05 -1.5543e-05 -0)
(7.18087e-05 -1.36836e-05 -0)
(6.91603e-05 -1.18323e-05 -0)
(6.69505e-05 -1.01407e-05 -0)
(6.52232e-05 -8.74602e-06 -0)
(6.36928e-05 -7.66428e-06 -0)
(6.24485e-05 -6.94677e-06 -0)
(6.12421e-05 -6.57215e-06 -0)
(6.01153e-05 -6.58608e-06 -0)
(5.89972e-05 -7.0099e-06 -0)
(5.76329e-05 -7.90364e-06 -0)
(5.65017e-05 -9.42387e-06 -0)
(5.45283e-05 -1.15222e-05 -0)
(5.36033e-05 -1.47001e-05 -0)
(5.09837e-05 -1.81696e-05 -0)
(5.1179e-05 -2.33471e-05 -0)
(4.95269e-05 -2.74709e-05 -0)
(4.9856e-05 -3.1953e-05 -0)
(5.2775e-05 -3.49666e-05 -0)
(4.26661e-05 -2.62076e-05 -0)
(3.66321e-05 -2.01399e-05 -0)
(2.37064e-05 -1.40474e-05 -0)
(1.9625e-05 -9.20687e-06 -0)
(2.80299e-07 -1.07041e-07 -0)
(2.59129e-07 -1.11305e-07 -0)
(5.71155e-08 -1.25657e-07 -0)
(-1.75873e-08 -1.56435e-07 -0)
(8.90007e-05 -1.41622e-05 -0)
(8.45691e-05 -1.37453e-05 -0)
(8.03586e-05 -1.29918e-05 -0)
(7.66081e-05 -1.19543e-05 -0)
(7.32857e-05 -1.07134e-05 -0)
(7.05644e-05 -9.43026e-06 -0)
(6.81942e-05 -8.20381e-06 -0)
(6.63456e-05 -7.16628e-06 -0)
(6.46225e-05 -6.33388e-06 -0)
(6.3298e-05 -5.78902e-06 -0)
(6.18833e-05 -5.49758e-06 -0)
(6.07399e-05 -5.55369e-06 -0)
(5.93667e-05 -5.92494e-06 -0)
(5.80313e-05 -6.77428e-06 -0)
(5.65211e-05 -8.13471e-06 -0)
(5.4467e-05 -1.02424e-05 -0)
(5.29469e-05 -1.34047e-05 -0)
(4.94998e-05 -1.73624e-05 -0)
(4.93082e-05 -2.35827e-05 -0)
(4.39285e-05 -2.75498e-05 -0)
(4.62628e-05 -3.48119e-05 -0)
(4.17509e-05 -3.19071e-05 -0)
(2.57957e-05 -1.8074e-05 -0)
(2.15821e-05 -9.68316e-06 -0)
(5.26965e-06 -1.62949e-06 -0)
(2.13632e-07 -6.5187e-08 -0)
(1.91723e-07 -6.51194e-08 -0)
(1.64443e-07 -1.72487e-07 -0)
(7.83791e-08 -1.95018e-07 -0)
(1.67631e-08 -1.54407e-07 -0)
(8.92191e-05 -9.80642e-06 -0)
(8.51503e-05 -9.55429e-06 -0)
(8.12242e-05 -9.09208e-06 -0)
(7.76309e-05 -8.44833e-06 -0)
(7.43336e-05 -7.66256e-06 -0)
(7.15243e-05 -6.82592e-06 -0)
(6.8978e-05 -6.00076e-06 -0)
(6.69342e-05 -5.28441e-06 -0)
(6.49503e-05 -4.69497e-06 -0)
(6.34417e-05 -4.30859e-06 -0)
(6.16993e-05 -4.09468e-06 -0)
(6.0438e-05 -4.15135e-06 -0)
(5.85723e-05 -4.41519e-06 -0)
(5.72143e-05 -5.08557e-06 -0)
(5.47862e-05 -6.05813e-06 -0)
(5.27871e-05 -7.78632e-06 -0)
(4.92877e-05 -1.00864e-05 -0)
(4.56255e-05 -1.37774e-05 -0)
(4.13619e-05 -1.84949e-05 -0)
(3.43197e-05 -2.27293e-05 -0)
(3.51879e-05 -3.04883e-05 -0)
(2.00923e-05 -1.90276e-05 -0)
(5.36607e-06 -3.63755e-06 -0)
(2.28e-07 -6.94198e-08 -0)
(1.98105e-07 -3.63474e-08 -0)
(1.78094e-07 -6.5314e-08 -0)
(1.62444e-07 -7.14217e-08 -0)
(1.29232e-07 -1.06386e-07 -0)
(7.51951e-08 -1.21017e-07 -0)
(2.30239e-08 -1.14619e-07 -0)
(8.93478e-05 -5.76835e-06 -0)
(8.54969e-05 -5.63224e-06 -0)
(8.17515e-05 -5.38122e-06 -0)
(7.82663e-05 -5.02844e-06 -0)
(7.50107e-05 -4.5954e-06 -0)
(7.21593e-05 -4.1246e-06 -0)
(6.9534e-05 -3.65419e-06 -0)
(6.73626e-05 -3.23477e-06 -0)
(6.52535e-05 -2.88882e-06 -0)
(6.36037e-05 -2.65573e-06 -0)
(6.17161e-05 -2.53217e-06 -0)
(6.03349e-05 -2.56728e-06 -0)
(5.82551e-05 -2.73613e-06 -0)
(5.68341e-05 -3.1532e-06 -0)
(5.39695e-05 -3.75256e-06 -0)
(5.20675e-05 -4.8632e-06 -0)
(4.74397e-05 -6.28088e-06 -0)
(4.42295e-05 -9.05858e-06 -0)
(3.639e-05 -1.22162e-05 -0)
(3.05227e-05 -1.82922e-05 -0)
(2.20284e-05 -2.18862e-05 -0)
(3.37902e-06 -3.9783e-06 -0)
(2.00519e-07 -5.11859e-08 -0)
(2.61526e-07 -5.32434e-08 -0)
(2.11558e-07 -4.76239e-08 -0)
(1.79462e-07 -4.40262e-08 -0)
(1.50651e-07 -4.81726e-08 -0)
(1.14847e-07 -6.06185e-08 -0)
(7.01459e-08 -6.80447e-08 -0)
(2.31612e-08 -6.8433e-08 -0)
(8.94116e-05 -1.9044e-06 -0)
(8.5654e-05 -1.86104e-06 -0)
(8.20079e-05 -1.78175e-06 -0)
(7.85617e-05 -1.6688e-06 -0)
(7.53539e-05 -1.53121e-06 -0)
(7.24584e-05 -1.37862e-06 -0)
(6.98373e-05 -1.22713e-06 -0)
(6.75531e-05 -1.08802e-06 -0)
(6.54485e-05 -9.75732e-07 -0)
(6.36393e-05 -8.96003e-07 -0)
(6.17877e-05 -8.58097e-07 -0)
(6.01975e-05 -8.66825e-07 -0)
(5.81886e-05 -9.29025e-07 -0)
(5.6493e-05 -1.06408e-06 -0)
(5.37061e-05 -1.27437e-06 -0)
(5.14608e-05 -1.639e-06 -0)
(4.67707e-05 -2.13412e-06 -0)
(4.31563e-05 -3.10802e-06 -0)
(3.39517e-05 -4.33263e-06 -0)
(2.71097e-05 -7.57406e-06 -0)
(7.25017e-06 -5.91516e-06 -0)
(1.0942e-07 -4.04845e-08 -0)
(2.35473e-07 1.3956e-08 -0)
(2.32864e-07 -1.08359e-08 -0)
(2.07322e-07 -1.47061e-08 -0)
(1.77545e-07 -1.5071e-08 -0)
(1.45852e-07 -1.66229e-08 -0)
(1.0936e-07 -1.98703e-08 -0)
(6.73806e-08 -2.211e-08 -0)
(2.26356e-08 -2.26356e-08 -0)
)
;

boundaryField
{
    inlet1
    {
        type            extrapolatedCalculated;
        value           nonuniform List<vector> 10((1e-05 8.18763e-06 -0) (1e-05 1.99321e-05 -0) (1e-05 3.74512e-05 -0) (1e-05 6.08919e-05 -0) (1e-05 8.2936e-05 -0) (1e-05 0.000102144 -0) (1e-05 0.000110861 -0) (1e-05 0.000109769 -0) (1e-05 9.80204e-05 -0) (1e-05 8.0819e-05 -0));
    }
    inlet2
    {
        type            extrapolatedCalculated;
        value           nonuniform List<vector> 10((-0 6.88915e-05 -0) (-0 7.23032e-05 -0) (-0 3.8494e-05 -0) (-0 -5.46339e-06 -0) (-0 -1.14781e-05 -0) (-0 -1.72401e-05 -0) (-0 -2.40823e-05 -0) (-0 -3.12894e-05 -0) (-0 -4.16936e-05 -0) (-0 -5.55956e-05 -0));
    }
    inlet3
    {
        type            extrapolatedCalculated;
        value           nonuniform List<vector> 10((9.13394e-05 -6.90517e-05 -0) (9.13394e-05 -5.32869e-05 -0) (9.13394e-05 -4.08734e-05 -0) (9.13394e-05 -3.19125e-05 -0) (9.13394e-05 -2.48822e-05 -0) (9.13394e-05 -1.91339e-05 -0) (9.13394e-05 -1.42184e-05 -0) (9.13394e-05 -9.83582e-06 -0) (9.13394e-05 -5.78241e-06 -0) (9.13394e-05 -1.90847e-06 -0));
    }
    output1
    {
        type            extrapolatedCalculated;
        value           nonuniform List<vector> 10((-0 9.59234e-09 -0) (-0 2.91355e-08 -0) (-0 4.98044e-08 -0) (-0 7.25373e-08 -0) (-0 9.86301e-08 -0) (-0 1.30076e-07 -0) (-0 1.70284e-07 -0) (-0 2.25844e-07 -0) (-0 3.11349e-07 -0) (-0 4.64313e-07 -0));
    }
    output2
    {
        type            extrapolatedCalculated;
        value           nonuniform List<vector> 10((8.68699e-07 3.62087e-07 -0) (5.49333e-07 1.08691e-07 -0) (4.33935e-07 4.50741e-08 -0) (3.14169e-07 1.37803e-08 -0) (7.09792e-05 -4.67157e-07 -0) (0.000122917 -2.6779e-06 -0) (0.000159348 -7.61007e-06 -0) (0.000187283 -1.91817e-05 -0) (0.000195213 -4.30435e-05 -0) (0.000275486 -8.66098e-05 -0));
    }
    output3
    {
        type            extrapolatedCalculated;
        value           nonuniform List<vector> 10((-0 -0.000204844 -0) (-0 -2.13615e-05 -0) (-0 -3.54601e-05 -0) (-0 -7.32486e-06 -0) (-0 -1.2282e-07 -0) (-0 -1.56435e-07 -0) (-0 -1.54407e-07 -0) (-0 -1.14619e-07 -0) (-0 -6.8433e-08 -0) (-0 -2.26356e-08 -0));
    }
    up
    {
        type            extrapolatedCalculated;
        value           nonuniform List<vector> 
30
(
(8.94116e-05 -0 -0)
(8.5654e-05 -0 -0)
(8.20079e-05 -0 -0)
(7.85617e-05 -0 -0)
(7.53539e-05 -0 -0)
(7.24584e-05 -0 -0)
(6.98373e-05 -0 -0)
(6.75531e-05 -0 -0)
(6.54485e-05 -0 -0)
(6.36393e-05 -0 -0)
(6.17877e-05 -0 -0)
(6.01975e-05 -0 -0)
(5.81886e-05 -0 -0)
(5.6493e-05 -0 -0)
(5.37061e-05 -0 -0)
(5.14608e-05 -0 -0)
(4.67707e-05 -0 -0)
(4.31563e-05 -0 -0)
(3.39517e-05 -0 -0)
(2.71097e-05 -0 -0)
(7.25017e-06 -0 -0)
(1.0942e-07 -0 -0)
(2.35473e-07 -0 -0)
(2.32864e-07 -0 -0)
(2.07322e-07 -0 -0)
(1.77545e-07 -0 -0)
(1.45852e-07 -0 -0)
(1.0936e-07 -0 -0)
(6.73806e-08 -0 -0)
(2.26356e-08 -0 -0)
)
;
    }
    down
    {
        type            extrapolatedCalculated;
        value           nonuniform List<vector> 
30
(
(9.13164e-07 -0 -0)
(1.63735e-06 -0 -0)
(7.27043e-07 -0 -0)
(1.54058e-07 -0 -0)
(7.79198e-08 -0 -0)
(1.49215e-07 -0 -0)
(1.41117e-07 -0 -0)
(1.36847e-07 -0 -0)
(1.34264e-07 -0 -0)
(1.32786e-07 -0 -0)
(1.32006e-07 -0 -0)
(1.31629e-07 -0 -0)
(1.31436e-07 -0 -0)
(1.31261e-07 -0 -0)
(1.3097e-07 -0 -0)
(1.30442e-07 -0 -0)
(1.29557e-07 -0 -0)
(1.28184e-07 -0 -0)
(1.2617e-07 -0 -0)
(1.2334e-07 -0 -0)
(1.19486e-07 -0 -0)
(1.14378e-07 -0 -0)
(1.07774e-07 -0 -0)
(9.94367e-08 -0 -0)
(8.91706e-08 -0 -0)
(7.68548e-08 -0 -0)
(6.24884e-08 -0 -0)
(4.62298e-08 -0 -0)
(2.84225e-08 -0 -0)
(9.59333e-09 -0 -0)
)
;
    }
    emptyWalls
    {
        type            empty;
    }
}


// ************************************************************************* //
