/*--------------------------------*- C++ -*----------------------------------*\
  =========                 |
  \\      /  F ield         | OpenFOAM: The Open Source CFD Toolbox
   \\    /   O peration     | Website:  https://openfoam.org
    \\  /    A nd           | Version:  9
     \\/     M anipulation  |
\*---------------------------------------------------------------------------*/
FoamFile
{
    format      ascii;
    class       volScalarField;
    location    "30000";
    object      fw;
}
// * * * * * * * * * * * * * * * * * * * * * * * * * * * * * * * * * * * * * //

dimensions      [0 0 0 0 0 0 0];

internalField   nonuniform List<scalar> 
900
(
0.999994
0.870039
0.797154
0.691927
7.03345e-08
4.7991e-09
4.7991e-09
4.7991e-09
4.7991e-09
4.7991e-09
4.7991e-09
4.7991e-09
4.7991e-09
4.7991e-09
4.7991e-09
4.7991e-09
4.7991e-09
4.7991e-09
4.7991e-09
4.7991e-09
4.7991e-09
4.7991e-09
4.7991e-09
4.7991e-09
4.7991e-09
4.7991e-09
4.7991e-09
4.7991e-09
4.7991e-09
4.7991e-09
0.998868
0.996742
0.999764
0.924301
3.92849e-05
4.79956e-09
4.7991e-09
4.7991e-09
4.7991e-09
4.7991e-09
4.7991e-09
4.7991e-09
4.7991e-09
4.7991e-09
4.7991e-09
4.7991e-09
4.7991e-09
4.7991e-09
4.7991e-09
4.7991e-09
4.7991e-09
4.7991e-09
4.7991e-09
4.7991e-09
4.7991e-09
4.7991e-09
4.7991e-09
4.7991e-09
4.7991e-09
4.7991e-09
0.999823
0.987882
0.873077
0.179494
9.54006e-09
4.7991e-09
4.7991e-09
4.7991e-09
4.7991e-09
4.7991e-09
4.7991e-09
4.7991e-09
4.7991e-09
4.7991e-09
4.7991e-09
4.7991e-09
4.7991e-09
4.7991e-09
4.7991e-09
4.7991e-09
4.7991e-09
4.7991e-09
4.7991e-09
4.7991e-09
4.7991e-09
4.7991e-09
4.7991e-09
4.7991e-09
4.7991e-09
4.7991e-09
0.99976
0.960899
0.831682
0.00347284
4.86545e-09
4.7991e-09
4.7991e-09
4.7991e-09
4.7991e-09
4.7991e-09
4.7991e-09
4.7991e-09
4.7991e-09
4.7991e-09
4.7991e-09
4.7991e-09
4.7991e-09
4.7991e-09
4.7991e-09
4.7991e-09
4.7991e-09
4.7991e-09
4.7991e-09
4.7991e-09
4.7991e-09
4.7991e-09
4.7991e-09
4.7991e-09
4.7991e-09
4.7991e-09
0.999906
0.991342
0.848738
0.000807584
4.8091e-09
4.7991e-09
4.7991e-09
4.7991e-09
4.7991e-09
4.7991e-09
4.7991e-09
4.7991e-09
4.7991e-09
4.7991e-09
4.7991e-09
4.7991e-09
4.7991e-09
4.7991e-09
4.7991e-09
4.7991e-09
4.7991e-09
4.7991e-09
4.7991e-09
4.7991e-09
4.7991e-09
4.7991e-09
4.7991e-09
4.7991e-09
4.7991e-09
4.7991e-09
0.999962
0.963705
0.909195
5.00152e-05
4.79956e-09
4.7991e-09
4.7991e-09
4.7991e-09
4.7991e-09
4.7991e-09
4.7991e-09
4.7991e-09
4.7991e-09
4.7991e-09
4.7991e-09
4.7991e-09
4.7991e-09
4.7991e-09
4.7991e-09
4.7991e-09
4.7991e-09
4.7991e-09
4.7991e-09
4.7991e-09
4.7991e-09
4.7991e-09
4.7991e-09
4.7991e-09
4.7991e-09
4.7991e-09
0.999987
0.999695
0.881286
6.8577e-06
4.79914e-09
4.7991e-09
4.7991e-09
4.7991e-09
4.7991e-09
4.7991e-09
4.7991e-09
4.7991e-09
4.7991e-09
4.7991e-09
4.7991e-09
4.7991e-09
4.7991e-09
4.7991e-09
4.7991e-09
4.7991e-09
4.7991e-09
4.7991e-09
4.7991e-09
4.7991e-09
4.7991e-09
4.7991e-09
4.7991e-09
4.7991e-09
4.7991e-09
4.7991e-09
0.999997
0.996013
0.964964
6.65028e-07
4.7991e-09
4.7991e-09
4.7991e-09
4.7991e-09
4.7991e-09
4.7991e-09
4.7991e-09
4.7991e-09
4.7991e-09
4.7991e-09
4.7991e-09
4.7991e-09
4.7991e-09
4.7991e-09
4.7991e-09
4.7991e-09
4.7991e-09
4.7991e-09
4.7991e-09
4.7991e-09
4.7991e-09
4.7991e-09
4.7991e-09
4.7991e-09
4.7991e-09
4.7991e-09
1
0.999632
0.823797
1.37581e-07
4.7991e-09
4.7991e-09
4.7991e-09
4.7991e-09
4.7991e-09
4.7991e-09
4.7991e-09
4.7991e-09
4.7991e-09
4.7991e-09
4.7991e-09
4.7991e-09
4.7991e-09
4.7991e-09
4.7991e-09
4.7991e-09
4.7991e-09
4.7991e-09
4.7991e-09
4.7991e-09
4.7991e-09
4.7991e-09
4.7991e-09
4.7991e-09
4.7991e-09
4.7991e-09
1
0.999305
0.991936
9.42571e-06
4.7991e-09
4.7991e-09
4.7991e-09
4.7991e-09
4.7991e-09
4.7991e-09
4.7991e-09
4.7991e-09
4.7991e-09
4.7991e-09
4.7991e-09
4.7991e-09
4.7991e-09
4.7991e-09
4.7991e-09
4.7991e-09
4.7991e-09
4.7991e-09
4.7991e-09
4.7991e-09
4.7991e-09
4.7991e-09
4.7991e-09
4.7991e-09
4.7991e-09
4.79911e-09
1.00002
1
0.956353
0.378143
5.35274e-08
4.80062e-09
4.79913e-09
4.7991e-09
4.7991e-09
4.7991e-09
4.7991e-09
4.7991e-09
4.7991e-09
4.7991e-09
4.7991e-09
4.7991e-09
4.7991e-09
4.7991e-09
4.7991e-09
4.7991e-09
4.7991e-09
4.7991e-09
4.7991e-09
4.7991e-09
4.7991e-09
4.7991e-09
4.7991e-09
4.7991e-09
4.79909e-09
4.79909e-09
1
1
0.999852
0.993479
0.917666
0.84485
0.000495872
4.80021e-09
4.79984e-09
4.80156e-09
4.79974e-09
4.79975e-09
4.79964e-09
4.79967e-09
4.7991e-09
4.7991e-09
4.7991e-09
4.7991e-09
4.7991e-09
4.7991e-09
4.7991e-09
4.7991e-09
4.7991e-09
4.7991e-09
4.7991e-09
4.7991e-09
4.7991e-09
4.7991e-09
4.7991e-09
4.7991e-09
0.999935
0.999666
0.998496
0.9971
0.983042
0.963696
0.858495
0.795777
0.797488
0.809196
0.82995
0.843165
0.833123
0.836931
8.98907e-05
1.98373e-07
3.2672e-07
5.7291e-07
8.76439e-07
1.21492e-06
1.72204e-06
2.48246e-06
3.72781e-06
5.31145e-06
7.10477e-06
6.57018e-06
4.2962e-06
1.44964e-06
2.58077e-07
2.1356e-08
0.99212
0.975386
0.957143
0.973499
0.965754
0.948019
0.933117
0.912696
0.905648
0.914811
0.91619
0.928791
0.906883
0.897108
0.749145
0.686023
0.674702
0.676429
0.684487
0.693763
0.701201
0.706677
0.711539
0.716733
0.723617
0.731348
0.740931
0.748865
0.75632
0.757477
0.941223
0.933155
0.919636
0.900177
0.914024
0.906686
0.914495
0.911401
0.908614
0.911893
0.911982
0.914072
0.903043
0.894051
0.882343
0.855023
0.842644
0.841149
0.84348
0.846475
0.848638
0.849927
0.850931
0.85181
0.853957
0.856171
0.861171
0.865187
0.87136
0.871673
0.931277
0.90835
0.895493
0.886157
0.886999
0.889563
0.89542
0.898485
0.897598
0.896135
0.892597
0.887638
0.883541
0.879564
0.885455
0.87861
0.871556
0.868698
0.867691
0.867922
0.867568
0.868173
0.868182
0.869541
0.870832
0.872909
0.876945
0.881005
0.88902
0.891059
0.900915
0.886049
0.879535
0.879902
0.883618
0.889032
0.892833
0.894549
0.892807
0.888665
0.882796
0.876724
0.873478
0.872444
0.875269
0.875337
0.872478
0.870686
0.869349
0.870933
0.872019
0.876979
0.879314
0.885895
0.887523
0.892542
0.892793
0.895695
0.90053
0.904876
0.894026
0.877645
0.878893
0.886207
0.894041
0.90016
0.903897
0.905145
0.904199
0.90147
0.898261
0.895196
0.89349
0.893007
0.893405
0.893895
0.893633
0.893684
0.894316
0.897267
0.899915
0.905395
0.907182
0.91318
0.911151
0.915636
0.906821
0.905899
0.895154
0.898163
0.877051
0.87852
0.893572
0.906913
0.915698
0.920709
0.9233
0.923965
0.923606
0.922332
0.921252
0.920185
0.920083
0.919828
0.920462
0.920315
0.920905
0.920266
0.921359
0.921212
0.923018
0.922723
0.923279
0.922407
0.919177
0.919673
0.906931
0.906381
0.865502
0.85598
0.880615
0.90757
0.926092
0.934062
0.936676
0.936914
0.936149
0.934883
0.933579
0.932252
0.931391
0.930682
0.930578
0.930247
0.930337
0.929656
0.929467
0.927937
0.927514
0.924797
0.924529
0.919723
0.920462
0.912776
0.915832
0.907487
0.909992
0.912425
0.863926
0.856291
0.932162
0.950077
0.949613
0.944075
0.938016
0.932887
0.928906
0.92598
0.923868
0.922477
0.921583
0.92117
0.920909
0.920862
0.920543
0.920332
0.919466
0.918812
0.917048
0.915989
0.913803
0.912738
0.912027
0.909219
0.914132
0.901692
0.921409
0.89588
0.958639
0.981027
0.905426
0.897007
0.896155
0.897752
0.900137
0.902749
0.905256
0.907371
0.909229
0.910694
0.912125
0.913223
0.914496
0.915367
0.916552
0.917155
0.918067
0.918232
0.918421
0.918374
0.917241
0.91807
0.913967
0.917513
0.907932
0.916319
0.903973
0.914918
0.89864
0.477026
0.91062
0.914543
0.921943
0.927775
0.931075
0.932605
0.933122
0.933137
0.932972
0.932664
0.932468
0.932078
0.931959
0.93136
0.931205
0.929982
0.929512
0.926963
0.926004
0.921415
0.920419
0.913686
0.913802
0.906394
0.907189
0.900252
0.895342
0.872343
0.793302
0.807548
0.912057
0.910302
0.90936
0.908876
0.908301
0.90764
0.906863
0.906353
0.905869
0.905798
0.905601
0.905841
0.905711
0.906064
0.905757
0.905998
0.905346
0.905382
0.904701
0.904765
0.905087
0.905172
0.906382
0.904833
0.90077
0.894065
0.863152
0.796024
0.696064
0.409264
0.912216
0.91077
0.910655
0.911828
0.913583
0.915394
0.916901
0.918206
0.919174
0.920114
0.920767
0.921559
0.922042
0.922802
0.923173
0.923928
0.924183
0.924791
0.924817
0.924509
0.923916
0.92011
0.918297
0.905335
0.898905
0.867712
0.795167
0.68991
0.498182
0.430944
0.912528
0.911477
0.910989
0.911068
0.911478
0.912038
0.912482
0.912926
0.913132
0.913502
0.913533
0.91398
0.91382
0.914452
0.913951
0.914874
0.913668
0.914881
0.912067
0.913096
0.907122
0.906583
0.898327
0.888944
0.880208
0.813336
0.693791
0.489613
0.1621
7.09962e-09
0.912746
0.911913
0.911388
0.911203
0.911373
0.911777
0.912313
0.91288
0.913425
0.913982
0.914454
0.91505
0.915458
0.916229
0.91656
0.91773
0.917838
0.919697
0.918948
0.92169
0.918065
0.921199
0.909602
0.903766
0.87202
0.738992
0.525979
0.0158181
4.82886e-09
4.7991e-09
0.912878
0.91221
0.911732
0.911456
0.911437
0.911606
0.911956
0.912357
0.912838
0.913289
0.913796
0.914279
0.914814
0.915416
0.916003
0.91689
0.917462
0.918859
0.918897
0.920862
0.917543
0.918454
0.897327
0.891031
0.799555
0.521687
1.48093e-07
4.7991e-09
4.7991e-09
4.7991e-09
0.912956
0.912389
0.911962
0.911657
0.911556
0.91159
0.911842
0.912132
0.912607
0.912995
0.913594
0.914009
0.914741
0.91521
0.916162
0.916791
0.918077
0.919052
0.920645
0.922109
0.922652
0.923289
0.910016
0.90191
0.687817
1.11068e-06
4.7991e-09
4.7991e-09
4.7991e-09
4.7991e-09
0.912991
0.912474
0.912073
0.911766
0.911632
0.911613
0.911808
0.912049
0.912501
0.912865
0.913489
0.913877
0.914694
0.915082
0.916234
0.916645
0.918414
0.918873
0.921687
0.92197
0.926069
0.924214
0.925941
0.892333
0.000387333
4.79919e-09
4.7991e-09
4.7991e-09
4.7991e-09
4.7991e-09
)
;

boundaryField
{
    inlet1
    {
        type            calculated;
        value           uniform 1;
    }
    inlet2
    {
        type            calculated;
        value           nonuniform List<scalar> 10(1.00002 1 0.999935 0.99212 0.941223 0.931277 0.900915 0.894026 0.877051 0.880615);
    }
    inlet3
    {
        type            calculated;
        value           uniform 0.913307;
    }
    output1
    {
        type            calculated;
        value           nonuniform List<scalar> 10(4.7991e-09 4.7991e-09 4.7991e-09 4.7991e-09 4.7991e-09 4.7991e-09 4.7991e-09 4.7991e-09 4.7991e-09 4.79911e-09);
    }
    output2
    {
        type            calculated;
        value           nonuniform List<scalar> 10(4.79909e-09 4.7991e-09 2.1356e-08 0.757477 0.871673 0.891059 0.904876 0.898163 0.85598 0.856291);
    }
    output3
    {
        type            calculated;
        value           nonuniform List<scalar> 10(0.981027 0.477026 0.807548 0.409264 0.430944 7.09962e-09 4.7991e-09 4.7991e-09 4.7991e-09 4.7991e-09);
    }
    up
    {
        type            calculated;
        value           nonuniform List<scalar> 
30
(
0.912991
0.912474
0.912073
0.911766
0.911632
0.911613
0.911808
0.912049
0.912501
0.912865
0.913489
0.913877
0.914694
0.915082
0.916234
0.916645
0.918414
0.918873
0.921687
0.92197
0.926069
0.924214
0.925941
0.892333
0.000387333
4.79919e-09
4.7991e-09
4.7991e-09
4.7991e-09
4.7991e-09
)
;
    }
    down
    {
        type            calculated;
        value           nonuniform List<scalar> 
30
(
0.999994
0.870039
0.797154
0.691927
7.03345e-08
4.7991e-09
4.7991e-09
4.7991e-09
4.7991e-09
4.7991e-09
4.7991e-09
4.7991e-09
4.7991e-09
4.7991e-09
4.7991e-09
4.7991e-09
4.7991e-09
4.7991e-09
4.7991e-09
4.7991e-09
4.7991e-09
4.7991e-09
4.7991e-09
4.7991e-09
4.7991e-09
4.7991e-09
4.7991e-09
4.7991e-09
4.7991e-09
4.7991e-09
)
;
    }
    emptyWalls
    {
        type            empty;
    }
}


// ************************************************************************* //
