/*--------------------------------*- C++ -*----------------------------------*\
  =========                 |
  \\      /  F ield         | OpenFOAM: The Open Source CFD Toolbox
   \\    /   O peration     | Website:  https://openfoam.org
    \\  /    A nd           | Version:  9
     \\/     M anipulation  |
\*---------------------------------------------------------------------------*/
FoamFile
{
    format      ascii;
    class       volScalarField;
    location    "30000";
    object      p;
}
// * * * * * * * * * * * * * * * * * * * * * * * * * * * * * * * * * * * * * //

dimensions      [0 0 0 0 0 0 0];

internalField   nonuniform List<scalar> 
900
(
1.05485e+07
1.0547e+07
1.05419e+07
1.05409e+07
1.05374e+07
1.01971e+07
9.88712e+06
9.58653e+06
9.29145e+06
8.99927e+06
8.70816e+06
8.41698e+06
8.12509e+06
7.83236e+06
7.53904e+06
7.24581e+06
6.95373e+06
6.66421e+06
6.37904e+06
6.10033e+06
5.83051e+06
5.57237e+06
5.32901e+06
5.10383e+06
4.90049e+06
4.72284e+06
4.57471e+06
4.45976e+06
4.38114e+06
4.3412e+06
1.05458e+07
1.05428e+07
1.05415e+07
1.05411e+07
1.05399e+07
1.01803e+07
9.87776e+06
9.58101e+06
9.28856e+06
8.99819e+06
8.70824e+06
8.41768e+06
8.12595e+06
7.83294e+06
7.53895e+06
7.24466e+06
6.95116e+06
6.65987e+06
6.37259e+06
6.09143e+06
5.81884e+06
5.5576e+06
5.31083e+06
5.08198e+06
4.87481e+06
4.69331e+06
4.54154e+06
4.42344e+06
4.34247e+06
4.30126e+06
1.05385e+07
1.0538e+07
1.05394e+07
1.05389e+07
1.05147e+07
1.01662e+07
9.86259e+06
9.57119e+06
9.2836e+06
8.99669e+06
8.70895e+06
8.41954e+06
8.12808e+06
7.8345e+06
7.53915e+06
7.24274e+06
6.94637e+06
6.65153e+06
6.36001e+06
6.07396e+06
5.79581e+06
5.52835e+06
5.27473e+06
5.03846e+06
4.82347e+06
4.63405e+06
4.47471e+06
4.34997e+06
4.26402e+06
4.22012e+06
1.05282e+07
1.05269e+07
1.05266e+07
1.05267e+07
1.03762e+07
1.01105e+07
9.83522e+06
9.55755e+06
9.27795e+06
8.99602e+06
8.71131e+06
8.42348e+06
8.13232e+06
7.83785e+06
7.54042e+06
7.24077e+06
6.94007e+06
6.63985e+06
6.34198e+06
6.04859e+06
5.7621e+06
5.48528e+06
5.22126e+06
4.97365e+06
4.74657e+06
4.54471e+06
4.37326e+06
4.23774e+06
4.14351e+06
4.09509e+06
1.0515e+07
1.05137e+07
1.05123e+07
1.05111e+07
1.02991e+07
1.00643e+07
9.81024e+06
9.54584e+06
9.27465e+06
8.99812e+06
8.71678e+06
8.43074e+06
8.13987e+06
7.84416e+06
7.5439e+06
7.23984e+06
6.93327e+06
6.62584e+06
6.31947e+06
6.01631e+06
5.71873e+06
5.42941e+06
5.1514e+06
4.88831e+06
4.64446e+06
4.42496e+06
4.23589e+06
4.08419e+06
3.97722e+06
3.92163e+06
1.0501e+07
1.04976e+07
1.04978e+07
1.0497e+07
1.02603e+07
1.00373e+07
9.79564e+06
9.54093e+06
9.27668e+06
9.00502e+06
8.72698e+06
8.44281e+06
8.15227e+06
7.85504e+06
7.55116e+06
7.24144e+06
6.92734e+06
6.61076e+06
6.29375e+06
5.97845e+06
5.66711e+06
5.36221e+06
5.06661e+06
4.78376e+06
4.51798e+06
4.27477e+06
4.06115e+06
3.88594e+06
3.75953e+06
3.69257e+06
1.04876e+07
1.04859e+07
1.04851e+07
1.04841e+07
1.02479e+07
1.00289e+07
9.79413e+06
9.54556e+06
9.28614e+06
9.0183e+06
8.7433e+06
8.46125e+06
8.17136e+06
7.87255e+06
7.56428e+06
7.24741e+06
6.9239e+06
6.59611e+06
6.26631e+06
5.93662e+06
5.60905e+06
5.28572e+06
4.96906e+06
4.66213e+06
4.36894e+06
4.09499e+06
3.84801e+06
3.63887e+06
3.48241e+06
3.39656e+06
1.04746e+07
1.04738e+07
1.04731e+07
1.04725e+07
1.02494e+07
1.00361e+07
9.80645e+06
9.56103e+06
9.30401e+06
9.03873e+06
8.76669e+06
8.48754e+06
8.19938e+06
7.89951e+06
7.58601e+06
7.26002e+06
6.92475e+06
6.58346e+06
6.23878e+06
5.89268e+06
5.54676e+06
5.20256e+06
4.86179e+06
4.52675e+06
4.20065e+06
3.88826e+06
3.59703e+06
3.33913e+06
3.13467e+06
3.01471e+06
1.04616e+07
1.04602e+07
1.04584e+07
1.04571e+07
1.02592e+07
1.00599e+07
9.8345e+06
9.58812e+06
9.33015e+06
9.06591e+06
8.79718e+06
8.52284e+06
8.2391e+06
7.94011e+06
7.62021e+06
7.28192e+06
6.93161e+06
6.5742e+06
6.21266e+06
5.84855e+06
5.48277e+06
5.11594e+06
4.7488e+06
4.38244e+06
4.01865e+06
3.66036e+06
3.31273e+06
2.98594e+06
2.70242e+06
2.5129e+06
1.04501e+07
1.04477e+07
1.04455e+07
1.04433e+07
1.02807e+07
1.01097e+07
9.88355e+06
9.62678e+06
9.36255e+06
9.0976e+06
8.83328e+06
8.56753e+06
8.29409e+06
8.0016e+06
7.67282e+06
7.31585e+06
6.94555e+06
6.5691e+06
6.18909e+06
5.80611e+06
5.41983e+06
5.02965e+06
4.63502e+06
4.23556e+06
3.83116e+06
3.4218e+06
3.00758e+06
2.5895e+06
2.17618e+06
1.82156e+06
1.04416e+07
1.04382e+07
1.0431e+07
1.03998e+07
1.03352e+07
1.02146e+07
9.96323e+06
9.6729e+06
9.39567e+06
9.12865e+06
8.87083e+06
8.61989e+06
8.36814e+06
8.09937e+06
7.75362e+06
7.36311e+06
6.96566e+06
6.56753e+06
6.16851e+06
5.76695e+06
5.36078e+06
4.94782e+06
4.52606e+06
4.09364e+06
3.64861e+06
3.1881e+06
2.7063e+06
2.18829e+06
1.59123e+06
775610
1.04361e+07
1.04307e+07
1.0417e+07
1.03876e+07
1.03256e+07
1.02161e+07
1.00988e+07
9.70592e+06
9.41858e+06
9.1505e+06
8.90148e+06
8.67308e+06
8.45921e+06
8.27413e+06
7.87918e+06
7.41729e+06
6.98645e+06
6.56687e+06
6.15047e+06
5.73242e+06
5.30851e+06
4.87479e+06
4.42776e+06
3.96431e+06
3.48154e+06
2.97571e+06
2.44123e+06
1.86613e+06
1.22484e+06
465258
1.04336e+07
1.04262e+07
1.04053e+07
1.03631e+07
1.02911e+07
1.01704e+07
9.99162e+06
9.70575e+06
9.41861e+06
9.15052e+06
8.90155e+06
8.67332e+06
8.45962e+06
8.27657e+06
8.11233e+06
7.44187e+06
6.99668e+06
6.56269e+06
6.1325e+06
5.70075e+06
5.26125e+06
4.80774e+06
4.33489e+06
3.83846e+06
3.31555e+06
2.76433e+06
2.18576e+06
1.5824e+06
960009
322849
1.04374e+07
1.04272e+07
1.03967e+07
1.03398e+07
1.02491e+07
1.01119e+07
9.91848e+06
9.6756e+06
9.40988e+06
9.14915e+06
8.89885e+06
8.6639e+06
8.43241e+06
8.19388e+06
7.88893e+06
7.44076e+06
6.99658e+06
6.56252e+06
6.13227e+06
5.70045e+06
5.26086e+06
4.8072e+06
4.33417e+06
3.8375e+06
3.31434e+06
2.76285e+06
2.18406e+06
1.58058e+06
958391
321949
1.04633e+07
1.04472e+07
1.04047e+07
1.03288e+07
1.02173e+07
1.00652e+07
9.87192e+06
9.64705e+06
9.40005e+06
9.147e+06
8.89485e+06
8.64539e+06
8.38785e+06
8.10711e+06
7.78048e+06
7.39767e+06
6.98473e+06
6.56427e+06
6.14143e+06
5.71404e+06
5.27752e+06
4.82683e+06
4.35719e+06
3.86436e+06
3.34482e+06
2.7953e+06
2.21538e+06
1.60644e+06
975603
328283
1.05303e+07
1.05031e+07
1.04434e+07
1.03478e+07
1.02161e+07
1.00506e+07
9.85483e+06
9.6351e+06
9.39677e+06
9.1469e+06
8.88974e+06
8.62458e+06
8.34548e+06
8.04364e+06
7.71495e+06
7.35628e+06
6.97033e+06
6.56854e+06
6.15738e+06
5.73771e+06
5.30699e+06
4.86215e+06
4.399e+06
3.914e+06
3.40234e+06
2.85928e+06
2.28028e+06
1.66327e+06
1.01451e+06
342384
1.06365e+07
1.05985e+07
1.05197e+07
1.04023e+07
1.02506e+07
1.00702e+07
9.86616e+06
9.64272e+06
9.40317e+06
9.15024e+06
8.88546e+06
8.60799e+06
8.31567e+06
8.00567e+06
7.67753e+06
7.32999e+06
6.96223e+06
6.57776e+06
6.18e+06
5.77083e+06
5.34908e+06
4.91372e+06
4.46077e+06
3.98816e+06
3.48944e+06
2.95998e+06
2.38873e+06
1.76705e+06
1.09093e+06
371146
1.07958e+07
1.07421e+07
1.06373e+07
1.04921e+07
1.03163e+07
1.01171e+07
9.89925e+06
9.66563e+06
9.41809e+06
9.15757e+06
8.88457e+06
8.59891e+06
8.30016e+06
7.98785e+06
7.6618e+06
7.32143e+06
6.96595e+06
6.59572e+06
6.21185e+06
5.81552e+06
5.40636e+06
4.9838e+06
4.54449e+06
4.08682e+06
3.6044e+06
3.09421e+06
2.54167e+06
1.93138e+06
1.2314e+06
432668
1.10205e+07
1.09373e+07
1.07921e+07
1.06099e+07
1.04045e+07
1.01825e+07
9.94695e+06
9.69942e+06
9.44065e+06
9.17088e+06
8.89031e+06
8.59903e+06
8.29729e+06
7.98498e+06
7.66207e+06
7.32799e+06
6.98228e+06
6.6242e+06
6.25413e+06
5.87185e+06
5.47756e+06
5.06949e+06
4.64607e+06
4.20401e+06
3.73979e+06
3.25021e+06
2.72598e+06
2.15435e+06
1.47411e+06
585531
1.13371e+07
1.11778e+07
1.09689e+07
1.07421e+07
1.05045e+07
1.0258e+07
1.00033e+07
9.74052e+06
9.46972e+06
9.19067e+06
8.90337e+06
8.60789e+06
8.30447e+06
7.99307e+06
7.6736e+06
7.34555e+06
7.00855e+06
6.66177e+06
6.30507e+06
5.93751e+06
5.55894e+06
5.16702e+06
4.76126e+06
4.33681e+06
3.89358e+06
3.42374e+06
2.92911e+06
2.40665e+06
1.83593e+06
1.01897e+06
1.17383e+07
1.14218e+07
1.11448e+07
1.08762e+07
1.06079e+07
1.03376e+07
1.00641e+07
9.78644e+06
9.50396e+06
9.21618e+06
8.92284e+06
8.62388e+06
8.31933e+06
8.00916e+06
7.69319e+06
7.37113e+06
7.04251e+06
6.70684e+06
6.36326e+06
6.01112e+06
5.64904e+06
5.27591e+06
4.88968e+06
4.48772e+06
4.06838e+06
3.62383e+06
3.15671e+06
2.6473e+06
2.16014e+06
1.79272e+06
1.20528e+07
1.16551e+07
1.13166e+07
1.1008e+07
1.07113e+07
1.04192e+07
1.01281e+07
9.83643e+06
9.54298e+06
9.247e+06
8.94809e+06
8.64596e+06
8.34056e+06
8.03172e+06
7.71941e+06
7.40331e+06
7.08323e+06
6.75851e+06
6.42851e+06
6.09225e+06
5.74843e+06
5.39596e+06
5.03207e+06
4.65618e+06
4.2626e+06
3.8535e+06
3.42222e+06
2.98592e+06
2.558e+06
2.15962e+06
1.22915e+07
1.18677e+07
1.14895e+07
1.11443e+07
1.08188e+07
1.05041e+07
1.01955e+07
9.88994e+06
9.58579e+06
9.2819e+06
8.97762e+06
8.67245e+06
8.36623e+06
8.05872e+06
7.74999e+06
7.43972e+06
7.12796e+06
6.81401e+06
6.49773e+06
6.1777e+06
5.85356e+06
5.52281e+06
5.18493e+06
4.83605e+06
4.47583e+06
4.10126e+06
3.71618e+06
3.3291e+06
2.9708e+06
2.7686e+06
1.24776e+07
1.20422e+07
1.16406e+07
1.12686e+07
1.09189e+07
1.05844e+07
1.02599e+07
9.94186e+06
9.62804e+06
9.31704e+06
9.00786e+06
8.69997e+06
8.39298e+06
8.0868e+06
7.78131e+06
7.47664e+06
7.17268e+06
6.86947e+06
6.56668e+06
6.2639e+06
5.96025e+06
5.65425e+06
5.34424e+06
5.02735e+06
4.70123e+06
4.36439e+06
4.0151e+06
3.66318e+06
3.34537e+06
3.10597e+06
1.2623e+07
1.21813e+07
1.17668e+07
1.13777e+07
1.10103e+07
1.06596e+07
1.03214e+07
9.99224e+06
9.66971e+06
9.35219e+06
9.03853e+06
8.72809e+06
8.42039e+06
8.11537e+06
7.81297e+06
7.51352e+06
7.21718e+06
6.92447e+06
6.63541e+06
6.35014e+06
6.06797e+06
5.78751e+06
5.50706e+06
5.22259e+06
4.93223e+06
4.62856e+06
4.30594e+06
3.97178e+06
3.64878e+06
3.42945e+06
1.27358e+07
1.22905e+07
1.18683e+07
1.14683e+07
1.10884e+07
1.07254e+07
1.03761e+07
1.00376e+07
9.70762e+06
9.38447e+06
9.0669e+06
8.75422e+06
8.44585e+06
8.14185e+06
7.84211e+06
7.54736e+06
7.25778e+06
6.97473e+06
6.69821e+06
6.42977e+06
6.16808e+06
5.91367e+06
5.66278e+06
5.41299e+06
5.15877e+06
4.88743e+06
4.58895e+06
4.25903e+06
3.92173e+06
3.57198e+06
1.28213e+07
1.23736e+07
1.19467e+07
1.15398e+07
1.11514e+07
1.07796e+07
1.0422e+07
1.00762e+07
9.7402e+06
9.41242e+06
9.09162e+06
8.77704e+06
8.46814e+06
8.16494e+06
7.86751e+06
7.57666e+06
7.29297e+06
7.01812e+06
6.75286e+06
6.49955e+06
6.2578e+06
6.02923e+06
5.80926e+06
5.59565e+06
5.37736e+06
5.13883e+06
4.86484e+06
4.56518e+06
4.03287e+06
3.96847e+06
1.28829e+07
1.24338e+07
1.20039e+07
1.15925e+07
1.11987e+07
1.0821e+07
1.04575e+07
1.01064e+07
9.7659e+06
9.43461e+06
9.11134e+06
8.79527e+06
8.48597e+06
8.18339e+06
7.88778e+06
7.59995e+06
7.32089e+06
7.05242e+06
6.79617e+06
6.55509e+06
6.33046e+06
6.12507e+06
5.93502e+06
5.75814e+06
5.57644e+06
5.3701e+06
5.11314e+06
4.67473e+06
4.40905e+06
4.29849e+06
1.29229e+07
1.24729e+07
1.20412e+07
1.16273e+07
1.12302e+07
1.08488e+07
1.04816e+07
1.0127e+07
9.78363e+06
9.44999e+06
9.12504e+06
8.80797e+06
8.4984e+06
8.19624e+06
7.90189e+06
7.61611e+06
7.34023e+06
7.07605e+06
6.82598e+06
6.59316e+06
6.38086e+06
6.1931e+06
6.03049e+06
5.89214e+06
5.75916e+06
5.60621e+06
5.19521e+06
4.86065e+06
4.63007e+06
4.51795e+06
1.29426e+07
1.24922e+07
1.20597e+07
1.16445e+07
1.12459e+07
1.08627e+07
1.04938e+07
1.01375e+07
9.79267e+06
9.45785e+06
9.13207e+06
8.81448e+06
8.50479e+06
8.20283e+06
7.90914e+06
7.62437e+06
7.35013e+06
7.08806e+06
6.84117e+06
6.61231e+06
6.40631e+06
6.22741e+06
6.08235e+06
5.97608e+06
5.90853e+06
5.56547e+06
5.23441e+06
4.94257e+06
4.73265e+06
4.6253e+06
)
;

boundaryField
{
    inlet1
    {
        type            fixedGradient;
        gradient        uniform 20000;
    }
    inlet2
    {
        type            zeroGradient;
    }
    inlet3
    {
        type            fixedGradient;
        gradient        uniform 4.68141e+06;
    }
    output1
    {
        type            zeroGradient;
    }
    output2
    {
        type            fixedValue;
        value           uniform 0;
    }
    output3
    {
        type            zeroGradient;
    }
    up
    {
        type            zeroGradient;
    }
    down
    {
        type            zeroGradient;
    }
    emptyWalls
    {
        type            empty;
    }
}


// ************************************************************************* //
