/*--------------------------------*- C++ -*----------------------------------*\
  =========                 |
  \\      /  F ield         | OpenFOAM: The Open Source CFD Toolbox
   \\    /   O peration     | Website:  https://openfoam.org
    \\  /    A nd           | Version:  9
     \\/     M anipulation  |
\*---------------------------------------------------------------------------*/
FoamFile
{
    format      ascii;
    class       volScalarField;
    location    "30000";
    object      Sw;
}
// * * * * * * * * * * * * * * * * * * * * * * * * * * * * * * * * * * * * * //

dimensions      [0 0 0 0 0 0 0];

internalField   nonuniform List<scalar> 
900
(
0.823717
0.583768
0.564532
0.544399
0.169215
0.15
0.15
0.15
0.15
0.15
0.15
0.15
0.15
0.15
0.15
0.15
0.15
0.15
0.15
0.15
0.15
0.15
0.15
0.15
0.15
0.15
0.15
0.15
0.15
0.15
0.739742
0.711081
0.774661
0.605279
0.245919
0.150001
0.15
0.15
0.15
0.15
0.15
0.15
0.15
0.15
0.15
0.15
0.15
0.15
0.15
0.15
0.15
0.15
0.15
0.15
0.15
0.15
0.15
0.15
0.15
0.15
0.780101
0.670439
0.58473
0.462938
0.154357
0.15
0.15
0.15
0.15
0.15
0.15
0.15
0.15
0.15
0.15
0.15
0.15
0.15
0.15
0.15
0.15
0.15
0.15
0.15
0.15
0.15
0.15
0.15
0.15
0.15
0.774347
0.629896
0.572804
0.339914
0.150084
0.15
0.15
0.15
0.15
0.15
0.15
0.15
0.15
0.15
0.15
0.15
0.15
0.15
0.15
0.15
0.15
0.15
0.15
0.15
0.15
0.15
0.15
0.15
0.15
0.15
0.790977
0.681349
0.57739
0.304899
0.150013
0.15
0.15
0.15
0.15
0.15
0.15
0.15
0.15
0.15
0.15
0.15
0.15
0.15
0.15
0.15
0.15
0.15
0.15
0.15
0.15
0.15
0.15
0.15
0.15
0.15
0.804205
0.632545
0.598185
0.250007
0.150001
0.15
0.15
0.15
0.15
0.15
0.15
0.15
0.15
0.15
0.15
0.15
0.15
0.15
0.15
0.15
0.15
0.15
0.15
0.15
0.15
0.15
0.15
0.15
0.15
0.15
0.816649
0.7696
0.58747
0.219232
0.15
0.15
0.15
0.15
0.15
0.15
0.15
0.15
0.15
0.15
0.15
0.15
0.15
0.15
0.15
0.15
0.15
0.15
0.15
0.15
0.15
0.15
0.15
0.15
0.15
0.15
0.829208
0.705247
0.633872
0.190567
0.15
0.15
0.15
0.15
0.15
0.15
0.15
0.15
0.15
0.15
0.15
0.15
0.15
0.15
0.15
0.15
0.15
0.15
0.15
0.15
0.15
0.15
0.15
0.15
0.15
0.15
0.84444
0.765715
0.570815
0.175028
0.15
0.15
0.15
0.15
0.15
0.15
0.15
0.15
0.15
0.15
0.15
0.15
0.15
0.15
0.15
0.15
0.15
0.15
0.15
0.15
0.15
0.15
0.15
0.15
0.15
0.15
0.868125
0.751599
0.683579
0.223749
0.15
0.15
0.15
0.15
0.15
0.15
0.15
0.15
0.15
0.15
0.15
0.15
0.15
0.15
0.15
0.15
0.15
0.15
0.15
0.15
0.15
0.15
0.15
0.15
0.15
0.15
0.902981
0.838071
0.625927
0.497994
0.166979
0.150002
0.15
0.15
0.15
0.15
0.15
0.15
0.15
0.15
0.15
0.15
0.15
0.15
0.15
0.15
0.15
0.15
0.15
0.15
0.15
0.15
0.15
0.15
0.15
0.15
0.870464
0.843885
0.78329
0.690286
0.602013
0.576311
0.29431
0.150001
0.150001
0.150003
0.150001
0.150001
0.150001
0.150001
0.15
0.15
0.15
0.15
0.15
0.15
0.15
0.15
0.15
0.15
0.15
0.15
0.15
0.15
0.15
0.15
0.796529
0.767762
0.732439
0.714464
0.659193
0.632605
0.580211
0.564248
0.564619
0.567293
0.572347
0.575849
0.573173
0.574215
0.260549
0.178391
0.183211
0.188973
0.193585
0.197279
0.201376
0.205844
0.211027
0.215731
0.219733
0.218645
0.212893
0.199338
0.180904
0.159938
0.684289
0.646387
0.626558
0.643778
0.63469
0.619481
0.610002
0.599727
0.596661
0.600676
0.601303
0.607606
0.597186
0.593243
0.554664
0.543417
0.541544
0.541821
0.543148
0.544704
0.545974
0.54692
0.547769
0.548684
0.549913
0.551317
0.553093
0.554597
0.55604
0.556267
0.614885
0.610016
0.602951
0.594436
0.600323
0.597113
0.600536
0.599145
0.597922
0.599357
0.599396
0.600341
0.595593
0.592059
0.58783
0.579189
0.575709
0.575301
0.575931
0.576755
0.577359
0.577723
0.578008
0.578258
0.578874
0.579517
0.581
0.582224
0.584165
0.584266
0.608963
0.597818
0.592607
0.589161
0.58946
0.590387
0.592575
0.593763
0.593417
0.592851
0.591511
0.589693
0.588244
0.586874
0.588916
0.586553
0.584231
0.58332
0.583003
0.583077
0.582966
0.583156
0.583159
0.583587
0.583997
0.584665
0.585991
0.587363
0.590191
0.590939
0.594734
0.589123
0.586861
0.586985
0.588265
0.590195
0.591599
0.592248
0.591592
0.590067
0.587986
0.585923
0.584855
0.584518
0.585439
0.58546
0.584528
0.583953
0.583528
0.584031
0.584379
0.586002
0.586786
0.589067
0.589648
0.591489
0.591583
0.592684
0.594578
0.59635
0.592048
0.586225
0.586645
0.58918
0.592054
0.594431
0.595946
0.596464
0.596072
0.594959
0.593682
0.592496
0.591847
0.591665
0.591814
0.591999
0.591901
0.591921
0.592159
0.593291
0.594331
0.596564
0.597317
0.599941
0.599037
0.601063
0.597167
0.596779
0.592479
0.593643
0.586027
0.586519
0.591877
0.597205
0.601092
0.603472
0.604757
0.605093
0.604911
0.604273
0.603738
0.603216
0.603167
0.603043
0.603351
0.60328
0.603568
0.603256
0.60379
0.603717
0.604613
0.604465
0.604744
0.604309
0.602731
0.60297
0.597214
0.596982
0.582323
0.579462
0.58723
0.597484
0.606183
0.610541
0.612074
0.612216
0.61176
0.611017
0.610264
0.609511
0.609029
0.608637
0.60858
0.608398
0.608448
0.608077
0.607974
0.607152
0.606928
0.605514
0.605378
0.602993
0.603352
0.599762
0.601154
0.597449
0.598529
0.599604
0.581837
0.579553
0.609461
0.620965
0.620623
0.616744
0.612881
0.60987
0.607671
0.606125
0.605042
0.604343
0.6039
0.603697
0.603569
0.603546
0.603391
0.603288
0.602869
0.602555
0.60172
0.601227
0.600225
0.599744
0.599427
0.598193
0.600373
0.595045
0.603814
0.592756
0.627868
0.655357
0.59658
0.593191
0.592862
0.593481
0.594422
0.595475
0.596509
0.5974
0.598197
0.598836
0.59947
0.599961
0.600539
0.600938
0.601488
0.60177
0.602201
0.60228
0.602369
0.602348
0.601812
0.602203
0.600299
0.601939
0.597638
0.601378
0.595976
0.600732
0.593828
0.512239
0.598804
0.600561
0.604079
0.607067
0.608855
0.60971
0.610003
0.610011
0.609918
0.609743
0.609633
0.609413
0.609347
0.609012
0.608927
0.608254
0.607999
0.606639
0.606138
0.603819
0.603331
0.600172
0.600224
0.596986
0.597323
0.594467
0.592551
0.584483
0.563697
0.566913
0.599439
0.598665
0.598254
0.598045
0.597797
0.597514
0.597184
0.596969
0.596765
0.596736
0.596653
0.596753
0.596699
0.596847
0.596718
0.59682
0.596546
0.596562
0.596278
0.596305
0.596438
0.596474
0.596981
0.596335
0.594676
0.592066
0.581605
0.5643
0.545098
0.502552
0.599511
0.59887
0.598819
0.599338
0.600124
0.600951
0.601652
0.602267
0.602729
0.603182
0.603501
0.603889
0.604128
0.604506
0.604692
0.605073
0.605202
0.605512
0.605526
0.605368
0.605067
0.603182
0.602312
0.596546
0.593936
0.583016
0.564118
0.544062
0.515242
0.505673
0.59965
0.599182
0.598966
0.599001
0.599183
0.599431
0.599629
0.599828
0.599921
0.600088
0.600102
0.600305
0.600232
0.60052
0.600291
0.600712
0.600163
0.600716
0.599444
0.599905
0.597295
0.597067
0.593708
0.590168
0.587094
0.568287
0.544726
0.514024
0.458882
0.152448
0.599748
0.599376
0.599143
0.599061
0.599136
0.599315
0.599554
0.599808
0.600053
0.600305
0.60052
0.600793
0.600981
0.601338
0.601492
0.602042
0.602092
0.602981
0.602621
0.603954
0.6022
0.603712
0.598362
0.595894
0.584386
0.552756
0.519197
0.381421
0.150038
0.15
0.599807
0.599508
0.599295
0.599173
0.599164
0.599239
0.599395
0.599573
0.599789
0.599992
0.600221
0.600441
0.600685
0.600962
0.601233
0.601647
0.601915
0.602578
0.602596
0.603547
0.601953
0.602386
0.593317
0.59093
0.5651
0.518604
0.17575
0.15
0.15
0.15
0.599842
0.599588
0.599397
0.599262
0.599217
0.599232
0.599344
0.599473
0.599685
0.59986
0.60013
0.600318
0.600651
0.600867
0.601306
0.6016
0.602205
0.602671
0.60344
0.604162
0.60443
0.604752
0.598539
0.595136
0.543722
0.196322
0.15
0.15
0.15
0.15
0.599858
0.599626
0.599447
0.59931
0.599251
0.599242
0.599329
0.599436
0.599638
0.599801
0.600082
0.600258
0.60063
0.600808
0.60134
0.601532
0.602366
0.602585
0.603952
0.604092
0.60617
0.605219
0.606103
0.591428
0.289072
0.15
0.15
0.15
0.15
0.15
)
;

boundaryField
{
    inlet1
    {
        type            fixedValue;
        value           uniform 0.85;
    }
    inlet2
    {
        type            zeroGradient;
    }
    inlet3
    {
        type            fixedValue;
        value           uniform 0.6;
    }
    output1
    {
        type            zeroGradient;
    }
    output2
    {
        type            zeroGradient;
    }
    output3
    {
        type            zeroGradient;
    }
    up
    {
        type            zeroGradient;
    }
    down
    {
        type            zeroGradient;
    }
    emptyWalls
    {
        type            empty;
    }
}


// ************************************************************************* //
