/*--------------------------------*- C++ -*----------------------------------*\
  =========                 |
  \\      /  F ield         | OpenFOAM: The Open Source CFD Toolbox
   \\    /   O peration     | Website:  https://openfoam.org
    \\  /    A nd           | Version:  9
     \\/     M anipulation  |
\*---------------------------------------------------------------------------*/
FoamFile
{
    format      ascii;
    class       volScalarField;
    location    "20500";
    object      p;
}
// * * * * * * * * * * * * * * * * * * * * * * * * * * * * * * * * * * * * * //

dimensions      [0 0 0 0 0 0 0];

internalField   nonuniform List<scalar> 
900
(
1.39789e+07
1.39774e+07
1.39766e+07
1.39713e+07
1.39322e+07
1.35169e+07
1.31242e+07
1.27462e+07
1.23772e+07
1.20129e+07
1.16504e+07
1.12877e+07
1.09236e+07
1.05577e+07
1.019e+07
9.82105e+06
9.45202e+06
9.08452e+06
8.72073e+06
8.36332e+06
8.0155e+06
7.68101e+06
7.36407e+06
7.06942e+06
6.80217e+06
6.56775e+06
6.37162e+06
6.21897e+06
6.11435e+06
6.06114e+06
1.39764e+07
1.3975e+07
1.39704e+07
1.3967e+07
1.3963e+07
1.34971e+07
1.31096e+07
1.27372e+07
1.23725e+07
1.20112e+07
1.16506e+07
1.1289e+07
1.09255e+07
1.05595e+07
1.01912e+07
9.82116e+06
9.45049e+06
9.08083e+06
8.71434e+06
8.35373e+06
8.00218e+06
7.66345e+06
7.3418e+06
7.04201e+06
6.76936e+06
6.52946e+06
6.32812e+06
6.17096e+06
6.06296e+06
6.00792e+06
1.39639e+07
1.39615e+07
1.39574e+07
1.3961e+07
1.38332e+07
1.34465e+07
1.30797e+07
1.27206e+07
1.23645e+07
1.20087e+07
1.16517e+07
1.12923e+07
1.09297e+07
1.05636e+07
1.01942e+07
9.82189e+06
9.44794e+06
9.07395e+06
8.7021e+06
8.33506e+06
7.97606e+06
7.62882e+06
7.29766e+06
6.98748e+06
6.70379e+06
6.45263e+06
6.24046e+06
6.07378e+06
5.9586e+06
5.89968e+06
1.3947e+07
1.39435e+07
1.39385e+07
1.39373e+07
1.36897e+07
1.33761e+07
1.30422e+07
1.27011e+07
1.2356e+07
1.20075e+07
1.16553e+07
1.12988e+07
1.09375e+07
1.05712e+07
1.01999e+07
9.82431e+06
9.44543e+06
9.06495e+06
8.68503e+06
8.30838e+06
7.93816e+06
7.57811e+06
7.23255e+06
6.90647e+06
6.60568e+06
6.33682e+06
6.10732e+06
5.92511e+06
5.79799e+06
5.73251e+06
1.39258e+07
1.39232e+07
1.39193e+07
1.39181e+07
1.36176e+07
1.33261e+07
1.30119e+07
1.26854e+07
1.23509e+07
1.201e+07
1.16632e+07
1.131e+07
1.09503e+07
1.05837e+07
1.02101e+07
9.82999e+06
9.44454e+06
9.05537e+06
8.66471e+06
8.27525e+06
7.89011e+06
7.51293e+06
7.14794e+06
6.80017e+06
6.47565e+06
6.18166e+06
5.92688e+06
5.72134e+06
5.57575e+06
5.49986e+06
1.39026e+07
1.39001e+07
1.38992e+07
1.38982e+07
1.35891e+07
1.32988e+07
1.2994e+07
1.26777e+07
1.23522e+07
1.20186e+07
1.16773e+07
1.13279e+07
1.09701e+07
1.06031e+07
1.02266e+07
9.84107e+06
9.44736e+06
9.0473e+06
8.6432e+06
8.23779e+06
7.8341e+06
7.43555e+06
7.04613e+06
6.67063e+06
6.3151e+06
5.98728e+06
5.69721e+06
5.45764e+06
5.2838e+06
5.19133e+06
1.38783e+07
1.38775e+07
1.38776e+07
1.3876e+07
1.35757e+07
1.32861e+07
1.29876e+07
1.26792e+07
1.23615e+07
1.20349e+07
1.16994e+07
1.13544e+07
1.09989e+07
1.06319e+07
1.02524e+07
9.86027e+06
9.45654e+06
9.04325e+06
8.623e+06
8.19861e+06
7.77294e+06
7.34905e+06
6.93038e+06
6.52113e+06
6.12684e+06
5.75515e+06
5.41703e+06
5.12821e+06
4.91047e+06
4.79033e+06
1.3854e+07
1.38537e+07
1.38558e+07
1.38546e+07
1.35669e+07
1.32825e+07
1.29909e+07
1.269e+07
1.23797e+07
1.20601e+07
1.17309e+07
1.13912e+07
1.10394e+07
1.06732e+07
1.02908e+07
9.89108e+06
9.47528e+06
9.04616e+06
8.60696e+06
8.16069e+06
7.71001e+06
7.25734e+06
6.80521e+06
6.35668e+06
5.91597e+06
5.48947e+06
5.08755e+06
4.7277e+06
4.43955e+06
4.26919e+06
1.38301e+07
1.38306e+07
1.38346e+07
1.38317e+07
1.35578e+07
1.32859e+07
1.30036e+07
1.27103e+07
1.24072e+07
1.20949e+07
1.1773e+07
1.14403e+07
1.10941e+07
1.07309e+07
1.03464e+07
9.93799e+06
9.50734e+06
9.05915e+06
8.59798e+06
8.1272e+06
7.64907e+06
7.16508e+06
6.67643e+06
6.1844e+06
5.69088e+06
5.19921e+06
4.71599e+06
4.25551e+06
3.85085e+06
3.57769e+06
1.38083e+07
1.38073e+07
1.38083e+07
1.37513e+07
1.35475e+07
1.32996e+07
1.30274e+07
1.27404e+07
1.24439e+07
1.21392e+07
1.1826e+07
1.15028e+07
1.11659e+07
1.08097e+07
1.04261e+07
1.00071e+07
9.55695e+06
9.08513e+06
8.59861e+06
8.10107e+06
7.59398e+06
7.0775e+06
6.55104e+06
6.01362e+06
5.46395e+06
4.90052e+06
4.32168e+06
3.72749e+06
3.13063e+06
2.61304e+06
1.37903e+07
1.379e+07
1.3787e+07
1.37627e+07
1.35812e+07
1.33377e+07
1.30658e+07
1.27803e+07
1.24886e+07
1.21919e+07
1.18892e+07
1.15788e+07
1.1257e+07
1.09161e+07
1.0541e+07
1.01074e+07
9.62822e+06
9.12582e+06
8.61026e+06
8.08449e+06
7.54828e+06
6.99988e+06
6.43662e+06
5.85507e+06
5.25079e+06
4.61723e+06
3.94271e+06
3.20217e+06
2.33115e+06
1.13079e+06
1.37775e+07
1.37752e+07
1.37579e+07
1.37114e+07
1.3628e+07
1.34041e+07
1.31178e+07
1.28262e+07
1.25386e+07
1.22504e+07
1.19602e+07
1.16661e+07
1.13673e+07
1.10566e+07
1.07143e+07
1.02533e+07
9.72271e+06
9.17965e+06
8.63212e+06
8.07836e+06
7.51479e+06
6.93713e+06
6.34048e+06
5.71925e+06
5.06693e+06
4.37489e+06
3.62978e+06
2.80731e+06
1.86101e+06
709778
1.37703e+07
1.37653e+07
1.3747e+07
1.36959e+07
1.35759e+07
1.33992e+07
1.31868e+07
1.2868e+07
1.25893e+07
1.23111e+07
1.2035e+07
1.17582e+07
1.14895e+07
1.12287e+07
1.10064e+07
1.04689e+07
9.82963e+06
9.23796e+06
8.66021e+06
8.08204e+06
7.49537e+06
6.89337e+06
6.26891e+06
5.61454e+06
4.92278e+06
4.18562e+06
3.3942e+06
2.53629e+06
1.59579e+06
557090
1.3767e+07
1.37581e+07
1.37307e+07
1.36659e+07
1.3548e+07
1.33709e+07
1.31434e+07
1.28683e+07
1.25895e+07
1.23114e+07
1.20353e+07
1.17587e+07
1.149e+07
1.12295e+07
1.10093e+07
1.08318e+07
9.8904e+06
9.28397e+06
8.69015e+06
8.09491e+06
7.49103e+06
6.87063e+06
6.22426e+06
5.54201e+06
4.81571e+06
4.03915e+06
3.21132e+06
2.33509e+06
1.42121e+06
478664
1.37692e+07
1.37569e+07
1.37187e+07
1.36386e+07
1.35126e+07
1.33347e+07
1.31127e+07
1.28589e+07
1.25893e+07
1.23117e+07
1.20336e+07
1.17519e+07
1.14746e+07
1.11917e+07
1.08941e+07
1.04987e+07
9.8885e+06
9.28418e+06
8.69036e+06
8.09505e+06
7.49109e+06
6.8706e+06
6.2241e+06
5.54164e+06
4.81512e+06
4.03829e+06
3.21024e+06
2.33394e+06
1.42035e+06
478340
1.38017e+07
1.37796e+07
1.37267e+07
1.36313e+07
1.34936e+07
1.33132e+07
1.3097e+07
1.2853e+07
1.25897e+07
1.23132e+07
1.20304e+07
1.174e+07
1.14425e+07
1.11239e+07
1.07666e+07
1.03388e+07
9.82768e+06
9.27057e+06
8.69786e+06
8.11524e+06
7.51968e+06
6.90482e+06
6.26286e+06
5.58509e+06
4.8638e+06
4.09134e+06
3.26397e+06
2.3809e+06
1.45262e+06
490295
1.38908e+07
1.38562e+07
1.37819e+07
1.36654e+07
1.35102e+07
1.33205e+07
1.31012e+07
1.28576e+07
1.25946e+07
1.23168e+07
1.20273e+07
1.17254e+07
1.14068e+07
1.10619e+07
1.0679e+07
1.02525e+07
9.7787e+06
9.26205e+06
8.71819e+06
8.15514e+06
7.57303e+06
6.96795e+06
6.3343e+06
5.66573e+06
4.95511e+06
4.19408e+06
3.37325e+06
2.48384e+06
1.52758e+06
518483
1.40375e+07
1.39865e+07
1.38847e+07
1.37405e+07
1.35621e+07
1.33558e+07
1.31259e+07
1.28758e+07
1.26083e+07
1.23259e+07
1.20292e+07
1.1717e+07
1.13851e+07
1.10279e+07
1.06399e+07
1.02194e+07
9.76503e+06
9.27697e+06
8.75997e+06
8.21779e+06
7.65115e+06
7.05823e+06
6.43587e+06
5.78009e+06
5.08512e+06
4.34359e+06
3.5417e+06
2.66007e+06
1.67372e+06
580721
1.42588e+07
1.41764e+07
1.4032e+07
1.38496e+07
1.36415e+07
1.34134e+07
1.31681e+07
1.29073e+07
1.26322e+07
1.23432e+07
1.20399e+07
1.17207e+07
1.13826e+07
1.10224e+07
1.06374e+07
1.0226e+07
9.78733e+06
9.32012e+06
8.82465e+06
8.30113e+06
7.75013e+06
7.17067e+06
6.56189e+06
5.92088e+06
5.24446e+06
4.52683e+06
3.75736e+06
2.91309e+06
1.93491e+06
733166
1.45724e+07
1.44135e+07
1.42046e+07
1.39768e+07
1.37364e+07
1.34847e+07
1.32221e+07
1.29488e+07
1.26646e+07
1.23688e+07
1.20603e+07
1.17375e+07
1.13983e+07
1.10405e+07
1.06623e+07
1.02617e+07
9.83728e+06
9.38699e+06
8.90936e+06
8.40297e+06
7.86788e+06
7.30315e+06
6.70927e+06
6.08379e+06
5.42671e+06
4.73264e+06
4.0005e+06
3.21876e+06
2.35054e+06
1.17644e+06
1.49727e+07
1.4656e+07
1.43785e+07
1.41084e+07
1.38375e+07
1.35629e+07
1.32833e+07
1.29973e+07
1.2704e+07
1.24021e+07
1.20901e+07
1.17666e+07
1.14297e+07
1.10777e+07
1.07085e+07
1.03201e+07
9.91013e+06
9.47619e+06
9.01595e+06
8.52732e+06
8.00898e+06
7.45966e+06
6.87964e+06
6.26861e+06
5.62928e+06
4.95845e+06
4.26091e+06
3.52581e+06
2.81559e+06
2.25509e+06
1.52869e+07
1.48887e+07
1.45494e+07
1.42393e+07
1.39404e+07
1.3645e+07
1.33494e+07
1.30516e+07
1.275e+07
1.2443e+07
1.21293e+07
1.18073e+07
1.14755e+07
1.11317e+07
1.07741e+07
1.03998e+07
1.00063e+07
9.59043e+06
9.14925e+06
8.67951e+06
8.1782e+06
7.64271e+06
7.07256e+06
6.4713e+06
5.84415e+06
5.19838e+06
4.54157e+06
3.89445e+06
3.28681e+06
2.76232e+06
1.55255e+07
1.51014e+07
1.47225e+07
1.43762e+07
1.4049e+07
1.37322e+07
1.34206e+07
1.31111e+07
1.28016e+07
1.24904e+07
1.21761e+07
1.18572e+07
1.15322e+07
1.11988e+07
1.0855e+07
1.04974e+07
1.01229e+07
9.72769e+06
9.30767e+06
8.85827e+06
8.37457e+06
7.85083e+06
7.28656e+06
6.686e+06
6.06376e+06
5.43547e+06
4.82247e+06
4.22989e+06
3.70567e+06
3.37129e+06
1.57119e+07
1.52763e+07
1.48743e+07
1.45017e+07
1.41511e+07
1.38155e+07
1.34895e+07
1.31696e+07
1.28532e+07
1.25389e+07
1.22249e+07
1.19103e+07
1.15933e+07
1.12723e+07
1.09447e+07
1.06071e+07
1.02557e+07
9.88515e+06
9.48995e+06
9.06396e+06
8.59878e+06
8.08643e+06
7.52501e+06
6.91586e+06
6.27724e+06
5.65207e+06
5.08716e+06
4.52757e+06
4.00895e+06
3.65366e+06
1.58579e+07
1.54162e+07
1.50015e+07
1.46124e+07
1.42448e+07
1.38941e+07
1.35559e+07
1.32271e+07
1.29049e+07
1.25882e+07
1.22753e+07
1.19659e+07
1.16582e+07
1.13514e+07
1.10426e+07
1.07287e+07
1.04044e+07
1.00631e+07
9.6968e+06
9.29567e+06
8.84737e+06
8.34613e+06
7.79096e+06
7.17104e+06
6.47909e+06
5.80495e+06
5.31477e+06
4.91321e+06
4.04572e+06
4.09941e+06
1.59714e+07
1.55262e+07
1.51042e+07
1.47046e+07
1.43253e+07
1.39633e+07
1.36154e+07
1.32792e+07
1.29524e+07
1.26339e+07
1.23224e+07
1.20182e+07
1.17198e+07
1.14276e+07
1.11384e+07
1.08507e+07
1.05571e+07
1.02509e+07
9.91981e+06
9.54525e+06
9.1074e+06
8.61938e+06
8.08431e+06
7.48862e+06
6.77132e+06
5.8233e+06
5.32993e+06
5.12689e+06
4.76308e+06
4.65571e+06
1.60576e+07
1.56102e+07
1.51838e+07
1.47777e+07
1.43906e+07
1.40206e+07
1.36657e+07
1.33239e+07
1.29935e+07
1.26738e+07
1.23637e+07
1.20642e+07
1.17745e+07
1.14962e+07
1.12272e+07
1.09676e+07
1.07094e+07
1.04461e+07
1.01591e+07
9.81838e+06
9.3788e+06
8.88798e+06
8.44921e+06
7.50908e+06
6.90735e+06
6.2656e+06
5.79377e+06
5.48007e+06
5.224e+06
5.10465e+06
1.61199e+07
1.56711e+07
1.52419e+07
1.48317e+07
1.44397e+07
1.40645e+07
1.37048e+07
1.3359e+07
1.30262e+07
1.27055e+07
1.23968e+07
1.21008e+07
1.18184e+07
1.15515e+07
1.13008e+07
1.10678e+07
1.08463e+07
1.06303e+07
1.03955e+07
1.01069e+07
9.7336e+06
8.89524e+06
8.34843e+06
7.67691e+06
7.08199e+06
6.53799e+06
6.09947e+06
5.7756e+06
5.54819e+06
5.43423e+06
1.61604e+07
1.57108e+07
1.528e+07
1.48674e+07
1.44725e+07
1.40942e+07
1.37315e+07
1.33832e+07
1.30488e+07
1.27275e+07
1.24198e+07
1.21262e+07
1.18487e+07
1.15896e+07
1.13523e+07
1.11401e+07
1.09533e+07
1.07881e+07
1.06184e+07
1.03971e+07
9.6813e+06
8.99209e+06
8.37752e+06
7.76815e+06
7.20571e+06
6.70488e+06
6.29054e+06
5.97467e+06
5.75893e+06
5.64986e+06
1.61803e+07
1.57304e+07
1.52988e+07
1.48851e+07
1.44889e+07
1.4109e+07
1.3745e+07
1.33955e+07
1.30604e+07
1.27388e+07
1.24316e+07
1.21391e+07
1.18642e+07
1.16087e+07
1.13782e+07
1.11764e+07
1.1012e+07
1.08896e+07
1.08092e+07
1.02525e+07
9.64935e+06
9.01429e+06
8.40142e+06
7.81247e+06
7.26782e+06
6.78528e+06
6.38314e+06
6.0736e+06
5.86298e+06
5.75642e+06
)
;

boundaryField
{
    inlet1
    {
        type            fixedGradient;
        gradient        uniform 20000;
    }
    inlet2
    {
        type            zeroGradient;
    }
    inlet3
    {
        type            fixedGradient;
        gradient        uniform 4.68141e+06;
    }
    output1
    {
        type            zeroGradient;
    }
    output2
    {
        type            fixedValue;
        value           uniform 0;
    }
    output3
    {
        type            zeroGradient;
    }
    up
    {
        type            zeroGradient;
    }
    down
    {
        type            zeroGradient;
    }
    emptyWalls
    {
        type            empty;
    }
}


// ************************************************************************* //
