/*--------------------------------*- C++ -*----------------------------------*\
  =========                 |
  \\      /  F ield         | OpenFOAM: The Open Source CFD Toolbox
   \\    /   O peration     | Website:  https://openfoam.org
    \\  /    A nd           | Version:  9
     \\/     M anipulation  |
\*---------------------------------------------------------------------------*/
FoamFile
{
    format      ascii;
    class       surfaceScalarField;
    location    "20500";
    object      phi;
}
// * * * * * * * * * * * * * * * * * * * * * * * * * * * * * * * * * * * * * //

dimensions      [0 3 -1 0 0 0 0];

internalField   nonuniform List<scalar> 
1740
(
4.54618e-08
5.84629e-08
1.67914e-08
2.3702e-08
3.17135e-09
5.45627e-09
1.29867e-09
3.05761e-09
1.27644e-09
4.92194e-11
1.60432e-09
9.15518e-11
1.54235e-09
6.00998e-11
1.50441e-09
3.51681e-11
1.48393e-09
1.77604e-11
1.47578e-09
6.06499e-12
1.47573e-09
-1.53846e-12
1.48051e-09
-6.07633e-12
1.48745e-09
-8.10397e-12
1.49423e-09
-7.87743e-12
1.49864e-09
-5.48932e-12
1.49853e-09
-9.6009e-13
1.49175e-09
5.70625e-12
1.47618e-09
1.45027e-11
1.44968e-09
2.54224e-11
1.41015e-09
3.84637e-11
1.35548e-09
5.36256e-11
1.28361e-09
7.08833e-11
1.19262e-09
9.01362e-11
1.08091e-09
1.11127e-10
9.47425e-10
1.33342e-10
7.92039e-10
1.55904e-10
6.15915e-10
1.77493e-10
4.21865e-10
1.96362e-10
2.14496e-10
2.1053e-10
2.18174e-10
1.15939e-08
1.36865e-07
4.33694e-09
3.45706e-08
3.43203e-09
9.78114e-09
2.51835e-09
3.13953e-09
1.24751e-09
3.57597e-10
1.63958e-09
1.9444e-10
1.52132e-09
1.13678e-10
1.48694e-09
6.28093e-11
1.47161e-09
2.98059e-11
1.46768e-09
8.03481e-12
1.4709e-09
-6.14486e-12
1.47834e-09
-1.46638e-11
1.48762e-09
-1.84627e-11
1.4966e-09
-1.79176e-11
1.50317e-09
-1.31207e-11
1.50519e-09
-4.05946e-12
1.50054e-09
9.27939e-12
1.48709e-09
2.68805e-11
1.46272e-09
4.8722e-11
1.4253e-09
7.48047e-11
1.37268e-09
1.05153e-10
1.30272e-09
1.39768e-10
1.21334e-09
1.7853e-10
1.10267e-09
2.21026e-10
9.69331e-10
2.66336e-10
8.1278e-10
3.12778e-10
6.3384e-10
3.57698e-10
4.35181e-10
3.97421e-10
2.21624e-10
4.27582e-10
4.43996e-10
2.06672e-08
2.24107e-07
5.57393e-09
4.63226e-08
7.95994e-10
1.84771e-08
1.21364e-09
2.06534e-10
1.28819e-09
4.96611e-10
1.50351e-09
2.4529e-10
1.46466e-09
1.37361e-10
1.45043e-09
7.25838e-11
1.44786e-09
3.06186e-11
1.45244e-09
2.41296e-12
1.46185e-09
-1.64108e-11
1.47431e-09
-2.79707e-11
1.4881e-09
-3.31638e-11
1.50139e-09
-3.22103e-11
1.51223e-09
-2.50178e-11
1.51852e-09
-1.14371e-11
1.51814e-09
8.58984e-12
1.50894e-09
3.50182e-11
1.48881e-09
6.77823e-11
1.45563e-09
1.06882e-10
1.40721e-09
1.52413e-10
1.34125e-09
2.0451e-10
1.25535e-09
2.6319e-10
1.14712e-09
3.28113e-10
1.01445e-09
3.98198e-10
8.55906e-10
4.71177e-10
6.71486e-10
5.43101e-10
4.63399e-10
6.08043e-10
2.36825e-10
6.58381e-10
6.86236e-10
2.23167e-08
2.93582e-07
6.27784e-09
6.91617e-08
2.14103e-09
2.7388e-08
8.11939e-10
6.75467e-11
1.22833e-09
3.21356e-10
1.34413e-09
2.00896e-10
1.38352e-09
1.17891e-10
1.40227e-09
5.95473e-11
1.41696e-09
1.76728e-11
1.43238e-09
-1.25894e-11
1.44976e-09
-3.39383e-11
1.46896e-09
-4.7644e-11
1.48907e-09
-5.40106e-11
1.50864e-09
-5.27429e-11
1.52584e-09
-4.33044e-11
1.53854e-09
-2.52617e-11
1.54454e-09
1.49875e-12
1.5417e-09
3.68217e-11
1.52795e-09
8.051e-11
1.50121e-09
1.32533e-10
1.45929e-09
1.93113e-10
1.39971e-09
2.62669e-10
1.31967e-09
3.41616e-10
1.21602e-09
4.30042e-10
1.08543e-09
5.27172e-10
9.24917e-10
6.30633e-10
7.32796e-10
7.35489e-10
5.10106e-10
8.33271e-10
2.62284e-10
9.11668e-10
9.56334e-10
2.52442e-08
3.6868e-07
9.37773e-09
7.86556e-08
2.20872e-09
3.81495e-08
8.01214e-10
5.92827e-11
1.21717e-09
1.44865e-10
1.26677e-09
1.19198e-10
1.32302e-09
7.37591e-11
1.35819e-09
3.00434e-11
1.38531e-09
-6.88509e-12
1.41034e-09
-3.65055e-11
1.43586e-09
-5.91086e-11
1.4627e-09
-7.46556e-11
1.49056e-09
-8.24914e-11
1.51827e-09
-8.14464e-11
1.54394e-09
-7.01951e-11
1.56524e-09
-4.78036e-11
1.57979e-09
-1.41537e-11
1.58539e-09
3.02621e-11
1.58008e-09
8.49053e-11
1.56198e-09
1.49629e-10
1.52901e-09
2.24841e-10
1.47864e-09
3.11435e-10
1.40762e-09
4.10569e-10
1.31185e-09
5.23273e-10
1.18632e-09
6.49819e-10
1.02554e-09
7.88696e-10
8.24676e-10
9.34957e-10
5.81948e-10
1.07789e-09
3.02213e-10
1.19869e-09
1.2711e-09
2.10181e-08
4.44722e-07
3.19452e-09
1.06545e-07
1.27931e-09
3.79247e-08
8.54743e-10
7.31708e-11
1.21385e-09
6.51052e-11
1.23604e-09
5.7283e-11
1.28359e-09
2.79057e-11
1.32216e-09
-6.24663e-12
1.35576e-09
-3.87513e-11
1.38781e-09
-6.74373e-11
1.42063e-09
-9.13356e-11
1.4554e-09
-1.09375e-10
1.49221e-09
-1.19851e-10
1.52995e-09
-1.20354e-10
1.56641e-09
-1.08223e-10
1.5987e-09
-8.16017e-11
1.62398e-09
-4.05707e-11
1.63998e-09
1.34758e-11
1.645e-09
7.92199e-11
1.63761e-09
1.56237e-10
1.61613e-09
2.45186e-10
1.5782e-09
3.47664e-10
1.52033e-09
4.65958e-10
1.43744e-09
6.02665e-10
1.32246e-09
7.6014e-10
1.16624e-09
9.39379e-10
9.58424e-10
1.13776e-09
6.90799e-10
1.34463e-09
3.64624e-10
1.53412e-09
1.65827e-09
1.54758e-08
5.33746e-07
1.75384e-09
1.13206e-07
8.21671e-10
3.66758e-08
8.75161e-10
8.38562e-11
1.19716e-09
4.07105e-11
1.2146e-09
1.69253e-11
1.25314e-09
-1.31719e-11
1.29111e-09
-4.41818e-11
1.32774e-09
-7.44364e-11
1.36453e-09
-1.03154e-10
1.40345e-09
-1.29421e-10
1.44608e-09
-1.51658e-10
1.49292e-09
-1.67182e-10
1.54291e-09
-1.71895e-10
1.59305e-09
-1.6074e-10
1.63918e-09
-1.29809e-10
1.67747e-09
-8.00045e-11
1.70554e-09
-1.50099e-11
1.72233e-09
6.22601e-11
1.72732e-09
1.50914e-10
1.7197e-09
2.52e-10
1.69771e-09
3.68084e-10
1.65806e-09
5.02932e-10
1.5951e-09
6.61293e-10
1.49984e-09
8.487e-10
1.35854e-09
1.07093e-09
1.15198e-09
1.33207e-09
8.58202e-10
1.62876e-09
4.65487e-10
1.93491e-09
2.16958e-09
1.19974e-08
6.22224e-07
-1.80749e-09
1.24922e-07
-1.38829e-10
3.229e-08
8.69063e-10
1.48486e-10
1.16684e-09
3.79604e-11
1.18748e-09
-1.71205e-11
1.22328e-09
-5.33361e-11
1.2614e-09
-8.28701e-11
1.29956e-09
-1.11657e-10
1.3391e-09
-1.4132e-10
1.38258e-09
-1.71535e-10
1.43253e-09
-2.00652e-10
1.4905e-09
-2.25324e-10
1.5557e-09
-2.39301e-10
1.62371e-09
-2.33032e-10
1.68749e-09
-1.96892e-10
1.74117e-09
-1.34629e-10
1.78238e-09
-5.57705e-11
1.81147e-09
3.39142e-11
1.82965e-09
1.33162e-10
1.83764e-09
2.43813e-10
1.8349e-09
3.69741e-10
1.81908e-09
5.16395e-10
1.78508e-09
6.90871e-10
1.72327e-09
9.02443e-10
1.61611e-09
1.16356e-09
1.43274e-09
1.49083e-09
1.12454e-09
1.90344e-09
6.39125e-10
2.40716e-09
2.91556e-09
2.40329e-09
7.21431e-07
-8.83356e-09
1.26116e-07
2.87522e-11
1.11303e-08
8.34537e-10
1.74516e-10
1.11797e-09
-4.05395e-12
1.14816e-09
-7.00331e-11
1.19109e-09
-1.0018e-10
1.23164e-09
-1.22308e-10
1.26998e-09
-1.47999e-10
1.30975e-09
-1.78935e-10
1.35524e-09
-2.14745e-10
1.41096e-09
-2.5409e-10
1.48084e-09
-2.94159e-10
1.56569e-09
-3.26952e-10
1.65858e-09
-3.35197e-10
1.74592e-09
-2.90097e-10
1.81734e-09
-2.0585e-10
1.87133e-09
-1.07356e-10
1.91152e-09
-3.99391e-12
1.94219e-09
1.04002e-10
1.9663e-09
2.20349e-10
1.98516e-09
3.50669e-10
1.99828e-09
5.02035e-10
2.00286e-09
6.83353e-10
1.99204e-09
9.06646e-10
1.94988e-09
1.19003e-09
1.83833e-09
1.56423e-09
1.56811e-09
2.08703e-09
9.66472e-10
2.87473e-09
4.16994e-09
2.91316e-08
7.91313e-07
1.96942e-10
1.51362e-07
4.35674e-10
1.19178e-08
7.24114e-10
9.81397e-11
9.87662e-10
-1.05634e-10
1.09686e-09
-1.58854e-10
1.16126e-09
-1.55043e-10
1.2041e-09
-1.58184e-10
1.23898e-09
-1.79096e-10
1.27467e-09
-2.11673e-10
1.31768e-09
-2.54419e-10
1.37521e-09
-3.06801e-10
1.45622e-09
-3.7027e-10
1.56762e-09
-4.39151e-10
1.69899e-09
-4.90705e-10
1.82028e-09
-4.22447e-10
1.91096e-09
-2.91317e-10
1.97406e-09
-1.63809e-10
2.02111e-09
-4.65336e-11
2.06127e-09
6.64891e-11
2.1002e-09
1.82912e-10
2.14116e-09
3.10551e-10
2.18603e-09
4.57719e-10
2.23605e-09
6.33861e-10
2.29214e-09
8.5076e-10
2.35304e-09
1.12567e-09
2.4026e-09
1.48906e-09
2.34308e-09
2.0057e-09
1.65865e-09
2.83479e-09
4.42107e-09
1.59964e-08
7.74584e-07
1.83115e-08
1.44826e-07
6.51988e-09
1.74723e-08
5.76757e-10
6.9438e-09
9.55899e-10
-5.86039e-11
1.09038e-09
-1.68599e-10
1.15301e-09
-2.14945e-10
1.1845e-09
-1.76292e-10
1.20718e-09
-1.98576e-10
1.23228e-09
-2.34286e-10
1.26558e-09
-2.84454e-10
1.316e-09
-3.48429e-10
1.40122e-09
-4.40968e-10
1.54958e-09
-5.68676e-10
1.74949e-09
-7.66025e-10
1.92523e-09
-6.17665e-10
2.03215e-09
-3.73162e-10
2.09285e-09
-2.1003e-10
2.13758e-09
-8.48218e-11
2.18158e-09
2.5578e-11
2.23208e-09
1.34261e-10
2.29326e-09
2.50903e-10
2.36863e-09
3.84432e-10
2.46317e-09
5.43613e-10
2.58743e-09
7.36861e-10
2.76753e-09
9.72836e-10
3.07596e-09
1.26063e-09
3.74297e-09
1.61192e-09
5.62351e-09
2.03767e-09
2.51734e-09
6.69712e-08
7.06149e-07
3.33157e-08
1.68994e-07
2.25339e-08
5.9795e-08
1.47859e-08
2.51032e-08
1.85878e-09
1.126e-08
1.10484e-09
3.17734e-09
1.17596e-09
-1.40439e-10
1.1737e-09
-1.31971e-10
1.17297e-09
-1.53907e-10
1.18169e-09
-1.83059e-10
1.19636e-09
-2.24479e-10
1.22197e-09
-2.7641e-10
1.28306e-09
-3.60992e-10
1.47999e-09
-4.93408e-10
1.82417e-09
-7.72789e-10
2.09899e-09
-9.55302e-10
2.19957e-09
-3.75112e-10
2.22762e-09
-2.19984e-10
2.25479e-09
-1.09747e-10
2.29538e-09
-1.43264e-11
2.35328e-09
7.79142e-11
2.43118e-09
1.75825e-10
2.53204e-09
2.88548e-10
2.66059e-09
4.24585e-10
2.82686e-09
5.88676e-10
3.05371e-09
7.79853e-10
3.39074e-09
9.82735e-10
3.92933e-09
1.15665e-09
4.74442e-09
1.19432e-09
8.17936e-10
3.51018e-07
3.52229e-07
3.27127e-07
2.00477e-07
2.05831e-07
1.47602e-07
1.09958e-07
1.18631e-07
7.96018e-08
7.08456e-08
3.82932e-08
4.64342e-08
9.67343e-10
3.43752e-08
1.17222e-09
3.83831e-09
1.12748e-09
-7.99911e-11
1.12444e-09
-3.21972e-10
1.11623e-09
4.83997e-10
1.09247e-09
2.53176e-09
1.02907e-09
6.24564e-09
1.26316e-09
1.39804e-08
1.96819e-09
4.80993e-08
2.44701e-09
-6.10574e-10
2.43952e-09
-2.2738e-10
2.36325e-09
-1.49653e-10
2.35859e-09
-8.67145e-11
2.39187e-09
-2.86084e-11
2.4545e-09
2.79729e-11
2.54613e-09
8.78077e-11
2.66776e-09
1.57525e-10
2.82029e-09
2.43588e-10
3.0057e-09
3.47752e-10
3.22971e-09
4.67477e-10
3.50395e-09
5.84034e-10
3.83919e-09
6.59469e-10
4.19944e-09
6.09807e-10
3.12428e-10
3.98287e-07
-4.49092e-08
5.74109e-07
2.75631e-08
6.26085e-07
9.77442e-08
5.98011e-07
1.35376e-07
5.48605e-07
1.04704e-07
5.04285e-07
8.26464e-08
4.68167e-07
6.39256e-08
4.67835e-07
1.27454e-08
4.68453e-07
-1.24236e-10
4.706e-07
-1.25167e-09
4.62177e-07
3.42895e-09
4.52691e-07
1.25187e-08
4.09124e-07
3.39351e-08
3.54805e-07
6.15756e-08
1.72145e-07
1.56728e-07
2.34942e-09
1.09591e-07
2.6309e-09
1.13998e-08
2.22687e-09
2.33589e-09
2.17945e-09
-1.40048e-09
2.18293e-09
-3.72263e-09
2.22239e-09
-5.41197e-09
2.29373e-09
-6.66223e-09
2.39462e-09
-7.70284e-09
2.51655e-09
-8.73598e-09
2.6653e-09
-9.89719e-09
2.84546e-09
-1.09036e-08
3.05894e-09
-1.12579e-08
3.31148e-09
-9.99343e-09
3.59393e-09
-7.01141e-09
-2.58359e-09
1.03203e-07
-1.41857e-07
2.09453e-07
-9.12379e-08
3.36611e-07
-2.75434e-08
4.60567e-07
2.14269e-08
5.25746e-07
4.62911e-08
5.76437e-07
4.6452e-08
6.07122e-07
3.51532e-08
6.20667e-07
9.47227e-09
6.21662e-07
-2.50337e-09
6.30221e-07
-3.21578e-09
6.20678e-07
5.65302e-09
6.20547e-07
2.10111e-08
5.85528e-07
5.60068e-08
5.70157e-07
9.61995e-08
5.32942e-07
1.86519e-07
4.45426e-07
1.95895e-07
4.34637e-07
4.51307e-08
4.2471e-07
8.83868e-09
4.3086e-07
-9.50147e-09
4.50449e-07
-2.16291e-08
4.79174e-07
-3.0535e-08
5.14245e-07
-3.72615e-08
5.54356e-07
-4.30483e-08
6.00079e-07
-4.90201e-08
6.5145e-07
-5.59593e-08
7.08666e-07
-6.26455e-08
7.67013e-07
-6.66444e-08
8.21218e-07
-6.19315e-08
8.58135e-07
-4.56142e-08
-1.7116e-08
5.73727e-08
-2.05702e-07
1.17383e-07
-1.52357e-07
1.92222e-07
-1.01514e-07
2.78322e-07
-6.0275e-08
3.55904e-07
-2.80554e-08
4.19316e-07
-1.10927e-08
4.62032e-07
-6.56207e-09
4.8362e-07
-8.77288e-09
4.91314e-07
-9.95816e-09
4.98171e-07
-7.23534e-09
4.98797e-07
3.23336e-09
5.0467e-07
1.97475e-08
5.12548e-07
4.93124e-08
5.39499e-07
8.26476e-08
6.14398e-07
1.21658e-07
6.5661e-07
1.29118e-07
6.57439e-07
5.55182e-08
6.6732e-07
4.27001e-09
6.888e-07
-2.95451e-08
7.22404e-07
-5.40551e-08
7.65854e-07
-7.25964e-08
8.17564e-07
-8.71845e-08
8.76268e-07
-1.00232e-07
9.43971e-07
-1.14335e-07
1.02053e-06
-1.3089e-07
1.10954e-06
-1.48894e-07
1.20491e-06
-1.63203e-07
1.30318e-06
-1.6107e-07
1.3774e-06
-1.27779e-07
-5.1566e-08
6.87872e-08
-2.82616e-07
1.34567e-07
-2.22213e-07
2.00604e-07
-1.69342e-07
2.6364e-07
-1.22877e-07
3.21133e-07
-8.56348e-08
3.69069e-07
-5.90723e-08
4.04246e-07
-4.20894e-08
4.27962e-07
-3.16339e-08
4.43218e-07
-2.42655e-08
4.54098e-07
-1.66234e-08
4.63481e-07
-5.01194e-09
4.7507e-07
1.06191e-08
4.98099e-07
3.0833e-08
5.3437e-07
4.98903e-08
6.00638e-07
6.01577e-08
6.6835e-07
5.35942e-08
7.08155e-07
1.83021e-08
7.44443e-07
-2.62026e-08
7.85186e-07
-6.60592e-08
8.32264e-07
-9.83436e-08
8.85786e-07
-1.24164e-07
9.45738e-07
-1.4559e-07
1.01288e-06
-1.65753e-07
1.08888e-06
-1.88089e-07
1.17471e-06
-2.13715e-07
1.27495e-06
-2.44576e-07
1.3876e-06
-2.73017e-07
1.51683e-06
-2.88685e-07
1.63385e-06
-2.54216e-07
-1.2487e-07
8.21535e-08
-3.70054e-07
1.58365e-07
-2.96573e-07
2.31309e-07
-2.38483e-07
2.98521e-07
-1.87379e-07
3.5747e-07
-1.43283e-07
4.06758e-07
-1.0743e-07
4.45968e-07
-8.03958e-08
4.76459e-07
-6.07492e-08
4.99943e-07
-4.62499e-08
5.18925e-07
-3.39005e-08
5.3719e-07
-2.14047e-08
5.57816e-07
-8.33598e-09
5.86845e-07
3.39226e-09
6.27205e-07
9.7859e-09
6.8102e-07
5.61944e-09
7.43115e-07
-1.0313e-08
8.02672e-07
-3.99146e-08
8.59787e-07
-7.94349e-08
9.16655e-07
-1.19969e-07
9.74599e-07
-1.54794e-07
1.03554e-06
-1.84791e-07
1.09969e-06
-2.09838e-07
1.16964e-06
-2.3503e-07
1.2428e-06
-2.60594e-07
1.32264e-06
-2.9036e-07
1.40659e-06
-3.25494e-07
1.50396e-06
-3.62687e-07
1.62226e-06
-4.02643e-07
1.76323e-06
-3.98782e-07
-2.79289e-07
1.23139e-07
-4.93992e-07
2.32207e-07
-3.93986e-07
3.25753e-07
-3.24836e-07
4.01348e-07
-2.6009e-07
4.61511e-07
-2.02521e-07
5.09508e-07
-1.54949e-07
5.47841e-07
-1.18277e-07
5.78716e-07
-9.08652e-08
6.04142e-07
-7.07505e-08
6.2702e-07
-5.54797e-08
6.50829e-07
-4.37768e-08
6.7952e-07
-3.53351e-08
7.16248e-07
-3.19615e-08
7.62946e-07
-3.57717e-08
8.18117e-07
-4.89681e-08
8.79615e-07
-7.09315e-08
9.41018e-07
-1.01178e-07
9.98711e-07
-1.36484e-07
1.05106e-06
-1.73236e-07
1.10113e-06
-2.05569e-07
1.1502e-06
-2.3587e-07
1.19982e-06
-2.59903e-07
1.24951e-06
-2.8561e-07
1.29538e-06
-3.05815e-07
1.34048e-06
-3.34107e-07
1.3763e-06
-3.59734e-07
1.42347e-06
-4.00637e-07
1.48166e-06
-4.48861e-07
1.61118e-06
-4.98943e-07
-5.69223e-07
2.34261e-07
-6.86832e-07
4.06093e-07
-5.4688e-07
5.03545e-07
-4.19498e-07
5.59437e-07
-3.1663e-07
5.94671e-07
-2.38856e-07
6.19877e-07
-1.80967e-07
6.39909e-07
-1.38807e-07
6.57178e-07
-1.08155e-07
6.73337e-07
-8.66023e-08
6.90436e-07
-7.18397e-08
7.10701e-07
-6.32122e-08
7.36626e-07
-6.02756e-08
7.69308e-07
-6.405e-08
8.08803e-07
-7.48739e-08
8.52661e-07
-9.32457e-08
8.98966e-07
-1.17768e-07
9.43549e-07
-1.47335e-07
9.85599e-07
-1.79447e-07
1.02385e-06
-2.12898e-07
1.06307e-06
-2.44048e-07
1.10032e-06
-2.73536e-07
1.1385e-06
-2.95413e-07
1.16819e-06
-3.15723e-07
1.19298e-06
-3.2619e-07
1.20566e-06
-3.47266e-07
1.21013e-06
-3.58525e-07
1.21776e-06
-4.05908e-07
1.22212e-06
-4.44882e-07
1.48992e-06
-6.52665e-07
-1.12448e-06
8.49495e-07
-6.60769e-07
7.74775e-07
-5.17365e-07
7.16725e-07
-3.82997e-07
6.75265e-07
-2.8539e-07
6.49153e-07
-2.17675e-07
6.35281e-07
-1.69352e-07
6.29976e-07
-1.34483e-07
6.30721e-07
-1.08993e-07
6.35954e-07
-9.15568e-08
6.45473e-07
-8.06583e-08
6.59566e-07
-7.66258e-08
6.78952e-07
-7.8854e-08
7.0376e-07
-8.83798e-08
7.33543e-07
-1.04233e-07
7.67529e-07
-1.27084e-07
8.04639e-07
-1.54603e-07
8.44545e-07
-1.86779e-07
8.87263e-07
-2.20831e-07
9.32072e-07
-2.55872e-07
9.78764e-07
-2.88183e-07
1.02157e-06
-3.14934e-07
1.05876e-06
-3.30598e-07
1.07753e-06
-3.35627e-07
1.08721e-06
-3.32449e-07
1.06839e-06
-3.33007e-07
1.05729e-06
-3.37183e-07
1.00635e-06
-3.72912e-07
9.95165e-07
-4.16666e-07
7.9003e-07
-5.9322e-07
-8.36533e-07
7.21781e-07
-4.58452e-07
6.0414e-07
-3.8529e-07
5.49565e-07
-3.18685e-07
5.32767e-07
-2.60909e-07
5.33735e-07
-2.12844e-07
5.42582e-07
-1.73991e-07
5.54537e-07
-1.43564e-07
5.68365e-07
-1.20503e-07
5.83296e-07
-1.04824e-07
6.00325e-07
-9.59468e-08
6.19583e-07
-9.46326e-08
6.4248e-07
-1.00193e-07
6.68901e-07
-1.13811e-07
6.995e-07
-1.33498e-07
7.34022e-07
-1.60861e-07
7.7199e-07
-1.91537e-07
8.13757e-07
-2.27907e-07
8.57177e-07
-2.63576e-07
9.00927e-07
-2.9954e-07
9.40749e-07
-3.28359e-07
9.72224e-07
-3.4747e-07
9.8563e-07
-3.46507e-07
9.80105e-07
-3.31745e-07
9.50678e-07
-3.06651e-07
9.01169e-07
-2.83028e-07
8.3216e-07
-2.73861e-07
7.46473e-07
-2.92526e-07
6.13252e-07
-3.15037e-07
3.03671e-07
-3.087e-07
-1.88332e-07
8.2231e-07
-3.64088e-07
7.73089e-07
-3.41232e-07
7.45644e-07
-3.01594e-07
7.29875e-07
-2.55067e-07
7.1986e-07
-2.10596e-07
7.13138e-07
-1.73069e-07
7.08343e-07
-1.43169e-07
7.05711e-07
-1.21167e-07
7.0451e-07
-1.06381e-07
7.05482e-07
-9.90261e-08
7.07566e-07
-9.89049e-08
7.11955e-07
-1.06311e-07
7.17391e-07
-1.21488e-07
7.25831e-07
-1.43602e-07
7.36663e-07
-1.73897e-07
7.51806e-07
-2.0794e-07
7.71963e-07
-2.49497e-07
7.95269e-07
-2.87427e-07
8.20489e-07
-3.2538e-07
8.42724e-07
-3.49743e-07
8.4951e-07
-3.55266e-07
8.35449e-07
-3.31675e-07
8.01417e-07
-2.9994e-07
7.48573e-07
-2.54008e-07
6.71177e-07
-2.08954e-07
5.81735e-07
-1.77855e-07
4.78305e-07
-1.98125e-07
3.30141e-07
-1.86784e-07
1.59575e-07
-1.31933e-07
-9.9516e-08
8.36915e-07
-2.86293e-07
7.67496e-07
-2.70108e-07
7.09554e-07
-2.42475e-07
6.65272e-07
-2.09828e-07
6.33594e-07
-1.77412e-07
6.11531e-07
-1.49365e-07
5.9668e-07
-1.26242e-07
5.8692e-07
-1.09604e-07
5.80967e-07
-9.83493e-08
5.77974e-07
-9.42271e-08
5.77197e-07
-9.58949e-08
5.79352e-07
-1.0609e-07
5.83763e-07
-1.22952e-07
5.93762e-07
-1.49833e-07
6.0757e-07
-1.83778e-07
6.29782e-07
-2.25112e-07
6.56728e-07
-2.7235e-07
6.85839e-07
-3.12547e-07
7.15514e-07
-3.51736e-07
7.29552e-07
-3.62516e-07
7.11448e-07
-3.37852e-07
6.69331e-07
-2.88748e-07
6.13966e-07
-2.47066e-07
5.46443e-07
-1.91293e-07
4.62985e-07
-1.36098e-07
3.79426e-07
-8.0837e-08
2.81742e-07
-9.98951e-08
1.83149e-07
-6.96109e-08
7.4533e-08
-2.95921e-08
-1.94718e-09
8.50736e-07
-2.22461e-07
7.95263e-07
-2.13178e-07
7.50579e-07
-1.97587e-07
7.17044e-07
-1.77539e-07
6.93467e-07
-1.55482e-07
6.76724e-07
-1.34717e-07
6.65486e-07
-1.16489e-07
6.57091e-07
-1.03084e-07
6.51603e-07
-9.38536e-08
6.46883e-07
-9.12652e-08
6.43811e-07
-9.35292e-08
6.40851e-07
-1.04942e-07
6.38833e-07
-1.21666e-07
6.38543e-07
-1.51466e-07
6.37889e-07
-1.84652e-07
6.4323e-07
-2.32494e-07
6.452e-07
-2.77563e-07
6.51926e-07
-3.21578e-07
6.5508e-07
-3.58213e-07
6.25146e-07
-3.40946e-07
5.56761e-07
-2.76181e-07
4.82372e-07
-2.11803e-07
4.0574e-07
-1.76989e-07
3.23227e-07
-9.3516e-08
2.56666e-07
-5.23156e-08
2.02457e-07
-1.71153e-08
9.02926e-08
-2.47876e-08
1.85993e-09
-1.06387e-09
7.72503e-10
-1.96391e-09
-2.04001e-09
8.60756e-07
-1.6901e-07
8.12061e-07
-1.63465e-07
7.68775e-07
-1.53793e-07
7.31681e-07
-1.40598e-07
7.01331e-07
-1.25409e-07
6.76245e-07
-1.10299e-07
6.56354e-07
-9.67415e-08
6.38994e-07
-8.64097e-08
6.24957e-07
-7.94739e-08
6.10587e-07
-7.76599e-08
5.98148e-07
-8.0079e-08
5.82723e-07
-9.02914e-08
5.68659e-07
-1.05333e-07
5.51274e-07
-1.34061e-07
5.36447e-07
-1.65141e-07
5.26546e-07
-2.19683e-07
5.16215e-07
-2.60525e-07
5.2282e-07
-3.20578e-07
5.08276e-07
-3.40765e-07
4.44769e-07
-2.84488e-07
3.56551e-07
-1.92541e-07
2.74958e-07
-1.07875e-07
1.7766e-07
-6.96694e-08
6.00515e-08
-1.52253e-08
3.12234e-09
-7.41971e-10
2.17265e-09
-1.19449e-09
1.28386e-09
-1.26889e-09
1.05495e-09
-1.23538e-09
5.87977e-10
-1.99539e-09
-1.81284e-09
8.67053e-07
-1.22111e-07
8.23095e-07
-1.18718e-07
7.82546e-07
-1.12757e-07
7.4646e-07
-1.044e-07
7.15589e-07
-9.46746e-08
6.89299e-07
-8.45108e-08
6.67551e-07
-7.53582e-08
6.48289e-07
-6.79643e-08
6.32004e-07
-6.33863e-08
6.1529e-07
-6.20727e-08
6.0027e-07
-6.48424e-08
5.81291e-07
-7.29033e-08
5.63839e-07
-8.67543e-08
5.39081e-07
-1.11257e-07
5.19338e-07
-1.42154e-07
4.94003e-07
-1.96064e-07
4.73157e-07
-2.35085e-07
4.60795e-07
-3.09043e-07
3.98331e-07
-2.88097e-07
2.91987e-07
-1.97997e-07
2.00429e-07
-7.7518e-08
8.69076e-08
-2.55226e-08
2.82435e-09
-1.67978e-10
2.83074e-09
-4.54662e-10
2.39548e-09
-6.18957e-10
1.93008e-09
-1.17277e-09
1.3774e-09
-1.28696e-09
9.60597e-10
-1.16195e-09
5.0283e-10
-1.34156e-09
-1.34531e-09
8.71052e-07
-7.93723e-08
8.30378e-07
-7.7408e-08
7.9194e-07
-7.39493e-08
7.56797e-07
-6.9014e-08
7.25294e-07
-6.32651e-08
6.9764e-07
-5.70308e-08
6.73285e-07
-5.14395e-08
6.51553e-07
-4.66602e-08
6.31561e-07
-4.39415e-08
6.11812e-07
-4.29527e-08
5.9182e-07
-4.53151e-08
5.68383e-07
-5.04174e-08
5.42791e-07
-6.10865e-08
5.07605e-07
-7.73559e-08
4.71381e-07
-1.03443e-07
4.18341e-07
-1.43449e-07
3.78939e-07
-1.84779e-07
3.26931e-07
-2.54626e-07
2.17932e-07
-1.89755e-07
8.16322e-08
-7.05693e-08
2.47572e-09
-1.80984e-10
2.64594e-09
-2.26799e-10
2.52526e-09
1.899e-11
2.44457e-09
-4.01061e-10
2.15602e-09
-4.92083e-10
1.77335e-09
-6.97764e-10
1.33509e-09
-7.93161e-10
9.07201e-10
-8.0552e-10
4.62743e-10
-8.63575e-10
-8.81541e-10
8.73435e-07
-3.91073e-08
8.3477e-07
-3.82065e-08
7.97719e-07
-3.66101e-08
7.63309e-07
-3.43208e-08
7.31605e-07
-3.16483e-08
7.03277e-07
-2.87063e-08
6.7741e-07
-2.60618e-08
6.54291e-07
-2.37429e-08
6.32014e-07
-2.24782e-08
6.10714e-07
-2.19676e-08
5.87636e-07
-2.33017e-08
5.62475e-07
-2.57505e-08
5.31863e-07
-3.15638e-08
4.93076e-07
-3.94361e-08
4.44638e-07
-5.48752e-08
3.75986e-07
-7.59025e-08
3.1139e-07
-1.11725e-07
2.08579e-07
-1.52489e-07
6.6248e-08
-6.9355e-08
2.26461e-09
1.70659e-11
2.75293e-09
1.181e-10
2.56891e-09
-1.43552e-10
2.4348e-09
-7.81524e-11
2.27152e-09
-1.828e-10
2.01069e-09
-2.51981e-10
1.6722e-09
-3.33035e-10
1.2824e-09
-3.82398e-10
8.70381e-10
-4.03399e-10
4.40943e-10
-4.25677e-10
-4.35738e-10
8.74554e-07
8.36831e-07
8.00479e-07
7.6644e-07
7.34716e-07
7.06061e-07
6.79509e-07
6.55652e-07
6.32255e-07
6.10133e-07
5.85439e-07
5.59556e-07
5.26081e-07
4.86557e-07
4.29693e-07
3.53772e-07
2.42349e-07
8.35757e-08
1.61809e-09
2.43716e-09
2.52662e-09
2.48968e-09
2.37349e-09
2.19601e-09
1.94303e-09
1.62239e-09
1.25192e-09
8.50982e-10
4.30643e-10
)
;

boundaryField
{
    inlet1
    {
        type            calculated;
        value           nonuniform List<scalar> 10(-1e-07 -1e-07 -1e-07 -1e-07 -1e-07 -1e-07 -1e-07 -1e-07 -1e-07 -1e-07);
    }
    inlet2
    {
        type            calculated;
        value           uniform 0;
    }
    inlet3
    {
        type            calculated;
        value           nonuniform List<scalar> 10(-9.13394e-07 -9.13394e-07 -9.13394e-07 -9.13394e-07 -9.13394e-07 -9.13394e-07 -9.13394e-07 -9.13394e-07 -9.13394e-07 -9.13394e-07);
    }
    output1
    {
        type            calculated;
        value           uniform 0;
    }
    output2
    {
        type            calculated;
        value           nonuniform List<scalar> 10(9.19381e-09 5.77078e-09 4.52937e-09 3.7708e-09 8.75501e-07 1.41238e-06 1.7023e-06 1.89911e-06 1.88576e-06 2.33564e-06);
    }
    output3
    {
        type            calculated;
        value           uniform -0;
    }
    up
    {
        type            calculated;
        value           uniform 0;
    }
    down
    {
        type            calculated;
        value           uniform 0;
    }
    emptyWalls
    {
        type            empty;
        value           nonuniform List<scalar> 0();
    }
}


// ************************************************************************* //
