/*--------------------------------*- C++ -*----------------------------------*\
  =========                 |
  \\      /  F ield         | OpenFOAM: The Open Source CFD Toolbox
   \\    /   O peration     | Website:  https://openfoam.org
    \\  /    A nd           | Version:  9
     \\/     M anipulation  |
\*---------------------------------------------------------------------------*/
FoamFile
{
    format      ascii;
    class       volScalarField;
    location    "20500";
    object      Sw;
}
// * * * * * * * * * * * * * * * * * * * * * * * * * * * * * * * * * * * * * //

dimensions      [0 0 0 0 0 0 0];

internalField   nonuniform List<scalar> 
900
(
0.819627
0.789865
0.585094
0.432771
0.153333
0.15
0.15
0.15
0.15
0.15
0.15
0.15
0.15
0.15
0.15
0.15
0.15
0.15
0.15
0.15
0.15
0.15
0.15
0.15
0.15
0.15
0.15
0.15
0.15
0.15
0.712173
0.602376
0.535444
0.567902
0.201585
0.15
0.15
0.15
0.15
0.15
0.15
0.15
0.15
0.15
0.15
0.15
0.15
0.15
0.15
0.15
0.15
0.15
0.15
0.15
0.15
0.15
0.15
0.15
0.15
0.15
0.737279
0.635222
0.549835
0.383881
0.150186
0.15
0.15
0.15
0.15
0.15
0.15
0.15
0.15
0.15
0.15
0.15
0.15
0.15
0.15
0.15
0.15
0.15
0.15
0.15
0.15
0.15
0.15
0.15
0.15
0.15
0.733891
0.60373
0.57238
0.312022
0.150017
0.15
0.15
0.15
0.15
0.15
0.15
0.15
0.15
0.15
0.15
0.15
0.15
0.15
0.15
0.15
0.15
0.15
0.15
0.15
0.15
0.15
0.15
0.15
0.15
0.15
0.746701
0.655806
0.587256
0.264348
0.150002
0.15
0.15
0.15
0.15
0.15
0.15
0.15
0.15
0.15
0.15
0.15
0.15
0.15
0.15
0.15
0.15
0.15
0.15
0.15
0.15
0.15
0.15
0.15
0.15
0.15
0.75424
0.617499
0.60642
0.206374
0.15
0.15
0.15
0.15
0.15
0.15
0.15
0.15
0.15
0.15
0.15
0.15
0.15
0.15
0.15
0.15
0.15
0.15
0.15
0.15
0.15
0.15
0.15
0.15
0.15
0.15
0.769713
0.682994
0.580333
0.174492
0.15
0.15
0.15
0.15
0.15
0.15
0.15
0.15
0.15
0.15
0.15
0.15
0.15
0.15
0.15
0.15
0.15
0.15
0.15
0.15
0.15
0.15
0.15
0.15
0.15
0.15
0.783938
0.629186
0.600987
0.154757
0.15
0.15
0.15
0.15
0.15
0.15
0.15
0.15
0.15
0.15
0.15
0.15
0.15
0.15
0.15
0.15
0.15
0.15
0.15
0.15
0.15
0.15
0.15
0.15
0.15
0.15
0.801485
0.693314
0.555527
0.151249
0.15
0.15
0.15
0.15
0.15
0.15
0.15
0.15
0.15
0.15
0.15
0.15
0.15
0.15
0.15
0.15
0.15
0.15
0.15
0.15
0.15
0.15
0.15
0.15
0.15
0.15
0.826897
0.640967
0.361122
0.150014
0.15
0.15
0.15
0.15
0.15
0.15
0.15
0.15
0.15
0.15
0.15
0.15
0.15
0.15
0.15
0.15
0.15
0.15
0.15
0.15
0.15
0.15
0.15
0.15
0.15
0.15
0.854435
0.740851
0.556064
0.234774
0.150003
0.15
0.15
0.15
0.15
0.15
0.15
0.15
0.15
0.15
0.15
0.15
0.15
0.15
0.15
0.15
0.15
0.15
0.15
0.15
0.15
0.15
0.15
0.15
0.15
0.15
0.887919
0.661793
0.528678
0.511835
0.374698
0.150482
0.15
0.15
0.15
0.15
0.15
0.15
0.15
0.15
0.15
0.15
0.15
0.15
0.15
0.15
0.15
0.15
0.15
0.15
0.15
0.15
0.15
0.15
0.15
0.15
0.942929
0.810505
0.695827
0.587665
0.527913
0.50881
0.277092
0.150002
0.150432
0.150329
0.150001
0.150001
0.150001
0.150001
0.150001
0.15
0.15
0.15
0.15
0.15
0.15
0.15
0.15
0.15
0.15
0.15
0.15
0.15
0.15
0.15
0.865529
0.802358
0.735277
0.686745
0.642814
0.620223
0.596898
0.591317
0.590491
0.591448
0.591518
0.590212
0.591668
0.584908
0.592323
0.294498
0.161372
0.166984
0.17293
0.176465
0.178804
0.180784
0.183024
0.185316
0.188385
0.18882
0.187261
0.181036
0.170877
0.157333
0.687496
0.68057
0.65247
0.647702
0.634301
0.621614
0.616896
0.611097
0.610742
0.607495
0.610988
0.605103
0.61091
0.594883
0.594511
0.553221
0.542222
0.540663
0.540856
0.542172
0.544117
0.545965
0.547419
0.548425
0.549384
0.550343
0.551793
0.553147
0.554732
0.554838
0.619284
0.609913
0.60194
0.6021
0.6022
0.600558
0.599899
0.597548
0.595696
0.593476
0.593682
0.590568
0.590665
0.583994
0.581952
0.579749
0.571821
0.568922
0.568951
0.570157
0.571788
0.573222
0.574394
0.57509
0.575863
0.576394
0.57773
0.578859
0.581116
0.581381
0.605441
0.596672
0.593798
0.591953
0.59173
0.591482
0.590978
0.589664
0.58848
0.587049
0.585981
0.58409
0.582001
0.580147
0.578464
0.581165
0.57945
0.578306
0.578769
0.580079
0.58155
0.582852
0.583873
0.584648
0.585221
0.585529
0.58602
0.586451
0.588368
0.589319
0.591772
0.587008
0.587488
0.589745
0.592102
0.593702
0.594547
0.594608
0.594368
0.593634
0.592688
0.591346
0.5897
0.5886
0.588041
0.588807
0.589358
0.58978
0.590636
0.591624
0.592613
0.593453
0.594023
0.594533
0.594313
0.593971
0.592134
0.590425
0.588474
0.589077
0.587441
0.587483
0.592773
0.5978
0.60138
0.60347
0.604562
0.604837
0.604656
0.603981
0.603143
0.602112
0.601331
0.600827
0.600983
0.601318
0.601984
0.602012
0.60208
0.601551
0.601403
0.600725
0.600397
0.599356
0.598077
0.596082
0.592294
0.587695
0.578917
0.574611
0.586795
0.597267
0.606014
0.610376
0.612025
0.612243
0.611899
0.611144
0.610241
0.609118
0.608048
0.606991
0.606298
0.605767
0.605597
0.605237
0.604944
0.603945
0.603018
0.601488
0.60074
0.599146
0.598539
0.596052
0.594762
0.590823
0.588228
0.582724
0.570706
0.559491
0.609585
0.621168
0.620947
0.617196
0.613532
0.610595
0.608468
0.606721
0.605382
0.6041
0.60313
0.602216
0.601688
0.60119
0.60092
0.600496
0.600073
0.599464
0.59891
0.598203
0.597649
0.596413
0.595301
0.592315
0.590527
0.584638
0.583838
0.575169
0.589859
0.597809
0.596543
0.593119
0.592819
0.593481
0.594501
0.595552
0.596627
0.597375
0.598111
0.598441
0.598979
0.599132
0.599698
0.599788
0.600268
0.600161
0.60027
0.599881
0.599378
0.598308
0.596714
0.594353
0.59088
0.587199
0.582083
0.577202
0.571049
0.566547
0.555387
0.499043
0.598802
0.600581
0.604121
0.607134
0.608947
0.609779
0.610048
0.609875
0.609617
0.609002
0.608529
0.607528
0.606835
0.605305
0.604301
0.602272
0.601013
0.598849
0.597109
0.594353
0.591309
0.585933
0.580456
0.573883
0.568127
0.560032
0.553786
0.543168
0.528793
0.515305
0.599437
0.598679
0.598255
0.598087
0.597816
0.59758
0.597176
0.596959
0.596606
0.596476
0.596178
0.595987
0.595719
0.595275
0.595228
0.594391
0.594574
0.593061
0.591956
0.588974
0.583715
0.574671
0.565759
0.555775
0.548016
0.53944
0.532711
0.51069
0.501699
0.326044
0.599513
0.598892
0.598839
0.599415
0.600179
0.601128
0.60175
0.602576
0.602866
0.603632
0.603603
0.604294
0.603821
0.604053
0.60292
0.601663
0.599792
0.595607
0.592239
0.585012
0.573651
0.558217
0.545068
0.526598
0.512615
0.508641
0.510151
0.200376
0.15
0.15
0.599657
0.599209
0.599001
0.59908
0.59925
0.5996
0.599725
0.600139
0.600014
0.600575
0.600031
0.600786
0.599342
0.600008
0.596878
0.596666
0.592153
0.588597
0.583772
0.57058
0.551835
0.532241
0.512838
0.470583
0.154887
0.15
0.15
0.15
0.15
0.15
0.599761
0.599403
0.599195
0.599142
0.599244
0.599503
0.599758
0.600216
0.60042
0.601121
0.601089
0.602201
0.60146
0.603054
0.600242
0.601933
0.594671
0.592978
0.580074
0.55445
0.521031
0.505958
0.174957
0.15
0.15
0.15
0.15
0.15
0.15
0.15
0.599826
0.599534
0.599367
0.599249
0.59932
0.599413
0.599708
0.599952
0.600389
0.600767
0.601282
0.601885
0.602217
0.603082
0.601691
0.602027
0.592601
0.590808
0.56275
0.520355
0.182616
0.15
0.15
0.15
0.15
0.15
0.15
0.15
0.15
0.15
0.599863
0.599615
0.599479
0.599341
0.5994
0.599407
0.599723
0.599845
0.600444
0.600626
0.601584
0.601829
0.603245
0.603533
0.604851
0.604114
0.598721
0.591819
0.537418
0.179693
0.15
0.15
0.15
0.15
0.15
0.15
0.15
0.15
0.15
0.15
0.599878
0.599656
0.599531
0.599396
0.59944
0.599428
0.599727
0.599823
0.60045
0.600587
0.6017
0.601816
0.603747
0.603685
0.606853
0.605372
0.60815
0.589309
0.24084
0.15
0.15
0.15
0.15
0.15
0.15
0.15
0.15
0.15
0.15
0.15
)
;

boundaryField
{
    inlet1
    {
        type            fixedValue;
        value           uniform 0.85;
    }
    inlet2
    {
        type            zeroGradient;
    }
    inlet3
    {
        type            fixedValue;
        value           uniform 0.6;
    }
    output1
    {
        type            zeroGradient;
    }
    output2
    {
        type            zeroGradient;
    }
    output3
    {
        type            zeroGradient;
    }
    up
    {
        type            zeroGradient;
    }
    down
    {
        type            zeroGradient;
    }
    emptyWalls
    {
        type            empty;
    }
}


// ************************************************************************* //
