/*--------------------------------*- C++ -*----------------------------------*\
  =========                 |
  \\      /  F ield         | OpenFOAM: The Open Source CFD Toolbox
   \\    /   O peration     | Website:  https://openfoam.org
    \\  /    A nd           | Version:  9
     \\/     M anipulation  |
\*---------------------------------------------------------------------------*/
FoamFile
{
    format      ascii;
    class       volVectorField;
    location    "20500";
    object      ut;
}
// * * * * * * * * * * * * * * * * * * * * * * * * * * * * * * * * * * * * * //

dimensions      [0 1 -1 0 0 0 0];

internalField   nonuniform List<vector> 
900
(
(6.19969e-06 4.34274e-06 -0)
(2.89268e-06 3.12442e-06 -0)
(4.65597e-07 4.72039e-07 -0)
(1.68672e-07 1.65958e-08 -0)
(9.10622e-08 -6.17099e-09 -0)
(1.64227e-07 4.01259e-09 -0)
(1.56637e-07 2.97674e-09 -0)
(1.51833e-07 1.82776e-09 -0)
(1.49049e-07 9.5591e-10 -0)
(1.47738e-07 3.55339e-10 -0)
(1.47419e-07 -3.72467e-11 -0)
(1.47727e-07 -2.71456e-10 -0)
(1.48374e-07 -3.76435e-10 -0)
(1.49117e-07 -3.66566e-10 -0)
(1.4973e-07 -2.47596e-10 -0)
(1.49998e-07 -2.12117e-11 -0)
(1.49707e-07 3.12044e-10 -0)
(1.48643e-07 7.51767e-10 -0)
(1.46593e-07 1.29769e-09 -0)
(1.43344e-07 1.94967e-09 -0)
(1.38686e-07 2.70732e-09 -0)
(1.3241e-07 3.56873e-09 -0)
(1.24312e-07 4.52791e-09 -0)
(1.14212e-07 5.57066e-09 -0)
(1.01969e-07 6.67019e-09 -0)
(8.75155e-08 7.78194e-09 -0)
(7.08922e-08 8.84024e-09 -0)
(5.22909e-08 9.76008e-09 -0)
(3.20821e-08 1.04471e-08 -0)
(1.08171e-08 1.08164e-08 -0)
(1.71017e-06 7.34984e-06 -0)
(6.08615e-07 1.61599e-06 -0)
(2.58774e-07 6.19215e-07 -0)
(4.27632e-07 5.94925e-07 -0)
(7.60384e-08 1.60149e-08 -0)
(1.73463e-07 1.42978e-08 -0)
(1.54453e-07 9.04322e-09 -0)
(1.49812e-07 5.20586e-09 -0)
(1.47577e-07 2.59617e-09 -0)
(1.46745e-07 8.57659e-10 -0)
(1.46792e-07 -2.70446e-10 -0)
(1.47388e-07 -9.4381e-10 -0)
(1.48279e-07 -1.24436e-09 -0)
(1.49245e-07 -1.20892e-09 -0)
(1.50075e-07 -8.50268e-10 -0)
(1.50558e-07 -1.70806e-10 -0)
(1.5048e-07 8.29207e-10 -0)
(1.49628e-07 2.14878e-09 -0)
(1.4779e-07 3.78679e-09 -0)
(1.44754e-07 5.74306e-09 -0)
(1.40306e-07 8.0178e-09 -0)
(1.3423e-07 1.06079e-08 -0)
(1.26314e-07 1.34993e-08 -0)
(1.16354e-07 1.66547e-08 -0)
(1.04181e-07 1.99982e-08 -0)
(8.96856e-08 2.33989e-08 -0)
(7.28704e-08 2.66583e-08 -0)
(5.38977e-08 2.95123e-08 -0)
(3.31384e-08 3.16589e-08 -0)
(1.11863e-08 3.28185e-08 -0)
(3.0396e-06 2.00231e-05 -0)
(1.09383e-06 5.29812e-06 -0)
(2.09532e-08 1.33701e-06 -0)
(1.38246e-07 3.29799e-08 -0)
(1.04483e-07 5.55046e-08 -0)
(1.53156e-07 2.45902e-08 -0)
(1.47545e-07 1.36923e-08 -0)
(1.45386e-07 7.356e-09 -0)
(1.44701e-07 3.36501e-09 -0)
(1.44871e-07 7.49302e-10 -0)
(1.45618e-07 -9.58525e-10 -0)
(1.46753e-07 -1.98896e-09 -0)
(1.48109e-07 -2.44819e-09 -0)
(1.49511e-07 -2.3746e-09 -0)
(1.50768e-07 -1.77388e-09 -0)
(1.51678e-07 -6.41086e-10 -0)
(1.52027e-07 1.02667e-09 -0)
(1.516e-07 3.22732e-09 -0)
(1.50187e-07 5.95762e-09 -0)
(1.47575e-07 9.21787e-09 -0)
(1.43551e-07 1.30127e-08 -0)
(1.37891e-07 1.73458e-08 -0)
(1.30359e-07 2.22066e-08 -0)
(1.20711e-07 2.75504e-08 -0)
(1.08714e-07 3.32689e-08 -0)
(9.41756e-08 3.91568e-08 -0)
(7.70057e-08 4.48814e-08 -0)
(5.72915e-08 4.99718e-08 -0)
(3.53883e-08 5.38575e-08 -0)
(1.19767e-08 5.59807e-08 -0)
(3.58765e-06 2.47984e-05 -0)
(8.7569e-07 3.96641e-06 -0)
(3.79878e-07 2.3584e-06 -0)
(4.83286e-08 8.32689e-09 -0)
(1.14059e-07 4.38177e-08 -0)
(1.31607e-07 2.44678e-08 -0)
(1.37218e-07 1.37798e-08 -0)
(1.39485e-07 7.16077e-09 -0)
(1.4097e-07 2.7587e-09 -0)
(1.42421e-07 -2.66709e-10 -0)
(1.44054e-07 -2.32364e-09 -0)
(1.45898e-07 -3.60517e-09 -0)
(1.47893e-07 -4.18457e-09 -0)
(1.4992e-07 -4.06745e-09 -0)
(1.51809e-07 -3.22968e-09 -0)
(1.53359e-07 -1.64633e-09 -0)
(1.54349e-07 6.91296e-10 -0)
(1.54559e-07 3.77632e-09 -0)
(1.53781e-07 7.59884e-09 -0)
(1.51809e-07 1.21586e-08 -0)
(1.48433e-07 1.747e-08 -0)
(1.43424e-07 2.35562e-08 -0)
(1.36518e-07 3.04315e-08 -0)
(1.27416e-07 3.80721e-08 -0)
(1.15787e-07 4.63707e-08 -0)
(1.01298e-07 5.50785e-08 -0)
(8.36854e-08 6.37388e-08 -0)
(6.28739e-08 7.16367e-08 -0)
(3.91473e-08 7.78187e-08 -0)
(1.33096e-08 8.12665e-08 -0)
(3.57511e-06 3.39181e-05 -0)
(1.47373e-06 9.86594e-06 -0)
(4.0182e-07 3.1192e-06 -0)
(3.99241e-08 5.18245e-09 -0)
(1.20319e-07 2.04534e-08 -0)
(1.23115e-07 1.57114e-08 -0)
(1.30238e-07 9.79832e-09 -0)
(1.34365e-07 4.7487e-09 -0)
(1.37274e-07 7.75847e-10 -0)
(1.39789e-07 -2.25118e-09 -0)
(1.42279e-07 -4.46401e-09 -0)
(1.44892e-07 -5.92363e-09 -0)
(1.47647e-07 -6.61756e-09 -0)
(1.50465e-07 -6.48113e-09 -0)
(1.53189e-07 -5.43121e-09 -0)
(1.55599e-07 -3.40601e-09 -0)
(1.57449e-07 -3.91546e-10 -0)
(1.58508e-07 3.58801e-09 -0)
(1.58569e-07 8.50316e-09 -0)
(1.57446e-07 1.43481e-08 -0)
(1.54949e-07 2.11527e-08 -0)
(1.50853e-07 2.89775e-08 -0)
(1.44875e-07 3.78917e-08 -0)
(1.3665e-07 4.79363e-08 -0)
(1.2572e-07 5.90638e-08 -0)
(1.11544e-07 7.1048e-08 -0)
(9.35638e-08 8.3359e-08 -0)
(7.13714e-08 9.50176e-08 -0)
(4.50182e-08 1.04515e-07 -0)
(1.54245e-08 1.1e-07 -0)
(3.77145e-06 3.98179e-05 -0)
(4.32173e-07 5.86519e-06 -0)
(2.06731e-07 4.51069e-06 -0)
(4.91304e-08 6.6741e-09 -0)
(1.21818e-07 8.51965e-09 -0)
(1.20952e-07 8.12816e-09 -0)
(1.26256e-07 4.95351e-09 -0)
(1.30462e-07 1.25998e-09 -0)
(1.3397e-07 -2.15286e-09 -0)
(1.37181e-07 -5.04993e-09 -0)
(1.40382e-07 -7.35771e-09 -0)
(1.43745e-07 -9.0075e-09 -0)
(1.47336e-07 -9.88072e-09 -0)
(1.51106e-07 -9.80815e-09 -0)
(1.54884e-07 -8.60782e-09 -0)
(1.58398e-07 -6.15471e-09 -0)
(1.61343e-07 -2.43919e-09 -0)
(1.63454e-07 2.46442e-09 -0)
(1.64541e-07 8.47789e-09 -0)
(1.64459e-07 1.55778e-08 -0)
(1.63063e-07 2.38154e-08 -0)
(1.60163e-07 3.33095e-08 -0)
(1.55477e-07 4.42222e-08 -0)
(1.48589e-07 5.67183e-08 -0)
(1.38899e-07 7.09001e-08 -0)
(1.25593e-07 8.66912e-08 -0)
(1.07655e-07 1.03632e-07 -0)
(8.40298e-08 1.2056e-07 -0)
(5.413e-08 1.35224e-07 -0)
(1.87949e-08 1.44219e-07 -0)
(2.85359e-06 4.91264e-05 -0)
(2.41582e-07 1.54438e-05 -0)
(1.09186e-07 3.07424e-06 -0)
(5.51482e-08 7.96007e-09 -0)
(1.19884e-07 4.50139e-09 -0)
(1.19549e-07 3.32844e-09 -0)
(1.2337e-07 6.27643e-10 -0)
(1.27258e-07 -2.50931e-09 -0)
(1.30964e-07 -5.5974e-09 -0)
(1.34584e-07 -8.43753e-09 -0)
(1.38322e-07 -1.09094e-08 -0)
(1.42369e-07 -1.28676e-08 -0)
(1.46846e-07 -1.40895e-08 -0)
(1.51738e-07 -1.42627e-08 -0)
(1.56843e-07 -1.30368e-08 -0)
(1.61767e-07 -1.01656e-08 -0)
(1.66069e-07 -5.67496e-09 -0)
(1.69425e-07 2.30742e-10 -0)
(1.71682e-07 7.36608e-09 -0)
(1.72784e-07 1.56697e-08 -0)
(1.72681e-07 2.52218e-08 -0)
(1.71259e-07 3.62233e-08 -0)
(1.68283e-07 4.89693e-08 -0)
(1.63328e-07 6.38148e-08 -0)
(1.55693e-07 8.11279e-08 -0)
(1.44276e-07 1.01185e-07 -0)
(1.27433e-07 1.23919e-07 -0)
(1.02963e-07 1.48367e-07 -0)
(6.86775e-08 1.71601e-07 -0)
(2.442e-08 1.87434e-07 -0)
(2.6757e-06 5.76227e-05 -0)
(-2.7621e-07 7.19742e-06 -0)
(-8.52883e-08 4.26093e-06 -0)
(5.75224e-08 8.81117e-09 -0)
(1.1629e-07 3.64071e-09 -0)
(1.17078e-07 5.66094e-11 -0)
(1.20418e-07 -3.26202e-09 -0)
(1.24237e-07 -6.32705e-09 -0)
(1.28042e-07 -9.28988e-09 -0)
(1.31869e-07 -1.21932e-08 -0)
(1.35952e-07 -1.49748e-08 -0)
(1.40565e-07 -1.7464e-08 -0)
(1.45941e-07 -1.9347e-08 -0)
(1.52159e-07 -2.01162e-08 -0)
(1.58981e-07 -1.91111e-08 -0)
(1.6576e-07 -1.57962e-08 -0)
(1.71739e-07 -1.03259e-08 -0)
(1.76495e-07 -3.23272e-09 -0)
(1.7998e-07 5.08594e-09 -0)
(1.82314e-07 1.45132e-08 -0)
(1.83617e-07 2.51783e-08 -0)
(1.8391e-07 3.73934e-08 -0)
(1.83069e-07 5.16171e-08 -0)
(1.80747e-07 6.84437e-08 -0)
(1.76269e-07 8.86121e-08 -0)
(1.68385e-07 1.13e-07 -0)
(1.54837e-07 1.42494e-07 -0)
(1.31711e-07 1.77386e-07 -0)
(9.31974e-08 2.1538e-07 -0)
(3.46277e-08 2.46481e-07 -0)
(2.19716e-06 6.6822e-05 -0)
(-1.7165e-06 1.77869e-05 -0)
(-5.02095e-08 2.19707e-06 -0)
(5.59599e-08 2.0886e-08 -0)
(1.10947e-07 3.95137e-09 -0)
(1.12646e-07 -3.48072e-09 -0)
(1.16987e-07 -7.40519e-09 -0)
(1.21231e-07 -1.0247e-08 -0)
(1.25097e-07 -1.30415e-08 -0)
(1.28899e-07 -1.60709e-08 -0)
(1.33051e-07 -1.93323e-08 -0)
(1.37997e-07 -2.26665e-08 -0)
(1.44194e-07 -2.57178e-08 -0)
(1.51974e-07 -2.77439e-08 -0)
(1.61163e-07 -2.74953e-08 -0)
(1.70553e-07 -2.35822e-08 -0)
(1.78632e-07 -1.65999e-08 -0)
(1.84837e-07 -7.92138e-09 -0)
(1.89428e-07 1.69691e-09 -0)
(1.92876e-07 1.21191e-08 -0)
(1.95561e-07 2.35843e-08 -0)
(1.97698e-07 3.65548e-08 -0)
(1.99334e-07 5.1662e-08 -0)
(2.00323e-07 6.97306e-08 -0)
(2.0025e-07 9.18765e-08 -0)
(1.98158e-07 1.19711e-07 -0)
(1.91818e-07 1.55671e-07 -0)
(1.75849e-07 2.03303e-07 -0)
(1.37773e-07 2.66052e-07 -0)
(5.55213e-08 3.3663e-07 -0)
(5.82105e-06 7.74641e-05 -0)
(5.26529e-09 7.43629e-06 -0)
(3.41231e-08 2.89972e-08 -0)
(5.30116e-08 1.40173e-08 -0)
(9.18112e-08 -4.76216e-09 -0)
(1.05721e-07 -1.05259e-08 -0)
(1.13652e-07 -1.26308e-08 -0)
(1.18601e-07 -1.42146e-08 -0)
(1.22218e-07 -1.65582e-08 -0)
(1.25578e-07 -1.97161e-08 -0)
(1.29356e-07 -2.36167e-08 -0)
(1.34179e-07 -2.81515e-08 -0)
(1.40863e-07 -3.31139e-08 -0)
(1.50381e-07 -3.76464e-08 -0)
(1.63143e-07 -3.9544e-08 -0)
(1.76655e-07 -3.44372e-08 -0)
(1.874e-07 -2.45701e-08 -0)
(1.94792e-07 -1.35498e-08 -0)
(2.00021e-07 -2.49569e-09 -0)
(2.04202e-07 8.68136e-09 -0)
(2.08052e-07 2.04854e-08 -0)
(2.11988e-07 3.3579e-08 -0)
(2.16244e-07 4.8745e-08 -0)
(2.20962e-07 6.69401e-08 -0)
(2.26249e-07 8.94526e-08 -0)
(2.32179e-07 1.18295e-07 -0)
(2.38429e-07 1.57176e-07 -0)
(2.42092e-07 2.14102e-07 -0)
(2.26525e-07 3.08894e-07 -0)
(1.05206e-07 4.97357e-07 -0)
(8.12025e-07 8.07985e-05 -0)
(2.38726e-06 2.28361e-05 -0)
(1.27503e-06 2.35456e-06 -0)
(2.89491e-08 5.61068e-09 -0)
(8.64023e-08 -1.63646e-08 -0)
(1.04777e-07 -2.12449e-08 -0)
(1.13298e-07 -1.83777e-08 -0)
(1.17303e-07 -1.74223e-08 -0)
(1.19596e-07 -1.92609e-08 -0)
(1.2184e-07 -2.26185e-08 -0)
(1.24616e-07 -2.7267e-08 -0)
(1.285e-07 -3.32088e-08 -0)
(1.34699e-07 -4.094e-08 -0)
(1.45544e-07 -5.01837e-08 -0)
(1.64372e-07 -5.8597e-08 -0)
(1.85526e-07 -5.00522e-08 -0)
(1.99519e-07 -3.36933e-08 -0)
(2.06911e-07 -1.92121e-08 -0)
(2.11659e-07 -6.81104e-09 -0)
(2.15857e-07 4.61646e-09 -0)
(2.20459e-07 1.6097e-08 -0)
(2.25958e-07 2.85311e-08 -0)
(2.32695e-07 4.27989e-08 -0)
(2.41031e-07 5.98322e-08 -0)
(2.51604e-07 8.06993e-08 -0)
(2.65881e-07 1.06839e-07 -0)
(2.87626e-07 1.40636e-07 -0)
(3.27567e-07 1.87037e-07 -0)
(4.21028e-07 2.58064e-07 -0)
(7.03675e-07 3.86857e-07 -0)
(8.54895e-06 7.41182e-05 -0)
(4.84528e-06 6.12909e-06 -0)
(1.81785e-06 1.13989e-06 -0)
(2.68892e-06 1.38315e-06 -0)
(2.68262e-07 4.64382e-09 -0)
(1.03494e-07 -1.24749e-08 -0)
(1.17474e-07 -2.46112e-08 -0)
(1.17718e-07 -1.78361e-08 -0)
(1.17022e-07 -2.04542e-08 -0)
(1.17572e-07 -2.42386e-08 -0)
(1.18766e-07 -2.96239e-08 -0)
(1.20506e-07 -3.64769e-08 -0)
(1.23888e-07 -4.72536e-08 -0)
(1.32724e-07 -6.35515e-08 -0)
(1.63274e-07 -9.46079e-08 -0)
(2.01559e-07 -7.34808e-08 -0)
(2.1824e-07 -4.0939e-08 -0)
(2.21674e-07 -2.27939e-08 -0)
(2.23849e-07 -1.01533e-08 -0)
(2.2711e-07 4.99135e-10 -0)
(2.31967e-07 1.07552e-08 -0)
(2.3869e-07 2.16495e-08 -0)
(2.47546e-07 3.40875e-08 -0)
(2.58862e-07 4.88905e-08 -0)
(2.73256e-07 6.66729e-08 -0)
(2.92116e-07 8.77279e-08 -0)
(3.18626e-07 1.1149e-07 -0)
(3.59521e-07 1.35346e-07 -0)
(4.26345e-07 1.49469e-07 -0)
(5.22538e-07 1.16611e-07 -0)
(3.22862e-05 6.71115e-05 -0)
(3.79173e-05 2.76697e-05 -0)
(2.75082e-05 1.08191e-05 -0)
(1.36579e-05 3.63749e-06 -0)
(8.33372e-06 2.24736e-06 -0)
(7.58664e-06 6.47943e-07 -0)
(7.20093e-08 -3.47655e-09 -0)
(1.21459e-07 -8.558e-09 -0)
(1.12984e-07 -1.03272e-08 -0)
(1.12512e-07 -1.23732e-08 -0)
(1.12377e-07 -1.52719e-08 -0)
(1.1087e-07 -1.88051e-08 -0)
(1.07624e-07 -2.49449e-08 -0)
(9.81894e-08 -3.51301e-08 -0)
(1.54442e-07 -5.99498e-08 -0)
(2.39195e-07 -1.1758e-07 -0)
(2.50206e-07 -3.40835e-08 -0)
(2.37697e-07 -2.12029e-08 -0)
(2.34952e-07 -1.17962e-08 -0)
(2.36766e-07 -3.36441e-09 -0)
(2.41609e-07 4.8276e-09 -0)
(2.4929e-07 1.35155e-08 -0)
(2.59935e-07 2.36221e-08 -0)
(2.73616e-07 3.60266e-08 -0)
(2.90442e-07 5.10622e-08 -0)
(3.10699e-07 6.82428e-08 -0)
(3.35244e-07 8.50566e-08 -0)
(3.65545e-07 9.59834e-08 -0)
(4.02293e-07 8.9394e-08 -0)
(4.37595e-07 4.69762e-08 -0)
(2.59715e-05 3.33435e-06 -0)
(5.3686e-05 1.24257e-05 -0)
(6.11359e-05 1.87013e-05 -0)
(6.40811e-05 2.00887e-05 -0)
(5.55211e-05 1.19218e-05 -0)
(5.42e-05 8.63891e-06 -0)
(4.6657e-05 6.87852e-06 -0)
(4.69765e-05 7.7622e-07 -0)
(4.65904e-05 -5.67101e-09 -0)
(4.71001e-05 -5.20212e-08 -0)
(4.70198e-05 1.12071e-07 -0)
(4.54156e-05 5.25157e-07 -0)
(4.51226e-05 1.27407e-06 -0)
(3.67023e-05 2.8312e-06 -0)
(3.42587e-05 9.67982e-06 -0)
(1.70347e-07 -4.5351e-09 -0)
(2.99537e-07 -1.13925e-08 -0)
(2.26642e-07 -8.72766e-09 -0)
(2.18731e-07 -5.54674e-09 -0)
(2.1716e-07 -2.35727e-09 -0)
(2.19426e-07 7.66986e-10 -0)
(2.25052e-07 4.04603e-09 -0)
(2.33695e-07 7.88293e-09 -0)
(2.4523e-07 1.2691e-08 -0)
(2.5808e-07 1.84881e-08 -0)
(2.74981e-07 2.52526e-08 -0)
(2.9411e-07 3.17503e-08 -0)
(3.17678e-07 3.59103e-08 -0)
(3.44617e-07 3.25674e-08 -0)
(3.74168e-07 1.55094e-08 -0)
(4.3758e-06 -1.23162e-05 -0)
(1.62649e-05 -6.91307e-06 -0)
(2.56257e-05 8.47504e-07 -0)
(4.16964e-05 6.98658e-06 -0)
(5.0417e-05 9.0191e-06 -0)
(5.47322e-05 7.89037e-06 -0)
(6.05552e-05 5.90661e-06 -0)
(6.08692e-05 1.77286e-06 -0)
(6.32642e-05 -1.91763e-08 -0)
(6.10681e-05 -1.98312e-07 -0)
(6.4976e-05 5.73718e-07 -0)
(5.91595e-05 1.97858e-06 -0)
(6.49499e-05 5.51296e-06 -0)
(5.21557e-05 9.48392e-06 -0)
(6.18757e-05 2.16657e-05 -0)
(4.47127e-05 2.19228e-05 -0)
(4.43725e-05 2.29135e-06 -0)
(4.2555e-05 4.75905e-07 -0)
(4.2387e-05 -2.74548e-07 -0)
(4.3785e-05 -7.42169e-07 -0)
(4.63048e-05 -1.08316e-06 -0)
(4.953e-05 -1.33649e-06 -0)
(5.3319e-05 -1.54845e-06 -0)
(5.75523e-05 -1.75989e-06 -0)
(6.24636e-05 -1.99793e-06 -0)
(6.78264e-05 -2.20597e-06 -0)
(7.39069e-05 -2.28332e-06 -0)
(7.94958e-05 -2.0346e-06 -0)
(8.47479e-05 -1.43485e-06 -0)
(8.6879e-05 -5.32228e-07 -0)
(2.91874e-06 -1.60552e-05 -0)
(8.5558e-06 -1.13345e-05 -0)
(1.49208e-05 -6.35618e-06 -0)
(2.35236e-05 -2.70119e-06 -0)
(3.21407e-05 2.39121e-07 -0)
(3.90401e-05 1.40003e-06 -0)
(4.48231e-05 1.12404e-06 -0)
(4.75833e-05 1.21597e-07 -0)
(4.91408e-05 -4.81499e-07 -0)
(4.9122e-05 -4.44845e-07 -0)
(5.05123e-05 5.56885e-07 -0)
(4.92471e-05 2.22364e-06 -0)
(5.16868e-05 5.6884e-06 -0)
(5.08227e-05 9.75598e-06 -0)
(5.70772e-05 1.5638e-05 -0)
(6.58023e-05 1.72562e-05 -0)
(6.55196e-05 6.7348e-06 -0)
(6.59681e-05 1.29183e-06 -0)
(6.7496e-05 -1.62575e-06 -0)
(7.0264e-05 -3.58365e-06 -0)
(7.42169e-05 -5.02383e-06 -0)
(7.8954e-05 -6.11581e-06 -0)
(8.45588e-05 -7.06122e-06 -0)
(9.06948e-05 -8.04413e-06 -0)
(9.80993e-05 -9.19394e-06 -0)
(0.000106006 -1.03231e-05 -0)
(0.000115902 -1.10456e-05 -0)
(0.00012508 -1.03517e-05 -0)
(0.000135557 -7.68799e-06 -0)
(0.000139923 -2.89098e-06 -0)
(3.6857e-06 -2.50851e-05 -0)
(1.00717e-05 -1.91368e-05 -0)
(1.68417e-05 -1.39466e-05 -0)
(2.32791e-05 -9.35381e-06 -0)
(2.94489e-05 -5.85021e-06 -0)
(3.47776e-05 -3.61856e-06 -0)
(3.90363e-05 -2.43645e-06 -0)
(4.18128e-05 -1.87617e-06 -0)
(4.37795e-05 -1.51013e-06 -0)
(4.48641e-05 -1.00222e-06 -0)
(4.59555e-05 8.97876e-08 -0)
(4.67408e-05 1.72585e-06 -0)
(4.82732e-05 4.17409e-06 -0)
(5.13467e-05 6.77355e-06 -0)
(5.55274e-05 8.69366e-06 -0)
(6.46002e-05 8.56729e-06 -0)
(6.90698e-05 4.36884e-06 -0)
(7.25612e-05 -4.3783e-07 -0)
(7.63273e-05 -4.28326e-06 -0)
(8.07099e-05 -7.22736e-06 -0)
(8.57428e-05 -9.49545e-06 -0)
(9.14143e-05 -1.13211e-05 -0)
(9.77333e-05 -1.29852e-05 -0)
(0.000104843 -1.48229e-05 -0)
(0.000112933 -1.69841e-05 -0)
(0.000122009 -1.94557e-05 -0)
(0.000132982 -2.1595e-05 -0)
(0.000144537 -2.18622e-05 -0)
(0.000158829 -1.78677e-05 -0)
(0.000167942 -7.42223e-06 -0)
(4.35578e-06 -3.14381e-05 -0)
(1.20749e-05 -2.53057e-05 -0)
(1.95981e-05 -1.99218e-05 -0)
(2.66637e-05 -1.52216e-05 -0)
(3.30405e-05 -1.12768e-05 -0)
(3.84534e-05 -8.1959e-06 -0)
(4.28982e-05 -5.98143e-06 -0)
(4.62954e-05 -4.4506e-06 -0)
(4.89964e-05 -3.34297e-06 -0)
(5.09922e-05 -2.32246e-06 -0)
(5.27928e-05 -1.09218e-06 -0)
(5.46452e-05 3.97976e-07 -0)
(5.69179e-05 1.99252e-06 -0)
(6.04511e-05 3.2045e-06 -0)
(6.49899e-05 3.33788e-06 -0)
(7.12142e-05 2.15154e-06 -0)
(7.74088e-05 -7.08423e-07 -0)
(8.31256e-05 -4.80269e-06 -0)
(8.88319e-05 -8.92857e-06 -0)
(9.44992e-05 -1.24414e-05 -0)
(0.000100421 -1.53374e-05 -0)
(0.000106688 -1.7797e-05 -0)
(0.00011325 -2.01653e-05 -0)
(0.000120678 -2.27949e-05 -0)
(0.000127882 -2.57589e-05 -0)
(0.000136646 -2.94595e-05 -0)
(0.000144672 -3.30085e-05 -0)
(0.00015612 -3.58747e-05 -0)
(0.000168332 -3.29754e-05 -0)
(0.000184315 -1.75518e-05 -0)
(6.56255e-06 -4.25727e-05 -0)
(1.80652e-05 -3.40089e-05 -0)
(2.83763e-05 -2.77748e-05 -0)
(3.67742e-05 -2.22542e-05 -0)
(4.34954e-05 -1.73798e-05 -0)
(4.88068e-05 -1.32902e-05 -0)
(5.30949e-05 -1.00977e-05 -0)
(5.64733e-05 -7.69923e-06 -0)
(5.92699e-05 -5.90701e-06 -0)
(6.15585e-05 -4.45763e-06 -0)
(6.38455e-05 -3.18877e-06 -0)
(6.63202e-05 -2.06517e-06 -0)
(6.95838e-05 -1.31406e-06 -0)
(7.36658e-05 -1.24732e-06 -0)
(7.89235e-05 -2.21399e-06 -0)
(8.46999e-05 -4.21415e-06 -0)
(9.12232e-05 -7.27449e-06 -0)
(9.69804e-05 -1.10843e-05 -0)
(0.000102762 -1.50653e-05 -0)
(0.00010745 -1.85174e-05 -0)
(0.000112775 -2.16208e-05 -0)
(0.000117265 -2.41706e-05 -0)
(0.000122698 -2.68407e-05 -0)
(0.000127205 -2.93238e-05 -0)
(0.000131871 -3.23131e-05 -0)
(0.000136226 -3.56393e-05 -0)
(0.000139034 -3.9529e-05 -0)
(0.00014566 -4.46538e-05 -0)
(0.000150673 -4.6781e-05 -0)
(0.000171563 -3.8306e-05 -0)
(1.25119e-05 -5.62258e-05 -0)
(3.43402e-05 -4.47884e-05 -0)
(4.68783e-05 -3.71925e-05 -0)
(5.38306e-05 -2.97639e-05 -0)
(5.80568e-05 -2.31243e-05 -0)
(6.08774e-05 -1.76996e-05 -0)
(6.30981e-05 -1.35577e-05 -0)
(6.48838e-05 -1.04738e-05 -0)
(6.65519e-05 -8.24308e-06 -0)
(6.81155e-05 -6.63831e-06 -0)
(6.99716e-05 -5.56659e-06 -0)
(7.21686e-05 -5.00184e-06 -0)
(7.51565e-05 -5.07823e-06 -0)
(7.8705e-05 -5.90701e-06 -0)
(8.30555e-05 -7.57962e-06 -0)
(8.74767e-05 -9.97216e-06 -0)
(9.23165e-05 -1.29612e-05 -0)
(9.63933e-05 -1.62125e-05 -0)
(0.000100726 -1.95819e-05 -0)
(0.000104044 -2.25963e-05 -0)
(0.000108569 -2.55533e-05 -0)
(0.000111495 -2.78101e-05 -0)
(0.000116204 -3.02813e-05 -0)
(0.000117434 -3.18393e-05 -0)
(0.000121162 -3.45083e-05 -0)
(0.000119971 -3.63075e-05 -0)
(0.000122056 -4.05983e-05 -0)
(0.000121496 -4.51185e-05 -0)
(0.000122927 -5.30076e-05 -0)
(0.000175057 -7.55386e-05 -0)
(8.91244e-05 -8.11406e-05 -0)
(8.07747e-05 -6.45875e-05 -0)
(7.41802e-05 -4.67071e-05 -0)
(6.91649e-05 -3.35622e-05 -0)
(6.58881e-05 -2.46468e-05 -0)
(6.39426e-05 -1.84939e-05 -0)
(6.31137e-05 -1.42037e-05 -0)
(6.28814e-05 -1.11572e-05 -0)
(6.32628e-05 -9.07738e-06 -0)
(6.3928e-05 -7.72963e-06 -0)
(6.51667e-05 -7.07584e-06 -0)
(6.67466e-05 -7.05327e-06 -0)
(6.90438e-05 -7.73177e-06 -0)
(7.17083e-05 -9.06776e-06 -0)
(7.50002e-05 -1.10695e-05 -0)
(7.85055e-05 -1.35815e-05 -0)
(8.24223e-05 -1.65059e-05 -0)
(8.64867e-05 -1.96769e-05 -0)
(9.09659e-05 -2.29977e-05 -0)
(9.54485e-05 -2.62134e-05 -0)
(0.000100304 -2.91539e-05 -0)
(0.00010401 -3.12726e-05 -0)
(0.000107742 -3.28633e-05 -0)
(0.000107765 -3.33987e-05 -0)
(0.000109678 -3.49448e-05 -0)
(0.000104001 -3.53976e-05 -0)
(0.000107456 -4.05833e-05 -0)
(9.38141e-05 -4.38579e-05 -0)
(0.000105219 -7.75253e-05 -0)
(5.2787e-05 -0.000149358 -0)
(7.99562e-05 -5.10133e-05 -0)
(6.43999e-05 -3.88855e-05 -0)
(5.64281e-05 -2.98922e-05 -0)
(5.3485e-05 -2.35158e-05 -0)
(5.30684e-05 -1.88882e-05 -0)
(5.36785e-05 -1.53765e-05 -0)
(5.4838e-05 -1.26929e-05 -0)
(5.60694e-05 -1.06414e-05 -0)
(5.76037e-05 -9.23398e-06 -0)
(5.90554e-05 -8.40203e-06 -0)
(6.10095e-05 -8.24933e-06 -0)
(6.29071e-05 -8.71752e-06 -0)
(6.55889e-05 -9.94419e-06 -0)
(6.81913e-05 -1.17788e-05 -0)
(7.17086e-05 -1.43474e-05 -0)
(7.50958e-05 -1.73391e-05 -0)
(7.93021e-05 -2.08499e-05 -0)
(8.34493e-05 -2.44893e-05 -0)
(8.79861e-05 -2.81767e-05 -0)
(9.21992e-05 -3.14232e-05 -0)
(9.59506e-05 -3.38329e-05 -0)
(9.84942e-05 -3.4847e-05 -0)
(9.86317e-05 -3.42622e-05 -0)
(9.73892e-05 -3.3091e-05 -0)
(9.27463e-05 -3.16565e-05 -0)
(8.74876e-05 -3.20391e-05 -0)
(7.89445e-05 -3.39991e-05 -0)
(7.03501e-05 -3.94753e-05 -0)
(5.23002e-05 -4.11186e-05 -0)
(8.43393e-06 -1.79489e-05 -0)
(8.53922e-05 -4.06771e-05 -0)
(7.90699e-05 -3.81724e-05 -0)
(7.55479e-05 -3.38448e-05 -0)
(7.35809e-05 -2.8666e-05 -0)
(7.23942e-05 -2.36807e-05 -0)
(7.15778e-05 -1.94216e-05 -0)
(7.10498e-05 -1.60199e-05 -0)
(7.06187e-05 -1.34591e-05 -0)
(7.05235e-05 -1.17308e-05 -0)
(7.03784e-05 -1.07873e-05 -0)
(7.07179e-05 -1.06772e-05 -0)
(7.07953e-05 -1.13211e-05 -0)
(7.15957e-05 -1.28181e-05 -0)
(7.18825e-05 -1.49208e-05 -0)
(7.32836e-05 -1.78248e-05 -0)
(7.4049e-05 -2.09683e-05 -0)
(7.63123e-05 -2.47316e-05 -0)
(7.80803e-05 -2.8226e-05 -0)
(8.09734e-05 -3.17313e-05 -0)
(8.31245e-05 -3.42486e-05 -0)
(8.54203e-05 -3.56612e-05 -0)
(8.44816e-05 -3.44544e-05 -0)
(8.26081e-05 -3.20869e-05 -0)
(7.76752e-05 -2.82393e-05 -0)
(7.20393e-05 -2.4949e-05 -0)
(6.2196e-05 -2.27331e-05 -0)
(5.41509e-05 -2.45061e-05 -0)
(4.151e-05 -2.35321e-05 -0)
(2.45182e-05 -2.06215e-05 -0)
(7.39678e-06 -1.97174e-05 -0)
(8.73744e-05 -3.21405e-05 -0)
(8.00085e-05 -3.0074e-05 -0)
(7.34906e-05 -2.64741e-05 -0)
(6.84203e-05 -2.23474e-05 -0)
(6.46342e-05 -1.84386e-05 -0)
(6.20846e-05 -1.51922e-05 -0)
(6.02217e-05 -1.26139e-05 -0)
(5.91144e-05 -1.07743e-05 -0)
(5.82695e-05 -9.5455e-06 -0)
(5.79238e-05 -9.01789e-06 -0)
(5.76711e-05 -9.10378e-06 -0)
(5.77683e-05 -9.94112e-06 -0)
(5.8102e-05 -1.14796e-05 -0)
(5.86506e-05 -1.37995e-05 -0)
(6.01018e-05 -1.69546e-05 -0)
(6.14122e-05 -2.06197e-05 -0)
(6.45443e-05 -2.51677e-05 -0)
(6.68012e-05 -2.92594e-05 -0)
(7.03666e-05 -3.33446e-05 -0)
(7.27361e-05 -3.57e-05 -0)
(7.31743e-05 -3.5392e-05 -0)
(6.91153e-05 -3.18806e-05 -0)
(6.4751e-05 -2.79011e-05 -0)
(5.80422e-05 -2.25623e-05 -0)
(5.12464e-05 -1.68417e-05 -0)
(4.13507e-05 -1.2838e-05 -0)
(3.45345e-05 -1.51189e-05 -0)
(2.18139e-05 -1.38246e-05 -0)
(1.4816e-05 -5.76514e-06 -0)
(9.06406e-08 -1.85758e-07 -0)
(8.80709e-05 -2.5118e-05 -0)
(8.20762e-05 -2.39476e-05 -0)
(7.69765e-05 -2.20209e-05 -0)
(7.31394e-05 -1.96181e-05 -0)
(7.02694e-05 -1.70439e-05 -0)
(6.84239e-05 -1.46808e-05 -0)
(6.69209e-05 -1.26346e-05 -0)
(6.61763e-05 -1.11465e-05 -0)
(6.52418e-05 -1.01244e-05 -0)
(6.50789e-05 -9.82753e-06 -0)
(6.42978e-05 -1.00752e-05 -0)
(6.44644e-05 -1.12768e-05 -0)
(6.37058e-05 -1.31107e-05 -0)
(6.40609e-05 -1.6167e-05 -0)
(6.36477e-05 -1.98011e-05 -0)
(6.393e-05 -2.44027e-05 -0)
(6.47161e-05 -2.93024e-05 -0)
(6.4324e-05 -3.325e-05 -0)
(6.60612e-05 -3.70026e-05 -0)
(6.49548e-05 -3.68032e-05 -0)
(6.00743e-05 -3.21783e-05 -0)
(5.12779e-05 -2.58689e-05 -0)
(4.51965e-05 -2.1512e-05 -0)
(3.59515e-05 -1.56964e-05 -0)
(2.86938e-05 -1.03779e-05 -0)
(2.26394e-05 -3.32944e-06 -0)
(1.7852e-05 -4.86016e-06 -0)
(2.06572e-07 -9.75562e-08 -0)
(1.65414e-07 -1.53286e-07 -0)
(-1.0913e-08 -2.03677e-07 -0)
(8.86158e-05 -1.93741e-05 -0)
(8.35354e-05 -1.8688e-05 -0)
(7.88767e-05 -1.74965e-05 -0)
(7.48782e-05 -1.58896e-05 -0)
(7.14581e-05 -1.40526e-05 -0)
(6.8808e-05 -1.22626e-05 -0)
(6.64409e-05 -1.06633e-05 -0)
(6.48299e-05 -9.47026e-06 -0)
(6.29689e-05 -8.64635e-06 -0)
(6.20225e-05 -8.42552e-06 -0)
(6.00949e-05 -8.63065e-06 -0)
(5.95347e-05 -9.71169e-06 -0)
(5.70098e-05 -1.12225e-05 -0)
(5.6722e-05 -1.41263e-05 -0)
(5.35327e-05 -1.71293e-05 -0)
(5.37568e-05 -2.20961e-05 -0)
(5.15525e-05 -2.62102e-05 -0)
(5.16906e-05 -3.10656e-05 -0)
(5.28734e-05 -3.464e-05 -0)
(4.87819e-05 -3.1386e-05 -0)
(4.01718e-05 -2.30579e-05 -0)
(3.11384e-05 -1.64916e-05 -0)
(2.38533e-05 -1.38857e-05 -0)
(1.16788e-05 -3.00679e-06 -0)
(3.3149e-07 -8.52475e-08 -0)
(2.92977e-07 -9.36322e-08 -0)
(1.41553e-07 -9.73615e-08 -0)
(1.15218e-07 -1.15219e-07 -0)
(9.57719e-08 -2.39497e-07 -0)
(2.18235e-08 -2.04325e-07 -0)
(8.89734e-05 -1.44279e-05 -0)
(8.44372e-05 -1.40049e-05 -0)
(8.01818e-05 -1.32622e-05 -0)
(7.63274e-05 -1.223e-05 -0)
(7.29646e-05 -1.10293e-05 -0)
(7.01533e-05 -9.79729e-06 -0)
(6.77065e-05 -8.68499e-06 -0)
(6.58036e-05 -7.81168e-06 -0)
(6.38542e-05 -7.24843e-06 -0)
(6.25465e-05 -7.10646e-06 -0)
(6.05114e-05 -7.38515e-06 -0)
(5.95426e-05 -8.34659e-06 -0)
(5.67156e-05 -9.84406e-06 -0)
(5.60522e-05 -1.26859e-05 -0)
(5.17639e-05 -1.58989e-05 -0)
(5.21038e-05 -2.18405e-05 -0)
(4.66969e-05 -2.58948e-05 -0)
(4.79345e-05 -3.30501e-05 -0)
(4.42245e-05 -3.3513e-05 -0)
(3.54417e-05 -2.55116e-05 -0)
(2.29557e-05 -1.54503e-05 -0)
(1.713e-05 -5.08337e-06 -0)
(2.51471e-07 -4.81662e-08 -0)
(3.13398e-07 -3.82729e-08 -0)
(2.52749e-07 -6.31467e-08 -0)
(2.26347e-07 -1.45267e-07 -0)
(1.59669e-07 -1.56417e-07 -0)
(1.15812e-07 -1.31856e-07 -0)
(7.63072e-08 -1.59582e-07 -0)
(2.42587e-08 -1.58242e-07 -0)
(8.9198e-05 -9.99432e-06 -0)
(8.50123e-05 -9.73858e-06 -0)
(8.10633e-05 -9.28923e-06 -0)
(7.73247e-05 -8.65e-06 -0)
(7.40347e-05 -7.90564e-06 -0)
(7.10241e-05 -7.10487e-06 -0)
(6.8504e-05 -6.38665e-06 -0)
(6.6153e-05 -5.78118e-06 -0)
(6.41576e-05 -5.42883e-06 -0)
(6.21546e-05 -5.30809e-06 -0)
(6.02079e-05 -5.58334e-06 -0)
(5.81561e-05 -6.23406e-06 -0)
(5.55206e-05 -7.5068e-06 -0)
(5.30377e-05 -9.56545e-06 -0)
(4.84832e-05 -1.25319e-05 -0)
(4.5793e-05 -1.73723e-05 -0)
(3.78753e-05 -2.11222e-05 -0)
(3.79125e-05 -2.87586e-05 -0)
(2.74736e-05 -2.41063e-05 -0)
(1.61128e-05 -1.40879e-05 -0)
(2.13593e-07 -5.33221e-08 -0)
(2.81551e-07 -2.11616e-08 -0)
(2.47637e-07 1.45705e-08 -0)
(2.57416e-07 -5.26595e-08 -0)
(2.31498e-07 -6.06448e-08 -0)
(1.99707e-07 -8.92878e-08 -0)
(1.54963e-07 -1.00974e-07 -0)
(1.12054e-07 -1.00533e-07 -0)
(6.9386e-08 -1.0873e-07 -0)
(2.31627e-08 -1.1082e-07 -0)
(8.93291e-05 -5.88013e-06 -0)
(8.5358e-05 -5.74301e-06 -0)
(8.1596e-05 -5.50063e-06 -0)
(7.79479e-05 -5.15281e-06 -0)
(7.4714e-05 -4.74738e-06 -0)
(7.1607e-05 -4.30128e-06 -0)
(6.90484e-05 -3.90126e-06 -0)
(6.64336e-05 -3.55087e-06 -0)
(6.44246e-05 -3.35948e-06 -0)
(6.19782e-05 -3.28245e-06 -0)
(6.01645e-05 -3.47969e-06 -0)
(5.73626e-05 -3.84942e-06 -0)
(5.51323e-05 -4.71051e-06 -0)
(5.12402e-05 -5.90574e-06 -0)
(4.73749e-05 -8.15666e-06 -0)
(4.15526e-05 -1.13174e-05 -0)
(3.36445e-05 -1.58337e-05 -0)
(2.86335e-05 -2.21667e-05 -0)
(1.30823e-05 -1.38447e-05 -0)
(1.67342e-07 -2.59848e-08 -0)
(2.8558e-07 1.71253e-08 -0)
(2.65006e-07 -2.41982e-08 -0)
(2.48777e-07 -1.07725e-08 -0)
(2.38183e-07 -2.75527e-08 -0)
(2.16121e-07 -3.77718e-08 -0)
(1.86017e-07 -5.02649e-08 -0)
(1.48423e-07 -5.7658e-08 -0)
(1.08056e-07 -6.05711e-08 -0)
(6.602e-08 -6.39849e-08 -0)
(2.21685e-08 -6.54881e-08 -0)
(8.93872e-05 -1.94133e-06 -0)
(8.55237e-05 -1.8983e-06 -0)
(8.18424e-05 -1.82139e-06 -0)
(7.82533e-05 -1.71136e-06 -0)
(7.50348e-05 -1.58228e-06 -0)
(7.19085e-05 -1.43997e-06 -0)
(6.93037e-05 -1.3111e-06 -0)
(6.6598e-05 -1.19772e-06 -0)
(6.45324e-05 -1.13616e-06 -0)
(6.19186e-05 -1.11106e-06 -0)
(6.0108e-05 -1.18066e-06 -0)
(5.69797e-05 -1.30068e-06 -0)
(5.49314e-05 -1.60226e-06 -0)
(5.02847e-05 -1.98148e-06 -0)
(4.70268e-05 -2.81838e-06 -0)
(3.89119e-05 -3.86308e-06 -0)
(3.18426e-05 -6.51136e-06 -0)
(1.66273e-05 -8.33112e-06 -0)
(8.78557e-08 -2.63216e-08 -0)
(2.35762e-07 2.9398e-08 -0)
(2.5167e-07 6.49464e-09 -0)
(2.53653e-07 -4.51214e-09 -0)
(2.44282e-07 -4.85794e-09 -0)
(2.30417e-07 -9.00721e-09 -0)
(2.08786e-07 -1.26244e-08 -0)
(1.7982e-07 -1.63421e-08 -0)
(1.44657e-07 -1.88216e-08 -0)
(1.05727e-07 -2.01086e-08 -0)
(6.44691e-08 -2.11506e-08 -0)
(2.16595e-08 -2.16595e-08 -0)
)
;

boundaryField
{
    inlet1
    {
        type            extrapolatedCalculated;
        value           nonuniform List<vector> 10((1e-05 6.04446e-06 -0) (1e-05 3.73159e-05 -0) (1e-05 7.36712e-05 -0) (1e-05 9.52554e-05 -0) (1e-05 0.000110991 -0) (1e-05 0.000118769 -0) (1e-05 0.00012152 -0) (1e-05 0.000120489 -0) (1e-05 0.00011409 -0) (1e-05 9.94987e-05 -0));
    }
    inlet2
    {
        type            extrapolatedCalculated;
        value           nonuniform List<vector> 10((-0 8.07985e-05 -0) (-0 7.41182e-05 -0) (-0 6.71115e-05 -0) (-0 3.33435e-06 -0) (-0 -1.23162e-05 -0) (-0 -1.60552e-05 -0) (-0 -2.50851e-05 -0) (-0 -3.14381e-05 -0) (-0 -4.25727e-05 -0) (-0 -5.62258e-05 -0));
    }
    inlet3
    {
        type            extrapolatedCalculated;
        value           nonuniform List<vector> 10((9.13394e-05 -6.97065e-05 -0) (9.13394e-05 -5.39245e-05 -0) (9.13394e-05 -4.1465e-05 -0) (9.13394e-05 -3.24312e-05 -0) (9.13394e-05 -2.53146e-05 -0) (9.13394e-05 -1.94806e-05 -0) (9.13394e-05 -1.44833e-05 -0) (9.13394e-05 -1.00222e-05 -0) (9.13394e-05 -5.89303e-06 -0) (9.13394e-05 -1.94512e-06 -0));
    }
    output1
    {
        type            extrapolatedCalculated;
        value           nonuniform List<vector> 10((-0 1.08164e-08 -0) (-0 3.28185e-08 -0) (-0 5.59807e-08 -0) (-0 8.12665e-08 -0) (-0 1.1e-07 -0) (-0 1.44219e-07 -0) (-0 1.87434e-07 -0) (-0 2.46481e-07 -0) (-0 3.3663e-07 -0) (-0 4.97357e-07 -0));
    }
    output2
    {
        type            extrapolatedCalculated;
        value           nonuniform List<vector> 10((9.19381e-07 3.86857e-07 -0) (5.77078e-07 1.16611e-07 -0) (4.52937e-07 4.69762e-08 -0) (3.7708e-07 1.55094e-08 -0) (8.75501e-05 -5.32228e-07 -0) (0.000141238 -2.89098e-06 -0) (0.00017023 -7.42223e-06 -0) (0.000189911 -1.75518e-05 -0) (0.000188576 -3.8306e-05 -0) (0.000233564 -7.55386e-05 -0));
    }
    output3
    {
        type            extrapolatedCalculated;
        value           nonuniform List<vector> 10((-0 -0.000149358 -0) (-0 -1.79489e-05 -0) (-0 -1.97174e-05 -0) (-0 -1.85758e-07 -0) (-0 -2.03677e-07 -0) (-0 -2.04325e-07 -0) (-0 -1.58242e-07 -0) (-0 -1.1082e-07 -0) (-0 -6.54881e-08 -0) (-0 -2.16595e-08 -0));
    }
    up
    {
        type            extrapolatedCalculated;
        value           nonuniform List<vector> 
30
(
(8.93872e-05 -0 -0)
(8.55237e-05 -0 -0)
(8.18424e-05 -0 -0)
(7.82533e-05 -0 -0)
(7.50348e-05 -0 -0)
(7.19085e-05 -0 -0)
(6.93037e-05 -0 -0)
(6.6598e-05 -0 -0)
(6.45324e-05 -0 -0)
(6.19186e-05 -0 -0)
(6.0108e-05 -0 -0)
(5.69797e-05 -0 -0)
(5.49314e-05 -0 -0)
(5.02847e-05 -0 -0)
(4.70268e-05 -0 -0)
(3.89119e-05 -0 -0)
(3.18426e-05 -0 -0)
(1.66273e-05 -0 -0)
(8.78557e-08 -0 -0)
(2.35762e-07 -0 -0)
(2.5167e-07 -0 -0)
(2.53653e-07 -0 -0)
(2.44282e-07 -0 -0)
(2.30417e-07 -0 -0)
(2.08786e-07 -0 -0)
(1.7982e-07 -0 -0)
(1.44657e-07 -0 -0)
(1.05727e-07 -0 -0)
(6.44691e-08 -0 -0)
(2.16595e-08 -0 -0)
)
;
    }
    down
    {
        type            extrapolatedCalculated;
        value           nonuniform List<vector> 
30
(
(6.19969e-06 -0 -0)
(2.89268e-06 -0 -0)
(4.65597e-07 -0 -0)
(1.68672e-07 -0 -0)
(9.10622e-08 -0 -0)
(1.64227e-07 -0 -0)
(1.56637e-07 -0 -0)
(1.51833e-07 -0 -0)
(1.49049e-07 -0 -0)
(1.47738e-07 -0 -0)
(1.47419e-07 -0 -0)
(1.47727e-07 -0 -0)
(1.48374e-07 -0 -0)
(1.49117e-07 -0 -0)
(1.4973e-07 -0 -0)
(1.49998e-07 -0 -0)
(1.49707e-07 -0 -0)
(1.48643e-07 -0 -0)
(1.46593e-07 -0 -0)
(1.43344e-07 -0 -0)
(1.38686e-07 -0 -0)
(1.3241e-07 -0 -0)
(1.24312e-07 -0 -0)
(1.14212e-07 -0 -0)
(1.01969e-07 -0 -0)
(8.75155e-08 -0 -0)
(7.08922e-08 -0 -0)
(5.22909e-08 -0 -0)
(3.20821e-08 -0 -0)
(1.08171e-08 -0 -0)
)
;
    }
    emptyWalls
    {
        type            empty;
    }
}


// ************************************************************************* //
