/*--------------------------------*- C++ -*----------------------------------*\
  =========                 |
  \\      /  F ield         | OpenFOAM: The Open Source CFD Toolbox
   \\    /   O peration     | Website:  https://openfoam.org
    \\  /    A nd           | Version:  9
     \\/     M anipulation  |
\*---------------------------------------------------------------------------*/
FoamFile
{
    format      ascii;
    class       volScalarField;
    location    "31500";
    object      alpha;
}
// * * * * * * * * * * * * * * * * * * * * * * * * * * * * * * * * * * * * * //

dimensions      [0 2 -1 0 0 0 0];

internalField   nonuniform List<scalar> 
900
(
-2.45236e-10
-5.53849e-11
-5.88658e-12
-7.36903e-12
-3.6571e-14
-4.0652e-14
-4.0652e-14
-4.0652e-14
-4.0652e-14
-4.0652e-14
-4.0652e-14
-4.0652e-14
-4.0652e-14
-4.0652e-14
-4.0652e-14
-4.0652e-14
-4.0652e-14
-4.0652e-14
-4.0652e-14
-4.0652e-14
-4.0652e-14
-4.0652e-14
-4.0652e-14
-4.0652e-14
-4.0652e-14
-4.0652e-14
-4.0652e-14
-4.0652e-14
-4.0652e-14
-4.0652e-14
-3.46995e-10
-2.36955e-11
-1.28257e-10
-4.64592e-11
-2.67204e-14
-4.06519e-14
-4.0652e-14
-4.0652e-14
-4.0652e-14
-4.0652e-14
-4.0652e-14
-4.0652e-14
-4.0652e-14
-4.0652e-14
-4.0652e-14
-4.0652e-14
-4.0652e-14
-4.0652e-14
-4.0652e-14
-4.0652e-14
-4.0652e-14
-4.0652e-14
-4.0652e-14
-4.0652e-14
-4.0652e-14
-4.0652e-14
-4.0652e-14
-4.0652e-14
-4.0652e-14
-4.0652e-14
-1.80098e-10
-1.37433e-10
-3.46178e-11
-1.87885e-12
-3.96388e-14
-4.0652e-14
-4.0652e-14
-4.0652e-14
-4.0652e-14
-4.0652e-14
-4.0652e-14
-4.0652e-14
-4.0652e-14
-4.0652e-14
-4.0652e-14
-4.0652e-14
-4.0652e-14
-4.0652e-14
-4.0652e-14
-4.0652e-14
-4.0652e-14
-4.0652e-14
-4.0652e-14
-4.0652e-14
-4.0652e-14
-4.0652e-14
-4.0652e-14
-4.0652e-14
-4.0652e-14
-4.0652e-14
-2.24389e-10
-2.5629e-11
-1.22378e-11
-7.3522e-14
-4.0635e-14
-4.0652e-14
-4.0652e-14
-4.0652e-14
-4.0652e-14
-4.0652e-14
-4.0652e-14
-4.0652e-14
-4.0652e-14
-4.0652e-14
-4.0652e-14
-4.0652e-14
-4.0652e-14
-4.0652e-14
-4.0652e-14
-4.0652e-14
-4.0652e-14
-4.0652e-14
-4.0652e-14
-4.0652e-14
-4.0652e-14
-4.0652e-14
-4.0652e-14
-4.0652e-14
-4.0652e-14
-4.0652e-14
-2.20164e-10
-7.44697e-11
-1.33836e-11
-3.73196e-14
-4.06493e-14
-4.0652e-14
-4.0652e-14
-4.0652e-14
-4.0652e-14
-4.0652e-14
-4.0652e-14
-4.0652e-14
-4.0652e-14
-4.0652e-14
-4.0652e-14
-4.0652e-14
-4.0652e-14
-4.0652e-14
-4.0652e-14
-4.0652e-14
-4.0652e-14
-4.0652e-14
-4.0652e-14
-4.0652e-14
-4.0652e-14
-4.0652e-14
-4.0652e-14
-4.0652e-14
-4.0652e-14
-4.0652e-14
-2.70907e-10
-6.60181e-11
-1.84255e-11
-2.65939e-14
-4.06519e-14
-4.0652e-14
-4.0652e-14
-4.0652e-14
-4.0652e-14
-4.0652e-14
-4.0652e-14
-4.0652e-14
-4.0652e-14
-4.0652e-14
-4.0652e-14
-4.0652e-14
-4.0652e-14
-4.0652e-14
-4.0652e-14
-4.0652e-14
-4.0652e-14
-4.0652e-14
-4.0652e-14
-4.0652e-14
-4.0652e-14
-4.0652e-14
-4.0652e-14
-4.0652e-14
-4.0652e-14
-4.0652e-14
-3.22869e-10
-1.01435e-10
-1.53434e-11
-2.91874e-14
-4.0652e-14
-4.0652e-14
-4.0652e-14
-4.0652e-14
-4.0652e-14
-4.0652e-14
-4.0652e-14
-4.0652e-14
-4.0652e-14
-4.0652e-14
-4.0652e-14
-4.0652e-14
-4.0652e-14
-4.0652e-14
-4.0652e-14
-4.0652e-14
-4.0652e-14
-4.0652e-14
-4.0652e-14
-4.0652e-14
-4.0652e-14
-4.0652e-14
-4.0652e-14
-4.0652e-14
-4.0652e-14
-4.0652e-14
-4.10443e-10
-9.84171e-11
-4.30921e-11
-3.32935e-14
-4.0652e-14
-4.0652e-14
-4.0652e-14
-4.0652e-14
-4.0652e-14
-4.0652e-14
-4.0652e-14
-4.0652e-14
-4.0652e-14
-4.0652e-14
-4.0652e-14
-4.0652e-14
-4.0652e-14
-4.0652e-14
-4.0652e-14
-4.0652e-14
-4.0652e-14
-4.0652e-14
-4.0652e-14
-4.0652e-14
-4.0652e-14
-4.0652e-14
-4.0652e-14
-4.0652e-14
-4.0652e-14
-4.0652e-14
-5.47208e-10
-1.89209e-10
-2.18306e-11
-3.56951e-14
-4.0652e-14
-4.0652e-14
-4.0652e-14
-4.0652e-14
-4.0652e-14
-4.0652e-14
-4.0652e-14
-4.0652e-14
-4.0652e-14
-4.0652e-14
-4.0652e-14
-4.0652e-14
-4.0652e-14
-4.0652e-14
-4.0652e-14
-4.0652e-14
-4.0652e-14
-4.0652e-14
-4.0652e-14
-4.0652e-14
-4.0652e-14
-4.0652e-14
-4.0652e-14
-4.0652e-14
-4.0652e-14
-4.0652e-14
-7.49915e-10
-2.29638e-10
-4.17915e-11
-2.70487e-14
-4.0652e-14
-4.0652e-14
-4.0652e-14
-4.0652e-14
-4.0652e-14
-4.0652e-14
-4.0652e-14
-4.0652e-14
-4.0652e-14
-4.0652e-14
-4.0652e-14
-4.0652e-14
-4.0652e-14
-4.0652e-14
-4.0652e-14
-4.0652e-14
-4.0652e-14
-4.0652e-14
-4.0652e-14
-4.0652e-14
-4.0652e-14
-4.0652e-14
-4.0652e-14
-4.0652e-14
-4.0652e-14
-4.0652e-14
-9.59313e-10
-5.02111e-10
-1.16239e-10
-6.63695e-12
-3.29197e-14
-4.06517e-14
-4.06518e-14
-4.0652e-14
-4.0652e-14
-4.0652e-14
-4.0652e-14
-4.0652e-14
-4.0652e-14
-4.0652e-14
-4.0652e-14
-4.0652e-14
-4.0652e-14
-4.0652e-14
-4.0652e-14
-4.0652e-14
-4.0652e-14
-4.0652e-14
-4.0652e-14
-4.0652e-14
-4.0652e-14
-4.0652e-14
-4.0652e-14
-4.0652e-14
-4.0652e-14
-4.0652e-14
-4.52613e-10
-4.34421e-10
-2.86737e-10
-1.39281e-10
-3.68453e-11
-1.34526e-11
-1.05841e-11
-2.64627e-14
-4.06519e-14
-4.06515e-14
-4.06519e-14
-4.06519e-14
-4.06519e-14
-4.06519e-14
-4.06519e-14
-4.0652e-14
-4.0652e-14
-4.0652e-14
-4.0652e-14
-4.0652e-14
-4.0652e-14
-4.0652e-14
-4.0652e-14
-4.0652e-14
-4.0652e-14
-4.0652e-14
-4.0652e-14
-4.0652e-14
-4.0652e-14
-4.0652e-14
-6.22959e-11
-1.03009e-10
-1.48929e-10
-1.11308e-10
-7.76491e-11
-3.89124e-11
-2.86217e-11
-1.45041e-11
-1.17058e-11
-1.12052e-11
-1.13601e-11
-1.08245e-11
-1.14159e-11
-9.95991e-12
-1.1346e-11
-4.47851e-12
-3.37083e-14
-3.42351e-14
-3.3028e-14
-3.18273e-14
-3.07713e-14
-2.97532e-14
-2.8722e-14
-2.78527e-14
-2.72093e-14
-2.7134e-14
-2.76429e-14
-2.96514e-14
-3.32971e-14
-3.8158e-14
-3.39215e-11
-3.00129e-11
-4.32895e-11
-3.60921e-11
-4.14292e-11
-3.31986e-11
-2.69799e-11
-2.36529e-11
-2.08131e-11
-1.89238e-11
-1.91639e-11
-1.80693e-11
-1.8737e-11
-1.66896e-11
-1.55183e-11
-1.0855e-11
-6.9273e-12
-6.46911e-12
-6.76134e-12
-7.05108e-12
-7.24808e-12
-7.39681e-12
-7.54577e-12
-7.71888e-12
-7.94287e-12
-8.1925e-12
-8.498e-12
-8.75179e-12
-8.99499e-12
-9.0144e-12
-2.60394e-11
-2.12789e-11
-1.97895e-11
-1.82763e-11
-1.88608e-11
-1.95795e-11
-1.88443e-11
-1.92545e-11
-1.87326e-11
-1.77216e-11
-1.75252e-11
-1.69762e-11
-1.68939e-11
-1.58591e-11
-1.49238e-11
-1.39077e-11
-1.28252e-11
-1.19935e-11
-1.19993e-11
-1.22251e-11
-1.24239e-11
-1.25931e-11
-1.27601e-11
-1.29403e-11
-1.31933e-11
-1.34411e-11
-1.38649e-11
-1.42047e-11
-1.47174e-11
-1.47397e-11
-1.99497e-11
-1.81821e-11
-1.68795e-11
-1.65185e-11
-1.60272e-11
-1.5994e-11
-1.59837e-11
-1.61137e-11
-1.60891e-11
-1.57988e-11
-1.55766e-11
-1.53512e-11
-1.50651e-11
-1.47742e-11
-1.44744e-11
-1.46475e-11
-1.48226e-11
-1.45025e-11
-1.43074e-11
-1.4358e-11
-1.44372e-11
-1.46382e-11
-1.47645e-11
-1.50002e-11
-1.51576e-11
-1.5358e-11
-1.56668e-11
-1.59767e-11
-1.67102e-11
-1.68842e-11
-1.86636e-11
-1.62105e-11
-1.54939e-11
-1.54232e-11
-1.564e-11
-1.59143e-11
-1.61603e-11
-1.62711e-11
-1.62901e-11
-1.6185e-11
-1.59923e-11
-1.57748e-11
-1.54985e-11
-1.5335e-11
-1.52635e-11
-1.54674e-11
-1.56473e-11
-1.56396e-11
-1.54936e-11
-1.56284e-11
-1.57024e-11
-1.61534e-11
-1.62685e-11
-1.68496e-11
-1.68135e-11
-1.72353e-11
-1.7023e-11
-1.72196e-11
-1.76348e-11
-1.81353e-11
-1.65809e-11
-1.54656e-11
-1.55953e-11
-1.62448e-11
-1.69797e-11
-1.75999e-11
-1.80621e-11
-1.83269e-11
-1.84405e-11
-1.84114e-11
-1.82623e-11
-1.80398e-11
-1.78083e-11
-1.76608e-11
-1.76197e-11
-1.7695e-11
-1.77866e-11
-1.79002e-11
-1.79255e-11
-1.81771e-11
-1.83003e-11
-1.88534e-11
-1.88182e-11
-1.95737e-11
-1.89953e-11
-1.97284e-11
-1.82365e-11
-1.82483e-11
-1.68167e-11
-1.71403e-11
-1.57185e-11
-1.57332e-11
-1.71406e-11
-1.86132e-11
-1.9765e-11
-2.0528e-11
-2.10256e-11
-2.12719e-11
-2.13898e-11
-2.13354e-11
-2.12432e-11
-2.1048e-11
-2.09511e-11
-2.08081e-11
-2.08677e-11
-2.08187e-11
-2.09917e-11
-2.09221e-11
-2.11128e-11
-2.09614e-11
-2.11451e-11
-2.09436e-11
-2.09044e-11
-2.07679e-11
-2.00974e-11
-2.05467e-11
-1.8447e-11
-1.90186e-11
-1.43558e-11
-1.3717e-11
-1.57592e-11
-1.8715e-11
-2.14899e-11
-2.29827e-11
-2.35338e-11
-2.3626e-11
-2.35529e-11
-2.33931e-11
-2.32341e-11
-2.30204e-11
-2.28633e-11
-2.26575e-11
-2.25807e-11
-2.24256e-11
-2.24416e-11
-2.22603e-11
-2.22986e-11
-2.19567e-11
-2.19667e-11
-2.13092e-11
-2.13665e-11
-2.03218e-11
-2.0666e-11
-1.92641e-11
-2.00326e-11
-1.88478e-11
-1.93549e-11
-2.07425e-11
-1.44672e-11
-1.50312e-11
-2.27046e-11
-2.71183e-11
-2.69263e-11
-2.53277e-11
-2.38552e-11
-2.2801e-11
-2.20856e-11
-2.16183e-11
-2.12856e-11
-2.10664e-11
-2.08869e-11
-2.07863e-11
-2.0678e-11
-2.06397e-11
-2.05275e-11
-2.04828e-11
-2.02894e-11
-2.01892e-11
-1.98893e-11
-1.97238e-11
-1.94586e-11
-1.92371e-11
-1.9427e-11
-1.87773e-11
-2.02001e-11
-1.78566e-11
-2.21265e-11
-1.76752e-11
-3.50848e-11
-5.88537e-11
-1.84457e-11
-1.74218e-11
-1.73237e-11
-1.75159e-11
-1.7821e-11
-1.81602e-11
-1.84991e-11
-1.87853e-11
-1.90292e-11
-1.92142e-11
-1.93699e-11
-1.94935e-11
-1.96003e-11
-1.97012e-11
-1.97705e-11
-1.98711e-11
-1.9885e-11
-2.00202e-11
-1.99315e-11
-2.01904e-11
-1.99063e-11
-2.04549e-11
-1.97548e-11
-2.0738e-11
-1.93382e-11
-2.09155e-11
-1.95167e-11
-2.18388e-11
-2.21015e-11
-4.30314e-12
-1.91387e-11
-1.96957e-11
-2.08493e-11
-2.18698e-11
-2.25098e-11
-2.28156e-11
-2.29332e-11
-2.29268e-11
-2.28968e-11
-2.28104e-11
-2.27637e-11
-2.26523e-11
-2.26144e-11
-2.24661e-11
-2.24259e-11
-2.21986e-11
-2.213e-11
-2.17638e-11
-2.16392e-11
-2.10837e-11
-2.09112e-11
-2.01849e-11
-2.00863e-11
-1.93109e-11
-1.96069e-11
-1.88517e-11
-1.93611e-11
-1.81865e-11
-1.27081e-11
-1.34931e-11
-1.93368e-11
-1.90937e-11
-1.89617e-11
-1.88896e-11
-1.88136e-11
-1.87218e-11
-1.86274e-11
-1.85512e-11
-1.8497e-11
-1.84653e-11
-1.84495e-11
-1.84429e-11
-1.84425e-11
-1.844e-11
-1.84383e-11
-1.84311e-11
-1.84184e-11
-1.84209e-11
-1.83898e-11
-1.84716e-11
-1.83863e-11
-1.8722e-11
-1.84319e-11
-1.9226e-11
-1.84694e-11
-1.89079e-11
-1.75718e-11
-1.30396e-11
-9.90305e-12
-3.73548e-12
-1.93582e-11
-1.91588e-11
-1.91459e-11
-1.9307e-11
-1.95612e-11
-1.98191e-11
-2.0055e-11
-2.02356e-11
-2.04034e-11
-2.05107e-11
-2.06459e-11
-2.07007e-11
-2.08404e-11
-2.08514e-11
-2.10349e-11
-2.09958e-11
-2.12654e-11
-2.11377e-11
-2.15082e-11
-2.11765e-11
-2.15328e-11
-2.08202e-11
-2.07325e-11
-1.98299e-11
-1.83713e-11
-1.78357e-11
-1.36461e-11
-1.00145e-11
-6.49138e-12
-3.85457e-12
-1.94013e-11
-1.9257e-11
-1.91897e-11
-1.92012e-11
-1.92552e-11
-1.93301e-11
-1.93895e-11
-1.94435e-11
-1.94742e-11
-1.95084e-11
-1.95274e-11
-1.95557e-11
-1.95772e-11
-1.96013e-11
-1.96347e-11
-1.96393e-11
-1.96909e-11
-1.9616e-11
-1.96747e-11
-1.93484e-11
-1.93892e-11
-1.8522e-11
-1.85881e-11
-1.71346e-11
-1.63982e-11
-1.48897e-11
-9.98045e-12
-6.76815e-12
-3.94283e-12
-2.72504e-14
-1.94319e-11
-1.93167e-11
-1.92434e-11
-1.92185e-11
-1.92396e-11
-1.92945e-11
-1.93657e-11
-1.94418e-11
-1.95164e-11
-1.95872e-11
-1.96587e-11
-1.97252e-11
-1.98046e-11
-1.98728e-11
-1.99782e-11
-2.00496e-11
-2.02054e-11
-2.02599e-11
-2.05004e-11
-2.04444e-11
-2.08214e-11
-2.02805e-11
-2.07513e-11
-1.83837e-11
-1.74685e-11
-1.28469e-11
-5.83539e-12
-4.45892e-12
-2.74796e-14
-4.0652e-14
-1.94499e-11
-1.93579e-11
-1.92892e-11
-1.92534e-11
-1.92456e-11
-1.92722e-11
-1.93116e-11
-1.93732e-11
-1.94266e-11
-1.95004e-11
-1.95521e-11
-1.96368e-11
-1.9686e-11
-1.97921e-11
-1.98421e-11
-1.99852e-11
-2.00396e-11
-2.02346e-11
-2.02959e-11
-2.05118e-11
-2.0521e-11
-2.03164e-11
-1.98613e-11
-1.70862e-11
-1.64028e-11
-8.16424e-12
-6.37597e-13
-4.06048e-14
-4.0652e-14
-4.0652e-14
-1.94608e-11
-1.93823e-11
-1.93204e-11
-1.92802e-11
-1.92612e-11
-1.927e-11
-1.9295e-11
-1.93439e-11
-1.9393e-11
-1.94643e-11
-1.9519e-11
-1.96077e-11
-1.96605e-11
-1.97774e-11
-1.98269e-11
-1.99992e-11
-2.00459e-11
-2.0326e-11
-2.03621e-11
-2.08233e-11
-2.07468e-11
-2.13083e-11
-2.04862e-11
-1.97333e-11
-1.71518e-11
-3.98265e-12
-3.9905e-14
-4.0652e-14
-4.0652e-14
-4.0652e-14
-1.94657e-11
-1.93939e-11
-1.93355e-11
-1.92948e-11
-1.92715e-11
-1.92728e-11
-1.92905e-11
-1.93326e-11
-1.93786e-11
-1.94473e-11
-1.95032e-11
-1.95914e-11
-1.96475e-11
-1.97638e-11
-1.98191e-11
-1.99932e-11
-2.0053e-11
-2.03453e-11
-2.04046e-11
-2.09164e-11
-2.08795e-11
-2.17566e-11
-2.09296e-11
-2.17322e-11
-1.24221e-11
-3.19063e-14
-4.0652e-14
-4.0652e-14
-4.0652e-14
-4.0652e-14
)
;

boundaryField
{
    inlet1
    {
        type            calculated;
        value           uniform -5e-10;
    }
    inlet2
    {
        type            calculated;
        value           nonuniform List<scalar> 10(-9.59313e-10 -4.52613e-10 -6.22959e-11 -3.39215e-11 -2.60394e-11 -1.99497e-11 -1.86636e-11 -1.65809e-11 -1.57185e-11 -1.57592e-11);
    }
    inlet3
    {
        type            calculated;
        value           uniform -1.95111e-11;
    }
    output1
    {
        type            calculated;
        value           nonuniform List<scalar> 10(-4.0652e-14 -4.0652e-14 -4.0652e-14 -4.0652e-14 -4.0652e-14 -4.0652e-14 -4.0652e-14 -4.0652e-14 -4.0652e-14 -4.0652e-14);
    }
    output2
    {
        type            calculated;
        value           nonuniform List<scalar> 10(-4.0652e-14 -4.0652e-14 -3.8158e-14 -9.0144e-12 -1.47397e-11 -1.68842e-11 -1.81353e-11 -1.71403e-11 -1.3717e-11 -1.50312e-11);
    }
    output3
    {
        type            calculated;
        value           nonuniform List<scalar> 10(-5.88537e-11 -4.30314e-12 -1.34931e-11 -3.73548e-12 -3.85457e-12 -2.72504e-14 -4.0652e-14 -4.0652e-14 -4.0652e-14 -4.0652e-14);
    }
    up
    {
        type            calculated;
        value           nonuniform List<scalar> 
30
(
-1.94657e-11
-1.93939e-11
-1.93355e-11
-1.92948e-11
-1.92715e-11
-1.92728e-11
-1.92905e-11
-1.93326e-11
-1.93786e-11
-1.94473e-11
-1.95032e-11
-1.95914e-11
-1.96475e-11
-1.97638e-11
-1.98191e-11
-1.99932e-11
-2.0053e-11
-2.03453e-11
-2.04046e-11
-2.09164e-11
-2.08795e-11
-2.17566e-11
-2.09296e-11
-2.17322e-11
-1.24221e-11
-3.19063e-14
-4.0652e-14
-4.0652e-14
-4.0652e-14
-4.0652e-14
)
;
    }
    down
    {
        type            calculated;
        value           nonuniform List<scalar> 
30
(
-2.45236e-10
-5.53849e-11
-5.88658e-12
-7.36903e-12
-3.6571e-14
-4.0652e-14
-4.0652e-14
-4.0652e-14
-4.0652e-14
-4.0652e-14
-4.0652e-14
-4.0652e-14
-4.0652e-14
-4.0652e-14
-4.0652e-14
-4.0652e-14
-4.0652e-14
-4.0652e-14
-4.0652e-14
-4.0652e-14
-4.0652e-14
-4.0652e-14
-4.0652e-14
-4.0652e-14
-4.0652e-14
-4.0652e-14
-4.0652e-14
-4.0652e-14
-4.0652e-14
-4.0652e-14
)
;
    }
    emptyWalls
    {
        type            empty;
    }
}


// ************************************************************************* //
