/*--------------------------------*- C++ -*----------------------------------*\
  =========                 |
  \\      /  F ield         | OpenFOAM: The Open Source CFD Toolbox
   \\    /   O peration     | Website:  https://openfoam.org
    \\  /    A nd           | Version:  9
     \\/     M anipulation  |
\*---------------------------------------------------------------------------*/
FoamFile
{
    format      ascii;
    class       volScalarField;
    location    "31500";
    object      fw;
}
// * * * * * * * * * * * * * * * * * * * * * * * * * * * * * * * * * * * * * //

dimensions      [0 0 0 0 0 0 0];

internalField   nonuniform List<scalar> 
900
(
0.999874
0.987604
0.603278
0.681648
1.26611e-07
4.7991e-09
4.7991e-09
4.7991e-09
4.7991e-09
4.7991e-09
4.7991e-09
4.7991e-09
4.7991e-09
4.7991e-09
4.7991e-09
4.7991e-09
4.7991e-09
4.7991e-09
4.7991e-09
4.7991e-09
4.7991e-09
4.7991e-09
4.7991e-09
4.7991e-09
4.7991e-09
4.7991e-09
4.7991e-09
4.7991e-09
4.7991e-09
4.7991e-09
0.999987
0.937045
0.998511
0.982067
5.92752e-05
4.79976e-09
4.7991e-09
4.7991e-09
4.7991e-09
4.7991e-09
4.7991e-09
4.7991e-09
4.7991e-09
4.7991e-09
4.7991e-09
4.7991e-09
4.7991e-09
4.7991e-09
4.7991e-09
4.7991e-09
4.7991e-09
4.7991e-09
4.7991e-09
4.7991e-09
4.7991e-09
4.7991e-09
4.7991e-09
4.7991e-09
4.7991e-09
4.7991e-09
0.999523
0.998796
0.968042
0.227755
1.19561e-08
4.7991e-09
4.7991e-09
4.7991e-09
4.7991e-09
4.7991e-09
4.7991e-09
4.7991e-09
4.7991e-09
4.7991e-09
4.7991e-09
4.7991e-09
4.7991e-09
4.7991e-09
4.7991e-09
4.7991e-09
4.7991e-09
4.7991e-09
4.7991e-09
4.7991e-09
4.7991e-09
4.7991e-09
4.7991e-09
4.7991e-09
4.7991e-09
4.7991e-09
0.999807
0.944964
0.827232
0.00370656
4.877e-09
4.7991e-09
4.7991e-09
4.7991e-09
4.7991e-09
4.7991e-09
4.7991e-09
4.7991e-09
4.7991e-09
4.7991e-09
4.7991e-09
4.7991e-09
4.7991e-09
4.7991e-09
4.7991e-09
4.7991e-09
4.7991e-09
4.7991e-09
4.7991e-09
4.7991e-09
4.7991e-09
4.7991e-09
4.7991e-09
4.7991e-09
4.7991e-09
4.7991e-09
0.99979
0.993659
0.847281
0.000994505
4.81177e-09
4.7991e-09
4.7991e-09
4.7991e-09
4.7991e-09
4.7991e-09
4.7991e-09
4.7991e-09
4.7991e-09
4.7991e-09
4.7991e-09
4.7991e-09
4.7991e-09
4.7991e-09
4.7991e-09
4.7991e-09
4.7991e-09
4.7991e-09
4.7991e-09
4.7991e-09
4.7991e-09
4.7991e-09
4.7991e-09
4.7991e-09
4.7991e-09
4.7991e-09
0.999926
0.991604
0.905077
7.02486e-05
4.79972e-09
4.7991e-09
4.7991e-09
4.7991e-09
4.7991e-09
4.7991e-09
4.7991e-09
4.7991e-09
4.7991e-09
4.7991e-09
4.7991e-09
4.7991e-09
4.7991e-09
4.7991e-09
4.7991e-09
4.7991e-09
4.7991e-09
4.7991e-09
4.7991e-09
4.7991e-09
4.7991e-09
4.7991e-09
4.7991e-09
4.7991e-09
4.7991e-09
4.7991e-09
0.999977
0.997096
0.874554
1.05606e-05
4.79917e-09
4.7991e-09
4.7991e-09
4.7991e-09
4.7991e-09
4.7991e-09
4.7991e-09
4.7991e-09
4.7991e-09
4.7991e-09
4.7991e-09
4.7991e-09
4.7991e-09
4.7991e-09
4.7991e-09
4.7991e-09
4.7991e-09
4.7991e-09
4.7991e-09
4.7991e-09
4.7991e-09
4.7991e-09
4.7991e-09
4.7991e-09
4.7991e-09
4.7991e-09
0.999998
0.996852
0.979116
1.02153e-06
4.7991e-09
4.7991e-09
4.7991e-09
4.7991e-09
4.7991e-09
4.7991e-09
4.7991e-09
4.7991e-09
4.7991e-09
4.7991e-09
4.7991e-09
4.7991e-09
4.7991e-09
4.7991e-09
4.7991e-09
4.7991e-09
4.7991e-09
4.7991e-09
4.7991e-09
4.7991e-09
4.7991e-09
4.7991e-09
4.7991e-09
4.7991e-09
4.7991e-09
4.7991e-09
1
0.999605
0.927783
2.28845e-07
4.7991e-09
4.7991e-09
4.7991e-09
4.7991e-09
4.7991e-09
4.7991e-09
4.7991e-09
4.7991e-09
4.7991e-09
4.7991e-09
4.7991e-09
4.7991e-09
4.7991e-09
4.7991e-09
4.7991e-09
4.7991e-09
4.7991e-09
4.7991e-09
4.7991e-09
4.7991e-09
4.7991e-09
4.7991e-09
4.7991e-09
4.7991e-09
4.7991e-09
4.7991e-09
1.00001
0.999827
0.9778
0.000209184
4.79923e-09
4.7991e-09
4.7991e-09
4.7991e-09
4.7991e-09
4.7991e-09
4.7991e-09
4.7991e-09
4.7991e-09
4.7991e-09
4.7991e-09
4.7991e-09
4.7991e-09
4.7991e-09
4.7991e-09
4.7991e-09
4.7991e-09
4.7991e-09
4.7991e-09
4.7991e-09
4.7991e-09
4.7991e-09
4.7991e-09
4.7991e-09
4.7991e-09
4.79911e-09
1.00003
1
0.998011
0.645877
1.27271e-06
4.80062e-09
4.80032e-09
4.7991e-09
4.7991e-09
4.7991e-09
4.7991e-09
4.7991e-09
4.7991e-09
4.7991e-09
4.7991e-09
4.7991e-09
4.7991e-09
4.7991e-09
4.7991e-09
4.7991e-09
4.7991e-09
4.7991e-09
4.7991e-09
4.7991e-09
4.7991e-09
4.7991e-09
4.7991e-09
4.7991e-09
4.79909e-09
4.79909e-09
1
0.999999
0.999947
0.998846
0.971614
0.84838
0.790974
9.92729e-05
4.79986e-09
4.80156e-09
4.79974e-09
4.79975e-09
4.79964e-09
4.79967e-09
4.79956e-09
4.79949e-09
4.7991e-09
4.7991e-09
4.7991e-09
4.7991e-09
4.7991e-09
4.7991e-09
4.7991e-09
4.7991e-09
4.7991e-09
4.7991e-09
4.7991e-09
4.7991e-09
4.7991e-09
4.7991e-09
0.990427
0.997215
0.99907
0.997751
0.994264
0.974455
0.954688
0.863809
0.816622
0.805765
0.80922
0.796883
0.810445
0.774436
0.808911
0.503129
7.9764e-07
5.79083e-07
1.19454e-06
2.3861e-06
4.32331e-06
7.65242e-06
1.38505e-05
2.37242e-05
3.75394e-05
3.98884e-05
2.73146e-05
8.10556e-06
1.01939e-06
3.98293e-08
0.966798
0.958398
0.979306
0.970471
0.977413
0.965435
0.949685
0.936853
0.921894
0.908988
0.91079
0.902133
0.907549
0.8894
0.876638
0.797618
0.660695
0.636907
0.652332
0.666753
0.676093
0.682906
0.689532
0.696994
0.706284
0.716174
0.727655
0.736703
0.744981
0.745626
0.946462
0.924672
0.915253
0.90386
0.908507
0.913791
0.90838
0.911457
0.907515
0.899131
0.897376
0.892233
0.89143
0.880561
0.86934
0.85535
0.837953
0.822471
0.822588
0.82699
0.830735
0.833833
0.836812
0.839941
0.844191
0.848197
0.854715
0.859654
0.86666
0.866954
0.916344
0.903079
0.891289
0.887658
0.882431
0.882064
0.881951
0.883376
0.883108
0.87988
0.877323
0.874648
0.87113
0.867405
0.863404
0.865736
0.868036
0.863787
0.861099
0.861803
0.862895
0.865611
0.867279
0.870312
0.872282
0.87473
0.87837
0.881873
0.889608
0.891336
0.906975
0.884421
0.876351
0.875512
0.87806
0.88118
0.88388
0.885068
0.88527
0.884147
0.882046
0.879607
0.876406
0.874453
0.873584
0.876038
0.878145
0.878056
0.876347
0.877926
0.87878
0.883806
0.885041
0.890995
0.890637
0.894706
0.892686
0.894558
0.898361
0.902688
0.888298
0.876016
0.877542
0.884788
0.892267
0.898049
0.902072
0.904275
0.905199
0.904963
0.903745
0.901883
0.899891
0.898592
0.898226
0.898895
0.899701
0.900689
0.900906
0.903038
0.904057
0.90845
0.908178
0.913751
0.90953
0.914831
0.903531
0.903628
0.890669
0.893808
0.878965
0.879133
0.893811
0.906578
0.915084
0.920121
0.923179
0.924631
0.925313
0.924999
0.924464
0.923313
0.922732
0.921863
0.922227
0.921928
0.922976
0.922557
0.923698
0.922794
0.923889
0.922687
0.92245
0.921617
0.917333
0.920239
0.905251
0.909706
0.861772
0.852487
0.87943
0.907378
0.925884
0.933716
0.936311
0.936731
0.936398
0.935663
0.934918
0.933899
0.933134
0.932114
0.931728
0.930938
0.93102
0.930081
0.930281
0.928469
0.928523
0.924848
0.925179
0.918803
0.920987
0.911527
0.916901
0.908407
0.912188
0.92146
0.863305
0.870703
0.932349
0.950136
0.949508
0.943827
0.937759
0.932828
0.92916
0.926608
0.924711
0.923423
0.922344
0.92173
0.921061
0.920822
0.920118
0.919835
0.918593
0.917939
0.915935
0.9148
0.912933
0.911329
0.912707
0.907862
0.91801
0.900312
0.929377
0.89872
0.96884
0.98914
0.90524
0.896435
0.89553
0.897292
0.900002
0.902896
0.90567
0.907925
0.909786
0.911162
0.912296
0.913182
0.913938
0.914642
0.915122
0.915811
0.915906
0.916818
0.916222
0.917947
0.916051
0.919657
0.915014
0.921433
0.912067
0.922517
0.913347
0.927828
0.929244
0.488486
0.910604
0.914604
0.922115
0.927998
0.931368
0.9329
0.933476
0.933445
0.933298
0.932874
0.932643
0.932088
0.931898
0.931145
0.930939
0.929758
0.929395
0.927416
0.926725
0.923525
0.922491
0.91791
0.917259
0.911868
0.913984
0.908437
0.912232
0.903116
0.835893
0.849019
0.912056
0.910268
0.909276
0.908727
0.908143
0.907431
0.90669
0.906086
0.905653
0.905398
0.905271
0.905218
0.905215
0.905195
0.905181
0.905123
0.90502
0.90504
0.904788
0.905449
0.90476
0.907433
0.905129
0.911248
0.905431
0.908866
0.897796
0.841629
0.772837
0.437348
0.912211
0.910753
0.910657
0.911841
0.913662
0.915456
0.917051
0.918243
0.919328
0.920012
0.920861
0.921202
0.922061
0.922128
0.923235
0.923001
0.924593
0.923845
0.925988
0.924073
0.926127
0.921937
0.921398
0.91553
0.904638
0.90013
0.851402
0.775956
0.638115
0.448564
0.912522
0.911476
0.910981
0.911066
0.911462
0.912008
0.912437
0.912825
0.913045
0.913288
0.913423
0.913623
0.913775
0.913944
0.914179
0.914211
0.914571
0.914048
0.914458
0.912141
0.912436
0.905853
0.906379
0.893754
0.886409
0.868902
0.775009
0.65268
0.456707
3.6345e-05
0.912742
0.911911
0.911376
0.911193
0.911348
0.911749
0.912265
0.912813
0.913345
0.913846
0.914347
0.914809
0.915357
0.915823
0.916536
0.917015
0.918045
0.918401
0.919947
0.919591
0.921945
0.918535
0.921514
0.904739
0.896861
0.83833
0.600126
0.50152
3.06336e-05
4.7991e-09
0.912871
0.912209
0.911711
0.911449
0.911392
0.911587
0.911874
0.91232
0.912704
0.913231
0.913598
0.914194
0.914537
0.915271
0.915614
0.916583
0.916948
0.918236
0.918635
0.920019
0.920077
0.918768
0.915745
0.893292
0.886457
0.715078
0.0648101
5.01706e-09
4.7991e-09
4.7991e-09
0.912949
0.912386
0.911938
0.911645
0.911506
0.91157
0.911753
0.912108
0.912463
0.912974
0.913363
0.91399
0.914359
0.91517
0.915509
0.916678
0.91699
0.91883
0.919063
0.921957
0.921487
0.924843
0.919857
0.914865
0.893918
0.460334
9.48099e-09
4.7991e-09
4.7991e-09
4.7991e-09
0.912984
0.912469
0.912047
0.911752
0.911581
0.911591
0.91172
0.912026
0.912359
0.912853
0.913252
0.913875
0.914268
0.915076
0.915456
0.916637
0.917037
0.918955
0.919336
0.922522
0.922299
0.927377
0.922602
0.927242
0.830702
2.28131e-06
4.7991e-09
4.7991e-09
4.7991e-09
4.7991e-09
)
;

boundaryField
{
    inlet1
    {
        type            calculated;
        value           uniform 1;
    }
    inlet2
    {
        type            calculated;
        value           nonuniform List<scalar> 10(1.00003 1 0.990427 0.966798 0.946462 0.916344 0.906975 0.888298 0.878965 0.87943);
    }
    inlet3
    {
        type            calculated;
        value           uniform 0.913307;
    }
    output1
    {
        type            calculated;
        value           nonuniform List<scalar> 10(4.7991e-09 4.7991e-09 4.7991e-09 4.7991e-09 4.7991e-09 4.7991e-09 4.7991e-09 4.7991e-09 4.7991e-09 4.79911e-09);
    }
    output2
    {
        type            calculated;
        value           nonuniform List<scalar> 10(4.79909e-09 4.7991e-09 3.98293e-08 0.745626 0.866954 0.891336 0.902688 0.893808 0.852487 0.870703);
    }
    output3
    {
        type            calculated;
        value           nonuniform List<scalar> 10(0.98914 0.488486 0.849019 0.437348 0.448564 3.6345e-05 4.7991e-09 4.7991e-09 4.7991e-09 4.7991e-09);
    }
    up
    {
        type            calculated;
        value           nonuniform List<scalar> 
30
(
0.912984
0.912469
0.912047
0.911752
0.911581
0.911591
0.91172
0.912026
0.912359
0.912853
0.913252
0.913875
0.914268
0.915076
0.915456
0.916637
0.917037
0.918955
0.919336
0.922522
0.922299
0.927377
0.922602
0.927242
0.830702
2.28131e-06
4.7991e-09
4.7991e-09
4.7991e-09
4.7991e-09
)
;
    }
    down
    {
        type            calculated;
        value           nonuniform List<scalar> 
30
(
0.999874
0.987604
0.603278
0.681648
1.26611e-07
4.7991e-09
4.7991e-09
4.7991e-09
4.7991e-09
4.7991e-09
4.7991e-09
4.7991e-09
4.7991e-09
4.7991e-09
4.7991e-09
4.7991e-09
4.7991e-09
4.7991e-09
4.7991e-09
4.7991e-09
4.7991e-09
4.7991e-09
4.7991e-09
4.7991e-09
4.7991e-09
4.7991e-09
4.7991e-09
4.7991e-09
4.7991e-09
4.7991e-09
)
;
    }
    emptyWalls
    {
        type            empty;
    }
}


// ************************************************************************* //
