/*--------------------------------*- C++ -*----------------------------------*\
  =========                 |
  \\      /  F ield         | OpenFOAM: The Open Source CFD Toolbox
   \\    /   O peration     | Website:  https://openfoam.org
    \\  /    A nd           | Version:  9
     \\/     M anipulation  |
\*---------------------------------------------------------------------------*/
FoamFile
{
    format      ascii;
    class       surfaceScalarField;
    location    "31500";
    object      phi;
}
// * * * * * * * * * * * * * * * * * * * * * * * * * * * * * * * * * * * * * //

dimensions      [0 3 -1 0 0 0 0];

internalField   nonuniform List<scalar> 
1740
(
2.94762e-08
8.22325e-08
8.2379e-09
9.14819e-09
1.83371e-09
1.32877e-08
1.28556e-09
1.7957e-09
9.23494e-10
8.69067e-12
1.21139e-09
4.01787e-11
1.16011e-09
2.83306e-11
1.14162e-09
1.63104e-11
1.13324e-09
6.84061e-12
1.13172e-09
2.61974e-13
1.13452e-09
-3.82757e-12
1.13955e-09
-5.89656e-12
1.14505e-09
-6.27284e-12
1.14941e-09
-5.11922e-12
1.15113e-09
-2.47602e-12
1.14869e-09
1.67666e-12
1.14057e-09
7.36088e-12
1.12527e-09
1.45665e-11
1.10132e-09
2.32493e-11
1.06729e-09
3.33492e-11
1.02185e-09
4.48058e-11
9.63717e-10
5.75535e-11
8.9175e-10
7.14901e-11
8.05031e-10
8.64252e-11
7.03027e-10
1.02008e-10
5.85809e-10
1.17656e-10
4.54307e-10
1.32496e-10
3.10538e-10
1.45384e-10
1.57694e-10
1.5502e-10
1.60204e-10
3.92679e-08
1.34957e-07
1.08478e-08
5.07088e-08
9.55324e-09
2.28466e-08
1.46945e-09
2.29338e-09
8.63482e-10
1.59461e-10
1.21179e-09
8.76385e-11
1.14381e-09
5.68329e-11
1.1315e-09
3.00708e-11
1.12638e-09
1.07908e-11
1.1274e-09
-1.96455e-12
1.13229e-09
-9.67569e-12
1.13909e-09
-1.34861e-11
1.14617e-09
-1.40757e-11
1.15206e-09
-1.17282e-11
1.15529e-09
-6.46139e-12
1.15437e-09
1.82238e-12
1.14776e-09
1.32011e-11
1.13393e-09
2.76562e-11
1.11139e-09
4.50817e-11
1.07871e-09
6.53423e-11
1.03454e-09
8.83213e-11
9.77549e-10
1.13917e-10
9.06501e-10
1.41982e-10
8.20317e-10
1.72204e-10
7.18242e-10
2.03955e-10
6.00092e-10
2.3612e-10
4.66576e-10
2.66946e-10
3.19615e-10
2.94023e-10
1.6254e-10
3.14487e-10
3.25595e-10
2.35929e-08
2.00548e-07
5.40828e-09
6.11596e-08
2.60681e-10
1.73262e-08
1.19694e-09
5.52604e-10
9.75212e-10
3.53813e-10
1.20118e-09
1.55891e-10
1.13106e-09
8.12932e-11
1.1142e-09
3.63501e-11
1.11338e-09
8.21713e-12
1.11921e-09
-9.23473e-12
1.12815e-09
-1.94242e-11
1.13835e-09
-2.42967e-11
1.14849e-09
-2.48154e-11
1.15736e-09
-2.12558e-11
1.16361e-09
-1.34633e-11
1.16574e-09
-1.12646e-12
1.16217e-09
1.59651e-11
1.15129e-09
3.77754e-11
1.13159e-09
6.4078e-11
1.10163e-09
9.46161e-11
1.06005e-09
1.2922e-10
1.00544e-09
1.67814e-10
9.36389e-10
2.10317e-10
8.51495e-10
2.56454e-10
7.49532e-10
3.05489e-10
6.29742e-10
3.55919e-10
4.92289e-10
4.05144e-10
3.38805e-10
4.49275e-10
1.72852e-10
4.83312e-10
5.02092e-10
1.38045e-08
2.88847e-07
2.28163e-10
7.02552e-08
2.39547e-10
1.7775e-08
6.53371e-10
7.75164e-11
9.17555e-10
3.17855e-10
1.05215e-09
1.60308e-10
1.06925e-09
7.6101e-11
1.08084e-09
2.58205e-11
1.09374e-09
-5.03706e-12
1.10792e-09
-2.37672e-11
1.12274e-09
-3.44897e-11
1.13766e-09
-3.94603e-11
1.1521e-09
-3.96328e-11
1.16528e-09
-3.50149e-11
1.17603e-09
-2.50089e-11
1.18282e-09
-8.82998e-12
1.18388e-09
1.40097e-11
1.17748e-09
4.34015e-11
1.16204e-09
7.88383e-11
1.13619e-09
1.19824e-10
1.09858e-09
1.66127e-10
1.04777e-09
2.17801e-10
9.82122e-10
2.75021e-10
8.99742e-10
3.37802e-10
7.98644e-10
4.05628e-10
6.77054e-10
4.76922e-10
5.34039e-10
5.48439e-10
3.70462e-10
6.14619e-10
1.90061e-10
6.67396e-10
6.97367e-10
2.7566e-08
3.59617e-07
5.9518e-09
1.03395e-07
8.10958e-10
2.42262e-08
6.05277e-10
4.94231e-11
8.90365e-10
1.63234e-10
9.64882e-10
9.55331e-11
1.013e-09
3.69832e-11
1.04619e-09
-4.13149e-12
1.0728e-09
-3.04185e-11
1.09599e-09
-4.63073e-11
1.11724e-09
-5.53066e-11
1.13743e-09
-5.94212e-11
1.15696e-09
-5.92396e-11
1.17562e-09
-5.41617e-11
1.19242e-09
-4.27272e-11
1.20562e-09
-2.31946e-11
1.21306e-09
5.50195e-12
1.21269e-09
4.29825e-11
1.20291e-09
8.80505e-11
1.1825e-09
1.39714e-10
1.15031e-09
1.97664e-10
1.10495e-09
2.62241e-10
1.04458e-09
3.3416e-10
9.66707e-10
4.1411e-10
8.6825e-10
5.02295e-10
7.45792e-10
5.97704e-10
5.96351e-10
6.97073e-10
4.18943e-10
7.93365e-10
2.16928e-10
8.74282e-10
9.22615e-10
2.79674e-08
4.36623e-07
4.89405e-09
1.21576e-07
9.50283e-10
2.49067e-08
5.77825e-10
4.05655e-11
8.71293e-10
6.01571e-11
9.12116e-10
2.16609e-11
9.71685e-10
-1.95694e-11
1.01812e-09
-4.89114e-11
1.05528e-09
-6.61985e-11
1.086e-09
-7.57363e-11
1.11281e-09
-8.10076e-11
1.13787e-09
-8.36777e-11
1.1627e-09
-8.37425e-11
1.18782e-09
-7.96656e-11
1.21242e-09
-6.85438e-11
1.23419e-09
-4.6723e-11
1.25005e-09
-1.17892e-11
1.25732e-09
3.49763e-11
1.25443e-09
9.06671e-11
1.24059e-09
1.53317e-10
1.21519e-09
2.22572e-10
1.17715e-09
2.99343e-10
1.12454e-09
3.85262e-10
1.05426e-09
4.82189e-10
9.61858e-10
5.91734e-10
8.41513e-10
7.14526e-10
6.8663e-10
8.48779e-10
4.92029e-10
9.87487e-10
2.58706e-10
1.11375e-09
1.1962e-09
3.54576e-08
5.01426e-07
9.45405e-09
1.37905e-07
1.26854e-09
3.78448e-08
5.7812e-10
4.09513e-11
8.43412e-10
-6.09735e-12
8.78994e-10
-4.94694e-11
9.435e-10
-8.80106e-11
9.99336e-10
-1.05747e-10
1.04419e-09
-1.09728e-10
1.07991e-09
-1.09432e-10
1.11013e-09
-1.09309e-10
1.13854e-09
-1.1054e-10
1.16813e-09
-1.12387e-10
1.20056e-09
-1.12215e-10
1.23523e-09
-1.05058e-10
1.26866e-09
-8.33637e-11
1.29562e-09
-4.09122e-11
1.31213e-09
1.80447e-11
1.31688e-09
8.63238e-11
1.31024e-09
1.60315e-10
1.29272e-09
2.39962e-10
1.26394e-09
3.27298e-10
1.22217e-09
4.25353e-10
1.16392e-09
5.37645e-10
1.08341e-09
6.67926e-10
9.71772e-10
8.19886e-10
8.1663e-10
9.96027e-10
6.03835e-10
1.19405e-09
3.25866e-10
1.39703e-09
1.55222e-09
4.0298e-08
5.63489e-07
5.73985e-09
1.72834e-07
1.08087e-09
4.15764e-08
5.62624e-10
4.83127e-11
8.00976e-10
-4.86316e-11
8.47705e-10
-1.25431e-10
9.23984e-10
-1.77258e-10
9.91526e-10
-1.76337e-10
1.04225e-09
-1.57534e-10
1.07933e-09
-1.42953e-10
1.10925e-09
-1.36258e-10
1.13804e-09
-1.36784e-10
1.17074e-09
-1.43052e-10
1.21103e-09
-1.51747e-10
1.2593e-09
-1.56111e-10
1.3096e-09
-1.40761e-10
1.35164e-09
-8.65411e-11
1.37869e-09
-8.209e-12
1.39071e-09
7.62679e-11
1.39078e-09
1.61657e-10
1.3815e-09
2.49665e-10
1.36371e-09
3.44528e-10
1.33627e-09
4.51211e-10
1.29585e-09
5.75108e-10
1.23608e-09
7.22437e-10
1.14554e-09
9.01066e-10
1.00428e-09
1.12139e-09
7.80815e-10
1.39567e-09
4.40922e-10
1.7281e-09
2.06344e-09
5.89373e-08
6.04119e-07
1.11323e-08
2.16315e-07
8.57353e-10
4.26444e-08
5.10255e-10
5.92781e-11
7.28837e-10
-1.09744e-10
8.05215e-10
-2.26366e-10
9.13206e-10
-3.19252e-10
1.00053e-09
-2.6481e-10
1.05396e-09
-2.01118e-10
1.08589e-09
-1.68588e-10
1.1095e-09
-1.55987e-10
1.13362e-09
-1.57287e-10
1.16575e-09
-1.71291e-10
1.21353e-09
-1.9561e-10
1.28135e-09
-2.26878e-10
1.3588e-09
-2.3703e-10
1.42267e-09
-1.56281e-10
1.46027e-09
-4.06067e-11
1.4765e-09
6.52995e-11
1.48067e-09
1.60377e-10
1.47878e-09
2.52515e-10
1.47312e-09
3.49934e-10
1.46336e-09
4.59856e-10
1.44714e-09
5.89141e-10
1.41953e-09
7.45647e-10
1.37002e-09
9.4055e-10
1.27415e-09
1.19279e-09
1.07422e-09
1.53915e-09
6.57006e-10
2.05625e-09
2.90999e-09
1.29362e-07
5.75324e-07
5.06603e-08
2.94982e-07
9.61813e-09
9.8072e-08
3.76161e-10
7.33748e-09
6.04786e-10
-1.13503e-10
7.41952e-10
-2.33523e-10
9.23095e-10
-3.38468e-10
1.04344e-09
-3.86504e-10
1.08715e-09
-2.13539e-10
1.10079e-09
-1.74297e-10
1.10925e-09
-1.61813e-10
1.1212e-09
-1.65085e-10
1.1451e-09
-1.89214e-10
1.19599e-09
-2.32523e-10
1.29375e-09
-3.18763e-10
1.42159e-09
-4.24199e-10
1.51996e-09
-2.60947e-10
1.56322e-09
-6.32363e-11
1.57435e-09
6.51592e-11
1.57662e-09
1.62039e-10
1.57984e-09
2.5008e-10
1.58665e-09
3.42841e-10
1.59689e-09
4.49137e-10
1.60982e-09
5.75951e-10
1.62487e-09
7.30459e-10
1.64085e-09
9.22695e-10
1.64808e-09
1.17008e-09
1.5849e-09
1.51186e-09
1.11288e-09
2.04778e-09
3.07104e-09
2.52062e-07
3.21291e-07
2.42027e-07
3.0506e-07
9.65342e-08
2.23522e-07
1.2337e-08
1.27402e-07
3.79132e-10
3.76802e-08
6.6301e-10
1.03088e-08
9.93783e-10
1.08875e-08
1.16298e-09
-2.52508e-10
1.15041e-09
-1.48331e-10
1.12087e-09
-1.24837e-10
1.1055e-09
-1.18983e-10
1.09683e-09
-1.22493e-10
1.09747e-09
-1.46035e-10
1.13157e-09
-1.87331e-10
1.27608e-09
-2.91507e-10
1.51384e-09
-4.63687e-10
1.67236e-09
-4.13036e-10
1.6983e-09
-1.36538e-11
1.68106e-09
1.00791e-10
1.6716e-09
1.78378e-10
1.67733e-09
2.50936e-10
1.69673e-09
3.33458e-10
1.72773e-09
4.33846e-10
1.77037e-09
5.57228e-10
1.82929e-09
7.07259e-10
1.92044e-09
8.86875e-10
2.09241e-09
1.09554e-09
2.50444e-09
1.32989e-09
3.74887e-09
1.57629e-09
1.79729e-09
2.91848e-07
3.28201e-08
4.93049e-07
1.10158e-07
5.21546e-07
1.94574e-07
3.79737e-07
2.10639e-07
2.10378e-07
1.56829e-07
1.50678e-07
8.34584e-08
7.31129e-08
8.19851e-08
1.03139e-09
6.00295e-08
1.25462e-09
8.16925e-09
1.12675e-09
3.01678e-09
1.09506e-09
1.93376e-09
1.06315e-09
1.82411e-09
1.01639e-09
3.21589e-09
9.56722e-10
4.77076e-09
1.16515e-09
1.48848e-08
1.68533e-09
1.33585e-08
1.95734e-09
-2.07781e-10
1.87657e-09
5.41182e-11
1.77998e-09
1.03445e-10
1.75141e-09
1.38815e-10
1.76115e-09
1.77483e-10
1.79521e-09
2.27385e-10
1.84694e-09
2.91946e-10
1.91465e-09
3.73353e-10
2.00148e-09
4.72139e-10
2.11922e-09
5.88296e-10
2.29668e-09
7.12502e-10
2.59156e-09
8.25334e-10
3.06589e-09
8.53685e-10
5.86072e-10
9.07348e-08
-6.85524e-08
2.71065e-07
-4.14039e-08
4.54998e-07
1.98617e-08
5.63874e-07
1.0152e-07
5.419e-07
1.6842e-07
4.82982e-07
1.38854e-07
4.20895e-07
1.39685e-07
3.42289e-07
1.25447e-07
3.24769e-07
3.92863e-08
3.12645e-07
1.71189e-08
2.98878e-07
1.19851e-08
2.90657e-07
1.17368e-08
2.67635e-07
1.95273e-08
2.4807e-07
2.98757e-08
1.88014e-07
6.38436e-08
6.14876e-08
7.78518e-08
1.83843e-09
5.11026e-08
1.73345e-09
4.80919e-09
1.45021e-09
1.45325e-10
1.38735e-09
-1.53605e-09
1.36497e-09
-2.39828e-09
1.36235e-09
-3.12454e-09
1.37372e-09
-3.91325e-09
1.40054e-09
-4.79791e-09
1.45078e-09
-5.67075e-09
1.53196e-09
-6.23876e-09
1.66949e-09
-6.19702e-09
1.89528e-09
-5.14963e-09
2.20335e-09
-3.36367e-09
-1.11424e-09
4.82477e-08
-1.23049e-07
1.13741e-07
-8.97893e-08
1.89478e-07
-5.8845e-08
3.02504e-07
-4.97865e-09
4.16689e-07
5.29987e-08
4.70195e-07
8.83414e-08
5.15765e-07
1.00969e-07
5.3849e-07
9.9311e-08
5.25296e-07
5.67082e-08
5.15872e-07
3.04682e-08
5.01796e-07
2.32576e-08
4.89052e-07
2.43279e-08
4.66782e-07
3.81174e-08
4.36107e-07
5.84952e-08
4.03385e-07
9.88897e-08
3.40414e-07
1.26552e-07
3.0737e-07
9.87798e-08
3.0661e-07
1.94625e-08
3.08317e-07
-7.96808e-10
3.16935e-07
-9.69032e-09
3.3046e-07
-1.47654e-08
3.48431e-07
-1.92296e-08
3.71022e-07
-2.3972e-08
3.98791e-07
-2.93869e-08
4.31107e-07
-3.48441e-08
4.66997e-07
-3.90536e-08
5.02423e-07
-4.01369e-08
5.33712e-07
-3.51841e-08
5.54226e-07
-2.45501e-08
-8.87786e-09
4.83492e-08
-1.72045e-07
8.86639e-08
-1.3653e-07
1.27315e-07
-9.83909e-08
1.78946e-07
-5.64783e-08
2.51544e-07
-1.67109e-08
3.22511e-07
1.86707e-08
3.88665e-07
3.9002e-08
4.41857e-07
4.55057e-08
4.61705e-07
3.8301e-08
4.67791e-07
2.76831e-08
4.67178e-07
2.43566e-08
4.64826e-07
2.80954e-08
4.61909e-07
4.15603e-08
4.61898e-07
6.1653e-08
4.80589e-07
8.62212e-08
5.04904e-07
1.01652e-07
5.15038e-07
7.80198e-08
5.17225e-07
2.6002e-08
5.25619e-07
-5.43889e-09
5.39448e-07
-2.32017e-08
5.59394e-07
-3.48951e-08
5.85947e-07
-4.57622e-08
6.19168e-07
-5.67743e-08
6.60552e-07
-6.98064e-08
7.0902e-07
-8.27876e-08
7.65806e-07
-9.49947e-08
8.24887e-07
-1.01041e-07
8.82284e-07
-9.39342e-08
9.22619e-07
-6.94405e-08
-2.59139e-08
5.27554e-08
-2.28051e-07
1.00161e-07
-1.84962e-07
1.45932e-07
-1.44161e-07
1.91832e-07
-1.02884e-07
2.39116e-07
-6.33035e-08
2.87797e-07
-2.99904e-08
3.33695e-07
-6.66708e-09
3.72591e-07
6.74779e-09
3.98774e-07
1.32348e-08
4.14115e-07
1.49586e-08
4.2386e-07
1.73475e-08
4.31442e-07
2.32829e-08
4.42522e-07
3.38487e-08
4.61011e-07
4.69049e-08
4.93791e-07
5.72548e-08
5.37823e-07
5.88683e-08
5.70156e-07
4.29853e-08
5.86094e-07
1.23731e-08
5.99836e-07
-1.64984e-08
6.1624e-07
-3.89731e-08
6.3883e-07
-5.6843e-08
6.67991e-07
-7.49244e-08
7.04727e-07
-9.22347e-08
7.50041e-07
-1.14069e-07
8.03423e-07
-1.34143e-07
8.69516e-07
-1.58938e-07
9.429e-07
-1.7458e-07
1.02571e-06
-1.77618e-07
1.09311e-06
-1.44234e-07
-6.00241e-08
6.35814e-08
-2.96784e-07
1.18623e-07
-2.41342e-07
1.70319e-07
-1.9486e-07
2.19966e-07
-1.50909e-07
2.67752e-07
-1.10121e-07
3.12567e-07
-7.44695e-08
3.52126e-07
-4.62592e-08
3.84883e-07
-2.56749e-08
4.1035e-07
-1.1421e-08
4.2865e-07
-1.88163e-09
4.42351e-07
5.58658e-09
4.54359e-07
1.31919e-08
4.69158e-07
2.10956e-08
4.89874e-07
2.76435e-08
5.18488e-07
2.94231e-08
5.52418e-07
2.42638e-08
5.83151e-07
1.08195e-08
6.05839e-07
-1.06048e-08
6.27416e-07
-3.60693e-08
6.50786e-07
-6.14614e-08
6.82019e-07
-8.54755e-08
7.18164e-07
-1.11041e-07
7.64203e-07
-1.34815e-07
8.15446e-07
-1.65629e-07
8.76106e-07
-1.90035e-07
9.4811e-07
-2.29831e-07
1.03093e-06
-2.52443e-07
1.13882e-06
-2.85205e-07
1.24443e-06
-2.57318e-07
-1.37557e-07
8.07204e-08
-3.81853e-07
1.53655e-07
-3.11778e-07
2.20531e-07
-2.57094e-07
2.8042e-07
-2.07419e-07
3.33189e-07
-1.61071e-07
3.79236e-07
-1.19661e-07
4.18512e-07
-8.51376e-08
4.5102e-07
-5.77521e-08
4.77192e-07
-3.70282e-08
4.97623e-07
-2.15258e-08
5.13962e-07
-9.89778e-09
5.2878e-07
-9.05095e-10
5.45191e-07
5.23864e-09
5.65203e-07
7.70939e-09
5.89306e-07
4.92475e-09
6.16192e-07
-3.44528e-09
6.44605e-07
-1.78208e-08
6.7197e-07
-3.77603e-08
7.01272e-07
-6.34815e-08
7.31774e-07
-9.09955e-08
7.70061e-07
-1.2092e-07
8.08534e-07
-1.50308e-07
8.58206e-07
-1.8083e-07
9.02852e-07
-2.13996e-07
9.60943e-07
-2.42184e-07
1.01435e-06
-2.88226e-07
1.0848e-06
-3.10465e-07
1.18684e-06
-3.85705e-07
1.30964e-06
-3.75527e-07
-3.04918e-07
1.20915e-07
-5.02365e-07
2.26719e-07
-4.04735e-07
3.15475e-07
-3.37609e-07
3.85246e-07
-2.73558e-07
4.39554e-07
-2.14063e-07
4.82856e-07
-1.62462e-07
5.18009e-07
-1.20181e-07
5.4701e-07
-8.65593e-08
5.70867e-07
-6.07171e-08
5.90973e-07
-4.11393e-08
6.08488e-07
-2.69287e-08
6.25723e-07
-1.72963e-08
6.4365e-07
-1.22973e-08
6.64125e-07
-1.21284e-08
6.86232e-07
-1.72078e-08
7.10855e-07
-2.73848e-08
7.35885e-07
-4.29839e-08
7.62298e-07
-6.30872e-08
7.87745e-07
-8.89591e-08
8.14044e-07
-1.15967e-07
8.40978e-07
-1.48347e-07
8.66686e-07
-1.75956e-07
8.98423e-07
-2.13015e-07
9.20996e-07
-2.39549e-07
9.64562e-07
-2.82226e-07
9.83142e-07
-3.15477e-07
1.04809e-06
-3.56755e-07
1.10759e-06
-4.45868e-07
1.23904e-06
-4.44289e-07
-6.45364e-07
2.33545e-07
-6.94251e-07
4.03419e-07
-5.55634e-07
4.96804e-07
-4.28117e-07
5.4692e-07
-3.24277e-07
5.75967e-07
-2.44167e-07
5.95746e-07
-1.83165e-07
6.11467e-07
-1.36667e-07
6.25606e-07
-1.01147e-07
6.38752e-07
-7.41737e-08
6.51791e-07
-5.40874e-08
6.64777e-07
-3.98343e-08
6.78811e-07
-3.08624e-08
6.93393e-07
-2.68029e-08
7.09394e-07
-2.76878e-08
7.25034e-07
-3.32268e-08
7.41563e-07
-4.35761e-08
7.55961e-07
-5.83196e-08
7.71009e-07
-7.75955e-08
7.81213e-07
-1.00916e-07
7.93856e-07
-1.27279e-07
8.00108e-07
-1.57709e-07
8.15033e-07
-1.87547e-07
8.24769e-07
-2.27591e-07
8.48969e-07
-2.56853e-07
8.80558e-07
-3.18662e-07
9.06679e-07
-3.36856e-07
9.99646e-07
-4.44505e-07
9.99055e-07
-4.68839e-07
1.53372e-06
-8.11182e-07
-1.96999e-06
8.46567e-07
-6.65404e-07
7.67259e-07
-5.21624e-07
7.04112e-07
-3.8638e-07
6.57705e-07
-2.87749e-07
6.27499e-07
-2.1842e-07
6.10272e-07
-1.67938e-07
6.02472e-07
-1.29684e-07
6.00987e-07
-9.99987e-08
6.03787e-07
-7.69769e-08
6.09337e-07
-5.95834e-08
6.16955e-07
-4.72267e-08
6.25752e-07
-3.95852e-08
6.3554e-07
-3.63949e-08
6.45302e-07
-3.75898e-08
6.55181e-07
-4.29747e-08
6.64118e-07
-5.27962e-08
6.72844e-07
-6.66884e-08
6.80704e-07
-8.55475e-08
6.88712e-07
-1.07963e-07
6.98826e-07
-1.36617e-07
7.09646e-07
-1.67074e-07
7.31784e-07
-2.06669e-07
7.48477e-07
-2.44916e-07
7.96983e-07
-2.96171e-07
8.14528e-07
-3.47234e-07
9.11585e-07
-4.06693e-07
9.38776e-07
-5.09702e-07
1.11711e-06
-5.95931e-07
1.19431e-06
-1.01265e-06
-1.63412e-06
7.19575e-07
-4.6072e-07
5.99957e-07
-3.8708e-07
5.43804e-07
-3.20097e-07
5.2543e-07
-2.61469e-07
5.24714e-07
-2.11892e-07
5.31367e-07
-1.706e-07
5.40816e-07
-1.36582e-07
5.51196e-07
-1.08686e-07
5.61785e-07
-8.64792e-08
5.72315e-07
-6.9326e-08
5.8279e-07
-5.71484e-08
5.93083e-07
-4.94525e-08
6.03388e-07
-4.63242e-08
6.1338e-07
-4.73168e-08
6.23686e-07
-5.28168e-08
6.33538e-07
-6.24132e-08
6.44687e-07
-7.69462e-08
6.55149e-07
-9.58627e-08
6.69246e-07
-1.20342e-07
6.81774e-07
-1.49703e-07
7.01993e-07
-1.84299e-07
7.17349e-07
-2.25031e-07
7.44993e-07
-2.67535e-07
7.62499e-07
-3.21837e-07
7.96428e-07
-3.72118e-07
8.25505e-07
-4.51683e-07
8.50949e-07
-5.28285e-07
8.82774e-07
-6.5894e-07
4.77103e-07
-6.8067e-07
-4.18232e-07
8.21237e-07
-3.65267e-07
7.7106e-07
-3.42113e-07
7.42387e-07
-3.01915e-07
7.2503e-07
-2.54098e-07
7.13243e-07
-2.07927e-07
7.04584e-07
-1.67692e-07
6.98039e-07
-1.34344e-07
6.93587e-07
-1.07359e-07
6.90798e-07
-8.61561e-08
6.89706e-07
-6.99924e-08
6.89526e-07
-5.85637e-08
6.90291e-07
-5.13341e-08
6.90932e-07
-4.83043e-08
6.91764e-07
-4.90642e-08
6.91468e-07
-5.40116e-08
6.90875e-07
-6.27641e-08
6.88381e-07
-7.63457e-08
6.85644e-07
-9.40944e-08
6.80923e-07
-1.17954e-07
6.77089e-07
-1.46432e-07
6.72463e-07
-1.822e-07
6.71601e-07
-2.23274e-07
6.71756e-07
-2.70455e-07
6.80243e-07
-3.26598e-07
6.86868e-07
-3.83812e-07
6.8935e-07
-4.50032e-07
6.6479e-07
-5.14757e-07
4.80473e-07
-5.04044e-07
2.27827e-07
-4.22188e-07
-3.83676e-07
8.36013e-07
-2.86585e-07
7.65625e-07
-2.69935e-07
7.06532e-07
-2.41612e-07
6.6123e-07
-2.07641e-07
6.28514e-07
-1.73712e-07
6.05643e-07
-1.43033e-07
5.89995e-07
-1.16847e-07
5.79565e-07
-9.52289e-08
5.72858e-07
-7.79894e-08
5.68779e-07
-6.4698e-08
5.66435e-07
-5.52182e-08
5.65173e-07
-4.91895e-08
5.64421e-07
-4.67364e-08
5.63789e-07
-4.75644e-08
5.63005e-07
-5.22242e-08
5.61846e-07
-6.039e-08
5.60649e-07
-7.3453e-08
5.59149e-07
-9.06593e-08
5.59315e-07
-1.15013e-07
5.59688e-07
-1.44145e-07
5.65991e-07
-1.83314e-07
5.71583e-07
-2.27051e-07
5.87087e-07
-2.79096e-07
5.96229e-07
-3.3837e-07
5.97024e-07
-3.8084e-07
5.82958e-07
-4.42139e-07
4.74649e-07
-4.2204e-07
3.19819e-07
-3.45056e-07
1.46401e-07
-2.69221e-07
-1.23362e-07
8.50133e-07
-2.22151e-07
7.94209e-07
-2.12476e-07
7.48963e-07
-1.96211e-07
7.15173e-07
-1.74965e-07
6.91045e-07
-1.51379e-07
6.74246e-07
-1.28065e-07
6.62468e-07
-1.06795e-07
6.54333e-07
-8.84739e-08
6.4847e-07
-7.34368e-08
6.44515e-07
-6.16759e-08
6.41392e-07
-5.31725e-08
6.39347e-07
-4.77691e-08
6.37101e-07
-4.55498e-08
6.35505e-07
-4.63909e-08
6.32727e-07
-5.07277e-08
6.3044e-07
-5.84069e-08
6.25889e-07
-7.07025e-08
6.21815e-07
-8.68767e-08
6.14362e-07
-1.10276e-07
6.06981e-07
-1.37358e-07
5.96229e-07
-1.7654e-07
5.82352e-07
-2.14939e-07
5.70457e-07
-2.71231e-07
5.42142e-07
-3.15063e-07
5.20281e-07
-3.59061e-07
4.56014e-07
-3.89774e-07
3.34717e-07
-3.02545e-07
2.08476e-07
-2.22666e-07
8.89798e-08
-1.47424e-07
-5.79561e-08
8.60465e-07
-1.68394e-07
8.11592e-07
-1.62535e-07
7.68098e-07
-1.52208e-07
7.31098e-07
-1.38012e-07
7.00761e-07
-1.21373e-07
6.76417e-07
-1.04161e-07
6.57126e-07
-8.78412e-08
6.41841e-07
-7.34594e-08
6.29682e-07
-6.14233e-08
6.19868e-07
-5.1983e-08
6.11694e-07
-4.5065e-08
6.04616e-07
-4.07414e-08
5.97907e-07
-3.88935e-08
5.91253e-07
-3.96955e-08
5.83629e-07
-4.31537e-08
5.75121e-07
-4.9646e-08
5.63912e-07
-5.95186e-08
5.51078e-07
-7.32739e-08
5.33285e-07
-9.23421e-08
5.1445e-07
-1.16353e-07
4.89448e-07
-1.50525e-07
4.67567e-07
-1.87448e-07
4.44755e-07
-2.44793e-07
4.1991e-07
-2.81972e-07
4.05009e-07
-3.36448e-07
3.3601e-07
-3.26929e-07
2.27759e-07
-2.00167e-07
1.36258e-07
-1.15219e-07
4.66986e-08
-5.1854e-08
-1.08926e-09
8.67011e-07
-1.21429e-07
8.23106e-07
-1.17799e-07
7.82693e-07
-1.1127e-07
7.47019e-07
-1.02148e-07
7.1669e-07
-9.11662e-08
6.91608e-07
-7.9401e-08
6.71202e-07
-6.78594e-08
6.54706e-07
-5.73887e-08
6.41297e-07
-4.84382e-08
6.30277e-07
-4.1326e-08
6.20899e-07
-3.60706e-08
6.12664e-07
-3.28052e-08
6.04801e-07
-3.14247e-08
5.97004e-07
-3.21533e-08
5.88253e-07
-3.48928e-08
5.7853e-07
-4.01465e-08
5.66193e-07
-4.7909e-08
5.51985e-07
-5.92095e-08
5.32954e-07
-7.44554e-08
5.12259e-07
-9.53718e-08
4.83946e-07
-1.23973e-07
4.57547e-07
-1.59474e-07
4.19305e-07
-2.0992e-07
3.82056e-07
-2.42517e-07
3.46963e-07
-3.02633e-07
2.41879e-07
-2.41105e-07
1.41193e-07
-8.68029e-08
5.81444e-08
-3.40135e-08
2.8633e-10
-8.2143e-10
-1.1271e-09
8.71219e-07
-7.88101e-08
8.30755e-07
-7.66865e-08
7.92771e-07
-7.28115e-08
7.58226e-07
-6.73584e-08
7.27802e-07
-6.06843e-08
7.01628e-07
-5.33797e-08
6.79574e-07
-4.60305e-08
6.6108e-07
-3.92291e-08
6.45666e-07
-3.33083e-08
6.3254e-07
-2.8567e-08
6.21245e-07
-2.50279e-08
6.10906e-07
-2.28483e-08
6.01175e-07
-2.19122e-08
5.91034e-07
-2.245e-08
5.80208e-07
-2.4282e-08
5.67432e-07
-2.79235e-08
5.52367e-07
-3.31016e-08
5.33512e-07
-4.10226e-08
5.09914e-07
-5.11634e-08
4.80405e-07
-6.63113e-08
4.41371e-07
-8.51464e-08
3.96532e-07
-1.13165e-07
3.3385e-07
-1.46663e-07
2.8576e-07
-1.83317e-07
2.18688e-07
-2.34239e-07
9.15881e-08
-1.26026e-07
1.20614e-08
-1.05414e-08
6.85015e-10
-9.56965e-10
1.89472e-10
-8.12151e-10
-7.62869e-10
8.73739e-07
-3.87951e-08
8.35407e-07
-3.78098e-08
7.99012e-07
-3.59997e-08
7.65357e-07
-3.34403e-08
7.35084e-07
-3.02892e-08
7.08454e-07
-2.67971e-08
6.85527e-07
-2.32396e-08
6.65934e-07
-1.98995e-08
6.49342e-07
-1.69666e-08
6.35015e-07
-1.45955e-08
6.22558e-07
-1.28258e-08
6.11024e-07
-1.17287e-08
6.00155e-07
-1.12689e-08
5.88729e-07
-1.15399e-08
5.76728e-07
-1.2478e-08
5.62409e-07
-1.43172e-08
5.46094e-07
-1.69532e-08
5.25055e-07
-2.10022e-08
4.99957e-07
-2.61614e-08
4.66363e-07
-3.40639e-08
4.24939e-07
-4.35695e-08
3.70413e-07
-5.96127e-08
3.02465e-07
-7.75919e-08
2.33811e-07
-1.10693e-07
1.16792e-07
-1.27059e-07
1.83441e-08
-3.56714e-08
1.25756e-09
-2.30205e-10
1.01108e-09
-5.99296e-10
4.02917e-10
-4.43143e-10
-4.02004e-10
8.74923e-07
8.37607e-07
8.01998e-07
7.6882e-07
7.38679e-07
7.11877e-07
6.88546e-07
6.68419e-07
6.51224e-07
6.36283e-07
6.232e-07
6.1105e-07
5.99542e-07
5.87472e-07
5.74783e-07
5.59737e-07
5.42607e-07
5.20532e-07
4.94272e-07
4.58625e-07
4.15297e-07
3.53649e-07
2.77651e-07
1.65861e-07
4.44185e-08
8.67743e-10
1.13477e-09
8.43313e-10
4.15411e-10
)
;

boundaryField
{
    inlet1
    {
        type            calculated;
        value           nonuniform List<scalar> 10(-1e-07 -1e-07 -1e-07 -1e-07 -1e-07 -1e-07 -1e-07 -1e-07 -1e-07 -1e-07);
    }
    inlet2
    {
        type            calculated;
        value           uniform 0;
    }
    inlet3
    {
        type            calculated;
        value           nonuniform List<scalar> 10(-9.13394e-07 -9.13394e-07 -9.13394e-07 -9.13394e-07 -9.13394e-07 -9.13394e-07 -9.13394e-07 -9.13394e-07 -9.13394e-07 -9.13394e-07);
    }
    output1
    {
        type            calculated;
        value           uniform 0;
    }
    output2
    {
        type            calculated;
        value           nonuniform List<scalar> 10(6.15698e-09 3.69277e-09 2.39224e-09 5.63669e-07 9.40421e-07 1.12568e-06 1.31418e-06 1.45833e-06 1.60747e-06 3.11194e-06);
    }
    output3
    {
        type            calculated;
        value           uniform -0;
    }
    up
    {
        type            calculated;
        value           uniform 0;
    }
    down
    {
        type            calculated;
        value           uniform 0;
    }
    emptyWalls
    {
        type            empty;
        value           nonuniform List<scalar> 0();
    }
}


// ************************************************************************* //
