/*--------------------------------*- C++ -*----------------------------------*\
  =========                 |
  \\      /  F ield         | OpenFOAM: The Open Source CFD Toolbox
   \\    /   O peration     | Website:  https://openfoam.org
    \\  /    A nd           | Version:  9
     \\/     M anipulation  |
\*---------------------------------------------------------------------------*/
FoamFile
{
    format      ascii;
    class       volScalarField;
    location    "31500";
    object      Sw;
}
// * * * * * * * * * * * * * * * * * * * * * * * * * * * * * * * * * * * * * //

dimensions      [0 0 0 0 0 0 0];

internalField   nonuniform List<scalar> 
900
(
0.786078
0.669681
0.530413
0.542679
0.174284
0.15
0.15
0.15
0.15
0.15
0.15
0.15
0.15
0.15
0.15
0.15
0.15
0.15
0.15
0.15
0.15
0.15
0.15
0.15
0.15
0.15
0.15
0.15
0.15
0.15
0.816539
0.612276
0.732675
0.657294
0.252947
0.150001
0.15
0.15
0.15
0.15
0.15
0.15
0.15
0.15
0.15
0.15
0.15
0.15
0.15
0.15
0.15
0.15
0.15
0.15
0.15
0.15
0.15
0.15
0.15
0.15
0.760151
0.738201
0.637179
0.473033
0.155867
0.15
0.15
0.15
0.15
0.15
0.15
0.15
0.15
0.15
0.15
0.15
0.15
0.15
0.15
0.15
0.15
0.15
0.15
0.15
0.15
0.15
0.15
0.15
0.15
0.15
0.77852
0.617359
0.571678
0.341585
0.150098
0.15
0.15
0.15
0.15
0.15
0.15
0.15
0.15
0.15
0.15
0.15
0.15
0.15
0.15
0.15
0.15
0.15
0.15
0.15
0.15
0.15
0.15
0.15
0.15
0.15
0.776917
0.691106
0.576981
0.30962
0.150016
0.15
0.15
0.15
0.15
0.15
0.15
0.15
0.15
0.15
0.15
0.15
0.15
0.15
0.15
0.15
0.15
0.15
0.15
0.15
0.15
0.15
0.15
0.15
0.15
0.15
0.794682
0.682311
0.596438
0.255934
0.150001
0.15
0.15
0.15
0.15
0.15
0.15
0.15
0.15
0.15
0.15
0.15
0.15
0.15
0.15
0.15
0.15
0.15
0.15
0.15
0.15
0.15
0.15
0.15
0.15
0.15
0.810098
0.714435
0.585197
0.225383
0.15
0.15
0.15
0.15
0.15
0.15
0.15
0.15
0.15
0.15
0.15
0.15
0.15
0.15
0.15
0.15
0.15
0.15
0.15
0.15
0.15
0.15
0.15
0.15
0.15
0.15
0.831718
0.712101
0.652057
0.195301
0.15
0.15
0.15
0.15
0.15
0.15
0.15
0.15
0.15
0.15
0.15
0.15
0.15
0.15
0.15
0.15
0.15
0.15
0.15
0.15
0.15
0.15
0.15
0.15
0.15
0.15
0.858507
0.764221
0.607094
0.179745
0.15
0.15
0.15
0.15
0.15
0.15
0.15
0.15
0.15
0.15
0.15
0.15
0.15
0.15
0.15
0.15
0.15
0.15
0.15
0.15
0.15
0.15
0.15
0.15
0.15
0.15
0.88898
0.780488
0.649922
0.276408
0.15
0.15
0.15
0.15
0.15
0.15
0.15
0.15
0.15
0.15
0.15
0.15
0.15
0.15
0.15
0.15
0.15
0.15
0.15
0.15
0.15
0.15
0.15
0.15
0.15
0.15
0.913649
0.850395
0.725007
0.536937
0.197828
0.150002
0.150002
0.15
0.15
0.15
0.15
0.15
0.15
0.15
0.15
0.15
0.15
0.15
0.15
0.15
0.15
0.15
0.15
0.15
0.15
0.15
0.15
0.15
0.15
0.15
0.840716
0.836922
0.799641
0.739287
0.641405
0.5773
0.563199
0.262293
0.150001
0.150003
0.150001
0.150001
0.150001
0.150001
0.150001
0.15
0.15
0.15
0.15
0.15
0.15
0.15
0.15
0.15
0.15
0.15
0.15
0.15
0.15
0.15
0.67811
0.71554
0.744614
0.721595
0.69425
0.645074
0.624536
0.581797
0.569056
0.566502
0.567305
0.564492
0.567589
0.559684
0.567209
0.516102
0.192604
0.189086
0.197081
0.205349
0.21297
0.22077
0.229396
0.237704
0.245166
0.246181
0.23996
0.221586
0.19528
0.164628
0.635801
0.627618
0.652373
0.63996
0.649358
0.634359
0.620679
0.612181
0.604055
0.598096
0.59888
0.595231
0.597473
0.590344
0.585888
0.564695
0.539277
0.535517
0.53793
0.540239
0.541763
0.542888
0.543994
0.545255
0.546851
0.548583
0.550642
0.552304
0.553858
0.553981
0.618362
0.605459
0.600885
0.595931
0.597885
0.600223
0.597835
0.599177
0.597464
0.594025
0.593336
0.591378
0.591078
0.587217
0.583524
0.579278
0.574447
0.57048
0.570509
0.571609
0.572563
0.573364
0.574144
0.574976
0.576127
0.577235
0.579092
0.580545
0.58268
0.582772
0.601393
0.595606
0.591023
0.589699
0.587855
0.587729
0.58769
0.588184
0.58809
0.586978
0.586116
0.585231
0.584092
0.582912
0.581676
0.582388
0.583109
0.581793
0.580978
0.581191
0.581522
0.582355
0.582873
0.58383
0.584462
0.585258
0.586468
0.587661
0.590406
0.591042
0.59723
0.58855
0.585795
0.585517
0.586365
0.587424
0.588359
0.588776
0.588846
0.58845
0.58772
0.586885
0.585811
0.585167
0.584883
0.585688
0.586392
0.586364
0.585793
0.586319
0.586605
0.588331
0.588765
0.590915
0.590783
0.592307
0.591545
0.592252
0.59372
0.595451
0.589931
0.585683
0.586191
0.588677
0.591388
0.593597
0.595199
0.596101
0.596484
0.596386
0.595882
0.595123
0.594324
0.59381
0.593666
0.59393
0.594248
0.594642
0.594729
0.595591
0.596009
0.59786
0.597744
0.600201
0.598329
0.600695
0.595796
0.595836
0.590797
0.591967
0.586669
0.586726
0.591968
0.597064
0.600809
0.603186
0.604695
0.605431
0.60578
0.605619
0.605345
0.604762
0.604471
0.604039
0.604219
0.604071
0.604593
0.604383
0.604956
0.604501
0.605052
0.604449
0.604331
0.60392
0.601856
0.603246
0.596507
0.598407
0.581182
0.578451
0.586827
0.597403
0.606075
0.610342
0.611856
0.612106
0.611908
0.611472
0.611037
0.610447
0.61001
0.609433
0.609217
0.608778
0.608824
0.608308
0.608418
0.607437
0.607466
0.605542
0.605712
0.602553
0.603609
0.599205
0.601652
0.597844
0.599497
0.603844
0.581645
0.583958
0.609566
0.621009
0.620546
0.616578
0.612725
0.609836
0.607808
0.606452
0.605471
0.604817
0.604277
0.603973
0.603644
0.603528
0.603185
0.603048
0.602452
0.602141
0.601203
0.600679
0.599833
0.599117
0.599731
0.597608
0.602174
0.59449
0.607927
0.593861
0.638061
0.674012
0.596502
0.59297
0.592622
0.593302
0.594368
0.595535
0.596682
0.597636
0.598439
0.599043
0.599546
0.599944
0.600285
0.600607
0.600827
0.601145
0.601189
0.601613
0.601335
0.602144
0.601255
0.602961
0.600775
0.603826
0.599443
0.604364
0.600019
0.607096
0.607861
0.513863
0.598797
0.600589
0.604164
0.607185
0.609017
0.609877
0.610204
0.610187
0.610103
0.609862
0.609731
0.609419
0.609312
0.608894
0.60878
0.608132
0.607936
0.606877
0.606514
0.604869
0.604351
0.602127
0.601819
0.599356
0.600306
0.597856
0.599518
0.595628
0.573905
0.577474
0.599439
0.59865
0.598218
0.597981
0.59773
0.597425
0.597111
0.596856
0.596675
0.596568
0.596515
0.596493
0.596492
0.596483
0.596478
0.596453
0.59641
0.596419
0.596313
0.596589
0.596301
0.597426
0.596455
0.599081
0.596581
0.59804
0.5935
0.575432
0.559355
0.506598
0.599508
0.598862
0.59882
0.599343
0.60016
0.60098
0.601722
0.602284
0.602803
0.603133
0.603547
0.603713
0.604137
0.60417
0.604723
0.604605
0.605411
0.60503
0.606129
0.605147
0.606201
0.604077
0.60381
0.601016
0.59625
0.594421
0.578143
0.559997
0.535715
0.5082
0.599647
0.599181
0.598963
0.599
0.599176
0.599418
0.599609
0.599783
0.599882
0.599991
0.600052
0.600143
0.600211
0.600288
0.600395
0.600409
0.600574
0.600335
0.600523
0.599477
0.599609
0.59676
0.59698
0.591949
0.589251
0.583389
0.559801
0.537996
0.509357
0.244664
0.599746
0.599374
0.599137
0.599056
0.599125
0.599303
0.599533
0.599778
0.600017
0.600244
0.600472
0.600683
0.600934
0.601149
0.601481
0.601705
0.602191
0.60236
0.603102
0.602929
0.60408
0.602424
0.603868
0.596298
0.593137
0.574561
0.529952
0.515705
0.241868
0.15
0.599804
0.599508
0.599286
0.59917
0.599144
0.599231
0.599358
0.599557
0.599729
0.599966
0.600131
0.600402
0.600558
0.600895
0.601053
0.601503
0.601674
0.602281
0.602472
0.603136
0.603165
0.602534
0.601116
0.591775
0.589274
0.54842
0.425565
0.150273
0.15
0.15
0.599839
0.599586
0.599386
0.599256
0.599195
0.599223
0.599304
0.599462
0.599621
0.59985
0.600025
0.600309
0.600477
0.600848
0.601005
0.601547
0.601693
0.602564
0.602676
0.604085
0.603854
0.605538
0.60306
0.600707
0.59202
0.509948
0.154332
0.15
0.15
0.15
0.599854
0.599624
0.599435
0.599304
0.599228
0.599233
0.59929
0.599426
0.599574
0.599795
0.599975
0.600257
0.600436
0.600805
0.60098
0.601528
0.601715
0.602624
0.602807
0.604366
0.604255
0.606856
0.604407
0.606784
0.572579
0.204865
0.15
0.15
0.15
0.15
)
;

boundaryField
{
    inlet1
    {
        type            fixedValue;
        value           uniform 0.85;
    }
    inlet2
    {
        type            zeroGradient;
    }
    inlet3
    {
        type            fixedValue;
        value           uniform 0.6;
    }
    output1
    {
        type            zeroGradient;
    }
    output2
    {
        type            zeroGradient;
    }
    output3
    {
        type            zeroGradient;
    }
    up
    {
        type            zeroGradient;
    }
    down
    {
        type            zeroGradient;
    }
    emptyWalls
    {
        type            empty;
    }
}


// ************************************************************************* //
