/*--------------------------------*- C++ -*----------------------------------*\
  =========                 |
  \\      /  F ield         | OpenFOAM: The Open Source CFD Toolbox
   \\    /   O peration     | Website:  https://openfoam.org
    \\  /    A nd           | Version:  9
     \\/     M anipulation  |
\*---------------------------------------------------------------------------*/
FoamFile
{
    format      ascii;
    class       surfaceScalarField;
    location    "17500";
    object      phi;
}
// * * * * * * * * * * * * * * * * * * * * * * * * * * * * * * * * * * * * * //

dimensions      [0 3 -1 0 0 0 0];

internalField   nonuniform List<scalar> 
1740
(
3.57626e-08
6.23582e-08
9.12362e-09
1.29063e-08
2.13065e-09
6.85394e-09
1.46718e-09
1.27826e-09
1.47646e-09
9.82474e-11
1.84465e-09
1.13283e-10
1.78584e-09
7.07088e-11
1.74652e-09
3.74975e-11
1.72794e-09
1.51936e-11
1.72442e-09
8.02574e-13
1.73054e-09
-8.13236e-12
1.74212e-09
-1.31395e-11
1.75594e-09
-1.51129e-11
1.76935e-09
-1.45603e-11
1.77998e-09
-1.17396e-11
1.78556e-09
-6.72512e-12
1.78377e-09
5.52432e-13
1.77215e-09
1.0271e-11
1.74801e-09
2.26736e-11
1.70844e-09
3.80106e-11
1.65037e-09
5.64816e-11
1.57067e-09
7.81664e-11
1.46639e-09
1.02954e-10
1.33501e-09
1.30451e-10
1.17485e-09
1.5988e-10
9.85522e-10
1.89965e-10
7.6847e-10
2.18853e-10
5.27407e-10
2.44151e-10
2.68487e-10
2.63164e-10
2.73425e-10
1.5057e-08
1.46568e-07
8.23204e-09
2.00873e-08
7.24769e-09
2.13272e-08
3.31872e-09
1.29228e-09
1.52546e-09
5.07204e-10
1.9148e-09
2.52279e-10
1.76876e-09
1.32055e-10
1.7258e-09
6.40889e-11
1.71288e-09
2.24764e-11
1.71479e-09
-3.84842e-12
1.72507e-09
-2.01899e-11
1.73988e-09
-2.93109e-11
1.75636e-09
-3.27509e-11
1.77213e-09
-3.1389e-11
1.78502e-09
-2.5674e-11
1.79292e-09
-1.57151e-11
1.79361e-09
-1.33711e-12
1.78468e-09
1.78588e-11
1.76344e-09
4.24097e-11
1.72695e-09
7.28813e-11
1.67198e-09
1.09742e-10
1.59524e-09
1.53226e-10
1.49348e-09
2.03196e-10
1.36379e-09
2.58969e-10
1.20402e-09
3.191e-10
1.01325e-09
3.81118e-10
7.92483e-10
4.41293e-10
5.45267e-10
4.94585e-10
2.78052e-10
5.35073e-10
5.5711e-10
2.38206e-08
2.31954e-07
6.79428e-09
3.88194e-08
3.42016e-09
2.91284e-08
1.00782e-09
4.37302e-11
1.45982e-09
5.22623e-10
1.65749e-09
2.67557e-10
1.67161e-09
1.41144e-10
1.67504e-09
6.43267e-11
1.68298e-09
1.44721e-11
1.69678e-09
-1.84817e-11
1.71508e-09
-3.94662e-11
1.73596e-09
-5.11619e-11
1.75748e-09
-5.51904e-11
1.77778e-09
-5.25715e-11
1.79506e-09
-4.3852e-11
1.80748e-09
-2.91231e-11
1.81306e-09
-8.04354e-12
1.80949e-09
2.00923e-11
1.79413e-09
5.62249e-11
1.76391e-09
1.01363e-10
1.71538e-09
1.56377e-10
1.64484e-09
2.21802e-10
1.5485e-09
2.97639e-10
1.42267e-09
3.8313e-10
1.26417e-09
4.76428e-10
1.07096e-09
5.74113e-10
8.42954e-10
6.7062e-10
5.83132e-10
7.57827e-10
2.98457e-10
8.25429e-10
8.6283e-10
1.51245e-08
3.15105e-07
1.81137e-09
5.16131e-08
7.86897e-10
2.50462e-08
9.42386e-10
4.89851e-11
1.43898e-09
2.47287e-10
1.52425e-09
1.7713e-10
1.58522e-09
1.00636e-10
1.61977e-09
3.76022e-11
1.64723e-09
-1.04325e-11
1.67429e-09
-4.50833e-11
1.7025e-09
-6.80304e-11
1.7314e-09
-8.06801e-11
1.75982e-09
-8.42777e-11
1.78645e-09
-7.9856e-11
1.80995e-09
-6.80401e-11
1.8289e-09
-4.88807e-11
1.84164e-09
-2.18032e-11
1.84611e-09
1.43297e-11
1.83968e-09
6.10354e-11
1.81916e-09
1.1997e-10
1.78077e-09
1.92605e-10
1.72026e-09
2.79969e-10
1.63301e-09
3.8243e-10
1.51419e-09
4.99484e-10
1.35904e-09
6.29371e-10
1.16347e-09
7.68297e-10
9.25247e-10
9.09253e-10
6.45847e-10
1.04067e-09
3.32643e-10
1.14598e-09
1.20595e-09
1.6704e-08
4.00167e-07
7.7597e-10
6.87387e-08
6.63798e-10
2.34838e-08
9.7134e-10
6.86322e-11
1.43504e-09
1.07262e-10
1.46323e-09
9.30949e-11
1.52525e-09
4.66687e-11
1.57159e-09
-4.11896e-12
1.61188e-09
-4.87192e-11
1.65066e-09
-8.33878e-11
1.68924e-09
-1.06893e-10
1.72731e-09
-1.19253e-10
1.76395e-09
-1.21387e-10
1.79825e-09
-1.14537e-10
1.82939e-09
-9.95718e-11
1.85652e-09
-7.65565e-11
1.8785e-09
-4.46152e-11
1.8936e-09
-2.00694e-12
1.89932e-09
5.36195e-11
1.89228e-09
1.2487e-10
1.86829e-09
2.14102e-10
1.82242e-09
3.23042e-10
1.74909e-09
4.52627e-10
1.64204e-09
6.03008e-10
1.49432e-09
7.73278e-10
1.29864e-09
9.60461e-10
1.04871e-09
1.15742e-09
7.42364e-10
1.34961e-09
3.8627e-10
1.51188e-09
1.60904e-09
1.8273e-08
4.84406e-07
2.75231e-09
8.39415e-08
1.1248e-09
2.30098e-08
1.02369e-09
8.84002e-11
1.42283e-09
6.15407e-11
1.43232e-09
4.13292e-11
1.48098e-09
-2.93393e-12
1.52946e-09
-5.20252e-11
1.57805e-09
-9.69372e-11
1.62722e-09
-1.32858e-10
1.6765e-09
-1.56906e-10
1.72463e-09
-1.68054e-10
1.77041e-09
-1.67486e-10
1.8132e-09
-1.57333e-10
1.85283e-09
-1.39152e-10
1.88931e-09
-1.13159e-10
1.92225e-09
-7.80933e-11
1.95048e-09
-3.13704e-11
1.9717e-09
3.05839e-11
1.98235e-09
1.11785e-10
1.97768e-09
2.15894e-10
1.95203e-09
3.4548e-10
1.89888e-09
5.02034e-10
1.81057e-09
6.86645e-10
1.67758e-09
9.00275e-10
1.48804e-09
1.14285e-09
1.22859e-09
1.41033e-09
8.88625e-10
1.6885e-09
4.70078e-10
1.94287e-09
2.1093e-09
2.24882e-08
5.52614e-07
3.50201e-09
1.04702e-07
1.305e-09
2.62951e-08
1.03912e-09
1.89723e-10
1.39134e-09
8.07265e-11
1.39735e-09
1.36187e-11
1.43689e-09
-4.77064e-11
1.48724e-09
-1.0411e-10
1.54362e-09
-1.54149e-10
1.60369e-09
-1.94204e-10
1.66489e-09
-2.19824e-10
1.7243e-09
-2.28574e-10
1.77989e-09
-2.23172e-10
1.8313e-09
-2.08159e-10
1.87944e-09
-1.86544e-10
1.92562e-09
-1.58839e-10
1.97069e-09
-1.2323e-10
2.01435e-09
-7.59687e-11
2.05466e-09
-1.1699e-11
2.08775e-09
7.57977e-11
2.10808e-09
1.92219e-10
2.10914e-09
3.40949e-10
2.08384e-09
5.23377e-10
2.02377e-09
7.4126e-10
1.91738e-09
9.98326e-10
1.74736e-09
1.30034e-09
1.48898e-09
1.65256e-09
1.11347e-09
2.0512e-09
6.05427e-10
2.46179e-09
2.77601e-09
1.1328e-08
6.35769e-07
-1.85997e-09
1.23307e-07
3.72727e-10
1.58515e-08
1.02719e-09
3.27784e-10
1.34224e-09
9.54306e-11
1.34037e-09
-1.98728e-11
1.38199e-09
-9.73998e-11
1.43898e-09
-1.62562e-10
1.50551e-09
-2.21348e-10
1.57903e-09
-2.69989e-10
1.65507e-09
-2.99615e-10
1.72778e-09
-3.03251e-10
1.79353e-09
-2.88472e-10
1.85266e-09
-2.65589e-10
1.90801e-09
-2.4003e-10
1.96306e-09
-2.1242e-10
2.02053e-09
-1.80028e-10
2.08157e-09
-1.37567e-10
2.14483e-09
-7.72133e-11
2.2059e-09
1.08864e-11
2.25773e-09
1.36238e-10
2.29261e-09
3.02713e-10
2.30354e-09
5.09255e-10
2.28329e-09
7.56689e-10
2.22079e-09
1.05144e-09
2.09503e-09
1.40761e-09
1.86651e-09
1.84838e-09
1.47085e-09
2.40195e-09
8.38164e-10
3.07708e-09
3.75694e-09
-5.24234e-10
7.31014e-07
-7.79342e-09
1.1852e-07
6.58594e-10
2.98069e-10
9.21051e-10
2.04949e-10
1.16145e-09
5.12565e-12
1.24314e-09
-9.11409e-11
1.31171e-09
-1.59459e-10
1.38119e-09
-2.27392e-10
1.46039e-09
-2.98695e-10
1.55184e-09
-3.64791e-10
1.64859e-09
-4.05401e-10
1.73821e-09
-3.96346e-10
1.81381e-09
-3.61877e-10
1.87778e-09
-3.25693e-10
1.9369e-09
-2.95572e-10
1.99806e-09
-2.70776e-10
2.0668e-09
-2.46905e-10
2.14655e-09
-2.17054e-10
2.23721e-09
-1.70475e-10
2.33327e-09
-9.12778e-11
2.42434e-09
3.91306e-11
2.50003e-09
2.24404e-10
2.55443e-09
4.54238e-10
2.58507e-09
7.24807e-10
2.58747e-09
1.04313e-09
2.54546e-09
1.43027e-09
2.41115e-09
1.93139e-09
2.06528e-09
2.63116e-09
1.27638e-09
3.68763e-09
5.41775e-09
2.56233e-08
8.04321e-07
5.27743e-09
1.38792e-07
4.1677e-10
7.59659e-09
7.9727e-10
3.37499e-12
1.02894e-09
-2.22016e-10
1.15906e-09
-1.90425e-10
1.24053e-09
-2.21907e-10
1.31366e-09
-2.88851e-10
1.40304e-09
-3.81251e-10
1.51935e-09
-4.8508e-10
1.64925e-09
-5.60853e-10
1.76267e-09
-5.14857e-10
1.84571e-09
-4.36997e-10
1.90778e-09
-3.79733e-10
1.96373e-09
-3.45784e-10
2.02547e-09
-3.28212e-10
2.10208e-09
-3.19755e-10
2.20063e-09
-3.13269e-10
2.32418e-09
-2.96354e-10
2.46565e-09
-2.44652e-10
2.60631e-09
-1.12843e-10
2.72872e-09
1.01532e-10
2.8291e-09
3.5849e-10
2.91509e-09
6.45179e-10
2.99855e-09
9.65998e-10
3.08821e-09
1.33895e-09
3.16738e-09
1.81578e-09
3.10274e-09
2.50364e-09
2.20207e-09
3.62454e-09
5.76309e-09
1.65991e-08
7.82165e-07
1.83847e-08
1.22039e-07
6.1757e-09
2.06264e-08
6.85717e-10
1.24017e-08
1.01406e-09
-1.90949e-10
1.12362e-09
-1.98044e-10
1.17768e-09
-2.5525e-10
1.22987e-09
-3.24854e-10
1.31876e-09
-4.52379e-10
1.47326e-09
-6.33427e-10
1.66639e-09
-8.38075e-10
1.8175e-09
-6.65234e-10
1.89859e-09
-4.91517e-10
1.94388e-09
-4.1046e-10
1.98477e-09
-3.79613e-10
2.03803e-09
-3.76536e-10
2.11541e-09
-3.90625e-10
2.2297e-09
-4.19915e-10
2.39324e-09
-4.57017e-10
2.59881e-09
-4.78127e-10
2.80655e-09
-3.47378e-10
2.97943e-09
-6.39229e-11
3.11817e-09
2.33016e-10
3.24763e-09
5.31431e-10
3.40344e-09
8.36731e-10
3.64144e-09
1.14378e-09
4.0674e-09
1.48912e-09
4.97622e-09
1.94311e-09
7.47476e-09
2.54379e-09
3.25689e-09
3.44501e-08
7.48444e-07
2.9365e-08
1.20382e-07
2.76322e-08
2.44031e-08
1.41708e-08
2.02081e-08
8.54721e-10
7.54027e-09
1.17914e-09
2.88473e-10
1.11679e-09
-1.66431e-10
1.1094e-09
-2.48681e-10
1.16885e-09
-3.66851e-10
1.38855e-09
-5.58176e-10
1.72554e-09
-8.36815e-10
1.94236e-09
-8.21893e-10
1.98727e-09
-4.53482e-10
1.98441e-09
-3.91352e-10
1.99341e-09
-3.86259e-10
2.02648e-09
-4.08011e-10
2.09182e-09
-4.46307e-10
2.2095e-09
-5.18749e-10
2.42028e-09
-6.33664e-10
2.7298e-09
-8.63457e-10
3.04162e-09
-7.3462e-10
3.26429e-09
-2.42858e-10
3.41652e-09
1.06077e-10
3.55381e-09
4.10804e-10
3.72614e-09
7.05724e-10
4.00671e-09
9.10328e-10
4.48458e-09
1.05382e-09
5.26e-09
1.23589e-09
6.39181e-09
1.35065e-09
9.90832e-10
1.78133e-07
5.70301e-07
1.06703e-07
1.97057e-07
5.20076e-08
9.44699e-08
4.12795e-08
5.67467e-08
3.0948e-08
3.72942e-08
1.44829e-08
1.95697e-08
8.82487e-10
1.26541e-08
9.28428e-10
4.03787e-09
8.58675e-10
6.24465e-09
1.18655e-09
2.32201e-08
1.90485e-09
1.71303e-08
2.23914e-09
-4.76616e-10
2.12371e-09
-2.68236e-10
2.01308e-09
-2.62359e-10
1.97799e-09
-2.82629e-10
1.98264e-09
-3.15785e-10
2.0159e-09
-3.55707e-10
2.09622e-09
-4.31983e-10
2.34857e-09
-5.61928e-10
2.85849e-09
-9.14313e-10
3.36584e-09
-1.20397e-09
3.6196e-09
-2.81469e-10
3.72982e-09
2.33539e-11
3.82497e-09
2.81067e-10
3.94059e-09
5.14936e-10
4.17466e-09
5.8753e-10
4.60421e-09
5.65404e-10
5.1874e-09
5.96611e-10
5.78482e-09
6.21622e-10
3.50486e-10
4.85421e-07
9.02524e-08
5.91375e-07
9.26001e-08
5.5513e-07
1.09861e-07
4.82245e-07
1.01669e-07
4.35046e-07
7.29179e-08
4.07338e-07
5.11285e-08
4.01669e-07
3.03162e-08
3.81427e-07
2.34211e-08
3.56798e-07
3.96228e-08
2.60512e-07
1.01693e-07
7.72362e-08
1.19016e-07
2.28191e-09
7.12787e-08
2.24674e-09
7.31495e-09
1.94408e-09
3.41967e-10
1.90551e-09
-1.34189e-09
1.90513e-09
-1.45338e-09
1.89305e-09
-4.99574e-10
1.81091e-09
2.30464e-09
2.01928e-09
9.07069e-09
2.98975e-09
4.13368e-08
3.94362e-09
-4.37289e-10
4.11848e-09
-1.14373e-10
4.05818e-09
-1.14137e-11
4.07562e-09
5.11686e-11
4.0364e-09
-2.62024e-10
4.14696e-09
-3.11215e-10
4.57017e-09
9.34721e-10
5.10059e-09
7.46622e-10
5.49521e-09
3.00949e-10
1.18505e-10
2.71809e-07
-1.56916e-07
4.42908e-07
-8.14868e-08
5.45966e-07
2.602e-09
5.97067e-07
4.88121e-08
6.25107e-07
5.09792e-08
6.42824e-07
4.07769e-08
6.54384e-07
2.60935e-08
6.4749e-07
3.49837e-08
6.17754e-07
6.50233e-08
5.87548e-07
1.35643e-07
4.78858e-07
1.84767e-07
4.17525e-07
1.39341e-07
4.15777e-07
2.9697e-08
4.15796e-07
2.23283e-09
4.1986e-07
-5.75249e-09
4.20777e-07
-5.81907e-09
4.23781e-07
-7.00787e-10
3.95381e-07
1.50217e-08
3.68438e-07
4.30768e-08
1.91169e-07
1.31352e-07
6.18906e-09
1.13438e-07
3.75183e-09
9.9123e-09
6.78827e-09
-5.6471e-09
2.25439e-08
-1.91567e-08
5.56391e-08
-3.10111e-08
7.39358e-08
-2.38553e-08
5.33425e-08
-4.26261e-09
2.17206e-08
5.33296e-09
6.38387e-09
-4.43679e-10
-2.4835e-09
5.43802e-08
-2.15696e-07
1.18434e-07
-1.53312e-07
2.0875e-07
-8.80179e-08
2.99429e-07
-4.09878e-08
3.70463e-07
-1.1991e-08
4.17283e-07
-6.09198e-10
4.43324e-07
7.0432e-09
4.59485e-07
2.40866e-08
4.79462e-07
5.26892e-08
5.39828e-07
9.02413e-08
6.03552e-07
1.25034e-07
6.28073e-07
1.04088e-07
6.33172e-07
3.81548e-08
6.37932e-07
1.59728e-09
6.47042e-07
-1.21694e-08
6.47596e-07
-1.22258e-08
6.54415e-07
-2.60814e-09
6.32055e-07
2.52958e-08
6.26922e-07
6.82237e-08
6.03164e-07
1.53188e-07
5.55959e-07
1.80724e-07
5.68472e-07
2.31238e-08
5.89072e-07
-2.72369e-08
6.33378e-07
-6.49341e-08
6.9206e-07
-9.22632e-08
7.6178e-07
-9.13961e-08
8.37966e-07
-7.40717e-08
9.18601e-07
-6.52649e-08
9.82434e-07
-6.24171e-08
-3.01094e-08
6.41297e-08
-2.9389e-07
1.27921e-07
-2.22135e-07
1.96915e-07
-1.59102e-07
2.63046e-07
-1.05125e-07
3.18318e-07
-6.55327e-08
3.57834e-07
-3.77126e-08
3.82612e-07
-1.57548e-08
4.04897e-07
5.8636e-09
4.33767e-07
2.80849e-08
4.8463e-07
4.6045e-08
5.57256e-07
5.64747e-08
6.09052e-07
4.71833e-08
6.30906e-07
1.78046e-08
6.42502e-07
-8.6498e-09
6.5403e-07
-2.30916e-08
6.64539e-07
-2.45393e-08
6.77925e-07
-1.45388e-08
6.93119e-07
1.15307e-08
7.25133e-07
4.66665e-08
8.03016e-07
8.46606e-08
8.72409e-07
8.02345e-08
9.15306e-07
-5.81921e-09
9.72763e-07
-7.64422e-08
1.04294e-06
-1.30917e-07
1.12814e-06
-1.69603e-07
1.2427e-06
-1.96456e-07
1.38931e-06
-2.15896e-07
1.56142e-06
-2.36448e-07
1.70933e-06
-2.22548e-07
-1.16754e-07
7.50885e-08
-3.73633e-07
1.49571e-07
-2.96452e-07
2.24063e-07
-2.30706e-07
2.92629e-07
-1.71536e-07
3.49278e-07
-1.21019e-07
3.92931e-07
-8.00071e-08
4.26327e-07
-4.76549e-08
4.56589e-07
-2.2292e-08
4.8954e-07
-3.76733e-09
5.29543e-07
6.17325e-09
5.77427e-07
7.29204e-09
6.20503e-07
3.30048e-10
6.5296e-07
-1.56676e-08
6.80652e-07
-3.49231e-08
7.09327e-07
-4.95149e-08
7.41301e-07
-5.45097e-08
7.7852e-07
-4.89231e-08
8.27447e-07
-3.35657e-08
8.93871e-07
-1.6862e-08
9.91119e-07
-1.18815e-08
1.10024e-06
-3.52675e-08
1.19354e-06
-9.26702e-08
1.2855e-06
-1.58668e-07
1.37851e-06
-2.17027e-07
1.48072e-06
-2.62342e-07
1.59721e-06
-3.06164e-07
1.73821e-06
-3.46475e-07
1.90788e-06
-4.00735e-07
2.09625e-06
-4.14532e-07
-3.04235e-07
1.20159e-07
-4.97105e-07
2.27069e-07
-3.92679e-07
3.19849e-07
-3.16965e-07
3.95396e-07
-2.44353e-07
4.55592e-07
-1.80028e-07
5.04054e-07
-1.27325e-07
5.45353e-07
-8.74594e-08
5.84248e-07
-5.94015e-08
6.24511e-07
-4.23796e-08
6.66825e-07
-3.54101e-08
7.11261e-07
-3.6961e-08
7.5626e-07
-4.46714e-08
7.99722e-07
-5.84062e-08
8.42163e-07
-7.56235e-08
8.86371e-07
-9.1319e-08
9.35329e-07
-1.00972e-07
9.93207e-07
-1.03904e-07
1.06549e-06
-1.02781e-07
1.15651e-06
-1.04885e-07
1.26426e-06
-1.17934e-07
1.37681e-06
-1.46932e-07
1.47482e-06
-1.89212e-07
1.55873e-06
-2.38273e-07
1.62579e-06
-2.82727e-07
1.68907e-06
-3.21563e-07
1.74157e-06
-3.60223e-07
1.80443e-06
-3.9981e-07
1.87927e-06
-4.65739e-07
2.01991e-06
-5.25351e-07
-6.35627e-07
2.30802e-07
-6.85897e-07
4.0059e-07
-5.43656e-07
4.97909e-07
-4.11582e-07
5.56283e-07
-3.03252e-07
5.96765e-07
-2.21303e-07
6.29999e-07
-1.6078e-07
6.61375e-07
-1.18619e-07
6.9362e-07
-9.10252e-08
7.27895e-07
-7.6083e-08
7.6397e-07
-7.10487e-08
8.01623e-07
-7.43648e-08
8.40971e-07
-8.3618e-08
8.80917e-07
-9.7947e-08
9.21141e-07
-1.14924e-07
9.63166e-07
-1.32238e-07
1.01097e-06
-1.47234e-07
1.06807e-06
-1.59882e-07
1.1384e-06
-1.71969e-07
1.21969e-06
-1.86587e-07
1.30598e-06
-2.04853e-07
1.385e-06
-2.278e-07
1.44777e-06
-2.52102e-07
1.49009e-06
-2.8059e-07
1.51272e-06
-3.03754e-07
1.52593e-06
-3.32565e-07
1.51975e-06
-3.54042e-07
1.52336e-06
-3.94318e-07
1.50056e-06
-4.44668e-07
1.75566e-06
-6.36271e-07
-1.23819e-06
8.49297e-07
-6.59996e-07
7.74605e-07
-5.14268e-07
7.18946e-07
-3.7738e-07
6.82689e-07
-2.7695e-07
6.64338e-07
-2.07629e-07
6.60352e-07
-1.58742e-07
6.66795e-07
-1.25865e-07
6.8057e-07
-1.04814e-07
6.99351e-07
-9.47864e-08
7.21825e-07
-9.30859e-08
7.47513e-07
-9.96319e-08
7.76338e-07
-1.11603e-07
8.08526e-07
-1.29265e-07
8.44031e-07
-1.49098e-07
8.84939e-07
-1.71539e-07
9.33064e-07
-1.93603e-07
9.90296e-07
-2.15611e-07
1.05656e-06
-2.3729e-07
1.12578e-06
-2.56031e-07
1.19217e-06
-2.71407e-07
1.24326e-06
-2.80104e-07
1.27991e-06
-2.86623e-07
1.29313e-06
-2.93918e-07
1.29805e-06
-3.02247e-07
1.2799e-06
-3.17624e-07
1.26205e-06
-3.24475e-07
1.20426e-06
-3.53325e-07
1.15954e-06
-3.91139e-07
9.10831e-07
-5.43235e-07
-9.03097e-07
7.2075e-07
-4.56455e-07
6.03369e-07
-3.82133e-07
5.50326e-07
-3.14685e-07
5.36488e-07
-2.55541e-07
5.4173e-07
-2.07426e-07
5.56455e-07
-1.69354e-07
5.75686e-07
-1.42482e-07
5.98153e-07
-1.24834e-07
6.22586e-07
-1.17594e-07
6.49918e-07
-1.18163e-07
6.79896e-07
-1.28088e-07
7.13787e-07
-1.43068e-07
7.51916e-07
-1.65946e-07
7.94408e-07
-1.89446e-07
8.43494e-07
-2.19398e-07
8.9699e-07
-2.46011e-07
9.57484e-07
-2.75436e-07
1.01864e-06
-2.9912e-07
1.07598e-06
-3.13879e-07
1.11932e-06
-3.17195e-07
1.1435e-06
-3.05704e-07
1.14494e-06
-2.90096e-07
1.12203e-06
-2.69862e-07
1.08808e-06
-2.68995e-07
1.03935e-06
-2.73196e-07
9.6249e-07
-2.56328e-07
8.56675e-07
-2.56131e-07
6.98422e-07
-2.75658e-07
3.50728e-07
-2.48123e-07
-1.55866e-07
8.22323e-07
-3.62053e-07
7.73815e-07
-3.38659e-07
7.47566e-07
-2.98808e-07
7.34244e-07
-2.51914e-07
7.27628e-07
-2.08538e-07
7.25676e-07
-1.72889e-07
7.26085e-07
-1.4738e-07
7.29344e-07
-1.31147e-07
7.33588e-07
-1.24996e-07
7.40666e-07
-1.27125e-07
7.4864e-07
-1.38967e-07
7.6114e-07
-1.56772e-07
7.76641e-07
-1.84508e-07
7.9927e-07
-2.12598e-07
8.2957e-07
-2.52413e-07
8.65274e-07
-2.81932e-07
9.09248e-07
-3.20965e-07
9.47679e-07
-3.38406e-07
9.75373e-07
-3.42708e-07
9.79205e-07
-3.23e-07
9.66393e-07
-2.9451e-07
9.26863e-07
-2.56064e-07
8.58109e-07
-1.96902e-07
7.91632e-07
-1.97527e-07
7.12345e-07
-2.06159e-07
6.14027e-07
-1.6832e-07
4.94561e-07
-1.25645e-07
3.33207e-07
-1.16232e-07
1.80314e-07
-7.06424e-08
-7.1598e-08
8.37217e-07
-2.84508e-07
7.68606e-07
-2.68218e-07
7.12002e-07
-2.41019e-07
6.70007e-07
-2.08924e-07
6.41069e-07
-1.78263e-07
6.22401e-07
-1.52587e-07
6.1072e-07
-1.33809e-07
6.04448e-07
-1.22771e-07
6.01438e-07
-1.19761e-07
6.02914e-07
-1.25625e-07
6.07121e-07
-1.40318e-07
6.19691e-07
-1.64426e-07
6.36501e-07
-1.98102e-07
6.67571e-07
-2.36255e-07
7.03172e-07
-2.86153e-07
7.46836e-07
-3.17924e-07
7.92922e-07
-3.6647e-07
8.16318e-07
-3.58329e-07
8.13666e-07
-3.40903e-07
7.782e-07
-2.85767e-07
7.37846e-07
-2.51173e-07
6.6987e-07
-2.11855e-07
5.83434e-07
-9.64578e-08
4.98933e-07
-1.01813e-07
3.9705e-07
-1.02243e-07
3.25418e-07
-6.54437e-08
2.1791e-07
-2.93749e-08
6.55685e-08
-1.93009e-08
2.56034e-09
-2.31763e-09
-3.1494e-09
8.51185e-07
-2.21113e-07
7.96478e-07
-2.11957e-07
7.52659e-07
-1.97056e-07
7.20392e-07
-1.77845e-07
6.98037e-07
-1.57683e-07
6.82751e-07
-1.39373e-07
6.72634e-07
-1.25325e-07
6.65387e-07
-1.17396e-07
6.60649e-07
-1.16111e-07
6.57415e-07
-1.24072e-07
6.56162e-07
-1.39835e-07
6.59204e-07
-1.68813e-07
6.63425e-07
-2.03822e-07
6.806e-07
-2.5336e-07
6.91526e-07
-3.0231e-07
7.19137e-07
-3.42351e-07
7.3197e-07
-3.8928e-07
7.01702e-07
-3.30864e-07
6.39084e-07
-2.8926e-07
5.62933e-07
-2.14633e-07
4.78907e-07
-1.55393e-07
3.84402e-07
-9.68805e-08
3.31672e-07
-2.19756e-08
2.27992e-07
-2.4283e-08
7.30523e-08
-1.73398e-08
3.94034e-09
-9.77341e-10
2.90524e-09
-1.70768e-09
1.60904e-09
-2.07431e-09
9.71683e-10
-2.5479e-09
-3.36569e-09
8.61198e-07
-1.68111e-07
8.13097e-07
-1.62798e-07
7.70353e-07
-1.53869e-07
7.33952e-07
-1.41588e-07
7.04067e-07
-1.28187e-07
6.79243e-07
-1.1527e-07
6.59054e-07
-1.0533e-07
6.40485e-07
-9.96112e-08
6.24654e-07
-9.95956e-08
6.07061e-07
-1.07268e-07
5.92407e-07
-1.22639e-07
5.75299e-07
-1.51963e-07
5.6472e-07
-1.87084e-07
5.61166e-07
-2.47373e-07
5.56526e-07
-2.90031e-07
5.82353e-07
-3.569e-07
5.52107e-07
-3.68378e-07
4.77905e-07
-2.51731e-07
3.78937e-07
-1.87726e-07
2.92587e-07
-8.99362e-08
1.47597e-07
-4.44951e-08
7.22467e-09
-1.04031e-09
3.38447e-09
-7.81067e-10
2.65798e-09
-7.4048e-10
2.73343e-09
-6.66448e-10
2.78171e-09
-9.28634e-10
2.26699e-09
-1.7964e-09
1.48999e-09
-2.16086e-09
7.82706e-10
-2.18134e-09
-2.41736e-09
8.67387e-07
-1.21585e-07
8.23847e-07
-1.18435e-07
7.83476e-07
-1.1313e-07
7.4761e-07
-1.05577e-07
7.16438e-07
-9.73378e-08
6.89584e-07
-8.89184e-08
6.66388e-07
-8.2705e-08
6.44752e-07
-7.88779e-08
6.25094e-07
-8.01337e-08
6.0289e-07
-8.64588e-08
5.82851e-07
-1.01442e-07
5.5555e-07
-1.26855e-07
5.37532e-07
-1.64077e-07
5.09982e-07
-2.23606e-07
4.97654e-07
-2.66908e-07
4.94403e-07
-3.56892e-07
3.86079e-07
-2.84771e-07
2.754e-07
-1.32253e-07
1.40102e-07
-6.56035e-08
1.55787e-08
-3.75848e-09
3.27676e-09
-3.15229e-10
3.27451e-09
-3.37636e-11
3.09144e-09
-6.90734e-10
2.73323e-09
-7.62187e-10
2.5434e-09
-7.61252e-10
2.3233e-09
-8.95397e-10
1.88931e-09
-1.24889e-09
1.3012e-09
-1.49171e-09
6.69155e-10
-1.60456e-09
-1.70505e-09
8.71261e-07
-7.91014e-08
8.30809e-07
-7.73445e-08
7.92266e-07
-7.43442e-08
7.56972e-07
-7.00202e-08
7.24612e-07
-6.5291e-08
6.95846e-07
-6.02972e-08
6.69085e-07
-5.67219e-08
6.44206e-07
-5.43873e-08
6.18906e-07
-5.58031e-08
5.91872e-07
-5.99953e-08
5.61551e-07
-7.17187e-08
5.22884e-07
-8.89436e-08
4.82928e-07
-1.21801e-07
4.23665e-07
-1.65149e-07
3.94091e-07
-2.20596e-07
3.19547e-07
-2.91167e-07
1.58635e-07
-1.34686e-07
4.27111e-08
-2.82944e-08
2.84392e-09
-3.65976e-10
3.13154e-09
2.54992e-11
3.16495e-09
-2.00987e-10
3.07258e-09
-1.59498e-10
2.89624e-09
-3.76637e-10
2.64012e-09
-4.77947e-10
2.38365e-09
-5.39899e-10
2.07875e-09
-6.44498e-10
1.66575e-09
-8.12039e-10
1.15637e-09
-9.52531e-10
5.92711e-10
-1.04013e-09
-1.09322e-09
8.73544e-07
-3.89971e-08
8.34936e-07
-3.82189e-08
7.976e-07
-3.68474e-08
7.62763e-07
-3.48971e-08
7.2988e-07
-3.27242e-08
7.0006e-07
-3.04489e-08
6.71226e-07
-2.8797e-08
6.4451e-07
-2.77643e-08
6.1572e-07
-2.85794e-08
5.86474e-07
-3.07459e-08
5.49473e-07
-3.69933e-08
5.06671e-07
-4.56813e-08
4.47765e-07
-6.50991e-08
3.73108e-07
-8.83624e-08
2.97335e-07
-1.39452e-07
1.51802e-07
-1.56111e-07
2.57359e-08
-2.72079e-08
2.87052e-09
-9.43808e-11
3.24697e-09
-7.72411e-11
3.13105e-09
-4.39702e-12
3.06652e-09
-7.72856e-11
2.95458e-09
-1.03788e-10
2.78083e-09
-1.7837e-10
2.54736e-09
-2.33057e-10
2.27234e-09
-2.75903e-10
1.94231e-09
-3.30656e-10
1.53856e-09
-4.02235e-10
1.06581e-09
-4.66245e-10
5.45322e-10
-5.10214e-10
-5.34476e-10
8.74622e-07
8.36826e-07
8.0015e-07
7.65477e-07
7.32516e-07
7.02059e-07
6.72437e-07
6.44533e-07
6.1435e-07
5.83584e-07
5.43906e-07
4.98855e-07
4.29765e-07
3.44131e-07
2.00092e-07
4.60636e-08
2.11222e-09
3.00806e-09
3.09817e-09
3.08157e-09
3.0155e-09
2.8984e-09
2.72513e-09
2.49618e-09
2.21603e-09
1.87957e-09
1.48037e-09
1.02298e-09
5.22769e-10
)
;

boundaryField
{
    inlet1
    {
        type            calculated;
        value           nonuniform List<scalar> 10(-1e-07 -1e-07 -1e-07 -1e-07 -1e-07 -1e-07 -1e-07 -1e-07 -1e-07 -1e-07);
    }
    inlet2
    {
        type            calculated;
        value           uniform 0;
    }
    inlet3
    {
        type            calculated;
        value           nonuniform List<scalar> 10(-9.13394e-07 -9.13394e-07 -9.13394e-07 -9.13394e-07 -9.13394e-07 -9.13394e-07 -9.13394e-07 -9.13394e-07 -9.13394e-07 -9.13394e-07);
    }
    output1
    {
        type            calculated;
        value           uniform 0;
    }
    output2
    {
        type            calculated;
        value           nonuniform List<scalar> 10(1.21823e-08 7.77816e-09 6.29591e-09 5.7379e-09 3.86736e-09 1.01278e-06 1.79064e-06 2.2617e-06 2.33284e-06 2.7001e-06);
    }
    output3
    {
        type            calculated;
        value           uniform -0;
    }
    up
    {
        type            calculated;
        value           uniform 0;
    }
    down
    {
        type            calculated;
        value           uniform 0;
    }
    emptyWalls
    {
        type            empty;
        value           nonuniform List<scalar> 0();
    }
}


// ************************************************************************* //
