/*--------------------------------*- C++ -*----------------------------------*\
  =========                 |
  \\      /  F ield         | OpenFOAM: The Open Source CFD Toolbox
   \\    /   O peration     | Website:  https://openfoam.org
    \\  /    A nd           | Version:  9
     \\/     M anipulation  |
\*---------------------------------------------------------------------------*/
FoamFile
{
    format      ascii;
    class       volScalarField;
    location    "17500";
    object      Sw;
}
// * * * * * * * * * * * * * * * * * * * * * * * * * * * * * * * * * * * * * //

dimensions      [0 0 0 0 0 0 0];

internalField   nonuniform List<scalar> 
900
(
0.806644
0.6795
0.494848
0.414321
0.152369
0.15
0.15
0.15
0.15
0.15
0.15
0.15
0.15
0.15
0.15
0.15
0.15
0.15
0.15
0.15
0.15
0.15
0.15
0.15
0.15
0.15
0.15
0.15
0.15
0.15
0.7069
0.574369
0.582305
0.583705
0.170004
0.15
0.15
0.15
0.15
0.15
0.15
0.15
0.15
0.15
0.15
0.15
0.15
0.15
0.15
0.15
0.15
0.15
0.15
0.15
0.15
0.15
0.15
0.15
0.15
0.15
0.755509
0.61242
0.643852
0.336378
0.150063
0.15
0.15
0.15
0.15
0.15
0.15
0.15
0.15
0.15
0.15
0.15
0.15
0.15
0.15
0.15
0.15
0.15
0.15
0.15
0.15
0.15
0.15
0.15
0.15
0.15
0.744808
0.62995
0.604462
0.289603
0.15001
0.15
0.15
0.15
0.15
0.15
0.15
0.15
0.15
0.15
0.15
0.15
0.15
0.15
0.15
0.15
0.15
0.15
0.15
0.15
0.15
0.15
0.15
0.15
0.15
0.15
0.768335
0.623714
0.566713
0.250907
0.150001
0.15
0.15
0.15
0.15
0.15
0.15
0.15
0.15
0.15
0.15
0.15
0.15
0.15
0.15
0.15
0.15
0.15
0.15
0.15
0.15
0.15
0.15
0.15
0.15
0.15
0.759466
0.638462
0.560666
0.197305
0.15
0.15
0.15
0.15
0.15
0.15
0.15
0.15
0.15
0.15
0.15
0.15
0.15
0.15
0.15
0.15
0.15
0.15
0.15
0.15
0.15
0.15
0.15
0.15
0.15
0.15
0.771876
0.632487
0.551182
0.165309
0.15
0.15
0.15
0.15
0.15
0.15
0.15
0.15
0.15
0.15
0.15
0.15
0.15
0.15
0.15
0.15
0.15
0.15
0.15
0.15
0.15
0.15
0.15
0.15
0.15
0.15
0.760113
0.650982
0.573857
0.154354
0.15
0.15
0.15
0.15
0.15
0.15
0.15
0.15
0.15
0.15
0.15
0.15
0.15
0.15
0.15
0.15
0.15
0.15
0.15
0.15
0.15
0.15
0.15
0.15
0.15
0.15
0.778861
0.643435
0.364455
0.150012
0.15
0.15
0.15
0.15
0.15
0.15
0.15
0.15
0.15
0.15
0.15
0.15
0.15
0.15
0.15
0.15
0.15
0.15
0.15
0.15
0.15
0.15
0.15
0.15
0.15
0.15
0.785677
0.641743
0.29675
0.150001
0.15
0.15
0.15
0.15
0.15
0.15
0.15
0.15
0.15
0.15
0.15
0.15
0.15
0.15
0.15
0.15
0.15
0.15
0.15
0.15
0.15
0.15
0.15
0.15
0.15
0.15
0.817179
0.681221
0.523283
0.179748
0.15
0.15
0.15
0.15
0.15
0.15
0.15
0.15
0.15
0.15
0.15
0.15
0.15
0.15
0.15
0.15
0.15
0.15
0.15
0.15
0.15
0.15
0.15
0.15
0.15
0.15
0.833514
0.653107
0.565573
0.539486
0.260507
0.150428
0.15
0.15
0.15
0.15
0.15
0.15
0.15
0.15
0.15
0.15
0.15
0.15
0.15
0.15
0.15
0.15
0.15
0.15
0.15
0.15
0.15
0.15
0.15
0.15
0.911437
0.741966
0.578191
0.524708
0.479389
0.457624
0.19902
0.150001
0.150001
0.150002
0.150001
0.15
0.15
0.15
0.15
0.15
0.15
0.15
0.15
0.15
0.15
0.15
0.15
0.15
0.15
0.15
0.15
0.15
0.15
0.15
0.92631
0.827706
0.737272
0.67029
0.622853
0.602866
0.589952
0.59516
0.587603
0.595864
0.530135
0.1609
0.150679
0.152224
0.152964
0.15141
0.150045
0.150001
0.150001
0.150001
0.150001
0.15
0.15
0.15
0.150003
0.150021
0.15
0.15
0.15
0.15
0.795341
0.770054
0.706897
0.67609
0.641026
0.633748
0.621167
0.627062
0.616606
0.614627
0.58804
0.553617
0.547814
0.550054
0.552715
0.553502
0.553686
0.555384
0.550855
0.559937
0.353551
0.28484
0.31352
0.350904
0.402199
0.434055
0.428711
0.393432
0.337824
0.232153
0.637845
0.631444
0.613405
0.612654
0.604073
0.602885
0.598005
0.597637
0.592222
0.589784
0.588673
0.583445
0.578089
0.577611
0.577766
0.579017
0.577088
0.57878
0.569282
0.565406
0.536988
0.529652
0.530086
0.53277
0.536758
0.539807
0.54151
0.541712
0.543326
0.543814
0.616699
0.603807
0.599096
0.594745
0.592683
0.590185
0.587595
0.583779
0.581487
0.57915
0.581759
0.58391
0.581962
0.580186
0.579261
0.579
0.577697
0.576211
0.571659
0.567763
0.56582
0.561465
0.561286
0.563145
0.564996
0.566687
0.568657
0.570662
0.57357
0.574815
0.592785
0.588833
0.589192
0.590738
0.591759
0.591281
0.58993
0.587736
0.586191
0.58509
0.585616
0.586407
0.58569
0.584722
0.584198
0.584076
0.583568
0.58246
0.580995
0.579715
0.580601
0.580617
0.580867
0.582153
0.582817
0.583693
0.583277
0.583031
0.582336
0.583436
0.588693
0.588385
0.593494
0.597958
0.600617
0.601444
0.60119
0.600413
0.599792
0.599514
0.599455
0.599512
0.59926
0.598817
0.598362
0.597968
0.597362
0.596687
0.596164
0.596229
0.596655
0.596836
0.596089
0.595534
0.593857
0.592756
0.589145
0.585617
0.577417
0.572931
0.586598
0.597191
0.605917
0.610074
0.611436
0.611235
0.610532
0.609637
0.608964
0.60839
0.607917
0.607364
0.606764
0.605817
0.60473
0.60343
0.602299
0.601209
0.600694
0.600139
0.599722
0.598333
0.596509
0.593726
0.59077
0.587612
0.583264
0.579744
0.565761
0.555937
0.609672
0.621271
0.621111
0.617381
0.613823
0.610923
0.608915
0.607317
0.606251
0.605238
0.604462
0.603551
0.602713
0.601635
0.600501
0.599372
0.598385
0.597632
0.59705
0.596162
0.595044
0.592625
0.590251
0.586057
0.58349
0.577728
0.575684
0.568648
0.579822
0.593594
0.596486
0.592946
0.592677
0.593288
0.594376
0.595333
0.596507
0.597218
0.598148
0.598477
0.599158
0.599127
0.599494
0.599101
0.598973
0.598424
0.597795
0.597173
0.595797
0.594221
0.591356
0.588229
0.583591
0.578495
0.573409
0.567599
0.560782
0.554711
0.546393
0.495954
0.598779
0.600484
0.604037
0.606927
0.608795
0.609476
0.609866
0.60947
0.609297
0.608196
0.607631
0.60574
0.604843
0.602308
0.601322
0.59884
0.597498
0.595159
0.592131
0.588
0.582444
0.57765
0.570352
0.56262
0.55522
0.545762
0.537009
0.522397
0.505102
0.518797
0.599421
0.598606
0.598211
0.598031
0.597911
0.59768
0.597495
0.597143
0.596934
0.596311
0.596073
0.594945
0.595074
0.59333
0.594388
0.591802
0.592317
0.588506
0.584083
0.576094
0.567123
0.559749
0.549914
0.542236
0.527399
0.510197
0.509336
0.46669
0.153972
0.15
0.599513
0.598847
0.598845
0.599379
0.600257
0.60114
0.601917
0.602583
0.60296
0.603289
0.603099
0.602749
0.601926
0.599957
0.599192
0.593749
0.593381
0.583278
0.574358
0.558993
0.54753
0.525699
0.516817
0.51934
0.475787
0.154853
0.15
0.15
0.15
0.15
0.599666
0.599194
0.59904
0.599102
0.599385
0.599719
0.599988
0.600335
0.600218
0.600529
0.59945
0.599554
0.596551
0.595987
0.591367
0.586915
0.584198
0.564241
0.551021
0.522573
0.521342
0.359198
0.150012
0.15
0.15
0.15
0.15
0.15
0.15
0.15
0.599782
0.599405
0.599271
0.59919
0.599434
0.59965
0.600122
0.600507
0.600928
0.6015
0.601312
0.602133
0.599559
0.600629
0.591765
0.590554
0.574364
0.537283
0.52501
0.40622
0.150134
0.15
0.15
0.15
0.15
0.15
0.15
0.15
0.15
0.15
0.599849
0.599555
0.599459
0.599327
0.599536
0.599596
0.600144
0.600318
0.601166
0.60139
0.602349
0.602412
0.601866
0.600654
0.590565
0.589323
0.543663
0.467907
0.152497
0.15
0.15
0.15
0.15
0.15
0.15
0.15
0.15
0.15
0.15
0.15
0.599887
0.59965
0.599579
0.599442
0.599625
0.599626
0.600196
0.600289
0.601405
0.601474
0.603411
0.603055
0.605685
0.602329
0.599666
0.58497
0.476749
0.151541
0.15
0.15
0.15
0.15
0.15
0.15
0.15
0.15
0.15
0.15
0.15
0.15
0.599895
0.599708
0.599618
0.599529
0.599642
0.599705
0.600165
0.600383
0.601402
0.601699
0.603708
0.603756
0.607543
0.604917
0.610232
0.566599
0.179501
0.15
0.15
0.15
0.15
0.15
0.15
0.15
0.15
0.15
0.15
0.15
0.15
0.15
)
;

boundaryField
{
    inlet1
    {
        type            fixedValue;
        value           uniform 0.85;
    }
    inlet2
    {
        type            zeroGradient;
    }
    inlet3
    {
        type            fixedValue;
        value           uniform 0.6;
    }
    output1
    {
        type            zeroGradient;
    }
    output2
    {
        type            zeroGradient;
    }
    output3
    {
        type            zeroGradient;
    }
    up
    {
        type            zeroGradient;
    }
    down
    {
        type            zeroGradient;
    }
    emptyWalls
    {
        type            empty;
    }
}


// ************************************************************************* //
