/*--------------------------------*- C++ -*----------------------------------*\
  =========                 |
  \\      /  F ield         | OpenFOAM: The Open Source CFD Toolbox
   \\    /   O peration     | Website:  https://openfoam.org
    \\  /    A nd           | Version:  9
     \\/     M anipulation  |
\*---------------------------------------------------------------------------*/
FoamFile
{
    format      ascii;
    class       volScalarField;
    location    "30500";
    object      alpha;
}
// * * * * * * * * * * * * * * * * * * * * * * * * * * * * * * * * * * * * * //

dimensions      [0 2 -1 0 0 0 0];

internalField   nonuniform List<scalar> 
900
(
-3.83204e-10
-2.32038e-11
-8.06745e-12
-7.672e-12
-3.71273e-14
-4.0652e-14
-4.0652e-14
-4.0652e-14
-4.0652e-14
-4.0652e-14
-4.0652e-14
-4.0652e-14
-4.0652e-14
-4.0652e-14
-4.0652e-14
-4.0652e-14
-4.0652e-14
-4.0652e-14
-4.0652e-14
-4.0652e-14
-4.0652e-14
-4.0652e-14
-4.0652e-14
-4.0652e-14
-4.0652e-14
-4.0652e-14
-4.0652e-14
-4.0652e-14
-4.0652e-14
-4.0652e-14
-1.58757e-10
-5.98386e-11
-2.09003e-10
-2.79429e-11
-2.70069e-14
-4.06519e-14
-4.0652e-14
-4.0652e-14
-4.0652e-14
-4.0652e-14
-4.0652e-14
-4.0652e-14
-4.0652e-14
-4.0652e-14
-4.0652e-14
-4.0652e-14
-4.0652e-14
-4.0652e-14
-4.0652e-14
-4.0652e-14
-4.0652e-14
-4.0652e-14
-4.0652e-14
-4.0652e-14
-4.0652e-14
-4.0652e-14
-4.0652e-14
-4.0652e-14
-4.0652e-14
-4.0652e-14
-1.81217e-10
-8.70466e-11
-1.85125e-11
-1.61805e-12
-3.98154e-14
-4.0652e-14
-4.0652e-14
-4.0652e-14
-4.0652e-14
-4.0652e-14
-4.0652e-14
-4.0652e-14
-4.0652e-14
-4.0652e-14
-4.0652e-14
-4.0652e-14
-4.0652e-14
-4.0652e-14
-4.0652e-14
-4.0652e-14
-4.0652e-14
-4.0652e-14
-4.0652e-14
-4.0652e-14
-4.0652e-14
-4.0652e-14
-4.0652e-14
-4.0652e-14
-4.0652e-14
-4.0652e-14
-2.49657e-10
-2.56355e-11
-1.1877e-11
-7.17294e-14
-4.06366e-14
-4.0652e-14
-4.0652e-14
-4.0652e-14
-4.0652e-14
-4.0652e-14
-4.0652e-14
-4.0652e-14
-4.0652e-14
-4.0652e-14
-4.0652e-14
-4.0652e-14
-4.0652e-14
-4.0652e-14
-4.0652e-14
-4.0652e-14
-4.0652e-14
-4.0652e-14
-4.0652e-14
-4.0652e-14
-4.0652e-14
-4.0652e-14
-4.0652e-14
-4.0652e-14
-4.0652e-14
-4.0652e-14
-2.39619e-10
-9.37425e-11
-1.35561e-11
-3.56193e-14
-4.06497e-14
-4.0652e-14
-4.0652e-14
-4.0652e-14
-4.0652e-14
-4.0652e-14
-4.0652e-14
-4.0652e-14
-4.0652e-14
-4.0652e-14
-4.0652e-14
-4.0652e-14
-4.0652e-14
-4.0652e-14
-4.0652e-14
-4.0652e-14
-4.0652e-14
-4.0652e-14
-4.0652e-14
-4.0652e-14
-4.0652e-14
-4.0652e-14
-4.0652e-14
-4.0652e-14
-4.0652e-14
-4.0652e-14
-3.08339e-10
-2.61829e-11
-1.86631e-11
-2.67972e-14
-4.06519e-14
-4.0652e-14
-4.0652e-14
-4.0652e-14
-4.0652e-14
-4.0652e-14
-4.0652e-14
-4.0652e-14
-4.0652e-14
-4.0652e-14
-4.0652e-14
-4.0652e-14
-4.0652e-14
-4.0652e-14
-4.0652e-14
-4.0652e-14
-4.0652e-14
-4.0652e-14
-4.0652e-14
-4.0652e-14
-4.0652e-14
-4.0652e-14
-4.0652e-14
-4.0652e-14
-4.0652e-14
-4.0652e-14
-3.33265e-10
-1.25826e-10
-1.79319e-11
-2.97377e-14
-4.0652e-14
-4.0652e-14
-4.0652e-14
-4.0652e-14
-4.0652e-14
-4.0652e-14
-4.0652e-14
-4.0652e-14
-4.0652e-14
-4.0652e-14
-4.0652e-14
-4.0652e-14
-4.0652e-14
-4.0652e-14
-4.0652e-14
-4.0652e-14
-4.0652e-14
-4.0652e-14
-4.0652e-14
-4.0652e-14
-4.0652e-14
-4.0652e-14
-4.0652e-14
-4.0652e-14
-4.0652e-14
-4.0652e-14
-4.49536e-10
-1.08351e-10
-3.74886e-11
-3.37529e-14
-4.0652e-14
-4.0652e-14
-4.0652e-14
-4.0652e-14
-4.0652e-14
-4.0652e-14
-4.0652e-14
-4.0652e-14
-4.0652e-14
-4.0652e-14
-4.0652e-14
-4.0652e-14
-4.0652e-14
-4.0652e-14
-4.0652e-14
-4.0652e-14
-4.0652e-14
-4.0652e-14
-4.0652e-14
-4.0652e-14
-4.0652e-14
-4.0652e-14
-4.0652e-14
-4.0652e-14
-4.0652e-14
-4.0652e-14
-5.0992e-10
-2.45942e-10
-1.28704e-11
-3.61763e-14
-4.0652e-14
-4.0652e-14
-4.0652e-14
-4.0652e-14
-4.0652e-14
-4.0652e-14
-4.0652e-14
-4.0652e-14
-4.0652e-14
-4.0652e-14
-4.0652e-14
-4.0652e-14
-4.0652e-14
-4.0652e-14
-4.0652e-14
-4.0652e-14
-4.0652e-14
-4.0652e-14
-4.0652e-14
-4.0652e-14
-4.0652e-14
-4.0652e-14
-4.0652e-14
-4.0652e-14
-4.0652e-14
-4.0652e-14
-6.66904e-10
-2.09431e-10
-6.06544e-11
-2.76002e-14
-4.0652e-14
-4.0652e-14
-4.0652e-14
-4.0652e-14
-4.0652e-14
-4.0652e-14
-4.0652e-14
-4.0652e-14
-4.0652e-14
-4.0652e-14
-4.0652e-14
-4.0652e-14
-4.0652e-14
-4.0652e-14
-4.0652e-14
-4.0652e-14
-4.0652e-14
-4.0652e-14
-4.0652e-14
-4.0652e-14
-4.0652e-14
-4.0652e-14
-4.0652e-14
-4.0652e-14
-4.0652e-14
-4.0652e-14
-7.69213e-10
-3.8687e-10
-4.27305e-11
-3.77212e-12
-3.67091e-14
-4.06517e-14
-4.06518e-14
-4.0652e-14
-4.0652e-14
-4.0652e-14
-4.0652e-14
-4.0652e-14
-4.0652e-14
-4.0652e-14
-4.0652e-14
-4.0652e-14
-4.0652e-14
-4.0652e-14
-4.0652e-14
-4.0652e-14
-4.0652e-14
-4.0652e-14
-4.0652e-14
-4.0652e-14
-4.0652e-14
-4.0652e-14
-4.0652e-14
-4.0652e-14
-4.0652e-14
-4.0652e-14
-5.75853e-10
-4.19973e-10
-2.32336e-10
-9.05899e-11
-2.39329e-11
-1.30449e-11
-5.56021e-13
-4.0632e-14
-4.06519e-14
-4.06515e-14
-4.06519e-14
-4.06519e-14
-4.06519e-14
-4.06519e-14
-4.06519e-14
-4.0652e-14
-4.0652e-14
-4.0652e-14
-4.0652e-14
-4.0652e-14
-4.0652e-14
-4.0652e-14
-4.0652e-14
-4.0652e-14
-4.0652e-14
-4.0652e-14
-4.0652e-14
-4.0652e-14
-4.0652e-14
-4.0652e-14
-1.63726e-10
-2.40851e-10
-1.35807e-10
-1.12898e-10
-5.69283e-11
-3.91452e-11
-1.72344e-11
-1.20332e-11
-1.09431e-11
-1.10913e-11
-1.0749e-11
-1.19709e-11
-1.07776e-11
-1.40853e-11
-2.18686e-12
-3.56183e-14
-3.51474e-14
-3.42457e-14
-3.33155e-14
-3.25798e-14
-3.18239e-14
-3.10434e-14
-3.01964e-14
-2.94506e-14
-2.88402e-14
-2.88857e-14
-2.95944e-14
-3.16128e-14
-3.47445e-14
-3.86739e-14
-4.54271e-11
-5.54418e-11
-2.84715e-11
-3.69132e-11
-3.33347e-11
-2.94018e-11
-2.45844e-11
-2.08602e-11
-1.81303e-11
-1.86394e-11
-1.74151e-11
-1.94356e-11
-1.68087e-11
-1.72178e-11
-1.0443e-11
-7.49646e-12
-7.33489e-12
-7.59312e-12
-7.71103e-12
-7.72606e-12
-7.72798e-12
-7.77036e-12
-7.87247e-12
-8.02283e-12
-8.22628e-12
-8.44817e-12
-8.71488e-12
-8.92893e-12
-9.13332e-12
-9.13249e-12
-2.67471e-11
-2.08478e-11
-2.0083e-11
-1.77068e-11
-1.85009e-11
-1.87925e-11
-1.97063e-11
-1.9339e-11
-1.8096e-11
-1.79068e-11
-1.74144e-11
-1.76845e-11
-1.6687e-11
-1.61187e-11
-1.54843e-11
-1.42477e-11
-1.34902e-11
-1.33917e-11
-1.33918e-11
-1.33576e-11
-1.33166e-11
-1.33152e-11
-1.33791e-11
-1.34752e-11
-1.36597e-11
-1.38362e-11
-1.41909e-11
-1.44706e-11
-1.49251e-11
-1.49181e-11
-2.1208e-11
-1.88344e-11
-1.72163e-11
-1.63669e-11
-1.60918e-11
-1.62318e-11
-1.67033e-11
-1.69067e-11
-1.66398e-11
-1.63565e-11
-1.61401e-11
-1.58451e-11
-1.57081e-11
-1.54926e-11
-1.61228e-11
-1.61673e-11
-1.56574e-11
-1.53126e-11
-1.51096e-11
-1.50207e-11
-1.49306e-11
-1.49383e-11
-1.49344e-11
-1.50232e-11
-1.51093e-11
-1.52407e-11
-1.55421e-11
-1.58658e-11
-1.65972e-11
-1.67822e-11
-1.83218e-11
-1.61348e-11
-1.55811e-11
-1.55815e-11
-1.58238e-11
-1.62051e-11
-1.65436e-11
-1.67708e-11
-1.67853e-11
-1.66375e-11
-1.64227e-11
-1.61552e-11
-1.6019e-11
-1.59927e-11
-1.62042e-11
-1.62756e-11
-1.59717e-11
-1.5682e-11
-1.54559e-11
-1.54676e-11
-1.54536e-11
-1.57108e-11
-1.57953e-11
-1.62293e-11
-1.63038e-11
-1.6716e-11
-1.67361e-11
-1.70761e-11
-1.76569e-11
-1.8242e-11
-1.6888e-11
-1.55476e-11
-1.56373e-11
-1.62764e-11
-1.70249e-11
-1.7674e-11
-1.81717e-11
-1.84929e-11
-1.86239e-11
-1.85543e-11
-1.8358e-11
-1.81074e-11
-1.78969e-11
-1.77638e-11
-1.76696e-11
-1.75762e-11
-1.74141e-11
-1.72916e-11
-1.72652e-11
-1.7448e-11
-1.76497e-11
-1.81081e-11
-1.82868e-11
-1.89206e-11
-1.8737e-11
-1.93141e-11
-1.83104e-11
-1.82875e-11
-1.71829e-11
-1.76502e-11
-1.56119e-11
-1.56598e-11
-1.70748e-11
-1.85878e-11
-1.97814e-11
-2.058e-11
-2.10957e-11
-2.13519e-11
-2.14456e-11
-2.13334e-11
-2.11567e-11
-2.08891e-11
-2.07146e-11
-2.05082e-11
-2.04465e-11
-2.03041e-11
-2.03661e-11
-2.02583e-11
-2.04663e-11
-2.04124e-11
-2.07362e-11
-2.06097e-11
-2.07989e-11
-2.05568e-11
-2.02767e-11
-2.01827e-11
-1.86997e-11
-1.84093e-11
-1.4686e-11
-1.40611e-11
-1.58085e-11
-1.87128e-11
-2.1496e-11
-2.30227e-11
-2.36076e-11
-2.37129e-11
-2.36213e-11
-2.34236e-11
-2.31963e-11
-2.29088e-11
-2.26533e-11
-2.23733e-11
-2.22042e-11
-2.20087e-11
-2.19618e-11
-2.18227e-11
-2.18631e-11
-2.16556e-11
-2.16878e-11
-2.12522e-11
-2.12827e-11
-2.04898e-11
-2.06597e-11
-1.94542e-11
-1.99628e-11
-1.85834e-11
-1.91655e-11
-1.88224e-11
-1.46941e-11
-1.38464e-11
-2.26803e-11
-2.71076e-11
-2.69604e-11
-2.54015e-11
-2.39446e-11
-2.28747e-11
-2.21238e-11
-2.16014e-11
-2.12121e-11
-2.09312e-11
-2.07041e-11
-2.05594e-11
-2.04399e-11
-2.04018e-11
-2.0349e-11
-2.03675e-11
-2.02938e-11
-2.02699e-11
-2.00743e-11
-1.99618e-11
-1.9705e-11
-1.95478e-11
-1.94673e-11
-1.90632e-11
-1.96122e-11
-1.8069e-11
-2.05155e-11
-1.7291e-11
-3.02707e-11
-4.26476e-11
-1.84603e-11
-1.74677e-11
-1.73783e-11
-1.75618e-11
-1.7845e-11
-1.81588e-11
-1.84673e-11
-1.87232e-11
-1.89409e-11
-1.91055e-11
-1.92594e-11
-1.93879e-11
-1.95372e-11
-1.96757e-11
-1.98442e-11
-1.99883e-11
-2.01357e-11
-2.02414e-11
-2.02976e-11
-2.03717e-11
-2.02648e-11
-2.03946e-11
-1.99128e-11
-2.02468e-11
-1.90796e-11
-2.00396e-11
-1.84273e-11
-2.03305e-11
-1.75274e-11
-4.18975e-12
-1.91406e-11
-1.96896e-11
-2.08291e-11
-2.18417e-11
-2.24718e-11
-2.27758e-11
-2.28812e-11
-2.28735e-11
-2.28298e-11
-2.27528e-11
-2.27018e-11
-2.26217e-11
-2.25915e-11
-2.24939e-11
-2.24591e-11
-2.22776e-11
-2.21846e-11
-2.18232e-11
-2.16409e-11
-2.10225e-11
-2.08095e-11
-1.99277e-11
-1.98737e-11
-1.8861e-11
-1.92037e-11
-1.80989e-11
-1.83342e-11
-1.58168e-11
-1.11604e-11
-1.08766e-11
-1.9337e-11
-1.90986e-11
-1.89727e-11
-1.89094e-11
-1.88339e-11
-1.87456e-11
-1.86431e-11
-1.85712e-11
-1.85079e-11
-1.84925e-11
-1.84717e-11
-1.84983e-11
-1.84893e-11
-1.85314e-11
-1.85015e-11
-1.85416e-11
-1.84723e-11
-1.85151e-11
-1.84189e-11
-1.85014e-11
-1.84431e-11
-1.86351e-11
-1.86479e-11
-1.8896e-11
-1.84897e-11
-1.80992e-11
-1.59592e-11
-1.16942e-11
-8.20727e-12
-3.4487e-12
-1.93591e-11
-1.91621e-11
-1.91471e-11
-1.93075e-11
-1.95522e-11
-1.98109e-11
-2.00325e-11
-2.02256e-11
-2.03752e-11
-2.05164e-11
-2.06238e-11
-2.07417e-11
-2.08276e-11
-2.09385e-11
-2.10158e-11
-2.1128e-11
-2.12028e-11
-2.12919e-11
-2.13385e-11
-2.12855e-11
-2.12417e-11
-2.07778e-11
-2.05784e-11
-1.93095e-11
-1.85139e-11
-1.6228e-11
-1.25242e-11
-8.44131e-12
-5.31395e-12
-3.41139e-12
-1.9402e-11
-1.92584e-11
-1.91908e-11
-1.92027e-11
-1.92557e-11
-1.93335e-11
-1.93908e-11
-1.94544e-11
-1.94796e-11
-1.95344e-11
-1.95363e-11
-1.96018e-11
-1.95787e-11
-1.96678e-11
-1.96026e-11
-1.97261e-11
-1.95757e-11
-1.9724e-11
-1.93878e-11
-1.94893e-11
-1.88409e-11
-1.87437e-11
-1.79511e-11
-1.71758e-11
-1.63875e-11
-1.32191e-11
-9.16897e-12
-5.06252e-12
-3.01277e-12
-3.69996e-14
-1.94323e-11
-1.93178e-11
-1.92445e-11
-1.92205e-11
-1.92409e-11
-1.92984e-11
-1.93674e-11
-1.94511e-11
-1.95199e-11
-1.9607e-11
-1.96624e-11
-1.97604e-11
-1.9801e-11
-1.99298e-11
-1.99514e-11
-2.01436e-11
-2.01275e-11
-2.04307e-11
-2.03059e-11
-2.07503e-11
-2.02668e-11
-2.06783e-11
-1.93154e-11
-1.85297e-11
-1.60523e-11
-1.0632e-11
-5.56418e-12
-1.60371e-12
-4.02084e-14
-4.0652e-14
-1.94505e-11
-1.93585e-11
-1.92911e-11
-1.9255e-11
-1.92491e-11
-1.92756e-11
-1.93177e-11
-1.93799e-11
-1.94361e-11
-1.9512e-11
-1.95641e-11
-1.96545e-11
-1.96973e-11
-1.98193e-11
-1.98482e-11
-2.00356e-11
-2.00342e-11
-2.03447e-11
-2.02362e-11
-2.07142e-11
-2.00891e-11
-2.04612e-11
-1.7815e-11
-1.7097e-11
-1.20353e-11
-5.74726e-12
-2.71463e-14
-4.0652e-14
-4.0652e-14
-4.0652e-14
-1.94614e-11
-1.93831e-11
-1.93226e-11
-1.92822e-11
-1.92654e-11
-1.92737e-11
-1.93022e-11
-1.93495e-11
-1.94034e-11
-1.94714e-11
-1.95329e-11
-1.96166e-11
-1.96799e-11
-1.97918e-11
-1.98594e-11
-2.00316e-11
-2.01056e-11
-2.03987e-11
-2.04495e-11
-2.09534e-11
-2.07222e-11
-2.13978e-11
-1.90207e-11
-1.87711e-11
-8.43133e-12
-2.74848e-14
-4.0652e-14
-4.0652e-14
-4.0652e-14
-4.0652e-14
-1.94664e-11
-1.93946e-11
-1.93381e-11
-1.92967e-11
-1.92765e-11
-1.92758e-11
-1.9299e-11
-1.9336e-11
-1.93913e-11
-1.94491e-11
-1.95223e-11
-1.95899e-11
-1.96801e-11
-1.97608e-11
-1.98837e-11
-1.9993e-11
-2.01806e-11
-2.03427e-11
-2.0641e-11
-2.08743e-11
-2.12996e-11
-2.14907e-11
-2.13494e-11
-1.91792e-11
-7.97944e-13
-4.06368e-14
-4.0652e-14
-4.0652e-14
-4.0652e-14
-4.0652e-14
)
;

boundaryField
{
    inlet1
    {
        type            calculated;
        value           uniform -5e-10;
    }
    inlet2
    {
        type            calculated;
        value           nonuniform List<scalar> 10(-7.69213e-10 -5.75853e-10 -1.63726e-10 -4.54271e-11 -2.67471e-11 -2.1208e-11 -1.83218e-11 -1.6888e-11 -1.56119e-11 -1.58085e-11);
    }
    inlet3
    {
        type            calculated;
        value           uniform -1.95111e-11;
    }
    output1
    {
        type            calculated;
        value           nonuniform List<scalar> 10(-4.0652e-14 -4.0652e-14 -4.0652e-14 -4.0652e-14 -4.0652e-14 -4.0652e-14 -4.0652e-14 -4.0652e-14 -4.0652e-14 -4.0652e-14);
    }
    output2
    {
        type            calculated;
        value           nonuniform List<scalar> 10(-4.0652e-14 -4.0652e-14 -3.86739e-14 -9.13249e-12 -1.49181e-11 -1.67822e-11 -1.8242e-11 -1.76502e-11 -1.40611e-11 -1.38464e-11);
    }
    output3
    {
        type            calculated;
        value           nonuniform List<scalar> 10(-4.26476e-11 -4.18975e-12 -1.08766e-11 -3.4487e-12 -3.41139e-12 -3.69996e-14 -4.0652e-14 -4.0652e-14 -4.0652e-14 -4.0652e-14);
    }
    up
    {
        type            calculated;
        value           nonuniform List<scalar> 
30
(
-1.94664e-11
-1.93946e-11
-1.93381e-11
-1.92967e-11
-1.92765e-11
-1.92758e-11
-1.9299e-11
-1.9336e-11
-1.93913e-11
-1.94491e-11
-1.95223e-11
-1.95899e-11
-1.96801e-11
-1.97608e-11
-1.98837e-11
-1.9993e-11
-2.01806e-11
-2.03427e-11
-2.0641e-11
-2.08743e-11
-2.12996e-11
-2.14907e-11
-2.13494e-11
-1.91792e-11
-7.97944e-13
-4.06368e-14
-4.0652e-14
-4.0652e-14
-4.0652e-14
-4.0652e-14
)
;
    }
    down
    {
        type            calculated;
        value           nonuniform List<scalar> 
30
(
-3.83204e-10
-2.32038e-11
-8.06745e-12
-7.672e-12
-3.71273e-14
-4.0652e-14
-4.0652e-14
-4.0652e-14
-4.0652e-14
-4.0652e-14
-4.0652e-14
-4.0652e-14
-4.0652e-14
-4.0652e-14
-4.0652e-14
-4.0652e-14
-4.0652e-14
-4.0652e-14
-4.0652e-14
-4.0652e-14
-4.0652e-14
-4.0652e-14
-4.0652e-14
-4.0652e-14
-4.0652e-14
-4.0652e-14
-4.0652e-14
-4.0652e-14
-4.0652e-14
-4.0652e-14
)
;
    }
    emptyWalls
    {
        type            empty;
    }
}


// ************************************************************************* //
