/*--------------------------------*- C++ -*----------------------------------*\
  =========                 |
  \\      /  F ield         | OpenFOAM: The Open Source CFD Toolbox
   \\    /   O peration     | Website:  https://openfoam.org
    \\  /    A nd           | Version:  9
     \\/     M anipulation  |
\*---------------------------------------------------------------------------*/
FoamFile
{
    format      ascii;
    class       volScalarField;
    location    "30500";
    object      Sw;
}
// * * * * * * * * * * * * * * * * * * * * * * * * * * * * * * * * * * * * * //

dimensions      [0 0 0 0 0 0 0];

internalField   nonuniform List<scalar> 
900
(
0.825462
0.610984
0.547709
0.544918
0.170866
0.15
0.15
0.15
0.15
0.15
0.15
0.15
0.15
0.15
0.15
0.15
0.15
0.15
0.15
0.15
0.15
0.15
0.15
0.15
0.15
0.15
0.15
0.15
0.15
0.15
0.749831
0.675152
0.772518
0.622982
0.247997
0.150001
0.15
0.15
0.15
0.15
0.15
0.15
0.15
0.15
0.15
0.15
0.15
0.15
0.15
0.15
0.15
0.15
0.15
0.15
0.15
0.15
0.15
0.15
0.15
0.15
0.760616
0.702808
0.596742
0.466094
0.154837
0.15
0.15
0.15
0.15
0.15
0.15
0.15
0.15
0.15
0.15
0.15
0.15
0.15
0.15
0.15
0.15
0.15
0.15
0.15
0.15
0.15
0.15
0.15
0.15
0.15
0.78764
0.617348
0.56991
0.340588
0.150088
0.15
0.15
0.15
0.15
0.15
0.15
0.15
0.15
0.15
0.15
0.15
0.15
0.15
0.15
0.15
0.15
0.15
0.15
0.15
0.15
0.15
0.15
0.15
0.15
0.15
0.784114
0.708409
0.577746
0.306647
0.150014
0.15
0.15
0.15
0.15
0.15
0.15
0.15
0.15
0.15
0.15
0.15
0.15
0.15
0.15
0.15
0.15
0.15
0.15
0.15
0.15
0.15
0.15
0.15
0.15
0.15
0.806025
0.618746
0.597227
0.251453
0.150001
0.15
0.15
0.15
0.15
0.15
0.15
0.15
0.15
0.15
0.15
0.15
0.15
0.15
0.15
0.15
0.15
0.15
0.15
0.15
0.15
0.15
0.15
0.15
0.15
0.15
0.812911
0.731153
0.594754
0.220891
0.15
0.15
0.15
0.15
0.15
0.15
0.15
0.15
0.15
0.15
0.15
0.15
0.15
0.15
0.15
0.15
0.15
0.15
0.15
0.15
0.15
0.15
0.15
0.15
0.15
0.15
0.840093
0.71949
0.642544
0.192248
0.15
0.15
0.15
0.15
0.15
0.15
0.15
0.15
0.15
0.15
0.15
0.15
0.15
0.15
0.15
0.15
0.15
0.15
0.15
0.15
0.15
0.15
0.15
0.15
0.15
0.15
0.851852
0.78635
0.574665
0.176733
0.15
0.15
0.15
0.15
0.15
0.15
0.15
0.15
0.15
0.15
0.15
0.15
0.15
0.15
0.15
0.15
0.15
0.15
0.15
0.15
0.15
0.15
0.15
0.15
0.15
0.15
0.877509
0.77274
0.676159
0.240445
0.15
0.15
0.15
0.15
0.15
0.15
0.15
0.15
0.15
0.15
0.15
0.15
0.15
0.15
0.15
0.15
0.15
0.15
0.15
0.15
0.15
0.15
0.15
0.15
0.15
0.15
0.891491
0.826336
0.651513
0.507107
0.173438
0.150002
0.150002
0.15
0.15
0.15
0.15
0.15
0.15
0.15
0.15
0.15
0.15
0.15
0.15
0.15
0.15
0.15
0.15
0.15
0.15
0.15
0.15
0.15
0.15
0.15
0.863345
0.833815
0.781474
0.705795
0.612947
0.575458
0.41994
0.150116
0.150001
0.150003
0.150001
0.150001
0.150001
0.150001
0.150001
0.15
0.15
0.15
0.15
0.15
0.15
0.15
0.15
0.15
0.15
0.15
0.15
0.15
0.15
0.15
0.752253
0.784563
0.737247
0.722699
0.671628
0.645484
0.59232
0.570687
0.565127
0.565909
0.564083
0.57037
0.564227
0.580016
0.48044
0.180246
0.183211
0.189018
0.195153
0.200128
0.205374
0.21097
0.21731
0.223211
0.228359
0.227963
0.222046
0.206872
0.185794
0.16155
0.65569
0.669748
0.6242
0.641485
0.634626
0.626304
0.614661
0.604201
0.595436
0.597151
0.592946
0.599749
0.590769
0.592235
0.56244
0.543623
0.54241
0.544336
0.5452
0.545311
0.545326
0.545629
0.546356
0.547412
0.548815
0.550312
0.552066
0.55344
0.554726
0.554721
0.620117
0.604154
0.601808
0.593971
0.596684
0.597658
0.600621
0.599447
0.595317
0.594665
0.592942
0.593889
0.590318
0.588197
0.585747
0.580724
0.57745
0.577016
0.57702
0.576868
0.576685
0.576677
0.576962
0.577388
0.5782
0.578968
0.580487
0.581661
0.583528
0.583499
0.605236
0.597799
0.592239
0.589135
0.588099
0.588627
0.59038
0.591123
0.590146
0.589095
0.58828
0.587155
0.586625
0.585785
0.588209
0.588384
0.586433
0.585081
0.584273
0.583916
0.583551
0.583582
0.583566
0.583924
0.58427
0.584794
0.585983
0.587237
0.58999
0.59067
0.596086
0.588261
0.586135
0.586136
0.587075
0.588527
0.589791
0.590627
0.590679
0.590137
0.589342
0.588338
0.587822
0.587722
0.588525
0.588796
0.587647
0.586532
0.585648
0.585694
0.585638
0.586641
0.586967
0.588619
0.588899
0.590427
0.5905
0.591735
0.593796
0.595813
0.591055
0.586004
0.586354
0.588796
0.591551
0.593856
0.595574
0.59666
0.597099
0.596867
0.596207
0.595356
0.594633
0.594173
0.593845
0.593518
0.592947
0.592511
0.592415
0.593063
0.593772
0.595356
0.595965
0.598082
0.597475
0.599365
0.596044
0.595966
0.592118
0.593772
0.586256
0.586442
0.591731
0.596979
0.600861
0.603345
0.604905
0.605668
0.605945
0.605614
0.605089
0.604286
0.603758
0.603128
0.602938
0.602498
0.602688
0.602354
0.602995
0.602829
0.60382
0.603435
0.604011
0.603273
0.602412
0.602119
0.597352
0.596379
0.582552
0.579936
0.587016
0.597395
0.606093
0.610453
0.612056
0.612341
0.612094
0.611556
0.610933
0.610137
0.609423
0.608632
0.608149
0.607587
0.607451
0.607047
0.607164
0.606559
0.606654
0.605371
0.605462
0.60307
0.603589
0.599818
0.601434
0.596964
0.598885
0.597758
0.582587
0.579014
0.609498
0.620983
0.620628
0.616766
0.612965
0.610042
0.607918
0.606403
0.605253
0.604412
0.603724
0.603282
0.602915
0.602798
0.602634
0.602691
0.602464
0.60239
0.601782
0.60143
0.60062
0.600118
0.59986
0.598551
0.600324
0.595224
0.603149
0.592506
0.628224
0.651349
0.596551
0.593132
0.592816
0.593463
0.594451
0.59553
0.596575
0.59743
0.59815
0.598689
0.599189
0.599604
0.600083
0.600525
0.601059
0.601512
0.601974
0.602302
0.602477
0.602706
0.602375
0.602776
0.601276
0.60232
0.598606
0.601675
0.596442
0.602582
0.593346
0.512482
0.598803
0.60057
0.604103
0.607104
0.60891
0.609765
0.61006
0.610038
0.609916
0.609701
0.609558
0.609333
0.609247
0.608972
0.608874
0.608358
0.608092
0.60705
0.606518
0.604686
0.604044
0.601323
0.601154
0.597888
0.59901
0.595327
0.59613
0.587053
0.566274
0.564772
0.59944
0.598666
0.598254
0.598046
0.597797
0.597504
0.597163
0.596923
0.596711
0.596659
0.596589
0.596679
0.596649
0.59679
0.59669
0.596824
0.596592
0.596735
0.596412
0.596689
0.596494
0.597137
0.59718
0.598003
0.596651
0.59533
0.5876
0.569007
0.548693
0.502551
0.599511
0.598873
0.598824
0.599345
0.600132
0.600954
0.601651
0.602253
0.602716
0.60315
0.603479
0.603838
0.604098
0.604433
0.604666
0.605002
0.605225
0.60549
0.605628
0.605471
0.605341
0.603948
0.603341
0.599353
0.596733
0.588619
0.573046
0.550274
0.524947
0.502001
0.59965
0.599186
0.598967
0.599005
0.599177
0.599429
0.599614
0.599818
0.599899
0.600075
0.600081
0.60029
0.600216
0.6005
0.600293
0.600685
0.600207
0.600679
0.599604
0.59993
0.59782
0.597498
0.594818
0.592095
0.589213
0.57625
0.554954
0.522381
0.495806
0.171674
0.599747
0.599378
0.599141
0.599063
0.599129
0.599315
0.599538
0.599808
0.600028
0.600307
0.600483
0.600794
0.600923
0.601329
0.601397
0.601998
0.601948
0.602887
0.602502
0.603864
0.602381
0.603645
0.599371
0.596784
0.587951
0.563454
0.527394
0.465764
0.152567
0.15
0.599806
0.59951
0.599292
0.599175
0.599156
0.599242
0.599378
0.599579
0.599759
0.600003
0.60017
0.600458
0.600594
0.600981
0.601072
0.601661
0.601656
0.602622
0.602286
0.603754
0.601828
0.602981
0.594348
0.591812
0.570694
0.52913
0.246081
0.15
0.15
0.15
0.599841
0.599589
0.599393
0.599263
0.599209
0.599235
0.599328
0.59948
0.599654
0.599873
0.60007
0.600337
0.600539
0.600894
0.601107
0.601649
0.60188
0.602789
0.602945
0.604478
0.603779
0.605804
0.598412
0.59759
0.550209
0.280338
0.15
0.15
0.15
0.15
0.599857
0.599626
0.599444
0.59931
0.599245
0.599242
0.599317
0.599437
0.599615
0.599801
0.600036
0.600252
0.600539
0.600796
0.601184
0.601528
0.602113
0.602616
0.603531
0.60424
0.605512
0.606078
0.60566
0.598932
0.435004
0.150088
0.15
0.15
0.15
0.15
)
;

boundaryField
{
    inlet1
    {
        type            fixedValue;
        value           uniform 0.85;
    }
    inlet2
    {
        type            zeroGradient;
    }
    inlet3
    {
        type            fixedValue;
        value           uniform 0.6;
    }
    output1
    {
        type            zeroGradient;
    }
    output2
    {
        type            zeroGradient;
    }
    output3
    {
        type            zeroGradient;
    }
    up
    {
        type            zeroGradient;
    }
    down
    {
        type            zeroGradient;
    }
    emptyWalls
    {
        type            empty;
    }
}


// ************************************************************************* //
