/*--------------------------------*- C++ -*----------------------------------*\
  =========                 |
  \\      /  F ield         | OpenFOAM: The Open Source CFD Toolbox
   \\    /   O peration     | Website:  https://openfoam.org
    \\  /    A nd           | Version:  9
     \\/     M anipulation  |
\*---------------------------------------------------------------------------*/
FoamFile
{
    format      ascii;
    class       volVectorField;
    location    "30500";
    object      ut;
}
// * * * * * * * * * * * * * * * * * * * * * * * * * * * * * * * * * * * * * //

dimensions      [0 1 -1 0 0 0 0];

internalField   nonuniform List<vector> 
900
(
(6.5474e-06 5.03449e-06 -0)
(8.21916e-07 5.57107e-07 -0)
(2.79442e-07 2.92451e-08 -0)
(1.77025e-07 -6.48078e-09 -0)
(6.27356e-08 -4.84087e-10 -0)
(1.29842e-07 3.22888e-09 -0)
(1.21898e-07 1.76695e-09 -0)
(1.19123e-07 1.00816e-09 -0)
(1.17624e-07 4.90141e-10 -0)
(1.16999e-07 1.35715e-10 -0)
(1.16951e-07 -8.7818e-11 -0)
(1.17243e-07 -2.04473e-10 -0)
(1.17677e-07 -2.30033e-10 -0)
(1.1808e-07 -1.72809e-10 -0)
(1.18289e-07 -3.63686e-11 -0)
(1.18148e-07 1.77454e-10 -0)
(1.17504e-07 4.66667e-10 -0)
(1.16208e-07 8.28773e-10 -0)
(1.14118e-07 1.26141e-09 -0)
(1.11094e-07 1.76295e-09 -0)
(1.06998e-07 2.3324e-09 -0)
(1.01698e-07 2.96823e-09 -0)
(9.50631e-08 3.6663e-09 -0)
(8.69798e-08 4.4169e-09 -0)
(7.73614e-08 5.2014e-09 -0)
(6.61711e-08 5.98888e-09 -0)
(5.34479e-08 6.73423e-09 -0)
(3.93342e-08 7.37935e-09 -0)
(2.4095e-08 7.85978e-09 -0)
(8.11758e-09 8.11753e-09 -0)
(4.43843e-06 8.24738e-06 -0)
(1.55034e-06 2.97725e-06 -0)
(2.04494e-06 3.04538e-06 -0)
(1.79127e-07 2.37661e-07 -0)
(4.78026e-08 2.78201e-09 -0)
(1.32139e-07 5.81103e-09 -0)
(1.19677e-07 4.59762e-09 -0)
(1.17846e-07 2.78368e-09 -0)
(1.16752e-07 1.30681e-09 -0)
(1.16421e-07 2.76226e-10 -0)
(1.1661e-07 -3.70353e-10 -0)
(1.17101e-07 -7.0453e-10 -0)
(1.17709e-07 -7.72901e-10 -0)
(1.18274e-07 -5.97657e-10 -0)
(1.18639e-07 -1.86506e-10 -0)
(1.18651e-07 4.56955e-10 -0)
(1.18155e-07 1.32709e-09 -0)
(1.17003e-07 2.41577e-09 -0)
(1.15052e-07 3.71528e-09 -0)
(1.12165e-07 5.22091e-09 -0)
(1.08204e-07 6.93078e-09 -0)
(1.03032e-07 8.84242e-09 -0)
(9.65118e-08 1.09463e-08 -0)
(8.85149e-08 1.32168e-08 -0)
(7.89334e-08 1.56012e-08 -0)
(6.77039e-08 1.80087e-08 -0)
(5.48383e-08 2.03029e-08 -0)
(4.04597e-08 2.23027e-08 -0)
(2.48332e-08 2.3802e-08 -0)
(8.37533e-09 2.46104e-08 -0)
(2.69848e-06 1.62369e-05 -0)
(-1.70361e-07 6.73431e-06 -0)
(-1.22389e-07 1.27638e-06 -0)
(1.80436e-07 1.07703e-07 -0)
(7.26306e-08 3.15453e-08 -0)
(1.30252e-07 1.34619e-08 -0)
(1.18871e-07 8.0288e-09 -0)
(1.15832e-07 4.22214e-09 -0)
(1.15117e-07 1.67719e-09 -0)
(1.15321e-07 3.27393e-11 -0)
(1.1597e-07 -9.65277e-10 -0)
(1.1684e-07 -1.4704e-09 -0)
(1.17784e-07 -1.55941e-09 -0)
(1.18666e-07 -1.25844e-09 -0)
(1.19344e-07 -5.68988e-10 -0)
(1.19662e-07 5.09762e-10 -0)
(1.19463e-07 1.96895e-09 -0)
(1.18597e-07 3.79192e-09 -0)
(1.16923e-07 5.96306e-09 -0)
(1.14309e-07 8.47463e-09 -0)
(1.1062e-07 1.13274e-08 -0)
(1.05713e-07 1.45243e-08 -0)
(9.94374e-08 1.80597e-08 -0)
(9.16347e-08 2.19027e-08 -0)
(8.21534e-08 2.59777e-08 -0)
(7.08728e-08 3.0142e-08 -0)
(5.77418e-08 3.41658e-08 -0)
(4.28333e-08 3.77266e-08 -0)
(2.64026e-08 4.04349e-08 -0)
(8.92599e-09 4.19116e-08 -0)
(3.92522e-06 2.81443e-05 -0)
(1.34741e-07 2.91441e-06 -0)
(-1.20801e-08 1.5069e-06 -0)
(5.23446e-08 9.4794e-09 -0)
(8.26793e-08 4.26982e-08 -0)
(1.0796e-07 1.98343e-08 -0)
(1.10437e-07 9.83367e-09 -0)
(1.11494e-07 4.39894e-09 -0)
(1.12563e-07 1.14713e-09 -0)
(1.13778e-07 -8.5712e-10 -0)
(1.15107e-07 -2.05302e-09 -0)
(1.16507e-07 -2.65231e-09 -0)
(1.17921e-07 -2.73589e-09 -0)
(1.19264e-07 -2.30774e-09 -0)
(1.20408e-07 -1.3408e-09 -0)
(1.21189e-07 1.82106e-10 -0)
(1.21437e-07 2.247e-09 -0)
(1.20997e-07 4.81993e-09 -0)
(1.19735e-07 7.87047e-09 -0)
(1.17529e-07 1.13873e-08 -0)
(1.14253e-07 1.53797e-08 -0)
(1.09764e-07 1.98679e-08 -0)
(1.0389e-07 2.48655e-08 -0)
(9.64329e-08 3.03566e-08 -0)
(8.71727e-08 3.6265e-08 -0)
(7.5892e-08 4.24157e-08 -0)
(6.2423e-08 4.84919e-08 -0)
(4.67288e-08 5.4003e-08 -0)
(2.90181e-08 5.82995e-08 -0)
(9.85203e-09 6.06895e-08 -0)
(3.79688e-06 3.16173e-05 -0)
(1.1424e-06 1.26015e-05 -0)
(1.6074e-07 1.92539e-06 -0)
(3.68791e-08 5.2255e-09 -0)
(8.86135e-08 2.29647e-08 -0)
(9.73714e-08 1.40427e-08 -0)
(1.03435e-07 7.07265e-09 -0)
(1.07145e-07 2.3929e-09 -0)
(1.09861e-07 -6.30437e-10 -0)
(1.12121e-07 -2.55525e-09 -0)
(1.14175e-07 -3.73725e-09 -0)
(1.16157e-07 -4.34983e-09 -0)
(1.18129e-07 -4.42402e-09 -0)
(1.20062e-07 -3.89586e-09 -0)
(1.21834e-07 -2.66861e-09 -0)
(1.23249e-07 -6.87583e-10 -0)
(1.24101e-07 2.017e-09 -0)
(1.2422e-07 5.3703e-09 -0)
(1.23491e-07 9.31163e-09 -0)
(1.21819e-07 1.38244e-08 -0)
(1.19101e-07 1.89365e-08 -0)
(1.15199e-07 2.4702e-08 -0)
(1.09926e-07 3.11777e-08 -0)
(1.03034e-07 3.83931e-08 -0)
(9.42125e-08 4.63099e-08 -0)
(8.30997e-08 5.47638e-08 -0)
(6.93292e-08 6.33829e-08 -0)
(5.26409e-08 7.14941e-08 -0)
(3.30892e-08 7.80705e-08 -0)
(1.1316e-08 8.18575e-08 -0)
(5.61226e-06 4.35067e-05 -0)
(4.01642e-07 3.80682e-06 -0)
(2.10142e-07 2.6914e-06 -0)
(3.08881e-08 3.83519e-09 -0)
(9.07892e-08 1.0119e-08 -0)
(9.20664e-08 6.30768e-09 -0)
(9.87877e-08 2.02143e-09 -0)
(1.03791e-07 -1.26945e-09 -0)
(1.07614e-07 -3.50645e-09 -0)
(1.10671e-07 -4.99617e-09 -0)
(1.13313e-07 -5.99079e-09 -0)
(1.1582e-07 -6.58555e-09 -0)
(1.18375e-07 -6.71438e-09 -0)
(1.2102e-07 -6.18303e-09 -0)
(1.23616e-07 -4.75022e-09 -0)
(1.25875e-07 -2.28087e-09 -0)
(1.27495e-07 1.13826e-09 -0)
(1.28292e-07 5.33255e-09 -0)
(1.28189e-07 1.01812e-08 -0)
(1.27154e-07 1.56626e-08 -0)
(1.25131e-07 2.18399e-08 -0)
(1.22005e-07 2.88258e-08 -0)
(1.17581e-07 3.67502e-08 -0)
(1.11565e-07 4.57282e-08 -0)
(1.03543e-07 5.58178e-08 -0)
(9.29651e-08 6.69467e-08 -0)
(7.91532e-08 7.8782e-08 -0)
(6.14163e-08 9.05198e-08 -0)
(3.93816e-08 1.00631e-07 -0)
(1.36391e-08 1.06813e-07 -0)
(6.71155e-06 4.53895e-05 -0)
(1.92462e-06 1.72575e-05 -0)
(1.71844e-07 2.3296e-06 -0)
(3.39033e-08 3.80437e-09 -0)
(8.91083e-08 1.78117e-09 -0)
(8.92739e-08 -9.50967e-10 -0)
(9.5858e-08 -4.02511e-09 -0)
(1.01618e-07 -5.98566e-09 -0)
(1.06134e-07 -7.1297e-09 -0)
(1.09637e-07 -7.93229e-09 -0)
(1.12585e-07 -8.64425e-09 -0)
(1.15434e-07 -9.28713e-09 -0)
(1.18531e-07 -9.66479e-09 -0)
(1.22026e-07 -9.3716e-09 -0)
(1.25736e-07 -7.86838e-09 -0)
(1.29138e-07 -4.82399e-09 -0)
(1.31714e-07 -5.15643e-10 -0)
(1.33263e-07 4.6404e-09 -0)
(1.33821e-07 1.04176e-08 -0)
(1.33477e-07 1.68051e-08 -0)
(1.32264e-07 2.39351e-08 -0)
(1.30109e-07 3.20115e-08 -0)
(1.26828e-07 4.12691e-08 -0)
(1.22102e-07 5.19517e-08 -0)
(1.15431e-07 6.42864e-08 -0)
(1.06064e-07 7.84233e-08 -0)
(9.29022e-08 9.42787e-08 -0)
(7.44897e-08 1.11172e-07 -0)
(4.93819e-08 1.27121e-07 -0)
(1.74977e-08 1.37949e-07 -0)
(8.61257e-06 5.5433e-05 -0)
(9.81366e-07 1.31069e-05 -0)
(7.636e-08 4.56442e-06 -0)
(3.59996e-08 4.1488e-09 -0)
(8.46379e-08 -2.95908e-09 -0)
(8.62601e-08 -7.86754e-09 -0)
(9.3753e-08 -1.11853e-08 -0)
(1.00687e-07 -1.15184e-08 -0)
(1.05668e-07 -1.10945e-08 -0)
(1.09157e-07 -1.09592e-08 -0)
(1.11958e-07 -1.13672e-08 -0)
(1.14799e-07 -1.22541e-08 -0)
(1.1829e-07 -1.32861e-08 -0)
(1.22816e-07 -1.37702e-08 -0)
(1.28164e-07 -1.25277e-08 -0)
(1.33227e-07 -8.63115e-09 -0)
(1.3696e-07 -3.0172e-09 -0)
(1.39225e-07 3.32736e-09 -0)
(1.40354e-07 1.00428e-08 -0)
(1.40671e-07 1.7205e-08 -0)
(1.40337e-07 2.50842e-08 -0)
(1.39339e-07 3.40161e-08 -0)
(1.37521e-07 4.43631e-08 -0)
(1.34582e-07 5.6523e-08 -0)
(1.30015e-07 7.09528e-08 -0)
(1.22957e-07 8.81814e-08 -0)
(1.11902e-07 1.08737e-07 -0)
(9.42583e-08 1.3277e-07 -0)
(6.61586e-08 1.5873e-07 -0)
(2.44676e-08 1.79914e-07 -0)
(9.07335e-06 5.5664e-05 -0)
(3.3791e-06 2.72086e-05 -0)
(1.4844e-07 1.62064e-06 -0)
(3.42058e-08 4.97827e-09 -0)
(7.6244e-08 -6.65283e-09 -0)
(8.10476e-08 -1.63748e-08 -0)
(9.22071e-08 -2.13302e-08 -0)
(1.01708e-07 -1.78084e-08 -0)
(1.06693e-07 -1.47708e-08 -0)
(1.09364e-07 -1.34427e-08 -0)
(1.1129e-07 -1.36112e-08 -0)
(1.13515e-07 -1.50765e-08 -0)
(1.17015e-07 -1.74555e-08 -0)
(1.22784e-07 -1.98955e-08 -0)
(1.30875e-07 -1.98411e-08 -0)
(1.38648e-07 -1.41558e-08 -0)
(1.43672e-07 -6.24966e-09 -0)
(1.46323e-07 1.64432e-09 -0)
(1.47698e-07 9.22056e-09 -0)
(1.48519e-07 1.68872e-08 -0)
(1.49075e-07 2.51806e-08 -0)
(1.49388e-07 3.46057e-08 -0)
(1.49335e-07 4.56445e-08 -0)
(1.48691e-07 5.88244e-08 -0)
(1.47089e-07 7.48204e-08 -0)
(1.43848e-07 9.46122e-08 -0)
(1.3749e-07 1.1972e-07 -0)
(1.24483e-07 1.52438e-07 -0)
(9.65267e-08 1.95117e-07 -0)
(3.86817e-08 2.43063e-07 -0)
(1.37562e-05 6.21435e-05 -0)
(5.40649e-06 2.16962e-05 -0)
(1.76007e-06 8.45583e-06 -0)
(2.1445e-08 7.71762e-09 -0)
(6.26689e-08 -1.46843e-08 -0)
(7.15827e-08 -2.96487e-08 -0)
(9.23194e-08 -3.99527e-08 -0)
(1.07246e-07 -2.36131e-08 -0)
(1.10033e-07 -1.67375e-08 -0)
(1.10316e-07 -1.44299e-08 -0)
(1.10324e-07 -1.45584e-08 -0)
(1.10955e-07 -1.6985e-08 -0)
(1.13471e-07 -2.1564e-08 -0)
(1.2043e-07 -2.85151e-08 -0)
(1.33903e-07 -3.27849e-08 -0)
(1.46819e-07 -2.1901e-08 -0)
(1.5276e-07 -9.47123e-09 -0)
(1.54695e-07 2.79701e-10 -0)
(1.55597e-07 8.30792e-09 -0)
(1.56631e-07 1.59419e-08 -0)
(1.58056e-07 2.41448e-08 -0)
(1.59803e-07 3.35816e-08 -0)
(1.6174e-07 4.47848e-08 -0)
(1.63758e-07 5.83096e-08 -0)
(1.65803e-07 7.48924e-08 -0)
(1.67857e-07 9.57273e-08 -0)
(1.69728e-07 1.23091e-07 -0)
(1.69656e-07 1.62147e-07 -0)
(1.56784e-07 2.26236e-07 -0)
(7.24141e-08 3.54159e-07 -0)
(1.40052e-05 5.51311e-05 -0)
(2.31996e-05 3.50029e-05 -0)
(8.01453e-06 6.22432e-06 -0)
(1.67823e-06 1.04307e-06 -0)
(3.18112e-08 -7.73938e-09 -0)
(5.57787e-08 -1.91554e-08 -0)
(9.82421e-08 -3.42404e-08 -0)
(1.24924e-07 -1.99568e-08 -0)
(1.15877e-07 -1.41355e-08 -0)
(1.11543e-07 -1.29812e-08 -0)
(1.08735e-07 -1.32073e-08 -0)
(1.06509e-07 -1.67412e-08 -0)
(1.05485e-07 -2.33004e-08 -0)
(1.11563e-07 -3.98155e-08 -0)
(1.37489e-07 -6.08824e-08 -0)
(1.61962e-07 -3.11909e-08 -0)
(1.65853e-07 -1.00141e-08 -0)
(1.64102e-07 6.34512e-10 -0)
(1.63361e-07 7.79028e-09 -0)
(1.64355e-07 1.4428e-08 -0)
(1.66715e-07 2.18748e-08 -0)
(1.70028e-07 3.0791e-08 -0)
(1.74063e-07 4.16034e-08 -0)
(1.78799e-07 5.47369e-08 -0)
(1.84507e-07 7.07124e-08 -0)
(1.92047e-07 9.03138e-08 -0)
(2.0391e-07 1.14769e-07 -0)
(2.27628e-07 1.46823e-07 -0)
(2.88539e-07 1.9352e-07 -0)
(4.83295e-07 2.76489e-07 -0)
(1.69487e-05 2.49661e-05 -0)
(4.19165e-05 2.73833e-05 -0)
(4.99667e-05 2.7608e-05 -0)
(3.80925e-05 1.57778e-05 -0)
(1.89994e-05 5.07115e-06 -0)
(1.47331e-05 2.63572e-06 -0)
(1.25175e-06 1.15609e-07 -0)
(1.27288e-07 -4.06787e-09 -0)
(1.17009e-07 -5.62397e-09 -0)
(1.11243e-07 -5.80875e-09 -0)
(1.06564e-07 -5.93325e-09 -0)
(1.00861e-07 -7.98531e-09 -0)
(9.03968e-08 -1.15873e-08 -0)
(8.28481e-08 -2.31714e-08 -0)
(1.42527e-07 -4.3906e-08 -0)
(1.97687e-07 -3.28908e-08 -0)
(1.84585e-07 3.08389e-10 -0)
(1.725e-07 4.80094e-09 -0)
(1.6939e-07 8.18261e-09 -0)
(1.70716e-07 1.26945e-08 -0)
(1.74419e-07 1.91014e-08 -0)
(1.79532e-07 2.76634e-08 -0)
(1.85686e-07 3.85198e-08 -0)
(1.92867e-07 5.18741e-08 -0)
(2.0138e-07 6.78573e-08 -0)
(2.11913e-07 8.63209e-08 -0)
(2.26237e-07 1.05965e-07 -0)
(2.48407e-07 1.23305e-07 -0)
(2.8645e-07 1.2846e-07 -0)
(3.45668e-07 9.22086e-08 -0)
(6.55798e-06 -2.352e-06 -0)
(3.26209e-05 3.05778e-06 -0)
(4.02703e-05 1.01544e-05 -0)
(6.07353e-05 2.28131e-05 -0)
(5.092e-05 2.03144e-05 -0)
(5.35563e-05 1.87429e-05 -0)
(3.64422e-05 1.30718e-05 -0)
(3.28114e-05 3.15206e-06 -0)
(3.07247e-05 8.14386e-07 -0)
(3.03486e-05 3.62297e-07 -0)
(2.81758e-05 2.44708e-07 -0)
(2.96992e-05 4.81865e-07 -0)
(2.39399e-05 9.39887e-07 -0)
(2.74569e-05 4.3583e-06 -0)
(6.87332e-06 1.56797e-06 -0)
(1.80647e-07 9.02165e-09 -0)
(1.75983e-07 4.50422e-09 -0)
(1.44875e-07 3.49102e-09 -0)
(1.40348e-07 3.59368e-09 -0)
(1.4047e-07 4.79193e-09 -0)
(1.42228e-07 7.01847e-09 -0)
(1.44668e-07 1.01583e-08 -0)
(1.47278e-07 1.40848e-08 -0)
(1.50786e-07 1.88262e-08 -0)
(1.55335e-07 2.43572e-08 -0)
(1.63539e-07 3.10259e-08 -0)
(1.75369e-07 3.83412e-08 -0)
(1.94506e-07 4.53992e-08 -0)
(2.20032e-07 4.64565e-08 -0)
(2.49847e-07 2.77649e-08 -0)
(2.56634e-06 -8.5941e-06 -0)
(1.04754e-05 -7.14186e-06 -0)
(1.15149e-05 -7.62668e-07 -0)
(2.59339e-05 4.84951e-06 -0)
(3.56882e-05 1.09766e-05 -0)
(4.50154e-05 1.45367e-05 -0)
(5.00144e-05 1.47177e-05 -0)
(5.10796e-05 7.83976e-06 -0)
(4.80275e-05 3.18263e-06 -0)
(5.00441e-05 1.66913e-06 -0)
(4.57837e-05 1.17994e-06 -0)
(4.94741e-05 2.45858e-06 -0)
(4.19016e-05 4.47778e-06 -0)
(4.59333e-05 1.16812e-05 -0)
(3.60273e-05 1.39069e-05 -0)
(3.20404e-05 7.19131e-06 -0)
(3.21948e-05 6.6228e-07 -0)
(3.2066e-05 -3.81272e-08 -0)
(3.24787e-05 -2.62951e-07 -0)
(3.33157e-05 -3.92586e-07 -0)
(3.45493e-05 -5.25251e-07 -0)
(3.6227e-05 -6.8243e-07 -0)
(3.84153e-05 -8.6099e-07 -0)
(4.10967e-05 -1.04746e-06 -0)
(4.4328e-05 -1.21763e-06 -0)
(4.78492e-05 -1.31271e-06 -0)
(5.1655e-05 -1.27842e-06 -0)
(5.49316e-05 -1.0481e-06 -0)
(5.77975e-05 -6.82932e-07 -0)
(5.88869e-05 -2.3383e-07 -0)
(2.686e-06 -1.34468e-05 -0)
(6.20926e-06 -8.86129e-06 -0)
(1.11806e-05 -5.36432e-06 -0)
(1.58305e-05 -1.3781e-06 -0)
(2.32648e-05 2.38574e-06 -0)
(3.07732e-05 5.48829e-06 -0)
(3.93321e-05 6.95544e-06 -0)
(4.45494e-05 5.60022e-06 -0)
(4.56274e-05 3.20714e-06 -0)
(4.70672e-05 1.97445e-06 -0)
(4.62906e-05 1.7479e-06 -0)
(4.73869e-05 3.28613e-06 -0)
(4.62763e-05 5.94268e-06 -0)
(4.85921e-05 1.02426e-05 -0)
(5.3016e-05 1.27849e-05 -0)
(5.45734e-05 7.8356e-06 -0)
(5.45365e-05 2.11988e-06 -0)
(5.49871e-05 -2.95852e-07 -0)
(5.58024e-05 -1.32457e-06 -0)
(5.71399e-05 -1.99407e-06 -0)
(5.90223e-05 -2.6594e-06 -0)
(6.15e-05 -3.43282e-06 -0)
(6.46828e-05 -4.29322e-06 -0)
(6.84714e-05 -5.21717e-06 -0)
(7.32326e-05 -6.09873e-06 -0)
(7.83531e-05 -6.71901e-06 -0)
(8.46308e-05 -6.80319e-06 -0)
(9.00746e-05 -5.89579e-06 -0)
(9.58882e-05 -4.0743e-06 -0)
(9.78736e-05 -1.46758e-06 -0)
(2.84583e-06 -1.89272e-05 -0)
(7.99665e-06 -1.51312e-05 -0)
(1.29407e-05 -1.05507e-05 -0)
(1.79811e-05 -6.4891e-06 -0)
(2.31799e-05 -3.01029e-06 -0)
(2.84875e-05 -3.40727e-07 -0)
(3.39401e-05 1.25953e-06 -0)
(3.84279e-05 1.84863e-06 -0)
(4.10953e-05 1.53977e-06 -0)
(4.26578e-05 1.24518e-06 -0)
(4.36512e-05 1.50159e-06 -0)
(4.43867e-05 2.70003e-06 -0)
(4.62207e-05 4.55109e-06 -0)
(4.86052e-05 6.38044e-06 -0)
(5.42438e-05 7.11613e-06 -0)
(5.82919e-05 5.05088e-06 -0)
(5.97676e-05 1.69052e-06 -0)
(6.07448e-05 -8.27152e-07 -0)
(6.17193e-05 -2.42013e-06 -0)
(6.32572e-05 -3.65934e-06 -0)
(6.51293e-05 -4.856e-06 -0)
(6.7835e-05 -6.22424e-06 -0)
(7.09439e-05 -7.68909e-06 -0)
(7.50689e-05 -9.37816e-06 -0)
(7.99305e-05 -1.1045e-05 -0)
(8.58194e-05 -1.26259e-05 -0)
(9.33367e-05 -1.34654e-05 -0)
(0.000100883 -1.26503e-05 -0)
(0.00011016 -9.42413e-06 -0)
(0.000114445 -3.51483e-06 -0)
(3.47194e-06 -2.48121e-05 -0)
(9.31715e-06 -1.97535e-05 -0)
(1.50143e-05 -1.55201e-05 -0)
(2.05645e-05 -1.14985e-05 -0)
(2.584e-05 -7.96437e-06 -0)
(3.07896e-05 -5.10325e-06 -0)
(3.51758e-05 -2.94627e-06 -0)
(3.89207e-05 -1.45909e-06 -0)
(4.17649e-05 -6.1356e-07 -0)
(4.37393e-05 -7.07285e-08 -0)
(4.52029e-05 5.71204e-07 -0)
(4.64668e-05 1.4781e-06 -0)
(4.82915e-05 2.46793e-06 -0)
(5.06373e-05 3.07419e-06 -0)
(5.38699e-05 2.99525e-06 -0)
(5.69145e-05 2.0211e-06 -0)
(5.87161e-05 1.94786e-07 -0)
(6.01862e-05 -1.81862e-06 -0)
(6.14726e-05 -3.64185e-06 -0)
(6.36126e-05 -5.37734e-06 -0)
(6.58195e-05 -7.13641e-06 -0)
(6.95861e-05 -9.18106e-06 -0)
(7.30851e-05 -1.1315e-05 -0)
(7.89579e-05 -1.39914e-05 -0)
(8.40794e-05 -1.65618e-05 -0)
(9.23979e-05 -1.97832e-05 -0)
(0.00010033 -2.20411e-05 -0)
(0.000111392 -2.30061e-05 -0)
(0.000123819 -1.91518e-05 -0)
(0.00013386 -8.19374e-06 -0)
(4.4609e-06 -3.27268e-05 -0)
(1.21696e-05 -2.66286e-05 -0)
(1.93586e-05 -2.15298e-05 -0)
(2.59022e-05 -1.69997e-05 -0)
(3.17261e-05 -1.30096e-05 -0)
(3.67666e-05 -9.60382e-06 -0)
(4.10654e-05 -6.82486e-06 -0)
(4.46506e-05 -4.64526e-06 -0)
(4.75367e-05 -3.02138e-06 -0)
(4.9713e-05 -1.80401e-06 -0)
(5.14072e-05 -8.10071e-07 -0)
(5.2884e-05 2.80822e-08 -0)
(5.44639e-05 6.20733e-07 -0)
(5.62774e-05 8.07131e-07 -0)
(5.82456e-05 5.3084e-07 -0)
(6.03371e-05 -2.19404e-07 -0)
(6.22916e-05 -1.6056e-06 -0)
(6.43104e-05 -3.47646e-06 -0)
(6.65244e-05 -5.65e-06 -0)
(6.95328e-05 -7.99801e-06 -0)
(7.28127e-05 -1.05793e-05 -0)
(7.76195e-05 -1.34874e-05 -0)
(8.17897e-05 -1.65526e-05 -0)
(8.88778e-05 -2.02827e-05 -0)
(9.30999e-05 -2.36253e-05 -0)
(0.00010294 -2.84735e-05 -0)
(0.000106963 -3.15661e-05 -0)
(0.00012053 -3.61322e-05 -0)
(0.00012948 -3.34474e-05 -0)
(0.000147436 -1.90587e-05 -0)
(6.47355e-06 -4.24671e-05 -0)
(1.78287e-05 -3.42794e-05 -0)
(2.78645e-05 -2.84121e-05 -0)
(3.59207e-05 -2.3242e-05 -0)
(4.22142e-05 -1.84896e-05 -0)
(4.70989e-05 -1.42675e-05 -0)
(5.10189e-05 -1.07176e-05 -0)
(5.41075e-05 -7.81681e-06 -0)
(5.66625e-05 -5.53154e-06 -0)
(5.86041e-05 -3.75822e-06 -0)
(6.0323e-05 -2.43932e-06 -0)
(6.1729e-05 -1.52325e-06 -0)
(6.33562e-05 -1.03911e-06 -0)
(6.48396e-05 -9.963e-07 -0)
(6.67889e-05 -1.42607e-06 -0)
(6.85201e-05 -2.33917e-06 -0)
(7.10306e-05 -3.88069e-06 -0)
(7.2988e-05 -5.96407e-06 -0)
(7.61336e-05 -8.63286e-06 -0)
(7.83933e-05 -1.14813e-05 -0)
(8.23794e-05 -1.48672e-05 -0)
(8.49825e-05 -1.80988e-05 -0)
(8.94325e-05 -2.20113e-05 -0)
(9.26994e-05 -2.55453e-05 -0)
(9.64116e-05 -2.9599e-05 -0)
(0.000102215 -3.40123e-05 -0)
(0.000102723 -3.74346e-05 -0)
(0.00011599 -4.52218e-05 -0)
(0.000116144 -4.56296e-05 -0)
(0.000145734 -4.16434e-05 -0)
(1.25725e-05 -5.6814e-05 -0)
(3.44114e-05 -4.53979e-05 -0)
(4.67882e-05 -3.7946e-05 -0)
(5.34282e-05 -3.06268e-05 -0)
(5.71453e-05 -2.3922e-05 -0)
(5.94461e-05 -1.82961e-05 -0)
(6.11088e-05 -1.37892e-05 -0)
(6.24141e-05 -1.02385e-05 -0)
(6.36132e-05 -7.48835e-06 -0)
(6.46477e-05 -5.40411e-06 -0)
(6.57739e-05 -3.92025e-06 -0)
(6.68004e-05 -2.98199e-06 -0)
(6.81124e-05 -2.56633e-06 -0)
(6.92947e-05 -2.65232e-06 -0)
(7.09311e-05 -3.24614e-06 -0)
(7.22789e-05 -4.36398e-06 -0)
(7.42882e-05 -6.05347e-06 -0)
(7.55325e-05 -8.24271e-06 -0)
(7.77514e-05 -1.09635e-05 -0)
(7.84203e-05 -1.38384e-05 -0)
(8.10811e-05 -1.72564e-05 -0)
(8.08352e-05 -2.02824e-05 -0)
(8.48724e-05 -2.44952e-05 -0)
(8.35743e-05 -2.73105e-05 -0)
(9.03559e-05 -3.29271e-05 -0)
(8.89705e-05 -3.54317e-05 -0)
(9.71761e-05 -4.26071e-05 -0)
(0.000103254 -4.85476e-05 -0)
(0.000103303 -5.27086e-05 -0)
(0.00019969 -8.58715e-05 -0)
(8.898e-05 -8.12296e-05 -0)
(8.04321e-05 -6.47213e-05 -0)
(7.35386e-05 -4.68793e-05 -0)
(6.81885e-05 -3.37443e-05 -0)
(6.44769e-05 -2.47402e-05 -0)
(6.21764e-05 -1.84368e-05 -0)
(6.0905e-05 -1.38558e-05 -0)
(6.03763e-05 -1.0439e-05 -0)
(6.03135e-05 -7.86036e-06 -0)
(6.06344e-05 -5.95962e-06 -0)
(6.1157e-05 -4.63606e-06 -0)
(6.19363e-05 -3.85067e-06 -0)
(6.27771e-05 -3.5556e-06 -0)
(6.38457e-05 -3.74723e-06 -0)
(6.48532e-05 -4.39684e-06 -0)
(6.61051e-05 -5.53995e-06 -0)
(6.71124e-05 -7.1219e-06 -0)
(6.83955e-05 -9.2053e-06 -0)
(6.92448e-05 -1.16305e-05 -0)
(7.05687e-05 -1.45441e-05 -0)
(7.16084e-05 -1.76839e-05 -0)
(7.32766e-05 -2.13806e-05 -0)
(7.56482e-05 -2.54763e-05 -0)
(7.71234e-05 -2.979e-05 -0)
(8.33907e-05 -3.5944e-05 -0)
(8.11436e-05 -3.91568e-05 -0)
(9.8899e-05 -5.17781e-05 -0)
(8.53604e-05 -5.21197e-05 -0)
(0.00012974 -0.000114303 -0)
(7.95886e-05 -0.000253558 -0)
(7.99321e-05 -5.10745e-05 -0)
(6.43093e-05 -3.89566e-05 -0)
(5.62315e-05 -2.99579e-05 -0)
(5.31468e-05 -2.35486e-05 -0)
(5.25193e-05 -1.8826e-05 -0)
(5.29121e-05 -1.5147e-05 -0)
(5.37353e-05 -1.21712e-05 -0)
(5.46775e-05 -9.72389e-06 -0)
(5.57036e-05 -7.75669e-06 -0)
(5.67168e-05 -6.23725e-06 -0)
(5.77962e-05 -5.17482e-06 -0)
(5.88555e-05 -4.55398e-06 -0)
(6.00022e-05 -4.38518e-06 -0)
(6.11206e-05 -4.6491e-06 -0)
(6.23389e-05 -5.36908e-06 -0)
(6.35072e-05 -6.52761e-06 -0)
(6.47512e-05 -8.17024e-06 -0)
(6.59762e-05 -1.02763e-05 -0)
(6.71969e-05 -1.28976e-05 -0)
(6.86918e-05 -1.60429e-05 -0)
(6.98034e-05 -1.96229e-05 -0)
(7.20723e-05 -2.39486e-05 -0)
(7.24661e-05 -2.81289e-05 -0)
(7.63686e-05 -3.40367e-05 -0)
(7.48271e-05 -3.8006e-05 -0)
(8.20926e-05 -4.74259e-05 -0)
(7.78217e-05 -5.2136e-05 -0)
(8.60694e-05 -7.11003e-05 -0)
(7.18461e-05 -7.37008e-05 -0)
(8.33436e-06 -2.12726e-05 -0)
(8.5362e-05 -4.06514e-05 -0)
(7.89552e-05 -3.81213e-05 -0)
(7.53381e-05 -3.37511e-05 -0)
(7.32424e-05 -2.84833e-05 -0)
(7.18985e-05 -2.3349e-05 -0)
(7.09245e-05 -1.88506e-05 -0)
(7.01928e-05 -1.50959e-05 -0)
(6.96399e-05 -1.20507e-05 -0)
(6.93169e-05 -9.66057e-06 -0)
(6.91153e-05 -7.86567e-06 -0)
(6.91367e-05 -6.63211e-06 -0)
(6.91499e-05 -5.91522e-06 -0)
(6.93535e-05 -5.69863e-06 -0)
(6.93553e-05 -5.94498e-06 -0)
(6.95506e-05 -6.66442e-06 -0)
(6.92927e-05 -7.81585e-06 -0)
(6.93473e-05 -9.47157e-06 -0)
(6.86245e-05 -1.1527e-05 -0)
(6.85928e-05 -1.41954e-05 -0)
(6.73199e-05 -1.7103e-05 -0)
(6.75739e-05 -2.085e-05 -0)
(6.58472e-05 -2.43559e-05 -0)
(6.71549e-05 -2.93659e-05 -0)
(6.53781e-05 -3.33262e-05 -0)
(6.84893e-05 -4.04016e-05 -0)
(6.61237e-05 -4.49872e-05 -0)
(6.76547e-05 -5.39606e-05 -0)
(5.6325e-05 -5.43203e-05 -0)
(3.01991e-05 -4.54923e-05 -0)
(1.08089e-05 -5.35268e-05 -0)
(8.73578e-05 -3.20582e-05 -0)
(7.99286e-05 -2.99598e-05 -0)
(7.33818e-05 -2.63149e-05 -0)
(6.82177e-05 -2.20852e-05 -0)
(6.44024e-05 -1.80511e-05 -0)
(6.1732e-05 -1.45838e-05 -0)
(5.9855e-05 -1.17334e-05 -0)
(5.86274e-05 -9.47243e-06 -0)
(5.77825e-05 -7.71048e-06 -0)
(5.73197e-05 -6.41181e-06 -0)
(5.69879e-05 -5.51052e-06 -0)
(5.68928e-05 -5.00436e-06 -0)
(5.67319e-05 -4.84456e-06 -0)
(5.67413e-05 -5.05983e-06 -0)
(5.65196e-05 -5.60755e-06 -0)
(5.64967e-05 -6.56909e-06 -0)
(5.61257e-05 -7.89809e-06 -0)
(5.61092e-05 -9.76797e-06 -0)
(5.57211e-05 -1.20825e-05 -0)
(5.59839e-05 -1.5145e-05 -0)
(5.59916e-05 -1.87187e-05 -0)
(5.69902e-05 -2.32814e-05 -0)
(5.7705e-05 -2.83026e-05 -0)
(5.94404e-05 -3.44312e-05 -0)
(5.92252e-05 -3.98438e-05 -0)
(5.89528e-05 -4.54816e-05 -0)
(5.22578e-05 -4.55718e-05 -0)
(3.62572e-05 -3.73424e-05 -0)
(2.14385e-05 -2.88506e-05 -0)
(3.94591e-06 -1.22272e-05 -0)
(8.80626e-05 -2.49987e-05 -0)
(8.20304e-05 -2.37949e-05 -0)
(7.69273e-05 -2.18105e-05 -0)
(7.30185e-05 -1.92924e-05 -0)
(7.01819e-05 -1.65756e-05 -0)
(6.82109e-05 -1.39617e-05 -0)
(6.68209e-05 -1.16212e-05 -0)
(6.58814e-05 -9.64609e-06 -0)
(6.5192e-05 -8.04577e-06 -0)
(6.47486e-05 -6.83151e-06 -0)
(6.43799e-05 -5.97683e-06 -0)
(6.41562e-05 -5.49034e-06 -0)
(6.38863e-05 -5.34646e-06 -0)
(6.36998e-05 -5.57601e-06 -0)
(6.33737e-05 -6.16601e-06 -0)
(6.3087e-05 -7.19424e-06 -0)
(6.26042e-05 -8.66915e-06 -0)
(6.20905e-05 -1.07306e-05 -0)
(6.14247e-05 -1.34019e-05 -0)
(6.05214e-05 -1.67977e-05 -0)
(5.98275e-05 -2.09697e-05 -0)
(5.82091e-05 -2.55206e-05 -0)
(5.77487e-05 -3.09662e-05 -0)
(5.4629e-05 -3.49939e-05 -0)
(5.32406e-05 -3.96261e-05 -0)
(4.79192e-05 -3.9646e-05 -0)
(3.76947e-05 -3.36311e-05 -0)
(2.44913e-05 -2.38885e-05 -0)
(1.25075e-05 -1.52938e-05 -0)
(3.28712e-06 -9.71137e-06 -0)
(8.86131e-05 -1.9239e-05 -0)
(8.35287e-05 -1.85227e-05 -0)
(7.88804e-05 -1.72702e-05 -0)
(7.48704e-05 -1.55639e-05 -0)
(7.15153e-05 -1.35905e-05 -0)
(6.88426e-05 -1.15908e-05 -0)
(6.66734e-05 -9.72994e-06 -0)
(6.50194e-05 -8.1299e-06 -0)
(6.36203e-05 -6.81332e-06 -0)
(6.26018e-05 -5.8146e-06 -0)
(6.16065e-05 -5.09873e-06 -0)
(6.09354e-05 -4.69322e-06 -0)
(6.00432e-05 -4.54977e-06 -0)
(5.94993e-05 -4.72917e-06 -0)
(5.84289e-05 -5.16896e-06 -0)
(5.78279e-05 -6.00851e-06 -0)
(5.62782e-05 -7.13256e-06 -0)
(5.54494e-05 -8.85665e-06 -0)
(5.31232e-05 -1.08842e-05 -0)
(5.19739e-05 -1.38976e-05 -0)
(4.89261e-05 -1.70597e-05 -0)
(4.76205e-05 -2.15933e-05 -0)
(4.50654e-05 -2.58066e-05 -0)
(4.31132e-05 -3.02932e-05 -0)
(4.21544e-05 -3.42097e-05 -0)
(3.58537e-05 -3.12296e-05 -0)
(2.64761e-05 -2.3079e-05 -0)
(1.47202e-05 -1.28543e-05 -0)
(7.81915e-06 -6.71791e-06 -0)
(4.34917e-08 -1.04435e-07 -0)
(8.89748e-05 -1.42977e-05 -0)
(8.44679e-05 -1.38501e-05 -0)
(8.02304e-05 -1.30508e-05 -0)
(7.64209e-05 -1.19385e-05 -0)
(7.3124e-05 -1.0613e-05 -0)
(7.03831e-05 -9.21211e-06 -0)
(6.81201e-05 -7.86098e-06 -0)
(6.63156e-05 -6.65679e-06 -0)
(6.48024e-05 -5.64678e-06 -0)
(6.36195e-05 -4.86255e-06 -0)
(6.25238e-05 -4.30108e-06 -0)
(6.16862e-05 -3.97638e-06 -0)
(6.07171e-05 -3.87311e-06 -0)
(6.00071e-05 -4.02298e-06 -0)
(5.88839e-05 -4.40775e-06 -0)
(5.81198e-05 -5.11444e-06 -0)
(5.65223e-05 -6.10542e-06 -0)
(5.55533e-05 -7.61948e-06 -0)
(5.30902e-05 -9.51621e-06 -0)
(5.18601e-05 -1.24485e-05 -0)
(4.81859e-05 -1.57396e-05 -0)
(4.69265e-05 -2.09609e-05 -0)
(4.23893e-05 -2.52364e-05 -0)
(4.03795e-05 -3.06804e-05 -0)
(3.65505e-05 -3.1962e-05 -0)
(2.68283e-05 -2.40996e-05 -0)
(1.57637e-05 -1.36371e-05 -0)
(5.11364e-06 -2.19151e-06 -0)
(8.32402e-08 -8.90375e-08 -0)
(1.50727e-08 -1.23598e-07 -0)
(8.92004e-05 -9.88691e-06 -0)
(8.50785e-05 -9.61369e-06 -0)
(8.11412e-05 -9.11807e-06 -0)
(7.75113e-05 -8.42177e-06 -0)
(7.42582e-05 -7.57533e-06 -0)
(7.14448e-05 -6.65567e-06 -0)
(6.90324e-05 -5.7424e-06 -0)
(6.70303e-05 -4.90658e-06 -0)
(6.53098e-05 -4.192e-06 -0)
(6.39063e-05 -3.62814e-06 -0)
(6.26091e-05 -3.22201e-06 -0)
(6.15542e-05 -2.98361e-06 -0)
(6.03945e-05 -2.90901e-06 -0)
(5.94556e-05 -3.01527e-06 -0)
(5.81279e-05 -3.29985e-06 -0)
(5.7084e-05 -3.81417e-06 -0)
(5.52115e-05 -4.55161e-06 -0)
(5.38312e-05 -5.66553e-06 -0)
(5.08546e-05 -7.09175e-06 -0)
(4.88611e-05 -9.30211e-06 -0)
(4.38558e-05 -1.18306e-05 -0)
(4.1141e-05 -1.61104e-05 -0)
(3.3285e-05 -1.90013e-05 -0)
(3.12113e-05 -2.46623e-05 -0)
(2.36059e-05 -2.24176e-05 -0)
(1.29458e-05 -1.29443e-05 -0)
(1.02823e-07 -4.84386e-08 -0)
(1.27817e-07 -6.36597e-08 -0)
(3.74594e-08 -9.43631e-08 -0)
(1.42069e-08 -9.12169e-08 -0)
(8.93357e-05 -5.81003e-06 -0)
(8.54445e-05 -5.66164e-06 -0)
(8.17002e-05 -5.39037e-06 -0)
(7.81916e-05 -5.00672e-06 -0)
(7.49916e-05 -4.53685e-06 -0)
(7.21487e-05 -4.01734e-06 -0)
(6.96686e-05 -3.49327e-06 -0)
(6.75476e-05 -3.00338e-06 -0)
(6.57202e-05 -2.5805e-06 -0)
(6.41723e-05 -2.24055e-06 -0)
(6.27786e-05 -1.9973e-06 -0)
(6.15707e-05 -1.8498e-06 -0)
(6.03392e-05 -1.80835e-06 -0)
(5.92243e-05 -1.86829e-06 -0)
(5.78531e-05 -2.05072e-06 -0)
(5.65759e-05 -2.35743e-06 -0)
(5.46894e-05 -2.82996e-06 -0)
(5.29521e-05 -3.49773e-06 -0)
(4.99772e-05 -4.42308e-06 -0)
(4.73714e-05 -5.75793e-06 -0)
(4.22585e-05 -7.52547e-06 -0)
(3.83378e-05 -1.04895e-05 -0)
(2.92817e-05 -1.34296e-05 -0)
(2.59625e-05 -1.98547e-05 -0)
(1.23705e-05 -1.37574e-05 -0)
(7.15059e-08 -6.4408e-08 -0)
(1.43069e-07 -4.89524e-08 -0)
(1.07799e-07 -8.42609e-08 -0)
(5.66016e-08 -6.48718e-08 -0)
(1.8219e-08 -5.87919e-08 -0)
(8.93989e-05 -1.91707e-06 -0)
(8.56166e-05 -1.86995e-06 -0)
(8.1966e-05 -1.78353e-06 -0)
(7.85181e-05 -1.66087e-06 -0)
(7.53515e-05 -1.51035e-06 -0)
(7.24966e-05 -1.34243e-06 -0)
(6.99926e-05 -1.17204e-06 -0)
(6.78062e-05 -1.01068e-06 -0)
(6.59379e-05 -8.71163e-07 -0)
(6.42981e-05 -7.57228e-07 -0)
(6.28806e-05 -6.76828e-07 -0)
(6.1555e-05 -6.26076e-07 -0)
(6.03397e-05 -6.13933e-07 -0)
(5.90554e-05 -6.31577e-07 -0)
(5.77688e-05 -6.96775e-07 -0)
(5.62132e-05 -7.94991e-07 -0)
(5.45296e-05 -9.63321e-07 -0)
(5.22895e-05 -1.17555e-06 -0)
(4.97392e-05 -1.51024e-06 -0)
(4.61731e-05 -1.92019e-06 -0)
(4.191e-05 -2.59865e-06 -0)
(3.58422e-05 -3.51656e-06 -0)
(2.77726e-05 -5.24928e-06 -0)
(1.72592e-05 -7.71456e-06 -0)
(5.39188e-07 -5.8178e-07 -0)
(1.08908e-07 -4.8509e-08 -0)
(1.64983e-07 -2.64531e-08 -0)
(1.11897e-07 -2.66135e-08 -0)
(6.29283e-08 -2.23544e-08 -0)
(2.02867e-08 -2.02867e-08 -0)
)
;

boundaryField
{
    inlet1
    {
        type            extrapolatedCalculated;
        value           nonuniform List<vector> 10((1e-05 6.56894e-06 -0) (1e-05 2.59748e-05 -0) (1e-05 4.47997e-05 -0) (1e-05 5.63659e-05 -0) (1e-05 6.59741e-05 -0) (1e-05 7.055e-05 -0) (1e-05 6.80983e-05 -0) (1e-05 6.16557e-05 -0) (1e-05 5.45811e-05 -0) (1e-05 4.65911e-05 -0));
    }
    inlet2
    {
        type            extrapolatedCalculated;
        value           nonuniform List<vector> 10((-0 5.51311e-05 -0) (-0 2.49661e-05 -0) (-0 -2.352e-06 -0) (-0 -8.5941e-06 -0) (-0 -1.34468e-05 -0) (-0 -1.89272e-05 -0) (-0 -2.48121e-05 -0) (-0 -3.27268e-05 -0) (-0 -4.24671e-05 -0) (-0 -5.6814e-05 -0));
    }
    inlet3
    {
        type            extrapolatedCalculated;
        value           nonuniform List<vector> 10((9.13394e-05 -6.98789e-05 -0) (9.13394e-05 -5.39816e-05 -0) (9.13394e-05 -4.14382e-05 -0) (9.13394e-05 -3.23468e-05 -0) (9.13394e-05 -2.5195e-05 -0) (9.13394e-05 -1.93471e-05 -0) (9.13394e-05 -1.43557e-05 -0) (9.13394e-05 -9.91769e-06 -0) (9.13394e-05 -5.82485e-06 -0) (9.13394e-05 -1.92147e-06 -0));
    }
    output1
    {
        type            extrapolatedCalculated;
        value           nonuniform List<vector> 10((-0 8.11753e-09 -0) (-0 2.46104e-08 -0) (-0 4.19116e-08 -0) (-0 6.06895e-08 -0) (-0 8.18575e-08 -0) (-0 1.06813e-07 -0) (-0 1.37949e-07 -0) (-0 1.79914e-07 -0) (-0 2.43063e-07 -0) (-0 3.54159e-07 -0));
    }
    output2
    {
        type            extrapolatedCalculated;
        value           nonuniform List<vector> 10((6.33379e-07 2.76489e-07 -0) (3.80569e-07 9.22086e-08 -0) (2.51671e-07 2.77649e-08 -0) (5.92692e-05 -2.3383e-07 -0) (9.86079e-05 -1.46758e-06 -0) (0.000115519 -3.51483e-06 -0) (0.000135861 -8.19374e-06 -0) (0.000153205 -1.90587e-05 -0) (0.000165456 -4.16434e-05 -0) (0.000284218 -8.58715e-05 -0));
    }
    output3
    {
        type            extrapolatedCalculated;
        value           nonuniform List<vector> 10((-0 -0.000253558 -0) (-0 -2.12726e-05 -0) (-0 -5.35268e-05 -0) (-0 -1.22272e-05 -0) (-0 -9.71137e-06 -0) (-0 -1.04435e-07 -0) (-0 -1.23598e-07 -0) (-0 -9.12169e-08 -0) (-0 -5.87919e-08 -0) (-0 -2.02867e-08 -0));
    }
    up
    {
        type            extrapolatedCalculated;
        value           nonuniform List<vector> 
30
(
(8.93989e-05 -0 -0)
(8.56166e-05 -0 -0)
(8.1966e-05 -0 -0)
(7.85181e-05 -0 -0)
(7.53515e-05 -0 -0)
(7.24966e-05 -0 -0)
(6.99926e-05 -0 -0)
(6.78062e-05 -0 -0)
(6.59379e-05 -0 -0)
(6.42981e-05 -0 -0)
(6.28806e-05 -0 -0)
(6.1555e-05 -0 -0)
(6.03397e-05 -0 -0)
(5.90554e-05 -0 -0)
(5.77688e-05 -0 -0)
(5.62132e-05 -0 -0)
(5.45296e-05 -0 -0)
(5.22895e-05 -0 -0)
(4.97392e-05 -0 -0)
(4.61731e-05 -0 -0)
(4.191e-05 -0 -0)
(3.58422e-05 -0 -0)
(2.77726e-05 -0 -0)
(1.72592e-05 -0 -0)
(5.39188e-07 -0 -0)
(1.08908e-07 -0 -0)
(1.64983e-07 -0 -0)
(1.11897e-07 -0 -0)
(6.29283e-08 -0 -0)
(2.02867e-08 -0 -0)
)
;
    }
    down
    {
        type            extrapolatedCalculated;
        value           nonuniform List<vector> 
30
(
(6.5474e-06 -0 -0)
(8.21916e-07 -0 -0)
(2.79442e-07 -0 -0)
(1.77025e-07 -0 -0)
(6.27356e-08 -0 -0)
(1.29842e-07 -0 -0)
(1.21898e-07 -0 -0)
(1.19123e-07 -0 -0)
(1.17624e-07 -0 -0)
(1.16999e-07 -0 -0)
(1.16951e-07 -0 -0)
(1.17243e-07 -0 -0)
(1.17677e-07 -0 -0)
(1.1808e-07 -0 -0)
(1.18289e-07 -0 -0)
(1.18148e-07 -0 -0)
(1.17504e-07 -0 -0)
(1.16208e-07 -0 -0)
(1.14118e-07 -0 -0)
(1.11094e-07 -0 -0)
(1.06998e-07 -0 -0)
(1.01698e-07 -0 -0)
(9.50631e-08 -0 -0)
(8.69798e-08 -0 -0)
(7.73614e-08 -0 -0)
(6.61711e-08 -0 -0)
(5.34479e-08 -0 -0)
(3.93342e-08 -0 -0)
(2.4095e-08 -0 -0)
(8.11758e-09 -0 -0)
)
;
    }
    emptyWalls
    {
        type            empty;
    }
}


// ************************************************************************* //
