/*--------------------------------*- C++ -*----------------------------------*\
  =========                 |
  \\      /  F ield         | OpenFOAM: The Open Source CFD Toolbox
   \\    /   O peration     | Website:  https://openfoam.org
    \\  /    A nd           | Version:  9
     \\/     M anipulation  |
\*---------------------------------------------------------------------------*/
FoamFile
{
    format      ascii;
    class       volScalarField;
    location    "9000";
    object      alpha;
}
// * * * * * * * * * * * * * * * * * * * * * * * * * * * * * * * * * * * * * //

dimensions      [0 2 -1 0 0 0 0];

internalField   nonuniform List<scalar> 
900
(
-1.45269e-10
-3.07698e-11
-6.7237e-12
-1.35513e-13
-4.06141e-14
-4.0652e-14
-4.0652e-14
-4.0652e-14
-4.0652e-14
-4.0652e-14
-4.0652e-14
-4.0652e-14
-4.0652e-14
-4.0652e-14
-4.0652e-14
-4.0652e-14
-4.0652e-14
-4.0652e-14
-4.0652e-14
-4.0652e-14
-4.0652e-14
-4.0652e-14
-4.0652e-14
-4.0652e-14
-4.0652e-14
-4.0652e-14
-4.0652e-14
-4.0652e-14
-4.0652e-14
-4.0652e-14
-2.52653e-10
-1.4243e-11
-6.65776e-12
-4.12054e-14
-4.06481e-14
-4.0652e-14
-4.0652e-14
-4.0652e-14
-4.0652e-14
-4.0652e-14
-4.0652e-14
-4.0652e-14
-4.0652e-14
-4.0652e-14
-4.0652e-14
-4.0652e-14
-4.0652e-14
-4.0652e-14
-4.0652e-14
-4.0652e-14
-4.0652e-14
-4.0652e-14
-4.0652e-14
-4.0652e-14
-4.0652e-14
-4.0652e-14
-4.0652e-14
-4.0652e-14
-4.0652e-14
-4.0652e-14
-4.78395e-11
-1.11736e-11
-9.00583e-12
-2.83827e-14
-4.06511e-14
-4.0652e-14
-4.0652e-14
-4.0652e-14
-4.0652e-14
-4.0652e-14
-4.0652e-14
-4.0652e-14
-4.0652e-14
-4.0652e-14
-4.0652e-14
-4.0652e-14
-4.0652e-14
-4.0652e-14
-4.0652e-14
-4.0652e-14
-4.0652e-14
-4.0652e-14
-4.0652e-14
-4.0652e-14
-4.0652e-14
-4.0652e-14
-4.0652e-14
-4.0652e-14
-4.0652e-14
-4.0652e-14
-8.60658e-11
-1.47537e-11
-8.48288e-12
-2.71811e-14
-4.06519e-14
-4.0652e-14
-4.0652e-14
-4.0652e-14
-4.0652e-14
-4.0652e-14
-4.0652e-14
-4.0652e-14
-4.0652e-14
-4.0652e-14
-4.0652e-14
-4.0652e-14
-4.0652e-14
-4.0652e-14
-4.0652e-14
-4.0652e-14
-4.0652e-14
-4.0652e-14
-4.0652e-14
-4.0652e-14
-4.0652e-14
-4.0652e-14
-4.0652e-14
-4.0652e-14
-4.0652e-14
-4.0652e-14
-5.76801e-11
-1.59787e-11
-1.02111e-11
-3.25433e-14
-4.0652e-14
-4.0652e-14
-4.0652e-14
-4.0652e-14
-4.0652e-14
-4.0652e-14
-4.0652e-14
-4.0652e-14
-4.0652e-14
-4.0652e-14
-4.0652e-14
-4.0652e-14
-4.0652e-14
-4.0652e-14
-4.0652e-14
-4.0652e-14
-4.0652e-14
-4.0652e-14
-4.0652e-14
-4.0652e-14
-4.0652e-14
-4.0652e-14
-4.0652e-14
-4.0652e-14
-4.0652e-14
-4.0652e-14
-1.20334e-10
-1.79784e-11
-6.69064e-12
-3.90629e-14
-4.0652e-14
-4.0652e-14
-4.0652e-14
-4.0652e-14
-4.0652e-14
-4.0652e-14
-4.0652e-14
-4.0652e-14
-4.0652e-14
-4.0652e-14
-4.0652e-14
-4.0652e-14
-4.0652e-14
-4.0652e-14
-4.0652e-14
-4.0652e-14
-4.0652e-14
-4.0652e-14
-4.0652e-14
-4.0652e-14
-4.0652e-14
-4.0652e-14
-4.0652e-14
-4.0652e-14
-4.0652e-14
-4.0652e-14
-9.21553e-11
-1.38731e-11
-1.28226e-13
-4.06191e-14
-4.0652e-14
-4.0652e-14
-4.0652e-14
-4.0652e-14
-4.0652e-14
-4.0652e-14
-4.0652e-14
-4.0652e-14
-4.0652e-14
-4.0652e-14
-4.0652e-14
-4.0652e-14
-4.0652e-14
-4.0652e-14
-4.0652e-14
-4.0652e-14
-4.0652e-14
-4.0652e-14
-4.0652e-14
-4.0652e-14
-4.0652e-14
-4.0652e-14
-4.0652e-14
-4.0652e-14
-4.0652e-14
-4.0652e-14
-1.56667e-10
-1.52197e-11
-3.52319e-14
-4.06485e-14
-4.0652e-14
-4.0652e-14
-4.0652e-14
-4.0652e-14
-4.0652e-14
-4.0652e-14
-4.0652e-14
-4.0652e-14
-4.0652e-14
-4.0652e-14
-4.0652e-14
-4.0652e-14
-4.0652e-14
-4.0652e-14
-4.0652e-14
-4.0652e-14
-4.0652e-14
-4.0652e-14
-4.0652e-14
-4.0652e-14
-4.0652e-14
-4.0652e-14
-4.0652e-14
-4.0652e-14
-4.0652e-14
-4.0652e-14
-1.23993e-10
-1.67082e-11
-2.77828e-14
-4.0652e-14
-4.0652e-14
-4.0652e-14
-4.0652e-14
-4.0652e-14
-4.0652e-14
-4.0652e-14
-4.0652e-14
-4.0652e-14
-4.0652e-14
-4.0652e-14
-4.0652e-14
-4.0652e-14
-4.0652e-14
-4.0652e-14
-4.0652e-14
-4.0652e-14
-4.0652e-14
-4.0652e-14
-4.0652e-14
-4.0652e-14
-4.0652e-14
-4.0652e-14
-4.0652e-14
-4.0652e-14
-4.0652e-14
-4.0652e-14
-2.09586e-10
-1.87491e-11
-3.23023e-14
-4.0652e-14
-4.0652e-14
-4.0652e-14
-4.0652e-14
-4.0652e-14
-4.0652e-14
-4.0652e-14
-4.0652e-14
-4.0652e-14
-4.0652e-14
-4.0652e-14
-4.0652e-14
-4.0652e-14
-4.0652e-14
-4.0652e-14
-4.0652e-14
-4.0652e-14
-4.0652e-14
-4.0652e-14
-4.0652e-14
-4.0652e-14
-4.0652e-14
-4.0652e-14
-4.0652e-14
-4.0652e-14
-4.0652e-14
-4.0652e-14
-1.91885e-10
-2.44364e-11
-1.70331e-13
-4.06412e-14
-4.0652e-14
-4.0652e-14
-4.0652e-14
-4.0652e-14
-4.0652e-14
-4.0652e-14
-4.0652e-14
-4.0652e-14
-4.0652e-14
-4.0652e-14
-4.0652e-14
-4.0652e-14
-4.0652e-14
-4.0652e-14
-4.0652e-14
-4.0652e-14
-4.0652e-14
-4.0652e-14
-4.0652e-14
-4.0652e-14
-4.0652e-14
-4.0652e-14
-4.0652e-14
-4.0652e-14
-4.0652e-14
-4.0652e-14
-3.14285e-10
-2.20034e-11
-4.42048e-12
-8.2538e-14
-4.06222e-14
-4.0652e-14
-4.0652e-14
-4.0652e-14
-4.0652e-14
-4.0652e-14
-4.0652e-14
-4.0652e-14
-4.0652e-14
-4.0652e-14
-4.0652e-14
-4.0652e-14
-4.0652e-14
-4.0652e-14
-4.0652e-14
-4.0652e-14
-4.0652e-14
-4.0652e-14
-4.0652e-14
-4.0652e-14
-4.0652e-14
-4.0652e-14
-4.0652e-14
-4.0652e-14
-4.0652e-14
-4.0652e-14
-3.51199e-10
-5.01945e-11
-1.30486e-11
-8.12691e-12
-3.53538e-12
-3.90078e-14
-4.0652e-14
-4.0652e-14
-4.0652e-14
-4.0652e-14
-4.0652e-14
-4.0652e-14
-4.0652e-14
-4.0652e-14
-4.0652e-14
-4.0652e-14
-4.0652e-14
-4.0652e-14
-4.0652e-14
-4.0652e-14
-4.0652e-14
-4.0652e-14
-4.0652e-14
-4.0652e-14
-4.0652e-14
-4.0652e-14
-4.0652e-14
-4.0652e-14
-4.0652e-14
-4.0652e-14
-8.63346e-10
-1.7106e-11
-5.38055e-12
-3.59507e-12
-2.89089e-12
-5.15247e-13
-4.05365e-14
-4.0652e-14
-4.0652e-14
-4.0652e-14
-4.0652e-14
-4.0652e-14
-4.0652e-14
-4.0652e-14
-4.0652e-14
-4.0652e-14
-4.0652e-14
-4.0652e-14
-4.0652e-14
-4.0652e-14
-4.0652e-14
-4.0652e-14
-4.0652e-14
-4.0652e-14
-4.0652e-14
-4.0652e-14
-4.0652e-14
-4.0652e-14
-4.0652e-14
-4.0652e-14
-1.22687e-09
-2.45172e-10
-7.89243e-11
-3.00796e-11
-1.35283e-11
-8.79361e-12
-4.04664e-12
-3.8612e-14
-4.06517e-14
-4.06517e-14
-4.06517e-14
-4.06517e-14
-4.0652e-14
-4.0652e-14
-4.06519e-14
-4.06519e-14
-4.06518e-14
-4.06518e-14
-4.06519e-14
-4.06519e-14
-4.06519e-14
-4.06519e-14
-4.06519e-14
-4.06514e-14
-4.06319e-14
-4.0599e-14
-4.0652e-14
-4.0652e-14
-4.0652e-14
-4.0652e-14
-2.16154e-10
-1.68784e-10
-7.17589e-11
-4.26106e-11
-2.68089e-11
-2.00438e-11
-1.43934e-11
-9.29547e-12
-9.31883e-12
-8.61499e-12
-1.18915e-11
-7.95635e-13
-2.86335e-14
-2.64738e-14
-2.80513e-14
-3.18227e-14
-3.46585e-14
-3.48865e-14
-3.36983e-14
-3.5488e-14
-3.6367e-14
-4.76554e-14
-6.6714e-14
-2.46274e-13
-8.8565e-13
-1.28669e-12
-1.05439e-12
-6.79855e-13
-1.64459e-13
-2.66537e-14
-2.65257e-11
-2.94876e-11
-2.16115e-11
-1.95623e-11
-1.79433e-11
-1.58117e-11
-1.54139e-11
-1.3944e-11
-1.40022e-11
-1.18115e-11
-1.16953e-11
-7.22028e-12
-5.97751e-12
-6.06073e-12
-6.31187e-12
-6.52349e-12
-6.70501e-12
-6.86857e-12
-7.01539e-12
-7.14759e-12
-7.27165e-12
-7.412e-12
-7.63366e-12
-8.04066e-12
-8.45739e-12
-8.58391e-12
-8.40192e-12
-7.9901e-12
-7.7475e-12
-7.76154e-12
-2.16657e-11
-1.68566e-11
-1.61614e-11
-1.49464e-11
-1.47799e-11
-1.41124e-11
-1.43616e-11
-1.42637e-11
-1.38552e-11
-1.26604e-11
-1.18258e-11
-1.14534e-11
-1.07961e-11
-1.07045e-11
-1.09584e-11
-1.1293e-11
-1.16173e-11
-1.19084e-11
-1.21388e-11
-1.23079e-11
-1.24346e-11
-1.25659e-11
-1.27647e-11
-1.28709e-11
-1.28e-11
-1.26688e-11
-1.23939e-11
-1.21277e-11
-1.20764e-11
-1.22872e-11
-1.54867e-11
-1.555e-11
-1.63267e-11
-1.69383e-11
-1.72217e-11
-1.72986e-11
-1.72905e-11
-1.71427e-11
-1.65685e-11
-1.59573e-11
-1.53984e-11
-1.55527e-11
-1.55127e-11
-1.54137e-11
-1.54558e-11
-1.55756e-11
-1.5689e-11
-1.57794e-11
-1.57801e-11
-1.5703e-11
-1.5501e-11
-1.52942e-11
-1.50458e-11
-1.48183e-11
-1.45053e-11
-1.41883e-11
-1.3629e-11
-1.30295e-11
-1.19422e-11
-1.1222e-11
-1.59974e-11
-1.8143e-11
-2.03706e-11
-2.14655e-11
-2.17339e-11
-2.16309e-11
-2.12175e-11
-2.06833e-11
-1.99995e-11
-1.95025e-11
-1.91877e-11
-1.91791e-11
-1.89735e-11
-1.85641e-11
-1.80457e-11
-1.75118e-11
-1.69882e-11
-1.65031e-11
-1.60466e-11
-1.55721e-11
-1.49829e-11
-1.44113e-11
-1.3731e-11
-1.31538e-11
-1.26449e-11
-1.22082e-11
-1.14776e-11
-1.13053e-11
-9.24289e-12
-7.77417e-12
-2.2382e-11
-2.63598e-11
-2.61382e-11
-2.47371e-11
-2.34112e-11
-2.22826e-11
-2.12294e-11
-2.03903e-11
-1.96067e-11
-1.92178e-11
-1.88317e-11
-1.86855e-11
-1.82083e-11
-1.76287e-11
-1.67002e-11
-1.57383e-11
-1.47512e-11
-1.37907e-11
-1.3049e-11
-1.23679e-11
-1.17169e-11
-1.11761e-11
-1.04103e-11
-9.56621e-12
-8.97326e-12
-8.21411e-12
-7.98261e-12
-7.77072e-12
-8.87618e-12
-1.32269e-11
-1.84051e-11
-1.75122e-11
-1.75087e-11
-1.76791e-11
-1.78818e-11
-1.79416e-11
-1.80242e-11
-1.79898e-11
-1.79588e-11
-1.79758e-11
-1.77352e-11
-1.76398e-11
-1.69065e-11
-1.62074e-11
-1.47489e-11
-1.3518e-11
-1.21162e-11
-1.07048e-11
-9.5264e-12
-8.72272e-12
-8.21667e-12
-8.08969e-12
-7.36121e-12
-6.74296e-12
-4.76046e-12
-4.34172e-12
-4.36818e-12
-4.33094e-12
-4.67882e-12
-2.08013e-12
-1.90845e-11
-1.94908e-11
-2.03617e-11
-2.10622e-11
-2.13008e-11
-2.11296e-11
-2.08198e-11
-2.01659e-11
-1.96887e-11
-1.88309e-11
-1.80356e-11
-1.70686e-11
-1.55076e-11
-1.41683e-11
-1.19229e-11
-1.05129e-11
-8.72083e-12
-7.32035e-12
-5.22313e-12
-4.38763e-12
-4.27772e-12
-4.43589e-12
-4.17284e-12
-4.89228e-12
-2.77265e-14
-4.0652e-14
-4.0652e-14
-4.0652e-14
-4.0652e-14
-4.0652e-14
-1.93028e-11
-1.89933e-11
-1.88351e-11
-1.87517e-11
-1.85456e-11
-1.84131e-11
-1.80942e-11
-1.78477e-11
-1.75746e-11
-1.67878e-11
-1.62397e-11
-1.44456e-11
-1.23785e-11
-1.0296e-11
-8.06079e-12
-7.11995e-12
-4.54126e-12
-4.62072e-12
-8.00385e-13
-4.05189e-14
-4.0652e-14
-4.0652e-14
-4.0652e-14
-4.0652e-14
-4.0652e-14
-4.0652e-14
-4.0652e-14
-4.0652e-14
-4.0652e-14
-4.0652e-14
-1.93797e-11
-1.91064e-11
-1.9172e-11
-1.92199e-11
-1.94299e-11
-1.95393e-11
-1.93779e-11
-1.93668e-11
-1.85194e-11
-1.76544e-11
-1.61196e-11
-1.26049e-11
-9.51996e-12
-5.94085e-12
-4.52532e-12
-5.05322e-12
-2.69629e-14
-4.0652e-14
-4.0652e-14
-4.0652e-14
-4.0652e-14
-4.0652e-14
-4.0652e-14
-4.0652e-14
-4.0652e-14
-4.0652e-14
-4.0652e-14
-4.0652e-14
-4.0652e-14
-4.0652e-14
-1.94689e-11
-1.92506e-11
-1.93921e-11
-1.91907e-11
-1.94642e-11
-1.90458e-11
-1.89879e-11
-1.83678e-11
-1.71878e-11
-1.65033e-11
-1.32714e-11
-9.10204e-12
-5.41129e-12
-8.44877e-13
-4.05211e-14
-4.0652e-14
-4.0652e-14
-4.0652e-14
-4.0652e-14
-4.0652e-14
-4.0652e-14
-4.0652e-14
-4.0652e-14
-4.0652e-14
-4.0652e-14
-4.0652e-14
-4.0652e-14
-4.0652e-14
-4.0652e-14
-4.0652e-14
-1.95208e-11
-1.93889e-11
-1.95821e-11
-1.93769e-11
-1.98264e-11
-1.92136e-11
-1.96974e-11
-1.81848e-11
-1.77027e-11
-1.58065e-11
-1.04696e-11
-5.82921e-12
-2.69955e-14
-4.0652e-14
-4.0652e-14
-4.0652e-14
-4.0652e-14
-4.0652e-14
-4.0652e-14
-4.0652e-14
-4.0652e-14
-4.0652e-14
-4.0652e-14
-4.0652e-14
-4.0652e-14
-4.0652e-14
-4.0652e-14
-4.0652e-14
-4.0652e-14
-4.0652e-14
-1.95442e-11
-1.95229e-11
-1.97081e-11
-1.9651e-11
-2.01028e-11
-1.96507e-11
-2.02428e-11
-1.7848e-11
-1.77167e-11
-1.23542e-11
-6.00907e-12
-3.06592e-14
-4.0652e-14
-4.0652e-14
-4.0652e-14
-4.0652e-14
-4.0652e-14
-4.0652e-14
-4.0652e-14
-4.0652e-14
-4.0652e-14
-4.0652e-14
-4.0652e-14
-4.0652e-14
-4.0652e-14
-4.0652e-14
-4.0652e-14
-4.0652e-14
-4.0652e-14
-4.0652e-14
-1.95552e-11
-1.96217e-11
-1.97817e-11
-1.98883e-11
-2.02888e-11
-2.0275e-11
-2.08997e-11
-1.87483e-11
-1.80121e-11
-7.82677e-12
-2.83408e-14
-4.0652e-14
-4.0652e-14
-4.0652e-14
-4.0652e-14
-4.0652e-14
-4.0652e-14
-4.0652e-14
-4.0652e-14
-4.0652e-14
-4.0652e-14
-4.0652e-14
-4.0652e-14
-4.0652e-14
-4.0652e-14
-4.0652e-14
-4.0652e-14
-4.0652e-14
-4.0652e-14
-4.0652e-14
-1.95474e-11
-1.96943e-11
-1.97835e-11
-2.00709e-11
-2.02893e-11
-2.08256e-11
-2.11445e-11
-2.13578e-11
-1.94738e-11
-2.01808e-13
-4.065e-14
-4.0652e-14
-4.0652e-14
-4.0652e-14
-4.0652e-14
-4.0652e-14
-4.0652e-14
-4.0652e-14
-4.0652e-14
-4.0652e-14
-4.0652e-14
-4.0652e-14
-4.0652e-14
-4.0652e-14
-4.0652e-14
-4.0652e-14
-4.0652e-14
-4.0652e-14
-4.0652e-14
-4.0652e-14
)
;

boundaryField
{
    inlet1
    {
        type            calculated;
        value           uniform -5e-10;
    }
    inlet2
    {
        type            calculated;
        value           nonuniform List<scalar> 10(-1.91885e-10 -3.14285e-10 -3.51199e-10 -8.63346e-10 -1.22687e-09 -2.16154e-10 -2.65257e-11 -2.16657e-11 -1.54867e-11 -1.59974e-11);
    }
    inlet3
    {
        type            calculated;
        value           uniform -1.95111e-11;
    }
    output1
    {
        type            calculated;
        value           nonuniform List<scalar> 10(-4.0652e-14 -4.0652e-14 -4.0652e-14 -4.0652e-14 -4.0652e-14 -4.0652e-14 -4.0652e-14 -4.0652e-14 -4.0652e-14 -4.0652e-14);
    }
    output2
    {
        type            calculated;
        value           nonuniform List<scalar> 10(-4.0652e-14 -4.0652e-14 -4.0652e-14 -4.0652e-14 -4.0652e-14 -2.66537e-14 -7.76154e-12 -1.22872e-11 -1.1222e-11 -7.77417e-12);
    }
    output3
    {
        type            calculated;
        value           nonuniform List<scalar> 10(-1.32269e-11 -2.08013e-12 -4.0652e-14 -4.0652e-14 -4.0652e-14 -4.0652e-14 -4.0652e-14 -4.0652e-14 -4.0652e-14 -4.0652e-14);
    }
    up
    {
        type            calculated;
        value           nonuniform List<scalar> 
30
(
-1.95474e-11
-1.96943e-11
-1.97835e-11
-2.00709e-11
-2.02893e-11
-2.08256e-11
-2.11445e-11
-2.13578e-11
-1.94738e-11
-2.01808e-13
-4.065e-14
-4.0652e-14
-4.0652e-14
-4.0652e-14
-4.0652e-14
-4.0652e-14
-4.0652e-14
-4.0652e-14
-4.0652e-14
-4.0652e-14
-4.0652e-14
-4.0652e-14
-4.0652e-14
-4.0652e-14
-4.0652e-14
-4.0652e-14
-4.0652e-14
-4.0652e-14
-4.0652e-14
-4.0652e-14
)
;
    }
    down
    {
        type            calculated;
        value           nonuniform List<scalar> 
30
(
-1.45269e-10
-3.07698e-11
-6.7237e-12
-1.35513e-13
-4.06141e-14
-4.0652e-14
-4.0652e-14
-4.0652e-14
-4.0652e-14
-4.0652e-14
-4.0652e-14
-4.0652e-14
-4.0652e-14
-4.0652e-14
-4.0652e-14
-4.0652e-14
-4.0652e-14
-4.0652e-14
-4.0652e-14
-4.0652e-14
-4.0652e-14
-4.0652e-14
-4.0652e-14
-4.0652e-14
-4.0652e-14
-4.0652e-14
-4.0652e-14
-4.0652e-14
-4.0652e-14
-4.0652e-14
)
;
    }
    emptyWalls
    {
        type            empty;
    }
}


// ************************************************************************* //
