/*--------------------------------*- C++ -*----------------------------------*\
  =========                 |
  \\      /  F ield         | OpenFOAM: The Open Source CFD Toolbox
   \\    /   O peration     | Website:  https://openfoam.org
    \\  /    A nd           | Version:  9
     \\/     M anipulation  |
\*---------------------------------------------------------------------------*/
FoamFile
{
    format      ascii;
    class       volScalarField;
    location    "9000";
    object      fw;
}
// * * * * * * * * * * * * * * * * * * * * * * * * * * * * * * * * * * * * * //

dimensions      [0 0 0 0 0 0 0];

internalField   nonuniform List<scalar> 
900
(
0.998991
0.960239
0.650395
0.00895062
4.97376e-09
4.7991e-09
4.7991e-09
4.7991e-09
4.7991e-09
4.7991e-09
4.7991e-09
4.7991e-09
4.7991e-09
4.7991e-09
4.7991e-09
4.7991e-09
4.7991e-09
4.7991e-09
4.7991e-09
4.7991e-09
4.7991e-09
4.7991e-09
4.7991e-09
4.7991e-09
4.7991e-09
4.7991e-09
4.7991e-09
4.7991e-09
4.7991e-09
4.7991e-09
0.999892
0.860196
0.646969
0.0012731
4.8171e-09
4.7991e-09
4.7991e-09
4.7991e-09
4.7991e-09
4.7991e-09
4.7991e-09
4.7991e-09
4.7991e-09
4.7991e-09
4.7991e-09
4.7991e-09
4.7991e-09
4.7991e-09
4.7991e-09
4.7991e-09
4.7991e-09
4.7991e-09
4.7991e-09
4.7991e-09
4.7991e-09
4.7991e-09
4.7991e-09
4.7991e-09
4.7991e-09
4.7991e-09
0.983115
0.805049
0.745341
0.000333458
4.80346e-09
4.7991e-09
4.7991e-09
4.7991e-09
4.7991e-09
4.7991e-09
4.7991e-09
4.7991e-09
4.7991e-09
4.7991e-09
4.7991e-09
4.7991e-09
4.7991e-09
4.7991e-09
4.7991e-09
4.7991e-09
4.7991e-09
4.7991e-09
4.7991e-09
4.7991e-09
4.7991e-09
4.7991e-09
4.7991e-09
4.7991e-09
4.7991e-09
4.7991e-09
0.995549
0.867138
0.727103
3.83921e-05
4.79959e-09
4.7991e-09
4.7991e-09
4.7991e-09
4.7991e-09
4.7991e-09
4.7991e-09
4.7991e-09
4.7991e-09
4.7991e-09
4.7991e-09
4.7991e-09
4.7991e-09
4.7991e-09
4.7991e-09
4.7991e-09
4.7991e-09
4.7991e-09
4.7991e-09
4.7991e-09
4.7991e-09
4.7991e-09
4.7991e-09
4.7991e-09
4.7991e-09
4.7991e-09
0.98865
0.881896
0.781307
1.58387e-06
4.79912e-09
4.7991e-09
4.7991e-09
4.7991e-09
4.7991e-09
4.7991e-09
4.7991e-09
4.7991e-09
4.7991e-09
4.7991e-09
4.7991e-09
4.7991e-09
4.7991e-09
4.7991e-09
4.7991e-09
4.7991e-09
4.7991e-09
4.7991e-09
4.7991e-09
4.7991e-09
4.7991e-09
4.7991e-09
4.7991e-09
4.7991e-09
4.7991e-09
4.7991e-09
0.998201
0.90136
0.648683
1.94095e-08
4.7991e-09
4.7991e-09
4.7991e-09
4.7991e-09
4.7991e-09
4.7991e-09
4.7991e-09
4.7991e-09
4.7991e-09
4.7991e-09
4.7991e-09
4.7991e-09
4.7991e-09
4.7991e-09
4.7991e-09
4.7991e-09
4.7991e-09
4.7991e-09
4.7991e-09
4.7991e-09
4.7991e-09
4.7991e-09
4.7991e-09
4.7991e-09
4.7991e-09
4.7991e-09
0.996261
0.854837
0.00830128
4.95039e-09
4.7991e-09
4.7991e-09
4.7991e-09
4.7991e-09
4.7991e-09
4.7991e-09
4.7991e-09
4.7991e-09
4.7991e-09
4.7991e-09
4.7991e-09
4.7991e-09
4.7991e-09
4.7991e-09
4.7991e-09
4.7991e-09
4.7991e-09
4.7991e-09
4.7991e-09
4.7991e-09
4.7991e-09
4.7991e-09
4.7991e-09
4.7991e-09
4.7991e-09
4.7991e-09
0.999215
0.873048
0.000844929
4.81503e-09
4.7991e-09
4.7991e-09
4.7991e-09
4.7991e-09
4.7991e-09
4.7991e-09
4.7991e-09
4.7991e-09
4.7991e-09
4.7991e-09
4.7991e-09
4.7991e-09
4.7991e-09
4.7991e-09
4.7991e-09
4.7991e-09
4.7991e-09
4.7991e-09
4.7991e-09
4.7991e-09
4.7991e-09
4.7991e-09
4.7991e-09
4.7991e-09
4.7991e-09
4.7991e-09
0.998352
0.889587
2.48483e-05
4.7994e-09
4.7991e-09
4.7991e-09
4.7991e-09
4.7991e-09
4.7991e-09
4.7991e-09
4.7991e-09
4.7991e-09
4.7991e-09
4.7991e-09
4.7991e-09
4.7991e-09
4.7991e-09
4.7991e-09
4.7991e-09
4.7991e-09
4.7991e-09
4.7991e-09
4.7991e-09
4.7991e-09
4.7991e-09
4.7991e-09
4.7991e-09
4.7991e-09
4.7991e-09
4.7991e-09
0.999739
0.907644
1.81955e-06
4.79911e-09
4.7991e-09
4.7991e-09
4.7991e-09
4.7991e-09
4.7991e-09
4.7991e-09
4.7991e-09
4.7991e-09
4.7991e-09
4.7991e-09
4.7991e-09
4.7991e-09
4.7991e-09
4.7991e-09
4.7991e-09
4.7991e-09
4.7991e-09
4.7991e-09
4.7991e-09
4.7991e-09
4.7991e-09
4.7991e-09
4.7991e-09
4.7991e-09
4.7991e-09
4.79911e-09
0.999626
0.94026
0.0121554
4.84845e-09
4.7991e-09
4.7991e-09
4.7991e-09
4.7991e-09
4.7991e-09
4.7991e-09
4.7991e-09
4.7991e-09
4.7991e-09
4.7991e-09
4.7991e-09
4.7991e-09
4.7991e-09
4.7991e-09
4.7991e-09
4.7991e-09
4.7991e-09
4.7991e-09
4.7991e-09
4.7991e-09
4.7991e-09
4.7991e-09
4.7991e-09
4.7991e-09
4.79909e-09
4.79909e-09
0.999971
0.92872
0.498342
0.00442596
4.93581e-09
4.7991e-09
4.7991e-09
4.7991e-09
4.7991e-09
4.7991e-09
4.7991e-09
4.7991e-09
4.7991e-09
4.7991e-09
4.7991e-09
4.7991e-09
4.7991e-09
4.7991e-09
4.7991e-09
4.7991e-09
4.7991e-09
4.7991e-09
4.7991e-09
4.7991e-09
4.7991e-09
4.7991e-09
4.7991e-09
4.7991e-09
4.7991e-09
4.7991e-09
0.999989
0.98472
0.841781
0.713621
0.417899
2.03071e-08
4.7991e-09
4.7991e-09
4.7991e-09
4.7991e-09
4.7991e-09
4.7991e-09
4.7991e-09
4.7991e-09
4.7991e-09
4.7991e-09
4.7991e-09
4.7991e-09
4.7991e-09
4.7991e-09
4.7991e-09
4.7991e-09
4.7991e-09
4.7991e-09
4.7991e-09
4.7991e-09
4.7991e-09
4.7991e-09
4.7991e-09
4.7991e-09
1.00002
0.893482
0.570603
0.42378
0.350007
0.0498312
5.34867e-09
4.7991e-09
4.7991e-09
4.7991e-09
4.7991e-09
4.7991e-09
4.7991e-09
4.7991e-09
4.7991e-09
4.7991e-09
4.7991e-09
4.7991e-09
4.7991e-09
4.7991e-09
4.7991e-09
4.7991e-09
4.7991e-09
4.7991e-09
4.7991e-09
4.7991e-09
4.7991e-09
4.7991e-09
4.7991e-09
4.7991e-09
1.00007
0.999874
0.994486
0.958565
0.849571
0.738153
0.466102
2.79388e-08
4.80052e-09
4.8007e-09
4.80087e-09
4.80081e-09
4.79914e-09
4.79928e-09
4.79959e-09
4.79999e-09
4.80021e-09
4.80012e-09
4.79988e-09
4.79986e-09
4.7997e-09
4.79984e-09
4.79964e-09
4.80196e-09
4.89093e-09
5.04447e-09
4.7991e-09
4.7991e-09
4.7991e-09
4.7991e-09
0.999772
0.999394
0.993078
0.978641
0.949119
0.916976
0.862293
0.75471
0.755444
0.73188
0.820429
0.0848723
1.45978e-05
9.24731e-05
0.000305212
0.000598135
0.000803751
0.000820137
0.000734578
0.000863302
0.000926296
0.00174049
0.00317463
0.0196405
0.096556
0.149716
0.118781
0.0701067
0.0116038
6.44365e-05
0.948164
0.957049
0.92657
0.91367
0.90106
0.880026
0.8754
0.855886
0.85674
0.818804
0.816403
0.674797
0.608796
0.613756
0.628221
0.639847
0.649429
0.657767
0.665022
0.671374
0.677186
0.683591
0.693352
0.710215
0.726167
0.730767
0.724116
0.708191
0.698203
0.698794
0.926873
0.891064
0.883892
0.869628
0.86748
0.858337
0.861854
0.860486
0.85457
0.835044
0.819095
0.811259
0.796199
0.793963
0.800072
0.807736
0.814768
0.82077
0.825326
0.828564
0.830934
0.833341
0.836893
0.838746
0.837513
0.835194
0.830178
0.825109
0.824109
0.828173
0.876265
0.877011
0.885657
0.891864
0.894578
0.895297
0.895221
0.893832
0.888171
0.881659
0.875214
0.877043
0.876573
0.875397
0.875899
0.877311
0.878626
0.87966
0.879668
0.878787
0.876435
0.873958
0.870887
0.86798
0.863825
0.859421
0.851138
0.841459
0.821448
0.806145
0.882102
0.902752
0.919118
0.925746
0.927252
0.926678
0.924314
0.921094
0.91668
0.913246
0.910966
0.910903
0.909366
0.906189
0.901933
0.897255
0.892349
0.887499
0.882643
0.87727
0.870093
0.862539
0.8527
0.843538
0.834765
0.826665
0.811784
0.808009
0.753046
0.699325
0.930713
0.947592
0.946814
0.941498
0.935747
0.930198
0.924384
0.919244
0.913982
0.911188
0.908283
0.907147
0.903297
0.898306
0.889507
0.879191
0.867105
0.853603
0.841787
0.829693
0.816853
0.805107
0.786548
0.763032
0.744256
0.717009
0.70789
0.69918
0.740984
0.844743
0.904912
0.897258
0.897227
0.898755
0.90053
0.901045
0.90175
0.901457
0.901193
0.901338
0.89925
0.898405
0.891554
0.884387
0.867075
0.84941
0.824885
0.793971
0.761833
0.735688
0.717107
0.712158
0.681293
0.651388
0.52559
0.491753
0.493979
0.490843
0.51922
0.25343
0.9102
0.913163
0.91906
0.923398
0.924799
0.923797
0.921935
0.917786
0.914555
0.908277
0.901847
0.893124
0.876513
0.859136
0.821061
0.789176
0.735622
0.679428
0.559719
0.495607
0.486319
0.499619
0.477262
0.535649
2.58037e-05
4.79911e-09
4.7991e-09
4.7991e-09
4.7991e-09
4.7991e-09
0.911809
0.909515
0.908309
0.907664
0.906041
0.904977
0.902343
0.900235
0.897822
0.890383
0.884734
0.86301
0.82989
0.783563
0.711015
0.67006
0.508241
0.514621
0.0854849
5.43691e-09
4.79914e-09
4.79912e-09
4.7991e-09
4.7991e-09
4.7991e-09
4.7991e-09
4.7991e-09
4.7991e-09
4.7991e-09
4.7991e-09
0.912367
0.910363
0.91085
0.911203
0.912728
0.913507
0.912354
0.912274
0.905832
0.898535
0.88344
0.834046
0.761639
0.606584
0.506949
0.547565
4.62376e-05
4.79917e-09
4.79913e-09
4.7991e-09
4.7991e-09
4.7991e-09
4.7991e-09
4.7991e-09
4.7991e-09
4.7991e-09
4.7991e-09
4.7991e-09
4.7991e-09
4.7991e-09
0.913007
0.911428
0.912457
0.910988
0.912973
0.90991
0.909474
0.904609
0.894258
0.887502
0.845469
0.748509
0.572687
0.0912451
5.42588e-09
4.79922e-09
4.7991e-09
4.7991e-09
4.7991e-09
4.7991e-09
4.7991e-09
4.7991e-09
4.7991e-09
4.7991e-09
4.7991e-09
4.7991e-09
4.7991e-09
4.7991e-09
4.7991e-09
4.7991e-09
0.913376
0.912433
0.91381
0.912346
0.915506
0.911157
0.914616
0.903102
0.898964
0.879967
0.788073
0.599743
0.000203197
4.79924e-09
4.7991e-09
4.7991e-09
4.7991e-09
4.7991e-09
4.7991e-09
4.7991e-09
4.7991e-09
4.7991e-09
4.7991e-09
4.7991e-09
4.7991e-09
4.7991e-09
4.7991e-09
4.7991e-09
4.7991e-09
4.7991e-09
0.913542
0.913391
0.914691
0.914293
0.917369
0.914291
0.91829
0.900237
0.899087
0.829435
0.610687
4.60317e-06
4.79911e-09
4.7991e-09
4.7991e-09
4.7991e-09
4.7991e-09
4.7991e-09
4.7991e-09
4.7991e-09
4.7991e-09
4.7991e-09
4.7991e-09
4.7991e-09
4.7991e-09
4.7991e-09
4.7991e-09
4.7991e-09
4.7991e-09
4.7991e-09
0.91362
0.914088
0.915199
0.915929
0.918589
0.918499
0.922421
0.907637
0.901648
0.701519
1.74191e-05
4.79911e-09
4.7991e-09
4.7991e-09
4.7991e-09
4.7991e-09
4.7991e-09
4.7991e-09
4.7991e-09
4.7991e-09
4.7991e-09
4.7991e-09
4.7991e-09
4.7991e-09
4.7991e-09
4.7991e-09
4.7991e-09
4.7991e-09
4.7991e-09
4.7991e-09
0.913565
0.914595
0.915212
0.917157
0.918593
0.921971
0.923885
0.925128
0.913042
0.0151826
4.8083e-09
4.7991e-09
4.7991e-09
4.7991e-09
4.7991e-09
4.7991e-09
4.7991e-09
4.7991e-09
4.7991e-09
4.7991e-09
4.7991e-09
4.7991e-09
4.7991e-09
4.7991e-09
4.7991e-09
4.7991e-09
4.7991e-09
4.7991e-09
4.7991e-09
4.7991e-09
)
;

boundaryField
{
    inlet1
    {
        type            calculated;
        value           uniform 1;
    }
    inlet2
    {
        type            calculated;
        value           nonuniform List<scalar> 10(0.999626 0.999971 0.999989 1.00002 1.00007 0.999772 0.948164 0.926873 0.876265 0.882102);
    }
    inlet3
    {
        type            calculated;
        value           uniform 0.913307;
    }
    output1
    {
        type            calculated;
        value           nonuniform List<scalar> 10(4.7991e-09 4.7991e-09 4.7991e-09 4.7991e-09 4.7991e-09 4.7991e-09 4.7991e-09 4.7991e-09 4.7991e-09 4.79911e-09);
    }
    output2
    {
        type            calculated;
        value           nonuniform List<scalar> 10(4.79909e-09 4.7991e-09 4.7991e-09 4.7991e-09 4.7991e-09 6.44365e-05 0.698794 0.828173 0.806145 0.699325);
    }
    output3
    {
        type            calculated;
        value           nonuniform List<scalar> 10(0.844743 0.25343 4.7991e-09 4.7991e-09 4.7991e-09 4.7991e-09 4.7991e-09 4.7991e-09 4.7991e-09 4.7991e-09);
    }
    up
    {
        type            calculated;
        value           nonuniform List<scalar> 
30
(
0.913565
0.914595
0.915212
0.917157
0.918593
0.921971
0.923885
0.925128
0.913042
0.0151826
4.8083e-09
4.7991e-09
4.7991e-09
4.7991e-09
4.7991e-09
4.7991e-09
4.7991e-09
4.7991e-09
4.7991e-09
4.7991e-09
4.7991e-09
4.7991e-09
4.7991e-09
4.7991e-09
4.7991e-09
4.7991e-09
4.7991e-09
4.7991e-09
4.7991e-09
4.7991e-09
)
;
    }
    down
    {
        type            calculated;
        value           nonuniform List<scalar> 
30
(
0.998991
0.960239
0.650395
0.00895062
4.97376e-09
4.7991e-09
4.7991e-09
4.7991e-09
4.7991e-09
4.7991e-09
4.7991e-09
4.7991e-09
4.7991e-09
4.7991e-09
4.7991e-09
4.7991e-09
4.7991e-09
4.7991e-09
4.7991e-09
4.7991e-09
4.7991e-09
4.7991e-09
4.7991e-09
4.7991e-09
4.7991e-09
4.7991e-09
4.7991e-09
4.7991e-09
4.7991e-09
4.7991e-09
)
;
    }
    emptyWalls
    {
        type            empty;
    }
}


// ************************************************************************* //
