/*--------------------------------*- C++ -*----------------------------------*\
  =========                 |
  \\      /  F ield         | OpenFOAM: The Open Source CFD Toolbox
   \\    /   O peration     | Website:  https://openfoam.org
    \\  /    A nd           | Version:  9
     \\/     M anipulation  |
\*---------------------------------------------------------------------------*/
FoamFile
{
    format      ascii;
    class       volScalarField;
    location    "9000";
    object      Sw;
}
// * * * * * * * * * * * * * * * * * * * * * * * * * * * * * * * * * * * * * //

dimensions      [0 0 0 0 0 0 0];

internalField   nonuniform List<scalar> 
900
(
0.742577
0.629306
0.537638
0.365153
0.150218
0.15
0.15
0.15
0.15
0.15
0.15
0.15
0.15
0.15
0.15
0.15
0.15
0.15
0.15
0.15
0.15
0.15
0.15
0.15
0.15
0.15
0.15
0.15
0.15
0.15
0.788726
0.580737
0.537093
0.315343
0.150023
0.15
0.15
0.15
0.15
0.15
0.15
0.15
0.15
0.15
0.15
0.15
0.15
0.15
0.15
0.15
0.15
0.15
0.15
0.15
0.15
0.15
0.15
0.15
0.15
0.15
0.659348
0.566335
0.553923
0.285827
0.150006
0.15
0.15
0.15
0.15
0.15
0.15
0.15
0.15
0.15
0.15
0.15
0.15
0.15
0.15
0.15
0.15
0.15
0.15
0.15
0.15
0.15
0.15
0.15
0.15
0.15
0.701939
0.582823
0.550545
0.245538
0.150001
0.15
0.15
0.15
0.15
0.15
0.15
0.15
0.15
0.15
0.15
0.15
0.15
0.15
0.15
0.15
0.15
0.15
0.15
0.15
0.15
0.15
0.15
0.15
0.15
0.15
0.672528
0.587655
0.561114
0.200379
0.15
0.15
0.15
0.15
0.15
0.15
0.15
0.15
0.15
0.15
0.15
0.15
0.15
0.15
0.15
0.15
0.15
0.15
0.15
0.15
0.15
0.15
0.15
0.15
0.15
0.15
0.727681
0.594909
0.537387
0.159248
0.15
0.15
0.15
0.15
0.15
0.15
0.15
0.15
0.15
0.15
0.15
0.15
0.15
0.15
0.15
0.15
0.15
0.15
0.15
0.15
0.15
0.15
0.15
0.15
0.15
0.15
0.707078
0.579128
0.363079
0.150189
0.15
0.15
0.15
0.15
0.15
0.15
0.15
0.15
0.15
0.15
0.15
0.15
0.15
0.15
0.15
0.15
0.15
0.15
0.15
0.15
0.15
0.15
0.15
0.15
0.15
0.15
0.748737
0.584717
0.305917
0.15002
0.15
0.15
0.15
0.15
0.15
0.15
0.15
0.15
0.15
0.15
0.15
0.15
0.15
0.15
0.15
0.15
0.15
0.15
0.15
0.15
0.15
0.15
0.15
0.15
0.15
0.15
0.730029
0.590406
0.238436
0.15
0.15
0.15
0.15
0.15
0.15
0.15
0.15
0.15
0.15
0.15
0.15
0.15
0.15
0.15
0.15
0.15
0.15
0.15
0.15
0.15
0.15
0.15
0.15
0.15
0.15
0.15
0.772774
0.597529
0.202036
0.15
0.15
0.15
0.15
0.15
0.15
0.15
0.15
0.15
0.15
0.15
0.15
0.15
0.15
0.15
0.15
0.15
0.15
0.15
0.15
0.15
0.15
0.15
0.15
0.15
0.15
0.15
0.765379
0.614283
0.373766
0.150062
0.15
0.15
0.15
0.15
0.15
0.15
0.15
0.15
0.15
0.15
0.15
0.15
0.15
0.15
0.15
0.15
0.15
0.15
0.15
0.15
0.15
0.15
0.15
0.15
0.15
0.15
0.807727
0.607586
0.515261
0.346191
0.150171
0.15
0.15
0.15
0.15
0.15
0.15
0.15
0.15
0.15
0.15
0.15
0.15
0.15
0.15
0.15
0.15
0.15
0.15
0.15
0.15
0.15
0.15
0.15
0.15
0.15
0.817603
0.662701
0.575476
0.548138
0.503834
0.159583
0.15
0.15
0.15
0.15
0.15
0.15
0.15
0.15
0.15
0.15
0.15
0.15
0.15
0.15
0.15
0.15
0.15
0.15
0.15
0.15
0.15
0.15
0.15
0.15
0.903027
0.591845
0.525598
0.504646
0.493745
0.416731
0.150665
0.15
0.15
0.15
0.15
0.15
0.15
0.15
0.15
0.15
0.15
0.15
0.15
0.15
0.15
0.15
0.15
0.15
0.15
0.15
0.15
0.15
0.15
0.15
0.93906
0.786082
0.695463
0.627835
0.577642
0.552562
0.510809
0.161982
0.150002
0.150002
0.150002
0.150002
0.15
0.15
0.150001
0.150001
0.150001
0.150001
0.150001
0.150001
0.150001
0.150001
0.150001
0.150004
0.150116
0.150305
0.15
0.15
0.15
0.15
0.775329
0.754771
0.688416
0.651287
0.62028
0.601679
0.581363
0.555729
0.555863
0.5514
0.569966
0.435132
0.230187
0.260881
0.284008
0.298258
0.304805
0.305259
0.302793
0.306417
0.308016
0.322786
0.337664
0.387798
0.439365
0.455705
0.446885
0.428136
0.372443
0.254407
0.619569
0.626483
0.606442
0.600158
0.594799
0.587032
0.585476
0.579434
0.579679
0.569591
0.569008
0.541578
0.531233
0.531979
0.534186
0.535985
0.537485
0.538805
0.539966
0.540994
0.541943
0.543001
0.544638
0.547539
0.550377
0.551213
0.550004
0.547184
0.545461
0.545562
0.60659
0.590941
0.588365
0.583614
0.582938
0.580157
0.581203
0.580794
0.579052
0.573683
0.569661
0.567779
0.564341
0.563845
0.565207
0.566961
0.568617
0.570067
0.571194
0.572009
0.572614
0.573235
0.574165
0.574656
0.574329
0.573719
0.572422
0.571141
0.570892
0.571912
0.585766
0.586014
0.588984
0.591239
0.592258
0.592532
0.592503
0.591975
0.589886
0.587589
0.585421
0.586024
0.585872
0.585484
0.585648
0.586116
0.586556
0.586904
0.586906
0.586608
0.585821
0.585007
0.584015
0.583094
0.581807
0.580479
0.57807
0.575388
0.570236
0.566592
0.587741
0.595476
0.602702
0.606004
0.60679
0.606489
0.605269
0.603662
0.601549
0.599974
0.598957
0.598929
0.598258
0.596901
0.595144
0.593288
0.591419
0.589641
0.587927
0.5861
0.583762
0.581415
0.578514
0.575952
0.573611
0.571535
0.567911
0.567025
0.555408
0.545654
0.608655
0.619164
0.618617
0.615058
0.611522
0.608373
0.605306
0.602764
0.600306
0.599054
0.597789
0.597303
0.595697
0.593697
0.590369
0.586746
0.582821
0.578774
0.575474
0.5723
0.569116
0.566352
0.562232
0.557371
0.553727
0.54874
0.547139
0.545635
0.553109
0.576276
0.596366
0.593289
0.593277
0.593875
0.594579
0.594786
0.59507
0.594952
0.594845
0.594903
0.594069
0.593736
0.591122
0.588536
0.582812
0.57758
0.57109
0.563851
0.557132
0.552121
0.548749
0.547877
0.542622
0.537796
0.519133
0.514333
0.51465
0.514206
0.518226
0.477827
0.59862
0.599935
0.602675
0.604805
0.605517
0.605007
0.604076
0.60207
0.600568
0.597789
0.59511
0.591712
0.585851
0.580395
0.570142
0.562799
0.552113
0.542322
0.524043
0.514868
0.513546
0.515435
0.512267
0.520577
0.239301
0.15
0.15
0.15
0.15
0.15
0.599329
0.598322
0.597801
0.597524
0.596838
0.596393
0.595311
0.594462
0.59351
0.590694
0.588661
0.581566
0.572357
0.561599
0.547682
0.540783
0.516667
0.517562
0.435255
0.150775
0.15
0.15
0.15
0.15
0.15
0.15
0.15
0.15
0.15
0.15
0.599578
0.598692
0.598905
0.599061
0.59974
0.60009
0.599573
0.599537
0.596753
0.593792
0.58821
0.573435
0.557104
0.530932
0.516477
0.522271
0.248866
0.15
0.15
0.15
0.15
0.15
0.15
0.15
0.15
0.15
0.15
0.15
0.15
0.15
0.599865
0.599161
0.599618
0.598966
0.599849
0.598494
0.598304
0.596241
0.59214
0.589646
0.576489
0.554548
0.52591
0.437505
0.150761
0.15
0.15
0.15
0.15
0.15
0.15
0.15
0.15
0.15
0.15
0.15
0.15
0.15
0.15
0.15
0.600031
0.599607
0.600227
0.599569
0.601003
0.599041
0.600594
0.59562
0.593957
0.587013
0.562573
0.529904
0.275973
0.15
0.15
0.15
0.15
0.15
0.15
0.15
0.15
0.15
0.15
0.15
0.15
0.15
0.15
0.15
0.15
0.15
0.600106
0.600038
0.600629
0.600446
0.601871
0.600445
0.602307
0.594463
0.594006
0.572239
0.531538
0.213926
0.15
0.15
0.15
0.15
0.15
0.15
0.15
0.15
0.15
0.15
0.15
0.15
0.15
0.15
0.15
0.15
0.15
0.15
0.600142
0.600353
0.600862
0.601198
0.60245
0.602405
0.604317
0.597513
0.595032
0.546039
0.232997
0.15
0.15
0.15
0.15
0.15
0.15
0.15
0.15
0.15
0.15
0.15
0.15
0.15
0.15
0.15
0.15
0.15
0.15
0.15
0.600116
0.600584
0.600868
0.601771
0.602451
0.604091
0.605052
0.605684
0.599889
0.38038
0.150012
0.15
0.15
0.15
0.15
0.15
0.15
0.15
0.15
0.15
0.15
0.15
0.15
0.15
0.15
0.15
0.15
0.15
0.15
0.15
)
;

boundaryField
{
    inlet1
    {
        type            fixedValue;
        value           uniform 0.85;
    }
    inlet2
    {
        type            zeroGradient;
    }
    inlet3
    {
        type            fixedValue;
        value           uniform 0.6;
    }
    output1
    {
        type            zeroGradient;
    }
    output2
    {
        type            zeroGradient;
    }
    output3
    {
        type            zeroGradient;
    }
    up
    {
        type            zeroGradient;
    }
    down
    {
        type            zeroGradient;
    }
    emptyWalls
    {
        type            empty;
    }
}


// ************************************************************************* //
