/*--------------------------------*- C++ -*----------------------------------*\
  =========                 |
  \\      /  F ield         | OpenFOAM: The Open Source CFD Toolbox
   \\    /   O peration     | Website:  https://openfoam.org
    \\  /    A nd           | Version:  9
     \\/     M anipulation  |
\*---------------------------------------------------------------------------*/
FoamFile
{
    format      ascii;
    class       volScalarField;
    location    "10000";
    object      alpha;
}
// * * * * * * * * * * * * * * * * * * * * * * * * * * * * * * * * * * * * * //

dimensions      [0 2 -1 0 0 0 0];

internalField   nonuniform List<scalar> 
900
(
-3.38408e-11
-2.3732e-11
-7.48416e-12
-1.86924e-13
-4.05902e-14
-4.0652e-14
-4.0652e-14
-4.0652e-14
-4.0652e-14
-4.0652e-14
-4.0652e-14
-4.0652e-14
-4.0652e-14
-4.0652e-14
-4.0652e-14
-4.0652e-14
-4.0652e-14
-4.0652e-14
-4.0652e-14
-4.0652e-14
-4.0652e-14
-4.0652e-14
-4.0652e-14
-4.0652e-14
-4.0652e-14
-4.0652e-14
-4.0652e-14
-4.0652e-14
-4.0652e-14
-4.0652e-14
-7.06325e-10
-6.87943e-11
-7.02881e-12
-4.83652e-14
-4.06458e-14
-4.0652e-14
-4.0652e-14
-4.0652e-14
-4.0652e-14
-4.0652e-14
-4.0652e-14
-4.0652e-14
-4.0652e-14
-4.0652e-14
-4.0652e-14
-4.0652e-14
-4.0652e-14
-4.0652e-14
-4.0652e-14
-4.0652e-14
-4.0652e-14
-4.0652e-14
-4.0652e-14
-4.0652e-14
-4.0652e-14
-4.0652e-14
-4.0652e-14
-4.0652e-14
-4.0652e-14
-4.0652e-14
-3.44794e-11
-1.13829e-11
-7.4471e-12
-3.14084e-14
-4.06505e-14
-4.0652e-14
-4.0652e-14
-4.0652e-14
-4.0652e-14
-4.0652e-14
-4.0652e-14
-4.0652e-14
-4.0652e-14
-4.0652e-14
-4.0652e-14
-4.0652e-14
-4.0652e-14
-4.0652e-14
-4.0652e-14
-4.0652e-14
-4.0652e-14
-4.0652e-14
-4.0652e-14
-4.0652e-14
-4.0652e-14
-4.0652e-14
-4.0652e-14
-4.0652e-14
-4.0652e-14
-4.0652e-14
-2.11044e-10
-1.76296e-11
-8.17067e-12
-2.65815e-14
-4.06519e-14
-4.0652e-14
-4.0652e-14
-4.0652e-14
-4.0652e-14
-4.0652e-14
-4.0652e-14
-4.0652e-14
-4.0652e-14
-4.0652e-14
-4.0652e-14
-4.0652e-14
-4.0652e-14
-4.0652e-14
-4.0652e-14
-4.0652e-14
-4.0652e-14
-4.0652e-14
-4.0652e-14
-4.0652e-14
-4.0652e-14
-4.0652e-14
-4.0652e-14
-4.0652e-14
-4.0652e-14
-4.0652e-14
-4.64619e-11
-1.19345e-11
-8.85818e-12
-3.12637e-14
-4.0652e-14
-4.0652e-14
-4.0652e-14
-4.0652e-14
-4.0652e-14
-4.0652e-14
-4.0652e-14
-4.0652e-14
-4.0652e-14
-4.0652e-14
-4.0652e-14
-4.0652e-14
-4.0652e-14
-4.0652e-14
-4.0652e-14
-4.0652e-14
-4.0652e-14
-4.0652e-14
-4.0652e-14
-4.0652e-14
-4.0652e-14
-4.0652e-14
-4.0652e-14
-4.0652e-14
-4.0652e-14
-4.0652e-14
-1.43807e-10
-1.52756e-11
-1.19007e-11
-3.85239e-14
-4.0652e-14
-4.0652e-14
-4.0652e-14
-4.0652e-14
-4.0652e-14
-4.0652e-14
-4.0652e-14
-4.0652e-14
-4.0652e-14
-4.0652e-14
-4.0652e-14
-4.0652e-14
-4.0652e-14
-4.0652e-14
-4.0652e-14
-4.0652e-14
-4.0652e-14
-4.0652e-14
-4.0652e-14
-4.0652e-14
-4.0652e-14
-4.0652e-14
-4.0652e-14
-4.0652e-14
-4.0652e-14
-4.0652e-14
-6.32939e-11
-1.03334e-11
-4.33346e-13
-4.0595e-14
-4.0652e-14
-4.0652e-14
-4.0652e-14
-4.0652e-14
-4.0652e-14
-4.0652e-14
-4.0652e-14
-4.0652e-14
-4.0652e-14
-4.0652e-14
-4.0652e-14
-4.0652e-14
-4.0652e-14
-4.0652e-14
-4.0652e-14
-4.0652e-14
-4.0652e-14
-4.0652e-14
-4.0652e-14
-4.0652e-14
-4.0652e-14
-4.0652e-14
-4.0652e-14
-4.0652e-14
-4.0652e-14
-4.0652e-14
-1.63192e-10
-1.47328e-11
-3.71039e-14
-4.06478e-14
-4.0652e-14
-4.0652e-14
-4.0652e-14
-4.0652e-14
-4.0652e-14
-4.0652e-14
-4.0652e-14
-4.0652e-14
-4.0652e-14
-4.0652e-14
-4.0652e-14
-4.0652e-14
-4.0652e-14
-4.0652e-14
-4.0652e-14
-4.0652e-14
-4.0652e-14
-4.0652e-14
-4.0652e-14
-4.0652e-14
-4.0652e-14
-4.0652e-14
-4.0652e-14
-4.0652e-14
-4.0652e-14
-4.0652e-14
-1.00685e-10
-1.70722e-11
-2.73455e-14
-4.0652e-14
-4.0652e-14
-4.0652e-14
-4.0652e-14
-4.0652e-14
-4.0652e-14
-4.0652e-14
-4.0652e-14
-4.0652e-14
-4.0652e-14
-4.0652e-14
-4.0652e-14
-4.0652e-14
-4.0652e-14
-4.0652e-14
-4.0652e-14
-4.0652e-14
-4.0652e-14
-4.0652e-14
-4.0652e-14
-4.0652e-14
-4.0652e-14
-4.0652e-14
-4.0652e-14
-4.0652e-14
-4.0652e-14
-4.0652e-14
-2.54342e-10
-2.68572e-11
-3.14222e-14
-4.0652e-14
-4.0652e-14
-4.0652e-14
-4.0652e-14
-4.0652e-14
-4.0652e-14
-4.0652e-14
-4.0652e-14
-4.0652e-14
-4.0652e-14
-4.0652e-14
-4.0652e-14
-4.0652e-14
-4.0652e-14
-4.0652e-14
-4.0652e-14
-4.0652e-14
-4.0652e-14
-4.0652e-14
-4.0652e-14
-4.0652e-14
-4.0652e-14
-4.0652e-14
-4.0652e-14
-4.0652e-14
-4.0652e-14
-4.0652e-14
-1.96214e-10
-3.51241e-11
-3.23633e-13
-4.06236e-14
-4.0652e-14
-4.0652e-14
-4.0652e-14
-4.0652e-14
-4.0652e-14
-4.0652e-14
-4.0652e-14
-4.0652e-14
-4.0652e-14
-4.0652e-14
-4.0652e-14
-4.0652e-14
-4.0652e-14
-4.0652e-14
-4.0652e-14
-4.0652e-14
-4.0652e-14
-4.0652e-14
-4.0652e-14
-4.0652e-14
-4.0652e-14
-4.0652e-14
-4.0652e-14
-4.0652e-14
-4.0652e-14
-4.0652e-14
-4.41659e-10
-3.97507e-11
-5.24394e-12
-1.38599e-13
-4.06174e-14
-4.0652e-14
-4.0652e-14
-4.0652e-14
-4.0652e-14
-4.0652e-14
-4.0652e-14
-4.0652e-14
-4.0652e-14
-4.0652e-14
-4.0652e-14
-4.0652e-14
-4.0652e-14
-4.0652e-14
-4.0652e-14
-4.0652e-14
-4.0652e-14
-4.0652e-14
-4.0652e-14
-4.0652e-14
-4.0652e-14
-4.0652e-14
-4.0652e-14
-4.0652e-14
-4.0652e-14
-4.0652e-14
-3.89249e-10
-6.9917e-11
-1.64535e-11
-8.75578e-12
-7.84193e-12
-3.16077e-14
-4.0652e-14
-4.0652e-14
-4.0652e-14
-4.0652e-14
-4.0652e-14
-4.0652e-14
-4.0652e-14
-4.0652e-14
-4.0652e-14
-4.0652e-14
-4.0652e-14
-4.0652e-14
-4.0652e-14
-4.0652e-14
-4.0652e-14
-4.0652e-14
-4.0652e-14
-4.0652e-14
-4.0652e-14
-4.0652e-14
-4.0652e-14
-4.0652e-14
-4.0652e-14
-4.0652e-14
-1.27963e-09
-3.14001e-11
-5.95757e-12
-3.47134e-12
-2.85515e-12
-9.78643e-13
-3.99687e-14
-4.06517e-14
-4.0652e-14
-4.0652e-14
-4.0652e-14
-4.0652e-14
-4.0652e-14
-4.0652e-14
-4.0652e-14
-4.0652e-14
-4.0652e-14
-4.0652e-14
-4.0652e-14
-4.0652e-14
-4.0652e-14
-4.0652e-14
-4.0652e-14
-4.0652e-14
-4.0652e-14
-4.0652e-14
-4.0652e-14
-4.0652e-14
-4.0652e-14
-4.0652e-14
-1.33644e-09
-2.38418e-10
-7.90965e-11
-3.58659e-11
-2.25546e-11
-1.33636e-11
-1.12531e-11
-5.53298e-12
-3.80164e-14
-4.06517e-14
-4.06517e-14
-4.06517e-14
-4.06516e-14
-4.06516e-14
-4.06517e-14
-4.06514e-14
-4.06511e-14
-4.0651e-14
-4.06512e-14
-4.06511e-14
-4.06507e-14
-4.06241e-14
-4.03433e-14
-3.9981e-14
-4.00037e-14
-4.04383e-14
-4.0652e-14
-4.0652e-14
-4.0652e-14
-4.0652e-14
-2.78587e-10
-8.07261e-11
-5.61328e-11
-3.20975e-11
-2.74908e-11
-2.18067e-11
-1.84304e-11
-1.31159e-11
-8.15758e-12
-7.31278e-12
-8.00846e-12
-8.01449e-12
-8.59587e-12
-7.53703e-12
-5.25342e-14
-4.14437e-14
-5.76595e-14
-6.44652e-14
-6.64926e-14
-8.57992e-14
-1.65257e-13
-8.70261e-13
-1.91602e-12
-2.45945e-12
-2.73887e-12
-2.88796e-12
-2.78489e-12
-2.60466e-12
-2.07201e-12
-2.69405e-14
-2.45455e-11
-2.16062e-11
-2.09618e-11
-1.73111e-11
-1.72945e-11
-1.61636e-11
-1.53767e-11
-1.41974e-11
-1.35652e-11
-1.25502e-11
-1.25465e-11
-1.25226e-11
-1.12123e-11
-9.69926e-12
-6.08182e-12
-5.49588e-12
-5.72194e-12
-6.0579e-12
-6.3803e-12
-6.70901e-12
-7.23148e-12
-7.95284e-12
-8.61331e-12
-9.03605e-12
-9.28825e-12
-9.26508e-12
-9.21897e-12
-8.60164e-12
-7.90839e-12
-6.24352e-12
-2.09818e-11
-1.80507e-11
-1.64183e-11
-1.57096e-11
-1.51866e-11
-1.47021e-11
-1.44281e-11
-1.44031e-11
-1.47914e-11
-1.43915e-11
-1.39895e-11
-1.33544e-11
-1.23316e-11
-1.14396e-11
-1.08937e-11
-1.03613e-11
-1.05234e-11
-1.09592e-11
-1.14252e-11
-1.19218e-11
-1.23058e-11
-1.24829e-11
-1.25901e-11
-1.27257e-11
-1.27632e-11
-1.26655e-11
-1.23154e-11
-1.17376e-11
-1.14109e-11
-1.15682e-11
-1.53917e-11
-1.52889e-11
-1.63408e-11
-1.71164e-11
-1.74415e-11
-1.74931e-11
-1.75579e-11
-1.76823e-11
-1.78094e-11
-1.75451e-11
-1.69963e-11
-1.63418e-11
-1.57766e-11
-1.53637e-11
-1.55036e-11
-1.54042e-11
-1.53793e-11
-1.54829e-11
-1.56225e-11
-1.5721e-11
-1.56382e-11
-1.53874e-11
-1.50086e-11
-1.47404e-11
-1.44375e-11
-1.42395e-11
-1.36802e-11
-1.29619e-11
-1.19316e-11
-1.14129e-11
-1.59362e-11
-1.84147e-11
-2.07688e-11
-2.18378e-11
-2.21425e-11
-2.20009e-11
-2.18476e-11
-2.1577e-11
-2.12057e-11
-2.06088e-11
-1.98975e-11
-1.92593e-11
-1.8861e-11
-1.87189e-11
-1.8686e-11
-1.83987e-11
-1.78744e-11
-1.72864e-11
-1.67143e-11
-1.61273e-11
-1.55658e-11
-1.4883e-11
-1.40944e-11
-1.34609e-11
-1.27445e-11
-1.25567e-11
-1.17916e-11
-1.16911e-11
-9.56001e-12
-8.1188e-12
-2.2458e-11
-2.64832e-11
-2.62773e-11
-2.48365e-11
-2.35579e-11
-2.24811e-11
-2.16869e-11
-2.09166e-11
-2.02405e-11
-1.95446e-11
-1.89998e-11
-1.85578e-11
-1.83449e-11
-1.81514e-11
-1.7777e-11
-1.71676e-11
-1.62837e-11
-1.53709e-11
-1.43333e-11
-1.33144e-11
-1.26669e-11
-1.17577e-11
-1.107e-11
-1.02288e-11
-9.51109e-12
-8.83081e-12
-8.37688e-12
-8.10909e-12
-9.40066e-12
-1.47362e-11
-1.8412e-11
-1.75199e-11
-1.75279e-11
-1.77141e-11
-1.79682e-11
-1.81213e-11
-1.82777e-11
-1.8294e-11
-1.82574e-11
-1.81644e-11
-1.80559e-11
-1.78522e-11
-1.76962e-11
-1.71617e-11
-1.64076e-11
-1.53164e-11
-1.4037e-11
-1.30739e-11
-1.15636e-11
-1.02305e-11
-9.2939e-12
-8.32285e-12
-7.95286e-12
-7.2408e-12
-6.67961e-12
-4.93759e-12
-4.40722e-12
-4.42029e-12
-4.97722e-12
-2.15866e-12
-1.90924e-11
-1.95293e-11
-2.04682e-11
-2.11915e-11
-2.15697e-11
-2.14184e-11
-2.11701e-11
-2.05787e-11
-1.99874e-11
-1.93949e-11
-1.86065e-11
-1.7923e-11
-1.69891e-11
-1.55409e-11
-1.42201e-11
-1.23593e-11
-1.07379e-11
-9.62649e-12
-7.96621e-12
-6.88619e-12
-4.77057e-12
-4.24197e-12
-4.25745e-12
-3.91317e-12
-4.59155e-12
-5.50329e-13
-4.0588e-14
-4.0652e-14
-4.0652e-14
-4.0652e-14
-1.92864e-11
-1.90546e-11
-1.88818e-11
-1.88193e-11
-1.87104e-11
-1.84109e-11
-1.83105e-11
-1.77681e-11
-1.77196e-11
-1.71851e-11
-1.65891e-11
-1.60137e-11
-1.41751e-11
-1.21696e-11
-1.03457e-11
-8.29838e-12
-7.22997e-12
-4.95234e-12
-4.24849e-12
-4.62119e-12
-3.12584e-14
-4.0652e-14
-4.0652e-14
-4.0652e-14
-4.0652e-14
-4.0652e-14
-4.0652e-14
-4.0652e-14
-4.0652e-14
-4.0652e-14
-1.93283e-11
-1.92123e-11
-1.91124e-11
-1.93706e-11
-1.94517e-11
-1.96377e-11
-1.96655e-11
-1.92204e-11
-1.9253e-11
-1.77879e-11
-1.71956e-11
-1.5225e-11
-1.17195e-11
-9.06634e-12
-6.00519e-12
-4.50914e-12
-5.23502e-12
-5.09315e-14
-4.06517e-14
-4.0652e-14
-4.0652e-14
-4.0652e-14
-4.0652e-14
-4.0652e-14
-4.0652e-14
-4.0652e-14
-4.0652e-14
-4.0652e-14
-4.0652e-14
-4.0652e-14
-1.93959e-11
-1.93802e-11
-1.92258e-11
-1.94604e-11
-1.92259e-11
-1.95424e-11
-1.89102e-11
-1.88141e-11
-1.79518e-11
-1.63518e-11
-1.58679e-11
-1.16461e-11
-7.94084e-12
-5.07097e-12
-1.10209e-12
-4.04128e-14
-4.0652e-14
-4.0652e-14
-4.0652e-14
-4.0652e-14
-4.0652e-14
-4.0652e-14
-4.0652e-14
-4.0652e-14
-4.0652e-14
-4.0652e-14
-4.0652e-14
-4.0652e-14
-4.0652e-14
-4.0652e-14
-1.94625e-11
-1.94715e-11
-1.93948e-11
-1.96035e-11
-1.94397e-11
-1.99159e-11
-1.91809e-11
-1.97733e-11
-1.77923e-11
-1.73329e-11
-1.47773e-11
-8.2857e-12
-4.97187e-12
-2.682e-14
-4.0652e-14
-4.0652e-14
-4.0652e-14
-4.0652e-14
-4.0652e-14
-4.0652e-14
-4.0652e-14
-4.0652e-14
-4.0652e-14
-4.0652e-14
-4.0652e-14
-4.0652e-14
-4.0652e-14
-4.0652e-14
-4.0652e-14
-4.0652e-14
-1.95178e-11
-1.95189e-11
-1.95712e-11
-1.96896e-11
-1.97717e-11
-2.01018e-11
-1.97666e-11
-2.01798e-11
-1.7569e-11
-1.76194e-11
-1.09067e-11
-4.35236e-12
-3.76223e-14
-4.0652e-14
-4.0652e-14
-4.0652e-14
-4.0652e-14
-4.0652e-14
-4.0652e-14
-4.0652e-14
-4.0652e-14
-4.0652e-14
-4.0652e-14
-4.0652e-14
-4.0652e-14
-4.0652e-14
-4.0652e-14
-4.0652e-14
-4.0652e-14
-4.0652e-14
-1.95536e-11
-1.95465e-11
-1.96983e-11
-1.97428e-11
-2.00631e-11
-2.02228e-11
-2.05946e-11
-2.06063e-11
-1.89616e-11
-1.73728e-11
-6.66126e-12
-3.58142e-14
-4.0652e-14
-4.0652e-14
-4.0652e-14
-4.0652e-14
-4.0652e-14
-4.0652e-14
-4.0652e-14
-4.0652e-14
-4.0652e-14
-4.0652e-14
-4.0652e-14
-4.0652e-14
-4.0652e-14
-4.0652e-14
-4.0652e-14
-4.0652e-14
-4.0652e-14
-4.0652e-14
-1.95717e-11
-1.95587e-11
-1.97656e-11
-1.97655e-11
-2.02309e-11
-2.02603e-11
-2.11817e-11
-2.09104e-11
-2.18711e-11
-1.6927e-11
-2.65166e-14
-4.0652e-14
-4.0652e-14
-4.0652e-14
-4.0652e-14
-4.0652e-14
-4.0652e-14
-4.0652e-14
-4.0652e-14
-4.0652e-14
-4.0652e-14
-4.0652e-14
-4.0652e-14
-4.0652e-14
-4.0652e-14
-4.0652e-14
-4.0652e-14
-4.0652e-14
-4.0652e-14
-4.0652e-14
)
;

boundaryField
{
    inlet1
    {
        type            calculated;
        value           uniform -5e-10;
    }
    inlet2
    {
        type            calculated;
        value           nonuniform List<scalar> 10(-1.96214e-10 -4.41659e-10 -3.89249e-10 -1.27963e-09 -1.33644e-09 -2.78587e-10 -2.45455e-11 -2.09818e-11 -1.53917e-11 -1.59362e-11);
    }
    inlet3
    {
        type            calculated;
        value           uniform -1.95111e-11;
    }
    output1
    {
        type            calculated;
        value           nonuniform List<scalar> 10(-4.0652e-14 -4.0652e-14 -4.0652e-14 -4.0652e-14 -4.0652e-14 -4.0652e-14 -4.0652e-14 -4.0652e-14 -4.0652e-14 -4.0652e-14);
    }
    output2
    {
        type            calculated;
        value           nonuniform List<scalar> 10(-4.0652e-14 -4.0652e-14 -4.0652e-14 -4.0652e-14 -4.0652e-14 -2.69405e-14 -6.24352e-12 -1.15682e-11 -1.14129e-11 -8.1188e-12);
    }
    output3
    {
        type            calculated;
        value           nonuniform List<scalar> 10(-1.47362e-11 -2.15866e-12 -4.0652e-14 -4.0652e-14 -4.0652e-14 -4.0652e-14 -4.0652e-14 -4.0652e-14 -4.0652e-14 -4.0652e-14);
    }
    up
    {
        type            calculated;
        value           nonuniform List<scalar> 
30
(
-1.95717e-11
-1.95587e-11
-1.97656e-11
-1.97655e-11
-2.02309e-11
-2.02603e-11
-2.11817e-11
-2.09104e-11
-2.18711e-11
-1.6927e-11
-2.65166e-14
-4.0652e-14
-4.0652e-14
-4.0652e-14
-4.0652e-14
-4.0652e-14
-4.0652e-14
-4.0652e-14
-4.0652e-14
-4.0652e-14
-4.0652e-14
-4.0652e-14
-4.0652e-14
-4.0652e-14
-4.0652e-14
-4.0652e-14
-4.0652e-14
-4.0652e-14
-4.0652e-14
-4.0652e-14
)
;
    }
    down
    {
        type            calculated;
        value           nonuniform List<scalar> 
30
(
-3.38408e-11
-2.3732e-11
-7.48416e-12
-1.86924e-13
-4.05902e-14
-4.0652e-14
-4.0652e-14
-4.0652e-14
-4.0652e-14
-4.0652e-14
-4.0652e-14
-4.0652e-14
-4.0652e-14
-4.0652e-14
-4.0652e-14
-4.0652e-14
-4.0652e-14
-4.0652e-14
-4.0652e-14
-4.0652e-14
-4.0652e-14
-4.0652e-14
-4.0652e-14
-4.0652e-14
-4.0652e-14
-4.0652e-14
-4.0652e-14
-4.0652e-14
-4.0652e-14
-4.0652e-14
)
;
    }
    emptyWalls
    {
        type            empty;
    }
}


// ************************************************************************* //
