/*--------------------------------*- C++ -*----------------------------------*\
  =========                 |
  \\      /  F ield         | OpenFOAM: The Open Source CFD Toolbox
   \\    /   O peration     | Website:  https://openfoam.org
    \\  /    A nd           | Version:  9
     \\/     M anipulation  |
\*---------------------------------------------------------------------------*/
FoamFile
{
    format      ascii;
    class       volScalarField;
    location    "10000";
    object      fw;
}
// * * * * * * * * * * * * * * * * * * * * * * * * * * * * * * * * * * * * * //

dimensions      [0 0 0 0 0 0 0];

internalField   nonuniform List<scalar> 
900
(
0.96665
0.937209
0.686815
0.0137369
5.0863e-09
4.7991e-09
4.7991e-09
4.7991e-09
4.7991e-09
4.7991e-09
4.7991e-09
4.7991e-09
4.7991e-09
4.7991e-09
4.7991e-09
4.7991e-09
4.7991e-09
4.7991e-09
4.7991e-09
4.7991e-09
4.7991e-09
4.7991e-09
4.7991e-09
4.7991e-09
4.7991e-09
4.7991e-09
4.7991e-09
4.7991e-09
4.7991e-09
4.7991e-09
1.00001
0.992363
0.665674
0.00179244
4.82725e-09
4.7991e-09
4.7991e-09
4.7991e-09
4.7991e-09
4.7991e-09
4.7991e-09
4.7991e-09
4.7991e-09
4.7991e-09
4.7991e-09
4.7991e-09
4.7991e-09
4.7991e-09
4.7991e-09
4.7991e-09
4.7991e-09
4.7991e-09
4.7991e-09
4.7991e-09
4.7991e-09
4.7991e-09
4.7991e-09
4.7991e-09
4.7991e-09
4.7991e-09
0.9678
0.809721
0.685165
0.000567602
4.80625e-09
4.7991e-09
4.7991e-09
4.7991e-09
4.7991e-09
4.7991e-09
4.7991e-09
4.7991e-09
4.7991e-09
4.7991e-09
4.7991e-09
4.7991e-09
4.7991e-09
4.7991e-09
4.7991e-09
4.7991e-09
4.7991e-09
4.7991e-09
4.7991e-09
4.7991e-09
4.7991e-09
4.7991e-09
4.7991e-09
4.7991e-09
4.7991e-09
4.7991e-09
0.999747
0.898314
0.715328
7.16551e-05
4.79993e-09
4.7991e-09
4.7991e-09
4.7991e-09
4.7991e-09
4.7991e-09
4.7991e-09
4.7991e-09
4.7991e-09
4.7991e-09
4.7991e-09
4.7991e-09
4.7991e-09
4.7991e-09
4.7991e-09
4.7991e-09
4.7991e-09
4.7991e-09
4.7991e-09
4.7991e-09
4.7991e-09
4.7991e-09
4.7991e-09
4.7991e-09
4.7991e-09
4.7991e-09
0.982069
0.821295
0.74037
3.28014e-06
4.79913e-09
4.7991e-09
4.7991e-09
4.7991e-09
4.7991e-09
4.7991e-09
4.7991e-09
4.7991e-09
4.7991e-09
4.7991e-09
4.7991e-09
4.7991e-09
4.7991e-09
4.7991e-09
4.7991e-09
4.7991e-09
4.7991e-09
4.7991e-09
4.7991e-09
4.7991e-09
4.7991e-09
4.7991e-09
4.7991e-09
4.7991e-09
4.7991e-09
4.7991e-09
0.998958
0.873732
0.820614
2.99569e-08
4.7991e-09
4.7991e-09
4.7991e-09
4.7991e-09
4.7991e-09
4.7991e-09
4.7991e-09
4.7991e-09
4.7991e-09
4.7991e-09
4.7991e-09
4.7991e-09
4.7991e-09
4.7991e-09
4.7991e-09
4.7991e-09
4.7991e-09
4.7991e-09
4.7991e-09
4.7991e-09
4.7991e-09
4.7991e-09
4.7991e-09
4.7991e-09
4.7991e-09
4.7991e-09
0.990763
0.784545
0.0401691
5.06356e-09
4.7991e-09
4.7991e-09
4.7991e-09
4.7991e-09
4.7991e-09
4.7991e-09
4.7991e-09
4.7991e-09
4.7991e-09
4.7991e-09
4.7991e-09
4.7991e-09
4.7991e-09
4.7991e-09
4.7991e-09
4.7991e-09
4.7991e-09
4.7991e-09
4.7991e-09
4.7991e-09
4.7991e-09
4.7991e-09
4.7991e-09
4.7991e-09
4.7991e-09
4.7991e-09
0.999318
0.866863
0.000979061
4.81832e-09
4.7991e-09
4.7991e-09
4.7991e-09
4.7991e-09
4.7991e-09
4.7991e-09
4.7991e-09
4.7991e-09
4.7991e-09
4.7991e-09
4.7991e-09
4.7991e-09
4.7991e-09
4.7991e-09
4.7991e-09
4.7991e-09
4.7991e-09
4.7991e-09
4.7991e-09
4.7991e-09
4.7991e-09
4.7991e-09
4.7991e-09
4.7991e-09
4.7991e-09
4.7991e-09
0.997038
0.893158
3.38003e-05
4.79949e-09
4.7991e-09
4.7991e-09
4.7991e-09
4.7991e-09
4.7991e-09
4.7991e-09
4.7991e-09
4.7991e-09
4.7991e-09
4.7991e-09
4.7991e-09
4.7991e-09
4.7991e-09
4.7991e-09
4.7991e-09
4.7991e-09
4.7991e-09
4.7991e-09
4.7991e-09
4.7991e-09
4.7991e-09
4.7991e-09
4.7991e-09
4.7991e-09
4.7991e-09
4.7991e-09
0.999895
0.94928
3.00025e-06
4.79912e-09
4.7991e-09
4.7991e-09
4.7991e-09
4.7991e-09
4.7991e-09
4.7991e-09
4.7991e-09
4.7991e-09
4.7991e-09
4.7991e-09
4.7991e-09
4.7991e-09
4.7991e-09
4.7991e-09
4.7991e-09
4.7991e-09
4.7991e-09
4.7991e-09
4.7991e-09
4.7991e-09
4.7991e-09
4.7991e-09
4.7991e-09
4.7991e-09
4.7991e-09
4.79911e-09
0.999658
0.968906
0.0278231
4.92928e-09
4.7991e-09
4.7991e-09
4.7991e-09
4.7991e-09
4.7991e-09
4.7991e-09
4.7991e-09
4.7991e-09
4.7991e-09
4.7991e-09
4.7991e-09
4.7991e-09
4.7991e-09
4.7991e-09
4.7991e-09
4.7991e-09
4.7991e-09
4.7991e-09
4.7991e-09
4.7991e-09
4.7991e-09
4.7991e-09
4.7991e-09
4.7991e-09
4.79909e-09
4.79909e-09
1
0.975496
0.561178
0.009228
4.95814e-09
4.7991e-09
4.7991e-09
4.7991e-09
4.7991e-09
4.7991e-09
4.7991e-09
4.7991e-09
4.7991e-09
4.7991e-09
4.7991e-09
4.7991e-09
4.7991e-09
4.7991e-09
4.7991e-09
4.7991e-09
4.7991e-09
4.7991e-09
4.7991e-09
4.7991e-09
4.7991e-09
4.7991e-09
4.7991e-09
4.7991e-09
4.7991e-09
4.7991e-09
0.999996
0.992644
0.886985
0.736842
0.702147
2.70199e-06
4.7991e-09
4.7991e-09
4.7991e-09
4.7991e-09
4.7991e-09
4.7991e-09
4.7991e-09
4.7991e-09
4.7991e-09
4.7991e-09
4.7991e-09
4.7991e-09
4.7991e-09
4.7991e-09
4.7991e-09
4.7991e-09
4.7991e-09
4.7991e-09
4.7991e-09
4.7991e-09
4.7991e-09
4.7991e-09
4.7991e-09
4.7991e-09
1.00008
0.961687
0.607595
0.411513
0.346005
0.108763
8.96202e-09
4.80062e-09
4.7991e-09
4.7991e-09
4.7991e-09
4.7991e-09
4.7991e-09
4.7991e-09
4.7991e-09
4.7991e-09
4.7991e-09
4.7991e-09
4.7991e-09
4.7991e-09
4.7991e-09
4.7991e-09
4.7991e-09
4.7991e-09
4.7991e-09
4.7991e-09
4.7991e-09
4.7991e-09
4.7991e-09
4.7991e-09
1.00008
0.999855
0.994516
0.970115
0.931595
0.84696
0.806843
0.580809
4.43819e-08
4.8007e-09
4.80087e-09
4.80081e-09
4.80092e-09
4.80121e-09
4.80067e-09
4.80204e-09
4.80352e-09
4.80363e-09
4.80293e-09
4.80343e-09
4.80501e-09
4.92723e-09
6.39472e-09
8.86448e-09
8.68806e-09
5.85898e-09
4.7991e-09
4.7991e-09
4.7991e-09
4.79914e-09
0.999937
0.994782
0.987958
0.963205
0.951322
0.927652
0.905117
0.842909
0.714819
0.679081
0.708928
0.70917
0.731196
0.689149
0.00209977
0.00129024
0.002483
0.00300113
0.00315749
0.0046902
0.0116785
0.0945482
0.232539
0.300084
0.332818
0.34968
0.338068
0.317277
0.252406
0.000196813
0.940713
0.926541
0.922797
0.895413
0.895258
0.883916
0.874954
0.85955
0.850149
0.833057
0.832988
0.832553
0.805926
0.766976
0.615
0.578354
0.59302
0.613589
0.632036
0.649636
0.67532
0.706688
0.73182
0.746342
0.754482
0.75375
0.752283
0.731402
0.704879
0.624358
0.922917
0.901975
0.886619
0.878863
0.872641
0.866459
0.862771
0.862427
0.86763
0.862267
0.856554
0.846812
0.829011
0.810959
0.798542
0.785274
0.789444
0.800093
0.810647
0.821039
0.828523
0.831825
0.83378
0.836206
0.836867
0.835134
0.828706
0.817283
0.810336
0.813727
0.875134
0.873894
0.885806
0.893581
0.896615
0.897085
0.897672
0.898783
0.899901
0.897556
0.892428
0.885817
0.879628
0.874798
0.876465
0.875284
0.874986
0.876221
0.877858
0.878994
0.87804
0.875083
0.870418
0.866963
0.8629
0.860146
0.851925
0.84031
0.821237
0.810379
0.881424
0.90499
0.921622
0.927823
0.929462
0.928707
0.927876
0.926376
0.924245
0.920629
0.915991
0.911492
0.908508
0.907408
0.907151
0.90486
0.900466
0.895183
0.889648
0.883523
0.877196
0.868817
0.858077
0.848511
0.836537
0.833175
0.818396
0.816317
0.762846
0.713303
0.931104
0.948018
0.947304
0.941899
0.936421
0.931222
0.926991
0.922524
0.918275
0.913545
0.909564
0.906139
0.904422
0.902823
0.899617
0.894067
0.885202
0.874885
0.861459
0.846167
0.83516
0.817697
0.802677
0.78178
0.76137
0.739434
0.723183
0.712922
0.757992
0.866908
0.904968
0.897328
0.8974
0.899065
0.901273
0.902571
0.903871
0.904005
0.903704
0.902932
0.902019
0.900273
0.898906
0.894011
0.886508
0.874227
0.857247
0.842205
0.813629
0.781825
0.75466
0.721154
0.706689
0.675754
0.648109
0.539044
0.49724
0.498326
0.541988
0.263285
0.910259
0.913436
0.919742
0.924162
0.926335
0.925476
0.924036
0.92044
0.916598
0.912476
0.906525
0.900885
0.892358
0.876904
0.859871
0.829532
0.794782
0.76483
0.707228
0.658649
0.526371
0.483254
0.484584
0.453987
0.512291
0.0540658
5.09719e-09
4.7991e-09
4.7991e-09
4.7991e-09
0.91169
0.909976
0.908667
0.908187
0.907342
0.904959
0.904141
0.89954
0.899113
0.894233
0.888382
0.882282
0.859234
0.825921
0.784867
0.720229
0.675249
0.540143
0.483814
0.514659
3.28997e-06
4.79912e-09
4.7991e-09
4.7991e-09
4.7991e-09
4.7991e-09
4.7991e-09
4.7991e-09
4.7991e-09
4.7991e-09
0.911995
0.911147
0.910408
0.912301
0.912884
0.9142
0.914394
0.911207
0.911446
0.899713
0.894332
0.873113
0.816907
0.74734
0.610455
0.505633
0.560553
0.00198116
4.80079e-09
4.79912e-09
4.7991e-09
4.7991e-09
4.7991e-09
4.7991e-09
4.7991e-09
4.7991e-09
4.7991e-09
4.7991e-09
4.7991e-09
4.7991e-09
0.912483
0.912371
0.911246
0.912946
0.911248
0.913529
0.908884
0.908147
0.901132
0.885922
0.88066
0.815373
0.706201
0.548854
0.125114
5.99861e-09
4.7992e-09
4.79917e-09
4.7991e-09
4.7991e-09
4.7991e-09
4.7991e-09
4.7991e-09
4.7991e-09
4.7991e-09
4.7991e-09
4.7991e-09
4.7991e-09
4.7991e-09
4.7991e-09
0.912961
0.913026
0.912476
0.91396
0.912798
0.916116
0.910916
0.915142
0.899751
0.895616
0.867447
0.719748
0.541591
5.3104e-05
4.79914e-09
4.7991e-09
4.7991e-09
4.7991e-09
4.7991e-09
4.7991e-09
4.7991e-09
4.7991e-09
4.7991e-09
4.7991e-09
4.7991e-09
4.7991e-09
4.7991e-09
4.7991e-09
4.7991e-09
4.7991e-09
0.913355
0.913363
0.913733
0.914562
0.915131
0.917362
0.915095
0.917877
0.897772
0.898223
0.798851
0.492649
5.96537e-08
4.7991e-09
4.7991e-09
4.7991e-09
4.7991e-09
4.7991e-09
4.7991e-09
4.7991e-09
4.7991e-09
4.7991e-09
4.7991e-09
4.7991e-09
4.7991e-09
4.7991e-09
4.7991e-09
4.7991e-09
4.7991e-09
4.7991e-09
0.913608
0.913558
0.914623
0.914931
0.917105
0.918159
0.920541
0.920614
0.909275
0.895984
0.647152
2.11507e-07
4.7991e-09
4.7991e-09
4.7991e-09
4.7991e-09
4.7991e-09
4.7991e-09
4.7991e-09
4.7991e-09
4.7991e-09
4.7991e-09
4.7991e-09
4.7991e-09
4.7991e-09
4.7991e-09
4.7991e-09
4.7991e-09
4.7991e-09
4.7991e-09
0.913736
0.913645
0.915089
0.915088
0.918212
0.918404
0.924104
0.922486
0.928004
0.891755
0.000131393
4.79914e-09
4.7991e-09
4.7991e-09
4.7991e-09
4.7991e-09
4.7991e-09
4.7991e-09
4.7991e-09
4.7991e-09
4.7991e-09
4.7991e-09
4.7991e-09
4.7991e-09
4.7991e-09
4.7991e-09
4.7991e-09
4.7991e-09
4.7991e-09
4.7991e-09
)
;

boundaryField
{
    inlet1
    {
        type            calculated;
        value           uniform 1;
    }
    inlet2
    {
        type            calculated;
        value           nonuniform List<scalar> 10(0.999658 1 0.999996 1.00008 1.00008 0.999937 0.940713 0.922917 0.875134 0.881424);
    }
    inlet3
    {
        type            calculated;
        value           uniform 0.913307;
    }
    output1
    {
        type            calculated;
        value           nonuniform List<scalar> 10(4.7991e-09 4.7991e-09 4.7991e-09 4.7991e-09 4.7991e-09 4.7991e-09 4.7991e-09 4.7991e-09 4.7991e-09 4.79911e-09);
    }
    output2
    {
        type            calculated;
        value           nonuniform List<scalar> 10(4.79909e-09 4.7991e-09 4.7991e-09 4.7991e-09 4.79914e-09 0.000196813 0.624358 0.813727 0.810379 0.713303);
    }
    output3
    {
        type            calculated;
        value           nonuniform List<scalar> 10(0.866908 0.263285 4.7991e-09 4.7991e-09 4.7991e-09 4.7991e-09 4.7991e-09 4.7991e-09 4.7991e-09 4.7991e-09);
    }
    up
    {
        type            calculated;
        value           nonuniform List<scalar> 
30
(
0.913736
0.913645
0.915089
0.915088
0.918212
0.918404
0.924104
0.922486
0.928004
0.891755
0.000131393
4.79914e-09
4.7991e-09
4.7991e-09
4.7991e-09
4.7991e-09
4.7991e-09
4.7991e-09
4.7991e-09
4.7991e-09
4.7991e-09
4.7991e-09
4.7991e-09
4.7991e-09
4.7991e-09
4.7991e-09
4.7991e-09
4.7991e-09
4.7991e-09
4.7991e-09
)
;
    }
    down
    {
        type            calculated;
        value           nonuniform List<scalar> 
30
(
0.96665
0.937209
0.686815
0.0137369
5.0863e-09
4.7991e-09
4.7991e-09
4.7991e-09
4.7991e-09
4.7991e-09
4.7991e-09
4.7991e-09
4.7991e-09
4.7991e-09
4.7991e-09
4.7991e-09
4.7991e-09
4.7991e-09
4.7991e-09
4.7991e-09
4.7991e-09
4.7991e-09
4.7991e-09
4.7991e-09
4.7991e-09
4.7991e-09
4.7991e-09
4.7991e-09
4.7991e-09
4.7991e-09
)
;
    }
    emptyWalls
    {
        type            empty;
    }
}


// ************************************************************************* //
