/*--------------------------------*- C++ -*----------------------------------*\
  =========                 |
  \\      /  F ield         | OpenFOAM: The Open Source CFD Toolbox
   \\    /   O peration     | Website:  https://openfoam.org
    \\  /    A nd           | Version:  9
     \\/     M anipulation  |
\*---------------------------------------------------------------------------*/
FoamFile
{
    format      ascii;
    class       volScalarField;
    location    "10000";
    object      p;
}
// * * * * * * * * * * * * * * * * * * * * * * * * * * * * * * * * * * * * * //

dimensions      [0 0 0 0 0 0 0];

internalField   nonuniform List<scalar> 
900
(
2.79557e+07
2.7953e+07
2.795e+07
2.79392e+07
2.75724e+07
2.67438e+07
2.59899e+07
2.52659e+07
2.45535e+07
2.38442e+07
2.31332e+07
2.24182e+07
2.1698e+07
2.09729e+07
2.02437e+07
1.95123e+07
1.87813e+07
1.80543e+07
1.73356e+07
1.66304e+07
1.59451e+07
1.52867e+07
1.46634e+07
1.40842e+07
1.35591e+07
1.30985e+07
1.27131e+07
1.24132e+07
1.22075e+07
1.21029e+07
2.79532e+07
2.79523e+07
2.79494e+07
2.7942e+07
2.73734e+07
2.66699e+07
2.596e+07
2.52542e+07
2.45506e+07
2.38458e+07
2.31373e+07
2.24232e+07
2.17031e+07
2.0977e+07
2.02459e+07
1.95118e+07
1.87773e+07
1.80459e+07
1.7322e+07
1.66107e+07
1.59182e+07
1.52517e+07
1.46193e+07
1.40302e+07
1.34945e+07
1.30232e+07
1.26277e+07
1.23188e+07
1.21065e+07
1.19983e+07
2.7949e+07
2.79455e+07
2.79369e+07
2.79304e+07
2.72557e+07
2.66023e+07
2.5926e+07
2.52403e+07
2.45488e+07
2.38513e+07
2.31468e+07
2.24345e+07
2.17141e+07
2.0986e+07
2.02512e+07
1.95118e+07
1.87703e+07
1.80302e+07
1.72957e+07
1.65721e+07
1.58653e+07
1.51825e+07
1.45318e+07
1.39226e+07
1.33656e+07
1.28723e+07
1.24555e+07
1.21279e+07
1.19014e+07
1.17855e+07
2.79287e+07
2.79265e+07
2.79182e+07
2.79123e+07
2.71932e+07
2.65578e+07
2.59014e+07
2.52322e+07
2.45529e+07
2.38637e+07
2.31642e+07
2.24539e+07
2.17328e+07
2.10016e+07
2.02613e+07
1.95139e+07
1.87619e+07
1.80088e+07
1.72587e+07
1.65166e+07
1.57885e+07
1.50812e+07
1.44028e+07
1.3763e+07
1.31728e+07
1.2645e+07
1.21941e+07
1.18359e+07
1.15857e+07
1.14568e+07
2.79036e+07
2.78981e+07
2.78914e+07
2.78856e+07
2.71716e+07
2.65344e+07
2.58895e+07
2.52343e+07
2.4567e+07
2.38865e+07
2.31923e+07
2.2484e+07
2.17618e+07
2.10262e+07
2.02785e+07
1.95205e+07
1.87547e+07
1.79844e+07
1.72137e+07
1.64472e+07
1.56908e+07
1.49509e+07
1.42354e+07
1.35538e+07
1.29176e+07
1.23407e+07
1.18401e+07
1.14357e+07
1.11488e+07
1.09991e+07
2.78608e+07
2.78604e+07
2.78651e+07
2.78596e+07
2.71556e+07
2.65186e+07
2.58881e+07
2.52485e+07
2.45942e+07
2.39231e+07
2.32345e+07
2.25281e+07
2.18041e+07
2.1063e+07
2.0306e+07
1.95348e+07
1.87519e+07
1.79605e+07
1.71643e+07
1.63679e+07
1.55765e+07
1.47961e+07
1.40341e+07
1.32993e+07
1.2603e+07
1.19601e+07
1.139e+07
1.0918e+07
1.05747e+07
1.03917e+07
2.78121e+07
2.7813e+07
2.78366e+07
2.77112e+07
2.70908e+07
2.64965e+07
2.58956e+07
2.52773e+07
2.46382e+07
2.39773e+07
2.32944e+07
2.25898e+07
2.18635e+07
2.11158e+07
2.03478e+07
1.95609e+07
1.87577e+07
1.79413e+07
1.71152e+07
1.62836e+07
1.54511e+07
1.46231e+07
1.38055e+07
1.30062e+07
1.22351e+07
1.15067e+07
1.08418e+07
1.02717e+07
9.8402e+06
9.60134e+06
2.77585e+07
2.77569e+07
2.77576e+07
2.74554e+07
2.70006e+07
2.64809e+07
2.59205e+07
2.53271e+07
2.4704e+07
2.40533e+07
2.33762e+07
2.26732e+07
2.19442e+07
2.1189e+07
2.04083e+07
1.96034e+07
1.87768e+07
1.79317e+07
1.70716e+07
1.62002e+07
1.53214e+07
1.44395e+07
1.35588e+07
1.26848e+07
1.18246e+07
1.09896e+07
1.01989e+07
9.48682e+06
8.91306e+06
8.57211e+06
2.77059e+07
2.77038e+07
2.77025e+07
2.73655e+07
2.69753e+07
2.65059e+07
2.59785e+07
2.54065e+07
2.47975e+07
2.41558e+07
2.3484e+07
2.27826e+07
2.2051e+07
2.12879e+07
2.04929e+07
1.96675e+07
1.88144e+07
1.79371e+07
1.70392e+07
1.61241e+07
1.5195e+07
1.42546e+07
1.33055e+07
1.23495e+07
1.1389e+07
1.04281e+07
9.47744e+06
8.56357e+06
7.75309e+06
7.20194e+06
2.76618e+07
2.76604e+07
2.76592e+07
2.7384e+07
2.70291e+07
2.6589e+07
2.60811e+07
2.5523e+07
2.49235e+07
2.42885e+07
2.36213e+07
2.29223e+07
2.21892e+07
2.14186e+07
2.06081e+07
1.97593e+07
1.88762e+07
1.79632e+07
1.70241e+07
1.60621e+07
1.50797e+07
1.40785e+07
1.30589e+07
1.20189e+07
1.09537e+07
9.85655e+06
8.71911e+06
7.53691e+06
6.33381e+06
5.28061e+06
2.76236e+07
2.76234e+07
2.76169e+07
2.75134e+07
2.71683e+07
2.67398e+07
2.62338e+07
2.56808e+07
2.50852e+07
2.44532e+07
2.37904e+07
2.30962e+07
2.23651e+07
2.1589e+07
2.07617e+07
1.98855e+07
1.89679e+07
1.80153e+07
1.70319e+07
1.60206e+07
1.49831e+07
1.39208e+07
1.28328e+07
1.17133e+07
1.05505e+07
9.32522e+06
8.00554e+06
6.53116e+06
4.76463e+06
2.30609e+06
2.75967e+07
2.75952e+07
2.75799e+07
2.75181e+07
2.73912e+07
2.69681e+07
2.64337e+07
2.58812e+07
2.52831e+07
2.46489e+07
2.39908e+07
2.3307e+07
2.25861e+07
2.18105e+07
2.0964e+07
2.00533e+07
1.90946e+07
1.80981e+07
1.70678e+07
1.60051e+07
1.49113e+07
1.37889e+07
1.26383e+07
1.14509e+07
1.02096e+07
8.88834e+06
7.4467e+06
5.81754e+06
3.88748e+06
1.48521e+06
2.75769e+07
2.75754e+07
2.75542e+07
2.74833e+07
2.7395e+07
2.73502e+07
2.66516e+07
2.61273e+07
2.55171e+07
2.48685e+07
2.4217e+07
2.3555e+07
2.28618e+07
2.21028e+07
2.12307e+07
2.0269e+07
1.9259e+07
1.82146e+07
1.71362e+07
1.60208e+07
1.4868e+07
1.36853e+07
1.24805e+07
1.12426e+07
9.94867e+06
8.57185e+06
7.07537e+06
5.40481e+06
3.48255e+06
1.23246e+06
2.75675e+07
2.75651e+07
2.75272e+07
2.74318e+07
2.72938e+07
2.70779e+07
2.6774e+07
2.64593e+07
2.57895e+07
2.5091e+07
2.44537e+07
2.38343e+07
2.32031e+07
2.25082e+07
2.15872e+07
2.05329e+07
1.94579e+07
1.83653e+07
1.72414e+07
1.60738e+07
1.48546e+07
1.36037e+07
1.23559e+07
1.10901e+07
9.77064e+06
8.37504e+06
6.87811e+06
5.24379e+06
3.40544e+06
1.19452e+06
2.75627e+07
2.7555e+07
2.7514e+07
2.74151e+07
2.72494e+07
2.70226e+07
2.67497e+07
2.64694e+07
2.61008e+07
2.52523e+07
2.46724e+07
2.41252e+07
2.36082e+07
2.31398e+07
2.20768e+07
2.08176e+07
1.96744e+07
1.85474e+07
1.73904e+07
1.61785e+07
1.48727e+07
1.3519e+07
1.2249e+07
1.09906e+07
9.6679e+06
8.27928e+06
6.81825e+06
5.2868e+06
3.70092e+06
1.33469e+06
2.75624e+07
2.75492e+07
2.74936e+07
2.73806e+07
2.71963e+07
2.69593e+07
2.66727e+07
2.63302e+07
2.58614e+07
2.52514e+07
2.46743e+07
2.41278e+07
2.36116e+07
2.3153e+07
2.2675e+07
2.09849e+07
1.98399e+07
1.87113e+07
1.75452e+07
1.63061e+07
1.48987e+07
1.35036e+07
1.22437e+07
1.09893e+07
9.66705e+06
8.27895e+06
6.81867e+06
5.28979e+06
3.74232e+06
1.86793e+06
2.75765e+07
2.75592e+07
2.74883e+07
2.73535e+07
2.71526e+07
2.68967e+07
2.65837e+07
2.62046e+07
2.57465e+07
2.5221e+07
2.46709e+07
2.41201e+07
2.35537e+07
2.294e+07
2.21185e+07
2.09792e+07
1.98469e+07
1.87165e+07
1.75533e+07
1.63327e+07
1.5047e+07
1.37362e+07
1.24306e+07
1.11094e+07
9.74479e+06
8.31781e+06
6.8151e+06
5.201e+06
3.42016e+06
1.27835e+06
2.76876e+07
2.76409e+07
2.75345e+07
2.73674e+07
2.71418e+07
2.6862e+07
2.65278e+07
2.61373e+07
2.5694e+07
2.52017e+07
2.46683e+07
2.40998e+07
2.3479e+07
2.27726e+07
2.19308e+07
2.09463e+07
1.98873e+07
1.87862e+07
1.7641e+07
1.64468e+07
1.52045e+07
1.3921e+07
1.2603e+07
1.12505e+07
9.85383e+06
8.39866e+06
6.85899e+06
5.18344e+06
3.30077e+06
1.16145e+06
2.78768e+07
2.77934e+07
2.76392e+07
2.74303e+07
2.71737e+07
2.68714e+07
2.65233e+07
2.61297e+07
2.56921e+07
2.52097e+07
2.46792e+07
2.40955e+07
2.34467e+07
2.27154e+07
2.18907e+07
2.09722e+07
1.9972e+07
1.89058e+07
1.77818e+07
1.66039e+07
1.5376e+07
1.41006e+07
1.27788e+07
1.14117e+07
9.99385e+06
8.51881e+06
6.96613e+06
5.30172e+06
3.44094e+06
1.27033e+06
2.81783e+07
2.8013e+07
2.77886e+07
2.75314e+07
2.72429e+07
2.69205e+07
2.6562e+07
2.61657e+07
2.57296e+07
2.52495e+07
2.4719e+07
2.41306e+07
2.34764e+07
2.27492e+07
2.19455e+07
2.10631e+07
2.01014e+07
1.90653e+07
1.796e+07
1.67902e+07
1.55636e+07
1.42862e+07
1.29623e+07
1.15935e+07
1.01682e+07
8.67866e+06
7.11445e+06
5.50047e+06
3.79561e+06
1.77327e+06
2.85721e+07
2.82472e+07
2.79524e+07
2.76529e+07
2.73367e+07
2.69976e+07
2.66312e+07
2.62332e+07
2.5799e+07
2.53226e+07
2.47968e+07
2.4214e+07
2.35681e+07
2.28546e+07
2.20697e+07
2.12101e+07
2.02728e+07
1.92604e+07
1.81727e+07
1.70073e+07
1.57717e+07
1.44773e+07
1.31487e+07
1.17945e+07
1.03962e+07
8.89761e+06
7.29259e+06
5.66354e+06
4.17245e+06
3.15843e+06
2.88842e+07
2.84784e+07
2.81228e+07
2.77858e+07
2.74474e+07
2.70962e+07
2.67257e+07
2.63297e+07
2.59019e+07
2.54354e+07
2.49221e+07
2.43539e+07
2.3724e+07
2.30259e+07
2.22561e+07
2.14115e+07
2.04889e+07
1.94938e+07
1.84242e+07
1.72735e+07
1.60173e+07
1.46665e+07
1.33172e+07
1.19962e+07
1.07025e+07
9.24726e+06
7.51401e+06
5.86157e+06
4.55579e+06
3.58355e+06
2.9126e+07
2.86956e+07
2.83038e+07
2.79365e+07
2.75786e+07
2.72181e+07
2.68468e+07
2.64568e+07
2.60409e+07
2.55911e+07
2.5098e+07
2.45521e+07
2.3942e+07
2.3257e+07
2.24953e+07
2.16583e+07
2.0749e+07
1.97585e+07
1.86926e+07
1.76073e+07
1.63489e+07
1.48226e+07
1.34251e+07
1.21271e+07
1.10446e+07
9.99531e+06
7.78846e+06
5.89864e+06
4.59134e+06
3.69476e+06
2.93193e+07
2.88797e+07
2.84692e+07
2.8083e+07
2.77122e+07
2.73471e+07
2.69797e+07
2.6601e+07
2.62043e+07
2.57791e+07
2.53154e+07
2.4801e+07
2.42161e+07
2.35436e+07
2.27763e+07
2.19288e+07
2.10612e+07
2.00736e+07
1.89062e+07
1.7978e+07
1.71303e+07
1.48417e+07
1.34358e+07
1.21421e+07
1.10545e+07
1.00188e+07
8.65188e+06
7.35111e+06
6.37475e+06
5.8064e+06
2.9475e+07
2.90319e+07
2.86138e+07
2.82195e+07
2.78437e+07
2.74804e+07
2.71224e+07
2.67619e+07
2.63914e+07
2.5999e+07
2.55748e+07
2.50999e+07
2.45483e+07
2.38969e+07
2.31085e+07
2.21831e+07
2.13958e+07
2.07336e+07
1.89295e+07
1.79727e+07
1.67549e+07
1.52329e+07
1.38893e+07
1.26688e+07
1.1567e+07
1.05205e+07
9.44848e+06
8.47918e+06
7.75014e+06
7.34969e+06
2.95994e+07
2.91553e+07
2.87351e+07
2.83388e+07
2.79633e+07
2.76064e+07
2.72616e+07
2.69243e+07
2.6585e+07
2.62333e+07
2.58567e+07
2.54274e+07
2.49184e+07
2.43104e+07
2.35696e+07
2.24463e+07
2.13956e+07
2.03797e+07
1.90836e+07
1.79312e+07
1.67272e+07
1.54457e+07
1.42196e+07
1.3077e+07
1.20241e+07
1.10477e+07
1.01424e+07
9.36699e+06
8.79695e+06
8.49253e+06
2.96964e+07
2.92523e+07
2.88322e+07
2.84369e+07
2.80651e+07
2.7717e+07
2.73884e+07
2.70781e+07
2.67751e+07
2.64729e+07
2.61503e+07
2.57763e+07
2.53228e+07
2.48019e+07
2.35594e+07
2.24421e+07
2.1354e+07
2.02611e+07
1.90942e+07
1.79413e+07
1.6777e+07
1.56031e+07
1.44664e+07
1.33953e+07
1.2405e+07
1.15037e+07
1.07064e+07
1.00494e+07
9.57812e+06
9.33095e+06
2.97681e+07
2.93243e+07
2.89052e+07
2.85117e+07
2.81444e+07
2.7805e+07
2.74928e+07
2.72091e+07
2.69454e+07
2.66964e+07
2.64332e+07
2.612e+07
2.56844e+07
2.45997e+07
2.35021e+07
2.24086e+07
2.13174e+07
2.02163e+07
1.90908e+07
1.79627e+07
1.68365e+07
1.57232e+07
1.46476e+07
1.36327e+07
1.26967e+07
1.18559e+07
1.11299e+07
1.05463e+07
1.01352e+07
9.92219e+06
2.98154e+07
2.93719e+07
2.89538e+07
2.85619e+07
2.81984e+07
2.78653e+07
2.75659e+07
2.73036e+07
2.70778e+07
2.68837e+07
2.66914e+07
2.64567e+07
2.54818e+07
2.44851e+07
2.34408e+07
2.23727e+07
2.12906e+07
2.01961e+07
1.90899e+07
1.79823e+07
1.68831e+07
1.58055e+07
1.47683e+07
1.37913e+07
1.28933e+07
1.20932e+07
1.14112e+07
1.08705e+07
1.0494e+07
1.03005e+07
2.9839e+07
2.93957e+07
2.89782e+07
2.85872e+07
2.82256e+07
2.78956e+07
2.76028e+07
2.73513e+07
2.715e+07
2.70041e+07
2.69136e+07
2.6199e+07
2.53663e+07
2.44182e+07
2.34033e+07
2.23508e+07
2.12763e+07
2.01876e+07
1.90904e+07
1.79936e+07
1.6908e+07
1.58474e+07
1.48288e+07
1.38707e+07
1.29921e+07
1.22122e+07
1.15513e+07
1.10306e+07
1.06699e+07
1.04852e+07
)
;

boundaryField
{
    inlet1
    {
        type            fixedGradient;
        gradient        uniform 20000;
    }
    inlet2
    {
        type            zeroGradient;
    }
    inlet3
    {
        type            fixedGradient;
        gradient        uniform 4.68141e+06;
    }
    output1
    {
        type            zeroGradient;
    }
    output2
    {
        type            fixedValue;
        value           uniform 0;
    }
    output3
    {
        type            zeroGradient;
    }
    up
    {
        type            zeroGradient;
    }
    down
    {
        type            zeroGradient;
    }
    emptyWalls
    {
        type            empty;
    }
}


// ************************************************************************* //
