/*--------------------------------*- C++ -*----------------------------------*\
  =========                 |
  \\      /  F ield         | OpenFOAM: The Open Source CFD Toolbox
   \\    /   O peration     | Website:  https://openfoam.org
    \\  /    A nd           | Version:  9
     \\/     M anipulation  |
\*---------------------------------------------------------------------------*/
FoamFile
{
    format      ascii;
    class       surfaceScalarField;
    location    "10000";
    object      phi;
}
// * * * * * * * * * * * * * * * * * * * * * * * * * * * * * * * * * * * * * //

dimensions      [0 3 -1 0 0 0 0];

internalField   nonuniform List<scalar> 
1740
(
7.35601e-09
1.20848e-07
5.94195e-09
1.33676e-08
4.33919e-09
2.42786e-09
2.97797e-09
-2.21231e-12
2.82129e-09
5.23663e-10
3.11031e-09
2.18951e-10
2.96183e-09
9.5328e-11
2.90464e-09
3.78786e-11
2.88836e-09
7.87369e-12
2.89277e-09
-8.86377e-12
2.90782e-09
-1.79469e-11
2.92737e-09
-2.1773e-11
2.94687e-09
-2.14278e-11
2.96249e-09
-1.74122e-11
2.97068e-09
-9.94394e-12
2.96802e-09
9.08846e-13
2.95107e-09
1.51678e-11
2.91631e-09
3.29142e-11
2.86012e-09
5.4278e-11
2.77873e-09
7.94181e-11
2.66825e-09
1.08489e-10
2.52475e-09
1.41575e-10
2.34446e-09
1.78592e-10
2.12414e-09
2.19129e-10
1.86155e-09
2.62251e-10
1.55624e-09
3.06276e-10
1.21029e-09
3.48613e-10
8.2908e-10
3.85778e-10
4.2159e-10
4.13777e-10
4.28921e-10
5.80577e-08
1.39854e-07
8.43281e-09
2.02979e-08
2.50811e-09
8.10281e-09
1.98904e-09
3.40255e-11
2.72912e-09
5.04926e-10
2.87526e-09
2.57665e-10
2.87118e-09
1.24475e-10
2.86372e-09
4.83041e-11
2.86768e-09
2.46903e-12
2.88212e-09
-2.53953e-11
2.90332e-09
-4.11646e-11
2.92741e-09
-4.77302e-11
2.95076e-09
-4.65377e-11
2.96991e-09
-3.82886e-11
2.98154e-09
-2.32838e-11
2.98232e-09
-1.59767e-12
2.96888e-09
2.68389e-11
2.93775e-09
6.2204e-11
2.88533e-09
1.04777e-10
2.80783e-09
1.54906e-10
2.70127e-09
2.12962e-10
2.56153e-09
2.7922e-10
2.3845e-09
3.53665e-10
2.1664e-09
4.35676e-10
1.90429e-09
5.23607e-10
1.59689e-09
6.14251e-10
1.24556e-09
7.02399e-10
8.55357e-10
7.80721e-10
4.35685e-10
8.40418e-10
8.72983e-10
8.19408e-09
2.60564e-07
6.2351e-09
2.82281e-08
3.33787e-09
1.51054e-08
1.88458e-09
5.31489e-11
2.70099e-09
2.68596e-10
2.73559e-09
1.82931e-10
2.78395e-09
9.66055e-11
2.81136e-09
2.8394e-11
2.83649e-09
-2.09071e-11
2.86469e-09
-5.40236e-11
2.89593e-09
-7.35877e-11
2.92821e-09
-8.14468e-11
2.95883e-09
-7.87054e-11
2.98487e-09
-6.59228e-11
3.00326e-09
-4.33088e-11
3.01084e-09
-1.08591e-11
3.00438e-09
3.15766e-11
2.98049e-09
8.42871e-11
2.93563e-09
1.47719e-10
2.866e-09
2.22469e-10
2.76748e-09
3.09233e-10
2.63561e-09
4.08678e-10
2.46563e-09
5.21167e-10
2.25268e-09
6.46306e-10
1.99233e-09
7.82244e-10
1.68146e-09
9.24713e-10
1.31969e-09
1.066e-09
9.11111e-10
1.19429e-09
4.65782e-10
1.29418e-09
1.34961e-09
2.68417e-08
3.1836e-07
7.54105e-09
4.06145e-08
3.39307e-09
2.10672e-08
1.85827e-09
7.09535e-11
2.68937e-09
1.23751e-10
2.6601e-09
1.08918e-10
2.71769e-09
5.06263e-11
2.76129e-09
-1.04223e-11
2.80222e-09
-6.0464e-11
2.84423e-09
-9.61992e-11
2.88751e-09
-1.1771e-10
2.93065e-09
-1.25758e-10
2.97149e-09
-1.20909e-10
3.00748e-09
-1.03385e-10
3.03578e-09
-7.31662e-11
3.05342e-09
-3.01044e-11
3.05731e-09
2.60393e-11
3.04421e-09
9.56539e-11
3.01071e-09
1.7935e-10
2.95306e-09
2.7802e-10
2.86705e-09
3.92823e-10
2.74782e-09
5.25082e-10
2.58973e-09
6.76008e-10
2.38637e-09
8.46134e-10
2.13088e-09
1.03434e-09
1.81693e-09
1.23634e-09
1.44065e-09
1.4426e-09
1.00361e-09
1.63626e-09
5.1632e-10
1.79238e-09
1.88165e-09
1.24027e-08
4.07883e-07
6.4204e-09
5.22231e-08
3.33229e-09
2.80467e-08
1.93577e-09
2.09073e-10
2.67612e-09
1.2032e-10
2.62421e-09
7.83823e-11
2.6654e-09
7.40467e-12
2.71387e-09
-6.02457e-11
2.76685e-09
-1.14327e-10
2.82248e-09
-1.52597e-10
2.87921e-09
-1.75291e-10
2.93538e-09
-1.8296e-10
2.98902e-09
-1.75781e-10
3.03777e-09
-1.53539e-10
3.07897e-09
-1.15864e-10
3.10977e-09
-6.24289e-11
3.12723e-09
7.03823e-12
3.12835e-09
9.29456e-11
3.10995e-09
1.96013e-10
3.06849e-09
3.17435e-10
2.99984e-09
4.58949e-10
2.89889e-09
6.22816e-10
2.75911e-09
8.11642e-10
2.57219e-09
1.02787e-09
2.3279e-09
1.27265e-09
2.01475e-09
1.54369e-09
1.62235e-09
1.83179e-09
1.14635e-09
2.11575e-09
5.95889e-10
2.35744e-09
2.50296e-09
6.93582e-09
4.90896e-07
-1.41556e-09
5.92297e-08
9.18427e-10
1.74503e-08
2.04621e-09
5.78158e-10
2.65101e-09
2.39525e-10
2.57902e-09
7.68868e-11
2.60581e-09
-3.91461e-11
2.66192e-09
-1.2364e-10
2.72883e-09
-1.84e-10
2.79963e-09
-2.24569e-10
2.87147e-09
-2.47892e-10
2.94265e-09
-2.55005e-10
3.01142e-09
-2.45711e-10
3.0756e-09
-2.1912e-10
3.13256e-09
-1.74314e-10
3.17946e-09
-1.10785e-10
3.21352e-09
-2.83908e-11
3.23203e-09
7.30837e-11
3.23223e-09
1.94322e-10
3.21111e-09
3.36754e-10
3.16494e-09
5.02713e-10
3.08878e-09
6.95587e-10
2.97563e-09
9.1988e-10
2.81539e-09
1.18107e-09
2.59377e-09
1.48467e-09
2.29182e-09
1.83397e-09
1.88769e-09
2.22511e-09
1.36355e-09
2.63752e-09
7.20879e-10
3.01865e-09
3.2698e-09
-4.55496e-09
5.95279e-07
-5.23448e-09
6.69341e-08
1.85937e-09
1.28905e-09
1.99138e-09
7.61528e-10
2.44925e-09
2.74932e-10
2.45376e-09
2.87834e-11
2.51691e-09
-1.17239e-10
2.59915e-09
-2.1117e-10
2.68692e-09
-2.73467e-10
2.77575e-09
-3.13784e-10
2.86439e-09
-3.36703e-10
2.95231e-09
-3.43454e-10
3.03842e-09
-3.32932e-10
3.12067e-09
-3.02912e-10
3.1962e-09
-2.51473e-10
3.26201e-09
-1.78002e-10
3.31537e-09
-8.28935e-11
3.354e-09
3.34595e-11
3.37585e-09
1.71437e-10
3.37876e-09
3.32542e-10
3.36003e-09
5.19567e-10
3.31568e-09
7.36931e-10
3.23926e-09
9.91236e-10
3.11998e-09
1.29186e-09
2.93997e-09
1.651e-09
2.67107e-09
2.08244e-09
2.27303e-09
2.59717e-09
1.69927e-09
3.19056e-09
9.24072e-10
3.80985e-09
4.28777e-09
1.47477e-08
6.76545e-07
5.93523e-10
8.14095e-08
1.04897e-09
1.91672e-10
1.75966e-09
4.23856e-10
2.08808e-09
8.84215e-11
2.27028e-09
-1.19449e-10
2.40892e-09
-2.47424e-10
2.53085e-09
-3.30335e-10
2.64394e-09
-3.84914e-10
2.75204e-09
-4.20402e-10
2.85803e-09
-4.41681e-10
2.96378e-09
-4.49173e-10
3.0693e-09
-4.39641e-10
3.17244e-09
-4.08116e-10
3.26958e-09
-3.50657e-10
3.35701e-09
-2.6685e-10
3.43196e-09
-1.58639e-10
3.49276e-09
-2.77931e-11
3.53839e-09
1.25423e-10
3.56806e-09
3.02406e-10
3.58075e-09
5.06093e-10
3.57465e-09
7.41342e-10
3.54576e-09
1.01628e-09
3.4853e-09
1.34415e-09
3.37505e-09
1.74502e-09
3.17948e-09
2.24761e-09
2.83409e-09
2.89057e-09
2.23644e-09
3.71769e-09
1.27612e-09
4.74242e-09
5.78367e-09
1.16301e-08
7.66172e-07
1.65508e-09
9.52015e-08
9.70384e-10
1.34529e-10
1.61271e-09
-7.77365e-11
1.88665e-09
-2.25224e-10
2.13037e-09
-3.47576e-10
2.31763e-09
-4.22673e-10
2.47138e-09
-4.77831e-10
2.60596e-09
-5.15455e-10
2.73043e-09
-5.41228e-10
2.85193e-09
-5.60445e-10
2.97549e-09
-5.71909e-10
3.10255e-09
-5.68342e-10
3.2302e-09
-5.39239e-10
3.35267e-09
-4.762e-10
3.4645e-09
-3.80095e-10
3.56272e-09
-2.57017e-10
3.64668e-09
-1.11422e-10
3.7169e-09
5.56429e-11
3.77433e-09
2.45571e-10
3.82028e-09
4.61056e-10
3.85641e-09
7.06078e-10
3.88383e-09
9.88402e-10
3.90041e-09
1.32343e-09
3.89544e-09
1.73733e-09
3.83771e-09
2.27242e-09
3.64742e-09
2.99982e-09
3.13627e-09
4.04723e-09
1.94396e-09
5.65846e-09
8.32081e-09
2.38872e-08
8.42463e-07
2.01277e-09
1.11239e-07
8.574e-10
7.08243e-10
1.44825e-09
-2.86507e-10
1.7715e-09
-5.64199e-10
2.04693e-09
-6.22954e-10
2.25983e-09
-6.17857e-10
2.43107e-09
-6.42859e-10
2.57807e-09
-6.57846e-10
2.71181e-09
-6.68606e-10
2.84377e-09
-6.86963e-10
2.9837e-09
-7.0967e-10
3.13521e-09
-7.22586e-10
3.29315e-09
-7.04291e-10
3.4464e-09
-6.34815e-10
3.5856e-09
-5.20314e-10
3.70773e-09
-3.77913e-10
3.81434e-09
-2.16518e-10
3.90821e-09
-3.70042e-11
3.99209e-09
1.63196e-10
4.06963e-09
3.86475e-10
4.1469e-09
6.33516e-10
4.23273e-09
9.07816e-10
4.33707e-09
1.22382e-09
4.46859e-09
1.60847e-09
4.62848e-09
2.1049e-09
4.78163e-09
2.78904e-09
4.71726e-09
3.81294e-09
3.36345e-09
5.52339e-09
8.83293e-09
6.95089e-09
8.34941e-07
6.75214e-09
1.04942e-07
1.34564e-09
8.86854e-09
1.2418e-09
-3.2014e-11
1.73595e-09
-5.98172e-10
2.02602e-09
-1.00556e-09
2.24368e-09
-7.82939e-10
2.41498e-09
-8.17901e-10
2.56344e-09
-8.04461e-10
2.69499e-09
-7.88384e-10
2.82762e-09
-8.09129e-10
2.98034e-09
-8.57226e-10
3.16145e-09
-9.08039e-10
3.36077e-09
-9.20534e-10
3.55418e-09
-8.38451e-10
3.72377e-09
-6.88434e-10
3.86828e-09
-5.17805e-10
3.99475e-09
-3.39725e-10
4.10949e-09
-1.50336e-10
4.21621e-09
5.77444e-11
4.31925e-09
2.88134e-10
4.42885e-09
5.33696e-10
4.56313e-09
7.85518e-10
4.74656e-09
1.05556e-09
5.01337e-09
1.36784e-09
5.426e-09
1.74964e-09
6.13335e-09
2.23849e-09
7.58768e-09
2.89211e-09
1.14799e-08
3.7892e-09
4.94842e-09
3.36369e-08
7.99535e-07
2.67718e-08
1.0019e-07
1.07583e-08
2.99182e-08
1.21236e-09
1.89952e-08
1.53171e-09
1.88729e-08
2.07772e-09
-7.07094e-10
2.27388e-09
-7.70456e-10
2.42173e-09
-1.04134e-09
2.56572e-09
-9.53708e-10
2.67708e-09
-8.71334e-10
2.79139e-09
-9.03939e-10
2.9486e-09
-1.00207e-09
3.16946e-09
-1.1318e-09
3.43432e-09
-1.23136e-09
3.68577e-09
-1.11002e-09
3.88703e-09
-8.7716e-10
4.04688e-09
-6.65144e-10
4.18689e-09
-4.7424e-10
4.31881e-09
-2.82351e-10
4.44401e-09
-7.00212e-11
4.56232e-09
1.74625e-10
4.68611e-09
4.27614e-10
4.84439e-09
6.45003e-10
5.07266e-09
8.45046e-10
5.4123e-09
1.05771e-09
5.9288e-09
1.28732e-09
6.7381e-09
1.52319e-09
8.02019e-09
1.72781e-09
9.86322e-09
1.79288e-09
1.38656e-09
5.46966e-08
7.39656e-07
7.76419e-08
6.85121e-08
7.27173e-08
2.76747e-08
6.09471e-08
2.48116e-08
2.66932e-08
2.94964e-08
1.83022e-09
7.92855e-09
2.39576e-09
-4.43906e-10
2.43231e-09
-9.35189e-10
2.60064e-09
-1.10794e-09
2.65621e-09
-8.39297e-10
2.71225e-09
-9.33219e-10
2.85322e-09
-1.1153e-09
3.13348e-09
-1.38574e-09
3.52129e-09
-1.76308e-09
3.86755e-09
-1.49309e-09
4.0917e-09
-1.04505e-09
4.24532e-09
-7.91365e-10
4.38714e-09
-6.09739e-10
4.53483e-09
-4.34811e-10
4.67871e-09
-2.301e-10
4.7999e-09
5.27732e-11
4.90889e-09
3.57163e-10
5.05566e-09
5.22257e-10
5.28738e-09
6.2277e-10
5.63439e-09
7.3145e-10
6.13881e-09
8.19011e-10
6.87006e-09
8.39163e-10
7.89176e-09
7.03036e-10
9.03223e-09
2.67962e-10
1.91523e-10
1.07659e-07
6.26585e-07
5.15054e-08
1.11049e-07
4.01161e-08
7.25128e-08
4.55182e-08
5.18623e-08
3.798e-08
6.53869e-08
1.33355e-08
4.76349e-08
1.61855e-09
2.8393e-08
2.39114e-09
1.75168e-08
2.7483e-09
-6.61563e-10
2.63489e-09
-5.53007e-10
2.54816e-09
-6.87075e-10
2.61857e-09
-8.77869e-10
2.98993e-09
-1.1738e-09
3.6498e-09
-1.70922e-09
4.17146e-09
-1.96533e-09
4.36689e-09
-1.0169e-09
4.45556e-09
-8.10319e-10
4.58152e-09
-6.89728e-10
4.75467e-09
-5.67058e-10
4.93612e-09
-3.96315e-10
5.04968e-09
-4.97154e-11
5.09389e-09
2.70615e-10
5.182e-09
3.48538e-10
5.38681e-09
3.56935e-10
5.69905e-09
3.88941e-10
6.12197e-09
3.9448e-10
6.71156e-09
3.21722e-10
7.64455e-09
7.31839e-11
8.79023e-09
-5.64296e-10
-7.88281e-10
5.47475e-07
7.51633e-08
5.66828e-07
8.66145e-08
5.13883e-07
1.02678e-07
4.58596e-07
9.53718e-08
3.88287e-07
1.21559e-07
3.22562e-07
1.08257e-07
2.45374e-07
1.04977e-07
9.09125e-08
1.04692e-07
2.60846e-09
7.21879e-08
2.5971e-09
5.54767e-09
2.22693e-09
8.54442e-11
2.08293e-09
7.33628e-10
2.55785e-09
1.13103e-08
3.91647e-09
3.69954e-08
4.80155e-09
-1.16038e-09
4.74876e-09
-6.26671e-10
4.62839e-09
-6.36987e-10
4.7286e-09
-6.24284e-10
4.96609e-09
-5.79493e-10
5.26131e-09
-5.66774e-10
5.36736e-09
-7.64597e-10
5.21485e-09
-4.6218e-09
5.13004e-09
-8.58346e-09
5.29141e-09
-7.20556e-09
5.59242e-09
-5.16076e-09
5.92215e-09
-2.68422e-09
6.20942e-09
2.79818e-10
7.18468e-09
5.53975e-09
9.13422e-09
1.42011e-08
-6.46434e-10
2.30868e-07
-1.72669e-07
3.75582e-07
-5.79421e-08
4.75213e-07
1.46927e-08
5.28086e-07
5.51122e-08
5.74947e-07
9.01198e-08
5.75281e-07
1.07954e-07
5.55884e-07
1.32207e-07
4.86033e-07
1.55299e-07
4.37043e-07
1.29032e-07
4.41976e-07
2.12887e-08
4.37869e-07
2.19899e-09
4.22416e-07
9.8247e-09
3.85976e-07
4.88858e-08
1.79333e-07
1.29892e-07
5.78489e-09
1.1309e-07
6.21472e-09
5.13747e-09
6.97564e-09
-7.02551e-09
7.69659e-09
-1.16124e-08
9.6749e-09
-1.55594e-08
1.72547e-08
-2.39365e-08
6.93421e-08
-5.5997e-08
1.78203e-07
-8.7706e-08
2.78865e-07
-8.60699e-08
3.44007e-07
-6.63145e-08
3.9123e-07
-4.86358e-08
4.13762e-07
-3.05111e-08
4.08433e-07
-9.07495e-09
3.77575e-07
2.8457e-08
1.81032e-07
1.01843e-07
1.1031e-07
5.82572e-08
-2.34392e-07
1.55424e-07
-1.55227e-07
2.53059e-07
-8.34188e-08
3.42805e-07
-2.44733e-08
4.27386e-07
1.5513e-08
4.95901e-07
4.86069e-08
5.63184e-07
7.75219e-08
6.30704e-07
9.54496e-08
6.71053e-07
7.6907e-08
6.82825e-07
1.96685e-08
6.95084e-07
-1.0055e-09
6.80526e-07
1.70007e-08
6.78771e-07
7.01389e-08
6.46138e-07
1.56477e-07
6.10248e-07
1.75193e-07
6.35774e-07
7.10676e-09
6.7103e-07
-3.96689e-08
7.27614e-07
-6.32036e-08
8.00628e-07
-8.05558e-08
8.89792e-07
-1.04462e-07
9.89608e-07
-1.56505e-07
1.08582e-06
-1.96728e-07
1.17234e-06
-1.86972e-07
1.25495e-06
-1.55172e-07
1.32682e-06
-1.22841e-07
1.39694e-06
-9.1375e-08
1.44839e-06
-5.57949e-08
1.5056e-06
-6.68459e-09
1.50893e-06
8.13695e-08
1.12589e-07
9.35891e-08
-3.46372e-07
1.8133e-07
-2.47926e-07
2.66478e-07
-1.65756e-07
3.46133e-07
-1.00323e-07
4.17582e-07
-5.21439e-08
4.87089e-07
-1.63102e-08
5.61624e-07
6.78251e-09
6.46168e-07
1.43948e-08
7.15002e-07
4.293e-09
7.54451e-07
-1.68746e-08
7.82441e-07
-2.44607e-08
8.06192e-07
-4.40269e-09
8.51922e-07
3.40312e-08
9.40158e-07
7.32242e-08
1.02673e-06
5.63756e-08
1.09763e-06
-4.31771e-08
1.18373e-06
-1.15228e-07
1.28364e-06
-1.59903e-07
1.3944e-06
-1.89873e-07
1.50325e-06
-2.15839e-07
1.58889e-06
-2.41654e-07
1.65239e-06
-2.54258e-07
1.71518e-06
-2.44402e-07
1.78458e-06
-2.22577e-07
1.85823e-06
-1.92933e-07
1.9382e-06
-1.63322e-07
2.03405e-06
-1.33869e-07
2.19149e-06
-1.32287e-07
2.43786e-06
-1.53538e-07
-1.72247e-07
1.22937e-07
-4.65813e-07
2.39166e-07
-3.51156e-07
3.47518e-07
-2.66414e-07
4.42884e-07
-1.9168e-07
5.28167e-07
-1.34311e-07
6.10034e-07
-9.50366e-08
6.93002e-07
-7.39469e-08
7.77056e-07
-6.84435e-08
8.53928e-07
-7.25288e-08
9.17728e-07
-7.9171e-08
9.76931e-07
-8.00686e-08
1.04782e-06
-6.96595e-08
1.14197e-06
-5.6191e-08
1.2733e-06
-5.61672e-08
1.41456e-06
-8.93165e-08
1.53339e-06
-1.54403e-07
1.64223e-06
-2.16787e-07
1.74679e-06
-2.61284e-07
1.84459e-06
-2.87942e-07
1.92423e-06
-2.97592e-07
1.9778e-06
-2.94429e-07
2.00806e-06
-2.80642e-07
2.03521e-06
-2.65154e-07
2.07042e-06
-2.55251e-07
2.12198e-06
-2.41659e-07
2.17809e-06
-2.18587e-07
2.24259e-06
-1.83605e-07
2.34485e-06
-2.08483e-07
2.54676e-06
-3.22439e-07
-5.57791e-07
2.45256e-07
-6.73337e-07
4.29454e-07
-5.1704e-07
5.4794e-07
-3.82176e-07
6.36054e-07
-2.79488e-07
7.12699e-07
-2.10598e-07
7.86792e-07
-1.68197e-07
8.61271e-07
-1.47713e-07
9.34739e-07
-1.41625e-07
1.00639e-06
-1.43889e-07
1.07725e-06
-1.49008e-07
1.15491e-06
-1.54934e-07
1.2497e-06
-1.60653e-07
1.3678e-06
-1.70823e-07
1.50409e-06
-1.90735e-07
1.63586e-06
-2.21718e-07
1.74092e-06
-2.58972e-07
1.81815e-06
-2.92168e-07
1.87607e-06
-3.17895e-07
1.91684e-06
-3.29665e-07
1.9406e-06
-3.23461e-07
1.94232e-06
-2.97668e-07
1.91672e-06
-2.51889e-07
1.88908e-06
-2.28585e-07
1.86897e-06
-2.31809e-07
1.88733e-06
-2.55243e-07
1.89553e-06
-2.44439e-07
1.90693e-06
-1.79913e-07
1.86082e-06
-1.78958e-07
2.02112e-06
-3.53484e-07
-1.05014e-06
8.55551e-07
-6.51276e-07
8.0076e-07
-5.04517e-07
7.72763e-07
-3.73537e-07
7.68203e-07
-2.83572e-07
7.82426e-07
-2.29044e-07
8.1096e-07
-1.98651e-07
8.49572e-07
-1.8733e-07
8.95915e-07
-1.88029e-07
9.50499e-07
-1.97607e-07
1.01633e-06
-2.12724e-07
1.09664e-06
-2.32405e-07
1.19344e-06
-2.54514e-07
1.30335e-06
-2.78983e-07
1.4108e-06
-2.98209e-07
1.50208e-06
-3.12638e-07
1.5649e-06
-3.21172e-07
1.60072e-06
-3.24801e-07
1.61442e-06
-3.27448e-07
1.60657e-06
-3.16632e-07
1.60037e-06
-3.14331e-07
1.57221e-06
-2.77775e-07
1.51347e-06
-1.83606e-07
1.44631e-06
-1.53192e-07
1.39269e-06
-1.63165e-07
1.37401e-06
-2.35327e-07
1.36247e-06
-2.61029e-07
1.30982e-06
-1.38311e-07
1.22128e-06
-9.91861e-08
9.62314e-07
-2.30776e-07
-6.95859e-07
7.35775e-07
-4.6265e-07
6.36952e-07
-3.92366e-07
6.02587e-07
-3.31231e-07
6.0889e-07
-2.83008e-07
6.36676e-07
-2.51451e-07
6.77154e-07
-2.34189e-07
7.27023e-07
-2.32954e-07
7.85009e-07
-2.41832e-07
8.53199e-07
-2.61485e-07
9.33118e-07
-2.88573e-07
1.02284e-06
-3.1895e-07
1.1222e-06
-3.51237e-07
1.21729e-06
-3.74405e-07
1.292e-06
-3.73764e-07
1.33893e-06
-3.59497e-07
1.34969e-06
-3.3145e-07
1.34781e-06
-3.20732e-07
1.31669e-06
-3.02335e-07
1.25746e-06
-2.46284e-07
1.22133e-06
-2.74758e-07
1.16754e-06
-2.66852e-07
1.09272e-06
-9.04328e-08
1.00423e-06
-6.75806e-08
9.3236e-07
-7.44719e-08
8.52629e-07
-1.48689e-07
7.66623e-07
-1.46115e-07
6.99942e-07
-5.57896e-08
6.10361e-07
-2.74939e-08
3.35924e-07
-5.39711e-08
-3.12029e-08
8.3027e-07
-3.75967e-07
7.89891e-07
-3.56116e-07
7.7269e-07
-3.23593e-07
7.71579e-07
-2.90582e-07
7.79187e-07
-2.66786e-07
7.94735e-07
-2.54998e-07
8.17524e-07
-2.60548e-07
8.47197e-07
-2.75059e-07
8.89787e-07
-3.06344e-07
9.40516e-07
-3.419e-07
1.00129e-06
-3.80722e-07
1.06804e-06
-4.19622e-07
1.11212e-06
-4.23852e-07
1.1304e-06
-3.95814e-07
1.10793e-06
-3.43519e-07
1.04958e-06
-2.68687e-07
1.00488e-06
-2.70558e-07
9.23307e-07
-2.60263e-07
8.31896e-07
-1.21137e-07
7.35601e-07
-1.63485e-07
6.42196e-07
-1.3306e-07
5.96969e-07
-1.90039e-08
5.19781e-07
-1.30947e-08
4.77581e-07
-1.48286e-08
2.89499e-07
-4.09402e-08
4.89559e-08
-1.11485e-08
7.40613e-09
-2.84168e-09
5.48905e-09
-4.13643e-09
3.15101e-09
-5.05891e-09
-5.9736e-09
8.42674e-07
-3.03576e-07
7.81098e-07
-2.9252e-07
7.32281e-07
-2.73381e-07
7.00394e-07
-2.57084e-07
6.81353e-07
-2.46116e-07
6.78627e-07
-2.48036e-07
6.85955e-07
-2.64715e-07
7.08583e-07
-2.90846e-07
7.46002e-07
-3.38543e-07
7.87496e-07
-3.7726e-07
8.4572e-07
-4.30437e-07
8.85692e-07
-4.57691e-07
8.83624e-07
-4.2062e-07
8.55699e-07
-3.68465e-07
7.73488e-07
-2.77679e-07
6.91146e-07
-1.67205e-07
6.02141e-07
-1.60677e-07
4.89396e-07
-1.21115e-07
4.27743e-07
-2.53364e-08
2.07613e-07
-4.21591e-08
6.20556e-09
9.24097e-11
6.49833e-09
-1.03087e-09
5.16371e-09
-1.26828e-09
4.57806e-09
-1.50069e-09
4.59977e-09
-1.51632e-09
5.15297e-09
-1.57941e-09
5.0254e-09
-3.20188e-09
3.88414e-09
-4.67134e-09
2.14751e-09
-5.67198e-09
-6.44443e-09
8.53932e-07
-2.42699e-07
8.01751e-07
-2.3918e-07
7.61106e-07
-2.32023e-07
7.32415e-07
-2.29696e-07
7.1355e-07
-2.28541e-07
7.0734e-07
-2.42976e-07
7.04475e-07
-2.64323e-07
7.18404e-07
-3.04114e-07
7.30321e-07
-3.55455e-07
7.49695e-07
-3.95717e-07
7.7727e-07
-4.60993e-07
7.43182e-07
-4.35351e-07
6.78798e-07
-3.59527e-07
5.8364e-07
-2.88524e-07
4.50366e-07
-1.31519e-07
3.82761e-07
-5.86056e-08
1.92834e-07
-4.37238e-08
5.94627e-09
9.05139e-11
5.01591e-09
-3.4778e-10
4.99441e-09
7.94218e-11
5.69679e-09
3.87239e-10
5.51822e-09
-9.90008e-10
4.96601e-09
-1.38305e-09
4.54352e-09
-1.68832e-09
4.33643e-09
-1.83704e-09
4.22763e-09
-2.04494e-09
3.80061e-09
-2.79319e-09
2.87393e-09
-3.64459e-09
1.55488e-09
-4.31946e-09
-4.74347e-09
8.611e-07
-1.89452e-07
8.11202e-07
-1.89058e-07
7.67908e-07
-1.87473e-07
7.27505e-07
-1.90495e-07
6.94866e-07
-1.94425e-07
6.65291e-07
-2.14492e-07
6.40668e-07
-2.36617e-07
6.28339e-07
-2.89518e-07
6.0787e-07
-3.32483e-07
6.1747e-07
-3.94355e-07
5.92905e-07
-4.41279e-07
4.94925e-07
-3.40436e-07
3.9274e-07
-2.48966e-07
2.22351e-07
-1.14931e-07
5.35545e-08
-1.23562e-08
4.29678e-09
-2.23339e-10
4.45003e-09
1.21914e-10
4.83807e-09
6.46264e-10
4.88323e-09
-1.74684e-10
4.92086e-09
-1.25673e-13
5.07453e-09
-1.33505e-10
4.95585e-09
-6.58193e-10
4.63857e-09
-1.02154e-09
4.29358e-09
-1.30307e-09
3.9748e-09
-1.53514e-09
3.62054e-09
-1.82064e-09
3.07546e-09
-2.28205e-09
2.25608e-09
-2.79436e-09
1.19809e-09
-3.2178e-09
-3.46652e-09
8.64527e-07
-1.40126e-07
8.16014e-07
-1.40602e-07
7.71338e-07
-1.41983e-07
7.25858e-07
-1.46238e-07
6.86784e-07
-1.53906e-07
6.43292e-07
-1.73336e-07
6.09552e-07
-1.98602e-07
5.72396e-07
-2.54494e-07
5.39947e-07
-2.93246e-07
5.28053e-07
-3.81619e-07
4.28745e-07
-3.60515e-07
2.92531e-07
-2.17513e-07
1.22295e-07
-9.53584e-08
3.58065e-09
1.27985e-10
4.63964e-09
1.89138e-10
4.4579e-09
1.08891e-10
4.51327e-09
1.43933e-10
4.65429e-09
2.31994e-10
4.71255e-09
-2.90333e-12
4.73128e-09
-7.3735e-11
4.72463e-09
-2.18864e-10
4.59209e-09
-4.87736e-10
4.33883e-09
-7.41875e-10
4.0174e-09
-9.67272e-10
3.64865e-09
-1.17982e-09
3.20427e-09
-1.42041e-09
2.62463e-09
-1.72002e-09
1.87684e-09
-2.03299e-09
9.81406e-10
-2.29086e-09
-2.4383e-09
8.66033e-07
-9.27134e-08
8.18628e-07
-9.32543e-08
7.72073e-07
-9.54364e-08
7.23826e-07
-9.87797e-08
6.7679e-07
-1.06644e-07
6.21923e-07
-1.20313e-07
5.70599e-07
-1.44404e-07
5.01339e-07
-1.8697e-07
4.50833e-07
-2.29912e-07
3.82785e-07
-3.14605e-07
2.38626e-07
-2.2754e-07
8.29042e-08
-7.41027e-08
3.64782e-09
1.73711e-10
4.44468e-09
5.06379e-10
4.44716e-09
2.20994e-10
4.4483e-09
1.29261e-10
4.49088e-09
1.06163e-10
4.55328e-09
9.52074e-11
4.5814e-09
4.81055e-12
4.56709e-09
-7.30492e-11
4.50059e-09
-1.80499e-10
4.34907e-09
-3.32034e-10
4.10727e-09
-4.90972e-10
3.78853e-09
-6.44339e-10
3.39811e-09
-7.96468e-10
2.92327e-09
-9.61154e-10
2.34197e-09
-1.14464e-09
1.64526e-09
-1.32672e-09
8.50682e-10
-1.47435e-09
-1.55753e-09
8.66645e-07
-4.61839e-08
8.19887e-07
-4.6507e-08
7.71756e-07
-4.79668e-08
7.2232e-07
-4.97195e-08
6.69191e-07
-5.45298e-08
6.08941e-07
-6.12103e-08
5.40674e-07
-7.62265e-08
4.50509e-07
-9.81598e-08
3.66828e-07
-1.3646e-07
2.3891e-07
-1.84559e-07
7.21929e-08
-8.01482e-08
3.08679e-09
1.91156e-10
4.07794e-09
4.40538e-10
4.22107e-09
2.52362e-10
4.33207e-09
1.38595e-10
4.39727e-09
8.10265e-11
4.44869e-09
5.62622e-11
4.48652e-09
3.78633e-11
4.49268e-09
-2.38855e-14
4.45509e-09
-4.27816e-11
4.36155e-09
-9.80568e-11
4.19633e-09
-1.68935e-10
3.95265e-09
-2.45638e-10
3.63136e-09
-3.22635e-10
3.232e-09
-4.00551e-10
2.74876e-09
-4.83092e-10
2.17472e-09
-5.70662e-10
1.51152e-09
-6.54922e-10
7.7606e-10
-7.22306e-10
-7.59948e-10
8.66848e-07
8.20403e-07
7.71377e-07
7.2163e-07
6.65206e-07
6.03707e-07
5.25008e-07
4.26579e-07
2.89876e-07
1.00572e-07
2.10613e-09
3.38226e-09
3.80487e-09
4.09624e-09
4.26278e-09
4.36004e-09
4.42006e-09
4.45143e-09
4.4477e-09
4.399e-09
4.2942e-09
4.12206e-09
3.87565e-09
3.55226e-09
3.14977e-09
2.66505e-09
2.09661e-09
1.45005e-09
7.42036e-10
)
;

boundaryField
{
    inlet1
    {
        type            calculated;
        value           nonuniform List<scalar> 10(-1e-07 -1e-07 -1e-07 -1e-07 -1e-07 -1e-07 -1e-07 -1e-07 -1e-07 -1e-07);
    }
    inlet2
    {
        type            calculated;
        value           uniform 0;
    }
    inlet3
    {
        type            calculated;
        value           nonuniform List<scalar> 10(-9.13394e-07 -9.13394e-07 -9.13394e-07 -9.13394e-07 -9.13394e-07 -9.13394e-07 -9.13394e-07 -9.13394e-07 -9.13394e-07 -9.13394e-07);
    }
    output1
    {
        type            calculated;
        value           uniform 0;
    }
    output2
    {
        type            calculated;
        value           nonuniform List<scalar> 10(1.87495e-08 1.20753e-08 1.00204e-08 9.71195e-09 1.08516e-08 1.00646e-08 1.59628e-06 2.68719e-06 2.89964e-06 2.87936e-06);
    }
    output3
    {
        type            calculated;
        value           uniform -0;
    }
    up
    {
        type            calculated;
        value           uniform 0;
    }
    down
    {
        type            calculated;
        value           uniform 0;
    }
    emptyWalls
    {
        type            empty;
        value           nonuniform List<scalar> 0();
    }
}


// ************************************************************************* //
