/*--------------------------------*- C++ -*----------------------------------*\
  =========                 |
  \\      /  F ield         | OpenFOAM: The Open Source CFD Toolbox
   \\    /   O peration     | Website:  https://openfoam.org
    \\  /    A nd           | Version:  9
     \\/     M anipulation  |
\*---------------------------------------------------------------------------*/
FoamFile
{
    format      ascii;
    class       volScalarField;
    location    "10000";
    object      Sw;
}
// * * * * * * * * * * * * * * * * * * * * * * * * * * * * * * * * * * * * * //

dimensions      [0 0 0 0 0 0 0];

internalField   nonuniform List<scalar> 
900
(
0.635586
0.612371
0.543542
0.377264
0.150355
0.15
0.15
0.15
0.15
0.15
0.15
0.15
0.15
0.15
0.15
0.15
0.15
0.15
0.15
0.15
0.15
0.15
0.15
0.15
0.15
0.15
0.15
0.15
0.15
0.15
0.883135
0.685391
0.540077
0.323476
0.150036
0.15
0.15
0.15
0.15
0.15
0.15
0.15
0.15
0.15
0.15
0.15
0.15
0.15
0.15
0.15
0.15
0.15
0.15
0.15
0.15
0.15
0.15
0.15
0.15
0.15
0.636847
0.567422
0.543261
0.297107
0.150009
0.15
0.15
0.15
0.15
0.15
0.15
0.15
0.15
0.15
0.15
0.15
0.15
0.15
0.15
0.15
0.15
0.15
0.15
0.15
0.15
0.15
0.15
0.15
0.15
0.15
0.773358
0.593714
0.548435
0.256289
0.150001
0.15
0.15
0.15
0.15
0.15
0.15
0.15
0.15
0.15
0.15
0.15
0.15
0.15
0.15
0.15
0.15
0.15
0.15
0.15
0.15
0.15
0.15
0.15
0.15
0.15
0.657295
0.570197
0.552985
0.20937
0.15
0.15
0.15
0.15
0.15
0.15
0.15
0.15
0.15
0.15
0.15
0.15
0.15
0.15
0.15
0.15
0.15
0.15
0.15
0.15
0.15
0.15
0.15
0.15
0.15
0.15
0.741825
0.584932
0.570038
0.162442
0.15
0.15
0.15
0.15
0.15
0.15
0.15
0.15
0.15
0.15
0.15
0.15
0.15
0.15
0.15
0.15
0.15
0.15
0.15
0.15
0.15
0.15
0.15
0.15
0.15
0.15
0.67925
0.561793
0.409779
0.150328
0.15
0.15
0.15
0.15
0.15
0.15
0.15
0.15
0.15
0.15
0.15
0.15
0.15
0.15
0.15
0.15
0.15
0.15
0.15
0.15
0.15
0.15
0.15
0.15
0.15
0.15
0.752043
0.582737
0.309262
0.150024
0.15
0.15
0.15
0.15
0.15
0.15
0.15
0.15
0.15
0.15
0.15
0.15
0.15
0.15
0.15
0.15
0.15
0.15
0.15
0.15
0.15
0.15
0.15
0.15
0.15
0.15
0.713849
0.591713
0.243424
0.150001
0.15
0.15
0.15
0.15
0.15
0.15
0.15
0.15
0.15
0.15
0.15
0.15
0.15
0.15
0.15
0.15
0.15
0.15
0.15
0.15
0.15
0.15
0.15
0.15
0.15
0.15
0.78923
0.620382
0.208229
0.15
0.15
0.15
0.15
0.15
0.15
0.15
0.15
0.15
0.15
0.15
0.15
0.15
0.15
0.15
0.15
0.15
0.15
0.15
0.15
0.15
0.15
0.15
0.15
0.15
0.15
0.15
0.76724
0.638141
0.398264
0.150163
0.15
0.15
0.15
0.15
0.15
0.15
0.15
0.15
0.15
0.15
0.15
0.15
0.15
0.15
0.15
0.15
0.15
0.15
0.15
0.15
0.15
0.15
0.15
0.15
0.15
0.15
0.838461
0.646544
0.52424
0.366007
0.150199
0.15
0.15
0.15
0.15
0.15
0.15
0.15
0.15
0.15
0.15
0.15
0.15
0.15
0.15
0.15
0.15
0.15
0.15
0.15
0.15
0.15
0.15
0.15
0.15
0.15
0.8269
0.686507
0.589467
0.552335
0.54615
0.206938
0.15
0.15
0.15
0.15
0.15
0.15
0.15
0.15
0.15
0.15
0.15
0.15
0.15
0.15
0.15
0.15
0.15
0.15
0.15
0.15
0.15
0.15
0.15
0.15
0.943492
0.630684
0.531072
0.502884
0.493142
0.44363
0.153948
0.150002
0.15
0.15
0.15
0.15
0.15
0.15
0.15
0.15
0.15
0.15
0.15
0.15
0.15
0.15
0.15
0.15
0.15
0.15
0.15
0.15
0.15
0.15
0.948081
0.783689
0.695602
0.63953
0.609129
0.576897
0.566733
0.52726
0.165582
0.150002
0.150002
0.150002
0.150002
0.150003
0.150002
0.150004
0.150006
0.150006
0.150005
0.150005
0.150008
0.150162
0.151781
0.153878
0.153746
0.151231
0.15
0.15
0.15
0.15
0.797138
0.697122
0.670596
0.632105
0.621876
0.607011
0.596442
0.575825
0.548356
0.542253
0.547289
0.547363
0.551254
0.544069
0.327566
0.315651
0.331463
0.336217
0.337508
0.347732
0.372689
0.438646
0.473974
0.485868
0.491107
0.493713
0.491935
0.488654
0.477737
0.275279
0.614555
0.606411
0.604501
0.592579
0.59251
0.588374
0.585328
0.580514
0.577783
0.573162
0.57313
0.573043
0.566537
0.558201
0.532201
0.526739
0.528884
0.531952
0.534766
0.537511
0.541642
0.546928
0.55141
0.554121
0.555688
0.555545
0.555263
0.551334
0.546622
0.53359
0.604564
0.595159
0.589327
0.586635
0.58458
0.582619
0.581484
0.581374
0.582981
0.581335
0.579632
0.576863
0.572134
0.567721
0.564872
0.561957
0.562849
0.565204
0.567635
0.570133
0.572001
0.572846
0.573353
0.573987
0.574161
0.573705
0.572048
0.569219
0.567563
0.568364
0.585392
0.584986
0.589037
0.591882
0.59304
0.593222
0.593449
0.593885
0.594329
0.59341
0.591455
0.589048
0.5869
0.585284
0.585832
0.585441
0.585343
0.585751
0.586298
0.586681
0.58636
0.585377
0.583866
0.582776
0.581523
0.580692
0.578289
0.575074
0.570179
0.567576
0.587507
0.596398
0.60392
0.607093
0.607972
0.607564
0.60712
0.606332
0.605235
0.603437
0.60123
0.599191
0.597886
0.597414
0.597305
0.596345
0.594556
0.592493
0.590425
0.588237
0.586078
0.583358
0.580079
0.577325
0.574071
0.57319
0.569485
0.568984
0.557329
0.54808
0.608871
0.619468
0.618961
0.615316
0.611922
0.608936
0.606653
0.604368
0.6023
0.600108
0.598342
0.596878
0.59616
0.595504
0.594215
0.592067
0.588827
0.585315
0.581092
0.576677
0.573715
0.569323
0.565798
0.561217
0.557039
0.552812
0.549834
0.548009
0.556367
0.582763
0.596389
0.593316
0.593345
0.593996
0.594877
0.595402
0.595935
0.59599
0.595865
0.595549
0.595177
0.594475
0.593933
0.592044
0.589287
0.585097
0.579835
0.575591
0.568348
0.561231
0.555728
0.549481
0.546929
0.541716
0.537277
0.521062
0.515096
0.515246
0.521465
0.479585
0.598646
0.600058
0.603003
0.605191
0.60631
0.605865
0.605128
0.603342
0.60151
0.599626
0.59704
0.59472
0.591422
0.585979
0.580609
0.572258
0.564024
0.557731
0.547021
0.538958
0.519252
0.513133
0.513318
0.508972
0.517222
0.419669
0.150373
0.15
0.15
0.15
0.599277
0.598522
0.597955
0.597748
0.597389
0.596385
0.596047
0.594185
0.594015
0.592128
0.58996
0.587801
0.580424
0.571346
0.561869
0.549308
0.541624
0.52121
0.513199
0.517606
0.209617
0.15
0.15
0.15
0.15
0.15
0.15
0.15
0.15
0.15
0.599412
0.599036
0.598712
0.599548
0.59981
0.600404
0.600494
0.599064
0.59917
0.594258
0.592166
0.584735
0.569137
0.554311
0.531507
0.516286
0.524134
0.326116
0.150002
0.15
0.15
0.15
0.15
0.15
0.15
0.15
0.15
0.15
0.15
0.15
0.59963
0.59958
0.59908
0.599837
0.599081
0.6001
0.59805
0.597732
0.594824
0.589085
0.587249
0.568777
0.546853
0.52245
0.449008
0.151389
0.15
0.15
0.15
0.15
0.15
0.15
0.15
0.15
0.15
0.15
0.15
0.15
0.15
0.15
0.599844
0.599873
0.599626
0.600296
0.599771
0.601286
0.598935
0.600835
0.594273
0.59266
0.582939
0.549268
0.521433
0.251169
0.15
0.15
0.15
0.15
0.15
0.15
0.15
0.15
0.15
0.15
0.15
0.15
0.15
0.15
0.15
0.15
0.600022
0.600025
0.600192
0.60057
0.600829
0.601869
0.600813
0.602112
0.593491
0.593666
0.564956
0.514538
0.167935
0.15
0.15
0.15
0.15
0.15
0.15
0.15
0.15
0.15
0.15
0.15
0.15
0.15
0.15
0.15
0.15
0.15
0.600136
0.600114
0.600597
0.600739
0.601746
0.602245
0.603388
0.603428
0.598215
0.5928
0.537165
0.179089
0.15
0.15
0.15
0.15
0.15
0.15
0.15
0.15
0.15
0.15
0.15
0.15
0.15
0.15
0.15
0.15
0.15
0.15
0.600194
0.600152
0.60081
0.600811
0.602269
0.602361
0.60516
0.604351
0.607184
0.591227
0.26758
0.15
0.15
0.15
0.15
0.15
0.15
0.15
0.15
0.15
0.15
0.15
0.15
0.15
0.15
0.15
0.15
0.15
0.15
0.15
)
;

boundaryField
{
    inlet1
    {
        type            fixedValue;
        value           uniform 0.85;
    }
    inlet2
    {
        type            zeroGradient;
    }
    inlet3
    {
        type            fixedValue;
        value           uniform 0.6;
    }
    output1
    {
        type            zeroGradient;
    }
    output2
    {
        type            zeroGradient;
    }
    output3
    {
        type            zeroGradient;
    }
    up
    {
        type            zeroGradient;
    }
    down
    {
        type            zeroGradient;
    }
    emptyWalls
    {
        type            empty;
    }
}


// ************************************************************************* //
