/*--------------------------------*- C++ -*----------------------------------*\
  =========                 |
  \\      /  F ield         | OpenFOAM: The Open Source CFD Toolbox
   \\    /   O peration     | Website:  https://openfoam.org
    \\  /    A nd           | Version:  9
     \\/     M anipulation  |
\*---------------------------------------------------------------------------*/
FoamFile
{
    format      ascii;
    class       volVectorField;
    location    "10000";
    object      ut;
}
// * * * * * * * * * * * * * * * * * * * * * * * * * * * * * * * * * * * * * //

dimensions      [0 1 -1 0 0 0 0];

internalField   nonuniform List<vector> 
900
(
(7.97664e-07 4.21483e-07 -0)
(6.73538e-07 8.18384e-08 -0)
(5.14851e-07 2.48689e-08 -0)
(3.52986e-07 -2.57812e-09 -0)
(2.42608e-07 4.03731e-08 -0)
(3.2165e-07 1.50312e-08 -0)
(3.00411e-07 6.07904e-09 -0)
(2.91955e-07 2.37655e-09 -0)
(2.88973e-07 6.03406e-10 -0)
(2.887e-07 -3.32228e-10 -0)
(2.89854e-07 -8.25623e-10 -0)
(2.9171e-07 -1.03378e-09 -0)
(2.93764e-07 -1.02408e-09 -0)
(2.9561e-07 -8.26586e-10 -0)
(2.96887e-07 -4.54293e-10 -0)
(2.97249e-07 8.84574e-11 -0)
(2.96355e-07 8.02384e-10 -0)
(2.93859e-07 1.69124e-09 -0)
(2.89404e-07 2.76114e-09 -0)
(2.82621e-07 4.01974e-09 -0)
(2.73125e-07 5.47402e-09 -0)
(2.60524e-07 7.12683e-09 -0)
(2.44425e-07 8.97197e-09 -0)
(2.24467e-07 1.09864e-08 -0)
(2.0036e-07 1.31207e-08 -0)
(1.7195e-07 1.52897e-08 -0)
(1.39298e-07 1.73646e-08 -0)
(1.0276e-07 1.91755e-08 -0)
(6.30556e-08 2.05321e-08 -0)
(2.12623e-08 2.12633e-08 -0)
(1.02873e-05 2.3748e-05 -0)
(1.32422e-06 2.59168e-06 -0)
(3.62345e-07 4.60703e-07 -0)
(1.39278e-07 2.13566e-09 -0)
(2.5853e-07 6.43595e-08 -0)
(2.87295e-07 2.8759e-08 -0)
(2.87757e-07 1.29866e-08 -0)
(2.86479e-07 5.19917e-09 -0)
(2.86264e-07 9.71332e-10 -0)
(2.87271e-07 -1.44053e-09 -0)
(2.89153e-07 -2.76376e-09 -0)
(2.91512e-07 -3.32082e-09 -0)
(2.93971e-07 -3.26148e-09 -0)
(2.9618e-07 -2.65586e-09 -0)
(2.97802e-07 -1.5345e-09 -0)
(2.98506e-07 9.33119e-11 -0)
(2.97958e-07 2.23117e-09 -0)
(2.95817e-07 4.89161e-09 -0)
(2.91732e-07 8.09447e-09 -0)
(2.85334e-07 1.18639e-08 -0)
(2.76232e-07 1.62237e-08 -0)
(2.64022e-07 2.11882e-08 -0)
(2.48285e-07 2.67464e-08 -0)
(2.28616e-07 3.28394e-08 -0)
(2.04664e-07 3.93294e-08 -0)
(1.76194e-07 4.59655e-08 -0)
(1.43183e-07 5.2358e-08 -0)
(1.05928e-07 5.79801e-08 -0)
(6.51435e-08 6.22234e-08 -0)
(2.19935e-08 6.45209e-08 -0)
(9.52386e-07 4.22279e-06 -0)
(6.86431e-07 1.46791e-06 -0)
(5.60589e-07 1.15986e-06 -0)
(1.06985e-07 4.66944e-09 -0)
(2.69931e-07 3.66256e-08 -0)
(2.70267e-07 2.27739e-08 -0)
(2.76851e-07 1.19085e-08 -0)
(2.7994e-07 4.46165e-09 -0)
(2.82333e-07 -4.77527e-10 -0)
(2.84965e-07 -3.63853e-09 -0)
(2.87974e-07 -5.46916e-09 -0)
(2.91212e-07 -6.22522e-09 -0)
(2.94429e-07 -6.04605e-09 -0)
(2.97337e-07 -5.00185e-09 -0)
(2.99636e-07 -3.12226e-09 -0)
(3.01015e-07 -4.12846e-10 -0)
(3.01153e-07 3.13661e-09 -0)
(2.99722e-07 7.54919e-09 -0)
(2.96376e-07 1.28609e-08 -0)
(2.9075e-07 1.91174e-08 -0)
(2.8245e-07 2.63687e-08 -0)
(2.71047e-07 3.46559e-08 -0)
(2.56076e-07 4.39866e-08 -0)
(2.3705e-07 5.42959e-08 -0)
(2.13486e-07 6.5392e-08 -0)
(1.84979e-07 7.68847e-08 -0)
(1.51312e-07 8.81217e-08 -0)
(1.12626e-07 9.81641e-08 -0)
(6.95965e-08 1.0586e-07 -0)
(2.35599e-08 1.10076e-07 -0)
(4.44239e-06 4.78899e-05 -0)
(9.25952e-07 4.17771e-06 -0)
(5.82257e-07 1.86123e-06 -0)
(9.63568e-08 5.96034e-09 -0)
(2.75298e-07 1.70935e-08 -0)
(2.62576e-07 1.38122e-08 -0)
(2.69444e-07 7.41257e-09 -0)
(2.74093e-07 1.21714e-09 -0)
(2.78164e-07 -3.70389e-09 -0)
(2.82279e-07 -7.16618e-09 -0)
(2.86566e-07 -9.24838e-09 -0)
(2.90935e-07 -1.00641e-08 -0)
(2.95194e-07 -9.69502e-09 -0)
(2.99104e-07 -8.18271e-09 -0)
(3.02391e-07 -5.53949e-09 -0)
(3.04765e-07 -1.75898e-09 -0)
(3.0592e-07 3.1787e-09 -0)
(3.05542e-07 9.30823e-09 -0)
(3.03301e-07 1.6683e-08 -0)
(2.98841e-07 2.53764e-08 -0)
(2.91771e-07 3.54779e-08 -0)
(2.8164e-07 4.70796e-08 -0)
(2.67925e-07 6.02469e-08 -0)
(2.50021e-07 7.49654e-08 -0)
(2.27253e-07 9.10569e-08 -0)
(1.98924e-07 1.08058e-07 -0)
(1.64463e-07 1.25079e-07 -0)
(1.23666e-07 1.40694e-07 -0)
(7.70551e-08 1.52975e-07 -0)
(2.6209e-08 1.59845e-07 -0)
(1.7504e-06 1.5782e-05 -0)
(7.30139e-07 3.94518e-06 -0)
(5.53941e-07 2.35222e-06 -0)
(1.12517e-07 8.23036e-09 -0)
(2.74638e-07 7.65668e-09 -0)
(2.60586e-07 7.97152e-09 -0)
(2.64256e-07 2.7127e-09 -0)
(2.68823e-07 -3.30161e-09 -0)
(2.7395e-07 -8.38891e-09 -0)
(2.7942e-07 -1.20737e-08 -0)
(2.85076e-07 -1.42936e-08 -0)
(2.90766e-07 -1.50874e-08 -0)
(2.9631e-07 -1.44867e-08 -0)
(3.01493e-07 -1.24942e-08 -0)
(3.0606e-07 -9.09376e-09 -0)
(3.09733e-07 -4.2619e-09 -0)
(3.12221e-07 2.02915e-09 -0)
(3.13226e-07 9.82255e-09 -0)
(3.12444e-07 1.91871e-08 -0)
(3.09545e-07 3.02275e-08 -0)
(3.04153e-07 4.30866e-08 -0)
(2.95816e-07 5.79369e-08 -0)
(2.83962e-07 7.49546e-08 -0)
(2.6786e-07 9.42614e-08 -0)
(2.46579e-07 1.15812e-07 -0)
(2.19001e-07 1.3921e-07 -0)
(1.83949e-07 1.6344e-07 -0)
(1.40522e-07 1.86557e-07 -0)
(8.87476e-08 2.05501e-07 -0)
(3.04301e-08 2.16485e-07 -0)
(1.71729e-06 6.57946e-05 -0)
(-3.30124e-07 6.49944e-06 -0)
(4.70118e-08 3.25712e-06 -0)
(1.36674e-07 3.35843e-08 -0)
(2.72569e-07 1.64073e-08 -0)
(2.57632e-07 7.70495e-09 -0)
(2.58171e-07 -1.23176e-09 -0)
(2.62991e-07 -8.74753e-09 -0)
(2.69392e-07 -1.44764e-08 -0)
(2.76374e-07 -1.84457e-08 -0)
(2.83552e-07 -2.07645e-08 -0)
(2.90742e-07 -2.15045e-08 -0)
(2.97788e-07 -2.06695e-08 -0)
(3.04497e-07 -1.82135e-08 -0)
(3.10624e-07 -1.40791e-08 -0)
(3.15888e-07 -8.22388e-09 -0)
(3.20004e-07 -6.21503e-10 -0)
(3.227e-07 8.76656e-09 -0)
(3.23706e-07 2.00155e-08 -0)
(3.22741e-07 3.32595e-08 -0)
(3.1948e-07 4.87031e-08 -0)
(3.13508e-07 6.66264e-08 -0)
(3.04249e-07 8.73737e-08 -0)
(2.90878e-07 1.11313e-07 -0)
(2.72201e-07 1.38717e-07 -0)
(2.46553e-07 1.69528e-07 -0)
(2.1181e-07 2.02917e-07 -0)
(1.65727e-07 2.36593e-07 -0)
(1.06983e-07 2.65987e-07 -0)
(3.71931e-08 2.84108e-07 -0)
(3.56404e-07 3.23846e-05 -0)
(-1.2674e-06 5.34651e-06 -0)
(2.20501e-07 2.32934e-07 -0)
(1.51374e-07 8.20473e-08 -0)
(2.46903e-07 3.14976e-08 -0)
(2.42947e-07 7.67242e-09 -0)
(2.47804e-07 -6.59745e-09 -0)
(2.55578e-07 -1.59805e-08 -0)
(2.64252e-07 -2.23236e-08 -0)
(2.73132e-07 -2.6468e-08 -0)
(2.82017e-07 -2.8814e-08 -0)
(2.90861e-07 -2.94965e-08 -0)
(2.99601e-07 -2.84728e-08 -0)
(3.08083e-07 -2.56106e-08 -0)
(3.1605e-07 -2.07838e-08 -0)
(3.23191e-07 -1.39331e-08 -0)
(3.29211e-07 -5.05666e-09 -0)
(3.33863e-07 5.85018e-09 -0)
(3.36937e-07 1.8849e-08 -0)
(3.38232e-07 3.40914e-08 -0)
(3.3752e-07 5.18396e-08 -0)
(3.34486e-07 7.2491e-08 -0)
(3.28649e-07 9.66022e-08 -0)
(3.19203e-07 1.24901e-07 -0)
(3.04793e-07 1.58217e-07 -0)
(2.832e-07 1.97267e-07 -0)
(2.51014e-07 2.42106e-07 -0)
(2.03592e-07 2.90911e-07 -0)
(1.36263e-07 3.37744e-07 -0)
(4.85516e-08 3.69852e-07 -0)
(2.88678e-06 8.66712e-05 -0)
(6.27643e-08 8.0403e-06 -0)
(5.59402e-08 2.48755e-08 -0)
(1.53854e-07 7.02584e-08 -0)
(1.98079e-07 2.34888e-08 -0)
(2.19537e-07 -1.91574e-09 -0)
(2.34518e-07 -1.68503e-08 -0)
(2.47265e-07 -2.62535e-08 -0)
(2.58905e-07 -3.23697e-08 -0)
(2.69884e-07 -3.62889e-08 -0)
(2.80524e-07 -3.85267e-08 -0)
(2.91083e-07 -3.91944e-08 -0)
(3.01673e-07 -3.81136e-08 -0)
(3.12186e-07 -3.49718e-08 -0)
(3.22301e-07 -2.95107e-08 -0)
(3.31615e-07 -2.16674e-08 -0)
(3.39788e-07 -1.1522e-08 -0)
(3.46605e-07 8.41721e-10 -0)
(3.51947e-07 1.54385e-08 -0)
(3.55731e-07 3.24171e-08 -0)
(3.5788e-07 5.20739e-08 -0)
(3.5827e-07 7.48953e-08 -0)
(3.56659e-07 1.01645e-07 -0)
(3.52493e-07 1.33472e-07 -0)
(3.44567e-07 1.71982e-07 -0)
(3.30442e-07 2.1922e-07 -0)
(3.05454e-07 2.77328e-07 -0)
(2.61365e-07 3.47201e-07 -0)
(1.85924e-07 4.24226e-07 -0)
(6.93009e-08 4.87703e-07 -0)
(2.04126e-06 4.86379e-05 -0)
(2.84759e-07 8.2416e-06 -0)
(4.62565e-08 1.34589e-08 -0)
(1.4782e-07 1.45127e-08 -0)
(1.74722e-07 -5.80445e-09 -0)
(2.02608e-07 -2.1974e-08 -0)
(2.23466e-07 -3.26345e-08 -0)
(2.40059e-07 -3.98135e-08 -0)
(2.54217e-07 -4.46131e-08 -0)
(2.66975e-07 -4.77915e-08 -0)
(2.79112e-07 -4.98095e-08 -0)
(2.91274e-07 -5.06402e-08 -0)
(3.03824e-07 -4.98145e-08 -0)
(3.16686e-07 -4.66513e-08 -0)
(3.29354e-07 -4.06207e-08 -0)
(3.4118e-07 -3.17026e-08 -0)
(3.5172e-07 -2.02057e-08 -0)
(3.60824e-07 -6.40035e-09 -0)
(3.68513e-07 9.64613e-09 -0)
(3.74868e-07 2.80641e-08 -0)
(3.79998e-07 4.91447e-08 -0)
(3.84057e-07 7.33732e-08 -0)
(3.87225e-07 1.01611e-07 -0)
(3.89541e-07 1.35358e-07 -0)
(3.90541e-07 1.77022e-07 -0)
(3.88546e-07 2.30302e-07 -0)
(3.78995e-07 3.00787e-07 -0)
(3.5049e-07 3.96338e-07 -0)
(2.76765e-07 5.24258e-07 -0)
(1.12028e-07 6.6903e-07 -0)
(4.4183e-06 0.000104597 -0)
(3.59131e-07 1.07987e-05 -0)
(4.34227e-08 1.34469e-08 -0)
(1.28057e-07 -3.006e-08 -0)
(1.61592e-07 -3.92404e-08 -0)
(1.92707e-07 -4.75411e-08 -0)
(2.16679e-07 -5.19001e-08 -0)
(2.35287e-07 -5.57527e-08 -0)
(2.50927e-07 -5.84779e-08 -0)
(2.64688e-07 -6.04541e-08 -0)
(2.77675e-07 -6.22795e-08 -0)
(2.91078e-07 -6.37416e-08 -0)
(3.05662e-07 -6.38539e-08 -0)
(3.2138e-07 -6.11965e-08 -0)
(3.3725e-07 -5.46194e-08 -0)
(3.5203e-07 -4.43164e-08 -0)
(3.6509e-07 -3.11977e-08 -0)
(3.76457e-07 -1.5884e-08 -0)
(3.86411e-07 1.48245e-09 -0)
(3.9523e-07 2.10502e-08 -0)
(4.03189e-07 4.30665e-08 -0)
(4.10737e-07 6.78425e-08 -0)
(4.18644e-07 9.6069e-08 -0)
(4.27903e-07 1.29327e-07 -0)
(4.39511e-07 1.70445e-07 -0)
(4.54207e-07 2.24181e-07 -0)
(4.7149e-07 2.99177e-07 -0)
(4.84836e-07 4.13108e-07 -0)
(4.58616e-07 6.07435e-07 -0)
(2.14074e-07 9.95131e-07 -0)
(2.17759e-07 6.38961e-05 -0)
(1.17242e-06 1.1449e-05 -0)
(1.78008e-07 1.28202e-07 -0)
(9.11197e-08 -2.72413e-08 -0)
(1.57241e-07 -7.35993e-08 -0)
(1.89948e-07 -7.70496e-08 -0)
(2.15255e-07 -7.16714e-08 -0)
(2.33481e-07 -7.28192e-08 -0)
(2.49515e-07 -7.30914e-08 -0)
(2.63173e-07 -7.32671e-08 -0)
(2.75824e-07 -7.51131e-08 -0)
(2.897e-07 -7.81925e-08 -0)
(3.06369e-07 -8.06634e-08 -0)
(3.25921e-07 -7.96618e-08 -0)
(3.46234e-07 -7.23436e-08 -0)
(3.64601e-07 -5.97464e-08 -0)
(3.80153e-07 -4.43849e-08 -0)
(3.93504e-07 -2.74196e-08 -0)
(4.05447e-07 -8.88329e-09 -0)
(4.16452e-07 1.15891e-08 -0)
(4.2679e-07 3.42285e-08 -0)
(4.3706e-07 5.88608e-08 -0)
(4.4871e-07 8.54941e-08 -0)
(4.63917e-07 1.15437e-07 -0)
(4.85395e-07 1.5125e-07 -0)
(5.17278e-07 1.96798e-07 -0)
(5.67922e-07 2.58631e-07 -0)
(6.58748e-07 3.49481e-07 -0)
(8.58788e-07 4.97242e-07 -0)
(1.4372e-06 7.71456e-07 -0)
(3.39392e-06 0.000103092 -0)
(3.33346e-06 9.53945e-06 -0)
(2.0209e-06 1.64551e-06 -0)
(1.30765e-07 2.08385e-08 -0)
(1.11708e-07 -4.60351e-08 -0)
(1.94635e-07 -1.24063e-07 -0)
(2.20909e-07 -8.49163e-08 -0)
(2.33867e-07 -9.07609e-08 -0)
(2.50479e-07 -8.78009e-08 -0)
(2.62666e-07 -8.44097e-08 -0)
(2.7275e-07 -8.67127e-08 -0)
(2.85528e-07 -9.32528e-08 -0)
(3.04193e-07 -1.00944e-07 -0)
(3.297e-07 -1.04445e-07 -0)
(3.57165e-07 -9.53465e-08 -0)
(3.79989e-07 -7.79403e-08 -0)
(3.97417e-07 -5.9176e-08 -0)
(4.11959e-07 -4.05255e-08 -0)
(4.2542e-07 -2.11839e-08 -0)
(4.38342e-07 -4.01766e-11 -0)
(4.50461e-07 2.33984e-08 -0)
(4.62003e-07 4.78784e-08 -0)
(4.7522e-07 7.16095e-08 -0)
(4.93659e-07 9.56744e-08 -0)
(5.20873e-07 1.22319e-07 -0)
(5.61588e-07 1.5313e-07 -0)
(6.24173e-07 1.89068e-07 -0)
(7.23447e-07 2.28942e-07 -0)
(8.80591e-07 2.60598e-07 -0)
(1.09205e-06 2.18227e-07 -0)
(2.98614e-06 5.68149e-05 -0)
(7.95319e-06 1.04985e-05 -0)
(7.5752e-06 4.33813e-06 -0)
(6.96827e-06 3.77821e-06 -0)
(5.22116e-06 3.82061e-06 -0)
(1.17488e-07 -1.73563e-08 -0)
(2.48556e-07 -6.91748e-08 -0)
(2.30597e-07 -1.17508e-07 -0)
(2.55866e-07 -1.02941e-07 -0)
(2.64262e-07 -8.98572e-08 -0)
(2.66981e-07 -9.4075e-08 -0)
(2.75468e-07 -1.07161e-07 -0)
(2.95177e-07 -1.25416e-07 -0)
(3.31519e-07 -1.41827e-07 -0)
(3.72739e-07 -1.26657e-07 -0)
(4.00772e-07 -9.74918e-08 -0)
(4.17567e-07 -7.38527e-08 -0)
(4.31496e-07 -5.43225e-08 -0)
(4.45932e-07 -3.52863e-08 -0)
(4.61034e-07 -1.39641e-08 -0)
(4.74709e-07 1.15266e-08 -0)
(4.85271e-07 3.76444e-08 -0)
(4.96506e-07 5.73912e-08 -0)
(5.14626e-07 7.33349e-08 -0)
(5.4285e-07 8.92223e-08 -0)
(5.84027e-07 1.04335e-07 -0)
(6.43734e-07 1.15571e-07 -0)
(7.30278e-07 1.1662e-07 -0)
(8.48074e-07 9.79786e-08 -0)
(9.58372e-07 5.90844e-08 -0)
(1.52029e-05 9.11163e-05 -0)
(6.32898e-06 3.20393e-06 -0)
(3.9721e-06 1.19681e-06 -0)
(4.05113e-06 1.18412e-06 -0)
(5.05251e-06 2.07866e-06 -0)
(2.54349e-06 1.60307e-06 -0)
(1.23611e-07 -1.96065e-08 -0)
(2.00099e-07 -6.95303e-08 -0)
(2.78129e-07 -1.18647e-07 -0)
(2.71531e-07 -7.80022e-08 -0)
(2.55446e-07 -9.25688e-08 -0)
(2.54186e-07 -1.15899e-07 -0)
(2.69527e-07 -1.51732e-07 -0)
(3.28459e-07 -2.10789e-07 -0)
(4.015e-07 -1.71961e-07 -0)
(4.32793e-07 -1.11517e-07 -0)
(4.40586e-07 -8.44204e-08 -0)
(4.50525e-07 -6.76252e-08 -0)
(4.65778e-07 -5.16758e-08 -0)
(4.85155e-07 -3.20559e-08 -0)
(5.02069e-07 -9.7198e-10 -0)
(5.07867e-07 3.37882e-08 -0)
(5.1091e-07 4.70602e-08 -0)
(5.2549e-07 5.12192e-08 -0)
(5.51873e-07 5.70676e-08 -0)
(5.87937e-07 5.94675e-08 -0)
(6.36458e-07 5.22616e-08 -0)
(7.05855e-07 2.39873e-08 -0)
(8.23055e-07 -4.43861e-08 -0)
(9.3499e-07 -2.07799e-08 -0)
(5.14557e-05 3.42008e-05 -0)
(5.80394e-05 1.90058e-05 -0)
(5.53262e-05 1.33057e-05 -0)
(4.74505e-05 9.18835e-06 -0)
(4.42687e-05 1.09987e-05 -0)
(3.33887e-05 7.92391e-06 -0)
(3.11237e-05 5.69821e-06 -0)
(1.79512e-05 3.57289e-06 -0)
(2.31355e-07 -1.36654e-08 -0)
(2.90337e-07 -3.25992e-08 -0)
(2.29082e-07 -4.48462e-08 -0)
(2.16303e-07 -5.96749e-08 -0)
(2.00284e-07 -8.30278e-08 -0)
(3.11287e-07 -1.31054e-07 -0)
(4.72007e-07 -2.21106e-07 -0)
(4.88304e-07 -9.18627e-08 -0)
(4.61449e-07 -7.76434e-08 -0)
(4.64229e-07 -7.03203e-08 -0)
(4.81491e-07 -6.17357e-08 -0)
(5.11726e-07 -4.7207e-08 -0)
(5.40536e-07 -8.97109e-09 -0)
(5.32936e-07 2.03347e-08 -0)
(5.10033e-07 2.26474e-08 -0)
(5.15974e-07 2.01678e-08 -0)
(5.42309e-07 2.07206e-08 -0)
(5.76176e-07 1.94286e-08 -0)
(6.08254e-07 1.20827e-08 -0)
(6.3363e-07 -9.35049e-09 -0)
(8.03307e-07 -6.8473e-08 -0)
(1.02354e-06 -1.36876e-07 -0)
(1.83884e-05 -1.91681e-05 -0)
(2.77851e-05 -1.68292e-06 -0)
(4.73313e-05 7.22992e-06 -0)
(4.77114e-05 9.88602e-06 -0)
(5.79058e-05 1.33131e-05 -0)
(5.70836e-05 1.37275e-05 -0)
(5.79726e-05 1.52971e-05 -0)
(5.32042e-05 1.73655e-05 -0)
(4.40023e-05 1.44513e-05 -0)
(4.34063e-05 1.14213e-06 -0)
(4.49889e-05 6.19351e-08 -0)
(4.2585e-05 2.064e-07 -0)
(4.18981e-05 2.34508e-06 -0)
(3.52971e-05 7.53013e-06 -0)
(5.69501e-07 -1.09706e-08 -0)
(5.87477e-07 -3.34715e-08 -0)
(6.55467e-07 -4.97541e-08 -0)
(7.3966e-07 -5.45365e-08 -0)
(7.99657e-07 -5.41629e-08 -0)
(1.13532e-06 -6.61477e-08 -0)
(2.31562e-06 -1.43948e-07 -0)
(1.15528e-05 -9.44695e-07 -0)
(2.40877e-05 -1.73934e-06 -0)
(3.16854e-05 -1.46128e-06 -0)
(3.7116e-05 -1.05287e-06 -0)
(4.11301e-05 -5.56273e-07 -0)
(4.16222e-05 4.38809e-08 -0)
(4.00643e-05 1.1173e-06 -0)
(3.54508e-05 2.9087e-06 -0)
(7.55713e-07 7.58937e-09 -0)
(2.1222e-06 -1.53657e-05 -0)
(9.52924e-06 -9.9055e-06 -0)
(2.15555e-05 -4.29139e-06 -0)
(2.90562e-05 1.13642e-06 -0)
(3.95048e-05 4.71086e-06 -0)
(4.59724e-05 7.86342e-06 -0)
(5.32077e-05 1.11443e-05 -0)
(5.9429e-05 1.36943e-05 -0)
(6.67118e-05 1.13552e-05 -0)
(6.74989e-05 3.1156e-06 -0)
(6.90661e-05 3.77863e-07 -0)
(6.99508e-05 1.75854e-06 -0)
(6.61544e-05 7.43207e-06 -0)
(6.95998e-05 1.84482e-05 -0)
(5.96279e-05 2.26289e-05 -0)
(6.24218e-05 1.06097e-06 -0)
(6.47329e-05 -1.35535e-06 -0)
(6.94731e-05 -2.26794e-06 -0)
(7.60498e-05 -3.05772e-06 -0)
(8.40757e-05 -4.72116e-06 -0)
(9.38826e-05 -1.10555e-05 -0)
(0.000104039 -1.65965e-05 -0)
(0.000113125 -1.54747e-05 -0)
(0.000121344 -1.18016e-05 -0)
(0.000129645 -8.67428e-06 -0)
(0.000135719 -5.54594e-06 -0)
(0.000143669 -1.85887e-06 -0)
(0.00014601 4.57409e-06 -0)
(0.00015511 1.74598e-05 -0)
(0.000146676 2.20544e-05 -0)
(4.90048e-06 -3.15127e-05 -0)
(1.38173e-05 -2.11399e-05 -0)
(2.24487e-05 -1.23924e-05 -0)
(3.08468e-05 -6.03109e-06 -0)
(3.83798e-05 -1.60827e-06 -0)
(4.51366e-05 1.85796e-06 -0)
(5.22813e-05 4.36005e-06 -0)
(6.00434e-05 5.39559e-06 -0)
(6.91901e-05 4.02624e-06 -0)
(7.38102e-05 8.18089e-07 -0)
(7.708e-05 -5.78963e-07 -0)
(7.94082e-05 1.64159e-06 -0)
(8.18302e-05 6.59571e-06 -0)
(8.85542e-05 1.28473e-05 -0)
(9.94774e-05 1.24097e-05 -0)
(0.000105868 3.60385e-07 -0)
(0.000113658 -6.57844e-06 -0)
(0.000123088 -1.03728e-05 -0)
(0.00013364 -1.30534e-05 -0)
(0.00014524 -1.61713e-05 -0)
(0.00015541 -2.02456e-05 -0)
(0.000162368 -2.27492e-05 -0)
(0.00016811 -2.19198e-05 -0)
(0.000174926 -1.92328e-05 -0)
(0.00018199 -1.58939e-05 -0)
(0.000189655 -1.27291e-05 -0)
(0.000197984 -9.30011e-06 -0)
(0.000208826 -5.91101e-06 -0)
(0.000229473 -1.18592e-06 -0)
(0.0002581 4.63432e-07 -0)
(6.42179e-06 -3.77618e-05 -0)
(1.81657e-05 -2.84453e-05 -0)
(2.96675e-05 -2.07589e-05 -0)
(3.98361e-05 -1.40335e-05 -0)
(4.87407e-05 -8.82051e-06 -0)
(5.68927e-05 -5.12001e-06 -0)
(6.51141e-05 -3.00355e-06 -0)
(7.34862e-05 -2.51663e-06 -0)
(8.19249e-05 -3.16764e-06 -0)
(8.88607e-05 -4.19301e-06 -0)
(9.4685e-05 -4.31318e-06 -0)
(0.000100701 -2.52213e-06 -0)
(0.000108863 2.10527e-07 -0)
(0.000119531 1.79757e-06 -0)
(0.000135129 -1.13454e-06 -0)
(0.000147782 -8.9958e-06 -0)
(0.000158897 -1.64673e-05 -0)
(0.00016955 -2.16079e-05 -0)
(0.000179808 -2.49212e-05 -0)
(0.000189109 -2.69965e-05 -0)
(0.000195736 -2.80852e-05 -0)
(0.000199824 -2.81025e-05 -0)
(0.000201788 -2.69607e-05 -0)
(0.000205254 -2.52827e-05 -0)
(0.000208829 -2.26926e-05 -0)
(0.000215566 -1.99354e-05 -0)
(0.000220052 -1.74736e-05 -0)
(0.000228466 -2.05464e-05 -0)
(0.000240505 -2.95217e-05 -0)
(0.000268846 -3.49129e-05 -0)
(1.31703e-05 -5.54007e-05 -0)
(3.5881e-05 -4.17859e-05 -0)
(5.00098e-05 -3.25238e-05 -0)
(5.95783e-05 -2.43026e-05 -0)
(6.76325e-05 -1.80418e-05 -0)
(7.49072e-05 -1.38873e-05 -0)
(8.24513e-05 -1.17858e-05 -0)
(8.9803e-05 -1.11721e-05 -0)
(9.71449e-05 -1.13381e-05 -0)
(0.000104132 -1.16412e-05 -0)
(0.000111317 -1.17005e-05 -0)
(0.000119665 -1.14098e-05 -0)
(0.000130276 -1.14487e-05 -0)
(0.000143284 -1.3031e-05 -0)
(0.000157534 -1.67288e-05 -0)
(0.000169639 -2.18847e-05 -0)
(0.000178545 -2.68902e-05 -0)
(0.000185084 -3.06489e-05 -0)
(0.00019013 -3.26672e-05 -0)
(0.000193238 -3.25219e-05 -0)
(0.000194883 -3.08007e-05 -0)
(0.000193581 -2.80259e-05 -0)
(0.000189763 -2.60702e-05 -0)
(0.000188054 -2.57676e-05 -0)
(0.000185741 -2.56392e-05 -0)
(0.000191725 -2.37821e-05 -0)
(0.00018738 -1.92474e-05 -0)
(0.000194005 -2.11503e-05 -0)
(0.00017816 -3.49661e-05 -0)
(0.000226063 -7.66452e-05 -0)
(8.90503e-05 -7.92666e-05 -0)
(8.206e-05 -6.16222e-05 -0)
(7.80921e-05 -4.39114e-05 -0)
(7.64606e-05 -3.15951e-05 -0)
(7.71799e-05 -2.40777e-05 -0)
(7.93052e-05 -1.97521e-05 -0)
(8.28867e-05 -1.77569e-05 -0)
(8.70277e-05 -1.71529e-05 -0)
(9.21552e-05 -1.74396e-05 -0)
(9.79447e-05 -1.81603e-05 -0)
(0.000105322 -1.92864e-05 -0)
(0.000114005 -2.07209e-05 -0)
(0.000124683 -2.27159e-05 -0)
(0.000135987 -2.5116e-05 -0)
(0.000146174 -2.76148e-05 -0)
(0.000154242 -2.99096e-05 -0)
(0.000158738 -3.15434e-05 -0)
(0.000161406 -3.29301e-05 -0)
(0.000161478 -3.32657e-05 -0)
(0.000159836 -3.21704e-05 -0)
(0.000160237 -2.8733e-05 -0)
(0.000154205 -2.2352e-05 -0)
(0.000148489 -1.96468e-05 -0)
(0.000140773 -2.05943e-05 -0)
(0.000137764 -2.54094e-05 -0)
(0.000137037 -2.51057e-05 -0)
(0.000135457 -1.67353e-05 -0)
(0.000126507 -1.46412e-05 -0)
(0.000117749 -3.57308e-05 -0)
(7.47141e-05 -0.000133383 -0)
(8.04576e-05 -5.09887e-05 -0)
(6.66975e-05 -3.92813e-05 -0)
(6.06928e-05 -3.0796e-05 -0)
(5.98246e-05 -2.51193e-05 -0)
(6.19533e-05 -2.17311e-05 -0)
(6.53819e-05 -1.99782e-05 -0)
(7.00489e-05 -1.9709e-05 -0)
(7.53556e-05 -2.04529e-05 -0)
(8.16463e-05 -2.20819e-05 -0)
(8.89936e-05 -2.43845e-05 -0)
(9.76301e-05 -2.71947e-05 -0)
(0.000106937 -3.01819e-05 -0)
(0.000117503 -3.30806e-05 -0)
(0.000125956 -3.45258e-05 -0)
(0.000132444 -3.49127e-05 -0)
(0.000135342 -3.43248e-05 -0)
(0.000134597 -3.34168e-05 -0)
(0.000134964 -3.25595e-05 -0)
(0.000128373 -3.00607e-05 -0)
(0.000123119 -3.06958e-05 -0)
(0.000121147 -2.6822e-05 -0)
(0.000112362 -1.43692e-05 -0)
(0.000106182 -1.09915e-05 -0)
(9.46634e-05 -1.20388e-05 -0)
(9.18086e-05 -2.1656e-05 -0)
(7.87171e-05 -2.71001e-05 -0)
(7.46074e-05 -1.0927e-05 -0)
(6.5381e-05 -5.19602e-06 -0)
(5.66912e-05 -1.04245e-05 -0)
(1.04937e-05 -5.78877e-06 -0)
(8.57709e-05 -4.15413e-05 -0)
(8.02831e-05 -3.91919e-05 -0)
(7.76952e-05 -3.54502e-05 -0)
(7.68428e-05 -3.14824e-05 -0)
(7.74729e-05 -2.85591e-05 -0)
(7.83645e-05 -2.68597e-05 -0)
(8.05824e-05 -2.68817e-05 -0)
(8.29224e-05 -2.79135e-05 -0)
(8.6517e-05 -3.02152e-05 -0)
(9.14404e-05 -3.33301e-05 -0)
(9.66629e-05 -3.65952e-05 -0)
(0.000103595 -4.00656e-05 -0)
(0.000110012 -4.18004e-05 -0)
(0.000112413 -4.0227e-05 -0)
(0.000113667 -3.69867e-05 -0)
(0.000107918 -3.19652e-05 -0)
(0.000101998 -3.07295e-05 -0)
(9.89772e-05 -2.79074e-05 -0)
(8.56841e-05 -1.91961e-05 -0)
(8.0695e-05 -2.42557e-05 -0)
(6.64252e-05 -2.65485e-05 -0)
(6.2014e-05 -3.71736e-06 -0)
(5.73798e-05 -2.52459e-06 -0)
(4.65764e-05 -2.85559e-06 -0)
(4.89399e-05 -8.08185e-06 -0)
(8.95981e-06 -2.12295e-06 -0)
(8.31378e-07 -2.30918e-07 -0)
(6.49848e-07 -3.02764e-07 -0)
(4.47962e-07 -3.69722e-07 -0)
(1.82239e-07 -4.51817e-07 -0)
(8.75376e-05 -3.3652e-05 -0)
(8.09971e-05 -3.20312e-05 -0)
(7.52225e-05 -2.92684e-05 -0)
(7.12338e-05 -2.6634e-05 -0)
(6.8845e-05 -2.47981e-05 -0)
(6.74256e-05 -2.41399e-05 -0)
(6.82999e-05 -2.52279e-05 -0)
(6.88911e-05 -2.70983e-05 -0)
(7.28255e-05 -3.10537e-05 -0)
(7.6375e-05 -3.50498e-05 -0)
(8.11241e-05 -3.95492e-05 -0)
(8.80198e-05 -4.38588e-05 -0)
(8.91187e-05 -4.29699e-05 -0)
(8.76062e-05 -3.89357e-05 -0)
(8.35336e-05 -3.1717e-05 -0)
(7.1164e-05 -2.17722e-05 -0)
(6.70652e-05 -2.33821e-05 -0)
(5.3363e-05 -2.41451e-05 -0)
(4.45162e-05 -5.03121e-06 -0)
(4.10325e-05 -8.44133e-06 -0)
(4.90167e-07 -6.34534e-08 -0)
(7.50945e-07 -8.34094e-08 -0)
(5.48721e-07 -9.43482e-08 -0)
(4.84021e-07 -1.10124e-07 -0)
(4.31592e-07 -1.06179e-07 -0)
(4.88363e-07 -1.06747e-07 -0)
(5.4223e-07 -3.37417e-07 -0)
(4.6285e-07 -5.24521e-07 -0)
(3.13979e-07 -6.42059e-07 -0)
(1.15523e-07 -7.42903e-07 -0)
(8.80645e-05 -2.70633e-05 -0)
(8.2722e-05 -2.64728e-05 -0)
(7.76283e-05 -2.54077e-05 -0)
(7.45929e-05 -2.47827e-05 -0)
(7.18901e-05 -2.44251e-05 -0)
(7.082e-05 -2.54673e-05 -0)
(7.0648e-05 -2.7715e-05 -0)
(7.02471e-05 -3.10709e-05 -0)
(7.34338e-05 -3.6655e-05 -0)
(7.26305e-05 -4.04021e-05 -0)
(7.73085e-05 -4.65381e-05 -0)
(7.81454e-05 -4.76793e-05 -0)
(7.04911e-05 -4.1154e-05 -0)
(6.52685e-05 -3.47573e-05 -0)
(5.14596e-05 -2.38188e-05 -0)
(3.86135e-05 -1.16688e-05 -0)
(3.79387e-05 -8.75324e-06 -0)
(6.28066e-07 -7.79511e-08 -0)
(5.61187e-07 -3.60736e-08 -0)
(4.41995e-07 9.50281e-09 -0)
(5.56886e-07 8.19353e-08 -0)
(5.82472e-07 -1.22764e-07 -0)
(5.21173e-07 -1.59309e-07 -0)
(4.72029e-07 -1.90015e-07 -0)
(4.36676e-07 -1.97086e-07 -0)
(4.30611e-07 -2.09136e-07 -0)
(4.14916e-07 -3.0296e-07 -0)
(3.45205e-07 -4.09747e-07 -0)
(2.2958e-07 -4.92336e-07 -0)
(8.13956e-08 -5.45983e-07 -0)
(8.84664e-05 -2.14765e-05 -0)
(8.37536e-05 -2.13632e-05 -0)
(7.84869e-05 -2.09968e-05 -0)
(7.50948e-05 -2.11565e-05 -0)
(7.04062e-05 -2.12832e-05 -0)
(6.8567e-05 -2.31278e-05 -0)
(6.44913e-05 -2.51497e-05 -0)
(6.36424e-05 -2.97519e-05 -0)
(6.20254e-05 -3.44361e-05 -0)
(5.95487e-05 -3.87413e-05 -0)
(6.39454e-05 -4.56605e-05 -0)
(5.46356e-05 -3.9391e-05 -0)
(4.43493e-05 -3.07514e-05 -0)
(3.41986e-05 -2.29475e-05 -0)
(1.02716e-05 -2.48497e-06 -0)
(4.39286e-07 -5.23425e-08 -0)
(4.20069e-07 8.48312e-09 -0)
(4.69936e-07 9.60539e-08 -0)
(4.97678e-07 -3.34825e-08 -0)
(4.78967e-07 6.38156e-09 -0)
(5.05205e-07 -4.48753e-09 -0)
(5.09701e-07 -7.5238e-08 -0)
(4.8147e-07 -1.17301e-07 -0)
(4.46244e-07 -1.4765e-07 -0)
(4.12471e-07 -1.70323e-07 -0)
(3.82489e-07 -1.99853e-07 -0)
(3.41619e-07 -2.55678e-07 -0)
(2.73473e-07 -3.1917e-07 -0)
(1.77743e-07 -3.71556e-07 -0)
(6.18759e-08 -4.0271e-07 -0)
(8.87722e-05 -1.64138e-05 -0)
(8.41331e-05 -1.64483e-05 -0)
(7.90696e-05 -1.64978e-05 -0)
(7.5198e-05 -1.69425e-05 -0)
(6.99736e-05 -1.76017e-05 -0)
(6.73832e-05 -1.97707e-05 -0)
(6.12753e-05 -2.21738e-05 -0)
(6.06351e-05 -2.81517e-05 -0)
(5.38441e-05 -3.20606e-05 -0)
(5.41453e-05 -4.01297e-05 -0)
(5.14654e-05 -4.25953e-05 -0)
(3.42837e-05 -2.86963e-05 -0)
(2.42226e-05 -1.90418e-05 -0)
(2.36466e-07 -3.87992e-08 -0)
(4.79664e-07 1.37197e-08 -0)
(4.48264e-07 7.67466e-09 -0)
(4.43316e-07 1.58997e-08 -0)
(4.59338e-07 3.31989e-08 -0)
(4.7152e-07 -1.45429e-09 -0)
(4.7099e-07 -6.40669e-09 -0)
(4.75266e-07 -2.22134e-08 -0)
(4.69659e-07 -5.64007e-08 -0)
(4.4876e-07 -8.70072e-08 -0)
(4.19006e-07 -1.12963e-07 -0)
(3.84473e-07 -1.36705e-07 -0)
(3.45256e-07 -1.64275e-07 -0)
(2.95598e-07 -2.00732e-07 -0)
(2.29328e-07 -2.39701e-07 -0)
(1.4604e-07 -2.72004e-07 -0)
(5.02407e-08 -2.90593e-07 -0)
(8.89957e-05 -1.16114e-05 -0)
(8.42108e-05 -1.16721e-05 -0)
(7.95147e-05 -1.18989e-05 -0)
(7.48998e-05 -1.23051e-05 -0)
(6.98654e-05 -1.31795e-05 -0)
(6.54926e-05 -1.48964e-05 -0)
(5.88921e-05 -1.75466e-05 -0)
(5.52278e-05 -2.27471e-05 -0)
(4.50401e-05 -2.65887e-05 -0)
(4.51266e-05 -3.61942e-05 -0)
(3.14304e-05 -2.95077e-05 -0)
(1.62949e-05 -1.48064e-05 -0)
(2.85992e-07 -2.99069e-08 -0)
(4.43571e-07 6.43963e-08 -0)
(4.45366e-07 2.4108e-08 -0)
(4.44066e-07 1.41035e-08 -0)
(4.45594e-07 1.28868e-08 -0)
(4.52583e-07 1.32e-08 -0)
(4.58073e-07 8.73622e-10 -0)
(4.58208e-07 -8.3403e-09 -0)
(4.55211e-07 -2.15595e-08 -0)
(4.44907e-07 -4.11466e-08 -0)
(4.24907e-07 -6.13678e-08 -0)
(3.96547e-07 -8.04914e-08 -0)
(3.61159e-07 -9.92596e-08 -0)
(3.18462e-07 -1.19808e-07 -0)
(2.66193e-07 -1.43273e-07 -0)
(2.02201e-07 -1.66897e-07 -0)
(1.2685e-07 -1.86167e-07 -0)
(4.32864e-08 -1.97067e-07 -0)
(8.91274e-05 -6.9313e-06 -0)
(8.42017e-05 -6.9788e-06 -0)
(7.97756e-05 -7.18838e-06 -0)
(7.45755e-05 -7.45082e-06 -0)
(6.98885e-05 -8.14927e-06 -0)
(6.39498e-05 -9.1661e-06 -0)
(5.78384e-05 -1.13341e-05 -0)
(5.02963e-05 -1.46469e-05 -0)
(3.98054e-05 -1.93936e-05 -0)
(3.35601e-05 -2.67268e-05 -0)
(1.4222e-05 -1.60002e-05 -0)
(2.16612e-07 -1.41465e-08 -0)
(4.00745e-07 6.4649e-08 -0)
(4.14843e-07 3.68795e-08 -0)
(4.29371e-07 2.00909e-08 -0)
(4.37043e-07 1.17486e-08 -0)
(4.42412e-07 8.34572e-09 -0)
(4.47325e-07 5.84151e-09 -0)
(4.4998e-07 8.84884e-11 -0)
(4.48557e-07 -6.26953e-09 -0)
(4.4246e-07 -1.45402e-08 -0)
(4.2985e-07 -2.52602e-08 -0)
(4.09415e-07 -3.68266e-08 -0)
(3.81114e-07 -4.83763e-08 -0)
(3.45157e-07 -6.00341e-08 -0)
(3.01242e-07 -7.24231e-08 -0)
(2.48509e-07 -8.56551e-08 -0)
(1.86434e-07 -9.84478e-08 -0)
(1.15871e-07 -1.08703e-07 -0)
(3.93413e-08 -1.1444e-07 -0)
(8.91912e-05 -2.30548e-06 -0)
(8.41784e-05 -2.32261e-06 -0)
(7.99022e-05 -2.40497e-06 -0)
(7.43731e-05 -2.49309e-06 -0)
(6.9953e-05 -2.75669e-06 -0)
(6.30882e-05 -3.07596e-06 -0)
(5.76533e-05 -3.91118e-06 -0)
(4.73483e-05 -4.9851e-06 -0)
(3.79675e-05 -7.8983e-06 -0)
(2.00076e-05 -1.0185e-05 -0)
(1.06734e-07 -2.94574e-08 -0)
(3.14492e-07 5.23778e-08 -0)
(3.6196e-07 2.34585e-08 -0)
(3.99013e-07 1.35929e-08 -0)
(4.20235e-07 7.62815e-09 -0)
(4.32321e-07 4.45665e-09 -0)
(4.39687e-07 2.90671e-09 -0)
(4.44325e-07 1.73115e-09 -0)
(4.45962e-07 -9.32655e-11 -0)
(4.43579e-07 -2.28678e-09 -0)
(4.3622e-07 -5.07115e-09 -0)
(4.22621e-07 -8.52678e-09 -0)
(4.01791e-07 -1.2301e-08 -0)
(3.73339e-07 -1.61508e-08 -0)
(3.37112e-07 -2.00761e-08 -0)
(2.92841e-07 -2.41953e-08 -0)
(2.40168e-07 -2.84773e-08 -0)
(1.79153e-07 -3.25366e-08 -0)
(1.10858e-07 -3.57579e-08 -0)
(3.75496e-08 -3.75496e-08 -0)
)
;

boundaryField
{
    inlet1
    {
        type            extrapolatedCalculated;
        value           nonuniform List<vector> 10((1e-05 6.22744e-06 -0) (1e-05 1.6811e-05 -0) (1e-05 6.12364e-05 -0) (1e-05 0.00011346 -0) (1e-05 0.000169838 -0) (1e-05 0.00022876 -0) (1e-05 0.000255827 -0) (1e-05 0.00026555 -0) (1e-05 0.000241534 -0) (1e-05 0.000205622 -0));
    }
    inlet2
    {
        type            extrapolatedCalculated;
        value           nonuniform List<vector> 10((-0 6.38961e-05 -0) (-0 0.000103092 -0) (-0 5.68149e-05 -0) (-0 9.11163e-05 -0) (-0 3.42008e-05 -0) (-0 -1.91681e-05 -0) (-0 -1.53657e-05 -0) (-0 -3.15127e-05 -0) (-0 -3.77618e-05 -0) (-0 -5.54007e-05 -0));
    }
    inlet3
    {
        type            extrapolatedCalculated;
        value           nonuniform List<vector> 10((9.13394e-05 -6.88651e-05 -0) (9.13394e-05 -5.40324e-05 -0) (9.13394e-05 -4.24522e-05 -0) (9.13394e-05 -3.40439e-05 -0) (9.13394e-05 -2.73192e-05 -0) (9.13394e-05 -2.16041e-05 -0) (9.13394e-05 -1.64547e-05 -0) (9.13394e-05 -1.16074e-05 -0) (9.13394e-05 -6.91622e-06 -0) (9.13394e-05 -2.29834e-06 -0));
    }
    output1
    {
        type            extrapolatedCalculated;
        value           nonuniform List<vector> 10((-0 2.12633e-08 -0) (-0 6.45209e-08 -0) (-0 1.10076e-07 -0) (-0 1.59845e-07 -0) (-0 2.16485e-07 -0) (-0 2.84108e-07 -0) (-0 3.69852e-07 -0) (-0 4.87703e-07 -0) (-0 6.6903e-07 -0) (-0 9.95131e-07 -0));
    }
    output2
    {
        type            extrapolatedCalculated;
        value           nonuniform List<vector> 10((1.87495e-06 7.71456e-07 -0) (1.20753e-06 2.18227e-07 -0) (1.00204e-06 5.90844e-08 -0) (9.71195e-07 -2.07799e-08 -0) (1.08516e-06 -1.36876e-07 -0) (1.00646e-06 7.58937e-09 -0) (0.000159628 2.20544e-05 -0) (0.000268719 4.63432e-07 -0) (0.000289964 -3.49129e-05 -0) (0.000287936 -7.66452e-05 -0));
    }
    output3
    {
        type            extrapolatedCalculated;
        value           nonuniform List<vector> 10((-0 -0.000133383 -0) (-0 -5.78877e-06 -0) (-0 -4.51817e-07 -0) (-0 -7.42903e-07 -0) (-0 -5.45983e-07 -0) (-0 -4.0271e-07 -0) (-0 -2.90593e-07 -0) (-0 -1.97067e-07 -0) (-0 -1.1444e-07 -0) (-0 -3.75496e-08 -0));
    }
    up
    {
        type            extrapolatedCalculated;
        value           nonuniform List<vector> 
30
(
(8.91912e-05 -0 -0)
(8.41784e-05 -0 -0)
(7.99022e-05 -0 -0)
(7.43731e-05 -0 -0)
(6.9953e-05 -0 -0)
(6.30882e-05 -0 -0)
(5.76533e-05 -0 -0)
(4.73483e-05 -0 -0)
(3.79675e-05 -0 -0)
(2.00076e-05 -0 -0)
(1.06734e-07 -0 -0)
(3.14492e-07 -0 -0)
(3.6196e-07 -0 -0)
(3.99013e-07 -0 -0)
(4.20235e-07 -0 -0)
(4.32321e-07 -0 -0)
(4.39687e-07 -0 -0)
(4.44325e-07 -0 -0)
(4.45962e-07 -0 -0)
(4.43579e-07 -0 -0)
(4.3622e-07 -0 -0)
(4.22621e-07 -0 -0)
(4.01791e-07 -0 -0)
(3.73339e-07 -0 -0)
(3.37112e-07 -0 -0)
(2.92841e-07 -0 -0)
(2.40168e-07 -0 -0)
(1.79153e-07 -0 -0)
(1.10858e-07 -0 -0)
(3.75496e-08 -0 -0)
)
;
    }
    down
    {
        type            extrapolatedCalculated;
        value           nonuniform List<vector> 
30
(
(7.97664e-07 -0 -0)
(6.73538e-07 -0 -0)
(5.14851e-07 -0 -0)
(3.52986e-07 -0 -0)
(2.42608e-07 -0 -0)
(3.2165e-07 -0 -0)
(3.00411e-07 -0 -0)
(2.91955e-07 -0 -0)
(2.88973e-07 -0 -0)
(2.887e-07 -0 -0)
(2.89854e-07 -0 -0)
(2.9171e-07 -0 -0)
(2.93764e-07 -0 -0)
(2.9561e-07 -0 -0)
(2.96887e-07 -0 -0)
(2.97249e-07 -0 -0)
(2.96355e-07 -0 -0)
(2.93859e-07 -0 -0)
(2.89404e-07 -0 -0)
(2.82621e-07 -0 -0)
(2.73125e-07 -0 -0)
(2.60524e-07 -0 -0)
(2.44425e-07 -0 -0)
(2.24467e-07 -0 -0)
(2.0036e-07 -0 -0)
(1.7195e-07 -0 -0)
(1.39298e-07 -0 -0)
(1.0276e-07 -0 -0)
(6.30556e-08 -0 -0)
(2.12623e-08 -0 -0)
)
;
    }
    emptyWalls
    {
        type            empty;
    }
}


// ************************************************************************* //
