/*--------------------------------*- C++ -*----------------------------------*\
  =========                 |
  \\      /  F ield         | OpenFOAM: The Open Source CFD Toolbox
   \\    /   O peration     | Website:  https://openfoam.org
    \\  /    A nd           | Version:  9
     \\/     M anipulation  |
\*---------------------------------------------------------------------------*/
FoamFile
{
    format      ascii;
    class       volScalarField;
    location    "12000";
    object      alpha;
}
// * * * * * * * * * * * * * * * * * * * * * * * * * * * * * * * * * * * * * //

dimensions      [0 2 -1 0 0 0 0];

internalField   nonuniform List<scalar> 
900
(
-1.74093e-11
-2.76307e-12
-5.63587e-12
-3.20446e-13
-4.05121e-14
-4.0652e-14
-4.0652e-14
-4.0652e-14
-4.0652e-14
-4.0652e-14
-4.0652e-14
-4.0652e-14
-4.0652e-14
-4.0652e-14
-4.0652e-14
-4.0652e-14
-4.0652e-14
-4.0652e-14
-4.0652e-14
-4.0652e-14
-4.0652e-14
-4.0652e-14
-4.0652e-14
-4.0652e-14
-4.0652e-14
-4.0652e-14
-4.0652e-14
-4.0652e-14
-4.0652e-14
-4.0652e-14
-6.47564e-10
-1.52793e-09
-5.35809e-11
-6.65453e-14
-4.06399e-14
-4.0652e-14
-4.0652e-14
-4.0652e-14
-4.0652e-14
-4.0652e-14
-4.0652e-14
-4.0652e-14
-4.0652e-14
-4.0652e-14
-4.0652e-14
-4.0652e-14
-4.0652e-14
-4.0652e-14
-4.0652e-14
-4.0652e-14
-4.0652e-14
-4.0652e-14
-4.0652e-14
-4.0652e-14
-4.0652e-14
-4.0652e-14
-4.0652e-14
-4.0652e-14
-4.0652e-14
-4.0652e-14
-2.01389e-11
-1.79021e-11
-6.67982e-12
-3.93507e-14
-4.06485e-14
-4.0652e-14
-4.0652e-14
-4.0652e-14
-4.0652e-14
-4.0652e-14
-4.0652e-14
-4.0652e-14
-4.0652e-14
-4.0652e-14
-4.0652e-14
-4.0652e-14
-4.0652e-14
-4.0652e-14
-4.0652e-14
-4.0652e-14
-4.0652e-14
-4.0652e-14
-4.0652e-14
-4.0652e-14
-4.0652e-14
-4.0652e-14
-4.0652e-14
-4.0652e-14
-4.0652e-14
-4.0652e-14
-1.61524e-10
-1.87681e-11
-7.20413e-12
-2.67014e-14
-4.06516e-14
-4.0652e-14
-4.0652e-14
-4.0652e-14
-4.0652e-14
-4.0652e-14
-4.0652e-14
-4.0652e-14
-4.0652e-14
-4.0652e-14
-4.0652e-14
-4.0652e-14
-4.0652e-14
-4.0652e-14
-4.0652e-14
-4.0652e-14
-4.0652e-14
-4.0652e-14
-4.0652e-14
-4.0652e-14
-4.0652e-14
-4.0652e-14
-4.0652e-14
-4.0652e-14
-4.0652e-14
-4.0652e-14
-5.25785e-11
-1.42915e-11
-7.05019e-12
-2.92382e-14
-4.0652e-14
-4.0652e-14
-4.0652e-14
-4.0652e-14
-4.0652e-14
-4.0652e-14
-4.0652e-14
-4.0652e-14
-4.0652e-14
-4.0652e-14
-4.0652e-14
-4.0652e-14
-4.0652e-14
-4.0652e-14
-4.0652e-14
-4.0652e-14
-4.0652e-14
-4.0652e-14
-4.0652e-14
-4.0652e-14
-4.0652e-14
-4.0652e-14
-4.0652e-14
-4.0652e-14
-4.0652e-14
-4.0652e-14
-1.24356e-10
-1.88435e-11
-1.13437e-11
-3.74141e-14
-4.0652e-14
-4.0652e-14
-4.0652e-14
-4.0652e-14
-4.0652e-14
-4.0652e-14
-4.0652e-14
-4.0652e-14
-4.0652e-14
-4.0652e-14
-4.0652e-14
-4.0652e-14
-4.0652e-14
-4.0652e-14
-4.0652e-14
-4.0652e-14
-4.0652e-14
-4.0652e-14
-4.0652e-14
-4.0652e-14
-4.0652e-14
-4.0652e-14
-4.0652e-14
-4.0652e-14
-4.0652e-14
-4.0652e-14
-7.20342e-11
-1.48407e-11
-6.20067e-12
-4.02446e-14
-4.0652e-14
-4.0652e-14
-4.0652e-14
-4.0652e-14
-4.0652e-14
-4.0652e-14
-4.0652e-14
-4.0652e-14
-4.0652e-14
-4.0652e-14
-4.0652e-14
-4.0652e-14
-4.0652e-14
-4.0652e-14
-4.0652e-14
-4.0652e-14
-4.0652e-14
-4.0652e-14
-4.0652e-14
-4.0652e-14
-4.0652e-14
-4.0652e-14
-4.0652e-14
-4.0652e-14
-4.0652e-14
-4.0652e-14
-1.49596e-10
-1.33641e-11
-4.95297e-14
-4.06464e-14
-4.0652e-14
-4.0652e-14
-4.0652e-14
-4.0652e-14
-4.0652e-14
-4.0652e-14
-4.0652e-14
-4.0652e-14
-4.0652e-14
-4.0652e-14
-4.0652e-14
-4.0652e-14
-4.0652e-14
-4.0652e-14
-4.0652e-14
-4.0652e-14
-4.0652e-14
-4.0652e-14
-4.0652e-14
-4.0652e-14
-4.0652e-14
-4.0652e-14
-4.0652e-14
-4.0652e-14
-4.0652e-14
-4.0652e-14
-1.2806e-10
-1.19789e-11
-2.67139e-14
-4.06519e-14
-4.0652e-14
-4.0652e-14
-4.0652e-14
-4.0652e-14
-4.0652e-14
-4.0652e-14
-4.0652e-14
-4.0652e-14
-4.0652e-14
-4.0652e-14
-4.0652e-14
-4.0652e-14
-4.0652e-14
-4.0652e-14
-4.0652e-14
-4.0652e-14
-4.0652e-14
-4.0652e-14
-4.0652e-14
-4.0652e-14
-4.0652e-14
-4.0652e-14
-4.0652e-14
-4.0652e-14
-4.0652e-14
-4.0652e-14
-2.53752e-10
-2.94035e-11
-2.91845e-14
-4.0652e-14
-4.0652e-14
-4.0652e-14
-4.0652e-14
-4.0652e-14
-4.0652e-14
-4.0652e-14
-4.0652e-14
-4.0652e-14
-4.0652e-14
-4.0652e-14
-4.0652e-14
-4.0652e-14
-4.0652e-14
-4.0652e-14
-4.0652e-14
-4.0652e-14
-4.0652e-14
-4.0652e-14
-4.0652e-14
-4.0652e-14
-4.0652e-14
-4.0652e-14
-4.0652e-14
-4.0652e-14
-4.0652e-14
-4.0652e-14
-2.83203e-10
-2.35152e-11
-1.15222e-12
-4.0472e-14
-4.0652e-14
-4.0652e-14
-4.0652e-14
-4.0652e-14
-4.0652e-14
-4.0652e-14
-4.0652e-14
-4.0652e-14
-4.0652e-14
-4.0652e-14
-4.0652e-14
-4.0652e-14
-4.0652e-14
-4.0652e-14
-4.0652e-14
-4.0652e-14
-4.0652e-14
-4.0652e-14
-4.0652e-14
-4.0652e-14
-4.0652e-14
-4.0652e-14
-4.0652e-14
-4.0652e-14
-4.0652e-14
-4.0652e-14
-5.2952e-10
-8.55846e-11
-1.01619e-11
-6.69942e-13
-4.05377e-14
-4.06511e-14
-4.0652e-14
-4.0652e-14
-4.0652e-14
-4.0652e-14
-4.0652e-14
-4.0652e-14
-4.0652e-14
-4.0652e-14
-4.0652e-14
-4.0652e-14
-4.0652e-14
-4.0652e-14
-4.0652e-14
-4.0652e-14
-4.0652e-14
-4.0652e-14
-4.0652e-14
-4.0652e-14
-4.0652e-14
-4.0652e-14
-4.0652e-14
-4.0652e-14
-4.0652e-14
-4.0652e-14
-8.24419e-10
-1.42925e-11
-1.27569e-11
-7.79718e-12
-9.56851e-12
-4.76799e-13
-4.06263e-14
-4.0652e-14
-4.0652e-14
-4.0652e-14
-4.0652e-14
-4.0652e-14
-4.0652e-14
-4.0652e-14
-4.0652e-14
-4.0652e-14
-4.0652e-14
-4.0652e-14
-4.0652e-14
-4.0652e-14
-4.0652e-14
-4.0652e-14
-4.0652e-14
-4.0652e-14
-4.0652e-14
-4.0652e-14
-4.0652e-14
-4.0652e-14
-4.0652e-14
-4.0652e-14
-2.06733e-09
-6.6884e-10
-3.57415e-11
-5.84552e-12
-3.6411e-12
-2.10384e-12
-3.36944e-14
-4.06517e-14
-4.06517e-14
-4.06517e-14
-4.0652e-14
-4.0652e-14
-4.0652e-14
-4.0652e-14
-4.0652e-14
-4.0652e-14
-4.0652e-14
-4.0652e-14
-4.0652e-14
-4.0652e-14
-4.0652e-14
-4.0652e-14
-4.0652e-14
-4.0652e-14
-4.0652e-14
-4.0652e-14
-4.0652e-14
-4.0652e-14
-4.0652e-14
-4.0652e-14
-8.51602e-10
-3.78187e-10
-1.43626e-10
-5.79327e-11
-2.92397e-11
-1.87119e-11
-1.30555e-11
-1.2495e-11
-1.08276e-11
-1.28437e-11
-3.85107e-14
-3.99338e-14
-3.86136e-14
-3.78567e-14
-3.77163e-14
-3.77918e-14
-3.79149e-14
-3.81021e-14
-3.83441e-14
-3.83947e-14
-3.78866e-14
-3.71207e-14
-3.63618e-14
-3.56641e-14
-3.5173e-14
-3.48878e-14
-3.44711e-14
-3.453e-14
-3.59308e-14
-3.88418e-14
-8.71717e-11
-3.30111e-11
-4.73783e-11
-3.86266e-11
-2.67357e-11
-2.30983e-11
-1.93784e-11
-1.93237e-11
-1.54036e-11
-1.48104e-11
-8.23348e-12
-7.07775e-12
-7.03485e-12
-7.08924e-12
-7.17742e-12
-7.31822e-12
-7.50491e-12
-7.71186e-12
-7.91249e-12
-8.08312e-12
-8.21468e-12
-8.29651e-12
-8.34041e-12
-8.33794e-12
-8.33125e-12
-8.30226e-12
-8.3547e-12
-8.3931e-12
-8.56503e-12
-8.44687e-12
-2.34905e-11
-2.2155e-11
-1.87123e-11
-1.91315e-11
-1.77327e-11
-1.73897e-11
-1.64135e-11
-1.57579e-11
-1.4202e-11
-1.33228e-11
-1.30279e-11
-1.17569e-11
-1.13941e-11
-1.14183e-11
-1.15932e-11
-1.18547e-11
-1.21668e-11
-1.24891e-11
-1.27898e-11
-1.30358e-11
-1.32256e-11
-1.33286e-11
-1.33767e-11
-1.33248e-11
-1.32652e-11
-1.31055e-11
-1.30694e-11
-1.29681e-11
-1.32321e-11
-1.31869e-11
-1.97157e-11
-1.7128e-11
-1.63782e-11
-1.62453e-11
-1.61461e-11
-1.58764e-11
-1.53522e-11
-1.45965e-11
-1.40078e-11
-1.35378e-11
-1.39311e-11
-1.36758e-11
-1.35703e-11
-1.3775e-11
-1.4161e-11
-1.46243e-11
-1.50683e-11
-1.54571e-11
-1.57454e-11
-1.59506e-11
-1.60587e-11
-1.60956e-11
-1.60243e-11
-1.58827e-11
-1.56264e-11
-1.53003e-11
-1.48732e-11
-1.44046e-11
-1.41108e-11
-1.41046e-11
-1.55137e-11
-1.5669e-11
-1.66952e-11
-1.77572e-11
-1.83652e-11
-1.84399e-11
-1.814e-11
-1.76842e-11
-1.73461e-11
-1.7209e-11
-1.73933e-11
-1.75497e-11
-1.76852e-11
-1.79315e-11
-1.82118e-11
-1.84596e-11
-1.85639e-11
-1.85451e-11
-1.83691e-11
-1.81236e-11
-1.78122e-11
-1.7514e-11
-1.71374e-11
-1.67644e-11
-1.62099e-11
-1.56844e-11
-1.4855e-11
-1.3907e-11
-1.24788e-11
-1.14754e-11
-1.59206e-11
-1.85349e-11
-2.10191e-11
-2.2339e-11
-2.2663e-11
-2.24935e-11
-2.2064e-11
-2.16146e-11
-2.12776e-11
-2.10868e-11
-2.09838e-11
-2.08833e-11
-2.0682e-11
-2.04087e-11
-2.0039e-11
-1.95928e-11
-1.89991e-11
-1.83547e-11
-1.7619e-11
-1.6902e-11
-1.62043e-11
-1.55977e-11
-1.50712e-11
-1.45552e-11
-1.38825e-11
-1.33583e-11
-1.24852e-11
-1.18368e-11
-9.72574e-12
-7.92324e-12
-2.25321e-11
-2.67931e-11
-2.66065e-11
-2.52316e-11
-2.38127e-11
-2.27798e-11
-2.19211e-11
-2.1324e-11
-2.08568e-11
-2.05102e-11
-2.01883e-11
-1.98372e-11
-1.94196e-11
-1.89126e-11
-1.83561e-11
-1.77251e-11
-1.69584e-11
-1.6174e-11
-1.52796e-11
-1.45025e-11
-1.36141e-11
-1.27964e-11
-1.23054e-11
-1.16475e-11
-1.11332e-11
-1.05641e-11
-1.00363e-11
-9.3108e-12
-1.02792e-11
-1.31436e-11
-1.84405e-11
-1.75214e-11
-1.74669e-11
-1.77123e-11
-1.78896e-11
-1.82267e-11
-1.84012e-11
-1.87101e-11
-1.88418e-11
-1.90166e-11
-1.89996e-11
-1.88905e-11
-1.85944e-11
-1.81314e-11
-1.75668e-11
-1.6731e-11
-1.57588e-11
-1.4603e-11
-1.33324e-11
-1.24741e-11
-1.11199e-11
-9.98365e-12
-9.13163e-12
-8.38418e-12
-7.98346e-12
-7.79555e-12
-7.22477e-12
-6.67229e-12
-4.90144e-12
-2.0766e-12
-1.91135e-11
-1.95815e-11
-2.05727e-11
-2.14644e-11
-2.18508e-11
-2.20581e-11
-2.18195e-11
-2.16695e-11
-2.11434e-11
-2.07732e-11
-2.00843e-11
-1.94951e-11
-1.85858e-11
-1.76557e-11
-1.63863e-11
-1.4815e-11
-1.34397e-11
-1.1658e-11
-1.01353e-11
-9.13788e-12
-7.62041e-12
-6.77295e-12
-4.75141e-12
-4.28613e-12
-4.2282e-12
-4.26796e-12
-3.97812e-12
-4.10466e-12
-2.90921e-14
-4.0652e-14
-1.93264e-11
-1.90481e-11
-1.89549e-11
-1.88956e-11
-1.88389e-11
-1.87572e-11
-1.85549e-11
-1.8461e-11
-1.81565e-11
-1.80703e-11
-1.77213e-11
-1.74575e-11
-1.67254e-11
-1.58254e-11
-1.36849e-11
-1.16557e-11
-9.91014e-12
-8.0326e-12
-7.03622e-12
-5.00556e-12
-4.08182e-12
-4.7974e-12
-1.43679e-13
-4.06482e-14
-4.0652e-14
-4.0652e-14
-4.0652e-14
-4.0652e-14
-4.0652e-14
-4.0652e-14
-1.93713e-11
-1.91518e-11
-1.91951e-11
-1.93244e-11
-1.96254e-11
-1.98178e-11
-1.99784e-11
-2.00069e-11
-1.97911e-11
-1.95527e-11
-1.89163e-11
-1.80577e-11
-1.69462e-11
-1.47939e-11
-1.11061e-11
-8.6276e-12
-5.61757e-12
-4.41279e-12
-5.0738e-12
-3.97051e-13
-4.06257e-14
-4.0652e-14
-4.0652e-14
-4.0652e-14
-4.0652e-14
-4.0652e-14
-4.0652e-14
-4.0652e-14
-4.0652e-14
-4.0652e-14
-1.9437e-11
-1.92755e-11
-1.93144e-11
-1.92832e-11
-1.94825e-11
-1.94336e-11
-1.95313e-11
-1.92425e-11
-1.88521e-11
-1.8296e-11
-1.71712e-11
-1.60944e-11
-1.44857e-11
-1.06438e-11
-7.24647e-12
-4.92835e-12
-5.81094e-13
-4.05868e-14
-4.0652e-14
-4.0652e-14
-4.0652e-14
-4.0652e-14
-4.0652e-14
-4.0652e-14
-4.0652e-14
-4.0652e-14
-4.0652e-14
-4.0652e-14
-4.0652e-14
-4.0652e-14
-1.948e-11
-1.93648e-11
-1.94256e-11
-1.93674e-11
-1.96105e-11
-1.95531e-11
-1.98817e-11
-1.95924e-11
-1.95465e-11
-1.87877e-11
-1.72688e-11
-1.59673e-11
-1.17862e-11
-5.97368e-12
-4.63742e-12
-3.49941e-14
-4.0652e-14
-4.0652e-14
-4.0652e-14
-4.0652e-14
-4.0652e-14
-4.0652e-14
-4.0652e-14
-4.0652e-14
-4.0652e-14
-4.0652e-14
-4.0652e-14
-4.0652e-14
-4.0652e-14
-4.0652e-14
-1.95065e-11
-1.94316e-11
-1.95131e-11
-1.94624e-11
-1.97279e-11
-1.9672e-11
-2.0162e-11
-1.98362e-11
-2.02017e-11
-1.86845e-11
-1.71285e-11
-1.44083e-11
-6.66238e-12
-1.15198e-13
-4.06503e-14
-4.0652e-14
-4.0652e-14
-4.0652e-14
-4.0652e-14
-4.0652e-14
-4.0652e-14
-4.0652e-14
-4.0652e-14
-4.0652e-14
-4.0652e-14
-4.0652e-14
-4.0652e-14
-4.0652e-14
-4.0652e-14
-4.0652e-14
-1.95177e-11
-1.94821e-11
-1.95601e-11
-1.95501e-11
-1.97942e-11
-1.98176e-11
-2.03568e-11
-2.02449e-11
-2.10676e-11
-1.9501e-11
-1.8769e-11
-1.17257e-11
-1.62033e-13
-4.06499e-14
-4.0652e-14
-4.0652e-14
-4.0652e-14
-4.0652e-14
-4.0652e-14
-4.0652e-14
-4.0652e-14
-4.0652e-14
-4.0652e-14
-4.0652e-14
-4.0652e-14
-4.0652e-14
-4.0652e-14
-4.0652e-14
-4.0652e-14
-4.0652e-14
-1.95147e-11
-1.9519e-11
-1.95659e-11
-1.96214e-11
-1.97939e-11
-1.99512e-11
-2.03836e-11
-2.061e-11
-2.14765e-11
-2.09036e-11
-2.15139e-11
-6.81048e-12
-3.94198e-14
-4.0652e-14
-4.0652e-14
-4.0652e-14
-4.0652e-14
-4.0652e-14
-4.0652e-14
-4.0652e-14
-4.0652e-14
-4.0652e-14
-4.0652e-14
-4.0652e-14
-4.0652e-14
-4.0652e-14
-4.0652e-14
-4.0652e-14
-4.0652e-14
-4.0652e-14
)
;

boundaryField
{
    inlet1
    {
        type            calculated;
        value           uniform -5e-10;
    }
    inlet2
    {
        type            calculated;
        value           nonuniform List<scalar> 10(-2.83203e-10 -5.2952e-10 -8.24419e-10 -2.06733e-09 -8.51602e-10 -8.71717e-11 -2.34905e-11 -1.97157e-11 -1.55137e-11 -1.59206e-11);
    }
    inlet3
    {
        type            calculated;
        value           uniform -1.95111e-11;
    }
    output1
    {
        type            calculated;
        value           nonuniform List<scalar> 10(-4.0652e-14 -4.0652e-14 -4.0652e-14 -4.0652e-14 -4.0652e-14 -4.0652e-14 -4.0652e-14 -4.0652e-14 -4.0652e-14 -4.0652e-14);
    }
    output2
    {
        type            calculated;
        value           nonuniform List<scalar> 10(-4.0652e-14 -4.0652e-14 -4.0652e-14 -4.0652e-14 -3.88418e-14 -8.44687e-12 -1.31869e-11 -1.41046e-11 -1.14754e-11 -7.92324e-12);
    }
    output3
    {
        type            calculated;
        value           nonuniform List<scalar> 10(-1.31436e-11 -2.0766e-12 -4.0652e-14 -4.0652e-14 -4.0652e-14 -4.0652e-14 -4.0652e-14 -4.0652e-14 -4.0652e-14 -4.0652e-14);
    }
    up
    {
        type            calculated;
        value           nonuniform List<scalar> 
30
(
-1.95147e-11
-1.9519e-11
-1.95659e-11
-1.96214e-11
-1.97939e-11
-1.99512e-11
-2.03836e-11
-2.061e-11
-2.14765e-11
-2.09036e-11
-2.15139e-11
-6.81048e-12
-3.94198e-14
-4.0652e-14
-4.0652e-14
-4.0652e-14
-4.0652e-14
-4.0652e-14
-4.0652e-14
-4.0652e-14
-4.0652e-14
-4.0652e-14
-4.0652e-14
-4.0652e-14
-4.0652e-14
-4.0652e-14
-4.0652e-14
-4.0652e-14
-4.0652e-14
-4.0652e-14
)
;
    }
    down
    {
        type            calculated;
        value           nonuniform List<scalar> 
30
(
-1.74093e-11
-2.76307e-12
-5.63587e-12
-3.20446e-13
-4.05121e-14
-4.0652e-14
-4.0652e-14
-4.0652e-14
-4.0652e-14
-4.0652e-14
-4.0652e-14
-4.0652e-14
-4.0652e-14
-4.0652e-14
-4.0652e-14
-4.0652e-14
-4.0652e-14
-4.0652e-14
-4.0652e-14
-4.0652e-14
-4.0652e-14
-4.0652e-14
-4.0652e-14
-4.0652e-14
-4.0652e-14
-4.0652e-14
-4.0652e-14
-4.0652e-14
-4.0652e-14
-4.0652e-14
)
;
    }
    emptyWalls
    {
        type            empty;
    }
}


// ************************************************************************* //
