/*--------------------------------*- C++ -*----------------------------------*\
  =========                 |
  \\      /  F ield         | OpenFOAM: The Open Source CFD Toolbox
   \\    /   O peration     | Website:  https://openfoam.org
    \\  /    A nd           | Version:  9
     \\/     M anipulation  |
\*---------------------------------------------------------------------------*/
FoamFile
{
    format      ascii;
    class       volScalarField;
    location    "12000";
    object      fw;
}
// * * * * * * * * * * * * * * * * * * * * * * * * * * * * * * * * * * * * * //

dimensions      [0 0 0 0 0 0 0];

internalField   nonuniform List<scalar> 
900
(
0.89632
0.335584
0.587517
0.0274766
5.47148e-09
4.7991e-09
4.7991e-09
4.7991e-09
4.7991e-09
4.7991e-09
4.7991e-09
4.7991e-09
4.7991e-09
4.7991e-09
4.7991e-09
4.7991e-09
4.7991e-09
4.7991e-09
4.7991e-09
4.7991e-09
4.7991e-09
4.7991e-09
4.7991e-09
4.7991e-09
4.7991e-09
4.7991e-09
4.7991e-09
4.7991e-09
4.7991e-09
4.7991e-09
1
1.00011
0.986691
0.00316157
4.85424e-09
4.7991e-09
4.7991e-09
4.7991e-09
4.7991e-09
4.7991e-09
4.7991e-09
4.7991e-09
4.7991e-09
4.7991e-09
4.7991e-09
4.7991e-09
4.7991e-09
4.7991e-09
4.7991e-09
4.7991e-09
4.7991e-09
4.7991e-09
4.7991e-09
4.7991e-09
4.7991e-09
4.7991e-09
4.7991e-09
4.7991e-09
4.7991e-09
4.7991e-09
0.917608
0.900706
0.64812
0.00113997
4.81526e-09
4.7991e-09
4.7991e-09
4.7991e-09
4.7991e-09
4.7991e-09
4.7991e-09
4.7991e-09
4.7991e-09
4.7991e-09
4.7991e-09
4.7991e-09
4.7991e-09
4.7991e-09
4.7991e-09
4.7991e-09
4.7991e-09
4.7991e-09
4.7991e-09
4.7991e-09
4.7991e-09
4.7991e-09
4.7991e-09
4.7991e-09
4.7991e-09
4.7991e-09
0.999293
0.907791
0.674041
0.000165628
4.8011e-09
4.7991e-09
4.7991e-09
4.7991e-09
4.7991e-09
4.7991e-09
4.7991e-09
4.7991e-09
4.7991e-09
4.7991e-09
4.7991e-09
4.7991e-09
4.7991e-09
4.7991e-09
4.7991e-09
4.7991e-09
4.7991e-09
4.7991e-09
4.7991e-09
4.7991e-09
4.7991e-09
4.7991e-09
4.7991e-09
4.7991e-09
4.7991e-09
4.7991e-09
0.986145
0.860877
0.66671
1.02565e-05
4.7992e-09
4.7991e-09
4.7991e-09
4.7991e-09
4.7991e-09
4.7991e-09
4.7991e-09
4.7991e-09
4.7991e-09
4.7991e-09
4.7991e-09
4.7991e-09
4.7991e-09
4.7991e-09
4.7991e-09
4.7991e-09
4.7991e-09
4.7991e-09
4.7991e-09
4.7991e-09
4.7991e-09
4.7991e-09
4.7991e-09
4.7991e-09
4.7991e-09
4.7991e-09
0.998367
0.908374
0.80886
6.95187e-08
4.7991e-09
4.7991e-09
4.7991e-09
4.7991e-09
4.7991e-09
4.7991e-09
4.7991e-09
4.7991e-09
4.7991e-09
4.7991e-09
4.7991e-09
4.7991e-09
4.7991e-09
4.7991e-09
4.7991e-09
4.7991e-09
4.7991e-09
4.7991e-09
4.7991e-09
4.7991e-09
4.7991e-09
4.7991e-09
4.7991e-09
4.7991e-09
4.7991e-09
4.7991e-09
0.99314
0.868271
0.621908
6.99683e-09
4.7991e-09
4.7991e-09
4.7991e-09
4.7991e-09
4.7991e-09
4.7991e-09
4.7991e-09
4.7991e-09
4.7991e-09
4.7991e-09
4.7991e-09
4.7991e-09
4.7991e-09
4.7991e-09
4.7991e-09
4.7991e-09
4.7991e-09
4.7991e-09
4.7991e-09
4.7991e-09
4.7991e-09
4.7991e-09
4.7991e-09
4.7991e-09
4.7991e-09
4.7991e-09
0.999084
0.846969
0.00187789
4.82488e-09
4.7991e-09
4.7991e-09
4.7991e-09
4.7991e-09
4.7991e-09
4.7991e-09
4.7991e-09
4.7991e-09
4.7991e-09
4.7991e-09
4.7991e-09
4.7991e-09
4.7991e-09
4.7991e-09
4.7991e-09
4.7991e-09
4.7991e-09
4.7991e-09
4.7991e-09
4.7991e-09
4.7991e-09
4.7991e-09
4.7991e-09
4.7991e-09
4.7991e-09
4.7991e-09
0.998504
0.822182
5.97357e-05
4.79974e-09
4.7991e-09
4.7991e-09
4.7991e-09
4.7991e-09
4.7991e-09
4.7991e-09
4.7991e-09
4.7991e-09
4.7991e-09
4.7991e-09
4.7991e-09
4.7991e-09
4.7991e-09
4.7991e-09
4.7991e-09
4.7991e-09
4.7991e-09
4.7991e-09
4.7991e-09
4.7991e-09
4.7991e-09
4.7991e-09
4.7991e-09
4.7991e-09
4.7991e-09
4.7991e-09
0.999894
0.956827
1.05779e-05
4.79915e-09
4.7991e-09
4.7991e-09
4.7991e-09
4.7991e-09
4.7991e-09
4.7991e-09
4.7991e-09
4.7991e-09
4.7991e-09
4.7991e-09
4.7991e-09
4.7991e-09
4.7991e-09
4.7991e-09
4.7991e-09
4.7991e-09
4.7991e-09
4.7991e-09
4.7991e-09
4.7991e-09
4.7991e-09
4.7991e-09
4.7991e-09
4.7991e-09
4.7991e-09
4.79911e-09
0.999943
0.936226
0.131785
5.67931e-09
4.7991e-09
4.7991e-09
4.7991e-09
4.7991e-09
4.7991e-09
4.7991e-09
4.7991e-09
4.7991e-09
4.7991e-09
4.7991e-09
4.7991e-09
4.7991e-09
4.7991e-09
4.7991e-09
4.7991e-09
4.7991e-09
4.7991e-09
4.7991e-09
4.7991e-09
4.7991e-09
4.7991e-09
4.7991e-09
4.7991e-09
4.7991e-09
4.79909e-09
4.79909e-09
1
0.995486
0.779985
0.0688593
5.34239e-09
4.8035e-09
4.7991e-09
4.7991e-09
4.7991e-09
4.7991e-09
4.7991e-09
4.7991e-09
4.7991e-09
4.7991e-09
4.7991e-09
4.7991e-09
4.7991e-09
4.7991e-09
4.7991e-09
4.7991e-09
4.7991e-09
4.7991e-09
4.7991e-09
4.7991e-09
4.7991e-09
4.7991e-09
4.7991e-09
4.7991e-09
4.7991e-09
4.7991e-09
1.00002
0.860891
0.836757
0.700287
0.763101
0.045254
4.91705e-09
4.7991e-09
4.7991e-09
4.7991e-09
4.7991e-09
4.7991e-09
4.7991e-09
4.7991e-09
4.7991e-09
4.7991e-09
4.7991e-09
4.7991e-09
4.7991e-09
4.7991e-09
4.7991e-09
4.7991e-09
4.7991e-09
4.7991e-09
4.7991e-09
4.7991e-09
4.7991e-09
4.7991e-09
4.7991e-09
4.7991e-09
1.00018
1
0.969917
0.600752
0.42827
0.256415
8.04296e-07
4.80062e-09
4.80057e-09
4.80055e-09
4.7992e-09
4.7991e-09
4.7991e-09
4.7991e-09
4.7991e-09
4.7991e-09
4.7991e-09
4.7991e-09
4.7991e-09
4.7991e-09
4.7991e-09
4.7991e-09
4.7991e-09
4.7991e-09
4.7991e-09
4.7991e-09
4.7991e-09
4.7991e-09
4.7991e-09
4.7991e-09
1.00002
0.999995
0.998953
0.988758
0.956391
0.907353
0.841897
0.832048
0.79696
0.838274
0.00107979
9.24287e-09
2.79033e-08
5.00816e-08
5.5632e-08
5.25787e-08
4.79315e-08
4.15728e-08
3.44905e-08
3.31545e-08
4.89639e-08
8.59614e-08
1.46232e-07
2.33557e-07
3.21396e-07
3.85473e-07
5.00541e-07
4.82544e-07
1.9571e-07
2.32412e-08
0.99569
0.965069
0.982774
0.974086
0.948875
0.934273
0.912357
0.911962
0.875277
0.867877
0.717753
0.668039
0.665967
0.668591
0.672785
0.679331
0.687734
0.696696
0.705047
0.711899
0.71703
0.720158
0.721816
0.721723
0.721471
0.720376
0.722353
0.723788
0.730087
0.72578
0.936113
0.929528
0.907357
0.91055
0.899229
0.89614
0.886569
0.879415
0.859616
0.846303
0.841431
0.817681
0.809968
0.810496
0.814257
0.819684
0.825868
0.831939
0.837333
0.841565
0.844721
0.846396
0.84717
0.846336
0.845368
0.842735
0.84213
0.840415
0.844829
0.844085
0.914743
0.893691
0.8862
0.884793
0.883727
0.880755
0.874659
0.865055
0.856821
0.849721
0.855696
0.851857
0.850228
0.853366
0.859031
0.865426
0.87117
0.875915
0.879273
0.881584
0.882775
0.883179
0.882399
0.880826
0.877902
0.874032
0.86869
0.862447
0.858313
0.858224
0.876585
0.878396
0.889456
0.899444
0.904588
0.905194
0.902728
0.8988
0.895738
0.894458
0.896173
0.897597
0.898809
0.900959
0.903326
0.905353
0.906188
0.906038
0.90462
0.90259
0.899925
0.897275
0.893781
0.89015
0.884415
0.878573
0.868455
0.855339
0.83175
0.811736
0.881249
0.905956
0.92314
0.930491
0.932141
0.931285
0.929045
0.926587
0.924664
0.923544
0.922929
0.922322
0.921086
0.919363
0.916944
0.913885
0.909558
0.904502
0.898219
0.89151
0.884354
0.877569
0.871206
0.8645
0.854977
0.846876
0.831868
0.819319
0.767749
0.705485
0.931481
0.949067
0.948439
0.943457
0.93757
0.932723
0.928276
0.924933
0.922161
0.920009
0.917933
0.91558
0.912654
0.908902
0.904513
0.899161
0.89206
0.884028
0.873781
0.863786
0.850907
0.837449
0.828516
0.815402
0.804128
0.790471
0.776556
0.755192
0.78312
0.843369
0.905199
0.897342
0.896847
0.899048
0.900597
0.90345
0.904881
0.90734
0.90836
0.909691
0.909562
0.908734
0.90643
0.902656
0.897751
0.889816
0.879425
0.865142
0.846458
0.831663
0.803824
0.775098
0.749471
0.723456
0.707924
0.700219
0.675006
0.647728
0.536338
0.252986
0.910417
0.913805
0.920403
0.925739
0.927894
0.929013
0.927722
0.926894
0.923878
0.921649
0.917246
0.913194
0.906361
0.898546
0.886284
0.867937
0.848175
0.815624
0.779266
0.749674
0.692781
0.652926
0.524889
0.487038
0.482067
0.485485
0.459923
0.471268
1.11566e-05
4.7991e-09
0.911981
0.909928
0.909224
0.908773
0.908338
0.907707
0.906116
0.905364
0.902866
0.902141
0.899128
0.896761
0.88976
0.880181
0.851996
0.815576
0.773037
0.709894
0.666034
0.544077
0.469241
0.528437
0.00968754
4.81665e-09
4.7991e-09
4.7991e-09
4.7991e-09
4.7991e-09
4.7991e-09
4.7991e-09
0.912306
0.9107
0.911021
0.911966
0.914114
0.915447
0.916538
0.916729
0.915264
0.913602
0.908931
0.902035
0.891942
0.867663
0.803508
0.73233
0.586334
0.497703
0.54906
0.0360013
4.91947e-09
4.7991e-09
4.7991e-09
4.7991e-09
4.7991e-09
4.7991e-09
4.7991e-09
4.7991e-09
4.7991e-09
4.7991e-09
0.912778
0.911611
0.911894
0.911667
0.913104
0.912755
0.913451
0.911369
0.90844
0.904021
0.894101
0.883165
0.863558
0.792465
0.676018
0.538354
0.0578212
5.10282e-09
4.79916e-09
4.79913e-09
4.7991e-09
4.7991e-09
4.7991e-09
4.7991e-09
4.7991e-09
4.7991e-09
4.7991e-09
4.7991e-09
4.7991e-09
4.7991e-09
0.913086
0.912259
0.912697
0.912278
0.91401
0.913605
0.915884
0.913882
0.913558
0.907943
0.895019
0.881769
0.818285
0.608565
0.515949
3.6033e-07
4.79911e-09
4.7991e-09
4.7991e-09
4.7991e-09
4.7991e-09
4.7991e-09
4.7991e-09
4.7991e-09
4.7991e-09
4.7991e-09
4.7991e-09
4.7991e-09
4.7991e-09
4.7991e-09
0.913275
0.91274
0.913322
0.912961
0.914828
0.91444
0.91776
0.915573
0.918021
0.907139
0.893697
0.862498
0.64721
0.00716036
4.80693e-09
4.7991e-09
4.7991e-09
4.7991e-09
4.7991e-09
4.7991e-09
4.7991e-09
4.7991e-09
4.7991e-09
4.7991e-09
4.7991e-09
4.7991e-09
4.7991e-09
4.7991e-09
4.7991e-09
4.7991e-09
0.913355
0.913101
0.913655
0.913584
0.915285
0.915446
0.919029
0.918304
0.923429
0.913235
0.907798
0.817035
0.0113771
4.80897e-09
4.7991e-09
4.7991e-09
4.7991e-09
4.7991e-09
4.7991e-09
4.7991e-09
4.7991e-09
4.7991e-09
4.7991e-09
4.7991e-09
4.7991e-09
4.7991e-09
4.7991e-09
4.7991e-09
4.7991e-09
4.7991e-09
0.913333
0.913363
0.913695
0.914085
0.915283
0.916355
0.919201
0.920637
0.925808
0.922445
0.92602
0.654837
1.4413e-08
4.7991e-09
4.7991e-09
4.7991e-09
4.7991e-09
4.7991e-09
4.7991e-09
4.7991e-09
4.7991e-09
4.7991e-09
4.7991e-09
4.7991e-09
4.7991e-09
4.7991e-09
4.7991e-09
4.7991e-09
4.7991e-09
4.7991e-09
)
;

boundaryField
{
    inlet1
    {
        type            calculated;
        value           uniform 1;
    }
    inlet2
    {
        type            calculated;
        value           nonuniform List<scalar> 10(0.999943 1 1.00002 1.00018 1.00002 0.99569 0.936113 0.914743 0.876585 0.881249);
    }
    inlet3
    {
        type            calculated;
        value           uniform 0.913307;
    }
    output1
    {
        type            calculated;
        value           nonuniform List<scalar> 10(4.7991e-09 4.7991e-09 4.7991e-09 4.7991e-09 4.7991e-09 4.7991e-09 4.7991e-09 4.7991e-09 4.7991e-09 4.79911e-09);
    }
    output2
    {
        type            calculated;
        value           nonuniform List<scalar> 10(4.79909e-09 4.7991e-09 4.7991e-09 4.7991e-09 2.32412e-08 0.72578 0.844085 0.858224 0.811736 0.705485);
    }
    output3
    {
        type            calculated;
        value           nonuniform List<scalar> 10(0.843369 0.252986 4.7991e-09 4.7991e-09 4.7991e-09 4.7991e-09 4.7991e-09 4.7991e-09 4.7991e-09 4.7991e-09);
    }
    up
    {
        type            calculated;
        value           nonuniform List<scalar> 
30
(
0.913333
0.913363
0.913695
0.914085
0.915283
0.916355
0.919201
0.920637
0.925808
0.922445
0.92602
0.654837
1.4413e-08
4.7991e-09
4.7991e-09
4.7991e-09
4.7991e-09
4.7991e-09
4.7991e-09
4.7991e-09
4.7991e-09
4.7991e-09
4.7991e-09
4.7991e-09
4.7991e-09
4.7991e-09
4.7991e-09
4.7991e-09
4.7991e-09
4.7991e-09
)
;
    }
    down
    {
        type            calculated;
        value           nonuniform List<scalar> 
30
(
0.89632
0.335584
0.587517
0.0274766
5.47148e-09
4.7991e-09
4.7991e-09
4.7991e-09
4.7991e-09
4.7991e-09
4.7991e-09
4.7991e-09
4.7991e-09
4.7991e-09
4.7991e-09
4.7991e-09
4.7991e-09
4.7991e-09
4.7991e-09
4.7991e-09
4.7991e-09
4.7991e-09
4.7991e-09
4.7991e-09
4.7991e-09
4.7991e-09
4.7991e-09
4.7991e-09
4.7991e-09
4.7991e-09
)
;
    }
    emptyWalls
    {
        type            empty;
    }
}


// ************************************************************************* //
