/*--------------------------------*- C++ -*----------------------------------*\
  =========                 |
  \\      /  F ield         | OpenFOAM: The Open Source CFD Toolbox
   \\    /   O peration     | Website:  https://openfoam.org
    \\  /    A nd           | Version:  9
     \\/     M anipulation  |
\*---------------------------------------------------------------------------*/
FoamFile
{
    format      ascii;
    class       volScalarField;
    location    "12000";
    object      p;
}
// * * * * * * * * * * * * * * * * * * * * * * * * * * * * * * * * * * * * * //

dimensions      [0 0 0 0 0 0 0];

internalField   nonuniform List<scalar> 
900
(
2.16664e+07
2.16628e+07
2.16616e+07
2.16504e+07
2.14542e+07
2.07642e+07
2.01458e+07
1.95575e+07
1.89824e+07
1.84124e+07
1.78433e+07
1.7273e+07
1.67006e+07
1.61262e+07
1.55505e+07
1.49751e+07
1.44018e+07
1.38334e+07
1.32731e+07
1.27246e+07
1.21926e+07
1.16823e+07
1.11999e+07
1.07522e+07
1.03466e+07
9.99109e+06
9.69384e+06
9.46259e+06
9.30413e+06
9.22353e+06
2.16635e+07
2.16628e+07
2.16625e+07
2.16616e+07
2.12716e+07
2.06939e+07
2.01157e+07
1.95443e+07
1.89773e+07
1.84115e+07
1.78445e+07
1.72751e+07
1.67026e+07
1.61274e+07
1.55503e+07
1.49728e+07
1.4397e+07
1.38254e+07
1.32612e+07
1.27081e+07
1.21708e+07
1.16545e+07
1.11653e+07
1.071e+07
1.02965e+07
9.93286e+06
9.62784e+06
9.38981e+06
9.22626e+06
9.14293e+06
2.166e+07
2.1662e+07
2.16572e+07
2.16512e+07
2.11528e+07
2.06242e+07
2.00787e+07
1.95267e+07
1.89711e+07
1.84118e+07
1.78483e+07
1.72801e+07
1.67073e+07
1.61305e+07
1.55505e+07
1.4969e+07
1.4388e+07
1.381e+07
1.32381e+07
1.26759e+07
1.2128e+07
1.15996e+07
1.10966e+07
1.06262e+07
1.01964e+07
9.81605e+06
9.49486e+06
9.24255e+06
9.06819e+06
8.97899e+06
2.16355e+07
2.16343e+07
2.16288e+07
2.16237e+07
2.10723e+07
2.05713e+07
2.00482e+07
1.95127e+07
1.89684e+07
1.84163e+07
1.78567e+07
1.72899e+07
1.67162e+07
1.61366e+07
1.55522e+07
1.49647e+07
1.4376e+07
1.37885e+07
1.32051e+07
1.26295e+07
1.20659e+07
1.15191e+07
1.09954e+07
1.05018e+07
1.00468e+07
9.64012e+06
9.29299e+06
9.01733e+06
8.82497e+06
8.72585e+06
2.16066e+07
2.16009e+07
2.15938e+07
2.15883e+07
2.10362e+07
2.05404e+07
2.00302e+07
1.95076e+07
1.89735e+07
1.84283e+07
1.78724e+07
1.73063e+07
1.6731e+07
1.61475e+07
1.55571e+07
1.49616e+07
1.43627e+07
1.37628e+07
1.31645e+07
1.25712e+07
1.19867e+07
1.14157e+07
1.0864e+07
1.03388e+07
9.84875e+06
9.40469e+06
9.01965e+06
8.70882e+06
8.48849e+06
8.3736e+06
2.15623e+07
2.15609e+07
2.15605e+07
2.15567e+07
2.10212e+07
2.0524e+07
2.00245e+07
1.95141e+07
1.89898e+07
1.8451e+07
1.78982e+07
1.73321e+07
1.67541e+07
1.61653e+07
1.55673e+07
1.49617e+07
1.43504e+07
1.37354e+07
1.3119e+07
1.25041e+07
1.1894e+07
1.1293e+07
1.07063e+07
1.01406e+07
9.60477e+06
9.11023e+06
8.67211e+06
8.3098e+06
8.04658e+06
7.90645e+06
2.15133e+07
2.15159e+07
2.15273e+07
2.15178e+07
2.09893e+07
2.051e+07
2.00297e+07
1.95344e+07
1.90205e+07
1.84878e+07
1.79372e+07
1.737e+07
1.67878e+07
1.61922e+07
1.5585e+07
1.49677e+07
1.43419e+07
1.37094e+07
1.3072e+07
1.24321e+07
1.17923e+07
1.11559e+07
1.05274e+07
9.91263e+06
9.31948e+06
8.75934e+06
8.24875e+06
7.8117e+06
7.48159e+06
7.29918e+06
2.14597e+07
2.1462e+07
2.14815e+07
2.12767e+07
2.09107e+07
2.04969e+07
2.00499e+07
1.95733e+07
1.907e+07
1.85424e+07
1.79927e+07
1.74228e+07
1.68348e+07
1.62309e+07
1.56128e+07
1.49821e+07
1.43401e+07
1.36882e+07
1.30277e+07
1.236e+07
1.1687e+07
1.1011e+07
1.0335e+07
9.66299e+06
9.00116e+06
8.35891e+06
7.75185e+06
7.20667e+06
6.76888e+06
6.5095e+06
2.14085e+07
2.14065e+07
2.14055e+07
2.11755e+07
2.08802e+07
2.05169e+07
2.00997e+07
1.96389e+07
1.91437e+07
1.86193e+07
1.80685e+07
1.74937e+07
1.68979e+07
1.62837e+07
1.56531e+07
1.50077e+07
1.43483e+07
1.36756e+07
1.29904e+07
1.22932e+07
1.15848e+07
1.08662e+07
1.01384e+07
9.40321e+06
8.66326e+06
7.9233e+06
7.19306e+06
6.49425e+06
5.87776e+06
5.46044e+06
2.13667e+07
2.1366e+07
2.1364e+07
2.1179e+07
2.09177e+07
2.05909e+07
2.0193e+07
1.9739e+07
1.92465e+07
1.87226e+07
1.81682e+07
1.75857e+07
1.69794e+07
1.63528e+07
1.57084e+07
1.50473e+07
1.43697e+07
1.36757e+07
1.29651e+07
1.22376e+07
1.14929e+07
1.07304e+07
9.94924e+06
9.1482e+06
8.32535e+06
7.47797e+06
6.60285e+06
5.6995e+06
4.78749e+06
3.99405e+06
2.13336e+07
2.13318e+07
2.13231e+07
2.12852e+07
2.10206e+07
2.07359e+07
2.03425e+07
1.98775e+07
1.93808e+07
1.88565e+07
1.8296e+07
1.77015e+07
1.7081e+07
1.64399e+07
1.57805e+07
1.51032e+07
1.44075e+07
1.36923e+07
1.29567e+07
1.21993e+07
1.14188e+07
1.06132e+07
9.77997e+06
8.91499e+06
8.01198e+06
7.06038e+06
6.04088e+06
4.9134e+06
3.57864e+06
1.73421e+06
2.13124e+07
2.13121e+07
2.13039e+07
2.1264e+07
2.11445e+07
2.09895e+07
2.05637e+07
2.00478e+07
1.95427e+07
1.90264e+07
1.84579e+07
1.78433e+07
1.72031e+07
1.65452e+07
1.58705e+07
1.51777e+07
1.44647e+07
1.37294e+07
1.29699e+07
1.21842e+07
1.13697e+07
1.05238e+07
9.64241e+06
8.7198e+06
7.74722e+06
6.71069e+06
5.58687e+06
4.33458e+06
2.87946e+06
1.09839e+06
2.12998e+07
2.12968e+07
2.12789e+07
2.12211e+07
2.1138e+07
2.1072e+07
2.08749e+07
2.02074e+07
1.97158e+07
1.92484e+07
1.86659e+07
1.80108e+07
1.7343e+07
1.66673e+07
1.59787e+07
1.52723e+07
1.45441e+07
1.37907e+07
1.30095e+07
1.21976e+07
1.13522e+07
1.04698e+07
9.54605e+06
8.57459e+06
7.54639e+06
6.44829e+06
5.26133e+06
3.9586e+06
2.50623e+06
878262
2.12948e+07
2.12915e+07
2.12816e+07
2.12133e+07
2.10742e+07
2.0871e+07
2.0573e+07
2.01912e+07
1.98645e+07
1.95858e+07
1.89465e+07
1.81909e+07
1.74909e+07
1.68021e+07
1.61048e+07
1.53889e+07
1.46486e+07
1.388e+07
1.30797e+07
1.22447e+07
1.13716e+07
1.04573e+07
9.49737e+06
8.4861e+06
7.41547e+06
6.27476e+06
5.05155e+06
3.73226e+06
2.30859e+06
786699
2.1293e+07
2.1286e+07
2.12593e+07
2.11877e+07
2.1044e+07
2.08207e+07
2.05248e+07
2.01909e+07
1.98653e+07
1.95902e+07
1.9354e+07
1.83168e+07
1.76309e+07
1.69505e+07
1.62549e+07
1.55349e+07
1.4786e+07
1.40047e+07
1.31878e+07
1.23322e+07
1.14346e+07
1.04917e+07
9.50022e+06
8.45509e+06
7.35021e+06
6.1768e+06
4.9285e+06
3.60037e+06
2.20305e+06
745729
2.12964e+07
2.12852e+07
2.12409e+07
2.1151e+07
2.09939e+07
2.07642e+07
2.04784e+07
2.01615e+07
1.98243e+07
1.94667e+07
1.90001e+07
1.83143e+07
1.76322e+07
1.69522e+07
1.62568e+07
1.55368e+07
1.47878e+07
1.40063e+07
1.31893e+07
1.23334e+07
1.14354e+07
1.04923e+07
9.50054e+06
8.45516e+06
7.35009e+06
6.17644e+06
4.928e+06
3.6e+06
2.20333e+06
746158
2.13374e+07
2.13189e+07
2.12507e+07
2.11335e+07
2.09575e+07
2.07229e+07
2.044e+07
2.0119e+07
1.97574e+07
1.93436e+07
1.88504e+07
1.82671e+07
1.76314e+07
1.69701e+07
1.6285e+07
1.55723e+07
1.48285e+07
1.40503e+07
1.32346e+07
1.23785e+07
1.14795e+07
1.05354e+07
9.54374e+06
8.50068e+06
7.40104e+06
6.23577e+06
4.99529e+06
3.66745e+06
2.25411e+06
765808
2.14621e+07
2.14159e+07
2.1316e+07
2.11632e+07
2.09612e+07
2.07126e+07
2.04207e+07
2.00867e+07
1.97068e+07
1.92743e+07
1.87867e+07
1.82422e+07
1.76456e+07
1.70102e+07
1.63422e+07
1.56417e+07
1.49063e+07
1.41333e+07
1.33197e+07
1.2463e+07
1.15617e+07
1.0615e+07
9.62223e+06
8.58197e+06
7.49067e+06
6.34178e+06
5.12217e+06
3.80982e+06
2.37833e+06
820776
2.16632e+07
2.15822e+07
2.14348e+07
2.12397e+07
2.10061e+07
2.0736e+07
2.0429e+07
2.00829e+07
1.96948e+07
1.92619e+07
1.87841e+07
1.82612e+07
1.76928e+07
1.70827e+07
1.64341e+07
1.57476e+07
1.50218e+07
1.42543e+07
1.34426e+07
1.25848e+07
1.16797e+07
1.07279e+07
9.73108e+06
8.69127e+06
7.60799e+06
6.47989e+06
5.29602e+06
4.03213e+06
2.62368e+06
971677
2.1969e+07
2.18072e+07
2.15908e+07
2.13476e+07
2.10804e+07
2.07873e+07
2.0465e+07
2.01102e+07
1.97203e+07
1.9293e+07
1.88274e+07
1.83222e+07
1.77757e+07
1.71873e+07
1.6557e+07
1.58844e+07
1.5168e+07
1.44059e+07
1.35963e+07
1.27381e+07
1.18294e+07
1.08703e+07
9.86516e+06
8.82018e+06
7.74073e+06
6.63327e+06
5.49227e+06
4.30811e+06
3.026e+06
1.42991e+06
2.23639e+07
2.2043e+07
2.1756e+07
2.14694e+07
2.11721e+07
2.08584e+07
2.05237e+07
2.0164e+07
1.97762e+07
1.93576e+07
1.89058e+07
1.84181e+07
1.78915e+07
1.73228e+07
1.67098e+07
1.60506e+07
1.53434e+07
1.4587e+07
1.37799e+07
1.29235e+07
1.20143e+07
1.10478e+07
1.00277e+07
8.96427e+06
7.87925e+06
6.79102e+06
5.70004e+06
4.58944e+06
3.49874e+06
2.66587e+06
2.26751e+07
2.22726e+07
2.19239e+07
2.15981e+07
2.12752e+07
2.09454e+07
2.06023e+07
2.02417e+07
1.98596e+07
1.94525e+07
1.90169e+07
1.85488e+07
1.80432e+07
1.7495e+07
1.68992e+07
1.62519e+07
1.55526e+07
1.48007e+07
1.39952e+07
1.31414e+07
1.22358e+07
1.12727e+07
1.0229e+07
9.11508e+06
8.00265e+06
6.93466e+06
5.91388e+06
4.95418e+06
3.99926e+06
3.09489e+06
2.29136e+07
2.24857e+07
2.2099e+07
2.17399e+07
2.13938e+07
2.10502e+07
2.07015e+07
2.03428e+07
1.9969e+07
1.95758e+07
1.91586e+07
1.87121e+07
1.82302e+07
1.77051e+07
1.71269e+07
1.64884e+07
1.57909e+07
1.50385e+07
1.42377e+07
1.33824e+07
1.24724e+07
1.1556e+07
1.05083e+07
9.25064e+06
8.08479e+06
7.0273e+06
6.06527e+06
5.28308e+06
4.57869e+06
3.19832e+06
2.31021e+07
2.26638e+07
2.22564e+07
2.18751e+07
2.1512e+07
2.11586e+07
2.0808e+07
2.04544e+07
2.00923e+07
1.97166e+07
1.93215e+07
1.89004e+07
1.84463e+07
1.7949e+07
1.73919e+07
1.67623e+07
1.60533e+07
1.52832e+07
1.45126e+07
1.36637e+07
1.26751e+07
1.18701e+07
1.11553e+07
9.31491e+06
8.09916e+06
7.04257e+06
6.08647e+06
5.31545e+06
5.17184e+06
4.70778e+06
2.32519e+07
2.28089e+07
2.23919e+07
2.19989e+07
2.16262e+07
2.12682e+07
2.09196e+07
2.05753e+07
2.02294e+07
1.98761e+07
1.95079e+07
1.91161e+07
1.86927e+07
1.82238e+07
1.7694e+07
1.70869e+07
1.63533e+07
1.54928e+07
1.47877e+07
1.41708e+07
1.28054e+07
1.18739e+07
1.10175e+07
9.77858e+06
8.6947e+06
7.7515e+06
6.94952e+06
6.3384e+06
6.0011e+06
5.75317e+06
2.33703e+07
2.29252e+07
2.25039e+07
2.21054e+07
2.17283e+07
2.13695e+07
2.1026e+07
2.06936e+07
2.03676e+07
2.00417e+07
1.9706e+07
1.93503e+07
1.89588e+07
1.85089e+07
1.80071e+07
1.74597e+07
1.68112e+07
1.56429e+07
1.47912e+07
1.40844e+07
1.29923e+07
1.2021e+07
1.10878e+07
1.00872e+07
9.14954e+06
8.31922e+06
7.6217e+06
7.08753e+06
6.74101e+06
6.55063e+06
2.34616e+07
2.30157e+07
2.25927e+07
2.2192e+07
2.18138e+07
2.14566e+07
2.11199e+07
2.08013e+07
2.04984e+07
2.02053e+07
1.99113e+07
1.96042e+07
1.92517e+07
1.88051e+07
1.8296e+07
1.7855e+07
1.67976e+07
1.57777e+07
1.48677e+07
1.40046e+07
1.30583e+07
1.21302e+07
1.12254e+07
1.03327e+07
9.49709e+06
8.75413e+06
8.13051e+06
7.64903e+06
7.32477e+06
7.15771e+06
2.35285e+07
2.30823e+07
2.26587e+07
2.22575e+07
2.18797e+07
2.15249e+07
2.1195e+07
2.08892e+07
2.0609e+07
2.03503e+07
2.01056e+07
1.98582e+07
1.95684e+07
1.91986e+07
1.83152e+07
1.76161e+07
1.67297e+07
1.58025e+07
1.48972e+07
1.40079e+07
1.31061e+07
1.22161e+07
1.1351e+07
1.05212e+07
9.75199e+06
9.06971e+06
8.49718e+06
8.05331e+06
7.75132e+06
7.59775e+06
2.35725e+07
2.31263e+07
2.27025e+07
2.23014e+07
2.19242e+07
2.15717e+07
2.12466e+07
2.09502e+07
2.06876e+07
2.04586e+07
2.02648e+07
2.00888e+07
1.98969e+07
1.93732e+07
1.84299e+07
1.7581e+07
1.67026e+07
1.58054e+07
1.49108e+07
1.40237e+07
1.31422e+07
1.22771e+07
1.14412e+07
1.0649e+07
9.92e+06
9.27552e+06
8.73521e+06
8.31573e+06
8.02946e+06
7.8842e+06
2.35943e+07
2.31481e+07
2.27243e+07
2.23234e+07
2.19467e+07
2.15954e+07
2.12727e+07
2.09811e+07
2.07272e+07
2.05147e+07
2.03558e+07
2.02472e+07
2.02272e+07
1.93458e+07
1.84503e+07
1.75753e+07
1.66945e+07
1.58056e+07
1.49168e+07
1.40341e+07
1.31617e+07
1.23089e+07
1.14879e+07
1.07134e+07
1.00035e+07
9.37716e+06
8.85243e+06
8.44492e+06
8.16659e+06
8.0254e+06
)
;

boundaryField
{
    inlet1
    {
        type            fixedGradient;
        gradient        uniform 20000;
    }
    inlet2
    {
        type            zeroGradient;
    }
    inlet3
    {
        type            fixedGradient;
        gradient        uniform 4.68141e+06;
    }
    output1
    {
        type            zeroGradient;
    }
    output2
    {
        type            fixedValue;
        value           uniform 0;
    }
    output3
    {
        type            zeroGradient;
    }
    up
    {
        type            zeroGradient;
    }
    down
    {
        type            zeroGradient;
    }
    emptyWalls
    {
        type            empty;
    }
}


// ************************************************************************* //
