/*--------------------------------*- C++ -*----------------------------------*\
  =========                 |
  \\      /  F ield         | OpenFOAM: The Open Source CFD Toolbox
   \\    /   O peration     | Website:  https://openfoam.org
    \\  /    A nd           | Version:  9
     \\/     M anipulation  |
\*---------------------------------------------------------------------------*/
FoamFile
{
    format      ascii;
    class       volScalarField;
    location    "12000";
    object      Sw;
}
// * * * * * * * * * * * * * * * * * * * * * * * * * * * * * * * * * * * * * //

dimensions      [0 0 0 0 0 0 0];

internalField   nonuniform List<scalar> 
900
(
0.592932
0.491505
0.528068
0.39787
0.150804
0.15
0.15
0.15
0.15
0.15
0.15
0.15
0.15
0.15
0.15
0.15
0.15
0.15
0.15
0.15
0.15
0.15
0.15
0.15
0.15
0.15
0.15
0.15
0.15
0.15
0.87463
0.962406
0.667362
0.337525
0.15007
0.15
0.15
0.15
0.15
0.15
0.15
0.15
0.15
0.15
0.15
0.15
0.15
0.15
0.15
0.15
0.15
0.15
0.15
0.15
0.15
0.15
0.15
0.15
0.15
0.15
0.601996
0.59466
0.537279
0.312767
0.15002
0.15
0.15
0.15
0.15
0.15
0.15
0.15
0.15
0.15
0.15
0.15
0.15
0.15
0.15
0.15
0.15
0.15
0.15
0.15
0.15
0.15
0.15
0.15
0.15
0.15
0.751173
0.597577
0.541426
0.271828
0.150003
0.15
0.15
0.15
0.15
0.15
0.15
0.15
0.15
0.15
0.15
0.15
0.15
0.15
0.15
0.15
0.15
0.15
0.15
0.15
0.15
0.15
0.15
0.15
0.15
0.15
0.665999
0.580915
0.540237
0.224959
0.15
0.15
0.15
0.15
0.15
0.15
0.15
0.15
0.15
0.15
0.15
0.15
0.15
0.15
0.15
0.15
0.15
0.15
0.15
0.15
0.15
0.15
0.15
0.15
0.15
0.15
0.730256
0.597822
0.567212
0.169119
0.15
0.15
0.15
0.15
0.15
0.15
0.15
0.15
0.15
0.15
0.15
0.15
0.15
0.15
0.15
0.15
0.15
0.15
0.15
0.15
0.15
0.15
0.15
0.15
0.15
0.15
0.688697
0.583193
0.533251
0.152347
0.15
0.15
0.15
0.15
0.15
0.15
0.15
0.15
0.15
0.15
0.15
0.15
0.15
0.15
0.15
0.15
0.15
0.15
0.15
0.15
0.15
0.15
0.15
0.15
0.15
0.15
0.744974
0.576897
0.324615
0.150033
0.15
0.15
0.15
0.15
0.15
0.15
0.15
0.15
0.15
0.15
0.15
0.15
0.15
0.15
0.15
0.15
0.15
0.15
0.15
0.15
0.15
0.15
0.15
0.15
0.15
0.15
0.732589
0.570413
0.25308
0.150001
0.15
0.15
0.15
0.15
0.15
0.15
0.15
0.15
0.15
0.15
0.15
0.15
0.15
0.15
0.15
0.15
0.15
0.15
0.15
0.15
0.15
0.15
0.15
0.15
0.15
0.15
0.789022
0.626311
0.225409
0.15
0.15
0.15
0.15
0.15
0.15
0.15
0.15
0.15
0.15
0.15
0.15
0.15
0.15
0.15
0.15
0.15
0.15
0.15
0.15
0.15
0.15
0.15
0.15
0.15
0.15
0.15
0.798576
0.611795
0.450783
0.151036
0.15
0.15
0.15
0.15
0.15
0.15
0.15
0.15
0.15
0.15
0.15
0.15
0.15
0.15
0.15
0.15
0.15
0.15
0.15
0.15
0.15
0.15
0.15
0.15
0.15
0.15
0.855396
0.701524
0.560848
0.427525
0.150657
0.150006
0.15
0.15
0.15
0.15
0.15
0.15
0.15
0.15
0.15
0.15
0.15
0.15
0.15
0.15
0.15
0.15
0.15
0.15
0.15
0.15
0.15
0.15
0.15
0.15
0.898423
0.580844
0.574086
0.545798
0.557372
0.413638
0.150148
0.15
0.15
0.15
0.15
0.15
0.15
0.15
0.15
0.15
0.15
0.15
0.15
0.15
0.15
0.15
0.15
0.15
0.15
0.15
0.15
0.15
0.15
0.15
0.995609
0.877824
0.639417
0.530065
0.505301
0.478368
0.192647
0.150002
0.150002
0.150002
0.15
0.15
0.15
0.15
0.15
0.15
0.15
0.15
0.15
0.15
0.15
0.15
0.15
0.15
0.15
0.15
0.15
0.15
0.15
0.15
0.901588
0.824279
0.741738
0.672882
0.625941
0.597396
0.575504
0.572908
0.564517
0.574559
0.311787
0.154148
0.161907
0.166443
0.167293
0.166838
0.166098
0.164974
0.163526
0.163224
0.16627
0.170918
0.175591
0.179952
0.183063
0.184887
0.187574
0.187193
0.17828
0.160559
0.702853
0.63397
0.658618
0.644569
0.620082
0.610662
0.599569
0.599398
0.585439
0.58307
0.548871
0.540458
0.540124
0.540549
0.541228
0.542299
0.543692
0.545203
0.546635
0.547829
0.548736
0.549294
0.549592
0.549576
0.549533
0.549338
0.549694
0.549954
0.551099
0.550319
0.611736
0.608013
0.597383
0.598776
0.594063
0.592857
0.589309
0.586823
0.580536
0.576713
0.575383
0.56932
0.567484
0.567606
0.568494
0.5698
0.571328
0.57287
0.574279
0.575411
0.576273
0.576736
0.576952
0.576722
0.576456
0.575737
0.575574
0.575113
0.576314
0.576112
0.600651
0.591918
0.589178
0.588679
0.588307
0.58728
0.58524
0.582187
0.579712
0.577669
0.579383
0.578275
0.577811
0.578703
0.580359
0.582295
0.584102
0.585647
0.586771
0.587561
0.587974
0.588115
0.587845
0.587305
0.586316
0.585036
0.583323
0.581393
0.580154
0.580128
0.585872
0.586478
0.590352
0.594147
0.596232
0.596485
0.595469
0.593895
0.592704
0.592215
0.59287
0.59342
0.593894
0.594748
0.595708
0.596547
0.596898
0.596836
0.596245
0.595412
0.59434
0.593298
0.591959
0.590608
0.588549
0.58654
0.583246
0.579278
0.572828
0.567897
0.587447
0.596801
0.604676
0.608533
0.60945
0.608972
0.607747
0.606442
0.605447
0.604878
0.604568
0.604265
0.603655
0.602818
0.601672
0.600263
0.598343
0.596199
0.593667
0.59111
0.588527
0.586202
0.584119
0.582015
0.579171
0.57687
0.572857
0.569714
0.558316
0.546716
0.60908
0.620224
0.61977
0.616333
0.612611
0.609776
0.607334
0.605585
0.604186
0.603131
0.602137
0.601037
0.599707
0.598058
0.596202
0.594038
0.591314
0.588413
0.584952
0.581796
0.578003
0.574315
0.571999
0.568768
0.566128
0.56308
0.560121
0.555824
0.561501
0.575909
0.596485
0.593322
0.593129
0.59399
0.594606
0.595761
0.596352
0.597386
0.597823
0.598398
0.598343
0.597985
0.597003
0.595439
0.593483
0.590484
0.586827
0.582213
0.576755
0.572804
0.566059
0.559819
0.554717
0.549886
0.547138
0.545809
0.541589
0.537219
0.520666
0.477749
0.598715
0.600225
0.603323
0.606
0.60713
0.607729
0.60704
0.606601
0.605049
0.603933
0.601815
0.59995
0.596975
0.593795
0.58921
0.583083
0.577233
0.568822
0.560687
0.554755
0.544544
0.538035
0.519032
0.513656
0.512952
0.513438
0.509815
0.511434
0.226329
0.15
0.599406
0.598501
0.598196
0.598
0.597813
0.597543
0.596869
0.596553
0.595523
0.595226
0.594024
0.593096
0.590465
0.587084
0.578316
0.568814
0.559394
0.547484
0.540129
0.521777
0.511132
0.519528
0.36755
0.150022
0.15
0.15
0.15
0.15
0.15
0.15
0.599551
0.59884
0.59898
0.599399
0.600365
0.600976
0.601482
0.601571
0.600892
0.600132
0.59807
0.595182
0.591272
0.582997
0.565994
0.551507
0.527914
0.515164
0.522474
0.406472
0.150153
0.15
0.15
0.15
0.15
0.15
0.15
0.15
0.15
0.15
0.599762
0.599241
0.599367
0.599266
0.599908
0.599752
0.600064
0.599136
0.597856
0.595998
0.592077
0.588107
0.581731
0.563515
0.541771
0.520956
0.421791
0.150378
0.15
0.15
0.15
0.15
0.15
0.15
0.15
0.15
0.15
0.15
0.15
0.15
0.5999
0.59953
0.599725
0.599538
0.600318
0.600135
0.601177
0.600262
0.600111
0.597649
0.592422
0.587629
0.569468
0.531205
0.5178
0.184304
0.15
0.15
0.15
0.15
0.15
0.15
0.15
0.15
0.15
0.15
0.15
0.15
0.15
0.15
0.599985
0.599745
0.600006
0.599844
0.600691
0.600514
0.602055
0.601036
0.602177
0.597309
0.59192
0.581422
0.537141
0.359158
0.15001
0.15
0.15
0.15
0.15
0.15
0.15
0.15
0.15
0.15
0.15
0.15
0.15
0.15
0.15
0.15
0.600021
0.599907
0.600157
0.600125
0.600901
0.600975
0.602659
0.602314
0.60482
0.599972
0.597585
0.569202
0.372052
0.150013
0.15
0.15
0.15
0.15
0.15
0.15
0.15
0.15
0.15
0.15
0.15
0.15
0.15
0.15
0.15
0.15
0.600012
0.600025
0.600176
0.600352
0.600901
0.601396
0.602742
0.603435
0.606037
0.604326
0.606154
0.53843
0.157177
0.15
0.15
0.15
0.15
0.15
0.15
0.15
0.15
0.15
0.15
0.15
0.15
0.15
0.15
0.15
0.15
0.15
)
;

boundaryField
{
    inlet1
    {
        type            fixedValue;
        value           uniform 0.85;
    }
    inlet2
    {
        type            zeroGradient;
    }
    inlet3
    {
        type            fixedValue;
        value           uniform 0.6;
    }
    output1
    {
        type            zeroGradient;
    }
    output2
    {
        type            zeroGradient;
    }
    output3
    {
        type            zeroGradient;
    }
    up
    {
        type            zeroGradient;
    }
    down
    {
        type            zeroGradient;
    }
    emptyWalls
    {
        type            empty;
    }
}


// ************************************************************************* //
