/*--------------------------------*- C++ -*----------------------------------*\
  =========                 |
  \\      /  F ield         | OpenFOAM: The Open Source CFD Toolbox
   \\    /   O peration     | Website:  https://openfoam.org
    \\  /    A nd           | Version:  9
     \\/     M anipulation  |
\*---------------------------------------------------------------------------*/
FoamFile
{
    format      ascii;
    class       volVectorField;
    location    "12000";
    object      ut;
}
// * * * * * * * * * * * * * * * * * * * * * * * * * * * * * * * * * * * * * //

dimensions      [0 1 -1 0 0 0 0];

internalField   nonuniform List<vector> 
900
(
(4.85742e-07 2.5235e-07 -0)
(6.67549e-08 5.56961e-10 -0)
(3.49756e-07 -2.663e-08 -0)
(3.32227e-07 -1.79841e-08 -0)
(1.795e-07 3.69845e-08 -0)
(2.65945e-07 1.42968e-08 -0)
(2.45282e-07 6.12468e-09 -0)
(2.36472e-07 2.68459e-09 -0)
(2.32752e-07 1.0353e-09 -0)
(2.31534e-07 1.82384e-10 -0)
(2.31601e-07 -2.50478e-10 -0)
(2.32274e-07 -4.22791e-10 -0)
(2.33105e-07 -4.09571e-10 -0)
(2.33763e-07 -2.48774e-10 -0)
(2.33971e-07 4.0459e-11 -0)
(2.33479e-07 4.50205e-10 -0)
(2.32049e-07 9.79657e-10 -0)
(2.29436e-07 1.63317e-09 -0)
(2.25384e-07 2.41871e-09 -0)
(2.1962e-07 3.34604e-09 -0)
(2.11849e-07 4.42415e-09 -0)
(2.01767e-07 5.65816e-09 -0)
(1.89064e-07 7.04502e-09 -0)
(1.73451e-07 8.56757e-09 -0)
(1.54697e-07 1.01871e-08 -0)
(1.32674e-07 1.18363e-08 -0)
(1.07422e-07 1.34152e-08 -0)
(7.92134e-08 1.47938e-08 -0)
(4.8593e-08 1.58267e-08 -0)
(1.63831e-08 1.63829e-08 -0)
(8.81191e-06 2.08211e-05 -0)
(7.54712e-06 6.28888e-06 -0)
(3.07312e-07 1.16075e-06 -0)
(1.30057e-07 -2.62132e-10 -0)
(1.96639e-07 6.12388e-08 -0)
(2.34958e-07 2.84704e-08 -0)
(2.3367e-07 1.36418e-08 -0)
(2.31383e-07 6.26271e-09 -0)
(2.3025e-07 2.30937e-09 -0)
(2.30248e-07 1.26932e-10 -0)
(2.30996e-07 -1.01222e-09 -0)
(2.32115e-07 -1.45421e-09 -0)
(2.33279e-07 -1.37669e-09 -0)
(2.34213e-07 -8.74946e-10 -0)
(2.3467e-07 1.14639e-12 -0)
(2.34419e-07 1.23108e-09 -0)
(2.33232e-07 2.81485e-09 -0)
(2.30875e-07 4.76745e-09 -0)
(2.27097e-07 7.11453e-09 -0)
(2.21625e-07 9.88739e-09 -0)
(2.14162e-07 1.31164e-08 -0)
(2.04388e-07 1.68216e-08 -0)
(1.91973e-07 2.09998e-08 -0)
(1.76593e-07 2.5606e-08 -0)
(1.57965e-07 3.05315e-08 -0)
(1.35902e-07 3.5579e-08 -0)
(1.1038e-07 4.04459e-08 -0)
(8.1625e-08 4.47268e-08 -0)
(5.0182e-08 4.79566e-08 -0)
(1.69392e-08 4.97048e-08 -0)
(-2.73228e-09 2.81398e-06 -0)
(2.44725e-07 2.55024e-06 -0)
(3.60736e-07 1.12527e-06 -0)
(9.92409e-08 7.47033e-09 -0)
(2.08732e-07 4.05013e-08 -0)
(2.1833e-07 2.49226e-08 -0)
(2.23074e-07 1.37094e-08 -0)
(2.2514e-07 6.41499e-09 -0)
(2.26616e-07 1.8125e-09 -0)
(2.28212e-07 -9.71949e-10 -0)
(2.3002e-07 -2.47138e-09 -0)
(2.31909e-07 -3.00531e-09 -0)
(2.33685e-07 -2.76792e-09 -0)
(2.35141e-07 -1.87539e-09 -0)
(2.36077e-07 -3.91628e-10 -0)
(2.36293e-07 1.65853e-09 -0)
(2.35586e-07 4.28143e-09 -0)
(2.33736e-07 7.50722e-09 -0)
(2.30504e-07 1.13845e-08 -0)
(2.25622e-07 1.59727e-08 -0)
(2.18784e-07 2.13327e-08 -0)
(2.09651e-07 2.75127e-08 -0)
(1.97848e-07 3.45269e-08 -0)
(1.82983e-07 4.23255e-08 -0)
(1.6467e-07 5.07536e-08 -0)
(1.42588e-07 5.95022e-08 -0)
(1.1657e-07 6.80623e-08 -0)
(8.67242e-08 7.57107e-08 -0)
(5.35709e-08 8.1568e-08 -0)
(1.81312e-08 8.47749e-08 -0)
(2.63827e-06 4.313e-05 -0)
(6.31906e-07 5.72968e-06 -0)
(3.8269e-07 2.28497e-06 -0)
(7.42923e-08 8.39284e-09 -0)
(2.13901e-07 2.37066e-08 -0)
(2.08162e-07 1.7023e-08 -0)
(2.15162e-07 9.85851e-09 -0)
(2.19486e-07 3.8756e-09 -0)
(2.22863e-07 -5.0232e-10 -0)
(2.25964e-07 -3.35584e-09 -0)
(2.28962e-07 -4.89577e-09 -0)
(2.31818e-07 -5.32748e-09 -0)
(2.34409e-07 -4.81358e-09 -0)
(2.36589e-07 -3.46664e-09 -0)
(2.38204e-07 -1.3508e-09 -0)
(2.39092e-07 1.51338e-09 -0)
(2.39081e-07 5.14486e-09 -0)
(2.37978e-07 9.59535e-09 -0)
(2.35563e-07 1.49435e-08 -0)
(2.31573e-07 2.12864e-08 -0)
(2.25702e-07 2.87296e-08 -0)
(2.17582e-07 3.73698e-08 -0)
(2.06786e-07 4.72695e-08 -0)
(1.9282e-07 5.84152e-08 -0)
(1.75142e-07 7.06552e-08 -0)
(1.5321e-07 8.36135e-08 -0)
(1.26588e-07 9.65904e-08 -0)
(9.51306e-08 1.08486e-07 -0)
(5.92462e-08 1.1783e-07 -0)
(2.01461e-08 1.23052e-07 -0)
(2.00498e-06 1.92558e-05 -0)
(9.12168e-07 5.24364e-06 -0)
(4.44426e-07 2.40899e-06 -0)
(8.15147e-08 9.78536e-09 -0)
(2.12995e-07 1.03922e-08 -0)
(2.04482e-07 9.60868e-09 -0)
(2.09927e-07 4.82615e-09 -0)
(2.14779e-07 -2.68784e-10 -0)
(2.19385e-07 -4.34156e-09 -0)
(2.23818e-07 -7.05321e-09 -0)
(2.28048e-07 -8.42781e-09 -0)
(2.31991e-07 -8.59501e-09 -0)
(2.35545e-07 -7.69224e-09 -0)
(2.38604e-07 -5.82669e-09 -0)
(2.41057e-07 -3.05892e-09 -0)
(2.42789e-07 6.00586e-10 -0)
(2.43667e-07 5.18895e-09 -0)
(2.43535e-07 1.07859e-08 -0)
(2.42195e-07 1.75079e-08 -0)
(2.39408e-07 2.55003e-08 -0)
(2.34867e-07 3.49294e-08 -0)
(2.28191e-07 4.59673e-08 -0)
(2.18894e-07 5.87659e-08 -0)
(2.06368e-07 7.34104e-08 -0)
(1.89868e-07 8.9838e-08 -0)
(1.68523e-07 1.07706e-07 -0)
(1.41442e-07 1.262e-07 -0)
(1.07964e-07 1.43812e-07 -0)
(6.81371e-08 1.58214e-07 -0)
(2.33532e-08 1.66551e-07 -0)
(2.11535e-06 5.80055e-05 -0)
(1.72082e-07 8.00763e-06 -0)
(2.36999e-07 3.77424e-06 -0)
(1.00879e-07 1.32006e-08 -0)
(2.09907e-07 9.54198e-09 -0)
(2.02596e-07 6.19394e-09 -0)
(2.05285e-07 1.06119e-10 -0)
(2.10318e-07 -5.43533e-09 -0)
(2.16078e-07 -9.5417e-09 -0)
(2.21878e-07 -1.20873e-08 -0)
(2.27421e-07 -1.31669e-08 -0)
(2.32554e-07 -1.29323e-08 -0)
(2.37178e-07 -1.15342e-08 -0)
(2.41223e-07 -9.08919e-09 -0)
(2.44631e-07 -5.65865e-09 -0)
(2.47339e-07 -1.24091e-09 -0)
(2.49266e-07 4.22466e-09 -0)
(2.50297e-07 1.08518e-08 -0)
(2.50277e-07 1.88016e-08 -0)
(2.48995e-07 2.82774e-08 -0)
(2.46169e-07 3.95205e-08 -0)
(2.41419e-07 5.2804e-08 -0)
(2.34229e-07 6.84162e-08 -0)
(2.23892e-07 8.66224e-08 -0)
(2.09438e-07 1.07581e-07 -0)
(1.89573e-07 1.31173e-07 -0)
(1.62694e-07 1.56693e-07 -0)
(1.27144e-07 1.82348e-07 -0)
(8.1985e-08 2.04664e-07 -0)
(2.84828e-08 2.18387e-07 -0)
(-2.42001e-07 3.6937e-05 -0)
(-1.03745e-06 7.33571e-06 -0)
(-5.63879e-08 2.44748e-06 -0)
(1.08256e-07 5.63525e-08 -0)
(2.04846e-07 2.24551e-08 -0)
(1.95046e-07 5.5189e-09 -0)
(1.98298e-07 -5.1603e-09 -0)
(2.05131e-07 -1.20367e-08 -0)
(2.12733e-07 -1.63023e-08 -0)
(2.20193e-07 -1.85869e-08 -0)
(2.27203e-07 -1.92205e-08 -0)
(2.33624e-07 -1.84327e-08 -0)
(2.39389e-07 -1.64226e-08 -0)
(2.44479e-07 -1.33373e-08 -0)
(2.48905e-07 -9.24516e-09 -0)
(2.52672e-07 -4.13026e-09 -0)
(2.5576e-07 2.0982e-09 -0)
(2.58112e-07 9.59479e-09 -0)
(2.59621e-07 1.85692e-08 -0)
(2.60127e-07 2.92866e-08 -0)
(2.59394e-07 4.20706e-08 -0)
(2.57086e-07 5.73116e-08 -0)
(2.52712e-07 7.54726e-08 -0)
(2.45533e-07 9.70826e-08 -0)
(2.34418e-07 1.2269e-07 -0)
(2.17636e-07 1.52712e-07 -0)
(1.92618e-07 1.87052e-07 -0)
(1.55934e-07 2.24223e-07 -0)
(1.04176e-07 2.59706e-07 -0)
(3.70761e-08 2.83945e-07 -0)
(-2.18919e-07 7.83815e-05 -0)
(-1.4557e-06 7.31396e-06 -0)
(4.59064e-08 3.01553e-08 -0)
(1.16002e-07 6.95608e-08 -0)
(1.58502e-07 2.21659e-08 -0)
(1.74981e-07 -1.41305e-09 -0)
(1.87729e-07 -1.42294e-08 -0)
(1.99176e-07 -2.12483e-08 -0)
(2.09528e-07 -2.50438e-08 -0)
(2.18959e-07 -2.67375e-08 -0)
(2.27575e-07 -2.66954e-08 -0)
(2.35351e-07 -2.51554e-08 -0)
(2.42273e-07 -2.23857e-08 -0)
(2.484e-07 -1.8592e-08 -0)
(2.53838e-07 -1.38546e-08 -0)
(2.58683e-07 -8.13363e-09 -0)
(2.62991e-07 -1.29654e-09 -0)
(2.66768e-07 6.859e-09 -0)
(2.69969e-07 1.65935e-08 -0)
(2.72496e-07 2.82289e-08 -0)
(2.74194e-07 4.21635e-08 -0)
(2.74821e-07 5.88991e-08 -0)
(2.74e-07 7.90801e-08 -0)
(2.71109e-07 1.03546e-07 -0)
(2.65067e-07 1.33384e-07 -0)
(2.53935e-07 1.69934e-07 -0)
(2.34205e-07 2.14579e-07 -0)
(1.99799e-07 2.67786e-07 -0)
(1.41707e-07 3.25993e-07 -0)
(5.27219e-08 3.73743e-07 -0)
(2.55733e-06 5.9587e-05 -0)
(1.79372e-07 5.75204e-06 -0)
(3.08542e-08 1.56983e-08 -0)
(1.06768e-07 1.98484e-08 -0)
(1.33863e-07 -1.41059e-09 -0)
(1.5865e-07 -1.91075e-08 -0)
(1.78462e-07 -2.90955e-08 -0)
(1.94317e-07 -3.36833e-08 -0)
(2.07244e-07 -3.58871e-08 -0)
(2.18542e-07 -3.66238e-08 -0)
(2.28785e-07 -3.56685e-08 -0)
(2.37934e-07 -3.31075e-08 -0)
(2.45952e-07 -2.93732e-08 -0)
(2.5301e-07 -2.47901e-08 -0)
(2.59363e-07 -1.94473e-08 -0)
(2.6523e-07 -1.32533e-08 -0)
(2.70753e-07 -6.00944e-09 -0)
(2.76002e-07 2.54438e-09 -0)
(2.80991e-07 1.27167e-08 -0)
(2.85697e-07 2.48718e-08 -0)
(2.90064e-07 3.94556e-08 -0)
(2.94003e-07 5.70413e-08 -0)
(2.97359e-07 7.84031e-08 -0)
(2.99836e-07 1.04638e-07 -0)
(3.00806e-07 1.37365e-07 -0)
(2.98832e-07 1.7906e-07 -0)
(2.9047e-07 2.33545e-07 -0)
(2.67348e-07 3.06348e-07 -0)
(2.10133e-07 4.02738e-07 -0)
(8.48261e-08 5.11291e-07 -0)
(3.40344e-06 9.49945e-05 -0)
(3.94532e-07 1.09783e-05 -0)
(2.72851e-08 1.20181e-08 -0)
(9.07188e-08 -2.23078e-08 -0)
(1.19547e-07 -2.85438e-08 -0)
(1.47296e-07 -4.45108e-08 -0)
(1.73153e-07 -4.93616e-08 -0)
(1.92385e-07 -4.85029e-08 -0)
(2.06588e-07 -4.81973e-08 -0)
(2.19178e-07 -4.82019e-08 -0)
(2.31091e-07 -4.6247e-08 -0)
(2.41647e-07 -4.22327e-08 -0)
(2.5059e-07 -3.72094e-08 -0)
(2.58326e-07 -3.17474e-08 -0)
(2.65375e-07 -2.58913e-08 -0)
(2.72121e-07 -1.94226e-08 -0)
(2.78789e-07 -1.20325e-08 -0)
(2.85495e-07 -3.38841e-09 -0)
(2.92296e-07 6.85728e-09 -0)
(2.99235e-07 1.90858e-08 -0)
(3.06363e-07 3.37457e-08 -0)
(3.13768e-07 5.14074e-08 -0)
(3.21596e-07 7.28532e-08 -0)
(3.30071e-07 9.92362e-08 -0)
(3.3949e-07 1.32378e-07 -0)
(3.50116e-07 1.75397e-07 -0)
(3.61493e-07 2.34194e-07 -0)
(3.68992e-07 3.21324e-07 -0)
(3.4665e-07 4.6732e-07 -0)
(1.61275e-07 7.57393e-07 -0)
(2.54199e-06 7.68325e-05 -0)
(1.23244e-06 6.3329e-06 -0)
(2.68322e-07 3.46206e-07 -0)
(6.12115e-08 -1.71906e-08 -0)
(1.1166e-07 -4.61004e-08 -0)
(1.37833e-07 -8.10312e-08 -0)
(1.7447e-07 -7.53368e-08 -0)
(1.95481e-07 -6.27695e-08 -0)
(2.07544e-07 -6.01974e-08 -0)
(2.20492e-07 -6.17401e-08 -0)
(2.34755e-07 -5.88843e-08 -0)
(2.46971e-07 -5.2367e-08 -0)
(2.56437e-07 -4.54843e-08 -0)
(2.64329e-07 -3.90987e-08 -0)
(2.71688e-07 -3.29479e-08 -0)
(2.79089e-07 -2.65134e-08 -0)
(2.86787e-07 -1.93093e-08 -0)
(2.94891e-07 -1.09229e-08 -0)
(3.03465e-07 -9.85116e-10 -0)
(3.12585e-07 1.08684e-08 -0)
(3.22386e-07 2.50342e-08 -0)
(3.3311e-07 4.19891e-08 -0)
(3.45188e-07 6.23661e-08 -0)
(3.59361e-07 8.70761e-08 -0)
(3.76968e-07 1.17512e-07 -0)
(4.00648e-07 1.55958e-07 -0)
(4.36396e-07 2.06509e-07 -0)
(5.00475e-07 2.77433e-07 -0)
(6.46202e-07 3.87826e-07 -0)
(1.07989e-06 5.88572e-07 -0)
(7.54888e-07 8.93877e-05 -0)
(3.64483e-06 1.4985e-05 -0)
(2.44751e-06 2.24657e-06 -0)
(5.34012e-07 2.14766e-07 -0)
(5.56255e-08 -2.37907e-08 -0)
(1.18057e-07 -6.83132e-08 -0)
(1.91415e-07 -1.08206e-07 -0)
(2.07524e-07 -6.70402e-08 -0)
(2.07617e-07 -6.80829e-08 -0)
(2.20491e-07 -7.96768e-08 -0)
(2.40464e-07 -7.51837e-08 -0)
(2.55047e-07 -6.2867e-08 -0)
(2.63859e-07 -5.32621e-08 -0)
(2.70862e-07 -4.62156e-08 -0)
(2.7796e-07 -4.02882e-08 -0)
(2.85759e-07 -3.43737e-08 -0)
(2.94379e-07 -2.77679e-08 -0)
(3.03819e-07 -2.00084e-08 -0)
(3.14088e-07 -1.0743e-08 -0)
(3.25255e-07 3.38829e-10 -0)
(3.37484e-07 1.35338e-08 -0)
(3.511e-07 2.91485e-08 -0)
(3.66683e-07 4.75459e-08 -0)
(3.85217e-07 6.91899e-08 -0)
(4.08372e-07 9.46367e-08 -0)
(4.39113e-07 1.24413e-07 -0)
(4.82968e-07 1.58451e-07 -0)
(5.50309e-07 1.94073e-07 -0)
(6.5779e-07 2.17979e-07 -0)
(8.08538e-07 1.73981e-07 -0)
(1.25782e-05 7.25066e-05 -0)
(1.49613e-06 1.47442e-06 -0)
(4.82667e-06 1.42244e-06 -0)
(5.49301e-06 1.9772e-06 -0)
(7.13496e-06 3.36055e-06 -0)
(6.27303e-07 2.82493e-07 -0)
(1.75634e-07 -1.89125e-09 -0)
(2.35605e-07 -2.91455e-08 -0)
(1.94908e-07 -6.54175e-08 -0)
(2.13391e-07 -1.13701e-07 -0)
(2.51564e-07 -9.93069e-08 -0)
(2.68893e-07 -7.0655e-08 -0)
(2.73089e-07 -5.84818e-08 -0)
(2.77302e-07 -5.22135e-08 -0)
(2.8353e-07 -4.76154e-08 -0)
(2.91609e-07 -4.29246e-08 -0)
(3.01152e-07 -3.73801e-08 -0)
(3.11916e-07 -3.05995e-08 -0)
(3.23812e-07 -2.23172e-08 -0)
(3.36862e-07 -1.23035e-08 -0)
(3.51195e-07 -3.8639e-10 -0)
(3.67123e-07 1.35249e-08 -0)
(3.85229e-07 2.94792e-08 -0)
(4.06451e-07 4.75009e-08 -0)
(4.32191e-07 6.74316e-08 -0)
(4.64462e-07 8.86066e-08 -0)
(5.06056e-07 1.08809e-07 -0)
(5.60002e-07 1.22428e-07 -0)
(6.2611e-07 1.16035e-07 -0)
(6.87932e-07 6.33537e-08 -0)
(3.43935e-05 7.07796e-05 -0)
(4.42382e-05 3.5989e-05 -0)
(1.39846e-05 3.50518e-06 -0)
(6.06068e-06 9.77412e-07 -0)
(6.23026e-06 1.71097e-06 -0)
(5.27302e-06 2.64387e-06 -0)
(1.14534e-07 5.89872e-08 -0)
(1.43998e-07 3.33511e-09 -0)
(1.23061e-07 -3.03924e-08 -0)
(1.866e-07 -6.94564e-08 -0)
(2.8351e-07 -1.3987e-07 -0)
(2.95872e-07 -6.21901e-08 -0)
(2.823e-07 -5.851e-08 -0)
(2.81729e-07 -5.75784e-08 -0)
(2.87249e-07 -5.61371e-08 -0)
(2.95995e-07 -5.33733e-08 -0)
(3.06704e-07 -4.91685e-08 -0)
(3.18882e-07 -4.34873e-08 -0)
(3.32384e-07 -3.62463e-08 -0)
(3.47185e-07 -2.7343e-08 -0)
(3.63312e-07 -1.67356e-08 -0)
(3.80966e-07 -4.44588e-09 -0)
(4.00659e-07 9.3146e-09 -0)
(4.23169e-07 2.42897e-08 -0)
(4.49477e-07 3.98761e-08 -0)
(4.8049e-07 5.51837e-08 -0)
(5.1679e-07 6.76516e-08 -0)
(5.57534e-07 7.28141e-08 -0)
(5.98716e-07 6.16242e-08 -0)
(6.29149e-07 2.69388e-08 -0)
(2.96594e-05 -6.64248e-06 -0)
(6.37291e-05 1.1975e-05 -0)
(7.06287e-05 2.92587e-05 -0)
(6.23541e-05 1.8038e-05 -0)
(5.36593e-05 1.17423e-05 -0)
(4.85835e-05 9.99629e-06 -0)
(4.11053e-05 6.17142e-06 -0)
(4.12005e-05 1.85432e-06 -0)
(3.25255e-05 2.17769e-06 -0)
(3.28306e-05 7.64497e-06 -0)
(2.45198e-07 -1.03188e-08 -0)
(3.44065e-07 -2.46351e-08 -0)
(2.63775e-07 -2.72854e-08 -0)
(2.60444e-07 -2.84229e-08 -0)
(2.66956e-07 -2.86644e-08 -0)
(2.7757e-07 -2.7953e-08 -0)
(2.90096e-07 -2.63888e-08 -0)
(3.04462e-07 -2.40797e-08 -0)
(3.20656e-07 -2.10096e-08 -0)
(3.36584e-07 -1.70231e-08 -0)
(3.48644e-07 -1.20817e-08 -0)
(3.59018e-07 -6.49965e-09 -0)
(3.70277e-07 -5.75551e-10 -0)
(3.83393e-07 5.51792e-09 -0)
(4.00671e-07 1.14977e-08 -0)
(4.22441e-07 1.7152e-08 -0)
(4.44062e-07 2.12951e-08 -0)
(4.70549e-07 2.28347e-08 -0)
(5.12847e-07 1.89104e-08 -0)
(5.72679e-07 7.8735e-09 -0)
(4.89041e-06 -1.93675e-05 -0)
(9.16573e-06 -5.43206e-06 -0)
(3.17893e-05 2.04144e-06 -0)
(4.76915e-05 1.04586e-05 -0)
(5.17057e-05 1.15705e-05 -0)
(5.95359e-05 1.12862e-05 -0)
(5.83943e-05 8.21147e-06 -0)
(6.32012e-05 6.94973e-06 -0)
(5.35124e-05 8.31088e-06 -0)
(6.10358e-05 1.82617e-05 -0)
(4.74407e-05 2.07328e-05 -0)
(4.84081e-05 1.75856e-06 -0)
(4.79102e-05 -1.87455e-08 -0)
(4.87518e-05 -6.93621e-07 -0)
(5.07959e-05 -1.07809e-06 -0)
(5.37536e-05 -1.36679e-06 -0)
(5.74298e-05 -1.59495e-06 -0)
(6.16351e-05 -1.75874e-06 -0)
(6.61873e-05 -1.8503e-06 -0)
(7.08845e-05 -1.87157e-06 -0)
(7.56193e-05 -1.84638e-06 -0)
(8.02641e-05 -1.81196e-06 -0)
(8.49524e-05 -1.81478e-06 -0)
(8.96517e-05 -1.90075e-06 -0)
(9.4923e-05 -2.11727e-06 -0)
(0.000100544 -2.44803e-06 -0)
(0.000107627 -2.7901e-06 -0)
(0.000114342 -2.81507e-06 -0)
(0.000122216 -2.18665e-06 -0)
(0.00012457 -8.48027e-07 -0)
(2.17174e-06 -1.94582e-05 -0)
(9.61032e-06 -1.44797e-05 -0)
(1.73476e-05 -7.02879e-06 -0)
(2.80468e-05 -1.16512e-06 -0)
(3.64055e-05 2.90007e-06 -0)
(4.49936e-05 4.49005e-06 -0)
(4.9561e-05 4.73689e-06 -0)
(5.37841e-05 5.89832e-06 -0)
(5.50658e-05 8.34299e-06 -0)
(6.04153e-05 1.2818e-05 -0)
(7.01218e-05 1.38989e-05 -0)
(7.16594e-05 4.23833e-06 -0)
(7.3889e-05 -7.6628e-07 -0)
(7.687e-05 -3.30995e-06 -0)
(8.10256e-05 -4.94838e-06 -0)
(8.63309e-05 -6.21465e-06 -0)
(9.25888e-05 -7.21327e-06 -0)
(9.95302e-05 -7.93013e-06 -0)
(0.000106911 -8.33731e-06 -0)
(0.000114396 -8.45126e-06 -0)
(0.00012188 -8.35104e-06 -0)
(0.000129005 -8.18122e-06 -0)
(0.000136088 -8.13873e-06 -0)
(0.000142756 -8.4483e-06 -0)
(0.000150222 -9.32399e-06 -0)
(0.000157643 -1.08343e-05 -0)
(0.000167832 -1.26886e-05 -0)
(0.000177739 -1.36048e-05 -0)
(0.000191975 -1.15779e-05 -0)
(0.000199117 -4.91993e-06 -0)
(4.55194e-06 -3.21149e-05 -0)
(1.25098e-05 -2.25452e-05 -0)
(2.0696e-05 -1.50806e-05 -0)
(2.88167e-05 -8.62752e-06 -0)
(3.6378e-05 -3.9251e-06 -0)
(4.29067e-05 -1.04055e-06 -0)
(4.80443e-05 8.43803e-07 -0)
(5.21024e-05 2.63687e-06 -0)
(5.68973e-05 4.38459e-06 -0)
(6.22813e-05 5.52737e-06 -0)
(7.18886e-05 4.61728e-06 -0)
(7.80252e-05 4.02474e-07 -0)
(8.35935e-05 -4.16807e-06 -0)
(8.97755e-05 -7.75541e-06 -0)
(9.6901e-05 -1.05571e-05 -0)
(0.00010499 -1.2821e-05 -0)
(0.000113638 -1.45644e-05 -0)
(0.000122625 -1.5766e-05 -0)
(0.000131499 -1.63741e-05 -0)
(0.000140204 -1.6453e-05 -0)
(0.00014838 -1.60736e-05 -0)
(0.000156086 -1.54958e-05 -0)
(0.000162894 -1.50095e-05 -0)
(0.000169275 -1.51353e-05 -0)
(0.00017503 -1.61695e-05 -0)
(0.000181194 -1.86756e-05 -0)
(0.000188291 -2.23644e-05 -0)
(0.000197619 -2.62653e-05 -0)
(0.000210889 -2.60748e-05 -0)
(0.00022561 -1.45185e-05 -0)
(6.28418e-06 -3.93228e-05 -0)
(1.78925e-05 -3.06607e-05 -0)
(2.85866e-05 -2.294e-05 -0)
(3.80656e-05 -1.63707e-05 -0)
(4.62536e-05 -1.09434e-05 -0)
(5.32071e-05 -6.88854e-06 -0)
(5.92404e-05 -4.01566e-06 -0)
(6.49223e-05 -2.08542e-06 -0)
(7.1205e-05 -1.16595e-06 -0)
(7.83555e-05 -1.61386e-06 -0)
(8.70286e-05 -3.54187e-06 -0)
(9.57602e-05 -7.01652e-06 -0)
(0.000104209 -1.15035e-05 -0)
(0.000112858 -1.58793e-05 -0)
(0.000121571 -1.95651e-05 -0)
(0.00013035 -2.24082e-05 -0)
(0.00013861 -2.42861e-05 -0)
(0.000146433 -2.5275e-05 -0)
(0.000153338 -2.54097e-05 -0)
(0.00015975 -2.49237e-05 -0)
(0.000165372 -2.38431e-05 -0)
(0.000170641 -2.23542e-05 -0)
(0.000174516 -2.0816e-05 -0)
(0.000177962 -1.99675e-05 -0)
(0.000179231 -2.02672e-05 -0)
(0.000181309 -2.28595e-05 -0)
(0.000181807 -2.74893e-05 -0)
(0.000185821 -3.46488e-05 -0)
(0.000190954 -4.0411e-05 -0)
(0.000206291 -3.49503e-05 -0)
(1.28768e-05 -5.57799e-05 -0)
(3.50502e-05 -4.27023e-05 -0)
(4.83121e-05 -3.3754e-05 -0)
(5.70095e-05 -2.56549e-05 -0)
(6.34883e-05 -1.88126e-05 -0)
(6.92137e-05 -1.37623e-05 -0)
(7.46895e-05 -1.04424e-05 -0)
(8.04853e-05 -8.76421e-06 -0)
(8.69397e-05 -8.65827e-06 -0)
(9.41343e-05 -1.00854e-05 -0)
(0.000101861 -1.27611e-05 -0)
(0.000109816 -1.63854e-05 -0)
(0.000117355 -2.05446e-05 -0)
(0.000124359 -2.4505e-05 -0)
(0.000130543 -2.76264e-05 -0)
(0.000136076 -2.96762e-05 -0)
(0.000140452 -3.05532e-05 -0)
(0.000144235 -3.05329e-05 -0)
(0.000146929 -2.97151e-05 -0)
(0.000149323 -2.86227e-05 -0)
(0.000151327 -2.71122e-05 -0)
(0.000153191 -2.49488e-05 -0)
(0.00015449 -2.2353e-05 -0)
(0.000154608 -1.98684e-05 -0)
(0.000151799 -1.88288e-05 -0)
(0.000150178 -2.07809e-05 -0)
(0.00014515 -2.52212e-05 -0)
(0.000145963 -3.2984e-05 -0)
(0.000139963 -4.25528e-05 -0)
(0.000176526 -6.71175e-05 -0)
(8.8901e-05 -7.95509e-05 -0)
(8.14424e-05 -6.23471e-05 -0)
(7.63001e-05 -4.4312e-05 -0)
(7.36622e-05 -3.16049e-05 -0)
(7.27515e-05 -2.31915e-05 -0)
(7.3858e-05 -1.8009e-05 -0)
(7.61118e-05 -1.50547e-05 -0)
(7.96997e-05 -1.40191e-05 -0)
(8.40978e-05 -1.45306e-05 -0)
(8.92595e-05 -1.63561e-05 -0)
(9.48291e-05 -1.91295e-05 -0)
(0.0001006 -2.24738e-05 -0)
(0.000106348 -2.59756e-05 -0)
(0.000111746 -2.90971e-05 -0)
(0.000116771 -3.14027e-05 -0)
(0.000121095 -3.25702e-05 -0)
(0.000124098 -3.26151e-05 -0)
(0.000126442 -3.19223e-05 -0)
(0.000127091 -3.04686e-05 -0)
(0.000128026 -2.92428e-05 -0)
(0.000127675 -2.76588e-05 -0)
(0.000127108 -2.57442e-05 -0)
(0.000128195 -2.23871e-05 -0)
(0.000125121 -1.71745e-05 -0)
(0.000120976 -1.45804e-05 -0)
(0.000115107 -1.59195e-05 -0)
(0.000110478 -2.1157e-05 -0)
(0.000102479 -3.00769e-05 -0)
(9.88643e-05 -5.00216e-05 -0)
(5.47345e-05 -0.000109419 -0)
(8.02736e-05 -5.06805e-05 -0)
(6.58131e-05 -3.87876e-05 -0)
(5.89136e-05 -2.99516e-05 -0)
(5.7451e-05 -2.3955e-05 -0)
(5.83814e-05 -1.98281e-05 -0)
(6.13183e-05 -1.74747e-05 -0)
(6.47405e-05 -1.63662e-05 -0)
(6.94845e-05 -1.67245e-05 -0)
(7.43488e-05 -1.81632e-05 -0)
(8.0122e-05 -2.075e-05 -0)
(8.58558e-05 -2.40162e-05 -0)
(9.19684e-05 -2.77727e-05 -0)
(9.79683e-05 -3.14897e-05 -0)
(0.000103717 -3.46501e-05 -0)
(0.000109186 -3.66356e-05 -0)
(0.000112645 -3.66307e-05 -0)
(0.000114352 -3.52554e-05 -0)
(0.000113719 -3.29678e-05 -0)
(0.000110613 -3.05158e-05 -0)
(0.000109735 -2.86262e-05 -0)
(0.000103896 -2.54676e-05 -0)
(0.000100173 -2.53688e-05 -0)
(9.85122e-05 -2.19408e-05 -0)
(9.33312e-05 -1.20046e-05 -0)
(8.70367e-05 -8.20483e-06 -0)
(8.14155e-05 -9.20935e-06 -0)
(7.15425e-05 -1.31936e-05 -0)
(6.38748e-05 -2.31409e-05 -0)
(4.55661e-05 -2.64665e-05 -0)
(9.39008e-06 -5.52844e-06 -0)
(8.56312e-05 -4.08039e-05 -0)
(7.97599e-05 -3.82964e-05 -0)
(7.67154e-05 -3.42e-05 -0)
(7.568e-05 -2.97354e-05 -0)
(7.53603e-05 -2.58729e-05 -0)
(7.63479e-05 -2.35194e-05 -0)
(7.71745e-05 -2.24357e-05 -0)
(7.93751e-05 -2.30429e-05 -0)
(8.10823e-05 -2.4605e-05 -0)
(8.41708e-05 -2.74278e-05 -0)
(8.67277e-05 -3.05816e-05 -0)
(9.04931e-05 -3.42719e-05 -0)
(9.3588e-05 -3.74559e-05 -0)
(9.73985e-05 -4.00715e-05 -0)
(9.96796e-05 -4.03721e-05 -0)
(9.89664e-05 -3.78047e-05 -0)
(9.74327e-05 -3.36457e-05 -0)
(9.05359e-05 -2.81251e-05 -0)
(8.39243e-05 -2.62223e-05 -0)
(8.06549e-05 -2.38666e-05 -0)
(6.95893e-05 -1.67414e-05 -0)
(6.65147e-05 -2.0232e-05 -0)
(5.47697e-05 -2.20059e-05 -0)
(5.19364e-05 -4.28235e-06 -0)
(4.70037e-05 -2.04038e-06 -0)
(4.30962e-05 -2.30281e-06 -0)
(3.46934e-05 -3.43289e-06 -0)
(3.05096e-05 -7.41455e-06 -0)
(3.03251e-07 -1.70565e-07 -0)
(2.80573e-07 -3.27836e-07 -0)
(8.75906e-05 -3.26878e-05 -0)
(8.05462e-05 -3.07788e-05 -0)
(7.47445e-05 -2.77601e-05 -0)
(7.03273e-05 -2.44677e-05 -0)
(6.74909e-05 -2.18892e-05 -0)
(6.6026e-05 -2.04482e-05 -0)
(6.53344e-05 -2.0234e-05 -0)
(6.60585e-05 -2.14636e-05 -0)
(6.69791e-05 -2.36468e-05 -0)
(6.96488e-05 -2.71356e-05 -0)
(7.23243e-05 -3.0951e-05 -0)
(7.63915e-05 -3.5262e-05 -0)
(7.95637e-05 -3.86803e-05 -0)
(8.34282e-05 -4.10448e-05 -0)
(8.11963e-05 -3.88024e-05 -0)
(7.80124e-05 -3.48767e-05 -0)
(7.32924e-05 -2.78686e-05 -0)
(6.188e-05 -1.82472e-05 -0)
(5.69738e-05 -1.93521e-05 -0)
(4.59877e-05 -1.97314e-05 -0)
(3.66056e-05 -6.79701e-06 -0)
(3.64564e-05 -7.62338e-06 -0)
(1.83566e-06 -3.65859e-07 -0)
(6.21132e-07 -1.07299e-07 -0)
(4.61876e-07 -1.23969e-07 -0)
(4.091e-07 -1.47202e-07 -0)
(3.51054e-07 -1.79733e-07 -0)
(1.85909e-07 -2.14504e-07 -0)
(1.23517e-07 -2.89121e-07 -0)
(9.43255e-08 -5.19299e-07 -0)
(8.82487e-05 -2.59737e-05 -0)
(8.23538e-05 -2.50311e-05 -0)
(7.77394e-05 -2.37562e-05 -0)
(7.39826e-05 -2.22467e-05 -0)
(7.17033e-05 -2.12267e-05 -0)
(7.0009e-05 -2.08923e-05 -0)
(6.92145e-05 -2.17758e-05 -0)
(6.90456e-05 -2.39328e-05 -0)
(6.91867e-05 -2.72359e-05 -0)
(7.05411e-05 -3.1781e-05 -0)
(7.18815e-05 -3.63669e-05 -0)
(7.35982e-05 -4.06255e-05 -0)
(7.56093e-05 -4.34237e-05 -0)
(7.38779e-05 -4.14168e-05 -0)
(6.31323e-05 -3.41585e-05 -0)
(5.78345e-05 -3.00836e-05 -0)
(4.47731e-05 -2.1286e-05 -0)
(3.45422e-05 -7.93642e-06 -0)
(3.35385e-05 -7.06882e-06 -0)
(3.9354e-06 -8.35203e-07 -0)
(4.66578e-07 -6.44272e-08 -0)
(3.63408e-07 -3.06765e-08 -0)
(4.25887e-07 1.37232e-08 -0)
(4.72139e-07 -1.56967e-07 -0)
(4.12024e-07 -2.135e-07 -0)
(3.54725e-07 -2.59492e-07 -0)
(2.87227e-07 -3.1205e-07 -0)
(1.92775e-07 -3.60193e-07 -0)
(1.18955e-07 -3.18949e-07 -0)
(5.03954e-08 -3.74579e-07 -0)
(8.87496e-05 -2.03834e-05 -0)
(8.34972e-05 -1.99314e-05 -0)
(7.91703e-05 -1.93902e-05 -0)
(7.47787e-05 -1.86151e-05 -0)
(7.16865e-05 -1.82766e-05 -0)
(6.82442e-05 -1.83055e-05 -0)
(6.59988e-05 -1.95593e-05 -0)
(6.33475e-05 -2.17478e-05 -0)
(6.14543e-05 -2.53498e-05 -0)
(6.05228e-05 -3.01139e-05 -0)
(5.9358e-05 -3.46391e-05 -0)
(6.01274e-05 -3.92775e-05 -0)
(6.09448e-05 -4.0485e-05 -0)
(5.06495e-05 -3.09399e-05 -0)
(3.80147e-05 -2.1811e-05 -0)
(2.94692e-05 -1.89281e-05 -0)
(5.27872e-06 -1.29085e-06 -0)
(4.0991e-07 -5.78026e-08 -0)
(3.16769e-07 -1.62493e-08 -0)
(3.65651e-07 3.37884e-08 -0)
(4.19402e-07 -5.14027e-08 -0)
(3.87115e-07 -5.21089e-08 -0)
(3.93084e-07 -4.22572e-08 -0)
(3.93969e-07 -1.12633e-07 -0)
(3.59351e-07 -1.63096e-07 -0)
(3.1055e-07 -2.03795e-07 -0)
(2.50353e-07 -2.40049e-07 -0)
(1.79009e-07 -2.66398e-07 -0)
(1.09131e-07 -2.69048e-07 -0)
(3.86963e-08 -2.85488e-07 -0)
(8.90296e-05 -1.54177e-05 -0)
(8.41366e-05 -1.5216e-05 -0)
(8.00068e-05 -1.50357e-05 -0)
(7.54223e-05 -1.47284e-05 -0)
(7.21078e-05 -1.48403e-05 -0)
(6.78357e-05 -1.51967e-05 -0)
(6.51368e-05 -1.67975e-05 -0)
(6.08906e-05 -1.91521e-05 -0)
(5.82508e-05 -2.35973e-05 -0)
(5.51441e-05 -2.89898e-05 -0)
(5.19004e-05 -3.45021e-05 -0)
(5.2663e-05 -4.05512e-05 -0)
(4.709e-05 -3.59252e-05 -0)
(2.85467e-05 -2.06015e-05 -0)
(2.20309e-05 -7.1452e-06 -0)
(2.62172e-07 -2.73629e-08 -0)
(4.2224e-07 1.65601e-08 -0)
(3.9227e-07 -3.24467e-08 -0)
(3.60399e-07 -2.15409e-08 -0)
(3.67773e-07 1.55487e-08 -0)
(3.80983e-07 -2.31342e-08 -0)
(3.72554e-07 -3.96483e-08 -0)
(3.65363e-07 -5.3496e-08 -0)
(3.51301e-07 -8.82163e-08 -0)
(3.20861e-07 -1.22454e-07 -0)
(2.77772e-07 -1.52544e-07 -0)
(2.24624e-07 -1.77952e-07 -0)
(1.63776e-07 -1.96305e-07 -0)
(9.98648e-08 -2.05357e-07 -0)
(3.39551e-08 -2.12838e-07 -0)
(8.91786e-05 -1.08163e-05 -0)
(8.45126e-05 -1.07439e-05 -0)
(8.04782e-05 -1.07169e-05 -0)
(7.58098e-05 -1.0646e-05 -0)
(7.22596e-05 -1.0894e-05 -0)
(6.73479e-05 -1.13237e-05 -0)
(6.4091e-05 -1.27682e-05 -0)
(5.81139e-05 -1.4767e-05 -0)
(5.44297e-05 -1.91151e-05 -0)
(4.70342e-05 -2.36654e-05 -0)
(4.21399e-05 -3.02703e-05 -0)
(3.8698e-05 -3.49072e-05 -0)
(2.19736e-05 -2.14916e-05 -0)
(7.21818e-07 -3.27204e-07 -0)
(3.21656e-07 -2.72327e-08 -0)
(3.22276e-07 5.57011e-08 -0)
(3.68627e-07 1.92976e-08 -0)
(3.72468e-07 -5.62868e-09 -0)
(3.64765e-07 -8.7623e-09 -0)
(3.64058e-07 -3.89515e-09 -0)
(3.64205e-07 -1.70458e-08 -0)
(3.56753e-07 -2.9854e-08 -0)
(3.44516e-07 -4.38633e-08 -0)
(3.2501e-07 -6.42812e-08 -0)
(2.95023e-07 -8.59601e-08 -0)
(2.55052e-07 -1.05977e-07 -0)
(2.06592e-07 -1.22912e-07 -0)
(1.51604e-07 -1.35513e-07 -0)
(9.25985e-08 -1.43237e-07 -0)
(3.12156e-08 -1.47667e-07 -0)
(8.9233e-05 -6.41897e-06 -0)
(8.47491e-05 -6.40803e-06 -0)
(8.06764e-05 -6.41689e-06 -0)
(7.6075e-05 -6.44304e-06 -0)
(7.22164e-05 -6.63184e-06 -0)
(6.71467e-05 -6.98674e-06 -0)
(6.32566e-05 -7.91429e-06 -0)
(5.65831e-05 -9.3117e-06 -0)
(5.17838e-05 -1.24462e-05 -0)
(4.12268e-05 -1.60289e-05 -0)
(3.47097e-05 -2.34819e-05 -0)
(2.15706e-05 -2.28055e-05 -0)
(5.79703e-07 -5.33747e-07 -0)
(2.98152e-07 -2.99166e-08 -0)
(3.64292e-07 -2.74632e-08 -0)
(3.51092e-07 8.29242e-09 -0)
(3.6091e-07 7.1552e-09 -0)
(3.6421e-07 -6.23777e-10 -0)
(3.62133e-07 -3.98293e-09 -0)
(3.59489e-07 -5.32005e-09 -0)
(3.55024e-07 -1.12991e-08 -0)
(3.45736e-07 -1.88592e-08 -0)
(3.30936e-07 -2.78215e-08 -0)
(3.09204e-07 -3.90849e-08 -0)
(2.79166e-07 -5.11291e-08 -0)
(2.4082e-07 -6.24932e-08 -0)
(1.95088e-07 -7.22074e-08 -0)
(1.43451e-07 -7.95975e-08 -0)
(8.77112e-08 -8.44084e-08 -0)
(2.95252e-08 -8.69246e-08 -0)
(8.92153e-05 -2.12773e-06 -0)
(8.49085e-05 -2.13214e-06 -0)
(8.06834e-05 -2.13448e-06 -0)
(7.62918e-05 -2.16024e-06 -0)
(7.20464e-05 -2.22045e-06 -0)
(6.72316e-05 -2.36715e-06 -0)
(6.26062e-05 -2.6624e-06 -0)
(5.62177e-05 -3.18707e-06 -0)
(5.00899e-05 -4.24905e-06 -0)
(3.8817e-05 -5.85949e-06 -0)
(2.87696e-05 -9.7884e-06 -0)
(4.37806e-06 -5.39639e-06 -0)
(1.7767e-07 -6.51113e-08 -0)
(3.61168e-07 5.57205e-09 -0)
(3.5988e-07 -4.14666e-09 -0)
(3.56894e-07 1.15999e-09 -0)
(3.59711e-07 1.65542e-09 -0)
(3.6133e-07 -3.85931e-11 -0)
(3.60068e-07 -1.22487e-09 -0)
(3.56741e-07 -2.10328e-09 -0)
(3.50666e-07 -3.97271e-09 -0)
(3.4023e-07 -6.46208e-09 -0)
(3.2429e-07 -9.47842e-09 -0)
(3.01703e-07 -1.31084e-08 -0)
(2.71614e-07 -1.69794e-08 -0)
(2.33974e-07 -2.06597e-08 -0)
(1.89488e-07 -2.38256e-08 -0)
(1.39403e-07 -2.62595e-08 -0)
(8.52714e-08 -2.78735e-08 -0)
(2.86993e-08 -2.86993e-08 -0)
)
;

boundaryField
{
    inlet1
    {
        type            extrapolatedCalculated;
        value           nonuniform List<vector> 10((1e-05 7.24757e-06 -0) (1e-05 1.60765e-05 -0) (1e-05 6.98643e-05 -0) (1e-05 0.00013351 -0) (1e-05 0.000183114 -0) (1e-05 0.000233223 -0) (1e-05 0.000256385 -0) (1e-05 0.000261977 -0) (1e-05 0.000232652 -0) (1e-05 0.00018718 -0));
    }
    inlet2
    {
        type            extrapolatedCalculated;
        value           nonuniform List<vector> 10((-0 7.68325e-05 -0) (-0 8.93877e-05 -0) (-0 7.25066e-05 -0) (-0 7.07796e-05 -0) (-0 -6.64248e-06 -0) (-0 -1.93675e-05 -0) (-0 -1.94582e-05 -0) (-0 -3.21149e-05 -0) (-0 -3.93228e-05 -0) (-0 -5.57799e-05 -0));
    }
    inlet3
    {
        type            extrapolatedCalculated;
        value           nonuniform List<vector> 10((9.13394e-05 -6.8885e-05 -0) (9.13394e-05 -5.36227e-05 -0) (9.13394e-05 -4.16525e-05 -0) (9.13394e-05 -3.30002e-05 -0) (9.13394e-05 -2.61611e-05 -0) (9.13394e-05 -2.04611e-05 -0) (9.13394e-05 -1.54423e-05 -0) (9.13394e-05 -1.08188e-05 -0) (9.13394e-05 -6.41678e-06 -0) (9.13394e-05 -2.12733e-06 -0));
    }
    output1
    {
        type            extrapolatedCalculated;
        value           nonuniform List<vector> 10((-0 1.63829e-08 -0) (-0 4.97048e-08 -0) (-0 8.47749e-08 -0) (-0 1.23052e-07 -0) (-0 1.66551e-07 -0) (-0 2.18387e-07 -0) (-0 2.83945e-07 -0) (-0 3.73743e-07 -0) (-0 5.11291e-07 -0) (-0 7.57393e-07 -0));
    }
    output2
    {
        type            extrapolatedCalculated;
        value           nonuniform List<vector> 10((1.40999e-06 5.88572e-07 -0) (8.93033e-07 1.73981e-07 -0) (7.14063e-07 6.33537e-08 -0) (6.39619e-07 2.69388e-08 -0) (5.79309e-07 7.8735e-09 -0) (0.000126054 -8.48027e-07 -0) (0.000201972 -4.91993e-06 -0) (0.000231534 -1.45185e-05 -0) (0.000223007 -3.49503e-05 -0) (0.000226591 -6.71175e-05 -0));
    }
    output3
    {
        type            extrapolatedCalculated;
        value           nonuniform List<vector> 10((-0 -0.000109419 -0) (-0 -5.52844e-06 -0) (-0 -3.27836e-07 -0) (-0 -5.19299e-07 -0) (-0 -3.74579e-07 -0) (-0 -2.85488e-07 -0) (-0 -2.12838e-07 -0) (-0 -1.47667e-07 -0) (-0 -8.69246e-08 -0) (-0 -2.86993e-08 -0));
    }
    up
    {
        type            extrapolatedCalculated;
        value           nonuniform List<vector> 
30
(
(8.92153e-05 -0 -0)
(8.49085e-05 -0 -0)
(8.06834e-05 -0 -0)
(7.62918e-05 -0 -0)
(7.20464e-05 -0 -0)
(6.72316e-05 -0 -0)
(6.26062e-05 -0 -0)
(5.62177e-05 -0 -0)
(5.00899e-05 -0 -0)
(3.8817e-05 -0 -0)
(2.87696e-05 -0 -0)
(4.37806e-06 -0 -0)
(1.7767e-07 -0 -0)
(3.61168e-07 -0 -0)
(3.5988e-07 -0 -0)
(3.56894e-07 -0 -0)
(3.59711e-07 -0 -0)
(3.6133e-07 -0 -0)
(3.60068e-07 -0 -0)
(3.56741e-07 -0 -0)
(3.50666e-07 -0 -0)
(3.4023e-07 -0 -0)
(3.2429e-07 -0 -0)
(3.01703e-07 -0 -0)
(2.71614e-07 -0 -0)
(2.33974e-07 -0 -0)
(1.89488e-07 -0 -0)
(1.39403e-07 -0 -0)
(8.52714e-08 -0 -0)
(2.86993e-08 -0 -0)
)
;
    }
    down
    {
        type            extrapolatedCalculated;
        value           nonuniform List<vector> 
30
(
(4.85742e-07 -0 -0)
(6.67549e-08 -0 -0)
(3.49756e-07 -0 -0)
(3.32227e-07 -0 -0)
(1.795e-07 -0 -0)
(2.65945e-07 -0 -0)
(2.45282e-07 -0 -0)
(2.36472e-07 -0 -0)
(2.32752e-07 -0 -0)
(2.31534e-07 -0 -0)
(2.31601e-07 -0 -0)
(2.32274e-07 -0 -0)
(2.33105e-07 -0 -0)
(2.33763e-07 -0 -0)
(2.33971e-07 -0 -0)
(2.33479e-07 -0 -0)
(2.32049e-07 -0 -0)
(2.29436e-07 -0 -0)
(2.25384e-07 -0 -0)
(2.1962e-07 -0 -0)
(2.11849e-07 -0 -0)
(2.01767e-07 -0 -0)
(1.89064e-07 -0 -0)
(1.73451e-07 -0 -0)
(1.54697e-07 -0 -0)
(1.32674e-07 -0 -0)
(1.07422e-07 -0 -0)
(7.92134e-08 -0 -0)
(4.8593e-08 -0 -0)
(1.63831e-08 -0 -0)
)
;
    }
    emptyWalls
    {
        type            empty;
    }
}


// ************************************************************************* //
