/*--------------------------------*- C++ -*----------------------------------*\
  =========                 |
  \\      /  F ield         | OpenFOAM: The Open Source CFD Toolbox
   \\    /   O peration     | Website:  https://openfoam.org
    \\  /    A nd           | Version:  9
     \\/     M anipulation  |
\*---------------------------------------------------------------------------*/
FoamFile
{
    format      ascii;
    class       volScalarField;
    location    "4500";
    object      p;
}
// * * * * * * * * * * * * * * * * * * * * * * * * * * * * * * * * * * * * * //

dimensions      [0 0 0 0 0 0 0];

internalField   nonuniform List<scalar> 
900
(
4.89409e+07
4.89343e+07
4.89219e+07
4.89064e+07
4.73268e+07
4.5945e+07
4.45794e+07
4.32231e+07
4.18731e+07
4.05272e+07
3.91838e+07
3.78425e+07
3.65037e+07
3.51686e+07
3.38396e+07
3.252e+07
3.1214e+07
2.99271e+07
2.86658e+07
2.74381e+07
2.62532e+07
2.5122e+07
2.40569e+07
2.30719e+07
2.21825e+07
2.14051e+07
2.07564e+07
2.02527e+07
1.99079e+07
1.97327e+07
4.89317e+07
4.8928e+07
4.89155e+07
4.8901e+07
4.72888e+07
4.59289e+07
4.45699e+07
4.32169e+07
4.18691e+07
4.05245e+07
3.91817e+07
3.78401e+07
3.64999e+07
3.51626e+07
3.38303e+07
3.25063e+07
3.11949e+07
2.99014e+07
2.86322e+07
2.73952e+07
2.61995e+07
2.50558e+07
2.39767e+07
2.29764e+07
2.20705e+07
2.12763e+07
2.06115e+07
2.00937e+07
1.97384e+07
1.95574e+07
4.89159e+07
4.89105e+07
4.88978e+07
4.88813e+07
4.7278e+07
4.5912e+07
4.45544e+07
4.32055e+07
4.18618e+07
4.05201e+07
3.91785e+07
3.78362e+07
3.64933e+07
3.51514e+07
3.38126e+07
3.24801e+07
3.1158e+07
2.98514e+07
2.85666e+07
2.7311e+07
2.60937e+07
2.49251e+07
2.38179e+07
2.27863e+07
2.18469e+07
2.10181e+07
2.03198e+07
1.97722e+07
1.93944e+07
1.92013e+07
4.88837e+07
4.88805e+07
4.88724e+07
4.88562e+07
4.72732e+07
4.58866e+07
4.45303e+07
4.31888e+07
4.18524e+07
4.05157e+07
3.91761e+07
3.78327e+07
3.64859e+07
3.51371e+07
3.37886e+07
3.24435e+07
3.11055e+07
2.97796e+07
2.84716e+07
2.71886e+07
2.5939e+07
2.47332e+07
2.35833e+07
2.2504e+07
2.15126e+07
2.06293e+07
1.98772e+07
1.92811e+07
1.88658e+07
1.86519e+07
4.88384e+07
4.88363e+07
4.88378e+07
4.87926e+07
4.72208e+07
4.5831e+07
4.44915e+07
4.3167e+07
4.18433e+07
4.05142e+07
3.91775e+07
3.78326e+07
3.64804e+07
3.51225e+07
3.37613e+07
3.23996e+07
3.1041e+07
2.96899e+07
2.83517e+07
2.70326e+07
2.57407e+07
2.44853e+07
2.32782e+07
2.21338e+07
2.10702e+07
2.01094e+07
1.92786e+07
1.86093e+07
1.81356e+07
1.78888e+07
4.87752e+07
4.87734e+07
4.87827e+07
4.83471e+07
4.70204e+07
4.57251e+07
4.44375e+07
4.31445e+07
4.18396e+07
4.05205e+07
3.91869e+07
3.78398e+07
3.64806e+07
3.51114e+07
3.37344e+07
3.23526e+07
3.09689e+07
2.95874e+07
2.82125e+07
2.68497e+07
2.55057e+07
2.41891e+07
2.29103e+07
2.16829e+07
2.05248e+07
1.94596e+07
1.85184e+07
1.77418e+07
1.71785e+07
1.68788e+07
4.86991e+07
4.86948e+07
4.8687e+07
4.78923e+07
4.679e+07
4.56113e+07
4.43891e+07
4.31338e+07
4.18501e+07
4.05412e+07
3.92099e+07
3.7859e+07
3.64908e+07
3.51079e+07
3.37125e+07
3.23073e+07
3.08948e+07
2.94782e+07
2.80611e+07
2.66478e+07
2.52435e+07
2.38551e+07
2.2491e+07
2.11628e+07
1.98866e+07
1.86856e+07
1.75938e+07
1.66611e+07
1.59576e+07
1.55693e+07
4.86104e+07
4.86064e+07
4.85982e+07
4.76253e+07
4.66361e+07
4.55412e+07
4.43737e+07
4.31515e+07
4.18857e+07
4.05842e+07
3.92526e+07
3.78954e+07
3.65158e+07
3.51168e+07
3.37005e+07
3.22692e+07
3.08248e+07
2.93696e+07
2.7906e+07
2.64368e+07
2.49655e+07
2.34966e+07
2.20357e+07
2.05907e+07
1.91733e+07
1.78024e+07
1.65099e+07
1.53512e+07
1.44217e+07
1.38713e+07
4.85123e+07
4.85084e+07
4.84999e+07
4.75338e+07
4.6588e+07
4.55436e+07
4.4413e+07
4.32127e+07
4.19571e+07
4.06573e+07
3.9321e+07
3.79541e+07
3.65604e+07
3.51428e+07
3.37036e+07
3.22441e+07
3.07657e+07
2.92694e+07
2.77563e+07
2.62278e+07
2.46852e+07
2.31302e+07
2.15645e+07
1.99909e+07
1.84135e+07
1.68409e+07
1.52923e+07
1.3812e+07
1.25067e+07
1.1623e+07
4.84065e+07
4.84019e+07
4.83939e+07
4.75338e+07
4.66385e+07
4.56323e+07
4.45221e+07
4.33292e+07
4.20728e+07
4.07667e+07
3.94202e+07
3.80395e+07
3.66287e+07
3.51906e+07
3.37268e+07
3.22381e+07
3.07245e+07
2.9186e+07
2.76222e+07
2.60329e+07
2.44174e+07
2.27743e+07
2.11014e+07
1.93948e+07
1.76487e+07
1.58555e+07
1.40062e+07
1.20978e+07
1.017e+07
8.49091e+06
4.82972e+07
4.82878e+07
4.82404e+07
4.76067e+07
4.67998e+07
4.58248e+07
4.47139e+07
4.35093e+07
4.22382e+07
4.09166e+07
3.95535e+07
3.81549e+07
3.67243e+07
3.5264e+07
3.37749e+07
3.22568e+07
3.07083e+07
2.91277e+07
2.75136e+07
2.58641e+07
2.4177e+07
2.24484e+07
2.06721e+07
1.88381e+07
1.69312e+07
1.49261e+07
1.27793e+07
1.04031e+07
7.58453e+06
3.67979e+06
4.81895e+07
4.81767e+07
4.81162e+07
4.80079e+07
4.71293e+07
4.61532e+07
4.49995e+07
4.37556e+07
4.24543e+07
4.11077e+07
3.97225e+07
3.83024e+07
3.68497e+07
3.53662e+07
3.38521e+07
3.2306e+07
3.07241e+07
2.91031e+07
2.74403e+07
2.5733e+07
2.39781e+07
2.21701e+07
2.03002e+07
1.83546e+07
1.63117e+07
1.41385e+07
1.17818e+07
9.15074e+06
6.08524e+06
2.32351e+06
4.80888e+07
4.80732e+07
4.8006e+07
4.78928e+07
4.77604e+07
4.66593e+07
4.53753e+07
4.40593e+07
4.27157e+07
4.13376e+07
3.99262e+07
3.84823e+07
3.70061e+07
3.54987e+07
3.39615e+07
3.23908e+07
3.0779e+07
2.91203e+07
2.74113e+07
2.56497e+07
2.38323e+07
2.19538e+07
2.00042e+07
1.79681e+07
1.58225e+07
1.35345e+07
1.10586e+07
8.3328e+06
5.28219e+06
1.85251e+06
4.80007e+07
4.79815e+07
4.7901e+07
4.77684e+07
4.76059e+07
4.74577e+07
4.57831e+07
4.43907e+07
4.30116e+07
4.16006e+07
4.01624e+07
3.86947e+07
3.71935e+07
3.56612e+07
3.41044e+07
3.25166e+07
3.08808e+07
2.91879e+07
2.7435e+07
2.56219e+07
2.37478e+07
2.18085e+07
1.97948e+07
1.76912e+07
1.54756e+07
1.31185e+07
1.05852e+07
7.83966e+06
4.85821e+06
1.65683e+06
4.79296e+07
4.79028e+07
4.77981e+07
4.76279e+07
4.742e+07
4.71803e+07
4.59271e+07
4.47087e+07
4.33394e+07
4.1891e+07
4.04282e+07
3.89404e+07
3.74121e+07
3.58482e+07
3.42781e+07
3.26905e+07
3.10399e+07
2.93153e+07
2.7519e+07
2.56553e+07
2.37285e+07
2.17375e+07
1.96751e+07
1.75265e+07
1.527e+07
1.28789e+07
1.03241e+07
7.58242e+06
4.65416e+06
1.57341e+06
4.78806e+07
4.78425e+07
4.77099e+07
4.74899e+07
4.7201e+07
4.6817e+07
4.61642e+07
4.51775e+07
4.37463e+07
4.21956e+07
4.07189e+07
3.92267e+07
3.76661e+07
3.60415e+07
3.44709e+07
3.29324e+07
3.12806e+07
2.9523e+07
2.76781e+07
2.57592e+07
2.3778e+07
2.1738e+07
1.96362e+07
1.74588e+07
1.51861e+07
1.27894e+07
1.02371e+07
7.50063e+06
4.59641e+06
1.55528e+06
4.7855e+07
4.77975e+07
4.76333e+07
4.73714e+07
4.70143e+07
4.65387e+07
4.59073e+07
4.51993e+07
4.4344e+07
4.24701e+07
4.10892e+07
3.96367e+07
3.79452e+07
3.6059e+07
3.44754e+07
3.29406e+07
3.12877e+07
2.95286e+07
2.76815e+07
2.57606e+07
2.37776e+07
2.1737e+07
1.96352e+07
1.74584e+07
1.51868e+07
1.27902e+07
1.02385e+07
7.50307e+06
4.60115e+06
1.55863e+06
4.78674e+07
4.77843e+07
4.75864e+07
4.72829e+07
4.68765e+07
4.63579e+07
4.57052e+07
4.48965e+07
4.38206e+07
4.24671e+07
4.10945e+07
3.96499e+07
3.80892e+07
3.64435e+07
3.47992e+07
3.31403e+07
3.14188e+07
2.96206e+07
2.77507e+07
2.58217e+07
2.38456e+07
2.18239e+07
1.97482e+07
1.75967e+07
1.5346e+07
1.29672e+07
1.04322e+07
7.70126e+06
4.7673e+06
1.63014e+06
4.79791e+07
4.78571e+07
4.76128e+07
4.7266e+07
4.68209e+07
4.62683e+07
4.55867e+07
4.47446e+07
4.37189e+07
4.25284e+07
4.12252e+07
3.9824e+07
3.83294e+07
3.67485e+07
3.5095e+07
3.33794e+07
3.16008e+07
2.9754e+07
2.7847e+07
2.5899e+07
2.39264e+07
2.19302e+07
1.98982e+07
1.77972e+07
1.55886e+07
1.32357e+07
1.07238e+07
8.02588e+06
5.10376e+06
1.80835e+06
4.82337e+07
4.80294e+07
4.77202e+07
4.73306e+07
4.68555e+07
4.62822e+07
4.55927e+07
4.47686e+07
4.38022e+07
4.26934e+07
4.14474e+07
4.008e+07
3.86087e+07
3.70455e+07
3.53944e+07
3.36565e+07
3.18309e+07
2.99206e+07
2.79567e+07
2.59769e+07
2.40019e+07
2.20325e+07
2.0061e+07
1.80457e+07
1.59243e+07
1.35924e+07
1.10562e+07
8.41763e+06
5.70069e+06
2.31209e+06
4.86173e+07
4.82536e+07
4.78801e+07
4.7457e+07
4.69642e+07
4.63875e+07
4.5711e+07
4.49215e+07
4.40064e+07
4.29523e+07
4.17468e+07
4.03932e+07
3.89131e+07
3.73433e+07
3.5706e+07
3.399e+07
3.21268e+07
3.01102e+07
2.80632e+07
2.60428e+07
2.406e+07
2.2111e+07
2.02047e+07
1.83092e+07
1.63968e+07
1.41244e+07
1.13383e+07
8.70985e+06
6.51857e+06
4.47411e+06
4.894e+07
4.85004e+07
4.80746e+07
4.76281e+07
4.71318e+07
4.65693e+07
4.59217e+07
4.51761e+07
4.43124e+07
4.33069e+07
4.21351e+07
4.07821e+07
3.92508e+07
3.76268e+07
3.60141e+07
3.44355e+07
3.25877e+07
3.0298e+07
2.81436e+07
2.60873e+07
2.40952e+07
2.21549e+07
2.02908e+07
1.85004e+07
1.69881e+07
1.55387e+07
1.13916e+07
8.77087e+06
6.60107e+06
5.82397e+06
4.92185e+07
4.8761e+07
4.8312e+07
4.78556e+07
4.73683e+07
4.68324e+07
4.62252e+07
4.55314e+07
4.47195e+07
4.37609e+07
4.26235e+07
4.12872e+07
3.96664e+07
3.78384e+07
3.62221e+07
3.49482e+07
3.37806e+07
3.03195e+07
2.81527e+07
2.60968e+07
2.41059e+07
2.21677e+07
2.03052e+07
1.85215e+07
1.70013e+07
1.54701e+07
1.31377e+07
1.11578e+07
9.67038e+06
8.96413e+06
4.94678e+07
4.90092e+07
4.85578e+07
4.81077e+07
4.76425e+07
4.7145e+07
4.65927e+07
4.59595e+07
4.51978e+07
4.42879e+07
4.3184e+07
4.18951e+07
4.05007e+07
3.78596e+07
3.62304e+07
3.49344e+07
3.30261e+07
3.06751e+07
2.85475e+07
2.65416e+07
2.4619e+07
2.27695e+07
2.10008e+07
1.93237e+07
1.7762e+07
1.62117e+07
1.45313e+07
1.30521e+07
1.19585e+07
1.13981e+07
4.96925e+07
4.92406e+07
4.88009e+07
4.8373e+07
4.79416e+07
4.74959e+07
4.70131e+07
4.64512e+07
4.57427e+07
4.48876e+07
4.40141e+07
4.18941e+07
4.01328e+07
3.81288e+07
3.63534e+07
3.4679e+07
3.28218e+07
3.08029e+07
2.88187e+07
2.69027e+07
2.50589e+07
2.32905e+07
2.16049e+07
2.00104e+07
1.85112e+07
1.70834e+07
1.57237e+07
1.45608e+07
1.37135e+07
1.32716e+07
4.98917e+07
4.94495e+07
4.90294e+07
4.86316e+07
4.82412e+07
4.78557e+07
4.7446e+07
4.69724e+07
4.63667e+07
4.53213e+07
4.36435e+07
4.18204e+07
4.0018e+07
3.81695e+07
3.63752e+07
3.46063e+07
3.27793e+07
3.0896e+07
2.90217e+07
2.71917e+07
2.54234e+07
2.37285e+07
2.21179e+07
2.06018e+07
1.91892e+07
1.78868e+07
1.67193e+07
1.57539e+07
1.50629e+07
1.47033e+07
5.00602e+07
4.96287e+07
4.92318e+07
4.8868e+07
4.85262e+07
4.82039e+07
4.78668e+07
4.7483e+07
4.70588e+07
4.52186e+07
4.34891e+07
4.1726e+07
3.99492e+07
3.81559e+07
3.63718e+07
3.45915e+07
3.27931e+07
3.09802e+07
2.91804e+07
2.74189e+07
2.57146e+07
2.40824e+07
2.25362e+07
2.10896e+07
1.97569e+07
1.85553e+07
1.75128e+07
1.66726e+07
1.6081e+07
1.57753e+07
5.0192e+07
4.97704e+07
4.93957e+07
4.90659e+07
4.87767e+07
4.85184e+07
4.82557e+07
4.79543e+07
4.66343e+07
4.50461e+07
4.33682e+07
4.16452e+07
3.9897e+07
3.8133e+07
3.63648e+07
3.45949e+07
3.28214e+07
3.10511e+07
2.93007e+07
2.7589e+07
2.59335e+07
2.43503e+07
2.2855e+07
2.14636e+07
2.01934e+07
1.90648e+07
1.81039e+07
1.73427e+07
1.68133e+07
1.65416e+07
5.02823e+07
4.98681e+07
4.95098e+07
4.92078e+07
4.89662e+07
4.87757e+07
4.86173e+07
4.84161e+07
4.66207e+07
4.49634e+07
4.32925e+07
4.15896e+07
3.98606e+07
3.81143e+07
3.63593e+07
3.46017e+07
3.28465e+07
3.11022e+07
2.93824e+07
2.77029e+07
2.60801e+07
2.45302e+07
2.30699e+07
2.17164e+07
2.04882e+07
1.94066e+07
1.84954e+07
1.77809e+07
1.72879e+07
1.70361e+07
5.03281e+07
4.99176e+07
4.95676e+07
4.92804e+07
4.90684e+07
4.89309e+07
4.89011e+07
4.78961e+07
4.64703e+07
4.48942e+07
4.32489e+07
4.15601e+07
3.98416e+07
3.81042e+07
3.63566e+07
3.46063e+07
3.28605e+07
3.11289e+07
2.94238e+07
2.77601e+07
2.61536e+07
2.46206e+07
2.31781e+07
2.18437e+07
2.06366e+07
1.95778e+07
1.86902e+07
1.79975e+07
1.75214e+07
1.72787e+07
)
;

boundaryField
{
    inlet1
    {
        type            fixedGradient;
        gradient        uniform 20000;
    }
    inlet2
    {
        type            zeroGradient;
    }
    inlet3
    {
        type            fixedGradient;
        gradient        uniform 4.68141e+06;
    }
    output1
    {
        type            zeroGradient;
    }
    output2
    {
        type            fixedValue;
        value           uniform 0;
    }
    output3
    {
        type            zeroGradient;
    }
    up
    {
        type            zeroGradient;
    }
    down
    {
        type            zeroGradient;
    }
    emptyWalls
    {
        type            empty;
    }
}


// ************************************************************************* //
