/*--------------------------------*- C++ -*----------------------------------*\
  =========                 |
  \\      /  F ield         | OpenFOAM: The Open Source CFD Toolbox
   \\    /   O peration     | Website:  https://openfoam.org
    \\  /    A nd           | Version:  9
     \\/     M anipulation  |
\*---------------------------------------------------------------------------*/
FoamFile
{
    format      ascii;
    class       volVectorField;
    location    "4500";
    object      ut;
}
// * * * * * * * * * * * * * * * * * * * * * * * * * * * * * * * * * * * * * //

dimensions      [0 1 -1 0 0 0 0];

internalField   nonuniform List<vector> 
900
(
(1.91158e-06 2.05122e-06 -0)
(9.16369e-07 3.01645e-07 -0)
(1.03774e-06 2.39336e-07 -0)
(2.58637e-07 8.78393e-10 -0)
(6.01898e-07 7.72661e-09 -0)
(5.58453e-07 3.27156e-09 -0)
(5.53254e-07 1.92076e-09 -0)
(5.50068e-07 1.26564e-09 -0)
(5.47983e-07 8.20865e-10 -0)
(5.4663e-07 5.33258e-10 -0)
(5.45677e-07 4.20254e-10 -0)
(5.44761e-07 4.96307e-10 -0)
(5.43499e-07 7.66754e-10 -0)
(5.41498e-07 1.23364e-09 -0)
(5.38364e-07 1.90091e-09 -0)
(5.33687e-07 2.77686e-09 -0)
(5.27037e-07 3.87517e-09 -0)
(5.17949e-07 5.21489e-09 -0)
(5.05918e-07 6.81884e-09 -0)
(4.90392e-07 8.71127e-09 -0)
(4.70771e-07 1.09142e-08 -0)
(4.46419e-07 1.34411e-08 -0)
(4.16693e-07 1.62884e-08 -0)
(3.80985e-07 1.94222e-08 -0)
(3.38801e-07 2.27642e-08 -0)
(2.89862e-07 2.6176e-08 -0)
(2.34237e-07 2.94497e-08 -0)
(1.72474e-07 3.23132e-08 -0)
(1.057e-07 3.44615e-08 -0)
(3.56193e-08 3.56182e-08 -0)
(3.76164e-06 1.67343e-05 -0)
(1.09591e-06 1.6067e-06 -0)
(1.01642e-06 9.06123e-07 -0)
(2.16015e-07 3.33153e-09 -0)
(6.04096e-07 9.93417e-09 -0)
(5.52646e-07 6.71688e-09 -0)
(5.51248e-07 5.06714e-09 -0)
(5.48968e-07 3.58705e-09 -0)
(5.4725e-07 2.30578e-09 -0)
(5.46229e-07 1.42539e-09 -0)
(5.4564e-07 1.07188e-09 -0)
(5.45108e-07 1.29462e-09 -0)
(5.44236e-07 2.10404e-09 -0)
(5.42633e-07 3.50124e-09 -0)
(5.39907e-07 5.49499e-09 -0)
(5.35661e-07 8.10926e-09 -0)
(5.29475e-07 1.13856e-08 -0)
(5.20893e-07 1.5382e-08 -0)
(5.09415e-07 2.01693e-08 -0)
(4.94487e-07 2.58244e-08 -0)
(4.75501e-07 3.24194e-08 -0)
(4.51793e-07 4.00039e-08 -0)
(4.22674e-07 4.85789e-08 -0)
(3.87461e-07 5.80587e-08 -0)
(3.45555e-07 6.82232e-08 -0)
(2.96548e-07 7.86666e-08 -0)
(2.40374e-07 8.87594e-08 -0)
(1.77486e-07 9.76539e-08 -0)
(1.09005e-07 1.04374e-07 -0)
(3.67761e-08 1.08014e-07 -0)
(2.30771e-06 1.50993e-05 -0)
(9.15616e-07 2.40435e-06 -0)
(9.81621e-07 1.44483e-06 -0)
(2.29262e-07 6.33598e-09 -0)
(6.03545e-07 3.1822e-09 -0)
(5.53585e-07 8.6021e-09 -0)
(5.50124e-07 8.04433e-09 -0)
(5.47307e-07 5.71001e-09 -0)
(5.45821e-07 3.39019e-09 -0)
(5.45396e-07 1.79082e-09 -0)
(5.45546e-07 1.14744e-09 -0)
(5.45793e-07 1.50648e-09 -0)
(5.45705e-07 2.85377e-09 -0)
(5.44889e-07 5.17277e-09 -0)
(5.42972e-07 8.46921e-09 -0)
(5.39578e-07 1.27803e-08 -0)
(5.3431e-07 1.81766e-08 -0)
(5.26733e-07 2.47589e-08 -0)
(5.16361e-07 3.26523e-08 -0)
(5.02642e-07 4.19979e-08 -0)
(4.8495e-07 5.29354e-08 -0)
(4.62578e-07 6.5577e-08 -0)
(4.34747e-07 7.99656e-08 -0)
(4.00629e-07 9.6011e-08 -0)
(3.59409e-07 1.13403e-07 -0)
(3.10398e-07 1.31507e-07 -0)
(2.53224e-07 1.49266e-07 -0)
(1.88089e-07 1.65168e-07 -0)
(1.1606e-07 1.77365e-07 -0)
(3.92592e-08 1.84051e-07 -0)
(2.16066e-06 3.24437e-05 -0)
(5.33709e-07 3.52649e-06 -0)
(8.91307e-07 2.19735e-06 -0)
(2.63921e-07 1.46311e-08 -0)
(6.03602e-07 1.16269e-08 -0)
(5.57508e-07 1.64658e-08 -0)
(5.48356e-07 1.27981e-08 -0)
(5.44314e-07 7.81849e-09 -0)
(5.43331e-07 3.75415e-09 -0)
(5.43986e-07 1.20022e-09 -0)
(5.45356e-07 2.20655e-10 -0)
(5.46814e-07 7.30248e-10 -0)
(5.47902e-07 2.63205e-09 -0)
(5.48248e-07 5.86683e-09 -0)
(5.47515e-07 1.04284e-08 -0)
(5.45369e-07 1.63657e-08 -0)
(5.41453e-07 2.37808e-08 -0)
(5.35368e-07 3.28231e-08 -0)
(5.26654e-07 4.36822e-08 -0)
(5.14771e-07 5.65788e-08 -0)
(4.9908e-07 7.17467e-08 -0)
(4.78823e-07 8.94029e-08 -0)
(4.53108e-07 1.09695e-07 -0)
(4.20898e-07 1.32616e-07 -0)
(3.81051e-07 1.5787e-07 -0)
(3.32411e-07 1.84692e-07 -0)
(2.74035e-07 2.11631e-07 -0)
(2.05585e-07 2.36386e-07 -0)
(1.27888e-07 2.5587e-07 -0)
(4.34621e-08 2.66774e-07 -0)
(1.17069e-06 3.14849e-05 -0)
(1.96309e-08 3.97116e-06 -0)
(7.4482e-07 1.53097e-06 -0)
(3.14396e-07 9.89746e-08 -0)
(6.01991e-07 5.13739e-08 -0)
(5.54757e-07 3.28363e-08 -0)
(5.41476e-07 1.88637e-08 -0)
(5.38263e-07 9.01162e-09 -0)
(5.39203e-07 2.60751e-09 -0)
(5.41862e-07 -9.6469e-10 -0)
(5.45076e-07 -2.195e-09 -0)
(5.48205e-07 -1.4379e-09 -0)
(5.50842e-07 1.07782e-09 -0)
(5.52686e-07 5.23464e-09 -0)
(5.53471e-07 1.1012e-08 -0)
(5.5293e-07 1.84735e-08 -0)
(5.50767e-07 2.7758e-08 -0)
(5.46634e-07 3.907e-08 -0)
(5.40116e-07 5.26743e-08 -0)
(5.30707e-07 6.88883e-08 -0)
(5.17774e-07 8.80697e-08 -0)
(5.00527e-07 1.10593e-07 -0)
(4.77961e-07 1.36796e-07 -0)
(4.48804e-07 1.66888e-07 -0)
(4.11485e-07 2.00771e-07 -0)
(3.64159e-07 2.37762e-07 -0)
(3.04918e-07 2.76181e-07 -0)
(2.32328e-07 3.12877e-07 -0)
(1.46448e-07 3.42958e-07 -0)
(5.01631e-08 3.60399e-07 -0)
(1.38778e-06 5.09842e-05 -0)
(-2.55385e-07 4.84278e-06 -0)
(4.484e-07 1.58654e-07 -0)
(3.57466e-07 1.82622e-07 -0)
(5.32964e-07 8.75489e-08 -0)
(5.24998e-07 4.46413e-08 -0)
(5.24531e-07 2.08084e-08 -0)
(5.28058e-07 6.75629e-09 -0)
(5.33355e-07 -1.37132e-09 -0)
(5.39184e-07 -5.47149e-09 -0)
(5.44883e-07 -6.59775e-09 -0)
(5.50087e-07 -5.36421e-09 -0)
(5.54575e-07 -2.11681e-09 -0)
(5.58182e-07 2.98284e-09 -0)
(5.60754e-07 9.91221e-09 -0)
(5.62115e-07 1.87593e-08 -0)
(5.6205e-07 2.97081e-08 -0)
(5.60285e-07 4.30251e-08 -0)
(5.56472e-07 5.90571e-08 -0)
(5.50166e-07 7.82304e-08 -0)
(5.40784e-07 1.01052e-07 -0)
(5.2755e-07 1.28103e-07 -0)
(5.09403e-07 1.60011e-07 -0)
(4.84873e-07 1.9737e-07 -0)
(4.51924e-07 2.40564e-07 -0)
(4.0782e-07 2.89403e-07 -0)
(3.4915e-07 3.42455e-07 -0)
(2.72362e-07 3.95985e-07 -0)
(1.75411e-07 4.42687e-07 -0)
(6.09035e-08 4.71465e-07 -0)
(1.89898e-06 4.9544e-05 -0)
(4.35455e-07 6.03026e-06 -0)
(2.1251e-07 4.88397e-08 -0)
(3.85497e-07 1.46691e-07 -0)
(4.63638e-07 7.8108e-08 -0)
(4.88016e-07 3.73712e-08 -0)
(5.03591e-07 1.29716e-08 -0)
(5.16083e-07 -1.42416e-09 -0)
(5.26975e-07 -9.37799e-09 -0)
(5.36636e-07 -1.29524e-08 -0)
(5.45184e-07 -1.33602e-08 -0)
(5.52686e-07 -1.1304e-08 -0)
(5.59189e-07 -7.16306e-09 -0)
(5.64715e-07 -1.09741e-09 -0)
(5.69248e-07 6.89501e-09 -0)
(5.72726e-07 1.69443e-08 -0)
(5.75033e-07 2.92899e-08 -0)
(5.75983e-07 4.42652e-08 -0)
(5.75322e-07 6.22989e-08 -0)
(5.72701e-07 8.39246e-08 -0)
(5.67647e-07 1.09804e-07 -0)
(5.59486e-07 1.40755e-07 -0)
(5.47228e-07 1.77772e-07 -0)
(5.29358e-07 2.22016e-07 -0)
(5.03517e-07 2.74712e-07 -0)
(4.66049e-07 3.3683e-07 -0)
(4.115e-07 4.08253e-07 -0)
(3.32561e-07 4.85922e-07 -0)
(2.21928e-07 5.60341e-07 -0)
(7.89411e-08 6.1131e-07 -0)
(2.2034e-06 6.8669e-05 -0)
(4.81332e-07 7.40355e-06 -0)
(1.34085e-07 2.55698e-08 -0)
(3.98812e-07 7.28711e-08 -0)
(4.23612e-07 4.10606e-08 -0)
(4.59862e-07 1.37635e-08 -0)
(4.85736e-07 -4.86967e-09 -0)
(5.05708e-07 -1.60471e-08 -0)
(5.21826e-07 -2.17645e-08 -0)
(5.35202e-07 -2.36004e-08 -0)
(5.46531e-07 -2.25866e-08 -0)
(5.56284e-07 -1.93284e-08 -0)
(5.64781e-07 -1.4134e-08 -0)
(5.7224e-07 -7.10383e-09 -0)
(5.78796e-07 1.82088e-09 -0)
(5.8451e-07 1.28335e-08 -0)
(5.89371e-07 2.6241e-08 -0)
(5.93294e-07 4.24462e-08 -0)
(5.96131e-07 6.19477e-08 -0)
(5.97671e-07 8.53634e-08 -0)
(5.97615e-07 1.13483e-07 -0)
(5.95518e-07 1.47339e-07 -0)
(5.90664e-07 1.88305e-07 -0)
(5.81813e-07 2.38208e-07 -0)
(5.66738e-07 2.99439e-07 -0)
(5.41361e-07 3.74951e-07 -0)
(4.98243e-07 4.67804e-07 -0)
(4.24451e-07 5.79112e-07 -0)
(3.00799e-07 7.01446e-07 -0)
(1.11872e-07 8.02125e-07 -0)
(1.92918e-06 6.57249e-05 -0)
(5.20448e-07 8.57541e-06 -0)
(1.52268e-07 3.19303e-08 -0)
(3.88614e-07 1.85919e-08 -0)
(4.04529e-07 -4.77425e-10 -0)
(4.42086e-07 -1.85087e-08 -0)
(4.73781e-07 -3.01668e-08 -0)
(4.99188e-07 -3.61301e-08 -0)
(5.19422e-07 -3.80328e-08 -0)
(5.35814e-07 -3.70984e-08 -0)
(5.49456e-07 -3.40579e-08 -0)
(5.61138e-07 -2.92889e-08 -0)
(5.71413e-07 -2.29405e-08 -0)
(5.8067e-07 -1.50045e-08 -0)
(5.89185e-07 -5.34086e-09 -0)
(5.97146e-07 6.32817e-09 -0)
(6.04645e-07 2.03936e-08 -0)
(6.1169e-07 3.73295e-08 -0)
(6.18239e-07 5.76802e-08 -0)
(6.24237e-07 8.20971e-08 -0)
(6.29623e-07 1.11423e-07 -0)
(6.34308e-07 1.46812e-07 -0)
(6.38097e-07 1.899e-07 -0)
(6.40491e-07 2.43073e-07 -0)
(6.4026e-07 3.09883e-07 -0)
(6.34415e-07 3.95733e-07 -0)
(6.15661e-07 5.08899e-07 -0)
(5.66202e-07 6.61276e-07 -0)
(4.44941e-07 8.64204e-07 -0)
(1.7962e-07 1.09362e-06 -0)
(2.65452e-06 8.5599e-05 -0)
(5.50905e-07 9.60185e-06 -0)
(1.61016e-07 4.81475e-08 -0)
(3.56805e-07 -1.48059e-08 -0)
(3.86511e-07 -4.30516e-08 -0)
(4.30172e-07 -5.71537e-08 -0)
(4.68114e-07 -6.11583e-08 -0)
(4.97842e-07 -6.02732e-08 -0)
(5.20858e-07 -5.71379e-08 -0)
(5.39176e-07 -5.27025e-08 -0)
(5.5434e-07 -4.72575e-08 -0)
(5.67401e-07 -4.08291e-08 -0)
(5.79066e-07 -3.33332e-08 -0)
(5.8984e-07 -2.46329e-08 -0)
(6.00128e-07 -1.45074e-08 -0)
(6.10244e-07 -2.57533e-09 -0)
(6.20372e-07 1.16756e-08 -0)
(6.3058e-07 2.87978e-08 -0)
(6.40899e-07 4.93449e-08 -0)
(6.51414e-07 7.39213e-08 -0)
(6.6233e-07 1.03301e-07 -0)
(6.73995e-07 1.38583e-07 -0)
(6.86925e-07 1.81409e-07 -0)
(7.01796e-07 2.34302e-07 -0)
(7.19397e-07 3.01288e-07 -0)
(7.40377e-07 3.89198e-07 -0)
(7.63786e-07 5.10781e-07 -0)
(7.79756e-07 6.9289e-07 -0)
(7.33142e-07 1.00047e-06 -0)
(3.41288e-07 1.61453e-06 -0)
(3.51257e-06 8.06823e-05 -0)
(2.9138e-06 1.15401e-05 -0)
(9.98489e-08 4.07159e-08 -0)
(2.92802e-07 -9.63608e-08 -0)
(3.62181e-07 -9.97692e-08 -0)
(4.23979e-07 -1.05895e-07 -0)
(4.70661e-07 -9.70383e-08 -0)
(5.03208e-07 -8.6666e-08 -0)
(5.26992e-07 -7.75426e-08 -0)
(5.45694e-07 -6.93152e-08 -0)
(5.61329e-07 -6.1439e-08 -0)
(5.75062e-07 -5.34368e-08 -0)
(5.8761e-07 -4.49312e-08 -0)
(5.99495e-07 -3.56886e-08 -0)
(6.11242e-07 -2.54787e-08 -0)
(6.23329e-07 -1.37988e-08 -0)
(6.36019e-07 8.60315e-11 -0)
(6.49359e-07 1.6842e-08 -0)
(6.63363e-07 3.69785e-08 -0)
(6.78193e-07 6.0942e-08 -0)
(6.94284e-07 8.92765e-08 -0)
(7.12416e-07 1.2281e-07 -0)
(7.33816e-07 1.6285e-07 -0)
(7.6037e-07 2.1144e-07 -0)
(7.95156e-07 2.71768e-07 -0)
(8.43908e-07 3.48991e-07 -0)
(9.19353e-07 4.52139e-07 -0)
(1.05589e-06 5.99027e-07 -0)
(1.36658e-06 8.30266e-07 -0)
(2.28959e-06 1.25359e-06 -0)
(4.79354e-06 7.7636e-05 -0)
(4.41059e-06 1.28973e-05 -0)
(3.05423e-06 4.24166e-06 -0)
(1.33715e-07 -3.87681e-08 -0)
(3.7697e-07 -1.95241e-07 -0)
(4.32903e-07 -1.69624e-07 -0)
(4.87344e-07 -1.34433e-07 -0)
(5.17338e-07 -1.11808e-07 -0)
(5.38209e-07 -9.705e-08 -0)
(5.5528e-07 -8.55755e-08 -0)
(5.70219e-07 -7.57475e-08 -0)
(5.83909e-07 -6.65478e-08 -0)
(5.96814e-07 -5.72659e-08 -0)
(6.09292e-07 -4.77117e-08 -0)
(6.22018e-07 -3.79198e-08 -0)
(6.35809e-07 -2.72269e-08 -0)
(6.51013e-07 -1.43742e-08 -0)
(6.67473e-07 1.50542e-09 -0)
(6.84999e-07 2.07848e-08 -0)
(7.03712e-07 4.35909e-08 -0)
(7.24197e-07 7.00532e-08 -0)
(7.47568e-07 1.00529e-07 -0)
(7.75556e-07 1.35741e-07 -0)
(8.10714e-07 1.76841e-07 -0)
(8.56947e-07 2.25355e-07 -0)
(9.20747e-07 2.82856e-07 -0)
(1.01382e-06 3.49756e-07 -0)
(1.15788e-06 4.20812e-07 -0)
(1.3877e-06 4.67975e-07 -0)
(1.70916e-06 3.71415e-07 -0)
(5.71839e-06 6.94537e-05 -0)
(5.59631e-06 1.31919e-05 -0)
(4.96282e-06 5.91755e-06 -0)
(3.25345e-06 3.17313e-06 -0)
(2.04936e-07 -7.91773e-08 -0)
(4.84769e-07 -2.65124e-07 -0)
(5.28476e-07 -1.59269e-07 -0)
(5.40592e-07 -1.29084e-07 -0)
(5.53225e-07 -1.13274e-07 -0)
(5.66997e-07 -1.0019e-07 -0)
(5.80357e-07 -8.94273e-08 -0)
(5.93544e-07 -7.97393e-08 -0)
(6.06446e-07 -6.98731e-08 -0)
(6.18842e-07 -5.99698e-08 -0)
(6.31727e-07 -5.12639e-08 -0)
(6.46875e-07 -4.2816e-08 -0)
(6.64751e-07 -3.18598e-08 -0)
(6.84518e-07 -1.72318e-08 -0)
(7.05448e-07 1.06352e-09 -0)
(7.27461e-07 2.25826e-08 -0)
(7.51223e-07 4.68147e-08 -0)
(7.78104e-07 7.35131e-08 -0)
(8.10128e-07 1.02745e-07 -0)
(8.49984e-07 1.34825e-07 -0)
(9.01172e-07 1.69951e-07 -0)
(9.68309e-07 2.07324e-07 -0)
(1.05731e-06 2.43216e-07 -0)
(1.17411e-06 2.66489e-07 -0)
(1.31719e-06 2.49407e-07 -0)
(1.4502e-06 1.3551e-07 -0)
(7.72782e-06 6.40334e-05 -0)
(8.02456e-06 1.37169e-05 -0)
(7.95462e-06 7.75777e-06 -0)
(6.47383e-06 5.81069e-06 -0)
(2.23276e-06 2.4458e-06 -0)
(3.62355e-07 -1.03562e-07 -0)
(6.23395e-07 -1.12161e-07 -0)
(5.63333e-07 -1.31986e-07 -0)
(5.67103e-07 -1.26771e-07 -0)
(5.79126e-07 -1.12482e-07 -0)
(5.90669e-07 -1.0203e-07 -0)
(6.03463e-07 -9.31085e-08 -0)
(6.16583e-07 -8.25183e-08 -0)
(6.27902e-07 -7.1031e-08 -0)
(6.39172e-07 -6.43507e-08 -0)
(6.55213e-07 -6.09153e-08 -0)
(6.76597e-07 -5.30195e-08 -0)
(7.00396e-07 -3.96376e-08 -0)
(7.24813e-07 -2.18826e-08 -0)
(7.49463e-07 -1.13949e-09 -0)
(7.75128e-07 2.11082e-08 -0)
(8.03498e-07 4.39647e-08 -0)
(8.36868e-07 6.68993e-08 -0)
(8.77921e-07 8.97622e-08 -0)
(9.29447e-07 1.12301e-07 -0)
(9.94012e-07 1.33273e-07 -0)
(1.07299e-06 1.49295e-07 -0)
(1.16407e-06 1.52522e-07 -0)
(1.25672e-06 1.27654e-07 -0)
(1.32425e-06 5.67287e-08 -0)
(1.12777e-05 5.05651e-05 -0)
(1.17565e-05 1.24288e-05 -0)
(1.22633e-05 8.52586e-06 -0)
(1.19071e-05 8.77097e-06 -0)
(8.28138e-06 7.49108e-06 -0)
(2.43211e-07 1.04372e-07 -0)
(5.02379e-07 -7.74599e-08 -0)
(5.25982e-07 -1.59931e-07 -0)
(5.72729e-07 -1.4934e-07 -0)
(5.91737e-07 -1.20938e-07 -0)
(5.99731e-07 -1.13101e-07 -0)
(6.13056e-07 -1.08148e-07 -0)
(6.28523e-07 -9.60611e-08 -0)
(6.37009e-07 -7.72931e-08 -0)
(6.41843e-07 -7.44997e-08 -0)
(6.58206e-07 -8.45147e-08 -0)
(6.86029e-07 -8.12561e-08 -0)
(7.15655e-07 -6.81206e-08 -0)
(7.43946e-07 -4.9402e-08 -0)
(7.70452e-07 -2.79032e-08 -0)
(7.96327e-07 -6.13006e-09 -0)
(8.23895e-07 1.43268e-08 -0)
(8.55925e-07 3.22286e-08 -0)
(8.95385e-07 4.72511e-08 -0)
(9.44683e-07 5.88437e-08 -0)
(1.0053e-06 6.69008e-08 -0)
(1.07656e-06 7.07604e-08 -0)
(1.15247e-06 6.89123e-08 -0)
(1.22139e-06 5.32134e-08 -0)
(1.26582e-06 2.06397e-08 -0)
(1.87989e-05 3.68492e-05 -0)
(2.16143e-05 1.33393e-05 -0)
(2.22435e-05 1.03933e-05 -0)
(2.10977e-05 1.06329e-05 -0)
(2.03869e-05 1.22921e-05 -0)
(1.15787e-05 7.16516e-06 -0)
(3.23808e-07 3.90877e-09 -0)
(4.9145e-07 -9.97299e-08 -0)
(6.06096e-07 -2.04205e-07 -0)
(6.15364e-07 -1.17716e-07 -0)
(6.03458e-07 -1.3436e-07 -0)
(6.20502e-07 -1.41522e-07 -0)
(6.47433e-07 -1.08357e-07 -0)
(6.49286e-07 -4.28279e-08 -0)
(6.22175e-07 -3.94837e-08 -0)
(6.2105e-07 -4.86935e-08 -0)
(6.48005e-07 -4.71109e-08 -0)
(6.73114e-07 -3.98495e-08 -0)
(6.89983e-07 -2.97864e-08 -0)
(6.77189e-07 -1.82935e-08 -0)
(6.67274e-07 -8.15551e-09 -0)
(6.28672e-07 8.17651e-11 -0)
(6.2719e-07 5.85206e-09 -0)
(6.11948e-07 9.37216e-09 -0)
(6.56721e-07 1.17035e-08 -0)
(7.04128e-07 1.26107e-08 -0)
(7.59671e-07 1.22898e-08 -0)
(8.34426e-07 1.17375e-08 -0)
(9.49704e-07 8.46821e-09 -0)
(1.14171e-06 2.74303e-09 -0)
(1.94911e-05 4.43545e-06 -0)
(2.83679e-05 7.45172e-06 -0)
(3.80663e-05 1.10313e-05 -0)
(3.88234e-05 1.29804e-05 -0)
(4.39086e-05 1.71091e-05 -0)
(3.78353e-05 1.56915e-05 -0)
(3.58668e-05 1.22913e-05 -0)
(2.66831e-05 4.79651e-06 -0)
(4.22472e-07 -1.15015e-08 -0)
(4.50784e-07 -3.75973e-08 -0)
(3.75952e-07 -4.98453e-08 -0)
(4.67241e-07 -6.28861e-08 -0)
(9.29395e-07 -1.09915e-07 -0)
(9.53973e-06 -1.10531e-06 -0)
(3.49976e-05 -3.68477e-06 -0)
(4.77698e-05 -3.11522e-06 -0)
(5.76257e-05 -2.33432e-06 -0)
(6.47872e-05 -1.75303e-06 -0)
(7.00466e-05 -1.3504e-06 -0)
(7.43052e-05 -1.19022e-06 -0)
(7.86609e-05 -1.32171e-06 -0)
(8.40332e-05 -1.74338e-06 -0)
(9.12967e-05 -2.38886e-06 -0)
(0.000100578 -3.11774e-06 -0)
(0.000112019 -3.83745e-06 -0)
(0.000124692 -4.47978e-06 -0)
(0.000139185 -5.13692e-06 -0)
(0.000153451 -5.46123e-06 -0)
(0.000169385 -4.86953e-06 -0)
(0.000177927 -2.16237e-06 -0)
(9.42398e-06 -1.40599e-05 -0)
(2.10359e-05 -4.46719e-06 -0)
(3.53319e-05 1.44531e-06 -0)
(4.32826e-05 6.42528e-06 -0)
(5.44576e-05 1.13885e-05 -0)
(6.01916e-05 1.38952e-05 -0)
(6.4755e-05 1.42064e-05 -0)
(6.70042e-05 1.61694e-05 -0)
(6.44524e-05 1.65855e-05 -0)
(7.35679e-05 -1.57456e-06 -0)
(8.33012e-05 -4.02297e-06 -0)
(9.64736e-05 -6.01407e-06 -0)
(0.000112988 -1.35401e-05 -0)
(0.000132146 -2.76965e-05 -0)
(0.000148092 -2.77768e-05 -0)
(0.000162377 -2.10776e-05 -0)
(0.000175452 -1.56048e-05 -0)
(0.000185787 -1.14137e-05 -0)
(0.000193213 -8.41763e-06 -0)
(0.000198323 -7.02932e-06 -0)
(0.00020285 -7.54836e-06 -0)
(0.000207667 -9.79423e-06 -0)
(0.000215115 -1.33856e-05 -0)
(0.000224965 -1.7315e-05 -0)
(0.000239174 -2.0759e-05 -0)
(0.000253697 -2.29994e-05 -0)
(0.000270092 -2.48889e-05 -0)
(0.000282469 -2.60685e-05 -0)
(0.000303243 -2.51046e-05 -0)
(0.00031651 -1.23548e-05 -0)
(9.40059e-06 -2.82305e-05 -0)
(2.50494e-05 -1.67624e-05 -0)
(3.98184e-05 -9.01393e-06 -0)
(5.20999e-05 -3.13629e-06 -0)
(6.50551e-05 1.37026e-06 -0)
(7.70168e-05 4.72087e-06 -0)
(8.99723e-05 6.64014e-06 -0)
(0.000102364 7.00674e-06 -0)
(0.000122548 1.02011e-06 -0)
(0.000140354 -1.27359e-05 -0)
(0.000160494 -2.09425e-05 -0)
(0.000180296 -2.67808e-05 -0)
(0.00020043 -3.38559e-05 -0)
(0.000211197 -3.93075e-05 -0)
(0.000218584 -3.86173e-05 -0)
(0.000227122 -3.35551e-05 -0)
(0.000236964 -2.69351e-05 -0)
(0.000243536 -1.94628e-05 -0)
(0.000247297 -1.32127e-05 -0)
(0.000248682 -9.8408e-06 -0)
(0.000249575 -9.82722e-06 -0)
(0.000249355 -1.2914e-05 -0)
(0.000251209 -1.90162e-05 -0)
(0.000253847 -2.64494e-05 -0)
(0.000261931 -3.32102e-05 -0)
(0.000270266 -3.47323e-05 -0)
(0.000275694 -3.30208e-05 -0)
(0.000271557 -3.46146e-05 -0)
(0.000282591 -4.24232e-05 -0)
(0.000290228 -2.86338e-05 -0)
(1.55499e-05 -4.85639e-05 -0)
(4.19639e-05 -3.23964e-05 -0)
(6.12805e-05 -2.34346e-05 -0)
(7.69706e-05 -1.69949e-05 -0)
(9.24574e-05 -1.26396e-05 -0)
(0.000108502 -1.02398e-05 -0)
(0.000127226 -1.04438e-05 -0)
(0.000148394 -1.4661e-05 -0)
(0.000173798 -2.40781e-05 -0)
(0.000195305 -3.5155e-05 -0)
(0.000213437 -4.25975e-05 -0)
(0.0002279 -4.56941e-05 -0)
(0.000235773 -4.53492e-05 -0)
(0.000235742 -4.3621e-05 -0)
(0.000232966 -4.20011e-05 -0)
(0.000232268 -3.98011e-05 -0)
(0.000236704 -3.33322e-05 -0)
(0.000235437 -2.16508e-05 -0)
(0.000233364 -1.27967e-05 -0)
(0.000230628 -8.3829e-06 -0)
(0.000228479 -7.7391e-06 -0)
(0.000224269 -1.02863e-05 -0)
(0.000221083 -1.69959e-05 -0)
(0.000214306 -2.65274e-05 -0)
(0.000213483 -3.87424e-05 -0)
(0.000213164 -3.89148e-05 -0)
(0.000209251 -2.48479e-05 -0)
(0.000188948 -2.41309e-05 -0)
(0.000195411 -4.52821e-05 -0)
(0.000170525 -5.67317e-05 -0)
(9.12236e-05 -7.74448e-05 -0)
(9.09729e-05 -5.81169e-05 -0)
(9.52694e-05 -4.23778e-05 -0)
(0.000101996 -3.31304e-05 -0)
(0.00011165 -2.88427e-05 -0)
(0.000123951 -2.83887e-05 -0)
(0.000139985 -3.1408e-05 -0)
(0.000157478 -3.76475e-05 -0)
(0.000176155 -4.56463e-05 -0)
(0.000189917 -5.15664e-05 -0)
(0.000198607 -5.33712e-05 -0)
(0.000202104 -5.00752e-05 -0)
(0.000199768 -4.20551e-05 -0)
(0.000191756 -3.476e-05 -0)
(0.000180347 -3.3327e-05 -0)
(0.000174431 -3.79666e-05 -0)
(0.000174865 -3.41105e-05 -0)
(0.000168161 -1.56192e-05 -0)
(0.000163046 -7.49375e-06 -0)
(0.000158759 -4.37686e-06 -0)
(0.000156126 -3.7067e-06 -0)
(0.000151198 -4.80039e-06 -0)
(0.000147974 -8.94559e-06 -0)
(0.00013429 -1.60353e-05 -0)
(0.000133173 -3.3851e-05 -0)
(0.000112583 -4.33172e-05 -0)
(0.000111607 -6.91323e-06 -0)
(9.0129e-05 -6.60572e-06 -0)
(9.22656e-05 -1.96128e-05 -0)
(1.99642e-06 -3.42936e-06 -0)
(8.24369e-05 -5.4591e-05 -0)
(7.54164e-05 -4.42243e-05 -0)
(7.55058e-05 -3.73908e-05 -0)
(8.18909e-05 -3.46244e-05 -0)
(9.0873e-05 -3.46814e-05 -0)
(0.000104655 -3.84779e-05 -0)
(0.000118591 -4.37759e-05 -0)
(0.000134705 -5.10589e-05 -0)
(0.000149589 -5.70684e-05 -0)
(0.000156066 -5.79617e-05 -0)
(0.000157785 -5.47896e-05 -0)
(0.000153111 -4.74585e-05 -0)
(0.00014605 -3.48705e-05 -0)
(0.000136643 -2.09003e-05 -0)
(0.000119682 -1.93586e-05 -0)
(0.000116469 -3.25709e-05 -0)
(9.76709e-05 -3.9039e-05 -0)
(9.52223e-05 -4.48494e-06 -0)
(8.91622e-05 -1.89502e-06 -0)
(8.56527e-05 -1.14231e-06 -0)
(8.37022e-05 -9.76094e-07 -0)
(8.10407e-05 -1.20978e-06 -0)
(7.94698e-05 -2.18518e-06 -0)
(6.71451e-05 -4.31539e-06 -0)
(6.7354e-05 -1.3749e-05 -0)
(8.41132e-07 -2.02258e-07 -0)
(1.37562e-06 -3.65755e-07 -0)
(9.73728e-07 -4.97565e-07 -0)
(5.98989e-07 -6.40636e-07 -0)
(1.57955e-07 -9.12642e-07 -0)
(8.73812e-05 -4.98283e-05 -0)
(8.68466e-05 -4.87535e-05 -0)
(8.77631e-05 -4.68331e-05 -0)
(9.30055e-05 -4.72702e-05 -0)
(9.86403e-05 -4.92382e-05 -0)
(0.000109272 -5.50345e-05 -0)
(0.000115491 -5.95727e-05 -0)
(0.000129937 -6.76e-05 -0)
(0.0001323 -6.61601e-05 -0)
(0.000126262 -5.90935e-05 -0)
(0.000116693 -4.94785e-05 -0)
(0.000101723 -3.82849e-05 -0)
(8.35378e-05 -3.02761e-05 -0)
(7.87471e-05 -5.32169e-06 -0)
(6.4103e-05 -4.79856e-06 -0)
(6.19251e-05 -1.26531e-05 -0)
(6.72139e-07 -6.36504e-08 -0)
(1.11496e-06 -7.47071e-08 -0)
(8.50618e-07 -8.13522e-08 -0)
(8.21016e-07 -9.21759e-08 -0)
(7.98555e-07 -1.06454e-07 -0)
(7.72526e-07 -1.24916e-07 -0)
(7.41136e-07 -1.44308e-07 -0)
(6.71541e-07 -1.67338e-07 -0)
(6.20224e-07 -1.57307e-07 -0)
(7.85324e-07 -1.368e-07 -0)
(8.7653e-07 -6.38173e-07 -0)
(7.0477e-07 -8.70204e-07 -0)
(4.45879e-07 -1.08896e-06 -0)
(1.43551e-07 -1.133e-06 -0)
(8.81312e-05 -4.50853e-05 -0)
(8.59683e-05 -4.53029e-05 -0)
(8.23275e-05 -4.46478e-05 -0)
(8.38774e-05 -4.74174e-05 -0)
(8.62307e-05 -5.13506e-05 -0)
(9.09281e-05 -5.7467e-05 -0)
(9.57585e-05 -6.3646e-05 -0)
(0.000106642 -7.03212e-05 -0)
(9.05019e-05 -5.53961e-05 -0)
(8.00801e-05 -4.48022e-05 -0)
(5.95621e-05 -3.46157e-05 -0)
(4.09688e-05 -9.26675e-06 -0)
(7.73063e-07 -8.93341e-08 -0)
(8.67983e-07 -5.90352e-08 -0)
(5.94572e-07 -2.66693e-08 -0)
(6.51322e-07 5.47296e-08 -0)
(8.65745e-07 1.94885e-07 -0)
(9.10316e-07 -9.82505e-08 -0)
(8.40182e-07 -1.35372e-07 -0)
(7.98508e-07 -1.63818e-07 -0)
(7.66717e-07 -1.93713e-07 -0)
(7.35428e-07 -2.28204e-07 -0)
(7.004e-07 -2.64175e-07 -0)
(6.58325e-07 -3.02631e-07 -0)
(6.32541e-07 -3.06899e-07 -0)
(6.56668e-07 -3.27907e-07 -0)
(6.4222e-07 -5.25631e-07 -0)
(5.22946e-07 -6.91704e-07 -0)
(3.36194e-07 -8.21802e-07 -0)
(1.13912e-07 -8.75542e-07 -0)
(8.78742e-05 -4.04858e-05 -0)
(8.59641e-05 -4.24523e-05 -0)
(8.03353e-05 -4.36686e-05 -0)
(8.29321e-05 -5.05591e-05 -0)
(8.08572e-05 -5.51906e-05 -0)
(8.29303e-05 -6.3481e-05 -0)
(8.81396e-05 -7.19925e-05 -0)
(8.26196e-05 -6.58696e-05 -0)
(5.19847e-05 -3.88611e-05 -0)
(4.25816e-05 -2.54564e-05 -0)
(4.24219e-07 -6.51149e-08 -0)
(7.88927e-07 1.51846e-08 -0)
(7.65345e-07 9.81298e-08 -0)
(7.68203e-07 -6.29845e-08 -0)
(7.01215e-07 -2.94322e-08 -0)
(7.17823e-07 6.67033e-08 -0)
(7.87845e-07 5.01563e-08 -0)
(8.13671e-07 -4.48989e-08 -0)
(7.92753e-07 -9.63911e-08 -0)
(7.64219e-07 -1.3214e-07 -0)
(7.34231e-07 -1.63514e-07 -0)
(7.02066e-07 -1.94934e-07 -0)
(6.66709e-07 -2.27049e-07 -0)
(6.28817e-07 -2.59784e-07 -0)
(5.94947e-07 -2.90089e-07 -0)
(5.66592e-07 -3.40482e-07 -0)
(5.12734e-07 -4.44734e-07 -0)
(4.086e-07 -5.49173e-07 -0)
(2.6204e-07 -6.31004e-07 -0)
(8.98112e-08 -6.71815e-07 -0)
(8.78437e-05 -3.54771e-05 -0)
(8.4147e-05 -3.78717e-05 -0)
(7.66209e-05 -4.03617e-05 -0)
(7.74636e-05 -4.86523e-05 -0)
(6.7993e-05 -5.12282e-05 -0)
(7.18991e-05 -6.40187e-05 -0)
(6.73908e-05 -6.51233e-05 -0)
(4.42456e-05 -4.22966e-05 -0)
(1.78117e-05 -1.4198e-05 -0)
(5.43754e-07 -6.60827e-08 -0)
(7.11589e-07 1.06725e-07 -0)
(7.36925e-07 3.41827e-08 -0)
(7.42087e-07 3.73095e-08 -0)
(7.40422e-07 -5.50441e-09 -0)
(7.2426e-07 -3.75851e-09 -0)
(7.30911e-07 1.77745e-08 -0)
(7.54142e-07 5.83788e-09 -0)
(7.63769e-07 -3.60246e-08 -0)
(7.52941e-07 -7.35127e-08 -0)
(7.31386e-07 -1.0492e-07 -0)
(7.03923e-07 -1.33269e-07 -0)
(6.71893e-07 -1.6097e-07 -0)
(6.35551e-07 -1.89305e-07 -0)
(5.95285e-07 -2.19364e-07 -0)
(5.51843e-07 -2.5319e-07 -0)
(5.02023e-07 -2.9919e-07 -0)
(4.33529e-07 -3.63651e-07 -0)
(3.36676e-07 -4.29246e-07 -0)
(2.13552e-07 -4.81233e-07 -0)
(7.31014e-08 -5.08899e-07 -0)
(8.78615e-05 -2.93281e-05 -0)
(8.12996e-05 -3.14941e-05 -0)
(7.36346e-05 -3.54556e-05 -0)
(6.97243e-05 -4.29176e-05 -0)
(5.81641e-05 -4.69044e-05 -0)
(6.21965e-05 -6.25072e-05 -0)
(4.23016e-05 -4.7511e-05 -0)
(1.60374e-05 -1.94924e-05 -0)
(4.4019e-07 -5.20096e-08 -0)
(7.25591e-07 5.59283e-08 -0)
(7.09904e-07 5.5947e-08 -0)
(7.19512e-07 3.56078e-08 -0)
(7.25658e-07 2.45849e-08 -0)
(7.27135e-07 7.41596e-09 -0)
(7.24494e-07 2.12836e-09 -0)
(7.27419e-07 2.31728e-09 -0)
(7.34045e-07 -8.5549e-09 -0)
(7.3432e-07 -3.1526e-08 -0)
(7.23858e-07 -5.67153e-08 -0)
(7.04463e-07 -8.07576e-08 -0)
(6.7818e-07 -1.03673e-07 -0)
(6.4603e-07 -1.26376e-07 -0)
(6.08315e-07 -1.49835e-07 -0)
(5.64932e-07 -1.75176e-07 -0)
(5.15121e-07 -2.04116e-07 -0)
(4.56131e-07 -2.3944e-07 -0)
(3.82679e-07 -2.81436e-07 -0)
(2.91018e-07 -3.22932e-07 -0)
(1.82388e-07 -3.55782e-07 -0)
(6.21451e-08 -3.73649e-07 -0)
(8.76971e-05 -2.18907e-05 -0)
(7.89078e-05 -2.37206e-05 -0)
(7.08816e-05 -2.79668e-05 -0)
(6.12438e-05 -3.36208e-05 -0)
(5.00608e-05 -4.02312e-05 -0)
(4.57747e-05 -5.02348e-05 -0)
(1.81512e-05 -2.41492e-05 -0)
(2.62812e-07 -1.51241e-07 -0)
(5.91128e-07 8.90515e-08 -0)
(6.63851e-07 5.18637e-08 -0)
(6.91269e-07 3.99437e-08 -0)
(7.05563e-07 2.77165e-08 -0)
(7.13895e-07 1.80042e-08 -0)
(7.17965e-07 8.4542e-09 -0)
(7.19162e-07 2.54008e-09 -0)
(7.20227e-07 -2.07944e-09 -0)
(7.20299e-07 -1.08505e-08 -0)
(7.15608e-07 -2.48103e-08 -0)
(7.03709e-07 -4.10657e-08 -0)
(6.84428e-07 -5.77231e-08 -0)
(6.58304e-07 -7.42915e-08 -0)
(6.25731e-07 -9.1026e-08 -0)
(5.86751e-07 -1.08481e-07 -0)
(5.41004e-07 -1.27391e-07 -0)
(4.87579e-07 -1.48654e-07 -0)
(4.24703e-07 -1.73023e-07 -0)
(3.50037e-07 -1.99725e-07 -0)
(2.6233e-07 -2.25267e-07 -0)
(1.62835e-07 -2.4531e-07 -0)
(5.52344e-08 -2.56266e-07 -0)
(8.74726e-05 -1.34954e-05 -0)
(7.74503e-05 -1.47583e-05 -0)
(6.84936e-05 -1.78383e-05 -0)
(5.49999e-05 -2.17026e-05 -0)
(4.28223e-05 -2.89115e-05 -0)
(2.7018e-05 -3.19372e-05 -0)
(1.90963e-06 -3.42708e-06 -0)
(4.05253e-07 1.18315e-08 -0)
(7.01795e-07 3.33187e-08 -0)
(6.76483e-07 3.08729e-08 -0)
(6.85757e-07 2.42474e-08 -0)
(6.97572e-07 1.73072e-08 -0)
(7.06396e-07 1.12576e-08 -0)
(7.11671e-07 5.85621e-09 -0)
(7.1396e-07 1.65725e-09 -0)
(7.14029e-07 -2.32622e-09 -0)
(7.11315e-07 -7.95867e-09 -0)
(7.04105e-07 -1.57991e-08 -0)
(6.90945e-07 -2.5013e-08 -0)
(6.71237e-07 -3.47757e-08 -0)
(6.44877e-07 -4.47419e-08 -0)
(6.1184e-07 -5.49537e-08 -0)
(5.7195e-07 -6.56693e-08 -0)
(5.24758e-07 -7.72557e-08 -0)
(4.6949e-07 -9.00825e-08 -0)
(4.0506e-07 -1.0427e-07 -0)
(3.30435e-07 -1.19174e-07 -0)
(2.45433e-07 -1.33099e-07 -0)
(1.51389e-07 -1.43925e-07 -0)
(5.11894e-08 -1.49837e-07 -0)
(8.72943e-05 -4.55457e-06 -0)
(7.68043e-05 -5.00391e-06 -0)
(6.72216e-05 -6.10419e-06 -0)
(5.18968e-05 -7.5506e-06 -0)
(3.83025e-05 -1.12078e-05 -0)
(1.07616e-05 -9.97943e-06 -0)
(1.68916e-07 -4.63261e-08 -0)
(4.94071e-07 1.05702e-07 -0)
(6.10153e-07 3.05659e-08 -0)
(6.5478e-07 1.40607e-08 -0)
(6.77703e-07 8.86345e-09 -0)
(6.92573e-07 6.00691e-09 -0)
(7.02444e-07 3.86383e-09 -0)
(7.08365e-07 2.0556e-09 -0)
(7.10979e-07 5.57709e-10 -0)
(7.10612e-07 -9.25444e-10 -0)
(7.06826e-07 -2.85958e-09 -0)
(6.98554e-07 -5.41391e-09 -0)
(6.84733e-07 -8.41047e-09 -0)
(6.64699e-07 -1.16263e-08 -0)
(6.38126e-07 -1.49485e-08 -0)
(6.04804e-07 -1.83773e-08 -0)
(5.64449e-07 -2.19849e-08 -0)
(5.16591e-07 -2.58786e-08 -0)
(4.60565e-07 -3.01525e-08 -0)
(3.95611e-07 -3.48042e-08 -0)
(3.21208e-07 -3.96013e-08 -0)
(2.37579e-07 -4.40311e-08 -0)
(1.46098e-07 -4.74554e-08 -0)
(4.93224e-08 -4.93224e-08 -0)
)
;

boundaryField
{
    inlet1
    {
        type            extrapolatedCalculated;
        value           nonuniform List<vector> 10((1e-05 2.30548e-05 -0) (1e-05 6.25891e-05 -0) (1e-05 0.000119983 -0) (1e-05 0.000193736 -0) (1e-05 0.000271219 -0) (1e-05 0.000348222 -0) (1e-05 0.000412067 -0) (1e-05 0.000466853 -0) (1e-05 0.000509546 -0) (1e-05 0.000537784 -0));
    }
    inlet2
    {
        type            extrapolatedCalculated;
        value           nonuniform List<vector> 10((-0 8.06823e-05 -0) (-0 7.7636e-05 -0) (-0 6.94537e-05 -0) (-0 6.40334e-05 -0) (-0 5.05651e-05 -0) (-0 3.68492e-05 -0) (-0 4.43545e-06 -0) (-0 -1.40599e-05 -0) (-0 -2.82305e-05 -0) (-0 -4.85639e-05 -0));
    }
    inlet3
    {
        type            extrapolatedCalculated;
        value           nonuniform List<vector> 10((9.13394e-05 -6.8898e-05 -0) (9.13394e-05 -5.86434e-05 -0) (9.13394e-05 -5.14884e-05 -0) (9.13394e-05 -4.62485e-05 -0) (9.13394e-05 -4.13538e-05 -0) (9.13394e-05 -3.58655e-05 -0) (9.13394e-05 -2.92953e-05 -0) (9.13394e-05 -2.16655e-05 -0) (9.13394e-05 -1.32799e-05 -0) (9.13394e-05 -4.47216e-06 -0));
    }
    output1
    {
        type            extrapolatedCalculated;
        value           nonuniform List<vector> 10((-0 3.56182e-08 -0) (-0 1.08014e-07 -0) (-0 1.84051e-07 -0) (-0 2.66774e-07 -0) (-0 3.60399e-07 -0) (-0 4.71465e-07 -0) (-0 6.1131e-07 -0) (-0 8.02125e-07 -0) (-0 1.09362e-06 -0) (-0 1.61453e-06 -0));
    }
    output2
    {
        type            extrapolatedCalculated;
        value           nonuniform List<vector> 10((2.99182e-06 1.25359e-06 -0) (1.88911e-06 3.71415e-07 -0) (1.50616e-06 1.3551e-07 -0) (1.34707e-06 5.67287e-08 -0) (1.27925e-06 2.06397e-08 -0) (1.15459e-06 2.74303e-09 -0) (0.000180086 -2.16237e-06 -0) (0.000322602 -1.23548e-05 -0) (0.000303719 -2.86338e-05 -0) (0.00019682 -5.67317e-05 -0));
    }
    output3
    {
        type            extrapolatedCalculated;
        value           nonuniform List<vector> 10((-0 -3.42936e-06 -0) (-0 -9.12642e-07 -0) (-0 -1.133e-06 -0) (-0 -8.75542e-07 -0) (-0 -6.71815e-07 -0) (-0 -5.08899e-07 -0) (-0 -3.73649e-07 -0) (-0 -2.56266e-07 -0) (-0 -1.49837e-07 -0) (-0 -4.93224e-08 -0));
    }
    up
    {
        type            extrapolatedCalculated;
        value           nonuniform List<vector> 
30
(
(8.72943e-05 -0 -0)
(7.68043e-05 -0 -0)
(6.72216e-05 -0 -0)
(5.18968e-05 -0 -0)
(3.83025e-05 -0 -0)
(1.07616e-05 -0 -0)
(1.68916e-07 -0 -0)
(4.94071e-07 -0 -0)
(6.10153e-07 -0 -0)
(6.5478e-07 -0 -0)
(6.77703e-07 -0 -0)
(6.92573e-07 -0 -0)
(7.02444e-07 -0 -0)
(7.08365e-07 -0 -0)
(7.10979e-07 -0 -0)
(7.10612e-07 -0 -0)
(7.06826e-07 -0 -0)
(6.98554e-07 -0 -0)
(6.84733e-07 -0 -0)
(6.64699e-07 -0 -0)
(6.38126e-07 -0 -0)
(6.04804e-07 -0 -0)
(5.64449e-07 -0 -0)
(5.16591e-07 -0 -0)
(4.60565e-07 -0 -0)
(3.95611e-07 -0 -0)
(3.21208e-07 -0 -0)
(2.37579e-07 -0 -0)
(1.46098e-07 -0 -0)
(4.93224e-08 -0 -0)
)
;
    }
    down
    {
        type            extrapolatedCalculated;
        value           nonuniform List<vector> 
30
(
(1.91158e-06 -0 -0)
(9.16369e-07 -0 -0)
(1.03774e-06 -0 -0)
(2.58637e-07 -0 -0)
(6.01898e-07 -0 -0)
(5.58453e-07 -0 -0)
(5.53254e-07 -0 -0)
(5.50068e-07 -0 -0)
(5.47983e-07 -0 -0)
(5.4663e-07 -0 -0)
(5.45677e-07 -0 -0)
(5.44761e-07 -0 -0)
(5.43499e-07 -0 -0)
(5.41498e-07 -0 -0)
(5.38364e-07 -0 -0)
(5.33687e-07 -0 -0)
(5.27037e-07 -0 -0)
(5.17949e-07 -0 -0)
(5.05918e-07 -0 -0)
(4.90392e-07 -0 -0)
(4.70771e-07 -0 -0)
(4.46419e-07 -0 -0)
(4.16693e-07 -0 -0)
(3.80985e-07 -0 -0)
(3.38801e-07 -0 -0)
(2.89862e-07 -0 -0)
(2.34237e-07 -0 -0)
(1.72474e-07 -0 -0)
(1.057e-07 -0 -0)
(3.56193e-08 -0 -0)
)
;
    }
    emptyWalls
    {
        type            empty;
    }
}


// ************************************************************************* //
