/*--------------------------------*- C++ -*----------------------------------*\
  =========                 |
  \\      /  F ield         | OpenFOAM: The Open Source CFD Toolbox
   \\    /   O peration     | Website:  https://openfoam.org
    \\  /    A nd           | Version:  9
     \\/     M anipulation  |
\*---------------------------------------------------------------------------*/
FoamFile
{
    format      ascii;
    class       volVectorField;
    location    "11500";
    object      ut;
}
// * * * * * * * * * * * * * * * * * * * * * * * * * * * * * * * * * * * * * //

dimensions      [0 1 -1 0 0 0 0];

internalField   nonuniform List<vector> 
100
(
(9.99993e-06 -0 -0)
(9.99758e-06 -0 -0)
(9.99327e-06 -0 -0)
(9.98738e-06 -0 -0)
(9.98055e-06 -0 -0)
(9.97344e-06 -0 -0)
(9.96693e-06 -0 -0)
(9.96182e-06 -0 -0)
(9.95872e-06 -0 -0)
(9.95794e-06 -0 -0)
(9.95934e-06 -0 -0)
(9.96251e-06 -0 -0)
(9.96681e-06 -0 -0)
(9.97165e-06 -0 -0)
(9.97647e-06 -0 -0)
(9.98091e-06 -0 -0)
(9.98478e-06 -0 -0)
(9.98801e-06 -0 -0)
(9.99064e-06 -0 -0)
(9.9927e-06 -0 -0)
(9.9943e-06 -0 -0)
(9.99551e-06 -0 -0)
(9.99644e-06 -0 -0)
(9.99714e-06 -0 -0)
(9.99764e-06 -0 -0)
(9.99804e-06 -0 -0)
(9.99831e-06 -0 -0)
(9.99856e-06 -0 -0)
(9.99871e-06 -0 -0)
(9.99886e-06 -0 -0)
(9.99896e-06 -0 -0)
(9.99903e-06 -0 -0)
(9.99913e-06 -0 -0)
(9.99915e-06 -0 -0)
(9.99925e-06 -0 -0)
(9.99925e-06 -0 -0)
(9.99933e-06 -0 -0)
(9.99934e-06 -0 -0)
(9.99939e-06 -0 -0)
(9.99943e-06 -0 -0)
(9.99941e-06 -0 -0)
(9.99952e-06 -0 -0)
(9.99944e-06 -0 -0)
(9.99959e-06 -0 -0)
(9.99949e-06 -0 -0)
(9.99962e-06 -0 -0)
(9.99958e-06 -0 -0)
(9.99959e-06 -0 -0)
(9.99972e-06 -0 -0)
(9.99952e-06 -0 -0)
(9.99987e-06 -0 -0)
(9.99948e-06 -0 -0)
(9.99995e-06 -0 -0)
(9.99955e-06 -0 -0)
(9.99988e-06 -0 -0)
(9.99981e-06 -0 -0)
(9.99961e-06 -0 -0)
(1.00003e-05 -0 -0)
(9.99922e-06 -0 -0)
(1.00007e-05 -0 -0)
(9.99896e-06 -0 -0)
(1.00009e-05 -0 -0)
(9.99923e-06 -0 -0)
(1.00003e-05 -0 -0)
(1.00004e-05 -0 -0)
(9.99882e-06 -0 -0)
(1.00025e-05 -0 -0)
(9.99667e-06 -0 -0)
(1.00048e-05 -0 -0)
(9.9952e-06 -0 -0)
(1.00055e-05 -0 -0)
(9.99671e-06 -0 -0)
(1.0002e-05 -0 -0)
(1.00038e-05 -0 -0)
(9.9923e-06 -0 -0)
(1.00173e-05 -0 -0)
(9.97767e-06 -0 -0)
(1.00334e-05 -0 -0)
(9.96591e-06 -0 -0)
(1.00401e-05 -0 -0)
(9.97412e-06 -0 -0)
(1.00168e-05 -0 -0)
(1.00272e-05 -0 -0)
(9.93937e-06 -0 -0)
(1.01477e-05 -0 -0)
(9.79909e-06 -0 -0)
(1.03333e-05 -0 -0)
(9.63533e-06 -0 -0)
(1.05285e-05 -0 -0)
(9.61179e-06 -0 -0)
(1.05492e-05 -0 -0)
(1.03091e-05 -0 -0)
(9.75139e-06 -0 -0)
(1.42572e-05 -0 -0)
(4.48874e-06 -0 -0)
(1.05719e-05 -0 -0)
(1e-05 -0 -0)
(1e-05 -0 -0)
(1e-05 -0 -0)
(1e-05 -0 -0)
)
;

boundaryField
{
    left
    {
        type            extrapolatedCalculated;
        value           uniform (1e-05 -0 -0);
    }
    right
    {
        type            extrapolatedCalculated;
        value           uniform (1e-05 -0 -0);
    }
    emptyFaces1D
    {
        type            empty;
    }
}


// ************************************************************************* //
