/*--------------------------------*- C++ -*----------------------------------*\
  =========                 |
  \\      /  F ield         | OpenFOAM: The Open Source CFD Toolbox
   \\    /   O peration     | Website:  https://openfoam.org
    \\  /    A nd           | Version:  9
     \\/     M anipulation  |
\*---------------------------------------------------------------------------*/
FoamFile
{
    format      ascii;
    class       volScalarField;
    location    "2000";
    object      p;
}
// * * * * * * * * * * * * * * * * * * * * * * * * * * * * * * * * * * * * * //

dimensions      [0 0 0 0 0 0 0];

internalField   nonuniform List<scalar> 
900
(
1.82487e+09
1.8248e+09
1.8246e+09
1.8156e+09
1.77947e+09
1.74607e+09
1.71364e+09
1.68132e+09
1.64862e+09
1.61522e+09
1.58092e+09
1.54555e+09
1.50903e+09
1.47129e+09
1.43234e+09
1.39224e+09
1.35109e+09
1.30908e+09
1.26649e+09
1.22366e+09
1.18104e+09
1.13919e+09
1.09876e+09
1.0605e+09
1.02524e+09
9.93891e+08
9.67357e+08
9.46518e+08
9.32141e+08
9.24799e+08
1.82489e+09
1.82482e+09
1.82465e+09
1.80877e+09
1.77678e+09
1.74511e+09
1.71353e+09
1.6817e+09
1.64931e+09
1.61613e+09
1.58198e+09
1.54671e+09
1.51024e+09
1.4725e+09
1.4335e+09
1.39328e+09
1.35194e+09
1.30967e+09
1.26672e+09
1.22344e+09
1.18028e+09
1.13777e+09
1.09659e+09
1.05749e+09
1.02134e+09
9.89074e+08
9.61662e+08
9.40057e+08
9.25107e+08
9.17457e+08
1.82491e+09
1.82485e+09
1.8247e+09
1.80257e+09
1.77377e+09
1.74405e+09
1.71368e+09
1.68263e+09
1.65079e+09
1.61801e+09
1.58415e+09
1.54908e+09
1.51271e+09
1.47498e+09
1.43588e+09
1.39544e+09
1.35374e+09
1.31094e+09
1.26729e+09
1.22312e+09
1.17885e+09
1.13504e+09
1.09234e+09
1.05154e+09
1.01356e+09
9.794e+08
9.50159e+08
9.26943e+08
9.10775e+08
9.02464e+08
1.82494e+09
1.82488e+09
1.82473e+09
1.79822e+09
1.7717e+09
1.74365e+09
1.71449e+09
1.68436e+09
1.65322e+09
1.62098e+09
1.58752e+09
1.55274e+09
1.51654e+09
1.47884e+09
1.43961e+09
1.39885e+09
1.35663e+09
1.31307e+09
1.26838e+09
1.22288e+09
1.17697e+09
1.13119e+09
1.08619e+09
1.04278e+09
1.00195e+09
9.64809e+08
9.32634e+08
9.06782e+08
8.88586e+08
8.79162e+08
1.82497e+09
1.82491e+09
1.82473e+09
1.7965e+09
1.77116e+09
1.74434e+09
1.71629e+09
1.6871e+09
1.65675e+09
1.62516e+09
1.59222e+09
1.55783e+09
1.52186e+09
1.48423e+09
1.44486e+09
1.40373e+09
1.36085e+09
1.31632e+09
1.2703e+09
1.22306e+09
1.17497e+09
1.12655e+09
1.07843e+09
1.03146e+09
9.86648e+08
9.45255e+08
9.08785e+08
8.78965e+08
8.57628e+08
8.46436e+08
1.82501e+09
1.82493e+09
1.8247e+09
1.79681e+09
1.77211e+09
1.74625e+09
1.71922e+09
1.691e+09
1.66152e+09
1.63069e+09
1.59839e+09
1.56449e+09
1.52886e+09
1.49136e+09
1.45188e+09
1.41035e+09
1.36673e+09
1.32105e+09
1.27343e+09
1.22408e+09
1.17331e+09
1.1216e+09
1.06955e+09
1.01797e+09
9.67928e+08
9.2078e+08
8.78288e+08
8.42667e+08
8.16525e+08
8.0252e+08
1.82506e+09
1.82496e+09
1.82463e+09
1.79824e+09
1.77422e+09
1.74934e+09
1.72336e+09
1.69616e+09
1.66764e+09
1.63768e+09
1.60615e+09
1.57288e+09
1.53771e+09
1.50046e+09
1.46095e+09
1.41906e+09
1.37466e+09
1.32773e+09
1.2783e+09
1.22651e+09
1.17261e+09
1.11698e+09
1.06018e+09
1.00296e+09
9.46312e+08
8.91649e+08
8.40923e+08
7.96889e+08
7.63287e+08
7.446e+08
1.82512e+09
1.82499e+09
1.82433e+09
1.80009e+09
1.77718e+09
1.75351e+09
1.72871e+09
1.70264e+09
1.67519e+09
1.64624e+09
1.61564e+09
1.58318e+09
1.54865e+09
1.51181e+09
1.47242e+09
1.43026e+09
1.38514e+09
1.33691e+09
1.28554e+09
1.23105e+09
1.17363e+09
1.11355e+09
1.05125e+09
9.87356e+08
9.22717e+08
8.58581e+08
7.96866e+08
7.40682e+08
6.95133e+08
6.67992e+08
1.82519e+09
1.82504e+09
1.82163e+09
1.80162e+09
1.7809e+09
1.75883e+09
1.73534e+09
1.71049e+09
1.68424e+09
1.65647e+09
1.62699e+09
1.59556e+09
1.56191e+09
1.52572e+09
1.48667e+09
1.44443e+09
1.39871e+09
1.34925e+09
1.29588e+09
1.23854e+09
1.1773e+09
1.11232e+09
1.04392e+09
9.72499e+08
8.98619e+08
8.23091e+08
7.47277e+08
6.73841e+08
6.08572e+08
5.64243e+08
1.82526e+09
1.8252e+09
1.81813e+09
1.80393e+09
1.78599e+09
1.76554e+09
1.74335e+09
1.71975e+09
1.69481e+09
1.66839e+09
1.64028e+09
1.61016e+09
1.5777e+09
1.54248e+09
1.50409e+09
1.46208e+09
1.41601e+09
1.36549e+09
1.3102e+09
1.24994e+09
1.18469e+09
1.11452e+09
1.0396e+09
9.601e+08
8.7617e+08
7.87887e+08
6.95307e+08
5.9883e+08
5.01071e+08
4.16162e+08
1.82528e+09
1.82526e+09
1.82113e+09
1.80998e+09
1.79358e+09
1.77399e+09
1.75275e+09
1.73036e+09
1.70685e+09
1.68202e+09
1.65557e+09
1.62712e+09
1.59624e+09
1.56243e+09
1.52514e+09
1.4838e+09
1.43778e+09
1.3865e+09
1.32947e+09
1.26634e+09
1.19701e+09
1.12148e+09
1.03986e+09
9.52132e+08
8.58071e+08
7.56977e+08
6.47235e+08
5.25099e+08
3.80718e+08
1.83171e+08
1.82531e+09
1.82528e+09
1.82518e+09
1.8213e+09
1.80435e+09
1.7841e+09
1.76329e+09
1.7421e+09
1.72022e+09
1.69727e+09
1.67285e+09
1.6465e+09
1.6177e+09
1.58584e+09
1.55026e+09
1.51018e+09
1.4648e+09
1.41327e+09
1.35483e+09
1.28896e+09
1.2155e+09
1.13454e+09
1.04621e+09
9.505e+08
8.47006e+08
7.34713e+08
6.11558e+08
4.73611e+08
3.13532e+08
1.18974e+08
1.82536e+09
1.82533e+09
1.82524e+09
1.82501e+09
1.81847e+09
1.79476e+09
1.77423e+09
1.75452e+09
1.73464e+09
1.714e+09
1.69207e+09
1.66835e+09
1.64222e+09
1.61299e+09
1.57986e+09
1.54188e+09
1.49798e+09
1.44694e+09
1.38761e+09
1.31917e+09
1.24151e+09
1.15497e+09
1.05996e+09
9.56647e+08
8.4474e+08
7.23312e+08
5.90671e+08
4.44256e+08
2.80825e+08
9.81704e+07
1.82542e+09
1.82539e+09
1.82533e+09
1.82521e+09
1.82499e+09
1.80225e+09
1.78435e+09
1.7671e+09
1.74984e+09
1.73201e+09
1.7131e+09
1.69259e+09
1.66983e+09
1.64405e+09
1.6143e+09
1.5795e+09
1.53828e+09
1.48891e+09
1.42949e+09
1.3586e+09
1.2764e+09
1.18386e+09
1.082e+09
9.71391e+08
8.51996e+08
7.2312e+08
5.83559e+08
4.31919e+08
2.67344e+08
9.10555e+07
1.8255e+09
1.82547e+09
1.82541e+09
1.82532e+09
1.82519e+09
1.8085e+09
1.79381e+09
1.7797e+09
1.76561e+09
1.75108e+09
1.73573e+09
1.71907e+09
1.70048e+09
1.67906e+09
1.65379e+09
1.62354e+09
1.58674e+09
1.54094e+09
1.48284e+09
1.40934e+09
1.32163e+09
1.22208e+09
1.11277e+09
9.94922e+08
8.68732e+08
7.33611e+08
5.88521e+08
4.32519e+08
2.65581e+08
8.97662e+07
1.82559e+09
1.82556e+09
1.82549e+09
1.8254e+09
1.82528e+09
1.81318e+09
1.80269e+09
1.79229e+09
1.7818e+09
1.77099e+09
1.75966e+09
1.74749e+09
1.73397e+09
1.71792e+09
1.69827e+09
1.67412e+09
1.6442e+09
1.60526e+09
1.55161e+09
1.47428e+09
1.37871e+09
1.27004e+09
1.1521e+09
1.02679e+09
8.94397e+08
7.54066e+08
6.04393e+08
4.44053e+08
2.72697e+08
9.21968e+07
1.82572e+09
1.82566e+09
1.82555e+09
1.82541e+09
1.82524e+09
1.81804e+09
1.81148e+09
1.80498e+09
1.79831e+09
1.79144e+09
1.78441e+09
1.77727e+09
1.76998e+09
1.76039e+09
1.74724e+09
1.73049e+09
1.71067e+09
1.68429e+09
1.64405e+09
1.55747e+09
1.44887e+09
1.32728e+09
1.19878e+09
1.06575e+09
9.28001e+08
7.83862e+08
6.30928e+08
4.66606e+08
2.88958e+08
9.8523e+07
1.82592e+09
1.82583e+09
1.82563e+09
1.82537e+09
1.82503e+09
1.82426e+09
1.82194e+09
1.82017e+09
1.81825e+09
1.81616e+09
1.81394e+09
1.81167e+09
1.80929e+09
1.80691e+09
1.80436e+09
1.80179e+09
1.79895e+09
1.796e+09
1.79227e+09
1.66269e+09
1.53202e+09
1.39144e+09
1.24998e+09
1.10944e+09
9.67998e+08
8.2245e+08
6.68852e+08
5.02486e+08
3.18007e+08
1.11462e+08
1.82622e+09
1.82607e+09
1.82579e+09
1.82537e+09
1.82474e+09
1.82364e+09
1.82204e+09
1.8203e+09
1.81841e+09
1.81635e+09
1.81417e+09
1.81194e+09
1.80965e+09
1.80731e+09
1.80484e+09
1.80227e+09
1.79961e+09
1.79683e+09
1.79434e+09
1.79191e+09
1.62506e+09
1.45648e+09
1.30024e+09
1.15403e+09
1.0121e+09
8.69087e+08
7.19542e+08
5.56478e+08
3.69126e+08
1.40782e+08
1.82665e+09
1.82642e+09
1.82603e+09
1.82549e+09
1.82472e+09
1.82365e+09
1.82227e+09
1.82059e+09
1.81867e+09
1.81656e+09
1.81434e+09
1.81211e+09
1.80988e+09
1.80763e+09
1.80525e+09
1.80265e+09
1.79993e+09
1.79718e+09
1.79416e+09
1.78741e+09
1.73955e+09
1.50919e+09
1.34046e+09
1.19436e+09
1.05728e+09
9.22251e+08
7.83751e+08
6.34761e+08
4.61238e+08
2.23325e+08
1.82722e+09
1.82682e+09
1.82635e+09
1.82576e+09
1.82497e+09
1.82396e+09
1.82267e+09
1.82104e+09
1.81904e+09
1.81677e+09
1.81445e+09
1.81219e+09
1.81001e+09
1.80791e+09
1.80573e+09
1.80308e+09
1.7999e+09
1.79672e+09
1.79377e+09
1.79024e+09
1.65764e+09
1.5019e+09
1.35807e+09
1.22565e+09
1.10042e+09
9.78882e+08
8.58451e+08
7.37578e+08
6.17743e+08
5.14604e+08
1.82773e+09
1.82726e+09
1.82676e+09
1.82617e+09
1.82542e+09
1.82449e+09
1.82325e+09
1.82167e+09
1.8196e+09
1.81694e+09
1.81446e+09
1.81216e+09
1.80995e+09
1.80802e+09
1.80627e+09
1.8043e+09
1.79931e+09
1.7957e+09
1.79159e+09
1.70198e+09
1.60012e+09
1.48269e+09
1.36426e+09
1.24974e+09
1.13987e+09
1.0344e+09
9.33596e+08
8.39357e+08
7.57555e+08
7.02745e+08
1.82822e+09
1.82773e+09
1.82724e+09
1.82669e+09
1.82604e+09
1.82521e+09
1.824e+09
1.82245e+09
1.82104e+09
1.81685e+09
1.81431e+09
1.81196e+09
1.80967e+09
1.80771e+09
1.80509e+09
1.77769e+09
1.7567e+09
1.73384e+09
1.70108e+09
1.63961e+09
1.55816e+09
1.46448e+09
1.36656e+09
1.2692e+09
1.1749e+09
1.08527e+09
1.00217e+09
9.287e+08
8.70375e+08
8.36075e+08
1.82867e+09
1.8282e+09
1.82774e+09
1.82725e+09
1.82672e+09
1.82607e+09
1.82517e+09
1.82253e+09
1.81577e+09
1.80969e+09
1.8038e+09
1.79761e+09
1.79067e+09
1.78225e+09
1.77006e+09
1.7483e+09
1.72309e+09
1.69267e+09
1.65264e+09
1.59722e+09
1.52843e+09
1.45052e+09
1.36828e+09
1.28558e+09
1.20525e+09
1.12962e+09
1.06112e+09
1.0029e+09
9.59171e+08
9.35105e+08
1.8291e+09
1.82865e+09
1.82823e+09
1.82783e+09
1.82741e+09
1.82692e+09
1.82651e+09
1.81847e+09
1.81074e+09
1.80291e+09
1.79465e+09
1.7855e+09
1.77488e+09
1.76188e+09
1.745e+09
1.72235e+09
1.69469e+09
1.66111e+09
1.61957e+09
1.56821e+09
1.50783e+09
1.44088e+09
1.37047e+09
1.2996e+09
1.23091e+09
1.16682e+09
1.1098e+09
1.06259e+09
1.02831e+09
1.01007e+09
1.82949e+09
1.82907e+09
1.82869e+09
1.82836e+09
1.82806e+09
1.82774e+09
1.82175e+09
1.81429e+09
1.80581e+09
1.79656e+09
1.78637e+09
1.77486e+09
1.76146e+09
1.7454e+09
1.72571e+09
1.70142e+09
1.67223e+09
1.63749e+09
1.59634e+09
1.54822e+09
1.49379e+09
1.43469e+09
1.37312e+09
1.31145e+09
1.25198e+09
1.19697e+09
1.14866e+09
1.10937e+09
1.0814e+09
1.06678e+09
1.82983e+09
1.82942e+09
1.82909e+09
1.82882e+09
1.82862e+09
1.82857e+09
1.81959e+09
1.81111e+09
1.80164e+09
1.79115e+09
1.77943e+09
1.76611e+09
1.75069e+09
1.73255e+09
1.711e+09
1.6854e+09
1.6553e+09
1.6203e+09
1.58005e+09
1.53455e+09
1.48443e+09
1.43097e+09
1.37588e+09
1.32108e+09
1.26859e+09
1.2204e+09
1.1785e+09
1.14482e+09
1.12114e+09
1.10889e+09
1.8301e+09
1.82971e+09
1.8294e+09
1.82916e+09
1.82901e+09
1.82894e+09
1.81847e+09
1.80894e+09
1.7985e+09
1.78698e+09
1.77409e+09
1.75946e+09
1.74265e+09
1.72312e+09
1.70035e+09
1.67386e+09
1.64328e+09
1.60836e+09
1.56902e+09
1.52549e+09
1.47842e+09
1.42889e+09
1.37834e+09
1.32842e+09
1.28089e+09
1.23754e+09
1.20013e+09
1.17028e+09
1.14945e+09
1.13873e+09
1.83029e+09
1.8299e+09
1.82961e+09
1.82939e+09
1.82926e+09
1.82918e+09
1.81825e+09
1.80767e+09
1.79644e+09
1.78416e+09
1.77048e+09
1.75501e+09
1.73731e+09
1.71693e+09
1.69343e+09
1.66641e+09
1.6356e+09
1.60084e+09
1.56219e+09
1.51997e+09
1.47485e+09
1.42782e+09
1.38016e+09
1.33336e+09
1.28902e+09
1.24876e+09
1.21417e+09
1.18672e+09
1.16764e+09
1.15786e+09
1.83038e+09
1.83001e+09
1.82972e+09
1.82951e+09
1.82937e+09
1.82929e+09
1.8181e+09
1.80706e+09
1.79542e+09
1.78275e+09
1.76867e+09
1.75278e+09
1.73465e+09
1.71387e+09
1.69002e+09
1.66276e+09
1.63185e+09
1.5972e+09
1.55892e+09
1.51736e+09
1.4732e+09
1.42739e+09
1.38113e+09
1.33585e+09
1.29306e+09
1.2543e+09
1.22109e+09
1.19478e+09
1.17654e+09
1.1672e+09
)
;

boundaryField
{
    inlet1
    {
        type            fixedGradient;
        gradient        uniform 20000;
    }
    inlet2
    {
        type            zeroGradient;
    }
    inlet3
    {
        type            fixedGradient;
        gradient        uniform 4.68141e+06;
    }
    output1
    {
        type            zeroGradient;
    }
    output2
    {
        type            fixedValue;
        value           uniform 0;
    }
    output3
    {
        type            zeroGradient;
    }
    up
    {
        type            zeroGradient;
    }
    down
    {
        type            zeroGradient;
    }
    emptyWalls
    {
        type            empty;
    }
}


// ************************************************************************* //
