/*--------------------------------*- C++ -*----------------------------------*\
  =========                 |
  \\      /  F ield         | OpenFOAM: The Open Source CFD Toolbox
   \\    /   O peration     | Website:  https://openfoam.org
    \\  /    A nd           | Version:  9
     \\/     M anipulation  |
\*---------------------------------------------------------------------------*/
FoamFile
{
    format      ascii;
    class       surfaceScalarField;
    location    "2000";
    object      phi;
}
// * * * * * * * * * * * * * * * * * * * * * * * * * * * * * * * * * * * * * //

dimensions      [0 3 -1 0 0 0 0];

internalField   nonuniform List<scalar> 
1740
(
1.54781e-07
-3.16411e-08
1.95344e-07
-2.95569e-08
1.25515e-07
-7.05211e-10
1.16407e-07
2.01535e-08
1.37563e-07
8.51747e-09
1.32709e-07
3.03224e-09
1.31893e-07
7.2907e-11
1.33259e-07
-1.72269e-09
1.35979e-07
-2.91841e-09
1.39609e-07
-3.76147e-09
1.43866e-07
-4.36146e-09
1.4853e-07
-4.76234e-09
1.53402e-07
-4.97368e-09
1.58275e-07
-4.98532e-09
1.62922e-07
-4.77486e-09
1.6709e-07
-4.31213e-09
1.70489e-07
-3.56235e-09
1.72797e-07
-2.4889e-09
1.73656e-07
-1.0561e-09
1.72681e-07
7.67475e-10
1.69465e-07
3.00472e-09
1.63598e-07
5.66407e-09
1.54691e-07
8.73095e-09
1.42409e-07
1.21562e-08
1.26525e-07
1.58416e-08
1.06976e-07
1.96241e-08
8.39348e-08
2.32662e-08
5.78632e-08
2.64607e-08
2.95359e-08
2.88632e-08
3.01602e-08
1.23402e-07
-5.35191e-08
1.36347e-07
-4.25466e-08
9.67484e-08
-4.15942e-10
1.1332e-07
2.3948e-08
1.28979e-07
1.0942e-08
1.28721e-07
3.53764e-09
1.29712e-07
-1.01718e-09
1.31905e-07
-4.04454e-09
1.35068e-07
-6.18952e-09
1.38982e-07
-7.76652e-09
1.43458e-07
-8.92251e-09
1.48323e-07
-9.71445e-09
1.53401e-07
-1.01472e-08
1.585e-07
-1.01929e-08
1.63402e-07
-9.80229e-09
1.67858e-07
-8.91183e-09
1.7158e-07
-7.44911e-09
1.74245e-07
-5.33803e-09
1.75491e-07
-2.50395e-09
1.74921e-07
1.12026e-09
1.72116e-07
5.58633e-09
1.66639e-07
1.09196e-08
1.58065e-07
1.71025e-08
1.46012e-07
2.40514e-08
1.3019e-07
3.15849e-08
1.10469e-07
3.93875e-08
8.69652e-08
4.69792e-08
6.0119e-08
5.37125e-08
3.07444e-08
5.8831e-08
6.16173e-08
1.12639e-07
-6.9045e-08
1.08929e-07
-4.14281e-08
8.42413e-08
-1.4509e-10
1.11219e-07
1.68811e-08
1.20551e-07
7.81121e-09
1.23497e-07
1.19367e-09
1.26328e-07
-3.63394e-09
1.29582e-07
-7.24865e-09
1.33407e-07
-1.00291e-08
1.37792e-07
-1.21931e-08
1.42661e-07
-1.38479e-08
1.47902e-07
-1.50259e-08
1.53379e-07
-1.57076e-08
1.58922e-07
-1.58366e-08
1.64328e-07
-1.53296e-08
1.69358e-07
-1.40839e-08
1.73728e-07
-1.19845e-08
1.77112e-07
-8.91046e-09
1.79139e-07
-4.74226e-09
1.79398e-07
6.30792e-10
1.77437e-07
7.30036e-09
1.72776e-07
1.53249e-08
1.64919e-07
2.47076e-08
1.53385e-07
3.53615e-08
1.37753e-07
4.70585e-08
1.17745e-07
5.93612e-08
9.33381e-08
7.15497e-08
6.49038e-08
8.25783e-08
3.33238e-08
9.113e-08
9.58602e-08
1.03498e-07
-7.67105e-08
8.89817e-08
-3.29511e-08
7.56464e-08
-4.85451e-12
1.0936e-07
7.6072e-09
1.13609e-07
2.23944e-09
1.18392e-07
-2.93949e-09
1.22522e-07
-7.46342e-09
1.26687e-07
-1.12875e-08
1.31185e-07
-1.44854e-08
1.36118e-07
-1.71291e-08
1.4149e-07
-1.92501e-08
1.47248e-07
-2.08334e-08
1.5329e-07
-2.18206e-08
1.59479e-07
-2.21164e-08
1.65631e-07
-2.15956e-08
1.71517e-07
-2.01097e-08
1.76861e-07
-1.74943e-08
1.81334e-07
-1.35771e-08
1.84556e-07
-8.18538e-09
1.86094e-07
-1.15516e-09
1.85459e-07
7.65942e-09
1.82109e-07
1.83721e-08
1.75451e-07
3.10413e-08
1.64855e-07
4.56282e-08
1.49692e-07
6.19261e-08
1.2942e-07
7.94485e-08
1.03739e-07
9.72796e-08
7.28349e-08
1.1392e-07
3.76476e-08
1.2725e-07
1.34833e-07
9.96035e-08
-7.90252e-08
8.30053e-08
-2.48872e-08
7.32714e-08
8.78598e-11
1.07458e-07
-3.21551e-10
1.08786e-07
-3.51713e-09
1.13939e-07
-7.72737e-09
1.1868e-07
-1.19929e-08
1.2346e-07
-1.59527e-08
1.28527e-07
-1.9496e-08
1.34004e-07
-2.25873e-08
1.39936e-07
-2.51898e-08
1.46307e-07
-2.72369e-08
1.53056e-07
-2.8625e-08
1.60073e-07
-2.92131e-08
1.67198e-07
-2.88269e-08
1.74217e-07
-2.72651e-08
1.80863e-07
-2.43062e-08
1.86806e-07
-1.97182e-08
1.91657e-07
-1.32671e-08
1.94962e-07
-4.72546e-09
1.96195e-07
6.12047e-09
1.9475e-07
1.9463e-08
1.89921e-07
3.54574e-08
1.80893e-07
5.41843e-08
1.66741e-07
7.55692e-08
1.46503e-07
9.92273e-08
1.19362e-07
1.24199e-07
8.505e-08
1.48574e-07
4.44326e-08
1.69115e-07
1.81388e-07
9.96484e-08
-8.08531e-08
8.33049e-08
-1.84314e-08
7.31571e-08
3.6804e-10
1.04829e-07
-5.10233e-09
1.05125e-07
-8.25796e-09
1.09899e-07
-1.24598e-08
1.148e-07
-1.68283e-08
1.19946e-07
-2.10344e-08
1.25459e-07
-2.49584e-08
1.31437e-07
-2.85339e-08
1.37941e-07
-3.16842e-08
1.44989e-07
-3.42994e-08
1.52555e-07
-3.62297e-08
1.60559e-07
-3.72844e-08
1.68869e-07
-3.72344e-08
1.77291e-07
-3.58178e-08
1.85567e-07
-3.27476e-08
1.9337e-07
-2.77226e-08
2.00305e-07
-2.04392e-08
2.05902e-07
-1.05997e-08
2.0961e-07
2.08546e-09
2.10773e-07
1.7903e-08
2.08591e-07
3.71421e-08
2.02053e-07
6.00836e-08
1.89878e-07
8.69404e-08
1.70487e-07
1.17693e-07
1.42157e-07
1.51718e-07
1.03571e-07
1.8706e-07
5.50341e-08
2.19249e-07
2.40218e-07
1.00717e-07
-8.31353e-08
8.39938e-08
-1.41715e-08
7.26582e-08
3.1007e-09
1.00941e-07
-6.77875e-09
1.01389e-07
-1.19523e-08
1.05731e-07
-1.70256e-08
1.10674e-07
-2.18262e-08
1.16064e-07
-2.63981e-08
1.21925e-07
-3.07691e-08
1.28342e-07
-3.49053e-08
1.35401e-07
-3.87134e-08
1.43154e-07
-4.20468e-08
1.51614e-07
-4.47103e-08
1.60739e-07
-4.64608e-08
1.70428e-07
-4.70091e-08
1.80511e-07
-4.60246e-08
1.90743e-07
-4.31439e-08
2.00802e-07
-3.79854e-08
2.10289e-07
-3.0167e-08
2.1873e-07
-1.93188e-08
2.2557e-07
-5.08075e-09
2.30144e-07
1.29227e-08
2.31615e-07
3.51262e-08
2.2885e-07
6.20698e-08
2.20229e-07
9.4418e-08
2.03412e-07
1.32888e-07
1.75206e-07
1.77923e-07
1.32044e-07
2.28702e-07
7.2134e-08
2.80607e-07
3.20018e-07
1.04589e-07
-8.4889e-08
8.48109e-08
-8.89061e-09
7.11076e-08
9.06893e-09
9.52523e-08
-7.34123e-09
9.65937e-08
-1.57469e-08
1.00962e-07
-2.18643e-08
1.06101e-07
-2.70527e-08
1.11712e-07
-3.19627e-08
1.17835e-07
-3.68146e-08
1.24607e-07
-4.16052e-08
1.32165e-07
-4.62174e-08
1.40612e-07
-5.04646e-08
1.50008e-07
-5.41045e-08
1.60355e-07
-5.68399e-08
1.71592e-07
-5.83171e-08
1.8358e-07
-5.81278e-08
1.96091e-07
-5.58177e-08
2.08806e-07
-5.09075e-08
2.2132e-07
-4.29237e-08
2.33161e-07
-3.14266e-08
2.43795e-07
-1.60108e-08
2.52617e-07
3.74429e-09
2.58876e-07
2.83725e-08
2.61503e-07
5.86538e-08
2.58777e-07
9.57768e-08
2.47723e-07
1.41522e-07
2.23211e-07
1.98387e-07
1.77266e-07
2.6922e-07
1.01459e-07
3.54462e-07
4.39232e-07
8.51276e-08
-6.66868e-08
6.42735e-08
-2.64929e-09
6.5057e-08
6.77758e-09
8.48825e-08
-1.23943e-08
8.97991e-08
-2.18299e-08
9.54214e-08
-2.7632e-08
1.01057e-07
-3.25576e-08
1.06848e-07
-3.75858e-08
1.13097e-07
-4.29216e-08
1.20086e-07
-4.8484e-08
1.28038e-07
-5.40869e-08
1.37121e-07
-5.94903e-08
1.47449e-07
-6.44039e-08
1.59081e-07
-6.84776e-08
1.72006e-07
-7.12918e-08
1.86126e-07
-7.23514e-08
2.01235e-07
-7.10909e-08
2.1701e-07
-6.69022e-08
2.33026e-07
-5.91923e-08
2.48799e-07
-4.74514e-08
2.63833e-07
-3.12787e-08
2.77654e-07
-1.03057e-08
2.89769e-07
1.59674e-08
2.9951e-07
4.8398e-08
3.05653e-07
8.85154e-08
3.05494e-07
1.39039e-07
2.92649e-07
2.04886e-07
2.5235e-07
2.95331e-07
1.56437e-07
4.28794e-07
6.43218e-07
2.6477e-08
-3.06442e-08
3.01752e-08
-3.30855e-10
5.42717e-08
-6.65107e-09
7.1682e-08
-2.61503e-08
8.23546e-08
-3.15468e-08
8.98671e-08
-3.42763e-08
9.5858e-08
-3.79596e-08
1.01524e-07
-4.29012e-08
1.07618e-07
-4.88024e-08
1.14601e-07
-5.53227e-08
1.22781e-07
-6.21566e-08
1.32383e-07
-6.90063e-08
1.43585e-07
-7.55433e-08
1.56513e-07
-8.13746e-08
1.71226e-07
-8.60205e-08
1.87684e-07
-8.88942e-08
2.05713e-07
-8.92909e-08
2.24973e-07
-8.64166e-08
2.44977e-07
-7.94904e-08
2.65176e-07
-6.79067e-08
2.85086e-07
-5.1346e-08
3.04399e-07
-2.9655e-08
3.23036e-07
-2.59475e-09
3.41116e-07
3.04553e-08
3.58832e-07
7.08481e-08
3.75949e-07
1.21232e-07
3.89541e-07
1.86787e-07
3.83048e-07
2.78427e-07
2.71938e-07
4.22165e-07
6.89316e-07
5.94789e-09
-2.22511e-08
1.89185e-08
-1.53529e-08
4.35184e-08
-2.44669e-08
6.45729e-08
-3.29037e-08
7.80728e-08
-4.39611e-08
8.58345e-08
-3.99676e-08
9.09826e-08
-4.21032e-08
9.57732e-08
-4.72573e-08
1.0125e-07
-5.40642e-08
1.0792e-07
-6.18485e-08
1.16099e-07
-7.02106e-08
1.26045e-07
-7.88353e-08
1.37996e-07
-8.7388e-08
1.52161e-07
-9.54561e-08
1.687e-07
-1.0252e-07
1.87672e-07
-1.07912e-07
2.0896e-07
-1.10761e-07
2.32192e-07
-1.09982e-07
2.56734e-07
-1.04445e-07
2.81843e-07
-9.33386e-08
3.06934e-07
-7.65438e-08
3.31822e-07
-5.43743e-08
3.5686e-07
-2.71476e-08
3.83086e-07
5.1689e-09
4.1261e-07
4.31872e-08
4.49931e-07
8.82543e-08
5.06519e-07
1.42601e-07
6.18363e-07
2.09421e-07
9.20583e-07
2.92118e-07
3.88419e-07
3.76518e-08
-4.46359e-08
4.88896e-08
-3.79994e-08
3.78572e-08
-5.29365e-08
5.89336e-08
-5.04853e-08
7.95422e-08
-4.62204e-08
8.44163e-08
-3.95542e-08
8.64647e-08
-4.32295e-08
8.93345e-08
-4.99609e-08
9.36891e-08
-5.83489e-08
9.97294e-08
-6.77968e-08
1.07649e-07
-7.80021e-08
1.17703e-07
-8.87357e-08
1.30192e-07
-9.97164e-08
1.45436e-07
-1.10541e-07
1.63742e-07
-1.2069e-07
1.85345e-07
-1.29474e-07
2.10265e-07
-1.35857e-07
2.38101e-07
-1.38304e-07
2.67924e-07
-1.3497e-07
2.98528e-07
-1.2446e-07
3.28987e-07
-1.07117e-07
3.59093e-07
-8.41519e-08
3.89497e-07
-5.6791e-08
4.21759e-07
-2.58196e-08
4.58591e-07
8.47674e-09
5.04645e-07
4.59956e-08
5.68243e-07
8.59415e-08
6.63301e-07
1.24532e-07
7.99974e-07
1.48462e-07
1.1476e-07
3.34043e-08
-7.7736e-08
9.95519e-08
-7.94563e-08
1.36118e-07
-6.31228e-08
9.17667e-08
-1.03725e-07
7.56449e-08
-2.56046e-08
8.58535e-08
-3.24213e-08
8.11252e-08
-4.13001e-08
8.14108e-08
-5.10082e-08
8.44419e-08
-6.1574e-08
8.96589e-08
-7.29875e-08
9.70659e-08
-8.52651e-08
1.06927e-07
-9.83883e-08
1.19636e-07
-1.122e-07
1.3565e-07
-1.26299e-07
1.55487e-07
-1.40226e-07
1.79702e-07
-1.53436e-07
2.08654e-07
-1.64889e-07
2.42022e-07
-1.7241e-07
2.78332e-07
-1.72673e-07
3.15357e-07
-1.62414e-07
3.51393e-07
-1.43314e-07
3.86067e-07
-1.18324e-07
4.20277e-07
-9.00429e-08
4.55863e-07
-6.01307e-08
4.9535e-07
-2.94541e-08
5.41815e-07
1.31436e-09
5.98502e-07
3.06399e-08
6.66624e-07
5.42995e-08
7.36901e-07
6.24326e-08
3.69152e-08
4.76543e-08
-1.21026e-07
6.71752e-08
-1.16405e-07
1.04333e-07
-7.96907e-08
9.09211e-08
-1.15709e-07
5.72801e-08
-4.96461e-09
7.70242e-08
-2.50755e-08
7.07959e-08
-3.85419e-08
7.07415e-08
-5.1198e-08
7.30085e-08
-6.39512e-08
7.73985e-08
-7.73138e-08
8.40292e-08
-9.1682e-08
9.33028e-08
-1.07351e-07
1.05774e-07
-1.24398e-07
1.2204e-07
-1.42228e-07
1.42855e-07
-1.60481e-07
1.69319e-07
-1.79157e-07
2.02627e-07
-1.97854e-07
2.43002e-07
-2.13774e-07
2.88024e-07
-2.20899e-07
3.33175e-07
-2.09208e-07
3.75163e-07
-1.854e-07
4.13507e-07
-1.55787e-07
4.49681e-07
-1.24921e-07
4.86066e-07
-9.52027e-08
5.25131e-07
-6.74744e-08
5.68761e-07
-4.19172e-08
6.17317e-07
-1.89888e-08
6.67789e-07
-4.03389e-10
7.10663e-07
1.00529e-08
7.38133e-09
4.42541e-08
-1.7249e-07
7.91888e-08
-1.51628e-07
1.03045e-07
-1.01087e-07
7.19431e-08
-6.43836e-08
4.81137e-08
-3.23094e-10
6.1156e-08
-2.07925e-08
5.79332e-08
-3.65935e-08
5.77507e-08
-5.12909e-08
5.94521e-08
-6.57188e-08
6.28979e-08
-8.06345e-08
6.83501e-08
-9.67974e-08
7.64816e-08
-1.14939e-07
8.81176e-08
-1.35813e-07
1.03882e-07
-1.57737e-07
1.24574e-07
-1.80314e-07
1.52091e-07
-2.04857e-07
1.89534e-07
-2.33596e-07
2.39334e-07
-2.63934e-07
2.97587e-07
-2.87938e-07
3.54158e-07
-2.68116e-07
4.02578e-07
-2.33286e-07
4.43119e-07
-1.94504e-07
4.78876e-07
-1.58648e-07
5.1359e-07
-1.28286e-07
5.50349e-07
-1.03327e-07
5.90779e-07
-8.25199e-08
6.34205e-07
-6.4272e-08
6.76545e-07
-4.69746e-08
7.0948e-07
-2.91972e-08
-1.00595e-08
6.49586e-08
-2.42399e-07
1.03745e-07
-2.07264e-07
9.24193e-08
-9.70725e-08
4.64337e-08
-9.04445e-09
3.17036e-08
1.50599e-10
4.41875e-08
-2.09483e-08
4.24571e-08
-3.75204e-08
4.28765e-08
-5.4021e-08
4.41517e-08
-7.02757e-08
4.63911e-08
-8.69119e-08
4.99918e-08
-1.04652e-07
5.61561e-08
-1.24363e-07
6.63327e-08
-1.47177e-07
8.0796e-08
-1.73084e-07
9.94665e-08
-2.02789e-07
1.24938e-07
-2.38439e-07
1.64085e-07
-2.83226e-07
2.27212e-07
-3.39537e-07
3.08834e-07
-4.08416e-07
3.83293e-07
-3.4203e-07
4.37877e-07
-2.85121e-07
4.77518e-07
-2.30297e-07
5.09113e-07
-1.86883e-07
5.3907e-07
-1.55979e-07
5.71903e-07
-1.35036e-07
6.09798e-07
-1.20569e-07
6.52169e-07
-1.08608e-07
6.94695e-07
-9.40274e-08
7.28434e-07
-6.9807e-08
-2.84791e-08
1.00362e-07
-3.46916e-07
1.62477e-07
-2.75286e-07
1.68997e-07
-9.67331e-08
8.61954e-08
2.81225e-08
1.9408e-08
7.59135e-08
2.72578e-08
-1.50981e-08
2.66493e-08
-2.6723e-08
2.71464e-08
-3.91277e-08
2.78864e-08
-5.08558e-08
2.85221e-08
-6.27496e-08
2.90674e-08
-7.59055e-08
3.18131e-08
-9.12475e-08
4.02555e-08
-1.1483e-07
5.35001e-08
-1.37103e-07
6.75581e-08
-1.5705e-07
8.41126e-08
-1.78387e-07
1.14657e-07
-2.16452e-07
1.96599e-07
-2.69716e-07
3.27247e-07
-3.77833e-07
4.32304e-07
-4.29743e-07
4.88114e-07
-3.34876e-07
5.19963e-07
-2.54685e-07
5.40983e-07
-2.02592e-07
5.61673e-07
-1.73718e-07
5.88399e-07
-1.60271e-07
6.24343e-07
-1.56113e-07
6.69973e-07
-1.55568e-07
7.21628e-07
-1.50722e-07
7.6788e-07
-1.27525e-07
-6.25277e-08
1.56876e-07
-5.06053e-07
2.10869e-07
-3.47262e-07
3.47904e-07
-1.7275e-07
4.20684e-07
-1.71861e-08
1.68954e-07
1.48834e-07
4.88029e-09
9.61613e-08
5.37422e-09
-6.54068e-08
5.36213e-09
-9.50807e-08
5.6669e-09
-1.04201e-07
6.03797e-09
-1.04264e-07
6.61871e-09
-1.08751e-07
8.08616e-09
-1.2571e-07
9.50365e-09
-1.68377e-07
9.28171e-09
-2.14153e-07
8.04058e-09
-2.45819e-07
7.52172e-09
-2.62866e-07
8.3579e-09
-2.79287e-07
1.22691e-07
-3.44309e-07
3.82686e-07
-6.0958e-07
5.40175e-07
-3.36311e-07
5.62313e-07
-3.89983e-07
5.7323e-07
-2.50978e-07
5.7317e-07
-1.95073e-07
5.78244e-07
-1.7602e-07
5.95691e-07
-1.76209e-07
6.29203e-07
-1.88042e-07
6.81744e-07
-2.06831e-07
7.53961e-07
-2.25769e-07
8.33868e-07
-2.27041e-07
-1.56634e-07
1.96004e-07
-7.03234e-07
3.51652e-07
-4.72948e-07
5.38067e-07
-3.44147e-07
7.30753e-07
-1.83943e-07
8.54553e-07
-7.1502e-09
1.04019e-06
-1.69123e-08
1.31915e-06
-2.79639e-07
1.57001e-06
-3.29403e-07
1.77763e-06
-2.95574e-07
1.90542e-06
-2.17385e-07
1.99562e-06
-1.69375e-07
2.04346e-06
-1.71247e-07
2.14415e-06
-2.29437e-07
2.24089e-06
-3.21755e-07
2.42158e-06
-4.12127e-07
2.52733e-06
-3.91177e-07
2.42101e-06
-2.80379e-07
2.43893e-06
-2.49715e-07
1.37468e-06
-4.24471e-07
4.73978e-07
-6.96128e-08
6.7102e-07
-2.43555e-07
6.37502e-07
-1.65824e-07
6.00213e-07
-1.5073e-07
5.82425e-07
-1.5908e-07
5.86918e-07
-1.80499e-07
6.15031e-07
-2.13013e-07
6.73832e-07
-2.57946e-07
7.78601e-07
-3.18483e-07
9.40693e-07
-3.98236e-07
-4.93601e-07
3.29217e-07
-9.78232e-07
5.98241e-07
-7.18472e-07
8.50353e-07
-5.64487e-07
1.11734e-06
-4.432e-07
1.51682e-06
-3.61429e-07
1.95711e-06
-4.60125e-07
2.27469e-06
-5.72885e-07
2.52054e-06
-5.68348e-07
2.66025e-06
-4.50127e-07
2.67498e-06
-2.21349e-07
2.62739e-06
-1.07573e-07
2.54834e-06
-8.22065e-08
2.44512e-06
-1.13228e-07
2.3929e-06
-2.3624e-07
2.36231e-06
-3.84159e-07
2.30546e-06
-3.75121e-07
2.06753e-06
1.27106e-08
1.81691e-06
1.69786e-07
1.81887e-06
4.11628e-07
1.20674e-06
1.14419e-07
6.84332e-07
1.09053e-07
7.25559e-07
-1.92215e-08
6.07761e-07
-8.29611e-08
5.64335e-07
-1.29072e-07
5.54529e-07
-1.7369e-07
5.70166e-07
-2.25566e-07
6.19947e-07
-2.93461e-07
7.45913e-07
-3.91982e-07
1.11387e-06
-5.53817e-07
-8.6715e-07
9.1016e-07
-1.01497e-06
9.48667e-07
-7.95558e-07
1.10588e-06
-7.16889e-07
1.32095e-06
-6.66028e-07
1.66321e-06
-6.78336e-07
1.99502e-06
-8.18808e-07
2.13627e-06
-7.14616e-07
2.20727e-06
-6.22289e-07
2.20683e-06
-5.13273e-07
2.13029e-06
-1.01798e-07
2.05556e-06
-9.07754e-09
1.95672e-06
1.92353e-08
1.83163e-06
2.7908e-08
1.68367e-06
-5.02808e-08
1.49845e-06
-1.03744e-07
1.44863e-06
-1.78804e-07
1.37153e-06
1.02188e-07
1.53215e-06
1.92692e-07
1.04373e-06
4.26188e-07
4.30022e-07
2.39057e-07
5.97481e-07
2.42798e-07
5.85214e-07
6.49572e-08
5.42598e-07
-3.28184e-08
5.12633e-07
-1.0055e-07
4.96699e-07
-1.59622e-07
4.9115e-07
-2.22106e-07
4.8987e-07
-2.9835e-07
4.7124e-07
-4.02168e-07
3.31429e-07
-5.57897e-07
-8.13946e-07
8.04203e-07
-8.81445e-07
8.47e-07
-8.00263e-07
9.92507e-07
-8.47679e-07
1.15836e-06
-8.25517e-07
1.45756e-06
-9.32175e-07
1.60043e-06
-1.01472e-06
1.543e-06
-6.62391e-07
1.40733e-06
-4.25921e-07
1.27036e-06
-2.65778e-07
1.22172e-06
-4.23279e-09
1.18697e-06
2.58028e-08
1.12213e-06
4.15705e-08
1.12275e-06
5.78268e-08
9.81105e-07
5.51461e-08
3.83103e-07
1.0082e-07
1.11225e-08
7.6276e-08
1.09225e-08
1.06664e-07
7.22735e-08
1.46337e-07
2.61749e-07
2.07637e-07
4.1745e-07
2.59539e-07
4.62564e-07
1.73958e-07
4.76441e-07
7.07191e-08
4.64797e-07
-1.27136e-08
4.46904e-07
-8.0684e-08
4.28482e-07
-1.42144e-07
4.0786e-07
-2.0489e-07
3.77138e-07
-2.75667e-07
3.1775e-07
-3.60443e-07
1.94543e-07
-4.61653e-07
-5.62859e-07
8.99511e-07
-8.63042e-07
9.59966e-07
-8.572e-07
1.01314e-06
-9.22958e-07
1.11505e-06
-9.1624e-07
1.30456e-06
-1.11387e-06
1.12442e-06
-9.27245e-07
8.68663e-07
-3.29877e-07
4.41987e-07
-1.22828e-07
9.47955e-09
1.30266e-08
9.71942e-09
2.03562e-08
7.69739e-09
2.86479e-08
7.25819e-09
3.85887e-08
7.70525e-09
5.13989e-08
3.3978e-08
7.00429e-08
7.89888e-08
9.70203e-08
9.37369e-08
1.13144e-07
1.01077e-07
1.40471e-07
1.52288e-07
1.78628e-07
2.41022e-07
2.24055e-07
3.2324e-07
1.79025e-07
3.72713e-07
1.24003e-07
3.93196e-07
5.6681e-08
3.93251e-07
-8.06514e-09
3.81704e-07
-6.73292e-08
3.62462e-07
-1.23383e-07
3.34665e-07
-1.79646e-07
2.9307e-07
-2.38986e-07
2.2808e-07
-3.02282e-07
1.28994e-07
-3.65411e-07
-4.12975e-07
8.70275e-07
-8.14628e-07
8.54654e-07
-8.29241e-07
8.39287e-07
-9.00922e-07
9.09667e-07
-9.51074e-07
8.49568e-07
-1.09578e-06
3.93429e-07
-5.62633e-07
5.26659e-08
-2.72875e-08
2.25901e-08
1.24119e-08
2.52215e-08
2.05976e-08
2.44507e-08
2.75133e-08
2.56237e-08
3.76895e-08
2.89513e-08
5.00151e-08
3.6556e-08
6.50518e-08
5.5454e-08
8.40291e-08
8.22395e-08
1.06148e-07
1.04267e-07
1.03875e-07
1.28134e-07
1.14705e-07
1.68603e-07
1.29996e-07
2.23233e-07
1.40058e-07
2.75326e-07
1.2236e-07
3.11856e-07
8.63526e-08
3.30384e-07
4.00717e-08
3.33311e-07
-8.89785e-09
3.24196e-07
-5.71884e-08
3.0499e-07
-1.04418e-07
2.75268e-07
-1.51327e-07
2.32398e-07
-1.98348e-07
1.72509e-07
-2.44286e-07
9.33562e-08
-2.84731e-07
-3.10655e-07
8.5045e-07
-7.48752e-07
8.03919e-07
-7.78943e-07
7.59596e-07
-8.56675e-07
7.16055e-07
-9.0572e-07
4.43435e-07
-8.80406e-07
1.01606e-07
-1.75624e-07
2.42256e-08
1.03554e-08
3.18449e-08
1.5856e-08
3.21744e-08
1.93736e-08
3.40543e-08
2.52897e-08
3.77872e-08
3.31687e-08
4.40921e-08
4.28169e-08
5.43649e-08
5.42657e-08
7.05364e-08
6.72538e-08
9.12974e-08
7.96246e-08
1.13368e-07
8.5197e-08
1.38588e-07
9.17249e-08
1.70755e-07
9.75451e-08
2.07975e-07
9.73831e-08
2.42976e-07
8.40084e-08
2.69007e-07
5.89798e-08
2.83175e-07
2.61521e-08
2.8541e-07
-1.04125e-08
2.76777e-07
-4.81131e-08
2.58034e-07
-8.57753e-08
2.29018e-07
-1.22896e-07
1.88748e-07
-1.58788e-07
1.36203e-07
-1.9178e-07
7.19233e-08
-2.18568e-07
-2.34258e-07
8.1639e-07
-6.5106e-07
7.17789e-07
-6.79465e-07
6.01068e-07
-7.37675e-07
4.51625e-07
-7.49585e-07
1.89699e-07
-6.23901e-07
1.79312e-08
-1.90963e-09
2.98769e-08
1.03711e-08
3.42198e-08
1.29104e-08
3.77648e-08
1.66727e-08
4.1805e-08
2.16889e-08
4.73784e-08
2.79464e-08
5.52645e-08
3.53468e-08
6.6275e-08
4.36931e-08
8.10297e-08
5.24441e-08
9.90453e-08
6.03143e-08
1.19319e-07
6.55664e-08
1.42098e-07
6.94533e-08
1.67854e-07
7.10775e-08
1.94939e-07
6.79222e-08
2.19596e-07
5.73139e-08
2.38023e-07
3.94071e-08
2.47895e-07
1.59669e-08
2.48373e-07
-1.07946e-08
2.39465e-07
-3.90781e-08
2.2135e-07
-6.76739e-08
1.94026e-07
-9.56909e-08
1.57378e-07
-1.22128e-07
1.11634e-07
-1.45474e-07
5.8134e-08
-1.63502e-07
-1.7355e-07
7.83559e-07
-5.21396e-07
6.46544e-07
-5.43099e-07
4.8094e-07
-5.74047e-07
2.61007e-07
-5.50491e-07
7.4106e-08
-4.23675e-07
2.3723e-08
-1.20264e-09
3.59709e-08
4.68667e-09
3.85214e-08
8.92962e-09
4.286e-08
1.2718e-08
4.80225e-08
1.68471e-08
5.46567e-08
2.15816e-08
6.33126e-08
2.69311e-08
7.44416e-08
3.27164e-08
8.82629e-08
3.85162e-08
1.04535e-07
4.36238e-08
1.22764e-07
4.73028e-08
1.42631e-07
4.94467e-08
1.63626e-07
4.93907e-08
1.84329e-07
4.59145e-08
2.02446e-07
3.79172e-08
2.15592e-07
2.53656e-08
2.22006e-07
9.10082e-09
2.2072e-07
-9.65596e-09
2.11362e-07
-2.97301e-08
1.93878e-07
-5.01489e-08
1.68363e-07
-7.00627e-08
1.35106e-07
-8.85574e-08
9.48205e-08
-1.04483e-07
4.89779e-08
-1.16418e-07
-1.22891e-07
7.56333e-07
-3.6518e-07
5.87985e-07
-3.75045e-07
3.93386e-07
-3.83434e-07
1.99746e-07
-3.44574e-07
6.31637e-08
-2.61607e-07
2.73041e-08
-7.28816e-10
4.06295e-08
1.73313e-09
4.26235e-08
5.40301e-09
4.71314e-08
8.42258e-09
5.27684e-08
1.14002e-08
5.99134e-08
1.46027e-08
6.88879e-08
1.80809e-08
7.99169e-08
2.17264e-08
9.30468e-08
2.52812e-08
1.08069e-07
2.83623e-08
1.24573e-07
3.05743e-08
1.42035e-07
3.16404e-08
1.59688e-07
3.1123e-08
1.76306e-07
2.84261e-08
1.90264e-07
2.30727e-08
1.9989e-07
1.50358e-08
2.03817e-07
4.72639e-09
2.01138e-07
-7.19877e-09
1.91388e-07
-2.00351e-08
1.74439e-07
-3.31262e-08
1.50445e-07
-4.58515e-08
1.19863e-07
-5.75547e-08
8.35651e-08
-6.74823e-08
4.29552e-08
-7.47957e-08
-7.87042e-08
7.35749e-07
-1.88024e-07
5.50703e-07
-1.90021e-07
3.60821e-07
-1.91331e-07
1.90015e-07
-1.70562e-07
6.91142e-08
-1.29263e-07
3.21862e-08
-4.31024e-10
4.40233e-08
5.32367e-10
4.60665e-08
2.52623e-09
5.02744e-08
4.16944e-09
5.60068e-08
5.7295e-09
6.33407e-08
7.34899e-09
7.24091e-08
9.06438e-09
8.32921e-08
1.08278e-08
9.59398e-08
1.25197e-08
1.10121e-07
1.39684e-08
1.25421e-07
1.49901e-08
1.41249e-07
1.54161e-08
1.56785e-07
1.50331e-08
1.7094e-07
1.35926e-08
1.82413e-07
1.0911e-08
1.89887e-07
6.97871e-09
1.92232e-07
1.96884e-09
1.8863e-07
-3.82855e-09
1.78614e-07
-1.00831e-08
1.62048e-07
-1.64678e-08
1.39116e-07
-2.26617e-08
1.10339e-07
-2.8328e-08
7.66208e-08
-3.30971e-08
3.92761e-08
-3.65796e-08
-3.84274e-08
7.25394e-07
5.36217e-07
3.4684e-07
1.8411e-07
6.87755e-08
3.34245e-08
4.56391e-08
4.77651e-08
5.18943e-08
5.76448e-08
6.50338e-08
7.41155e-08
8.49025e-08
9.72988e-08
1.11054e-07
1.25742e-07
1.40752e-07
1.55264e-07
1.68255e-07
1.7856e-07
1.85014e-07
1.86595e-07
1.82539e-07
1.72392e-07
1.56024e-07
1.33632e-07
1.05758e-07
7.3302e-08
3.75266e-08
)
;

boundaryField
{
    inlet1
    {
        type            calculated;
        value           nonuniform List<scalar> 10(-1e-07 -1e-07 -1e-07 -1e-07 -1e-07 -1e-07 -1e-07 -1e-07 -1e-07 -1e-07);
    }
    inlet2
    {
        type            calculated;
        value           uniform 0;
    }
    inlet3
    {
        type            calculated;
        value           nonuniform List<scalar> 10(-9.13394e-07 -9.13394e-07 -9.13394e-07 -9.13394e-07 -9.13394e-07 -9.13394e-07 -9.13394e-07 -9.13394e-07 -9.13394e-07 -9.13394e-07);
    }
    output1
    {
        type            calculated;
        value           uniform 0;
    }
    output2
    {
        type            calculated;
        value           nonuniform List<scalar> 10(1.48926e-06 9.67311e-07 7.98165e-07 7.40319e-07 7.29836e-07 7.49598e-07 8.01032e-07 9.06234e-07 1.14462e-06 1.81572e-06);
    }
    output3
    {
        type            calculated;
        value           uniform -0;
    }
    up
    {
        type            calculated;
        value           uniform 0;
    }
    down
    {
        type            calculated;
        value           uniform 0;
    }
    emptyWalls
    {
        type            empty;
        value           nonuniform List<scalar> 0();
    }
}


// ************************************************************************* //
