/*--------------------------------*- C++ -*----------------------------------*\
  =========                 |
  \\      /  F ield         | OpenFOAM: The Open Source CFD Toolbox
   \\    /   O peration     | Website:  https://openfoam.org
    \\  /    A nd           | Version:  9
     \\/     M anipulation  |
\*---------------------------------------------------------------------------*/
FoamFile
{
    format      ascii;
    class       volScalarField;
    location    "21000";
    object      p;
}
// * * * * * * * * * * * * * * * * * * * * * * * * * * * * * * * * * * * * * //

dimensions      [0 0 0 0 0 0 0];

internalField   nonuniform List<scalar> 
900
(
1.38587e+07
1.38572e+07
1.38564e+07
1.38525e+07
1.38175e+07
1.34054e+07
1.30169e+07
1.26432e+07
1.22786e+07
1.19188e+07
1.15611e+07
1.12035e+07
1.08448e+07
1.04845e+07
1.01224e+07
9.75915e+06
9.3956e+06
9.0333e+06
8.67432e+06
8.32128e+06
7.97735e+06
7.64625e+06
7.33224e+06
7.04006e+06
6.77488e+06
6.54213e+06
6.34731e+06
6.19564e+06
6.09166e+06
6.03876e+06
1.38561e+07
1.3855e+07
1.38513e+07
1.3848e+07
1.38439e+07
1.33848e+07
1.30022e+07
1.26341e+07
1.22737e+07
1.19168e+07
1.1561e+07
1.12046e+07
1.08465e+07
1.04862e+07
1.01237e+07
9.75942e+06
9.39435e+06
9.02999e+06
8.66839e+06
8.31217e+06
7.96451e+06
7.62916e+06
7.31041e+06
7.01307e+06
6.74245e+06
6.5042e+06
6.30416e+06
6.14795e+06
6.04058e+06
5.98586e+06
1.38451e+07
1.38422e+07
1.38388e+07
1.38418e+07
1.37259e+07
1.33376e+07
1.29731e+07
1.26174e+07
1.22652e+07
1.19137e+07
1.15615e+07
1.12073e+07
1.08503e+07
1.04901e+07
1.01267e+07
9.76048e+06
9.3924e+06
9.02391e+06
8.65707e+06
8.29449e+06
7.93938e+06
7.59548e+06
7.26716e+06
6.95936e+06
6.67764e+06
6.42808e+06
6.21717e+06
6.05141e+06
5.93685e+06
5.87823e+06
1.38271e+07
1.38239e+07
1.38194e+07
1.38181e+07
1.35789e+07
1.32667e+07
1.29352e+07
1.25972e+07
1.22558e+07
1.19115e+07
1.1564e+07
1.12128e+07
1.08573e+07
1.04972e+07
1.01325e+07
9.76343e+06
9.39085e+06
9.01618e+06
8.64148e+06
8.26936e+06
7.90302e+06
7.54623e+06
7.20339e+06
6.87958e+06
6.58066e+06
6.31332e+06
6.08501e+06
5.9037e+06
5.77718e+06
5.71199e+06
1.38065e+07
1.3804e+07
1.38e+07
1.37986e+07
1.35037e+07
1.32152e+07
1.29039e+07
1.25804e+07
1.22494e+07
1.19125e+07
1.15702e+07
1.12225e+07
1.08689e+07
1.05091e+07
1.01427e+07
9.76988e+06
9.39137e+06
9.0085e+06
8.62331e+06
8.23844e+06
7.8571e+06
7.48303e+06
7.12059e+06
6.77491e+06
6.45211e+06
6.15952e+06
5.90586e+06
5.70118e+06
5.55616e+06
5.48057e+06
1.37839e+07
1.37816e+07
1.37795e+07
1.37784e+07
1.34733e+07
1.31866e+07
1.28847e+07
1.25712e+07
1.22487e+07
1.19188e+07
1.1582e+07
1.12381e+07
1.08868e+07
1.05274e+07
1.01592e+07
9.78205e+06
9.39626e+06
9.00315e+06
8.60482e+06
8.204e+06
7.80392e+06
7.4082e+06
7.02103e+06
6.64736e+06
6.29334e+06
5.96678e+06
5.67775e+06
5.439e+06
5.26573e+06
5.17356e+06
1.37604e+07
1.3759e+07
1.37584e+07
1.37571e+07
1.34597e+07
1.31731e+07
1.2877e+07
1.25709e+07
1.22556e+07
1.19321e+07
1.16007e+07
1.12612e+07
1.09128e+07
1.05545e+07
1.01848e+07
9.80282e+06
9.40848e+06
9.00302e+06
8.5888e+06
8.16883e+06
7.74637e+06
7.32483e+06
6.90796e+06
6.50017e+06
6.10711e+06
5.73651e+06
5.39934e+06
5.11133e+06
4.89419e+06
4.77439e+06
1.37362e+07
1.37353e+07
1.37365e+07
1.37354e+07
1.34512e+07
1.31693e+07
1.28795e+07
1.25798e+07
1.22707e+07
1.19532e+07
1.16274e+07
1.12931e+07
1.09489e+07
1.05929e+07
1.02227e+07
9.83595e+06
9.43182e+06
9.01163e+06
8.57854e+06
8.13616e+06
7.6879e+06
7.2368e+06
6.78581e+06
6.33823e+06
5.89842e+06
5.47282e+06
5.07179e+06
4.71278e+06
4.42533e+06
4.2554e+06
1.37125e+07
1.37127e+07
1.37161e+07
1.37143e+07
1.34435e+07
1.31733e+07
1.28917e+07
1.2598e+07
1.22944e+07
1.19825e+07
1.16628e+07
1.13348e+07
1.09968e+07
1.06456e+07
1.0277e+07
9.88651e+06
9.4712e+06
9.03316e+06
8.57756e+06
8.10937e+06
7.63226e+06
7.14866e+06
6.66024e+06
6.16854e+06
5.67553e+06
5.18456e+06
4.7022e+06
4.24268e+06
3.83896e+06
3.56648e+06
1.36907e+07
1.36902e+07
1.36928e+07
1.36473e+07
1.34359e+07
1.31886e+07
1.29161e+07
1.26263e+07
1.23263e+07
1.20195e+07
1.17065e+07
1.13867e+07
1.10578e+07
1.07155e+07
1.03533e+07
9.9619e+06
9.53329e+06
9.07226e+06
8.58916e+06
8.0915e+06
7.58312e+06
7.06532e+06
6.53796e+06
6.00015e+06
5.45059e+06
4.8877e+06
4.30976e+06
3.71679e+06
3.12133e+06
2.60509e+06
1.36728e+07
1.36724e+07
1.36696e+07
1.36464e+07
1.34643e+07
1.3229e+07
1.29577e+07
1.26647e+07
1.23652e+07
1.20625e+07
1.1757e+07
1.14477e+07
1.11321e+07
1.08056e+07
1.04587e+07
1.00745e+07
9.6278e+06
9.13343e+06
8.61534e+06
8.08435e+06
7.54339e+06
6.99155e+06
6.42614e+06
5.8435e+06
5.23898e+06
4.60587e+06
3.93238e+06
3.19337e+06
2.32449e+06
1.12746e+06
1.36601e+07
1.36579e+07
1.36431e+07
1.35876e+07
1.34966e+07
1.33057e+07
1.30209e+07
1.27096e+07
1.24073e+07
1.21084e+07
1.18114e+07
1.15148e+07
1.12173e+07
1.09159e+07
1.06014e+07
1.02497e+07
9.76997e+06
9.21833e+06
8.6544e+06
8.08717e+06
7.51453e+06
6.93135e+06
6.33155e+06
5.70874e+06
5.05597e+06
4.36441e+06
3.62051e+06
2.79981e+06
1.85582e+06
707713
1.3653e+07
1.36481e+07
1.36281e+07
1.35723e+07
1.34642e+07
1.33014e+07
1.31032e+07
1.27454e+07
1.24461e+07
1.21528e+07
1.18656e+07
1.1583e+07
1.13064e+07
1.10395e+07
1.07814e+07
1.05527e+07
9.98408e+06
9.31553e+06
8.69675e+06
8.09541e+06
7.49622e+06
6.88775e+06
6.25996e+06
5.60394e+06
4.91176e+06
4.1753e+06
3.38545e+06
2.52956e+06
1.59124e+06
555290
1.36496e+07
1.36407e+07
1.36125e+07
1.35479e+07
1.34358e+07
1.32673e+07
1.30405e+07
1.27451e+07
1.24463e+07
1.2153e+07
1.18659e+07
1.15833e+07
1.13067e+07
1.104e+07
1.07822e+07
1.05563e+07
1.03551e+07
9.3647e+06
8.72295e+06
8.10192e+06
7.4865e+06
6.86141e+06
6.21251e+06
5.52819e+06
4.80033e+06
4.02329e+06
3.19645e+06
2.3228e+06
1.41286e+06
475607
1.36519e+07
1.3639e+07
1.36016e+07
1.35254e+07
1.34001e+07
1.32231e+07
1.29957e+07
1.27307e+07
1.24464e+07
1.21583e+07
1.18701e+07
1.15858e+07
1.13019e+07
1.10239e+07
1.07378e+07
1.04294e+07
1.00089e+07
9.36267e+06
8.72282e+06
8.10178e+06
7.48638e+06
6.86126e+06
6.21226e+06
5.52773e+06
4.79961e+06
4.02231e+06
3.19531e+06
2.32166e+06
1.41213e+06
475368
1.36871e+07
1.36633e+07
1.36106e+07
1.35173e+07
1.33775e+07
1.31934e+07
1.29714e+07
1.27208e+07
1.24492e+07
1.21664e+07
1.18781e+07
1.15879e+07
1.12923e+07
1.09901e+07
1.06631e+07
1.0292e+07
9.8426e+06
9.30162e+06
8.71478e+06
8.11762e+06
7.51371e+06
6.8947e+06
6.25027e+06
5.5707e+06
4.84826e+06
4.07575e+06
3.24966e+06
2.36927e+06
1.44493e+06
487550
1.37749e+07
1.37404e+07
1.36651e+07
1.35483e+07
1.33905e+07
1.31968e+07
1.29731e+07
1.27256e+07
1.24589e+07
1.21785e+07
1.18882e+07
1.15896e+07
1.12797e+07
1.09525e+07
1.05961e+07
1.01983e+07
9.75289e+06
9.25624e+06
8.7163e+06
8.15009e+06
7.56397e+06
6.95591e+06
6.32025e+06
5.65052e+06
4.93949e+06
4.179e+06
3.35968e+06
2.47287e+06
1.52023e+06
515807
1.39218e+07
1.38699e+07
1.37669e+07
1.36211e+07
1.34404e+07
1.32313e+07
1.29987e+07
1.27465e+07
1.24778e+07
1.21952e+07
1.19005e+07
1.15935e+07
1.12714e+07
1.09288e+07
1.05594e+07
1.01573e+07
9.72089e+06
9.24889e+06
8.74166e+06
8.20321e+06
7.63705e+06
7.04375e+06
6.42117e+06
5.76562e+06
5.0711e+06
4.33033e+06
3.52949e+06
2.64972e+06
1.66635e+06
577837
1.41409e+07
1.40581e+07
1.39127e+07
1.37287e+07
1.35189e+07
1.32891e+07
1.30424e+07
1.27807e+07
1.25055e+07
1.22177e+07
1.19175e+07
1.16038e+07
1.12744e+07
1.09256e+07
1.05541e+07
1.01568e+07
9.73212e+06
9.2784e+06
8.79405e+06
8.27825e+06
7.73222e+06
7.15618e+06
6.54993e+06
5.91071e+06
5.2351e+06
4.51747e+06
3.74737e+06
2.90296e+06
1.92623e+06
729165
1.44533e+07
1.42939e+07
1.40841e+07
1.38551e+07
1.36136e+07
1.33609e+07
1.30976e+07
1.28241e+07
1.25404e+07
1.22462e+07
1.19409e+07
1.16232e+07
1.12911e+07
1.09424e+07
1.05747e+07
1.01858e+07
9.77361e+06
9.33576e+06
8.8701e+06
8.37448e+06
7.84859e+06
7.29138e+06
6.70321e+06
6.0813e+06
5.42536e+06
4.73009e+06
3.99489e+06
3.20989e+06
2.34009e+06
1.17006e+06
1.48523e+07
1.45353e+07
1.42571e+07
1.39863e+07
1.37146e+07
1.34394e+07
1.31594e+07
1.28736e+07
1.2581e+07
1.22807e+07
1.19715e+07
1.16522e+07
1.1321e+07
1.09762e+07
1.06157e+07
1.02374e+07
9.83866e+06
9.41699e+06
8.96977e+06
8.49447e+06
7.98916e+06
7.45189e+06
6.88202e+06
6.27786e+06
5.6411e+06
4.96824e+06
4.26481e+06
3.52218e+06
2.80717e+06
2.24667e+06
1.51654e+07
1.4767e+07
1.44273e+07
1.41167e+07
1.38173e+07
1.35215e+07
1.32257e+07
1.29281e+07
1.26271e+07
1.23215e+07
1.20099e+07
1.16912e+07
1.13636e+07
1.10256e+07
1.06749e+07
1.03094e+07
9.92612e+06
9.52244e+06
9.09502e+06
8.64084e+06
8.15646e+06
7.63884e+06
7.08571e+06
6.49703e+06
5.87565e+06
5.22726e+06
4.56035e+06
3.90076e+06
3.28509e+06
2.75836e+06
1.54032e+07
1.49789e+07
1.45997e+07
1.42531e+07
1.39256e+07
1.36085e+07
1.32967e+07
1.29873e+07
1.26781e+07
1.23678e+07
1.20549e+07
1.17382e+07
1.1416e+07
1.10869e+07
1.07481e+07
1.03978e+07
1.0032e+07
9.64836e+06
9.2422e+06
8.81022e+06
8.34726e+06
7.84834e+06
7.31014e+06
6.73151e+06
6.12097e+06
5.48923e+06
4.86028e+06
4.24898e+06
3.71296e+06
3.37813e+06
1.5589e+07
1.51533e+07
1.4751e+07
1.43782e+07
1.40273e+07
1.36914e+07
1.33652e+07
1.30452e+07
1.2729e+07
1.24149e+07
1.21016e+07
1.1788e+07
1.14724e+07
1.11538e+07
1.08292e+07
1.04967e+07
1.01516e+07
9.79115e+06
9.40878e+06
9.00131e+06
8.56015e+06
8.07914e+06
7.5529e+06
6.98164e+06
6.36733e+06
5.73475e+06
5.14643e+06
4.56009e+06
4.02048e+06
3.66675e+06
1.57345e+07
1.52927e+07
1.48779e+07
1.44885e+07
1.41206e+07
1.37697e+07
1.34311e+07
1.3102e+07
1.27796e+07
1.24625e+07
1.21495e+07
1.18399e+07
1.15323e+07
1.12258e+07
1.09179e+07
1.06062e+07
1.02855e+07
9.95154e+06
9.5959e+06
9.21341e+06
8.79203e+06
8.32594e+06
7.80641e+06
7.24831e+06
6.61905e+06
5.91448e+06
5.39237e+06
4.97146e+06
4.05152e+06
3.90164e+06
1.58476e+07
1.54024e+07
1.49802e+07
1.45804e+07
1.42008e+07
1.38384e+07
1.34901e+07
1.31534e+07
1.28259e+07
1.25066e+07
1.21942e+07
1.18887e+07
1.15891e+07
1.12954e+07
1.10051e+07
1.07165e+07
1.04237e+07
1.01207e+07
9.79698e+06
9.44055e+06
9.03213e+06
8.58072e+06
8.06204e+06
7.51066e+06
7.04644e+06
5.93182e+06
5.40702e+06
5.16989e+06
4.75753e+06
4.58009e+06
1.59335e+07
1.54861e+07
1.50595e+07
1.46531e+07
1.42657e+07
1.38954e+07
1.35398e+07
1.31974e+07
1.2866e+07
1.2545e+07
1.22334e+07
1.19318e+07
1.16396e+07
1.13583e+07
1.10861e+07
1.08232e+07
1.05626e+07
1.02982e+07
1.00152e+07
9.6908e+06
9.2825e+06
8.82598e+06
8.4698e+06
7.51923e+06
7.01019e+06
6.34686e+06
5.85314e+06
5.51431e+06
5.2286e+06
5.08111e+06
1.59956e+07
1.55468e+07
1.51174e+07
1.4707e+07
1.43146e+07
1.39389e+07
1.35785e+07
1.32319e+07
1.28978e+07
1.25756e+07
1.22648e+07
1.19663e+07
1.16801e+07
1.14092e+07
1.11532e+07
1.09152e+07
1.06888e+07
1.04694e+07
1.02347e+07
9.96041e+06
9.63039e+06
8.83093e+06
8.33668e+06
7.69337e+06
7.1338e+06
6.59227e+06
6.14436e+06
5.80561e+06
5.56147e+06
5.43462e+06
1.60359e+07
1.55863e+07
1.51553e+07
1.47425e+07
1.43471e+07
1.39683e+07
1.36048e+07
1.32557e+07
1.29198e+07
1.25969e+07
1.22866e+07
1.19901e+07
1.17082e+07
1.14443e+07
1.12002e+07
1.09816e+07
1.07876e+07
1.06184e+07
1.04466e+07
1.02322e+07
9.61009e+06
8.96009e+06
8.37255e+06
7.78375e+06
7.23935e+06
6.74408e+06
6.32642e+06
6.0023e+06
5.77704e+06
5.66129e+06
1.60558e+07
1.56058e+07
1.51741e+07
1.47601e+07
1.43634e+07
1.39831e+07
1.36182e+07
1.32678e+07
1.29311e+07
1.26077e+07
1.22979e+07
1.20023e+07
1.17227e+07
1.14619e+07
1.1224e+07
1.10146e+07
1.08407e+07
1.07124e+07
1.06299e+07
1.04949e+07
9.71056e+06
9.02678e+06
8.40969e+06
7.82975e+06
7.29579e+06
6.81826e+06
6.41493e+06
6.10012e+06
5.88312e+06
5.77221e+06
)
;

boundaryField
{
    inlet1
    {
        type            fixedGradient;
        gradient        uniform 20000;
    }
    inlet2
    {
        type            zeroGradient;
    }
    inlet3
    {
        type            fixedGradient;
        gradient        uniform 4.68141e+06;
    }
    output1
    {
        type            zeroGradient;
    }
    output2
    {
        type            fixedValue;
        value           uniform 0;
    }
    output3
    {
        type            zeroGradient;
    }
    up
    {
        type            zeroGradient;
    }
    down
    {
        type            zeroGradient;
    }
    emptyWalls
    {
        type            empty;
    }
}


// ************************************************************************* //
