/*--------------------------------*- C++ -*----------------------------------*\
  =========                 |
  \\      /  F ield         | OpenFOAM: The Open Source CFD Toolbox
   \\    /   O peration     | Website:  https://openfoam.org
    \\  /    A nd           | Version:  9
     \\/     M anipulation  |
\*---------------------------------------------------------------------------*/
FoamFile
{
    format      ascii;
    class       volScalarField;
    location    "21000";
    object      Sw;
}
// * * * * * * * * * * * * * * * * * * * * * * * * * * * * * * * * * * * * * //

dimensions      [0 0 0 0 0 0 0];

internalField   nonuniform List<scalar> 
900
(
0.803432
0.796492
0.604174
0.437807
0.153555
0.15
0.15
0.15
0.15
0.15
0.15
0.15
0.15
0.15
0.15
0.15
0.15
0.15
0.15
0.15
0.15
0.15
0.15
0.15
0.15
0.15
0.15
0.15
0.15
0.15
0.746476
0.6025
0.53636
0.563724
0.205487
0.15
0.15
0.15
0.15
0.15
0.15
0.15
0.15
0.15
0.15
0.15
0.15
0.15
0.15
0.15
0.15
0.15
0.15
0.15
0.15
0.15
0.15
0.15
0.15
0.15
0.725617
0.63883
0.546672
0.38993
0.150233
0.15
0.15
0.15
0.15
0.15
0.15
0.15
0.15
0.15
0.15
0.15
0.15
0.15
0.15
0.15
0.15
0.15
0.15
0.15
0.15
0.15
0.15
0.15
0.15
0.15
0.736332
0.598787
0.562857
0.315183
0.150019
0.15
0.15
0.15
0.15
0.15
0.15
0.15
0.15
0.15
0.15
0.15
0.15
0.15
0.15
0.15
0.15
0.15
0.15
0.15
0.15
0.15
0.15
0.15
0.15
0.15
0.748882
0.661836
0.580119
0.268131
0.150002
0.15
0.15
0.15
0.15
0.15
0.15
0.15
0.15
0.15
0.15
0.15
0.15
0.15
0.15
0.15
0.15
0.15
0.15
0.15
0.15
0.15
0.15
0.15
0.15
0.15
0.758142
0.611447
0.603134
0.209356
0.15
0.15
0.15
0.15
0.15
0.15
0.15
0.15
0.15
0.15
0.15
0.15
0.15
0.15
0.15
0.15
0.15
0.15
0.15
0.15
0.15
0.15
0.15
0.15
0.15
0.15
0.77264
0.681207
0.589976
0.17611
0.15
0.15
0.15
0.15
0.15
0.15
0.15
0.15
0.15
0.15
0.15
0.15
0.15
0.15
0.15
0.15
0.15
0.15
0.15
0.15
0.15
0.15
0.15
0.15
0.15
0.15
0.780833
0.636496
0.601301
0.154868
0.15
0.15
0.15
0.15
0.15
0.15
0.15
0.15
0.15
0.15
0.15
0.15
0.15
0.15
0.15
0.15
0.15
0.15
0.15
0.15
0.15
0.15
0.15
0.15
0.15
0.15
0.80118
0.700135
0.582697
0.151251
0.15
0.15
0.15
0.15
0.15
0.15
0.15
0.15
0.15
0.15
0.15
0.15
0.15
0.15
0.15
0.15
0.15
0.15
0.15
0.15
0.15
0.15
0.15
0.15
0.15
0.15
0.823156
0.65673
0.383261
0.150025
0.15
0.15
0.15
0.15
0.15
0.15
0.15
0.15
0.15
0.15
0.15
0.15
0.15
0.15
0.15
0.15
0.15
0.15
0.15
0.15
0.15
0.15
0.15
0.15
0.15
0.15
0.857222
0.736318
0.555288
0.244304
0.150005
0.15
0.15
0.15
0.15
0.15
0.15
0.15
0.15
0.15
0.15
0.15
0.15
0.15
0.15
0.15
0.15
0.15
0.15
0.15
0.15
0.15
0.15
0.15
0.15
0.15
0.884051
0.69734
0.532784
0.502056
0.386766
0.150546
0.15
0.15
0.15
0.15
0.15
0.15
0.15
0.15
0.15
0.15
0.15
0.15
0.15
0.15
0.15
0.15
0.15
0.15
0.15
0.15
0.15
0.15
0.15
0.15
0.945916
0.799472
0.687932
0.609436
0.547949
0.527844
0.32358
0.150003
0.151273
0.152921
0.151651
0.15039
0.150001
0.150001
0.150001
0.150001
0.15
0.15
0.15
0.15
0.15
0.15
0.15
0.15
0.15
0.15
0.15
0.15
0.15
0.15
0.866311
0.799616
0.730513
0.689185
0.646736
0.622297
0.592247
0.582348
0.584336
0.584647
0.589423
0.58876
0.593153
0.590661
0.588334
0.582467
0.234948
0.166984
0.17411
0.180823
0.185253
0.188981
0.192987
0.197171
0.202313
0.204522
0.203766
0.195867
0.181414
0.161219
0.673972
0.676395
0.662615
0.642538
0.63198
0.616319
0.613072
0.605522
0.605692
0.60493
0.60689
0.608214
0.606957
0.609051
0.595446
0.589712
0.548894
0.537741
0.537013
0.539116
0.541766
0.543876
0.545323
0.546313
0.547343
0.548471
0.550121
0.551683
0.553414
0.553652
0.621791
0.605724
0.603824
0.596037
0.597663
0.595378
0.59774
0.595969
0.595062
0.593821
0.593918
0.593304
0.591385
0.590154
0.583373
0.580986
0.576926
0.56897
0.567247
0.568492
0.570397
0.57193
0.573067
0.573775
0.574638
0.575357
0.576894
0.57823
0.58063
0.58099
0.602529
0.596218
0.592093
0.590799
0.590722
0.591207
0.591844
0.59154
0.590572
0.589647
0.588468
0.587179
0.584754
0.58234
0.579831
0.578543
0.58072
0.579117
0.578489
0.579153
0.580306
0.58154
0.582646
0.583699
0.584592
0.585284
0.586068
0.586756
0.588817
0.58988
0.592577
0.586517
0.587061
0.589516
0.592034
0.593992
0.595139
0.595547
0.595283
0.594656
0.593603
0.59236
0.590656
0.588956
0.58792
0.587616
0.58878
0.589502
0.589861
0.590321
0.59114
0.592257
0.593281
0.594385
0.594593
0.594685
0.593021
0.591487
0.589517
0.590168
0.5868
0.587229
0.592375
0.597561
0.601317
0.603603
0.604807
0.605179
0.605
0.604319
0.603424
0.602323
0.601382
0.600594
0.600497
0.600668
0.60144
0.601653
0.601698
0.601097
0.601076
0.60068
0.600655
0.599903
0.598729
0.596885
0.593005
0.588506
0.579552
0.575288
0.586959
0.597186
0.605925
0.610432
0.612145
0.612478
0.612097
0.611351
0.610357
0.609195
0.60801
0.606867
0.606036
0.605409
0.605224
0.604951
0.604787
0.60397
0.603234
0.601728
0.600946
0.599166
0.598423
0.595793
0.59441
0.590478
0.587797
0.582538
0.570407
0.559747
0.609499
0.621118
0.620947
0.617307
0.613633
0.610753
0.608506
0.606792
0.605293
0.604083
0.602935
0.602126
0.601417
0.6011
0.600761
0.600582
0.600163
0.599713
0.599114
0.598243
0.5974
0.595814
0.594537
0.591379
0.589546
0.583638
0.582791
0.574183
0.589071
0.598119
0.596576
0.59323
0.592926
0.593593
0.594518
0.595601
0.596535
0.597398
0.597942
0.598498
0.59875
0.59925
0.599441
0.600038
0.600137
0.600601
0.600372
0.600334
0.59954
0.598524
0.596752
0.594364
0.5909
0.586751
0.58146
0.576071
0.569526
0.56491
0.554833
0.499339
0.5988
0.600567
0.604067
0.607099
0.608873
0.609787
0.609978
0.609975
0.609557
0.609249
0.60849
0.608022
0.606878
0.606202
0.604533
0.603602
0.601457
0.600265
0.597831
0.595771
0.592622
0.588139
0.582589
0.575096
0.568934
0.559391
0.552223
0.542067
0.528925
0.516666
0.599437
0.598689
0.598286
0.598131
0.59788
0.597638
0.597241
0.597017
0.596637
0.596556
0.596148
0.596186
0.595599
0.595791
0.594944
0.595486
0.594257
0.594996
0.592673
0.591982
0.587054
0.580713
0.571102
0.56057
0.551306
0.539442
0.531772
0.510154
0.502858
0.387748
0.59951
0.598905
0.598839
0.599417
0.600168
0.601095
0.601729
0.602495
0.602842
0.603503
0.603592
0.604188
0.603876
0.604248
0.603141
0.602941
0.600392
0.599283
0.594091
0.591609
0.580769
0.569331
0.553466
0.539945
0.517894
0.508406
0.510507
0.28732
0.15
0.15
0.599653
0.599218
0.598995
0.599087
0.599241
0.59959
0.599722
0.600083
0.600042
0.600434
0.600165
0.600565
0.599789
0.599863
0.597985
0.597138
0.593945
0.59169
0.586103
0.581255
0.561982
0.547436
0.518502
0.515599
0.234467
0.15
0.15
0.15
0.15
0.15
0.599752
0.599417
0.599175
0.59916
0.599203
0.599517
0.599683
0.600204
0.600303
0.601044
0.60096
0.602023
0.601485
0.602774
0.600935
0.601583
0.597179
0.594268
0.586244
0.569824
0.531895
0.527732
0.286491
0.15
0.15
0.15
0.15
0.15
0.15
0.15
0.599816
0.599548
0.599341
0.599272
0.599257
0.59945
0.599575
0.600009
0.600136
0.600857
0.600852
0.602047
0.601613
0.603459
0.601325
0.602997
0.594594
0.592371
0.57499
0.536275
0.297078
0.15
0.15
0.15
0.15
0.15
0.15
0.15
0.15
0.15
0.599853
0.599628
0.599449
0.599364
0.599327
0.59945
0.599564
0.59993
0.600123
0.600794
0.600978
0.602165
0.602176
0.604295
0.603262
0.606436
0.597861
0.597922
0.550252
0.288072
0.15
0.15
0.15
0.15
0.15
0.15
0.15
0.15
0.15
0.15
0.599873
0.599661
0.599511
0.599401
0.59939
0.599434
0.599615
0.599834
0.600223
0.600615
0.601261
0.601884
0.602942
0.603933
0.605557
0.606851
0.607245
0.602891
0.420792
0.150057
0.15
0.15
0.15
0.15
0.15
0.15
0.15
0.15
0.15
0.15
)
;

boundaryField
{
    inlet1
    {
        type            fixedValue;
        value           uniform 0.85;
    }
    inlet2
    {
        type            zeroGradient;
    }
    inlet3
    {
        type            fixedValue;
        value           uniform 0.6;
    }
    output1
    {
        type            zeroGradient;
    }
    output2
    {
        type            zeroGradient;
    }
    output3
    {
        type            zeroGradient;
    }
    up
    {
        type            zeroGradient;
    }
    down
    {
        type            zeroGradient;
    }
    emptyWalls
    {
        type            empty;
    }
}


// ************************************************************************* //
