/*--------------------------------*- C++ -*----------------------------------*\
  =========                 |
  \\      /  F ield         | OpenFOAM: The Open Source CFD Toolbox
   \\    /   O peration     | Website:  https://openfoam.org
    \\  /    A nd           | Version:  9
     \\/     M anipulation  |
\*---------------------------------------------------------------------------*/
FoamFile
{
    format      ascii;
    class       volScalarField;
    location    "8500";
    object      alpha;
}
// * * * * * * * * * * * * * * * * * * * * * * * * * * * * * * * * * * * * * //

dimensions      [0 2 -1 0 0 0 0];

internalField   nonuniform List<scalar> 
900
(
-2.55944e-10
-2.57577e-11
-6.38541e-12
-1.14549e-13
-4.06229e-14
-4.0652e-14
-4.0652e-14
-4.0652e-14
-4.0652e-14
-4.0652e-14
-4.0652e-14
-4.0652e-14
-4.0652e-14
-4.0652e-14
-4.0652e-14
-4.0652e-14
-4.0652e-14
-4.0652e-14
-4.0652e-14
-4.0652e-14
-4.0652e-14
-4.0652e-14
-4.0652e-14
-4.0652e-14
-4.0652e-14
-4.0652e-14
-4.0652e-14
-4.0652e-14
-4.0652e-14
-4.0652e-14
-8.75484e-11
-1.00103e-11
-7.2397e-12
-3.73996e-14
-4.0649e-14
-4.0652e-14
-4.0652e-14
-4.0652e-14
-4.0652e-14
-4.0652e-14
-4.0652e-14
-4.0652e-14
-4.0652e-14
-4.0652e-14
-4.0652e-14
-4.0652e-14
-4.0652e-14
-4.0652e-14
-4.0652e-14
-4.0652e-14
-4.0652e-14
-4.0652e-14
-4.0652e-14
-4.0652e-14
-4.0652e-14
-4.0652e-14
-4.0652e-14
-4.0652e-14
-4.0652e-14
-4.0652e-14
-4.49385e-11
-1.32743e-11
-9.6446e-12
-2.73815e-14
-4.06513e-14
-4.0652e-14
-4.0652e-14
-4.0652e-14
-4.0652e-14
-4.0652e-14
-4.0652e-14
-4.0652e-14
-4.0652e-14
-4.0652e-14
-4.0652e-14
-4.0652e-14
-4.0652e-14
-4.0652e-14
-4.0652e-14
-4.0652e-14
-4.0652e-14
-4.0652e-14
-4.0652e-14
-4.0652e-14
-4.0652e-14
-4.0652e-14
-4.0652e-14
-4.0652e-14
-4.0652e-14
-4.0652e-14
-8.98924e-11
-1.71225e-11
-8.15496e-12
-2.75633e-14
-4.0652e-14
-4.0652e-14
-4.0652e-14
-4.0652e-14
-4.0652e-14
-4.0652e-14
-4.0652e-14
-4.0652e-14
-4.0652e-14
-4.0652e-14
-4.0652e-14
-4.0652e-14
-4.0652e-14
-4.0652e-14
-4.0652e-14
-4.0652e-14
-4.0652e-14
-4.0652e-14
-4.0652e-14
-4.0652e-14
-4.0652e-14
-4.0652e-14
-4.0652e-14
-4.0652e-14
-4.0652e-14
-4.0652e-14
-7.23956e-11
-1.93971e-11
-1.00841e-11
-3.30433e-14
-4.0652e-14
-4.0652e-14
-4.0652e-14
-4.0652e-14
-4.0652e-14
-4.0652e-14
-4.0652e-14
-4.0652e-14
-4.0652e-14
-4.0652e-14
-4.0652e-14
-4.0652e-14
-4.0652e-14
-4.0652e-14
-4.0652e-14
-4.0652e-14
-4.0652e-14
-4.0652e-14
-4.0652e-14
-4.0652e-14
-4.0652e-14
-4.0652e-14
-4.0652e-14
-4.0652e-14
-4.0652e-14
-4.0652e-14
-1.23576e-10
-1.74154e-11
-4.3884e-12
-3.94305e-14
-4.0652e-14
-4.0652e-14
-4.0652e-14
-4.0652e-14
-4.0652e-14
-4.0652e-14
-4.0652e-14
-4.0652e-14
-4.0652e-14
-4.0652e-14
-4.0652e-14
-4.0652e-14
-4.0652e-14
-4.0652e-14
-4.0652e-14
-4.0652e-14
-4.0652e-14
-4.0652e-14
-4.0652e-14
-4.0652e-14
-4.0652e-14
-4.0652e-14
-4.0652e-14
-4.0652e-14
-4.0652e-14
-4.0652e-14
-1.03538e-10
-1.31924e-11
-9.46936e-14
-4.06228e-14
-4.0652e-14
-4.0652e-14
-4.0652e-14
-4.0652e-14
-4.0652e-14
-4.0652e-14
-4.0652e-14
-4.0652e-14
-4.0652e-14
-4.0652e-14
-4.0652e-14
-4.0652e-14
-4.0652e-14
-4.0652e-14
-4.0652e-14
-4.0652e-14
-4.0652e-14
-4.0652e-14
-4.0652e-14
-4.0652e-14
-4.0652e-14
-4.0652e-14
-4.0652e-14
-4.0652e-14
-4.0652e-14
-4.0652e-14
-1.47179e-10
-1.33518e-11
-3.41856e-14
-4.06489e-14
-4.0652e-14
-4.0652e-14
-4.0652e-14
-4.0652e-14
-4.0652e-14
-4.0652e-14
-4.0652e-14
-4.0652e-14
-4.0652e-14
-4.0652e-14
-4.0652e-14
-4.0652e-14
-4.0652e-14
-4.0652e-14
-4.0652e-14
-4.0652e-14
-4.0652e-14
-4.0652e-14
-4.0652e-14
-4.0652e-14
-4.0652e-14
-4.0652e-14
-4.0652e-14
-4.0652e-14
-4.0652e-14
-4.0652e-14
-1.29012e-10
-1.44137e-11
-2.80084e-14
-4.0652e-14
-4.0652e-14
-4.0652e-14
-4.0652e-14
-4.0652e-14
-4.0652e-14
-4.0652e-14
-4.0652e-14
-4.0652e-14
-4.0652e-14
-4.0652e-14
-4.0652e-14
-4.0652e-14
-4.0652e-14
-4.0652e-14
-4.0652e-14
-4.0652e-14
-4.0652e-14
-4.0652e-14
-4.0652e-14
-4.0652e-14
-4.0652e-14
-4.0652e-14
-4.0652e-14
-4.0652e-14
-4.0652e-14
-4.0652e-14
-1.85112e-10
-1.52836e-11
-3.26859e-14
-4.0652e-14
-4.0652e-14
-4.0652e-14
-4.0652e-14
-4.0652e-14
-4.0652e-14
-4.0652e-14
-4.0652e-14
-4.0652e-14
-4.0652e-14
-4.0652e-14
-4.0652e-14
-4.0652e-14
-4.0652e-14
-4.0652e-14
-4.0652e-14
-4.0652e-14
-4.0652e-14
-4.0652e-14
-4.0652e-14
-4.0652e-14
-4.0652e-14
-4.0652e-14
-4.0652e-14
-4.0652e-14
-4.0652e-14
-4.0652e-14
-1.86927e-10
-2.04383e-11
-1.21652e-13
-4.06456e-14
-4.0652e-14
-4.0652e-14
-4.0652e-14
-4.0652e-14
-4.0652e-14
-4.0652e-14
-4.0652e-14
-4.0652e-14
-4.0652e-14
-4.0652e-14
-4.0652e-14
-4.0652e-14
-4.0652e-14
-4.0652e-14
-4.0652e-14
-4.0652e-14
-4.0652e-14
-4.0652e-14
-4.0652e-14
-4.0652e-14
-4.0652e-14
-4.0652e-14
-4.0652e-14
-4.0652e-14
-4.0652e-14
-4.0652e-14
-2.58021e-10
-1.85015e-11
-4.26865e-12
-6.64153e-14
-4.06235e-14
-4.0652e-14
-4.0652e-14
-4.0652e-14
-4.0652e-14
-4.0652e-14
-4.0652e-14
-4.0652e-14
-4.0652e-14
-4.0652e-14
-4.0652e-14
-4.0652e-14
-4.0652e-14
-4.0652e-14
-4.0652e-14
-4.0652e-14
-4.0652e-14
-4.0652e-14
-4.0652e-14
-4.0652e-14
-4.0652e-14
-4.0652e-14
-4.0652e-14
-4.0652e-14
-4.0652e-14
-4.0652e-14
-3.28134e-10
-4.55711e-11
-1.22666e-11
-7.49066e-12
-1.68545e-12
-4.01823e-14
-4.0652e-14
-4.0652e-14
-4.0652e-14
-4.0652e-14
-4.0652e-14
-4.0652e-14
-4.0652e-14
-4.0652e-14
-4.0652e-14
-4.0652e-14
-4.0652e-14
-4.0652e-14
-4.0652e-14
-4.0652e-14
-4.0652e-14
-4.0652e-14
-4.0652e-14
-4.0652e-14
-4.0652e-14
-4.0652e-14
-4.0652e-14
-4.0652e-14
-4.0652e-14
-4.0652e-14
-6.53044e-10
-1.6633e-11
-5.1997e-12
-3.73242e-12
-3.4695e-12
-3.20807e-13
-4.06195e-14
-4.0652e-14
-4.0652e-14
-4.0652e-14
-4.0652e-14
-4.0652e-14
-4.0652e-14
-4.0652e-14
-4.0652e-14
-4.0652e-14
-4.0652e-14
-4.0652e-14
-4.0652e-14
-4.0652e-14
-4.0652e-14
-4.0652e-14
-4.0652e-14
-4.0652e-14
-4.0652e-14
-4.0652e-14
-4.0652e-14
-4.0652e-14
-4.0652e-14
-4.0652e-14
-1.22133e-09
-1.96553e-10
-6.08945e-11
-2.93929e-11
-1.3696e-11
-7.43642e-12
-8.78929e-14
-4.06508e-14
-4.06517e-14
-4.06517e-14
-4.06517e-14
-4.0652e-14
-4.0652e-14
-4.0652e-14
-4.0652e-14
-4.0652e-14
-4.06519e-14
-4.0652e-14
-4.0652e-14
-4.0652e-14
-4.0652e-14
-4.0652e-14
-4.0652e-14
-4.0652e-14
-4.0652e-14
-4.06483e-14
-4.0652e-14
-4.0652e-14
-4.0652e-14
-4.0652e-14
-3.52152e-10
-1.59899e-10
-6.45606e-11
-4.27434e-11
-2.71708e-11
-2.03656e-11
-1.08108e-11
-9.75304e-12
-8.60724e-12
-1.14674e-11
-5.92589e-13
-3.25599e-14
-2.87103e-14
-2.66722e-14
-2.66998e-14
-2.7944e-14
-2.89669e-14
-2.89482e-14
-2.83577e-14
-2.90193e-14
-2.91687e-14
-3.34443e-14
-3.73735e-14
-6.60828e-14
-1.58942e-13
-6.23319e-13
-7.80931e-13
-4.65712e-13
-1.3729e-13
-2.66916e-14
-2.91966e-11
-2.82019e-11
-2.00677e-11
-1.97395e-11
-1.77358e-11
-1.77967e-11
-1.57465e-11
-1.50085e-11
-1.22372e-11
-1.18949e-11
-7.2905e-12
-6.15036e-12
-6.23201e-12
-6.45061e-12
-6.6342e-12
-6.79774e-12
-6.95191e-12
-7.09642e-12
-7.22736e-12
-7.34948e-12
-7.46406e-12
-7.57808e-12
-7.6959e-12
-7.83698e-12
-8.08428e-12
-8.28145e-12
-8.29022e-12
-8.08377e-12
-8.05196e-12
-8.12905e-12
-2.12267e-11
-1.72479e-11
-1.60209e-11
-1.52189e-11
-1.47244e-11
-1.50022e-11
-1.50165e-11
-1.43791e-11
-1.28791e-11
-1.18868e-11
-1.15157e-11
-1.07998e-11
-1.06756e-11
-1.08832e-11
-1.11717e-11
-1.14655e-11
-1.17403e-11
-1.1983e-11
-1.21633e-11
-1.23086e-11
-1.23991e-11
-1.25301e-11
-1.26394e-11
-1.28039e-11
-1.27567e-11
-1.25453e-11
-1.22646e-11
-1.21026e-11
-1.20742e-11
-1.23206e-11
-1.57072e-11
-1.54082e-11
-1.62815e-11
-1.68059e-11
-1.71154e-11
-1.7165e-11
-1.70003e-11
-1.62996e-11
-1.55209e-11
-1.48588e-11
-1.49854e-11
-1.49223e-11
-1.48621e-11
-1.49703e-11
-1.51459e-11
-1.52957e-11
-1.54037e-11
-1.54418e-11
-1.53962e-11
-1.52618e-11
-1.50301e-11
-1.48562e-11
-1.46929e-11
-1.46212e-11
-1.42943e-11
-1.39371e-11
-1.3415e-11
-1.28424e-11
-1.17822e-11
-1.10817e-11
-1.59195e-11
-1.80233e-11
-2.03726e-11
-2.1279e-11
-2.15639e-11
-2.12459e-11
-2.0777e-11
-2.00926e-11
-1.95296e-11
-1.91664e-11
-1.90744e-11
-1.8895e-11
-1.85439e-11
-1.816e-11
-1.7729e-11
-1.72246e-11
-1.66912e-11
-1.61277e-11
-1.5645e-11
-1.50469e-11
-1.43855e-11
-1.37728e-11
-1.31593e-11
-1.28711e-11
-1.22483e-11
-1.19444e-11
-1.13648e-11
-1.11586e-11
-9.14556e-12
-7.6386e-12
-2.2428e-11
-2.61813e-11
-2.60404e-11
-2.43855e-11
-2.31926e-11
-2.18736e-11
-2.10877e-11
-2.02493e-11
-1.98395e-11
-1.94264e-11
-1.91409e-11
-1.87139e-11
-1.80757e-11
-1.73185e-11
-1.63847e-11
-1.54283e-11
-1.434e-11
-1.32987e-11
-1.2649e-11
-1.17914e-11
-1.11299e-11
-1.03116e-11
-9.52555e-12
-8.94447e-12
-8.31548e-12
-7.98784e-12
-7.91328e-12
-7.69347e-12
-8.76431e-12
-1.26108e-11
-1.84022e-11
-1.7392e-11
-1.75029e-11
-1.74966e-11
-1.78744e-11
-1.77861e-11
-1.81571e-11
-1.80286e-11
-1.83586e-11
-1.81215e-11
-1.81018e-11
-1.75443e-11
-1.67645e-11
-1.56447e-11
-1.42556e-11
-1.31026e-11
-1.14977e-11
-1.01148e-11
-9.19092e-12
-8.2589e-12
-7.96136e-12
-7.21476e-12
-6.67479e-12
-4.75027e-12
-4.37799e-12
-4.35458e-12
-4.41674e-12
-4.38425e-12
-4.67645e-12
-2.1017e-12
-1.91189e-11
-1.93669e-11
-2.03938e-11
-2.0773e-11
-2.12374e-11
-2.07576e-11
-2.07259e-11
-1.99175e-11
-1.97776e-11
-1.86926e-11
-1.82879e-11
-1.67053e-11
-1.52914e-11
-1.32454e-11
-1.12655e-11
-9.77939e-12
-8.00883e-12
-6.81961e-12
-4.74394e-12
-4.2413e-12
-4.30925e-12
-4.00749e-12
-4.8957e-12
-3.87666e-14
-4.06518e-14
-4.0652e-14
-4.0652e-14
-4.0652e-14
-4.0652e-14
-4.0652e-14
-1.93144e-11
-1.88844e-11
-1.88578e-11
-1.84911e-11
-1.86036e-11
-1.80702e-11
-1.81467e-11
-1.76059e-11
-1.75247e-11
-1.6555e-11
-1.61222e-11
-1.35649e-11
-1.18192e-11
-9.22936e-12
-7.60025e-12
-5.05317e-12
-4.24241e-12
-4.40937e-12
-3.29342e-14
-4.0652e-14
-4.0652e-14
-4.0652e-14
-4.0652e-14
-4.0652e-14
-4.0652e-14
-4.0652e-14
-4.0652e-14
-4.0652e-14
-4.0652e-14
-4.0652e-14
-1.93799e-11
-1.90429e-11
-1.92129e-11
-1.90305e-11
-1.95661e-11
-1.90872e-11
-1.94492e-11
-1.85917e-11
-1.79807e-11
-1.67263e-11
-1.49104e-11
-1.07315e-11
-8.53648e-12
-5.12952e-12
-5.30648e-12
-2.13031e-13
-4.06451e-14
-4.0652e-14
-4.0652e-14
-4.0652e-14
-4.0652e-14
-4.0652e-14
-4.0652e-14
-4.0652e-14
-4.0652e-14
-4.0652e-14
-4.0652e-14
-4.0652e-14
-4.0652e-14
-4.0652e-14
-1.94437e-11
-1.92666e-11
-1.93824e-11
-1.91382e-11
-1.95019e-11
-1.86627e-11
-1.90226e-11
-1.72337e-11
-1.65738e-11
-1.47742e-11
-1.07551e-11
-6.36526e-12
-4.7304e-12
-2.65441e-14
-4.0652e-14
-4.0652e-14
-4.0652e-14
-4.0652e-14
-4.0652e-14
-4.0652e-14
-4.0652e-14
-4.0652e-14
-4.0652e-14
-4.0652e-14
-4.0652e-14
-4.0652e-14
-4.0652e-14
-4.0652e-14
-4.0652e-14
-4.0652e-14
-1.94932e-11
-1.94573e-11
-1.95495e-11
-1.94683e-11
-1.97733e-11
-1.91242e-11
-1.96302e-11
-1.70983e-11
-1.71124e-11
-1.25844e-11
-6.19172e-12
-2.66031e-12
-3.93231e-14
-4.0652e-14
-4.0652e-14
-4.0652e-14
-4.0652e-14
-4.0652e-14
-4.0652e-14
-4.0652e-14
-4.0652e-14
-4.0652e-14
-4.0652e-14
-4.0652e-14
-4.0652e-14
-4.0652e-14
-4.0652e-14
-4.0652e-14
-4.0652e-14
-4.0652e-14
-1.95176e-11
-1.96272e-11
-1.9671e-11
-1.986e-11
-1.99781e-11
-1.99028e-11
-1.98442e-11
-1.73759e-11
-1.71555e-11
-8.06699e-12
-4.94972e-13
-4.06218e-14
-4.0652e-14
-4.0652e-14
-4.0652e-14
-4.0652e-14
-4.0652e-14
-4.0652e-14
-4.0652e-14
-4.0652e-14
-4.0652e-14
-4.0652e-14
-4.0652e-14
-4.0652e-14
-4.0652e-14
-4.0652e-14
-4.0652e-14
-4.0652e-14
-4.0652e-14
-4.0652e-14
-1.95368e-11
-1.97389e-11
-1.97628e-11
-2.0158e-11
-2.01713e-11
-2.07819e-11
-2.02202e-11
-1.92721e-11
-1.63359e-11
-2.75907e-12
-4.02867e-14
-4.0652e-14
-4.0652e-14
-4.0652e-14
-4.0652e-14
-4.0652e-14
-4.0652e-14
-4.0652e-14
-4.0652e-14
-4.0652e-14
-4.0652e-14
-4.0652e-14
-4.0652e-14
-4.0652e-14
-4.0652e-14
-4.0652e-14
-4.0652e-14
-4.0652e-14
-4.0652e-14
-4.0652e-14
-1.95376e-11
-1.98076e-11
-1.97924e-11
-2.03405e-11
-2.02447e-11
-2.14042e-11
-2.0584e-11
-2.2428e-11
-1.29082e-11
-3.19052e-14
-4.0652e-14
-4.0652e-14
-4.0652e-14
-4.0652e-14
-4.0652e-14
-4.0652e-14
-4.0652e-14
-4.0652e-14
-4.0652e-14
-4.0652e-14
-4.0652e-14
-4.0652e-14
-4.0652e-14
-4.0652e-14
-4.0652e-14
-4.0652e-14
-4.0652e-14
-4.0652e-14
-4.0652e-14
-4.0652e-14
)
;

boundaryField
{
    inlet1
    {
        type            calculated;
        value           uniform -5e-10;
    }
    inlet2
    {
        type            calculated;
        value           nonuniform List<scalar> 10(-1.86927e-10 -2.58021e-10 -3.28134e-10 -6.53044e-10 -1.22133e-09 -3.52152e-10 -2.91966e-11 -2.12267e-11 -1.57072e-11 -1.59195e-11);
    }
    inlet3
    {
        type            calculated;
        value           uniform -1.95111e-11;
    }
    output1
    {
        type            calculated;
        value           nonuniform List<scalar> 10(-4.0652e-14 -4.0652e-14 -4.0652e-14 -4.0652e-14 -4.0652e-14 -4.0652e-14 -4.0652e-14 -4.0652e-14 -4.0652e-14 -4.0652e-14);
    }
    output2
    {
        type            calculated;
        value           nonuniform List<scalar> 10(-4.0652e-14 -4.0652e-14 -4.0652e-14 -4.0652e-14 -4.0652e-14 -2.66916e-14 -8.12905e-12 -1.23206e-11 -1.10817e-11 -7.6386e-12);
    }
    output3
    {
        type            calculated;
        value           nonuniform List<scalar> 10(-1.26108e-11 -2.1017e-12 -4.0652e-14 -4.0652e-14 -4.0652e-14 -4.0652e-14 -4.0652e-14 -4.0652e-14 -4.0652e-14 -4.0652e-14);
    }
    up
    {
        type            calculated;
        value           nonuniform List<scalar> 
30
(
-1.95376e-11
-1.98076e-11
-1.97924e-11
-2.03405e-11
-2.02447e-11
-2.14042e-11
-2.0584e-11
-2.2428e-11
-1.29082e-11
-3.19052e-14
-4.0652e-14
-4.0652e-14
-4.0652e-14
-4.0652e-14
-4.0652e-14
-4.0652e-14
-4.0652e-14
-4.0652e-14
-4.0652e-14
-4.0652e-14
-4.0652e-14
-4.0652e-14
-4.0652e-14
-4.0652e-14
-4.0652e-14
-4.0652e-14
-4.0652e-14
-4.0652e-14
-4.0652e-14
-4.0652e-14
)
;
    }
    down
    {
        type            calculated;
        value           nonuniform List<scalar> 
30
(
-2.55944e-10
-2.57577e-11
-6.38541e-12
-1.14549e-13
-4.06229e-14
-4.0652e-14
-4.0652e-14
-4.0652e-14
-4.0652e-14
-4.0652e-14
-4.0652e-14
-4.0652e-14
-4.0652e-14
-4.0652e-14
-4.0652e-14
-4.0652e-14
-4.0652e-14
-4.0652e-14
-4.0652e-14
-4.0652e-14
-4.0652e-14
-4.0652e-14
-4.0652e-14
-4.0652e-14
-4.0652e-14
-4.0652e-14
-4.0652e-14
-4.0652e-14
-4.0652e-14
-4.0652e-14
)
;
    }
    emptyWalls
    {
        type            empty;
    }
}


// ************************************************************************* //
