/*--------------------------------*- C++ -*----------------------------------*\
  =========                 |
  \\      /  F ield         | OpenFOAM: The Open Source CFD Toolbox
   \\    /   O peration     | Website:  https://openfoam.org
    \\  /    A nd           | Version:  9
     \\/     M anipulation  |
\*---------------------------------------------------------------------------*/
FoamFile
{
    format      ascii;
    class       volScalarField;
    location    "8500";
    object      fw;
}
// * * * * * * * * * * * * * * * * * * * * * * * * * * * * * * * * * * * * * //

dimensions      [0 0 0 0 0 0 0];

internalField   nonuniform List<scalar> 
900
(
0.999899
0.94544
0.632318
0.00710425
4.93276e-09
4.7991e-09
4.7991e-09
4.7991e-09
4.7991e-09
4.7991e-09
4.7991e-09
4.7991e-09
4.7991e-09
4.7991e-09
4.7991e-09
4.7991e-09
4.7991e-09
4.7991e-09
4.7991e-09
4.7991e-09
4.7991e-09
4.7991e-09
4.7991e-09
4.7991e-09
4.7991e-09
4.7991e-09
4.7991e-09
4.7991e-09
4.7991e-09
4.7991e-09
0.995737
0.775837
0.675703
0.00100023
4.8131e-09
4.7991e-09
4.7991e-09
4.7991e-09
4.7991e-09
4.7991e-09
4.7991e-09
4.7991e-09
4.7991e-09
4.7991e-09
4.7991e-09
4.7991e-09
4.7991e-09
4.7991e-09
4.7991e-09
4.7991e-09
4.7991e-09
4.7991e-09
4.7991e-09
4.7991e-09
4.7991e-09
4.7991e-09
4.7991e-09
4.7991e-09
4.7991e-09
4.7991e-09
0.980809
0.845517
0.765367
0.000243772
4.8025e-09
4.7991e-09
4.7991e-09
4.7991e-09
4.7991e-09
4.7991e-09
4.7991e-09
4.7991e-09
4.7991e-09
4.7991e-09
4.7991e-09
4.7991e-09
4.7991e-09
4.7991e-09
4.7991e-09
4.7991e-09
4.7991e-09
4.7991e-09
4.7991e-09
4.7991e-09
4.7991e-09
4.7991e-09
4.7991e-09
4.7991e-09
4.7991e-09
4.7991e-09
0.996014
0.893639
0.714717
2.88671e-05
4.79948e-09
4.7991e-09
4.7991e-09
4.7991e-09
4.7991e-09
4.7991e-09
4.7991e-09
4.7991e-09
4.7991e-09
4.7991e-09
4.7991e-09
4.7991e-09
4.7991e-09
4.7991e-09
4.7991e-09
4.7991e-09
4.7991e-09
4.7991e-09
4.7991e-09
4.7991e-09
4.7991e-09
4.7991e-09
4.7991e-09
4.7991e-09
4.7991e-09
4.7991e-09
0.993221
0.912492
0.777872
1.18382e-06
4.79911e-09
4.7991e-09
4.7991e-09
4.7991e-09
4.7991e-09
4.7991e-09
4.7991e-09
4.7991e-09
4.7991e-09
4.7991e-09
4.7991e-09
4.7991e-09
4.7991e-09
4.7991e-09
4.7991e-09
4.7991e-09
4.7991e-09
4.7991e-09
4.7991e-09
4.7991e-09
4.7991e-09
4.7991e-09
4.7991e-09
4.7991e-09
4.7991e-09
4.7991e-09
0.998336
0.896376
0.495671
1.42829e-08
4.7991e-09
4.7991e-09
4.7991e-09
4.7991e-09
4.7991e-09
4.7991e-09
4.7991e-09
4.7991e-09
4.7991e-09
4.7991e-09
4.7991e-09
4.7991e-09
4.7991e-09
4.7991e-09
4.7991e-09
4.7991e-09
4.7991e-09
4.7991e-09
4.7991e-09
4.7991e-09
4.7991e-09
4.7991e-09
4.7991e-09
4.7991e-09
4.7991e-09
4.7991e-09
0.997253
0.844175
0.00542121
4.9329e-09
4.7991e-09
4.7991e-09
4.7991e-09
4.7991e-09
4.7991e-09
4.7991e-09
4.7991e-09
4.7991e-09
4.7991e-09
4.7991e-09
4.7991e-09
4.7991e-09
4.7991e-09
4.7991e-09
4.7991e-09
4.7991e-09
4.7991e-09
4.7991e-09
4.7991e-09
4.7991e-09
4.7991e-09
4.7991e-09
4.7991e-09
4.7991e-09
4.7991e-09
4.7991e-09
0.999033
0.84677
0.000769725
4.81339e-09
4.7991e-09
4.7991e-09
4.7991e-09
4.7991e-09
4.7991e-09
4.7991e-09
4.7991e-09
4.7991e-09
4.7991e-09
4.7991e-09
4.7991e-09
4.7991e-09
4.7991e-09
4.7991e-09
4.7991e-09
4.7991e-09
4.7991e-09
4.7991e-09
4.7991e-09
4.7991e-09
4.7991e-09
4.7991e-09
4.7991e-09
4.7991e-09
4.7991e-09
4.7991e-09
0.998537
0.862572
2.1445e-05
4.79936e-09
4.7991e-09
4.7991e-09
4.7991e-09
4.7991e-09
4.7991e-09
4.7991e-09
4.7991e-09
4.7991e-09
4.7991e-09
4.7991e-09
4.7991e-09
4.7991e-09
4.7991e-09
4.7991e-09
4.7991e-09
4.7991e-09
4.7991e-09
4.7991e-09
4.7991e-09
4.7991e-09
4.7991e-09
4.7991e-09
4.7991e-09
4.7991e-09
4.7991e-09
4.7991e-09
0.99957
0.873828
1.45833e-06
4.79911e-09
4.7991e-09
4.7991e-09
4.7991e-09
4.7991e-09
4.7991e-09
4.7991e-09
4.7991e-09
4.7991e-09
4.7991e-09
4.7991e-09
4.7991e-09
4.7991e-09
4.7991e-09
4.7991e-09
4.7991e-09
4.7991e-09
4.7991e-09
4.7991e-09
4.7991e-09
4.7991e-09
4.7991e-09
4.7991e-09
4.7991e-09
4.7991e-09
4.7991e-09
4.79911e-09
0.999586
0.919551
0.00772227
4.82837e-09
4.7991e-09
4.7991e-09
4.7991e-09
4.7991e-09
4.7991e-09
4.7991e-09
4.7991e-09
4.7991e-09
4.7991e-09
4.7991e-09
4.7991e-09
4.7991e-09
4.7991e-09
4.7991e-09
4.7991e-09
4.7991e-09
4.7991e-09
4.7991e-09
4.7991e-09
4.7991e-09
4.7991e-09
4.7991e-09
4.7991e-09
4.7991e-09
4.79909e-09
4.79909e-09
0.999903
0.905689
0.485544
0.00315152
4.92988e-09
4.7991e-09
4.7991e-09
4.7991e-09
4.7991e-09
4.7991e-09
4.7991e-09
4.7991e-09
4.7991e-09
4.7991e-09
4.7991e-09
4.7991e-09
4.7991e-09
4.7991e-09
4.7991e-09
4.7991e-09
4.7991e-09
4.7991e-09
4.7991e-09
4.7991e-09
4.7991e-09
4.7991e-09
4.7991e-09
4.7991e-09
4.7991e-09
4.7991e-09
0.999979
0.981347
0.827781
0.687103
0.202592
7.40293e-09
4.7991e-09
4.7991e-09
4.7991e-09
4.7991e-09
4.7991e-09
4.7991e-09
4.7991e-09
4.7991e-09
4.7991e-09
4.7991e-09
4.7991e-09
4.7991e-09
4.7991e-09
4.7991e-09
4.7991e-09
4.7991e-09
4.7991e-09
4.7991e-09
4.7991e-09
4.7991e-09
4.7991e-09
4.7991e-09
4.7991e-09
4.7991e-09
1
0.888828
0.558068
0.437057
0.411328
0.0275157
4.94869e-09
4.7991e-09
4.7991e-09
4.7991e-09
4.7991e-09
4.7991e-09
4.7991e-09
4.7991e-09
4.7991e-09
4.7991e-09
4.7991e-09
4.7991e-09
4.7991e-09
4.7991e-09
4.7991e-09
4.7991e-09
4.7991e-09
4.7991e-09
4.7991e-09
4.7991e-09
4.7991e-09
4.7991e-09
4.7991e-09
4.7991e-09
1.00007
0.99966
0.989929
0.956799
0.852166
0.684687
0.00486092
4.80463e-09
4.80052e-09
4.8007e-09
4.80087e-09
4.7991e-09
4.79912e-09
4.79919e-09
4.79932e-09
4.79948e-09
4.79956e-09
4.79951e-09
4.79941e-09
4.79939e-09
4.79931e-09
4.79933e-09
4.79919e-09
4.7991e-09
4.7991e-09
4.8159e-09
4.7991e-09
4.7991e-09
4.7991e-09
4.7991e-09
0.999989
0.999268
0.991167
0.978774
0.950305
0.919085
0.796555
0.768543
0.731603
0.811564
0.0592337
1.56873e-06
1.39465e-05
6.2898e-05
0.000165391
0.000295823
0.000381249
0.000379742
0.000331356
0.000385436
0.000397321
0.000716226
0.000998365
0.00312581
0.0110894
0.0630335
0.0829791
0.0439473
0.00911017
6.13715e-05
0.956275
0.953478
0.917136
0.914908
0.899255
0.89979
0.879285
0.870417
0.82722
0.820498
0.678056
0.619004
0.623702
0.6359
0.645733
0.65419
0.661911
0.668935
0.675128
0.680759
0.685921
0.690944
0.696018
0.701942
0.711945
0.719586
0.71992
0.711924
0.710664
0.713705
0.924368
0.894823
0.882361
0.873038
0.866753
0.870338
0.870518
0.862095
0.838888
0.820335
0.812605
0.796288
0.793252
0.798291
0.805007
0.811523
0.817338
0.822263
0.825801
0.828577
0.830274
0.83269
0.834668
0.83758
0.836753
0.832967
0.827742
0.824621
0.824065
0.828803
0.878836
0.875332
0.885179
0.890563
0.893571
0.894042
0.892467
0.88537
0.876669
0.868505
0.870124
0.869321
0.868548
0.869933
0.872138
0.873976
0.875278
0.875733
0.875188
0.873563
0.87069
0.868471
0.866338
0.865385
0.860916
0.855785
0.847782
0.838252
0.818203
0.802946
0.881237
0.901743
0.91913
0.924673
0.926302
0.92448
0.921673
0.917301
0.913438
0.910809
0.910125
0.908768
0.906028
0.902895
0.899196
0.894605
0.889416
0.883528
0.878118
0.870901
0.862183
0.853333
0.843628
0.838751
0.827433
0.821493
0.809324
0.804708
0.749923
0.693565
0.93095
0.946967
0.946466
0.940046
0.934722
0.928018
0.923549
0.918332
0.915596
0.912703
0.91062
0.907369
0.902187
0.895482
0.886268
0.875573
0.861553
0.845912
0.834839
0.818391
0.804054
0.783974
0.761808
0.743292
0.720876
0.708101
0.705079
0.695914
0.737138
0.834152
0.904889
0.896161
0.897174
0.897117
0.900466
0.899698
0.902871
0.901788
0.904534
0.902572
0.902407
0.897549
0.890151
0.878115
0.860373
0.842686
0.812216
0.778709
0.751385
0.718727
0.707033
0.674539
0.647858
0.5248
0.494801
0.492836
0.498031
0.495324
0.519034
0.256147
0.910456
0.912274
0.919267
0.921648
0.92443
0.921553
0.921358
0.916127
0.915171
0.907203
0.903955
0.889558
0.873923
0.845046
0.807122
0.769306
0.708943
0.6553
0.524309
0.483196
0.489005
0.462582
0.535907
0.00109812
4.80013e-09
4.7991e-09
4.7991e-09
4.7991e-09
4.7991e-09
4.7991e-09
0.911894
0.908687
0.908484
0.905606
0.906502
0.90214
0.902784
0.898102
0.897372
0.888033
0.883467
0.850144
0.81896
0.752615
0.691908
0.547561
0.483292
0.497419
1.26199e-06
4.7992e-09
4.79914e-09
4.79912e-09
4.7991e-09
4.7991e-09
4.7991e-09
4.7991e-09
4.7991e-09
4.7991e-09
4.7991e-09
4.7991e-09
0.912368
0.909888
0.911151
0.909795
0.913697
0.91022
0.912866
0.906408
0.90138
0.889769
0.869169
0.794625
0.729055
0.553075
0.565526
0.0162887
4.8308e-09
4.79914e-09
4.7991e-09
4.7991e-09
4.7991e-09
4.7991e-09
4.7991e-09
4.7991e-09
4.7991e-09
4.7991e-09
4.7991e-09
4.7991e-09
4.7991e-09
4.7991e-09
0.912827
0.911545
0.912386
0.9106
0.913242
0.906968
0.909736
0.894691
0.888226
0.867406
0.795202
0.631202
0.523257
7.65611e-05
4.79925e-09
4.79922e-09
4.7991e-09
4.7991e-09
4.7991e-09
4.7991e-09
4.7991e-09
4.7991e-09
4.7991e-09
4.7991e-09
4.7991e-09
4.7991e-09
4.7991e-09
4.7991e-09
4.7991e-09
4.7991e-09
0.91318
0.912924
0.913579
0.913002
0.915141
0.910495
0.914148
0.893408
0.893543
0.833677
0.621394
0.323762
1.56364e-08
4.7991e-09
4.7991e-09
4.7991e-09
4.7991e-09
4.7991e-09
4.7991e-09
4.7991e-09
4.7991e-09
4.7991e-09
4.7991e-09
4.7991e-09
4.7991e-09
4.7991e-09
4.7991e-09
4.7991e-09
4.7991e-09
4.7991e-09
0.913353
0.914126
0.914433
0.915736
0.916535
0.916027
0.915628
0.896012
0.893952
0.71126
0.0474088
4.93754e-09
4.7991e-09
4.7991e-09
4.7991e-09
4.7991e-09
4.7991e-09
4.7991e-09
4.7991e-09
4.7991e-09
4.7991e-09
4.7991e-09
4.7991e-09
4.7991e-09
4.7991e-09
4.7991e-09
4.7991e-09
4.7991e-09
4.7991e-09
4.7991e-09
0.91349
0.914904
0.915069
0.917734
0.917821
0.921703
0.918142
0.911586
0.885755
0.335127
6.73375e-09
4.7991e-09
4.7991e-09
4.7991e-09
4.7991e-09
4.7991e-09
4.7991e-09
4.7991e-09
4.7991e-09
4.7991e-09
4.7991e-09
4.7991e-09
4.7991e-09
4.7991e-09
4.7991e-09
4.7991e-09
4.7991e-09
4.7991e-09
4.7991e-09
4.7991e-09
0.913496
0.915377
0.915273
0.918924
0.918302
0.925395
0.920474
0.93095
0.83939
2.28283e-06
4.7991e-09
4.7991e-09
4.7991e-09
4.7991e-09
4.7991e-09
4.7991e-09
4.7991e-09
4.7991e-09
4.7991e-09
4.7991e-09
4.7991e-09
4.7991e-09
4.7991e-09
4.7991e-09
4.7991e-09
4.7991e-09
4.7991e-09
4.7991e-09
4.7991e-09
4.7991e-09
)
;

boundaryField
{
    inlet1
    {
        type            calculated;
        value           uniform 1;
    }
    inlet2
    {
        type            calculated;
        value           nonuniform List<scalar> 10(0.999586 0.999903 0.999979 1 1.00007 0.999989 0.956275 0.924368 0.878836 0.881237);
    }
    inlet3
    {
        type            calculated;
        value           uniform 0.913307;
    }
    output1
    {
        type            calculated;
        value           nonuniform List<scalar> 10(4.7991e-09 4.7991e-09 4.7991e-09 4.7991e-09 4.7991e-09 4.7991e-09 4.7991e-09 4.7991e-09 4.7991e-09 4.79911e-09);
    }
    output2
    {
        type            calculated;
        value           nonuniform List<scalar> 10(4.79909e-09 4.7991e-09 4.7991e-09 4.7991e-09 4.7991e-09 6.13715e-05 0.713705 0.828803 0.802946 0.693565);
    }
    output3
    {
        type            calculated;
        value           nonuniform List<scalar> 10(0.834152 0.256147 4.7991e-09 4.7991e-09 4.7991e-09 4.7991e-09 4.7991e-09 4.7991e-09 4.7991e-09 4.7991e-09);
    }
    up
    {
        type            calculated;
        value           nonuniform List<scalar> 
30
(
0.913496
0.915377
0.915273
0.918924
0.918302
0.925395
0.920474
0.93095
0.83939
2.28283e-06
4.7991e-09
4.7991e-09
4.7991e-09
4.7991e-09
4.7991e-09
4.7991e-09
4.7991e-09
4.7991e-09
4.7991e-09
4.7991e-09
4.7991e-09
4.7991e-09
4.7991e-09
4.7991e-09
4.7991e-09
4.7991e-09
4.7991e-09
4.7991e-09
4.7991e-09
4.7991e-09
)
;
    }
    down
    {
        type            calculated;
        value           nonuniform List<scalar> 
30
(
0.999899
0.94544
0.632318
0.00710425
4.93276e-09
4.7991e-09
4.7991e-09
4.7991e-09
4.7991e-09
4.7991e-09
4.7991e-09
4.7991e-09
4.7991e-09
4.7991e-09
4.7991e-09
4.7991e-09
4.7991e-09
4.7991e-09
4.7991e-09
4.7991e-09
4.7991e-09
4.7991e-09
4.7991e-09
4.7991e-09
4.7991e-09
4.7991e-09
4.7991e-09
4.7991e-09
4.7991e-09
4.7991e-09
)
;
    }
    emptyWalls
    {
        type            empty;
    }
}


// ************************************************************************* //
