/*--------------------------------*- C++ -*----------------------------------*\
  =========                 |
  \\      /  F ield         | OpenFOAM: The Open Source CFD Toolbox
   \\    /   O peration     | Website:  https://openfoam.org
    \\  /    A nd           | Version:  9
     \\/     M anipulation  |
\*---------------------------------------------------------------------------*/
FoamFile
{
    format      ascii;
    class       volScalarField;
    location    "8500";
    object      p;
}
// * * * * * * * * * * * * * * * * * * * * * * * * * * * * * * * * * * * * * //

dimensions      [0 0 0 0 0 0 0];

internalField   nonuniform List<scalar> 
900
(
3.10409e+07
3.1039e+07
3.10309e+07
3.10171e+07
3.04445e+07
2.95332e+07
2.86891e+07
2.78716e+07
2.70644e+07
2.62596e+07
2.5453e+07
2.46428e+07
2.38282e+07
2.30097e+07
2.21887e+07
2.13673e+07
2.05485e+07
1.97362e+07
1.89351e+07
1.81508e+07
1.73899e+07
1.66601e+07
1.59702e+07
1.533e+07
1.47501e+07
1.42419e+07
1.38171e+07
1.34867e+07
1.32603e+07
1.31451e+07
3.10367e+07
3.10313e+07
3.10183e+07
3.10103e+07
3.02628e+07
2.94664e+07
2.86624e+07
2.78614e+07
2.7062e+07
2.62612e+07
2.54567e+07
2.46471e+07
2.38321e+07
2.30123e+07
2.21891e+07
2.13647e+07
2.0542e+07
1.9725e+07
1.89183e+07
1.81273e+07
1.73588e+07
1.66203e+07
1.59206e+07
1.52696e+07
1.46783e+07
1.41586e+07
1.37227e+07
1.33826e+07
1.3149e+07
1.303e+07
3.10146e+07
3.10063e+07
3.09984e+07
3.09925e+07
3.01599e+07
2.94071e+07
2.86326e+07
2.78496e+07
2.70611e+07
2.62667e+07
2.54655e+07
2.46568e+07
2.38408e+07
2.30183e+07
2.21906e+07
2.13602e+07
2.053e+07
1.97036e+07
1.88856e+07
1.80815e+07
1.72977e+07
1.65416e+07
1.58222e+07
1.51495e+07
1.4535e+07
1.39915e+07
1.35326e+07
1.31722e+07
1.29232e+07
1.27958e+07
3.09816e+07
3.09772e+07
3.09725e+07
3.09654e+07
3.01132e+07
2.93696e+07
2.86114e+07
2.78432e+07
2.7066e+07
2.6279e+07
2.54817e+07
2.46739e+07
2.38561e+07
2.30293e+07
2.2195e+07
2.13556e+07
2.0514e+07
1.96738e+07
1.88392e+07
1.80154e+07
1.72087e+07
1.64264e+07
1.56771e+07
1.49712e+07
1.43207e+07
1.37397e+07
1.32439e+07
1.28503e+07
1.25757e+07
1.24342e+07
3.09447e+07
3.09433e+07
3.09439e+07
3.09376e+07
3.00949e+07
2.93468e+07
2.86001e+07
2.78461e+07
2.70805e+07
2.63016e+07
2.55084e+07
2.47011e+07
2.38805e+07
2.30477e+07
2.22045e+07
2.13532e+07
2.04967e+07
1.96382e+07
1.87818e+07
1.79323e+07
1.70954e+07
1.62781e+07
1.54887e+07
1.47375e+07
1.4037e+07
1.34027e+07
1.28529e+07
1.24094e+07
1.20951e+07
1.19312e+07
3.09046e+07
3.09059e+07
3.09135e+07
3.08934e+07
3.00611e+07
2.93225e+07
2.8596e+07
2.78604e+07
2.71086e+07
2.63383e+07
2.55492e+07
2.47417e+07
2.39169e+07
2.30764e+07
2.22221e+07
2.13562e+07
2.04813e+07
1.96006e+07
1.87176e+07
1.78366e+07
1.69626e+07
1.61018e+07
1.5262e+07
1.4453e+07
1.36872e+07
1.2981e+07
1.23559e+07
1.18393e+07
1.14641e+07
1.12644e+07
3.08604e+07
3.08617e+07
3.0872e+07
3.05722e+07
2.9946e+07
2.9286e+07
2.86012e+07
2.7891e+07
2.71551e+07
2.63939e+07
2.56083e+07
2.47995e+07
2.39691e+07
2.3119e+07
2.22512e+07
2.1368e+07
2.04719e+07
1.95653e+07
1.86515e+07
1.77338e+07
1.68164e+07
1.59045e+07
1.50046e+07
1.41252e+07
1.32777e+07
1.24783e+07
1.17503e+07
1.11277e+07
1.06575e+07
1.03978e+07
3.08118e+07
3.08111e+07
3.08091e+07
3.03828e+07
2.98651e+07
2.92742e+07
2.86316e+07
2.79473e+07
2.72269e+07
2.64739e+07
2.56907e+07
2.4879e+07
2.40411e+07
2.31792e+07
2.22958e+07
2.13929e+07
2.04727e+07
1.95374e+07
1.85892e+07
1.76307e+07
1.66648e+07
1.56953e+07
1.47268e+07
1.37655e+07
1.28201e+07
1.19042e+07
1.10395e+07
1.02635e+07
9.64062e+06
9.27156e+06
3.07608e+07
3.07599e+07
3.07578e+07
3.03188e+07
2.98573e+07
2.93142e+07
2.87039e+07
2.80397e+07
2.73313e+07
2.65842e+07
2.58014e+07
2.49848e+07
2.4137e+07
2.32611e+07
2.23597e+07
2.1435e+07
2.04887e+07
1.95223e+07
1.85372e+07
1.75349e+07
1.65169e+07
1.54851e+07
1.44417e+07
1.33898e+07
1.23332e+07
1.12788e+07
1.02399e+07
9.24635e+06
8.36983e+06
7.77625e+06
3.071e+07
3.07089e+07
3.07068e+07
3.03457e+07
2.99311e+07
2.94215e+07
2.883e+07
2.81762e+07
2.74743e+07
2.67304e+07
2.59458e+07
2.51216e+07
2.42612e+07
2.33685e+07
2.2447e+07
2.14987e+07
2.05248e+07
1.9526e+07
1.85026e+07
1.74547e+07
1.63827e+07
1.52864e+07
1.41653e+07
1.30186e+07
1.18441e+07
1.0638e+07
9.39488e+06
8.11215e+06
6.8161e+06
5.68735e+06
3.06622e+07
3.06615e+07
3.06494e+07
3.04613e+07
3.01001e+07
2.96106e+07
2.90184e+07
2.83609e+07
2.76593e+07
2.69171e+07
2.61299e+07
2.52948e+07
2.44175e+07
2.35048e+07
2.2561e+07
2.15879e+07
2.05859e+07
1.95543e+07
1.84922e+07
1.73988e+07
1.62728e+07
1.51123e+07
1.39146e+07
1.26753e+07
1.13867e+07
1.00343e+07
8.58944e+06
6.99128e+06
5.09508e+06
2.4697e+06
3.06227e+07
3.06202e+07
3.05978e+07
3.05384e+07
3.03974e+07
2.99023e+07
2.9272e+07
2.85898e+07
2.78847e+07
2.71491e+07
2.63617e+07
2.55102e+07
2.46093e+07
2.36721e+07
2.27042e+07
2.17062e+07
2.06765e+07
1.96129e+07
1.85133e+07
1.73756e+07
1.61974e+07
1.49755e+07
1.37056e+07
1.23813e+07
1.09929e+07
9.52313e+06
7.93726e+06
6.16844e+06
4.10325e+06
1.56607e+06
3.05939e+07
3.05921e+07
3.05688e+07
3.05075e+07
3.0426e+07
3.03319e+07
2.95777e+07
2.88416e+07
2.81407e+07
2.74328e+07
2.66577e+07
2.57749e+07
2.48373e+07
2.38701e+07
2.28776e+07
2.18562e+07
2.0801e+07
1.97076e+07
1.85725e+07
1.73929e+07
1.61656e+07
1.48867e+07
1.35509e+07
1.21515e+07
1.06805e+07
9.12804e+06
7.46804e+06
5.64197e+06
3.58338e+06
1.25742e+06
3.05774e+07
3.0574e+07
3.05335e+07
3.04454e+07
3.03219e+07
3.0147e+07
2.98698e+07
2.90581e+07
2.84037e+07
2.77839e+07
2.70612e+07
2.60945e+07
2.50948e+07
2.40936e+07
2.30799e+07
2.20401e+07
2.09637e+07
1.98438e+07
1.86762e+07
1.74579e+07
1.61853e+07
1.48547e+07
1.34598e+07
1.19933e+07
1.04495e+07
8.8405e+06
7.16486e+06
5.34804e+06
3.33087e+06
1.13763e+06
3.05699e+07
3.05624e+07
3.05227e+07
3.04275e+07
3.02775e+07
3.00659e+07
2.97881e+07
2.91177e+07
2.86321e+07
2.82377e+07
2.77089e+07
2.64471e+07
2.53537e+07
2.43295e+07
2.33082e+07
2.22604e+07
2.11699e+07
2.00279e+07
1.88307e+07
1.7577e+07
1.62632e+07
1.48871e+07
1.34402e+07
1.19124e+07
1.02839e+07
8.61953e+06
7.00288e+06
5.25444e+06
3.25443e+06
1.09989e+06
3.05679e+07
3.05539e+07
3.05042e+07
3.03896e+07
3.02102e+07
2.99575e+07
2.96033e+07
2.91134e+07
2.86334e+07
2.82418e+07
2.78862e+07
2.66516e+07
2.55762e+07
2.46107e+07
2.3616e+07
2.25722e+07
2.14707e+07
2.03073e+07
1.90794e+07
1.77862e+07
1.64263e+07
1.50004e+07
1.35042e+07
1.19274e+07
1.0231e+07
8.58664e+06
6.99989e+06
5.2798e+06
3.29011e+06
1.10895e+06
3.05781e+07
3.05591e+07
3.04906e+07
3.03497e+07
3.01371e+07
2.98532e+07
2.94908e+07
2.90608e+07
2.85883e+07
2.8091e+07
2.74543e+07
2.65399e+07
2.55767e+07
2.46136e+07
2.36197e+07
2.25762e+07
2.14744e+07
2.03105e+07
1.90823e+07
1.77888e+07
1.64292e+07
1.50037e+07
1.35122e+07
1.19552e+07
1.03394e+07
8.68996e+06
6.99038e+06
5.17082e+06
3.18805e+06
1.07969e+06
3.06776e+07
3.06291e+07
3.05223e+07
3.03457e+07
3.01014e+07
2.97949e+07
2.94286e+07
2.90046e+07
2.85162e+07
2.79516e+07
2.72775e+07
2.64776e+07
2.55939e+07
2.46602e+07
2.36779e+07
2.26397e+07
2.15401e+07
2.03767e+07
1.91485e+07
1.78553e+07
1.64959e+07
1.50715e+07
1.35843e+07
1.20405e+07
1.04433e+07
8.7903e+06
7.06542e+06
5.23364e+06
3.25196e+06
1.11652e+06
3.08637e+07
3.07785e+07
3.06185e+07
3.03974e+07
3.01216e+07
2.97939e+07
2.94145e+07
2.89786e+07
2.84758e+07
2.78949e+07
2.72301e+07
2.64804e+07
2.56503e+07
2.47508e+07
2.37872e+07
2.27584e+07
2.1662e+07
2.04977e+07
1.92674e+07
1.79729e+07
1.66141e+07
1.51915e+07
1.37055e+07
1.21612e+07
1.056e+07
8.90589e+06
7.19719e+06
5.41579e+06
3.48122e+06
1.27394e+06
3.1165e+07
3.09966e+07
3.07647e+07
3.04945e+07
3.01867e+07
2.9838e+07
2.94438e+07
2.89974e+07
2.849e+07
2.79149e+07
2.7269e+07
2.65506e+07
2.57566e+07
2.48875e+07
2.39447e+07
2.29279e+07
2.18354e+07
2.0667e+07
1.94293e+07
1.81286e+07
1.67704e+07
1.53552e+07
1.3873e+07
1.2319e+07
1.06942e+07
9.02559e+06
7.3353e+06
5.64105e+06
3.87773e+06
1.79138e+06
3.15626e+07
3.12336e+07
3.09307e+07
3.06178e+07
3.0282e+07
2.99152e+07
2.95105e+07
2.90602e+07
2.85574e+07
2.79959e+07
2.73712e+07
2.66788e+07
2.5913e+07
2.50697e+07
2.41463e+07
2.3143e+07
2.20564e+07
2.08821e+07
1.96277e+07
1.83066e+07
1.69458e+07
1.55524e+07
1.41024e+07
1.25346e+07
1.08456e+07
9.13241e+06
7.44854e+06
5.80281e+06
4.29723e+06
3.24343e+06
3.18802e+07
3.14702e+07
3.11068e+07
3.07568e+07
3.03994e+07
3.00208e+07
2.96129e+07
2.91668e+07
2.86764e+07
2.81336e+07
2.75328e+07
2.68659e+07
2.61255e+07
2.53046e+07
2.43967e+07
2.34043e+07
2.23262e+07
2.11563e+07
1.98728e+07
1.84903e+07
1.71111e+07
1.57602e+07
1.44352e+07
1.28924e+07
1.09945e+07
9.21135e+06
7.5371e+06
5.98028e+06
4.68857e+06
3.71093e+06
3.21301e+07
3.16963e+07
3.12979e+07
3.09192e+07
3.05445e+07
3.01594e+07
2.97543e+07
2.93192e+07
2.88469e+07
2.83274e+07
2.77534e+07
2.71117e+07
2.63938e+07
2.55913e+07
2.46974e+07
2.37026e+07
2.262e+07
2.15057e+07
2.02098e+07
1.86445e+07
1.7216e+07
1.58976e+07
1.48343e+07
1.38522e+07
1.10259e+07
9.23135e+06
7.56139e+06
6.01319e+06
4.7273e+06
3.82832e+06
3.23333e+07
3.1891e+07
3.1476e+07
3.10813e+07
3.06979e+07
3.03133e+07
2.99183e+07
2.95018e+07
2.90544e+07
2.85649e+07
2.80225e+07
2.74066e+07
2.67087e+07
2.59158e+07
2.50525e+07
2.40496e+07
2.28647e+07
2.18956e+07
2.10001e+07
1.86632e+07
1.72242e+07
1.59089e+07
1.48334e+07
1.35395e+07
1.17661e+07
1.01877e+07
8.77105e+06
7.54191e+06
6.58728e+06
6.02262e+06
3.24995e+07
3.20551e+07
3.16356e+07
3.12369e+07
3.08551e+07
3.04796e+07
3.01034e+07
2.97138e+07
2.92995e+07
2.88477e+07
2.8339e+07
2.77508e+07
2.70774e+07
2.62734e+07
2.54289e+07
2.47089e+07
2.29509e+07
2.18893e+07
2.05751e+07
1.89676e+07
1.75411e+07
1.6228e+07
1.50007e+07
1.37135e+07
1.23111e+07
1.09823e+07
9.79324e+06
8.79611e+06
8.05731e+06
7.65226e+06
3.26344e+07
3.21906e+07
3.17722e+07
3.13767e+07
3.10028e+07
3.06429e+07
3.02926e+07
2.99374e+07
2.95666e+07
2.91596e+07
2.86824e+07
2.81167e+07
2.74933e+07
2.68479e+07
2.54324e+07
2.44891e+07
2.30641e+07
2.17979e+07
2.04838e+07
1.9091e+07
1.77448e+07
1.64612e+07
1.52277e+07
1.40028e+07
1.27826e+07
1.16371e+07
1.06235e+07
9.79199e+06
9.19358e+06
8.87685e+06
3.27409e+07
3.22988e+07
3.18835e+07
3.14943e+07
3.11318e+07
3.07918e+07
3.04726e+07
3.01606e+07
2.98473e+07
2.94976e+07
2.9055e+07
2.85029e+07
2.78435e+07
2.66547e+07
2.54368e+07
2.42847e+07
2.30185e+07
2.17544e+07
2.0471e+07
1.91678e+07
1.78859e+07
1.66443e+07
1.54462e+07
1.42874e+07
1.31794e+07
1.21601e+07
1.12716e+07
1.05548e+07
1.00482e+07
9.7847e+06
3.28203e+07
3.238e+07
3.1968e+07
3.15855e+07
3.1234e+07
3.09141e+07
3.06257e+07
3.03616e+07
3.01134e+07
2.9845e+07
2.94875e+07
2.86434e+07
2.76598e+07
2.65435e+07
2.53754e+07
2.41943e+07
2.29708e+07
2.17302e+07
2.04781e+07
1.92234e+07
1.79866e+07
1.67838e+07
1.56255e+07
1.45211e+07
1.34875e+07
1.25524e+07
1.17481e+07
1.11073e+07
1.06597e+07
1.04291e+07
3.28731e+07
3.24343e+07
3.20248e+07
3.16474e+07
3.1304e+07
3.09996e+07
3.0736e+07
3.05161e+07
3.03321e+07
3.01649e+07
3.00165e+07
2.8731e+07
2.76124e+07
2.6484e+07
2.53269e+07
2.41465e+07
2.29401e+07
2.17175e+07
2.04876e+07
1.92612e+07
1.80534e+07
1.68787e+07
1.57509e+07
1.46841e+07
1.36971e+07
1.28138e+07
1.20612e+07
1.14665e+07
1.10542e+07
1.08428e+07
3.28995e+07
3.24614e+07
3.20533e+07
3.16786e+07
3.13393e+07
3.10428e+07
3.07921e+07
3.06007e+07
3.04676e+07
3.04105e+07
2.96677e+07
2.86578e+07
2.75745e+07
2.64534e+07
2.53016e+07
2.41246e+07
2.29256e+07
2.17122e+07
2.04934e+07
1.92806e+07
1.8087e+07
1.69269e+07
1.5815e+07
1.47674e+07
1.38029e+07
1.29443e+07
1.22164e+07
1.16435e+07
1.12476e+07
1.10452e+07
)
;

boundaryField
{
    inlet1
    {
        type            fixedGradient;
        gradient        uniform 20000;
    }
    inlet2
    {
        type            zeroGradient;
    }
    inlet3
    {
        type            fixedGradient;
        gradient        uniform 4.68141e+06;
    }
    output1
    {
        type            zeroGradient;
    }
    output2
    {
        type            fixedValue;
        value           uniform 0;
    }
    output3
    {
        type            zeroGradient;
    }
    up
    {
        type            zeroGradient;
    }
    down
    {
        type            zeroGradient;
    }
    emptyWalls
    {
        type            empty;
    }
}


// ************************************************************************* //
