/*--------------------------------*- C++ -*----------------------------------*\
  =========                 |
  \\      /  F ield         | OpenFOAM: The Open Source CFD Toolbox
   \\    /   O peration     | Website:  https://openfoam.org
    \\  /    A nd           | Version:  9
     \\/     M anipulation  |
\*---------------------------------------------------------------------------*/
FoamFile
{
    format      ascii;
    class       volScalarField;
    location    "8500";
    object      Sw;
}
// * * * * * * * * * * * * * * * * * * * * * * * * * * * * * * * * * * * * * //

dimensions      [0 0 0 0 0 0 0];

internalField   nonuniform List<scalar> 
900
(
0.789743
0.617686
0.53482
0.358805
0.150168
0.15
0.15
0.15
0.15
0.15
0.15
0.15
0.15
0.15
0.15
0.15
0.15
0.15
0.15
0.15
0.15
0.15
0.15
0.15
0.15
0.15
0.15
0.15
0.15
0.15
0.703303
0.559983
0.541696
0.309757
0.150018
0.15
0.15
0.15
0.15
0.15
0.15
0.15
0.15
0.15
0.15
0.15
0.15
0.15
0.15
0.15
0.15
0.15
0.15
0.15
0.15
0.15
0.15
0.15
0.15
0.15
0.654942
0.576476
0.557833
0.279443
0.150004
0.15
0.15
0.15
0.15
0.15
0.15
0.15
0.15
0.15
0.15
0.15
0.15
0.15
0.15
0.15
0.15
0.15
0.15
0.15
0.15
0.15
0.15
0.15
0.15
0.15
0.705212
0.591894
0.548332
0.240848
0.15
0.15
0.15
0.15
0.15
0.15
0.15
0.15
0.15
0.15
0.15
0.15
0.15
0.15
0.15
0.15
0.15
0.15
0.15
0.15
0.15
0.15
0.15
0.15
0.15
0.15
0.689035
0.599625
0.560395
0.196981
0.15
0.15
0.15
0.15
0.15
0.15
0.15
0.15
0.15
0.15
0.15
0.15
0.15
0.15
0.15
0.15
0.15
0.15
0.15
0.15
0.15
0.15
0.15
0.15
0.15
0.15
0.729767
0.592955
0.514903
0.157087
0.15
0.15
0.15
0.15
0.15
0.15
0.15
0.15
0.15
0.15
0.15
0.15
0.15
0.15
0.15
0.15
0.15
0.15
0.15
0.15
0.15
0.15
0.15
0.15
0.15
0.15
0.715988
0.576131
0.351536
0.150168
0.15
0.15
0.15
0.15
0.15
0.15
0.15
0.15
0.15
0.15
0.15
0.15
0.15
0.15
0.15
0.15
0.15
0.15
0.15
0.15
0.15
0.15
0.15
0.15
0.15
0.15
0.743681
0.576849
0.303823
0.150018
0.15
0.15
0.15
0.15
0.15
0.15
0.15
0.15
0.15
0.15
0.15
0.15
0.15
0.15
0.15
0.15
0.15
0.15
0.15
0.15
0.15
0.15
0.15
0.15
0.15
0.15
0.733169
0.581434
0.236105
0.15
0.15
0.15
0.15
0.15
0.15
0.15
0.15
0.15
0.15
0.15
0.15
0.15
0.15
0.15
0.15
0.15
0.15
0.15
0.15
0.15
0.15
0.15
0.15
0.15
0.15
0.15
0.762408
0.584976
0.199403
0.15
0.15
0.15
0.15
0.15
0.15
0.15
0.15
0.15
0.15
0.15
0.15
0.15
0.15
0.15
0.15
0.15
0.15
0.15
0.15
0.15
0.15
0.15
0.15
0.15
0.15
0.15
0.763217
0.60292
0.361089
0.150037
0.15
0.15
0.15
0.15
0.15
0.15
0.15
0.15
0.15
0.15
0.15
0.15
0.15
0.15
0.15
0.15
0.15
0.15
0.15
0.15
0.15
0.15
0.15
0.15
0.15
0.15
0.790489
0.596698
0.513447
0.337449
0.150164
0.15
0.15
0.15
0.15
0.15
0.15
0.15
0.15
0.15
0.15
0.15
0.15
0.15
0.15
0.15
0.15
0.15
0.15
0.15
0.15
0.15
0.15
0.15
0.15
0.15
0.811547
0.655942
0.571817
0.543595
0.46801
0.15271
0.15
0.15
0.15
0.15
0.15
0.15
0.15
0.15
0.15
0.15
0.15
0.15
0.15
0.15
0.15
0.15
0.15
0.15
0.15
0.15
0.15
0.15
0.15
0.15
0.875474
0.590136
0.523791
0.506547
0.502832
0.397932
0.150187
0.15
0.15
0.15
0.15
0.15
0.15
0.15
0.15
0.15
0.15
0.15
0.15
0.15
0.15
0.15
0.15
0.15
0.15
0.15
0.15
0.15
0.15
0.15
0.93858
0.767408
0.676427
0.626268
0.57839
0.54323
0.348768
0.150007
0.150002
0.150002
0.150002
0.15
0.15
0.15
0.15
0.15
0.150001
0.150001
0.15
0.15
0.15
0.15
0.15
0.15
0.15
0.150021
0.15
0.15
0.15
0.15
0.817819
0.750402
0.680674
0.651494
0.621134
0.602709
0.564428
0.55848
0.551363
0.567848
0.422794
0.200264
0.229498
0.253992
0.271811
0.283373
0.288624
0.288542
0.285707
0.288854
0.289492
0.302233
0.309729
0.337263
0.371209
0.424559
0.433957
0.412646
0.365642
0.253553
0.625833
0.623582
0.601758
0.600718
0.594057
0.59428
0.586779
0.583864
0.571675
0.570003
0.542106
0.532775
0.53349
0.535369
0.536904
0.538238
0.539469
0.5406
0.541608
0.542534
0.54339
0.544231
0.545089
0.546102
0.547841
0.549192
0.549251
0.547834
0.547613
0.548147
0.605299
0.592349
0.587829
0.584707
0.582707
0.583837
0.583898
0.581284
0.574701
0.569966
0.5681
0.564363
0.56369
0.564809
0.566332
0.567848
0.569234
0.570434
0.571313
0.572012
0.572444
0.573066
0.573581
0.574347
0.574129
0.573139
0.571802
0.571019
0.570881
0.572071
0.586626
0.585457
0.588816
0.590758
0.591878
0.592057
0.591466
0.588888
0.585905
0.583264
0.583775
0.583523
0.583278
0.583715
0.584419
0.585014
0.585439
0.585588
0.585408
0.584876
0.58395
0.583246
0.58258
0.582285
0.580925
0.579406
0.577124
0.574529
0.569445
0.56586
0.587444
0.595066
0.602708
0.605452
0.606293
0.605355
0.603947
0.601842
0.600061
0.598889
0.598589
0.598001
0.596834
0.595536
0.594049
0.592269
0.590337
0.588236
0.586385
0.58402
0.581306
0.578694
0.575975
0.574659
0.571726
0.570248
0.567334
0.566265
0.554809
0.544679
0.608786
0.618723
0.618374
0.614137
0.610923
0.607197
0.604881
0.602327
0.601044
0.599728
0.598804
0.5974
0.595246
0.592605
0.589204
0.58554
0.581121
0.576608
0.573633
0.569492
0.566113
0.561681
0.557125
0.55354
0.549424
0.547172
0.54665
0.545079
0.552394
0.573453
0.596356
0.592864
0.593257
0.593234
0.594553
0.594247
0.595524
0.595084
0.596208
0.595402
0.595334
0.593403
0.590606
0.586386
0.580764
0.575725
0.568017
0.560579
0.555096
0.549047
0.546987
0.541512
0.537234
0.519015
0.514756
0.51448
0.515219
0.514838
0.518202
0.478318
0.598732
0.599537
0.602774
0.603933
0.605328
0.603887
0.60379
0.601291
0.600848
0.597328
0.595969
0.590388
0.584996
0.576367
0.566819
0.558638
0.547323
0.53843
0.51896
0.513124
0.513942
0.51019
0.520598
0.312171
0.150001
0.15
0.15
0.15
0.15
0.15
0.599367
0.597964
0.597876
0.596655
0.597031
0.595228
0.595487
0.593619
0.593332
0.589835
0.588215
0.577785
0.569627
0.555325
0.544397
0.522283
0.513122
0.515173
0.197922
0.15
0.15
0.15
0.15
0.15
0.15
0.15
0.15
0.15
0.15
0.15
0.599579
0.598484
0.599038
0.598444
0.600176
0.59863
0.599799
0.596996
0.594917
0.590471
0.583471
0.563994
0.550902
0.523062
0.524863
0.382448
0.150041
0.15
0.15
0.15
0.15
0.15
0.15
0.15
0.15
0.15
0.15
0.15
0.15
0.15
0.599784
0.599212
0.599587
0.598795
0.599971
0.59723
0.598417
0.592306
0.589899
0.582925
0.56412
0.534673
0.518796
0.257624
0.15
0.15
0.15
0.15
0.15
0.15
0.15
0.15
0.15
0.15
0.15
0.15
0.15
0.15
0.15
0.15
0.599943
0.599827
0.600123
0.599862
0.600836
0.59875
0.600382
0.59182
0.591865
0.573342
0.533145
0.489805
0.157768
0.15
0.15
0.15
0.15
0.15
0.15
0.15
0.15
0.15
0.15
0.15
0.15
0.15
0.15
0.15
0.15
0.15
0.600021
0.600371
0.600511
0.601109
0.601481
0.601244
0.601062
0.592811
0.59203
0.54776
0.415275
0.150175
0.15
0.15
0.15
0.15
0.15
0.15
0.15
0.15
0.15
0.15
0.15
0.15
0.15
0.15
0.15
0.15
0.15
0.15
0.600082
0.600726
0.600802
0.602043
0.602085
0.603959
0.602239
0.599232
0.589034
0.491612
0.152119
0.15
0.15
0.15
0.15
0.15
0.15
0.15
0.15
0.15
0.15
0.15
0.15
0.15
0.15
0.15
0.15
0.15
0.15
0.15
0.600085
0.600944
0.600895
0.602609
0.602312
0.605822
0.603358
0.608783
0.574862
0.204903
0.15
0.15
0.15
0.15
0.15
0.15
0.15
0.15
0.15
0.15
0.15
0.15
0.15
0.15
0.15
0.15
0.15
0.15
0.15
0.15
)
;

boundaryField
{
    inlet1
    {
        type            fixedValue;
        value           uniform 0.85;
    }
    inlet2
    {
        type            zeroGradient;
    }
    inlet3
    {
        type            fixedValue;
        value           uniform 0.6;
    }
    output1
    {
        type            zeroGradient;
    }
    output2
    {
        type            zeroGradient;
    }
    output3
    {
        type            zeroGradient;
    }
    up
    {
        type            zeroGradient;
    }
    down
    {
        type            zeroGradient;
    }
    emptyWalls
    {
        type            empty;
    }
}


// ************************************************************************* //
