/*--------------------------------*- C++ -*----------------------------------*\
  =========                 |
  \\      /  F ield         | OpenFOAM: The Open Source CFD Toolbox
   \\    /   O peration     | Website:  https://openfoam.org
    \\  /    A nd           | Version:  9
     \\/     M anipulation  |
\*---------------------------------------------------------------------------*/
FoamFile
{
    format      ascii;
    class       volVectorField;
    location    "8500";
    object      ut;
}
// * * * * * * * * * * * * * * * * * * * * * * * * * * * * * * * * * * * * * //

dimensions      [0 1 -1 0 0 0 0];

internalField   nonuniform List<vector> 
900
(
(5.00763e-06 5.44345e-06 -0)
(1.29381e-06 9.99185e-07 -0)
(7.01103e-07 4.01975e-07 -0)
(3.35833e-07 3.89275e-09 -0)
(3.01393e-07 3.69188e-08 -0)
(3.56819e-07 1.35887e-08 -0)
(3.37736e-07 5.42837e-09 -0)
(3.30229e-07 2.07822e-09 -0)
(3.27669e-07 4.82525e-10 -0)
(3.27531e-07 -3.4411e-10 -0)
(3.28627e-07 -7.52101e-10 -0)
(3.3026e-07 -8.81038e-10 -0)
(3.31934e-07 -7.93597e-10 -0)
(3.33247e-07 -5.2045e-10 -0)
(3.33843e-07 -7.60413e-11 -0)
(3.33383e-07 5.35199e-10 -0)
(3.31532e-07 1.31563e-09 -0)
(3.27945e-07 2.27259e-09 -0)
(3.22256e-07 3.4174e-09 -0)
(3.14074e-07 4.76356e-09 -0)
(3.02988e-07 6.32274e-09 -0)
(2.88566e-07 8.10044e-09 -0)
(2.70374e-07 1.00913e-08 -0)
(2.48009e-07 1.22711e-08 -0)
(2.21151e-07 1.45853e-08 -0)
(1.89632e-07 1.69376e-08 -0)
(1.53514e-07 1.91856e-08 -0)
(1.13185e-07 2.11456e-08 -0)
(6.94234e-08 2.26135e-08 -0)
(2.34043e-08 2.34044e-08 -0)
(3.24707e-06 1.15513e-05 -0)
(9.20085e-07 1.64019e-06 -0)
(7.60091e-07 1.17767e-06 -0)
(1.41282e-07 4.59999e-09 -0)
(3.13793e-07 5.7851e-08 -0)
(3.25302e-07 2.56303e-08 -0)
(3.26225e-07 1.14752e-08 -0)
(3.25284e-07 4.48031e-09 -0)
(3.25247e-07 6.78236e-10 -0)
(3.26296e-07 -1.45127e-09 -0)
(3.2809e-07 -2.53549e-09 -0)
(3.30218e-07 -2.85965e-09 -0)
(3.32294e-07 -2.56683e-09 -0)
(3.33965e-07 -1.73261e-09 -0)
(3.34899e-07 -3.94296e-10 -0)
(3.34775e-07 1.43697e-09 -0)
(3.33269e-07 3.77005e-09 -0)
(3.30046e-07 6.62946e-09 -0)
(3.24747e-07 1.00514e-08 -0)
(3.1698e-07 1.40778e-08 -0)
(3.06325e-07 1.87482e-08 -0)
(2.92335e-07 2.40871e-08 -0)
(2.74545e-07 3.00872e-08 -0)
(2.52503e-07 3.66825e-08 -0)
(2.25818e-07 4.37176e-08 -0)
(1.94233e-07 5.0913e-08 -0)
(1.57722e-07 5.78405e-08 -0)
(1.16612e-07 6.39282e-08 -0)
(7.16822e-08 6.85195e-08 -0)
(2.41952e-08 7.10043e-08 -0)
(2.31322e-06 1.23888e-05 -0)
(1.07465e-06 3.59092e-06 -0)
(6.6492e-07 2.20984e-06 -0)
(1.14791e-07 6.15011e-09 -0)
(3.22234e-07 3.04126e-08 -0)
(3.10439e-07 1.96669e-08 -0)
(3.16586e-07 1.03621e-08 -0)
(3.19432e-07 3.68951e-09 -0)
(3.21737e-07 -7.98799e-10 -0)
(3.24317e-07 -3.6037e-09 -0)
(3.27219e-07 -5.07859e-09 -0)
(3.30228e-07 -5.45481e-09 -0)
(3.33061e-07 -4.88113e-09 -0)
(3.3542e-07 -3.4488e-09 -0)
(3.37013e-07 -1.20559e-09 -0)
(3.37547e-07 1.83679e-09 -0)
(3.36724e-07 5.69777e-09 -0)
(3.34226e-07 1.04232e-08 -0)
(3.29704e-07 1.60803e-08 -0)
(3.22771e-07 2.27478e-08 -0)
(3.12998e-07 3.05048e-08 -0)
(2.99905e-07 3.94125e-08 -0)
(2.82969e-07 4.94863e-08 -0)
(2.61639e-07 6.06512e-08 -0)
(2.35382e-07 7.26857e-08 -0)
(2.03755e-07 8.51526e-08 -0)
(1.6653e-07 9.7334e-08 -0)
(1.23863e-07 1.08209e-07 -0)
(7.64996e-08 1.16533e-07 -0)
(2.58891e-08 1.21089e-07 -0)
(2.86965e-06 3.1396e-05 -0)
(7.76661e-07 5.38624e-06 -0)
(4.81801e-07 2.21973e-06 -0)
(1.1843e-07 7.5573e-09 -0)
(3.24352e-07 1.32049e-08 -0)
(3.05251e-07 1.22676e-08 -0)
(3.10248e-07 6.61657e-09 -0)
(3.14123e-07 7.14325e-10 -0)
(3.17953e-07 -3.95883e-09 -0)
(3.22016e-07 -7.08543e-09 -0)
(3.26239e-07 -8.71965e-09 -0)
(3.30416e-07 -8.99935e-09 -0)
(3.343e-07 -8.05365e-09 -0)
(3.3764e-07 -5.97588e-09 -0)
(3.40184e-07 -2.81674e-09 -0)
(3.41678e-07 1.41688e-09 -0)
(3.41856e-07 6.76011e-09 -0)
(3.40429e-07 1.32854e-08 -0)
(3.37071e-07 2.10984e-08 -0)
(3.31404e-07 3.03272e-08 -0)
(3.2299e-07 4.11102e-08 -0)
(3.11316e-07 5.35728e-08 -0)
(2.95783e-07 6.77942e-08 -0)
(2.75702e-07 8.37498e-08 -0)
(2.50319e-07 1.01222e-07 -0)
(2.18881e-07 1.1968e-07 -0)
(1.80778e-07 1.38136e-07 -0)
(1.35811e-07 1.5504e-07 -0)
(8.45628e-08 1.68313e-07 -0)
(2.87515e-08 1.7573e-07 -0)
(1.21512e-06 2.78491e-05 -0)
(7.5443e-08 6.90782e-06 -0)
(2.87912e-07 2.97336e-06 -0)
(1.40267e-07 1.18919e-08 -0)
(3.23361e-07 1.05859e-08 -0)
(3.03851e-07 9.58342e-09 -0)
(3.05033e-07 3.12197e-09 -0)
(3.08857e-07 -3.4899e-09 -0)
(3.13938e-07 -8.66518e-09 -0)
(3.19556e-07 -1.20593e-08 -0)
(3.25305e-07 -1.3715e-08 -0)
(3.30894e-07 -1.37695e-08 -0)
(3.36084e-07 -1.23588e-08 -0)
(3.40657e-07 -9.585e-09 -0)
(3.44405e-07 -5.5028e-09 -0)
(3.47124e-07 -1.12815e-10 -0)
(3.48593e-07 6.63971e-09 -0)
(3.48564e-07 1.48602e-08 -0)
(3.46746e-07 2.47019e-08 -0)
(3.42783e-07 3.63546e-08 -0)
(3.36243e-07 5.00372e-08 -0)
(3.26589e-07 6.5977e-08 -0)
(3.13146e-07 8.43738e-08 -0)
(2.95067e-07 1.05338e-07 -0)
(2.71312e-07 1.28776e-07 -0)
(2.4067e-07 1.54207e-07 -0)
(2.0189e-07 1.8049e-07 -0)
(1.5404e-07 2.05501e-07 -0)
(9.71894e-08 2.2595e-07 -0)
(3.3306e-08 2.37787e-07 -0)
(4.16407e-07 5.20894e-05 -0)
(-7.74391e-07 7.11114e-06 -0)
(2.75771e-07 1.5778e-06 -0)
(1.68061e-07 7.20483e-08 -0)
(3.19306e-07 3.0269e-08 -0)
(2.97787e-07 1.23582e-08 -0)
(2.97175e-07 -2.2239e-10 -0)
(3.02335e-07 -9.13085e-09 -0)
(3.09384e-07 -1.51532e-08 -0)
(3.16967e-07 -1.87719e-08 -0)
(3.24529e-07 -2.03119e-08 -0)
(3.31772e-07 -2.00053e-08 -0)
(3.38485e-07 -1.80273e-08 -0)
(3.44496e-07 -1.4503e-08 -0)
(3.49656e-07 -9.49696e-09 -0)
(3.5382e-07 -3.00427e-09 -0)
(3.56829e-07 5.05201e-09 -0)
(3.58491e-07 1.48156e-08 -0)
(3.58565e-07 2.64947e-08 -0)
(3.5674e-07 4.0354e-08 -0)
(3.52612e-07 5.67094e-08 -0)
(3.45653e-07 7.59246e-08 -0)
(3.35144e-07 9.83851e-08 -0)
(3.20104e-07 1.24449e-07 -0)
(2.99189e-07 1.54334e-07 -0)
(2.70596e-07 1.87882e-07 -0)
(2.32072e-07 2.24117e-07 -0)
(1.81271e-07 2.60525e-07 -0)
(1.16849e-07 2.92198e-07 -0)
(4.05889e-08 3.11682e-07 -0)
(3.7192e-07 4.80667e-05 -0)
(-7.66318e-07 6.25552e-06 -0)
(1.37064e-07 4.94387e-08 -0)
(1.88083e-07 1.03703e-07 -0)
(2.61439e-07 3.98352e-08 -0)
(2.73359e-07 9.80252e-09 -0)
(2.83543e-07 -7.23931e-09 -0)
(2.93926e-07 -1.76584e-08 -0)
(3.04297e-07 -2.40455e-08 -0)
(3.14398e-07 -2.7564e-08 -0)
(3.24071e-07 -2.8756e-08 -0)
(3.33179e-07 -2.79125e-08 -0)
(3.41587e-07 -2.52422e-08 -0)
(3.49187e-07 -2.09025e-08 -0)
(3.55904e-07 -1.49778e-08 -0)
(3.61673e-07 -7.45924e-09 -0)
(3.66413e-07 1.75573e-09 -0)
(3.70007e-07 1.28559e-08 -0)
(3.72284e-07 2.6106e-08 -0)
(3.72998e-07 4.18529e-08 -0)
(3.71814e-07 6.05192e-08 -0)
(3.68265e-07 8.2624e-08 -0)
(3.61671e-07 1.0879e-07 -0)
(3.51016e-07 1.39737e-07 -0)
(3.34745e-07 1.76229e-07 -0)
(3.10452e-07 2.18872e-07 -0)
(2.74532e-07 2.67571e-07 -0)
(2.22121e-07 3.20282e-07 -0)
(1.48347e-07 3.70635e-07 -0)
(5.27897e-08 4.0506e-07 -0)
(1.95854e-06 7.33187e-05 -0)
(1.78725e-07 6.79433e-06 -0)
(7.32081e-08 1.95185e-08 -0)
(1.91863e-07 5.14918e-08 -0)
(2.25331e-07 1.8029e-08 -0)
(2.50713e-07 -5.7443e-09 -0)
(2.69714e-07 -2.08794e-08 -0)
(2.85529e-07 -3.02184e-08 -0)
(2.99478e-07 -3.58071e-08 -0)
(3.12256e-07 -3.86827e-08 -0)
(3.2418e-07 -3.92365e-08 -0)
(3.35286e-07 -3.76468e-08 -0)
(3.45495e-07 -3.41263e-08 -0)
(3.54761e-07 -2.88877e-08 -0)
(3.631e-07 -2.20534e-08 -0)
(3.70554e-07 -1.36115e-08 -0)
(3.77144e-07 -3.42743e-09 -0)
(3.82841e-07 8.74329e-09 -0)
(3.87562e-07 2.3223e-08 -0)
(3.91153e-07 4.04301e-08 -0)
(3.93383e-07 6.08885e-08 -0)
(3.93923e-07 8.5262e-08 -0)
(3.92257e-07 1.14413e-07 -0)
(3.87543e-07 1.49481e-07 -0)
(3.78324e-07 1.91974e-07 -0)
(3.61938e-07 2.43804e-07 -0)
(3.33483e-07 3.07014e-07 -0)
(2.84335e-07 3.82397e-07 -0)
(2.01627e-07 4.65001e-07 -0)
(7.50136e-08 5.32863e-07 -0)
(1.84503e-06 6.56795e-05 -0)
(2.11965e-07 7.36641e-06 -0)
(6.17677e-08 1.43268e-08 -0)
(1.83036e-07 7.54713e-09 -0)
(2.04199e-07 -1.3425e-08 -0)
(2.34451e-07 -2.99295e-08 -0)
(2.59069e-07 -4.03157e-08 -0)
(2.78998e-07 -4.65286e-08 -0)
(2.95832e-07 -5.02824e-08 -0)
(3.10968e-07 -5.21236e-08 -0)
(3.25107e-07 -5.18609e-08 -0)
(3.38289e-07 -4.93133e-08 -0)
(3.50346e-07 -4.4729e-08 -0)
(3.6126e-07 -3.84695e-08 -0)
(3.7118e-07 -3.07358e-08 -0)
(3.80299e-07 -2.15062e-08 -0)
(3.88767e-07 -1.05918e-08 -0)
(3.96657e-07 2.31745e-09 -0)
(4.03971e-07 1.76125e-08 -0)
(4.10663e-07 3.57593e-08 -0)
(4.16646e-07 5.73444e-08 -0)
(4.21789e-07 8.31229e-08 -0)
(4.25889e-07 1.14119e-07 -0)
(4.28577e-07 1.518e-07 -0)
(4.29069e-07 1.98382e-07 -0)
(4.25493e-07 2.57358e-07 -0)
(4.13124e-07 3.34283e-07 -0)
(3.80109e-07 4.37289e-07 -0)
(2.98813e-07 5.74111e-07 -0)
(1.20651e-07 7.28527e-07 -0)
(2.82903e-06 9.11952e-05 -0)
(2.41614e-07 7.52319e-06 -0)
(5.93598e-08 1.77225e-08 -0)
(1.57659e-07 -2.89646e-08 -0)
(1.87855e-07 -4.93424e-08 -0)
(2.23822e-07 -6.02328e-08 -0)
(2.53115e-07 -6.39255e-08 -0)
(2.75563e-07 -6.52986e-08 -0)
(2.93884e-07 -6.66698e-08 -0)
(3.10678e-07 -6.76696e-08 -0)
(3.26991e-07 -6.67707e-08 -0)
(3.42418e-07 -6.30163e-08 -0)
(3.56339e-07 -5.70058e-08 -0)
(3.68754e-07 -4.95237e-08 -0)
(3.80063e-07 -4.09101e-08 -0)
(3.90698e-07 -3.10895e-08 -0)
(4.00968e-07 -1.97484e-08 -0)
(4.11046e-07 -6.48839e-09 -0)
(4.21004e-07 9.14698e-09 -0)
(4.30885e-07 2.76503e-08 -0)
(4.40747e-07 4.96079e-08 -0)
(4.50698e-07 7.57651e-08 -0)
(4.60934e-07 1.07139e-07 -0)
(4.71806e-07 1.45219e-07 -0)
(4.83881e-07 1.92396e-07 -0)
(4.97839e-07 2.52961e-07 -0)
(5.13414e-07 3.35471e-07 -0)
(5.24162e-07 4.58366e-07 -0)
(4.92865e-07 6.65625e-07 -0)
(2.2943e-07 1.07861e-06 -0)
(7.2787e-07 8.15415e-05 -0)
(1.31343e-06 9.06675e-06 -0)
(1.21723e-07 6.63086e-08 -0)
(1.11635e-07 -3.91746e-08 -0)
(1.72931e-07 -9.4774e-08 -0)
(2.19868e-07 -9.77336e-08 -0)
(2.54004e-07 -8.98546e-08 -0)
(2.76254e-07 -8.40708e-08 -0)
(2.93461e-07 -8.34285e-08 -0)
(3.10867e-07 -8.51137e-08 -0)
(3.29761e-07 -8.45357e-08 -0)
(3.48054e-07 -7.89731e-08 -0)
(3.63838e-07 -7.07518e-08 -0)
(3.77356e-07 -6.17088e-08 -0)
(3.89614e-07 -5.22904e-08 -0)
(4.01461e-07 -4.21865e-08 -0)
(4.13369e-07 -3.08321e-08 -0)
(4.25553e-07 -1.7666e-08 -0)
(4.3811e-07 -2.18627e-09 -0)
(4.51124e-07 1.60867e-08 -0)
(4.64761e-07 3.76707e-08 -0)
(4.79321e-07 6.3189e-08 -0)
(4.95344e-07 9.34521e-08 -0)
(5.13834e-07 1.29542e-07 -0)
(5.3681e-07 1.73023e-07 -0)
(5.68568e-07 2.26618e-07 -0)
(6.1853e-07 2.96276e-07 -0)
(7.10263e-07 3.95079e-07 -0)
(9.19056e-07 5.51416e-07 -0)
(1.53762e-06 8.37692e-07 -0)
(3.27142e-06 8.81702e-05 -0)
(2.3063e-06 6.41692e-06 -0)
(1.74435e-06 1.7202e-06 -0)
(6.65375e-08 -1.53262e-08 -0)
(1.29211e-07 -6.61954e-08 -0)
(2.28741e-07 -1.46612e-07 -0)
(2.66777e-07 -1.13688e-07 -0)
(2.81989e-07 -9.77009e-08 -0)
(2.92841e-07 -9.78598e-08 -0)
(3.0957e-07 -1.0482e-07 -0)
(3.33131e-07 -1.07283e-07 -0)
(3.56202e-07 -9.75877e-08 -0)
(3.73603e-07 -8.53213e-08 -0)
(3.87215e-07 -7.42629e-08 -0)
(3.99585e-07 -6.43606e-08 -0)
(4.12156e-07 -5.45302e-08 -0)
(4.25488e-07 -4.37259e-08 -0)
(4.39692e-07 -3.11612e-08 -0)
(4.54757e-07 -1.63127e-08 -0)
(4.70742e-07 1.21285e-09 -0)
(4.87849e-07 2.17989e-08 -0)
(5.06479e-07 4.58678e-08 -0)
(5.27287e-07 7.39385e-08 -0)
(5.51377e-07 1.06472e-07 -0)
(5.80957e-07 1.43538e-07 -0)
(6.21091e-07 1.84211e-07 -0)
(6.81876e-07 2.27936e-07 -0)
(7.79303e-07 2.7426e-07 -0)
(9.35479e-07 3.0727e-07 -0)
(1.15235e-06 2.4641e-07 -0)
(2.9566e-06 7.43847e-05 -0)
(5.72058e-06 1.05172e-05 -0)
(5.18858e-06 3.94162e-06 -0)
(5.34884e-06 3.48437e-06 -0)
(1.48015e-06 6.36041e-07 -0)
(1.7043e-07 -4.91638e-08 -0)
(3.02914e-07 -1.21493e-07 -0)
(2.92082e-07 -9.51854e-08 -0)
(2.86342e-07 -1.05489e-07 -0)
(3.01444e-07 -1.29023e-07 -0)
(3.36993e-07 -1.4219e-07 -0)
(3.70016e-07 -1.18773e-07 -0)
(3.87163e-07 -9.86829e-08 -0)
(3.98316e-07 -8.56641e-08 -0)
(4.09347e-07 -7.63512e-08 -0)
(4.22095e-07 -6.78535e-08 -0)
(4.36738e-07 -5.83742e-08 -0)
(4.52966e-07 -4.69405e-08 -0)
(4.70484e-07 -3.31166e-08 -0)
(4.89236e-07 -1.67219e-08 -0)
(5.09415e-07 2.4439e-09 -0)
(5.3146e-07 2.45446e-08 -0)
(5.55948e-07 4.9962e-08 -0)
(5.83433e-07 7.88719e-08 -0)
(6.14548e-07 1.10445e-07 -0)
(6.52966e-07 1.38753e-07 -0)
(7.08579e-07 1.56998e-07 -0)
(7.89597e-07 1.66756e-07 -0)
(8.91206e-07 1.56994e-07 -0)
(9.8394e-07 8.70847e-08 -0)
(1.09552e-05 7.82941e-05 -0)
(3.64752e-06 2.47376e-06 -0)
(3.3435e-06 1.19788e-06 -0)
(3.94847e-06 1.49357e-06 -0)
(5.17654e-06 2.57553e-06 -0)
(7.25286e-07 4.26684e-07 -0)
(2.21153e-07 -4.27288e-08 -0)
(2.97993e-07 -5.61238e-08 -0)
(2.59003e-07 -9.98889e-08 -0)
(2.72869e-07 -1.63593e-07 -0)
(3.43382e-07 -2.13683e-07 -0)
(3.99709e-07 -1.36632e-07 -0)
(4.06712e-07 -1.04971e-07 -0)
(4.09547e-07 -9.33629e-08 -0)
(4.17396e-07 -8.75263e-08 -0)
(4.30133e-07 -8.21565e-08 -0)
(4.46401e-07 -7.49786e-08 -0)
(4.64949e-07 -6.51107e-08 -0)
(4.84976e-07 -5.2491e-08 -0)
(5.06302e-07 -3.74282e-08 -0)
(5.29116e-07 -1.9846e-08 -0)
(5.53997e-07 -9.47946e-11 -0)
(5.81614e-07 2.24938e-08 -0)
(6.1186e-07 4.86082e-08 -0)
(6.40838e-07 8.06169e-08 -0)
(6.67645e-07 1.03359e-07 -0)
(7.09879e-07 9.45484e-08 -0)
(7.79299e-07 7.87711e-08 -0)
(8.55808e-07 6.6862e-08 -0)
(9.08268e-07 3.20187e-08 -0)
(4.62216e-05 5.80664e-05 -0)
(4.63895e-05 1.97791e-05 -0)
(4.10683e-05 8.91153e-06 -0)
(3.60365e-05 8.20516e-06 -0)
(2.47633e-05 7.65237e-06 -0)
(1.8198e-05 7.04632e-06 -0)
(4.16679e-07 1.17123e-07 -0)
(2.34949e-07 -1.12436e-08 -0)
(1.78871e-07 -4.66945e-08 -0)
(1.87648e-07 -9.30866e-08 -0)
(3.63951e-07 -1.67685e-07 -0)
(4.78728e-07 -1.13239e-07 -0)
(4.30432e-07 -9.78537e-08 -0)
(4.15761e-07 -1.05114e-07 -0)
(4.20553e-07 -1.08978e-07 -0)
(4.34642e-07 -1.08174e-07 -0)
(4.53782e-07 -1.03063e-07 -0)
(4.75452e-07 -9.42091e-08 -0)
(4.98165e-07 -8.1952e-08 -0)
(5.2188e-07 -6.67375e-08 -0)
(5.46748e-07 -4.89882e-08 -0)
(5.73799e-07 -2.96124e-08 -0)
(6.04651e-07 -9.02372e-09 -0)
(6.41556e-07 1.34034e-08 -0)
(6.69299e-07 4.44257e-08 -0)
(6.66836e-07 5.15953e-08 -0)
(6.83991e-07 3.35317e-08 -0)
(7.61911e-07 1.38699e-08 -0)
(8.44454e-07 8.28465e-09 -0)
(8.8506e-07 5.83019e-09 -0)
(2.46019e-05 -1.44714e-05 -0)
(5.08628e-05 2.62593e-06 -0)
(5.30394e-05 1.03777e-05 -0)
(6.28445e-05 1.66292e-05 -0)
(5.86998e-05 1.90728e-05 -0)
(6.18025e-05 2.16535e-05 -0)
(4.56258e-05 1.60671e-05 -0)
(4.72937e-05 2.77239e-06 -0)
(3.75099e-05 1.88598e-06 -0)
(4.28427e-05 8.41242e-06 -0)
(4.71176e-06 7.54354e-07 -0)
(3.76075e-07 -1.51012e-08 -0)
(2.92976e-07 -3.20063e-08 -0)
(2.61409e-07 -3.78883e-08 -0)
(2.72131e-07 -4.15826e-08 -0)
(2.99737e-07 -4.41221e-08 -0)
(3.28037e-07 -4.41078e-08 -0)
(3.46121e-07 -4.09027e-08 -0)
(3.57468e-07 -3.56708e-08 -0)
(3.84953e-07 -3.07353e-08 -0)
(4.0629e-07 -2.42141e-08 -0)
(4.8865e-07 -1.94946e-08 -0)
(5.74255e-07 -1.34539e-08 -0)
(1.08151e-06 -1.41606e-08 -0)
(2.6549e-06 -4.41481e-08 -0)
(1.007e-05 -2.19473e-07 -0)
(1.29121e-05 4.87917e-08 -0)
(8.63847e-06 1.94706e-07 -0)
(2.86308e-06 4.55644e-08 -0)
(5.8709e-07 2.6963e-09 -0)
(2.78425e-06 -1.60141e-05 -0)
(1.23483e-05 -1.06115e-05 -0)
(2.10117e-05 -1.81243e-06 -0)
(3.48845e-05 4.33251e-06 -0)
(4.40249e-05 9.64387e-06 -0)
(5.75078e-05 1.44723e-05 -0)
(6.23842e-05 1.37538e-05 -0)
(6.77276e-05 8.16426e-06 -0)
(5.93432e-05 7.17571e-06 -0)
(6.74424e-05 1.72592e-05 -0)
(5.65416e-05 2.21914e-05 -0)
(5.77424e-05 5.35195e-06 -0)
(6.00235e-05 -5.51007e-07 -0)
(6.31173e-05 -1.59629e-06 -0)
(6.7581e-05 -2.05431e-06 -0)
(7.2916e-05 -2.29339e-06 -0)
(7.87555e-05 -2.41055e-06 -0)
(8.48767e-05 -2.46083e-06 -0)
(9.11242e-05 -2.49706e-06 -0)
(9.74945e-05 -2.53764e-06 -0)
(0.000103942 -2.59406e-06 -0)
(0.000110527 -2.69361e-06 -0)
(0.000117304 -3.08284e-06 -0)
(0.000124325 -4.43459e-06 -0)
(0.000131986 -8.58038e-06 -0)
(0.000138675 -8.43324e-06 -0)
(0.000145872 -2.71617e-06 -0)
(0.000153686 1.86562e-06 -0)
(0.000164708 1.53578e-06 -0)
(0.000173463 -3.07591e-07 -0)
(5.13863e-06 -3.03111e-05 -0)
(1.3389e-05 -1.89218e-05 -0)
(2.27064e-05 -1.02516e-05 -0)
(3.20257e-05 -3.63496e-06 -0)
(4.05528e-05 1.14256e-06 -0)
(5.04728e-05 4.44989e-06 -0)
(5.93323e-05 5.72942e-06 -0)
(6.55983e-05 5.91435e-06 -0)
(6.78077e-05 7.24681e-06 -0)
(7.36214e-05 1.16499e-05 -0)
(8.4875e-05 1.29116e-05 -0)
(9.09124e-05 3.21095e-06 -0)
(9.70081e-05 -3.93127e-06 -0)
(0.000104257 -7.4686e-06 -0)
(0.000112861 -9.35646e-06 -0)
(0.000122558 -1.04431e-05 -0)
(0.000132843 -1.10125e-05 -0)
(0.00014329 -1.1218e-05 -0)
(0.000153346 -1.12577e-05 -0)
(0.000163254 -1.13297e-05 -0)
(0.00017258 -1.14627e-05 -0)
(0.000182411 -1.17684e-05 -0)
(0.000191549 -1.22126e-05 -0)
(0.000201087 -1.31871e-05 -0)
(0.000207311 -1.40715e-05 -0)
(0.000211879 -1.35445e-05 -0)
(0.000218104 -1.2682e-05 -0)
(0.000230765 -1.48238e-05 -0)
(0.000248555 -1.76987e-05 -0)
(0.000269111 -1.19665e-05 -0)
(6.69578e-06 -3.82835e-05 -0)
(1.88895e-05 -2.83083e-05 -0)
(3.10202e-05 -1.97317e-05 -0)
(4.17582e-05 -1.25053e-05 -0)
(5.16495e-05 -7.30012e-06 -0)
(6.06837e-05 -3.70273e-06 -0)
(6.93016e-05 -1.29817e-06 -0)
(7.6506e-05 5.92909e-07 -0)
(8.40948e-05 2.0269e-06 -0)
(9.25466e-05 2.72753e-06 -0)
(0.000105988 6.31285e-07 -0)
(0.000117871 -5.44901e-06 -0)
(0.000128527 -1.20958e-05 -0)
(0.000139455 -1.70145e-05 -0)
(0.000150887 -2.01986e-05 -0)
(0.000162532 -2.20388e-05 -0)
(0.000174112 -2.27458e-05 -0)
(0.000184884 -2.24179e-05 -0)
(0.00019436 -2.16113e-05 -0)
(0.000202471 -2.08621e-05 -0)
(0.000209024 -2.06348e-05 -0)
(0.000216059 -2.10722e-05 -0)
(0.000222623 -2.12132e-05 -0)
(0.000229949 -2.0361e-05 -0)
(0.000232662 -1.79349e-05 -0)
(0.000234342 -1.63958e-05 -0)
(0.000234098 -1.81018e-05 -0)
(0.00023861 -2.61608e-05 -0)
(0.000244001 -3.68648e-05 -0)
(0.000263476 -3.73929e-05 -0)
(1.34069e-05 -5.56278e-05 -0)
(3.60769e-05 -4.10182e-05 -0)
(5.11438e-05 -3.17998e-05 -0)
(6.14906e-05 -2.34439e-05 -0)
(7.07835e-05 -1.72957e-05 -0)
(7.89184e-05 -1.2889e-05 -0)
(8.73308e-05 -9.97021e-06 -0)
(9.58221e-05 -8.2023e-06 -0)
(0.000105697 -7.97245e-06 -0)
(0.000117012 -9.67535e-06 -0)
(0.000130119 -1.34548e-05 -0)
(0.000142883 -1.8745e-05 -0)
(0.000154202 -2.43593e-05 -0)
(0.000164527 -2.89586e-05 -0)
(0.00017371 -3.18297e-05 -0)
(0.000181654 -3.31276e-05 -0)
(0.000188681 -3.29167e-05 -0)
(0.00019403 -3.0996e-05 -0)
(0.000198566 -2.81811e-05 -0)
(0.000200036 -2.51047e-05 -0)
(0.000199488 -2.38546e-05 -0)
(0.000199526 -2.48524e-05 -0)
(0.000199767 -2.61149e-05 -0)
(0.000204577 -2.40318e-05 -0)
(0.000201696 -1.74867e-05 -0)
(0.000200599 -1.35285e-05 -0)
(0.000192322 -1.42825e-05 -0)
(0.000192908 -2.15932e-05 -0)
(0.000176037 -3.73147e-05 -0)
(0.00021652 -7.52208e-05 -0)
(8.93865e-05 -8.02015e-05 -0)
(8.27158e-05 -6.19975e-05 -0)
(8.01875e-05 -4.45491e-05 -0)
(7.90963e-05 -3.19816e-05 -0)
(8.14711e-05 -2.46563e-05 -0)
(8.43781e-05 -1.99867e-05 -0)
(9.0148e-05 -1.78228e-05 -0)
(9.6496e-05 -1.71572e-05 -0)
(0.000105578 -1.84879e-05 -0)
(0.000115223 -2.1242e-05 -0)
(0.000126053 -2.52456e-05 -0)
(0.000136439 -2.95048e-05 -0)
(0.000145425 -3.33358e-05 -0)
(0.000152987 -3.61164e-05 -0)
(0.000157843 -3.70299e-05 -0)
(0.000161215 -3.67499e-05 -0)
(0.000162109 -3.51875e-05 -0)
(0.000161496 -3.2533e-05 -0)
(0.000162886 -2.80485e-05 -0)
(0.000158118 -2.13197e-05 -0)
(0.00015327 -1.8957e-05 -0)
(0.0001466 -2.08812e-05 -0)
(0.000143732 -2.67763e-05 -0)
(0.000145651 -2.56421e-05 -0)
(0.000141455 -1.24882e-05 -0)
(0.000135675 -7.41938e-06 -0)
(0.00013174 -7.98471e-06 -0)
(0.000121222 -1.3049e-05 -0)
(0.000112156 -3.55322e-05 -0)
(6.64463e-05 -0.000121035 -0)
(8.08008e-05 -5.22187e-05 -0)
(6.72523e-05 -4.02287e-05 -0)
(6.24318e-05 -3.21335e-05 -0)
(6.18921e-05 -2.63695e-05 -0)
(6.57827e-05 -2.34624e-05 -0)
(6.9943e-05 -2.17162e-05 -0)
(7.75249e-05 -2.21314e-05 -0)
(8.44158e-05 -2.33464e-05 -0)
(9.48399e-05 -2.65713e-05 -0)
(0.000103619 -3.00333e-05 -0)
(0.000114737 -3.45966e-05 -0)
(0.000123454 -3.79723e-05 -0)
(0.000130876 -4.03027e-05 -0)
(0.000135234 -4.07996e-05 -0)
(0.000135449 -3.92811e-05 -0)
(0.000135644 -3.66586e-05 -0)
(0.000129232 -3.23992e-05 -0)
(0.00012408 -3.15378e-05 -0)
(0.000122517 -2.675e-05 -0)
(0.000114042 -1.39542e-05 -0)
(0.000108676 -1.07554e-05 -0)
(9.65278e-05 -1.24524e-05 -0)
(9.57093e-05 -2.44271e-05 -0)
(8.1721e-05 -3.12948e-05 -0)
(8.05779e-05 -3.9481e-06 -0)
(7.52786e-05 -2.15414e-06 -0)
(7.1354e-05 -2.49217e-06 -0)
(6.24434e-05 -4.61171e-06 -0)
(5.30625e-05 -1.00559e-05 -0)
(1.02735e-05 -6.14635e-06 -0)
(8.62273e-05 -4.33078e-05 -0)
(8.05875e-05 -4.07522e-05 -0)
(7.92357e-05 -3.76474e-05 -0)
(7.82485e-05 -3.37022e-05 -0)
(8.06803e-05 -3.17054e-05 -0)
(8.20189e-05 -3.03658e-05 -0)
(8.70678e-05 -3.16484e-05 -0)
(9.03642e-05 -3.33567e-05 -0)
(9.80814e-05 -3.7375e-05 -0)
(0.000102199 -4.03071e-05 -0)
(0.000111163 -4.47801e-05 -0)
(0.000113562 -4.51641e-05 -0)
(0.000116242 -4.45887e-05 -0)
(0.000112351 -4.04809e-05 -0)
(0.000106387 -3.69398e-05 -0)
(0.000101577 -3.15551e-05 -0)
(8.79726e-05 -2.15665e-05 -0)
(8.21844e-05 -2.52088e-05 -0)
(6.78657e-05 -2.67395e-05 -0)
(6.34886e-05 -3.66656e-06 -0)
(5.91857e-05 -2.43705e-06 -0)
(4.77227e-05 -2.97905e-06 -0)
(5.00684e-05 -9.74716e-06 -0)
(7.38182e-07 -1.2543e-07 -0)
(9.39235e-07 -1.56818e-07 -0)
(7.04206e-07 -1.98451e-07 -0)
(6.54124e-07 -2.50814e-07 -0)
(5.76057e-07 -3.17417e-07 -0)
(4.44096e-07 -3.85932e-07 -0)
(1.82726e-07 -4.69875e-07 -0)
(8.79149e-05 -3.56669e-05 -0)
(8.09391e-05 -3.38792e-05 -0)
(7.63505e-05 -3.1839e-05 -0)
(7.19396e-05 -2.93765e-05 -0)
(7.14342e-05 -2.88856e-05 -0)
(7.0444e-05 -2.89302e-05 -0)
(7.36359e-05 -3.16741e-05 -0)
(7.60494e-05 -3.47356e-05 -0)
(8.2093e-05 -3.96573e-05 -0)
(8.54099e-05 -4.30697e-05 -0)
(9.33665e-05 -4.72061e-05 -0)
(8.91126e-05 -4.33494e-05 -0)
(8.81013e-05 -4.0396e-05 -0)
(7.64281e-05 -3.14784e-05 -0)
(7.0918e-05 -2.77988e-05 -0)
(5.52747e-05 -2.54264e-05 -0)
(4.56909e-05 -7.01819e-06 -0)
(4.11104e-05 -8.45782e-06 -0)
(5.32292e-07 -6.01578e-08 -0)
(7.67485e-07 -6.56653e-08 -0)
(5.59841e-07 -6.60979e-08 -0)
(4.85945e-07 -6.71444e-08 -0)
(4.81596e-07 -3.3819e-08 -0)
(6.23474e-07 2.81912e-08 -0)
(6.81289e-07 -2.61227e-07 -0)
(6.08766e-07 -3.55899e-07 -0)
(5.37783e-07 -4.53647e-07 -0)
(4.43874e-07 -5.65658e-07 -0)
(3.08811e-07 -6.76858e-07 -0)
(1.14773e-07 -7.77254e-07 -0)
(8.8424e-05 -2.91785e-05 -0)
(8.22535e-05 -2.85263e-05 -0)
(7.85927e-05 -2.84465e-05 -0)
(7.42669e-05 -2.81057e-05 -0)
(7.40904e-05 -2.98267e-05 -0)
(7.17394e-05 -3.14512e-05 -0)
(7.447e-05 -3.64006e-05 -0)
(7.47283e-05 -4.04938e-05 -0)
(7.78668e-05 -4.60524e-05 -0)
(8.03239e-05 -4.97356e-05 -0)
(8.17745e-05 -4.91928e-05 -0)
(6.76957e-05 -3.80975e-05 -0)
(6.30577e-05 -3.34889e-05 -0)
(4.22799e-05 -2.39055e-05 -0)
(4.15101e-05 -1.0081e-05 -0)
(2.63949e-06 -4.68077e-07 -0)
(5.73018e-07 -4.05095e-08 -0)
(4.829e-07 1.98638e-08 -0)
(5.9387e-07 1.04945e-07 -0)
(6.16683e-07 -8.69637e-08 -0)
(5.5686e-07 -1.05822e-07 -0)
(5.16379e-07 -1.12269e-07 -0)
(5.11085e-07 -8.0144e-08 -0)
(5.46675e-07 -9.41748e-08 -0)
(5.5515e-07 -2.06626e-07 -0)
(5.11787e-07 -2.94616e-07 -0)
(4.44365e-07 -3.76528e-07 -0)
(3.52846e-07 -4.57352e-07 -0)
(2.325e-07 -5.29757e-07 -0)
(8.23304e-08 -5.80151e-07 -0)
(8.86515e-05 -2.34717e-05 -0)
(8.30589e-05 -2.34837e-05 -0)
(7.88839e-05 -2.40237e-05 -0)
(7.3619e-05 -2.46311e-05 -0)
(7.15508e-05 -2.69813e-05 -0)
(6.62745e-05 -2.9132e-05 -0)
(6.71028e-05 -3.51181e-05 -0)
(6.25569e-05 -3.85022e-05 -0)
(6.44549e-05 -4.53962e-05 -0)
(6.53188e-05 -4.80095e-05 -0)
(5.60837e-05 -3.85021e-05 -0)
(3.78449e-05 -2.39366e-05 -0)
(3.00087e-05 -1.81196e-05 -0)
(2.73517e-07 -5.05962e-08 -0)
(4.79456e-07 -1.60046e-09 -0)
(4.81389e-07 8.62383e-08 -0)
(5.4701e-07 -1.3742e-08 -0)
(5.24478e-07 2.74256e-08 -0)
(5.50202e-07 2.11562e-08 -0)
(5.56719e-07 -4.07008e-08 -0)
(5.34536e-07 -7.00739e-08 -0)
(5.11623e-07 -8.46202e-08 -0)
(4.9969e-07 -9.05659e-08 -0)
(4.96992e-07 -1.16646e-07 -0)
(4.80848e-07 -1.76489e-07 -0)
(4.38864e-07 -2.39409e-07 -0)
(3.75046e-07 -3.00499e-07 -0)
(2.90646e-07 -3.57466e-07 -0)
(1.86012e-07 -4.04666e-07 -0)
(6.43796e-08 -4.33441e-07 -0)
(8.87127e-05 -1.81205e-05 -0)
(8.34147e-05 -1.8427e-05 -0)
(7.86378e-05 -1.91404e-05 -0)
(7.31708e-05 -2.03334e-05 -0)
(6.94577e-05 -2.28511e-05 -0)
(6.30315e-05 -2.59345e-05 -0)
(6.19493e-05 -3.26989e-05 -0)
(5.34584e-05 -3.62645e-05 -0)
(5.673e-05 -4.67868e-05 -0)
(4.98518e-05 -4.31259e-05 -0)
(3.07941e-05 -2.49249e-05 -0)
(1.61151e-05 -7.00584e-06 -0)
(3.63394e-07 -3.27472e-08 -0)
(4.89189e-07 6.18775e-08 -0)
(4.81728e-07 1.15969e-08 -0)
(4.91544e-07 5.99096e-08 -0)
(5.14303e-07 1.89643e-08 -0)
(5.17798e-07 1.37598e-08 -0)
(5.25744e-07 1.1572e-09 -0)
(5.25453e-07 -2.69207e-08 -0)
(5.1294e-07 -4.91539e-08 -0)
(4.95887e-07 -6.55718e-08 -0)
(4.7906e-07 -8.08525e-08 -0)
(4.60752e-07 -1.05352e-07 -0)
(4.32387e-07 -1.43273e-07 -0)
(3.87776e-07 -1.86032e-07 -0)
(3.26308e-07 -2.28592e-07 -0)
(2.48679e-07 -2.67346e-07 -0)
(1.56525e-07 -2.97999e-07 -0)
(5.35558e-08 -3.15505e-07 -0)
(8.86474e-05 -1.29033e-05 -0)
(8.3642e-05 -1.32897e-05 -0)
(7.81428e-05 -1.38966e-05 -0)
(7.28886e-05 -1.52012e-05 -0)
(6.70712e-05 -1.7201e-05 -0)
(6.05261e-05 -2.06792e-05 -0)
(5.48236e-05 -2.61325e-05 -0)
(4.45093e-05 -3.08801e-05 -0)
(4.43119e-05 -4.15833e-05 -0)
(2.52474e-05 -2.69135e-05 -0)
(2.97383e-06 -2.37947e-06 -0)
(3.71214e-07 -4.63351e-08 -0)
(4.26822e-07 4.69816e-08 -0)
(4.6434e-07 3.46859e-08 -0)
(4.77489e-07 2.23399e-08 -0)
(4.88757e-07 2.80888e-08 -0)
(5.0086e-07 1.59304e-08 -0)
(5.06671e-07 7.49528e-09 -0)
(5.09522e-07 -3.365e-09 -0)
(5.06408e-07 -1.89857e-08 -0)
(4.95885e-07 -3.40482e-08 -0)
(4.79924e-07 -4.76582e-08 -0)
(4.5991e-07 -6.19185e-08 -0)
(4.34571e-07 -8.06351e-08 -0)
(4.00168e-07 -1.05219e-07 -0)
(3.53546e-07 -1.32853e-07 -0)
(2.93732e-07 -1.60486e-07 -0)
(2.21238e-07 -1.85326e-07 -0)
(1.37854e-07 -2.04477e-07 -0)
(4.68737e-08 -2.15075e-07 -0)
(8.85986e-05 -7.73765e-06 -0)
(8.37273e-05 -8.03032e-06 -0)
(7.77507e-05 -8.42634e-06 -0)
(7.26479e-05 -9.37931e-06 -0)
(6.53371e-05 -1.06197e-05 -0)
(5.9021e-05 -1.33727e-05 -0)
(4.88851e-05 -1.68228e-05 -0)
(3.89201e-05 -2.30455e-05 -0)
(2.86871e-05 -2.89302e-05 -0)
(4.35392e-06 -7.80139e-06 -0)
(2.88817e-07 -3.63109e-08 -0)
(4.88661e-07 -2.92921e-09 -0)
(4.56731e-07 1.73428e-08 -0)
(4.64547e-07 1.83116e-08 -0)
(4.75131e-07 1.49905e-08 -0)
(4.85135e-07 1.41768e-08 -0)
(4.9371e-07 9.177e-09 -0)
(4.98503e-07 3.65721e-09 -0)
(4.99263e-07 -3.12705e-09 -0)
(4.9477e-07 -1.16075e-08 -0)
(4.84268e-07 -2.03923e-08 -0)
(4.68016e-07 -2.9092e-08 -0)
(4.46083e-07 -3.85268e-08 -0)
(4.17452e-07 -5.00496e-08 -0)
(3.80169e-07 -6.41142e-08 -0)
(3.32509e-07 -7.9671e-08 -0)
(2.73834e-07 -9.51721e-08 -0)
(2.04688e-07 -1.08994e-07 -0)
(1.26777e-07 -1.19509e-07 -0)
(4.29585e-08 -1.25242e-07 -0)
(8.8528e-05 -2.57803e-06 -0)
(8.38102e-05 -2.68911e-06 -0)
(7.74679e-05 -2.81983e-06 -0)
(7.2616e-05 -3.17175e-06 -0)
(6.43591e-05 -3.57072e-06 -0)
(5.8553e-05 -4.62302e-06 -0)
(4.54983e-05 -5.78018e-06 -0)
(3.63913e-05 -9.49253e-06 -0)
(1.22785e-05 -8.74824e-06 -0)
(1.276e-07 -3.91829e-08 -0)
(3.56257e-07 7.08809e-08 -0)
(4.25473e-07 1.48957e-08 -0)
(4.48063e-07 7.69317e-09 -0)
(4.61988e-07 6.22784e-09 -0)
(4.73354e-07 5.13398e-09 -0)
(4.82943e-07 4.45099e-09 -0)
(4.9034e-07 2.94239e-09 -0)
(4.94367e-07 1.08147e-09 -0)
(4.94257e-07 -1.19382e-09 -0)
(4.89142e-07 -3.92443e-09 -0)
(4.784e-07 -6.82146e-09 -0)
(4.6179e-07 -9.7919e-09 -0)
(4.38952e-07 -1.3048e-08 -0)
(4.08983e-07 -1.69226e-08 -0)
(3.70547e-07 -2.15162e-08 -0)
(3.22488e-07 -2.65447e-08 -0)
(2.64408e-07 -3.15373e-08 -0)
(1.96901e-07 -3.59709e-08 -0)
(1.21607e-07 -3.93242e-08 -0)
(4.11413e-08 -4.11413e-08 -0)
)
;

boundaryField
{
    inlet1
    {
        type            extrapolatedCalculated;
        value           nonuniform List<vector> 10((1e-05 1.0634e-05 -0) (1e-05 6.59707e-05 -0) (1e-05 0.000137841 -0) (1e-05 0.000174631 -0) (1e-05 0.00019234 -0) (1e-05 0.000210758 -0) (1e-05 0.00023212 -0) (1e-05 0.000249081 -0) (1e-05 0.000254548 -0) (1e-05 0.000246324 -0));
    }
    inlet2
    {
        type            extrapolatedCalculated;
        value           nonuniform List<vector> 10((-0 8.15415e-05 -0) (-0 8.81702e-05 -0) (-0 7.43847e-05 -0) (-0 7.82941e-05 -0) (-0 5.80664e-05 -0) (-0 -1.44714e-05 -0) (-0 -1.60141e-05 -0) (-0 -3.03111e-05 -0) (-0 -3.82835e-05 -0) (-0 -5.56278e-05 -0));
    }
    inlet3
    {
        type            extrapolatedCalculated;
        value           nonuniform List<vector> 10((9.13394e-05 -6.97707e-05 -0) (9.13394e-05 -5.53652e-05 -0) (9.13394e-05 -4.41962e-05 -0) (9.13394e-05 -3.60301e-05 -0) (9.13394e-05 -2.9376e-05 -0) (9.13394e-05 -2.3553e-05 -0) (9.13394e-05 -1.81371e-05 -0) (9.13394e-05 -1.2899e-05 -0) (9.13394e-05 -7.72746e-06 -0) (9.13394e-05 -2.57452e-06 -0));
    }
    output1
    {
        type            extrapolatedCalculated;
        value           nonuniform List<vector> 10((-0 2.34044e-08 -0) (-0 7.10043e-08 -0) (-0 1.21089e-07 -0) (-0 1.7573e-07 -0) (-0 2.37787e-07 -0) (-0 3.11682e-07 -0) (-0 4.0506e-07 -0) (-0 5.32863e-07 -0) (-0 7.28527e-07 -0) (-0 1.07861e-06 -0));
    }
    output2
    {
        type            extrapolatedCalculated;
        value           nonuniform List<vector> 10((2.00797e-06 8.37692e-07 -0) (1.27328e-06 2.4641e-07 -0) (1.02233e-06 8.70847e-08 -0) (9.24942e-07 3.20187e-08 -0) (8.94256e-07 5.83019e-09 -0) (5.91994e-07 2.6963e-09 -0) (0.000175537 -3.07591e-07 -0) (0.000275123 -1.19665e-05 -0) (0.000282348 -3.73929e-05 -0) (0.000273672 -7.52208e-05 -0));
    }
    output3
    {
        type            extrapolatedCalculated;
        value           nonuniform List<vector> 10((-0 -0.000121035 -0) (-0 -6.14635e-06 -0) (-0 -4.69875e-07 -0) (-0 -7.77254e-07 -0) (-0 -5.80151e-07 -0) (-0 -4.33441e-07 -0) (-0 -3.15505e-07 -0) (-0 -2.15075e-07 -0) (-0 -1.25242e-07 -0) (-0 -4.11413e-08 -0));
    }
    up
    {
        type            extrapolatedCalculated;
        value           nonuniform List<vector> 
30
(
(8.8528e-05 -0 -0)
(8.38102e-05 -0 -0)
(7.74679e-05 -0 -0)
(7.2616e-05 -0 -0)
(6.43591e-05 -0 -0)
(5.8553e-05 -0 -0)
(4.54983e-05 -0 -0)
(3.63913e-05 -0 -0)
(1.22785e-05 -0 -0)
(1.276e-07 -0 -0)
(3.56257e-07 -0 -0)
(4.25473e-07 -0 -0)
(4.48063e-07 -0 -0)
(4.61988e-07 -0 -0)
(4.73354e-07 -0 -0)
(4.82943e-07 -0 -0)
(4.9034e-07 -0 -0)
(4.94367e-07 -0 -0)
(4.94257e-07 -0 -0)
(4.89142e-07 -0 -0)
(4.784e-07 -0 -0)
(4.6179e-07 -0 -0)
(4.38952e-07 -0 -0)
(4.08983e-07 -0 -0)
(3.70547e-07 -0 -0)
(3.22488e-07 -0 -0)
(2.64408e-07 -0 -0)
(1.96901e-07 -0 -0)
(1.21607e-07 -0 -0)
(4.11413e-08 -0 -0)
)
;
    }
    down
    {
        type            extrapolatedCalculated;
        value           nonuniform List<vector> 
30
(
(5.00763e-06 -0 -0)
(1.29381e-06 -0 -0)
(7.01103e-07 -0 -0)
(3.35833e-07 -0 -0)
(3.01393e-07 -0 -0)
(3.56819e-07 -0 -0)
(3.37736e-07 -0 -0)
(3.30229e-07 -0 -0)
(3.27669e-07 -0 -0)
(3.27531e-07 -0 -0)
(3.28627e-07 -0 -0)
(3.3026e-07 -0 -0)
(3.31934e-07 -0 -0)
(3.33247e-07 -0 -0)
(3.33843e-07 -0 -0)
(3.33383e-07 -0 -0)
(3.31532e-07 -0 -0)
(3.27945e-07 -0 -0)
(3.22256e-07 -0 -0)
(3.14074e-07 -0 -0)
(3.02988e-07 -0 -0)
(2.88566e-07 -0 -0)
(2.70374e-07 -0 -0)
(2.48009e-07 -0 -0)
(2.21151e-07 -0 -0)
(1.89632e-07 -0 -0)
(1.53514e-07 -0 -0)
(1.13185e-07 -0 -0)
(6.94234e-08 -0 -0)
(2.34043e-08 -0 -0)
)
;
    }
    emptyWalls
    {
        type            empty;
    }
}


// ************************************************************************* //
