/*--------------------------------*- C++ -*----------------------------------*\
  =========                 |
  \\      /  F ield         | OpenFOAM: The Open Source CFD Toolbox
   \\    /   O peration     | Website:  https://openfoam.org
    \\  /    A nd           | Version:  9
     \\/     M anipulation  |
\*---------------------------------------------------------------------------*/
FoamFile
{
    format      ascii;
    class       surfaceScalarField;
    location    "14500";
    object      phi;
}
// * * * * * * * * * * * * * * * * * * * * * * * * * * * * * * * * * * * * * //

dimensions      [0 3 -1 0 0 0 0];

internalField   nonuniform List<scalar> 
1740
(
1.47274e-08
7.17719e-08
2.10435e-09
1.20388e-08
2.15148e-09
1.44698e-08
1.78428e-09
-3.08852e-10
1.79197e-09
1.94073e-10
2.20822e-09
1.43986e-10
2.13197e-09
8.6168e-11
2.08304e-09
4.52793e-11
2.05955e-09
1.90382e-11
2.05357e-09
2.64865e-12
2.05833e-09
-7.18417e-12
2.06882e-09
-1.23627e-11
2.08116e-09
-1.39195e-11
2.09212e-09
-1.23918e-11
2.0988e-09
-8.04583e-12
2.09846e-09
-1.0017e-12
2.08841e-09
8.70266e-12
2.06595e-09
2.10841e-11
2.02833e-09
3.62029e-11
1.97272e-09
5.41501e-11
1.89623e-09
7.50206e-11
1.79594e-09
9.88624e-11
1.66911e-09
1.25596e-10
1.51333e-09
1.54901e-10
1.32703e-09
1.86067e-10
1.10988e-09
2.17853e-10
8.63429e-10
2.4837e-10
5.91591e-10
2.75115e-10
3.00858e-10
2.95234e-10
3.06102e-10
3.19686e-08
1.63364e-07
2.23627e-08
4.15037e-08
1.89228e-08
2.0702e-08
2.43705e-09
-1.64425e-10
1.8772e-09
5.95821e-10
2.24588e-09
2.98669e-10
2.10658e-09
1.55408e-10
2.0576e-09
7.59107e-11
2.04205e-09
2.82239e-11
2.04283e-09
-1.25997e-12
2.05261e-09
-1.90227e-11
2.06697e-09
-2.83474e-11
2.08254e-09
-3.09237e-11
2.09639e-09
-2.76023e-11
2.10582e-09
-1.87902e-11
2.10817e-09
-4.66396e-12
2.10082e-09
1.47275e-11
2.08111e-09
3.94297e-11
2.04631e-09
6.95759e-11
1.9936e-09
1.05375e-10
1.92001e-09
1.47068e-10
1.8225e-09
1.94832e-10
1.69804e-09
2.48621e-10
1.54387e-09
3.07936e-10
1.35788e-09
3.71513e-10
1.13918e-09
4.3697e-10
8.88815e-10
5.0051e-10
6.10484e-10
5.56854e-10
3.10982e-10
5.99719e-10
6.23075e-10
2.25539e-08
2.07718e-07
-8.70743e-10
6.87865e-08
9.50489e-11
1.3072e-08
1.16984e-09
5.64374e-11
1.77e-09
5.53224e-10
1.9637e-09
3.01478e-10
1.99151e-09
1.60884e-10
1.99872e-09
7.47319e-11
2.00821e-09
1.9207e-11
2.02308e-09
-1.68886e-11
2.04231e-09
-3.9298e-11
2.06391e-09
-5.10792e-11
2.08562e-09
-5.38242e-11
2.1051e-09
-4.83017e-11
2.11992e-09
-3.48466e-11
2.12758e-09
-1.35904e-11
2.12558e-09
1.54419e-11
2.11135e-09
5.23305e-11
2.08222e-09
9.72951e-11
2.03536e-09
1.50707e-10
1.96773e-09
2.13046e-10
1.876e-09
2.84775e-10
1.75668e-09
3.66119e-10
1.60622e-09
4.56707e-10
1.42144e-09
5.55072e-10
1.20014e-09
6.58001e-10
9.42168e-10
7.59841e-10
6.50549e-10
8.52071e-10
3.32589e-10
9.23712e-10
9.63405e-10
1.45611e-08
2.96662e-07
4.23598e-09
7.9636e-08
1.18532e-09
1.77563e-08
1.15829e-09
7.57755e-11
1.74933e-09
2.58859e-10
1.82672e-09
1.9373e-10
1.89709e-09
1.11917e-10
1.93756e-09
4.29269e-11
1.96898e-09
-9.23737e-12
1.99898e-09
-4.62017e-11
2.02964e-09
-7.01997e-11
2.06073e-09
-8.28455e-11
2.09095e-09
-8.49903e-11
2.11848e-09
-7.69311e-11
2.14116e-09
-5.87009e-11
2.15666e-09
-3.02898e-11
2.16258e-09
8.30208e-12
2.15649e-09
5.71569e-11
2.13586e-09
1.16568e-10
2.09791e-09
1.87114e-10
2.03952e-09
2.69635e-10
1.9571e-09
3.65107e-10
1.84646e-09
4.74374e-10
1.70291e-09
5.97701e-10
1.5215e-09
7.34066e-10
1.29779e-09
8.80115e-10
1.02917e-09
1.02878e-09
7.16956e-10
1.16788e-09
3.68828e-10
1.27966e-09
1.34343e-09
1.54291e-08
3.62308e-07
5.59017e-09
8.30139e-08
1.85375e-09
2.1655e-08
1.19322e-09
1.03775e-10
1.74046e-09
1.18659e-10
1.76371e-09
1.02709e-10
1.83258e-09
5.01296e-11
1.88546e-09
-5.70343e-12
1.93115e-09
-5.28803e-11
1.97423e-09
-8.848e-11
2.01656e-09
-1.12454e-10
2.0584e-09
-1.25113e-10
2.09897e-09
-1.26361e-10
2.13671e-09
-1.15731e-10
2.16958e-09
-9.27335e-11
2.1953e-09
-5.71666e-11
2.21159e-09
-9.09774e-12
2.21619e-09
5.14292e-11
2.20681e-09
1.24708e-10
2.18088e-09
2.11546e-10
2.13536e-09
3.13277e-10
2.06641e-09
4.31649e-10
1.96915e-09
5.68574e-10
1.83743e-09
7.2566e-10
1.66387e-09
9.03378e-10
1.44037e-09
1.09961e-09
1.15976e-09
1.30729e-09
8.19282e-10
1.511e-09
4.25769e-10
1.68361e-09
1.78722e-09
1.00745e-08
4.57783e-07
5.41296e-09
8.22484e-08
2.08898e-09
3.02951e-08
1.25017e-09
1.38062e-10
1.71479e-09
8.53172e-11
1.72896e-09
4.83238e-11
1.78407e-09
-8.40428e-12
1.84054e-09
-6.29898e-11
1.89594e-09
-1.081e-10
1.95023e-09
-1.42385e-10
2.00396e-09
-1.66023e-10
2.05736e-09
-1.78794e-10
2.10981e-09
-1.79612e-10
2.15981e-09
-1.66899e-10
2.20514e-09
-1.39336e-10
2.24338e-09
-9.65442e-11
2.27229e-09
-3.89549e-11
2.28988e-09
3.295e-11
2.2943e-09
1.1929e-10
2.28345e-09
2.21085e-10
2.25462e-09
3.40275e-10
2.20403e-09
4.79641e-10
2.12628e-09
6.42622e-10
2.0138e-09
8.32995e-10
1.8562e-09
1.05418e-09
1.64005e-09
1.30767e-09
1.35022e-09
1.58978e-09
9.74649e-10
1.88521e-09
5.1497e-10
2.15657e-09
2.33463e-09
-2.18194e-09
5.77802e-07
-2.43214e-09
7.59234e-08
3.5502e-10
2.5125e-08
1.26861e-09
3.15703e-10
1.67477e-09
1.27036e-10
1.68452e-09
1.3673e-11
1.73418e-09
-6.90811e-11
1.79669e-09
-1.29752e-10
1.86184e-09
-1.74148e-10
1.92678e-09
-2.06939e-10
1.9917e-09
-2.30465e-10
2.05725e-09
-2.44427e-10
2.12312e-09
-2.46399e-10
2.18757e-09
-2.32921e-10
2.24779e-09
-2.01171e-10
2.30081e-09
-1.50722e-10
2.34429e-09
-8.31309e-11
2.37673e-09
3.19766e-14
2.39705e-09
9.84165e-11
2.40401e-09
2.13221e-10
2.39566e-09
3.47092e-10
2.36879e-09
5.04013e-10
2.31814e-09
6.89278e-10
2.23529e-09
9.09528e-10
2.10705e-09
1.17267e-09
1.91342e-09
1.48711e-09
1.62641e-09
1.85897e-09
1.21413e-09
2.28348e-09
6.59461e-10
2.72285e-09
3.06008e-09
-1.2236e-08
6.87588e-07
-7.34393e-09
6.12391e-08
4.82878e-10
5.64017e-09
1.22653e-09
4.7094e-10
1.58615e-09
1.25455e-10
1.60311e-09
-5.15875e-11
1.67145e-09
-1.51842e-10
1.75021e-09
-2.12793e-10
1.82793e-09
-2.51804e-10
1.90335e-09
-2.80756e-10
1.97882e-09
-3.0447e-10
2.05682e-09
-3.22048e-10
2.13783e-09
-3.28636e-10
2.21957e-09
-3.17221e-10
2.29766e-09
-2.81707e-10
2.36776e-09
-2.22047e-10
2.42733e-09
-1.42883e-10
2.47572e-09
-4.81127e-11
2.51317e-09
6.11242e-11
2.53986e-09
1.86287e-10
2.55522e-09
3.30852e-10
2.55734e-09
5.00035e-10
2.5422e-09
7.00945e-10
2.50217e-09
9.43175e-10
2.4233e-09
1.23985e-09
2.28015e-09
1.60914e-09
2.02789e-09
2.07549e-09
1.596e-09
2.66691e-09
9.08744e-10
3.39126e-09
4.12276e-09
7.49824e-09
7.89471e-07
-3.02156e-09
7.24269e-08
5.15378e-10
1.37569e-10
1.02707e-09
2.11972e-10
1.30359e-09
-4.17072e-11
1.47083e-09
-1.93637e-10
1.5983e-09
-2.73909e-10
1.70477e-09
-3.17773e-10
1.79634e-09
-3.39519e-10
1.87986e-09
-3.59809e-10
1.96342e-09
-3.84606e-10
2.05336e-09
-4.10658e-10
2.15183e-09
-4.28877e-10
2.25523e-09
-4.2562e-10
2.35551e-09
-3.86392e-10
2.44523e-09
-3.12876e-10
2.52155e-09
-2.18243e-10
2.58563e-09
-1.10723e-10
2.64004e-09
7.91519e-12
2.68706e-09
1.39959e-10
2.72803e-09
2.89996e-10
2.76317e-09
4.64328e-10
2.79113e-09
6.71291e-10
2.80789e-09
9.22372e-10
2.80383e-09
1.23443e-09
2.75599e-09
1.6341e-09
2.609e-09
2.16696e-09
2.23325e-09
2.91739e-09
1.37951e-09
4.05253e-09
5.91695e-09
1.88587e-08
8.54126e-07
3.21518e-09
7.73147e-08
4.53427e-10
3.46242e-09
8.7484e-10
-7.21173e-11
1.15693e-09
-3.19528e-10
1.37831e-09
-4.07411e-10
1.54617e-09
-4.32384e-10
1.67421e-09
-4.44872e-10
1.7728e-09
-4.28684e-10
1.85631e-09
-4.34364e-10
1.94165e-09
-4.63482e-10
2.04137e-09
-5.07106e-10
2.16088e-09
-5.50597e-10
2.29402e-09
-5.69991e-10
2.42394e-09
-5.25364e-10
2.53609e-09
-4.24818e-10
2.62801e-09
-3.06484e-10
2.70522e-09
-1.84442e-10
2.77431e-09
-5.86936e-11
2.84029e-09
7.56444e-11
2.90669e-09
2.24852e-10
2.97619e-09
3.95992e-10
3.05125e-09
5.9752e-10
3.13444e-09
8.40592e-10
3.22813e-09
1.14139e-09
3.33098e-09
1.52587e-09
3.41885e-09
2.04084e-09
3.34851e-09
2.78317e-09
2.37605e-09
3.98453e-09
6.28104e-09
2.96566e-08
8.2259e-07
9.24037e-09
1.10499e-07
2.85793e-09
1.64565e-08
7.17293e-10
7.79189e-09
1.095e-09
-2.74495e-10
1.3393e-09
-4.4153e-10
1.53385e-09
-6.13677e-10
1.67312e-09
-6.0065e-10
1.76435e-09
-4.95976e-10
1.83095e-09
-4.85488e-10
1.90548e-09
-5.27855e-10
2.00957e-09
-6.03688e-10
2.1563e-09
-6.96416e-10
2.33602e-09
-7.78378e-10
2.51013e-09
-7.20251e-10
2.64719e-09
-5.54537e-10
2.74918e-09
-3.98453e-10
2.83296e-09
-2.6186e-10
2.91167e-09
-1.33899e-10
2.99309e-09
-3.54368e-12
3.08223e-09
1.37777e-10
3.18366e-09
2.9727e-10
3.30325e-09
4.82204e-10
3.45049e-09
7.01083e-10
3.64325e-09
9.64675e-10
3.92097e-09
1.28716e-09
4.38691e-09
1.68736e-09
5.36588e-09
2.1899e-09
8.07067e-09
2.82139e-09
3.55843e-09
2.16135e-08
7.80581e-07
2.75445e-08
1.03604e-07
1.88971e-08
1.73645e-08
8.66626e-09
1.08156e-08
8.90902e-10
3.95615e-09
1.35902e-09
-4.11723e-10
1.57686e-09
-5.2152e-10
1.72007e-09
-7.46856e-10
1.78051e-09
-4.69091e-10
1.79768e-09
-4.83747e-10
1.83973e-09
-5.58769e-10
1.93515e-09
-6.83375e-10
2.11875e-09
-8.52997e-10
2.38363e-09
-1.12685e-09
2.63337e-09
-1.02273e-09
2.79338e-09
-6.74623e-10
2.88855e-09
-4.70947e-10
2.96577e-09
-3.30655e-10
3.04631e-09
-2.11504e-10
3.13815e-09
-9.3703e-11
3.2455e-09
3.25307e-11
3.37297e-09
1.73105e-10
3.5276e-09
3.32943e-10
3.721e-09
5.16862e-10
3.97343e-09
7.29062e-10
4.32274e-09
9.70737e-10
4.84192e-09
1.23154e-09
5.65745e-09
1.46769e-09
6.8625e-09
1.55269e-09
1.10687e-09
9.08714e-08
6.98621e-07
3.74356e-08
1.3317e-07
1.67839e-08
6.90527e-08
1.63197e-08
4.02287e-08
2.13598e-08
2.72215e-08
1.32936e-08
2.12175e-08
1.40532e-09
3.82046e-08
1.86012e-09
-4.06291e-10
1.83993e-09
-2.82163e-10
1.73951e-09
-3.39481e-10
1.72063e-09
-4.20959e-10
1.77254e-09
-5.43717e-10
1.99991e-09
-7.16849e-10
2.44641e-09
-1.09071e-09
2.84633e-09
-1.38111e-09
3.00438e-09
-6.59394e-10
3.04587e-09
-4.9226e-10
3.09529e-09
-3.92398e-10
3.16966e-09
-3.01417e-10
3.26771e-09
-2.04153e-10
3.38866e-09
-9.63576e-11
3.53512e-09
2.38645e-11
3.71319e-09
1.58268e-10
3.93248e-09
3.08445e-10
4.20672e-09
4.73888e-10
4.55464e-09
6.49222e-10
5.0006e-09
8.11596e-10
5.55949e-09
9.0758e-10
6.15576e-09
8.33641e-10
4.27527e-10
5.27444e-07
1.92414e-07
5.67844e-07
1.00804e-07
5.36472e-07
1.06591e-07
4.49467e-07
9.67883e-08
3.41084e-07
1.02462e-07
2.79101e-07
8.7247e-08
1.32018e-07
1.47129e-07
2.82038e-09
9.72686e-08
1.87833e-09
1.18708e-08
1.5998e-09
2.8608e-09
1.53072e-09
1.09046e-09
1.43447e-09
3.05545e-09
1.66193e-09
8.94918e-09
2.55574e-09
4.38807e-08
3.30118e-09
-7.45381e-10
3.33194e-09
-3.74577e-10
3.19526e-09
-3.34744e-10
3.19984e-09
-3.00163e-10
3.26931e-09
-2.54383e-10
3.37437e-09
-1.96742e-10
3.5063e-09
-1.29462e-10
3.66568e-09
-5.46371e-11
3.85754e-09
2.71848e-11
4.089e-09
1.16019e-10
4.36632e-09
2.10734e-10
4.68851e-09
3.09994e-10
5.04634e-09
4.05226e-10
5.42417e-09
4.47443e-10
5.75703e-09
3.67569e-10
1.67828e-10
3.15658e-07
-1.57838e-07
4.8787e-07
-5.59339e-08
5.88839e-07
1.65468e-08
6.15661e-07
6.92799e-08
5.80327e-07
1.17933e-07
5.61314e-07
1.1842e-07
5.34423e-07
1.76752e-07
4.43326e-07
1.75201e-07
4.37096e-07
4.35193e-08
4.21926e-07
1.45871e-08
4.16441e-07
7.93975e-09
3.82629e-07
1.97866e-08
3.51401e-07
4.32474e-08
1.83263e-07
1.34118e-07
4.49108e-09
1.08445e-07
2.93658e-09
1.03902e-08
2.46862e-09
5.26432e-11
2.42123e-09
-3.4228e-09
2.44267e-09
-5.43347e-09
2.47698e-09
-6.95018e-09
2.51248e-09
-8.15358e-09
2.56206e-09
-9.11339e-09
2.63578e-09
-9.95445e-09
2.7594e-09
-1.09404e-08
3.01715e-09
-1.23806e-08
3.5894e-09
-1.43688e-08
4.15303e-09
-1.60535e-08
3.94951e-09
-1.56185e-08
4.04899e-09
-1.22237e-08
-4.98704e-09
4.08531e-08
-2.10361e-07
1.25901e-07
-1.40204e-07
2.25291e-07
-7.69527e-08
3.25889e-07
-1.03434e-08
4.00649e-07
4.41696e-08
4.52253e-07
7.49977e-08
5.50293e-07
9.63787e-08
6.06918e-07
1.07826e-07
6.1433e-07
5.02501e-08
6.06074e-07
2.08257e-08
6.04845e-07
1.42484e-08
5.75226e-07
3.49278e-08
5.67078e-07
7.0692e-08
5.45149e-07
1.53819e-07
4.88824e-07
1.78966e-07
4.91806e-07
3.21352e-08
4.93175e-07
-3.99858e-09
5.08061e-07
-2.07989e-08
5.34749e-07
-3.15958e-08
5.70624e-07
-3.99861e-08
6.13556e-07
-4.67133e-08
6.62012e-07
-5.21277e-08
7.15151e-07
-5.68237e-08
7.73802e-07
-6.21558e-08
8.39203e-07
-6.95938e-08
9.14072e-07
-8.00322e-08
9.95682e-07
-9.10235e-08
1.07939e-06
-9.45837e-08
1.14219e-06
-7.88398e-08
-3.35003e-08
6.019e-08
-2.84547e-07
1.18416e-07
-2.10723e-07
1.77042e-07
-1.36683e-07
2.41342e-07
-7.21087e-08
3.07905e-07
-1.87041e-08
3.6653e-07
1.63103e-08
4.42554e-07
2.91872e-08
5.14754e-07
3.19778e-08
5.50786e-07
1.94687e-08
5.67263e-07
8.51579e-09
5.78662e-07
8.96494e-09
5.89412e-07
2.8079e-08
6.15694e-07
5.72561e-08
6.88459e-07
9.26931e-08
7.45726e-07
9.47453e-08
7.68118e-07
2.29006e-08
7.98165e-07
-2.77008e-08
8.38788e-07
-6.03273e-08
8.91815e-07
-8.40399e-08
9.55805e-07
-1.02803e-07
1.02849e-06
-1.17638e-07
1.10801e-06
-1.29401e-07
1.19295e-06
-1.39131e-07
1.2842e-06
-1.49817e-07
1.38263e-06
-1.63891e-07
1.49419e-06
-1.85442e-07
1.6189e-06
-2.11762e-07
1.76001e-06
-2.32995e-07
1.88589e-06
-2.14893e-07
-1.10062e-07
7.23904e-08
-3.6257e-07
1.45811e-07
-2.8151e-07
2.21341e-07
-2.08783e-07
2.93726e-07
-1.40796e-07
3.63558e-07
-8.40337e-08
4.27398e-07
-4.55687e-08
4.86352e-07
-2.73857e-08
5.39508e-07
-2.04403e-08
5.79311e-07
-1.83439e-08
6.07949e-07
-1.71527e-08
6.31296e-07
-1.16238e-08
6.61487e-07
8.83767e-10
7.05689e-07
1.44135e-08
7.79186e-07
1.94632e-08
8.59646e-07
4.15758e-09
9.22087e-07
-3.78151e-08
9.85388e-07
-8.6459e-08
1.05636e-06
-1.28267e-07
1.13649e-06
-1.618e-07
1.22343e-06
-1.87547e-07
1.315e-06
-2.06553e-07
1.40819e-06
-2.20167e-07
1.50271e-06
-2.30543e-07
1.59655e-06
-2.40974e-07
1.69119e-06
-2.53834e-07
1.78822e-06
-2.76797e-07
1.89666e-06
-3.10367e-07
2.02784e-06
-3.55942e-07
2.18486e-06
-3.73469e-07
-2.71685e-07
1.20394e-07
-4.8614e-07
2.26643e-07
-3.78436e-07
3.20735e-07
-2.9588e-07
4.03865e-07
-2.20492e-07
4.79073e-07
-1.5724e-07
5.45956e-07
-1.1175e-07
6.02623e-07
-8.39414e-08
6.50618e-07
-6.83313e-08
6.91705e-07
-5.90608e-08
7.2851e-07
-5.30582e-08
7.6671e-07
-4.8438e-08
8.14797e-07
-4.56916e-08
8.78097e-07
-4.8569e-08
9.59478e-07
-6.24672e-08
1.05131e-06
-8.90287e-08
1.14205e-06
-1.2742e-07
1.23095e-06
-1.72282e-07
1.31946e-06
-2.13507e-07
1.40638e-06
-2.46283e-07
1.48904e-06
-2.68319e-07
1.56599e-06
-2.82084e-07
1.63548e-06
-2.88699e-07
1.69972e-06
-2.93732e-07
1.75537e-06
-2.96761e-07
1.80366e-06
-3.0073e-07
1.83862e-06
-3.10622e-07
1.87097e-06
-3.33993e-07
1.91403e-06
-3.84619e-07
2.0202e-06
-4.57006e-07
-5.51712e-07
2.31326e-07
-6.75287e-07
4.03434e-07
-5.30631e-07
5.08114e-07
-3.96892e-07
5.78502e-07
-2.90715e-07
6.33628e-07
-2.12728e-07
6.80646e-07
-1.59365e-07
7.21009e-07
-1.24943e-07
7.57084e-07
-1.04573e-07
7.92097e-07
-9.36219e-08
8.29671e-07
-8.9458e-08
8.74096e-07
-9.11891e-08
9.29788e-07
-9.96481e-08
9.98673e-07
-1.16233e-07
1.07911e-06
-1.42192e-07
1.16591e-06
-1.75445e-07
1.25238e-06
-2.1302e-07
1.33144e-06
-2.50068e-07
1.40005e-06
-2.80343e-07
1.45498e-06
-3.0033e-07
1.4969e-06
-3.09114e-07
1.52598e-06
-3.11223e-07
1.54523e-06
-3.07126e-07
1.55739e-06
-3.05909e-07
1.56083e-06
-3.00066e-07
1.55733e-06
-2.97587e-07
1.53353e-06
-2.88184e-07
1.50028e-06
-2.93461e-07
1.45051e-06
-3.3041e-07
1.62048e-06
-5.10335e-07
-9.81007e-07
8.53472e-07
-6.52998e-07
7.85003e-07
-5.06926e-07
7.37677e-07
-3.70726e-07
7.1031e-07
-2.73607e-07
7.00032e-07
-2.07845e-07
7.02114e-07
-1.64503e-07
7.12235e-07
-1.3675e-07
7.28617e-07
-1.21499e-07
7.51605e-07
-1.16113e-07
7.82773e-07
-1.19364e-07
8.23935e-07
-1.30579e-07
8.75937e-07
-1.49951e-07
9.38266e-07
-1.76958e-07
1.00804e-06
-2.10733e-07
1.08108e-06
-2.47161e-07
1.15215e-06
-2.82932e-07
1.21389e-06
-3.10526e-07
1.26152e-06
-3.26378e-07
1.29041e-06
-3.27627e-07
1.30375e-06
-3.19486e-07
1.30185e-06
-3.07719e-07
1.29448e-06
-2.96172e-07
1.27604e-06
-2.87588e-07
1.25242e-06
-2.70921e-07
1.2207e-06
-2.7132e-07
1.18452e-06
-2.5034e-07
1.09638e-06
-2.17261e-07
1.02405e-06
-2.43706e-07
7.85515e-07
-4.16801e-07
-6.88761e-07
7.23882e-07
-4.52525e-07
6.10452e-07
-3.79074e-07
5.61971e-07
-3.1298e-07
5.52361e-07
-2.56842e-07
5.62298e-07
-2.12245e-07
5.81816e-07
-1.79743e-07
6.07135e-07
-1.58567e-07
6.37479e-07
-1.48516e-07
6.7349e-07
-1.48909e-07
7.16351e-07
-1.58993e-07
7.66848e-07
-1.78169e-07
8.24163e-07
-2.04952e-07
8.87161e-07
-2.38184e-07
9.52069e-07
-2.74944e-07
1.01621e-06
-3.10761e-07
1.07465e-06
-3.42041e-07
1.12054e-06
-3.56972e-07
1.14752e-06
-3.54888e-07
1.1516e-06
-3.32377e-07
1.1341e-06
-3.01816e-07
1.09992e-06
-2.72313e-07
1.0665e-06
-2.63211e-07
1.01773e-06
-2.4585e-07
9.55155e-07
-2.0213e-07
9.03628e-07
-2.22173e-07
8.35745e-07
-2.17478e-07
7.22968e-07
-1.06122e-07
5.89523e-07
-1.19427e-07
3.06333e-07
-1.73125e-07
-7.8009e-08
8.24618e-07
-3.60329e-07
7.78332e-07
-3.3754e-07
7.54947e-07
-2.99651e-07
7.44379e-07
-2.55759e-07
7.41299e-07
-2.16721e-07
7.42797e-07
-1.86736e-07
7.48131e-07
-1.68305e-07
7.57459e-07
-1.61017e-07
7.71028e-07
-1.65545e-07
7.89855e-07
-1.80121e-07
8.1405e-07
-2.05266e-07
8.43534e-07
-2.36906e-07
8.78141e-07
-2.75875e-07
9.14107e-07
-3.13749e-07
9.51335e-07
-3.49959e-07
9.80499e-07
-3.73514e-07
9.92574e-07
-3.70449e-07
9.81779e-07
-3.47092e-07
9.48866e-07
-3.01405e-07
8.91523e-07
-2.47182e-07
8.21449e-07
-1.93969e-07
7.68246e-07
-2.06801e-07
6.93018e-07
-2.01311e-07
6.14594e-07
-9.74579e-08
5.31668e-07
-1.2899e-07
4.46599e-07
-1.02173e-07
3.69243e-07
-2.26478e-08
2.60212e-07
-2.43479e-08
1.05259e-07
-3.59798e-08
-1.00488e-08
8.39019e-07
-2.84601e-07
7.72523e-07
-2.69075e-07
7.18048e-07
-2.4422e-07
6.78132e-07
-2.14734e-07
6.51355e-07
-1.88775e-07
6.35222e-07
-1.68417e-07
6.27397e-07
-1.58258e-07
6.27037e-07
-1.57211e-07
6.33421e-07
-1.68805e-07
6.48072e-07
-1.89931e-07
6.70265e-07
-2.23812e-07
7.01957e-07
-2.62801e-07
7.39683e-07
-3.10583e-07
7.79491e-07
-3.48433e-07
8.17387e-07
-3.85042e-07
8.27871e-07
-3.81863e-07
8.08665e-07
-3.49415e-07
7.62312e-07
-3.02469e-07
7.01053e-07
-2.40319e-07
6.19627e-07
-1.84682e-07
5.41948e-07
-9.2076e-08
4.65116e-07
-1.187e-07
3.76017e-07
-9.2902e-08
3.22108e-07
-2.10008e-08
1.54749e-07
-3.45342e-08
4.80676e-09
-8.51737e-10
4.56787e-09
-2.231e-09
2.67889e-09
-2.78288e-09
1.17179e-09
-3.23438e-09
-3.43319e-09
8.523e-07
-2.22394e-07
7.98863e-07
-2.13964e-07
7.55825e-07
-2.01246e-07
7.24698e-07
-1.8446e-07
7.03028e-07
-1.6917e-07
6.89366e-07
-1.56182e-07
6.80843e-07
-1.51812e-07
6.77257e-07
-1.54482e-07
6.77389e-07
-1.7074e-07
6.8283e-07
-1.95741e-07
6.92809e-07
-2.36005e-07
7.105e-07
-2.80646e-07
7.28406e-07
-3.33166e-07
7.5047e-07
-3.70602e-07
7.53851e-07
-3.97962e-07
7.02452e-07
-3.37703e-07
6.2528e-07
-2.76683e-07
5.35154e-07
-2.26893e-07
4.35027e-07
-1.26364e-07
3.48769e-07
-7.87605e-08
2.94788e-07
-1.9598e-08
1.39924e-07
-3.1267e-08
4.15934e-09
-1.9971e-10
3.95496e-09
-1.02872e-09
3.30937e-09
-1.01987e-09
3.61041e-09
-9.86538e-10
3.21914e-09
-2.42721e-09
2.18286e-09
-3.06258e-09
1.06342e-09
-3.51963e-09
-3.5778e-09
8.6164e-07
-1.69949e-07
8.14161e-07
-1.65302e-07
7.71331e-07
-1.5828e-07
7.35243e-07
-1.48187e-07
7.04343e-07
-1.39157e-07
6.7916e-07
-1.31005e-07
6.566e-07
-1.30111e-07
6.37143e-07
-1.3423e-07
6.1903e-07
-1.52334e-07
6.03767e-07
-1.77838e-07
5.94526e-07
-2.23523e-07
5.91699e-07
-2.72359e-07
5.95198e-07
-3.31154e-07
6.07738e-07
-3.73826e-07
5.6604e-07
-3.66721e-07
4.69491e-07
-2.46729e-07
3.64088e-07
-1.48916e-07
2.52263e-07
-9.09128e-08
1.03433e-07
-2.46605e-08
3.94447e-09
-1.53112e-10
3.5253e-09
-5.45222e-10
3.30386e-09
-2.71682e-10
3.67169e-09
-4.25256e-11
3.48086e-09
-1.00054e-09
3.15935e-09
-1.14201e-09
2.96217e-09
-1.24615e-09
2.51397e-09
-1.8201e-09
1.77e-09
-2.26769e-09
8.9905e-10
-2.57182e-09
-2.68564e-09
8.67273e-07
-1.23431e-07
8.23751e-07
-1.20889e-07
7.82559e-07
-1.17051e-07
7.46165e-07
-1.11387e-07
7.12684e-07
-1.06602e-07
6.84072e-07
-1.02273e-07
6.55903e-07
-1.03511e-07
6.30556e-07
-1.08364e-07
6.03022e-07
-1.26158e-07
5.77225e-07
-1.50193e-07
5.5415e-07
-1.99402e-07
5.31884e-07
-2.47151e-07
5.25125e-07
-3.18343e-07
5.03309e-07
-3.53234e-07
3.87161e-07
-2.76552e-07
2.70187e-07
-1.01867e-07
1.25686e-07
-3.8432e-08
3.12765e-09
1.38464e-10
3.79344e-09
-8.3751e-12
3.62131e-09
1.356e-10
3.45819e-09
-4.36035e-10
3.33225e-09
-3.18568e-10
3.32189e-09
-3.29869e-10
3.15569e-09
-6.53466e-10
2.885e-09
-8.50954e-10
2.56494e-09
-1.03737e-09
2.10457e-09
-1.33938e-09
1.48411e-09
-1.61626e-09
7.62774e-10
-1.81432e-09
-1.9073e-09
8.70746e-07
-8.05533e-08
8.29766e-07
-7.92775e-08
7.899e-07
-7.7242e-08
7.53246e-07
-7.43548e-08
7.17699e-07
-7.19177e-08
6.85654e-07
-7.00247e-08
6.51831e-07
-7.14553e-08
6.19758e-07
-7.57399e-08
5.80149e-07
-8.89084e-08
5.39852e-07
-1.07734e-07
4.88766e-07
-1.49093e-07
4.38293e-07
-1.89539e-07
4.00763e-07
-2.70966e-07
2.97806e-07
-2.61728e-07
1.12839e-07
-1.03777e-07
3.72045e-09
-8.41286e-10
3.13616e-09
-2.288e-10
3.28058e-09
3.16884e-10
3.46707e-09
2.83699e-12
3.45017e-09
-2.0889e-11
3.35778e-09
-1.92335e-10
3.24507e-09
-2.28647e-10
3.12791e-09
-2.86668e-10
2.93503e-09
-4.32502e-10
2.66001e-09
-5.70973e-10
2.308e-09
-7.12996e-10
1.85528e-09
-8.8377e-10
1.29909e-09
-1.04364e-09
6.67934e-10
-1.16192e-09
-1.22193e-09
8.72769e-07
-3.97841e-08
8.33211e-07
-3.9286e-08
7.94261e-07
-3.83694e-08
7.57378e-07
-3.72285e-08
7.20867e-07
-3.61413e-08
6.86498e-07
-3.56158e-08
6.49692e-07
-3.63272e-08
6.13127e-07
-3.90531e-08
5.66937e-07
-4.55046e-08
5.16849e-07
-5.64825e-08
4.43622e-07
-7.90867e-08
3.68206e-07
-1.07764e-07
2.70868e-07
-1.70745e-07
9.85079e-08
-1.15799e-07
2.91788e-09
-1.48353e-09
3.16467e-09
-1.72085e-10
3.30769e-09
-1.6839e-10
3.33205e-09
2.94982e-11
3.37625e-09
1.64413e-12
3.35454e-09
-2.57543e-11
3.2777e-09
-8.37758e-11
3.16231e-09
-1.17019e-10
3.00968e-09
-1.55648e-10
2.79653e-09
-2.18898e-10
2.51201e-09
-2.87436e-10
2.15179e-09
-3.59873e-10
1.70943e-09
-4.39065e-10
1.18903e-09
-5.12621e-10
6.09876e-10
-5.67777e-10
-5.96568e-10
8.73765e-07
8.34699e-07
7.96416e-07
7.59113e-07
7.22639e-07
6.8649e-07
6.49202e-07
6.09143e-07
5.61874e-07
5.04409e-07
4.22756e-07
3.17029e-07
1.4303e-07
1.30534e-08
2.80428e-09
3.55554e-09
3.40775e-09
3.36371e-09
3.35132e-09
3.31401e-09
3.23618e-09
3.11681e-09
2.95196e-09
2.7294e-09
2.43971e-09
2.07771e-09
1.64162e-09
1.13773e-09
5.82536e-10
)
;

boundaryField
{
    inlet1
    {
        type            calculated;
        value           nonuniform List<scalar> 10(-1e-07 -1e-07 -1e-07 -1e-07 -1e-07 -1e-07 -1e-07 -1e-07 -1e-07 -1e-07);
    }
    inlet2
    {
        type            calculated;
        value           uniform 0;
    }
    inlet3
    {
        type            calculated;
        value           nonuniform List<scalar> 10(-9.13394e-07 -9.13394e-07 -9.13394e-07 -9.13394e-07 -9.13394e-07 -9.13394e-07 -9.13394e-07 -9.13394e-07 -9.13394e-07 -9.13394e-07);
    }
    output1
    {
        type            calculated;
        value           uniform 0;
    }
    output2
    {
        type            calculated;
        value           nonuniform List<scalar> 10(1.3178e-08 8.3549e-09 6.68698e-09 5.99096e-09 4.55479e-09 1.17229e-06 1.9571e-06 2.32756e-06 2.27871e-06 2.35953e-06);
    }
    output3
    {
        type            calculated;
        value           uniform -0;
    }
    up
    {
        type            calculated;
        value           uniform 0;
    }
    down
    {
        type            calculated;
        value           uniform 0;
    }
    emptyWalls
    {
        type            empty;
        value           nonuniform List<scalar> 0();
    }
}


// ************************************************************************* //
