/*--------------------------------*- C++ -*----------------------------------*\
  =========                 |
  \\      /  F ield         | OpenFOAM: The Open Source CFD Toolbox
   \\    /   O peration     | Website:  https://openfoam.org
    \\  /    A nd           | Version:  9
     \\/     M anipulation  |
\*---------------------------------------------------------------------------*/
FoamFile
{
    format      ascii;
    class       volScalarField;
    location    "14500";
    object      Sw;
}
// * * * * * * * * * * * * * * * * * * * * * * * * * * * * * * * * * * * * * //

dimensions      [0 0 0 0 0 0 0];

internalField   nonuniform List<scalar> 
900
(
0.719083
0.506623
0.477845
0.409173
0.151582
0.15
0.15
0.15
0.15
0.15
0.15
0.15
0.15
0.15
0.15
0.15
0.15
0.15
0.15
0.15
0.15
0.15
0.15
0.15
0.15
0.15
0.15
0.15
0.15
0.15
0.755684
0.641993
0.843388
0.440117
0.150468
0.15
0.15
0.15
0.15
0.15
0.15
0.15
0.15
0.15
0.15
0.15
0.15
0.15
0.15
0.15
0.15
0.15
0.15
0.15
0.15
0.15
0.15
0.15
0.15
0.15
0.776482
0.685453
0.581777
0.32088
0.15004
0.15
0.15
0.15
0.15
0.15
0.15
0.15
0.15
0.15
0.15
0.15
0.15
0.15
0.15
0.15
0.15
0.15
0.15
0.15
0.15
0.15
0.15
0.15
0.15
0.15
0.720371
0.652337
0.535062
0.283613
0.150006
0.15
0.15
0.15
0.15
0.15
0.15
0.15
0.15
0.15
0.15
0.15
0.15
0.15
0.15
0.15
0.15
0.15
0.15
0.15
0.15
0.15
0.15
0.15
0.15
0.15
0.735397
0.623393
0.539286
0.240731
0.15
0.15
0.15
0.15
0.15
0.15
0.15
0.15
0.15
0.15
0.15
0.15
0.15
0.15
0.15
0.15
0.15
0.15
0.15
0.15
0.15
0.15
0.15
0.15
0.15
0.15
0.69823
0.606657
0.532675
0.184563
0.15
0.15
0.15
0.15
0.15
0.15
0.15
0.15
0.15
0.15
0.15
0.15
0.15
0.15
0.15
0.15
0.15
0.15
0.15
0.15
0.15
0.15
0.15
0.15
0.15
0.15
0.730985
0.595718
0.569516
0.153218
0.15
0.15
0.15
0.15
0.15
0.15
0.15
0.15
0.15
0.15
0.15
0.15
0.15
0.15
0.15
0.15
0.15
0.15
0.15
0.15
0.15
0.15
0.15
0.15
0.15
0.15
0.728728
0.583371
0.487365
0.150572
0.15
0.15
0.15
0.15
0.15
0.15
0.15
0.15
0.15
0.15
0.15
0.15
0.15
0.15
0.15
0.15
0.15
0.15
0.15
0.15
0.15
0.15
0.15
0.15
0.15
0.15
0.762543
0.566495
0.259116
0.150001
0.15
0.15
0.15
0.15
0.15
0.15
0.15
0.15
0.15
0.15
0.15
0.15
0.15
0.15
0.15
0.15
0.15
0.15
0.15
0.15
0.15
0.15
0.15
0.15
0.15
0.15
0.775042
0.616314
0.24906
0.15
0.15
0.15
0.15
0.15
0.15
0.15
0.15
0.15
0.15
0.15
0.15
0.15
0.15
0.15
0.15
0.15
0.15
0.15
0.15
0.15
0.15
0.15
0.15
0.15
0.15
0.15
0.817716
0.610796
0.486181
0.155616
0.15
0.15
0.15
0.15
0.15
0.15
0.15
0.15
0.15
0.15
0.15
0.15
0.15
0.15
0.15
0.15
0.15
0.15
0.15
0.15
0.15
0.15
0.15
0.15
0.15
0.15
0.838473
0.713598
0.568889
0.520161
0.171634
0.15019
0.15
0.15
0.15
0.15
0.15
0.15
0.15
0.15
0.15
0.15
0.15
0.15
0.15
0.15
0.15
0.15
0.15
0.15
0.15
0.15
0.15
0.15
0.15
0.15
0.92765
0.65885
0.519717
0.477942
0.461485
0.468561
0.174462
0.15
0.15
0.15
0.15
0.15
0.15
0.15
0.15
0.15
0.15
0.15
0.15
0.15
0.15
0.15
0.15
0.15
0.15
0.15
0.15
0.15
0.15
0.15
0.991411
0.834964
0.74649
0.688806
0.633237
0.598358
0.584972
0.349134
0.150004
0.150002
0.150001
0.150001
0.150001
0.150001
0.150001
0.15
0.15
0.15
0.15
0.15
0.15
0.15
0.15
0.15
0.15
0.15
0.15
0.15
0.15
0.15
0.887773
0.772344
0.740784
0.687966
0.663894
0.620583
0.614929
0.572838
0.562647
0.564456
0.563786
0.567805
0.561237
0.575058
0.344025
0.192654
0.203864
0.213188
0.218677
0.223204
0.229674
0.23718
0.245329
0.255347
0.268185
0.283833
0.300792
0.302735
0.271374
0.198059
0.646536
0.629369
0.63626
0.621953
0.617654
0.599745
0.593738
0.596152
0.588838
0.588993
0.584987
0.588418
0.576251
0.574681
0.542255
0.534204
0.533843
0.534294
0.535151
0.536518
0.538213
0.53994
0.541489
0.542745
0.543839
0.544845
0.546243
0.547763
0.549824
0.550353
0.618914
0.607725
0.595564
0.590195
0.586065
0.58243
0.579083
0.58557
0.585348
0.584704
0.582304
0.580802
0.575404
0.571662
0.569968
0.564346
0.562834
0.563251
0.56445
0.566061
0.567831
0.569542
0.57104
0.572206
0.573124
0.573681
0.574442
0.575204
0.577191
0.578206
0.592127
0.587983
0.588007
0.588264
0.587973
0.588102
0.58766
0.588941
0.589212
0.588257
0.586258
0.583412
0.580739
0.578325
0.579145
0.577859
0.577383
0.578193
0.579711
0.581478
0.583095
0.58452
0.585502
0.586277
0.586429
0.586259
0.58518
0.583957
0.582958
0.583762
0.588405
0.587792
0.591634
0.595586
0.598277
0.600012
0.600606
0.600519
0.59993
0.598634
0.596751
0.594692
0.593164
0.592373
0.592742
0.592993
0.593268
0.59381
0.594525
0.595031
0.595195
0.594964
0.594316
0.593534
0.592173
0.59062
0.587479
0.583273
0.576245
0.571475
0.585966
0.596366
0.604934
0.609352
0.611019
0.611395
0.610837
0.609638
0.608115
0.606392
0.60463
0.603085
0.60206
0.601553
0.601413
0.60123
0.60083
0.59999
0.598903
0.597198
0.595308
0.592844
0.590419
0.587622
0.584844
0.581976
0.577948
0.573437
0.56135
0.550163
0.609577
0.621121
0.620941
0.617522
0.614041
0.611273
0.608829
0.606646
0.604594
0.602868
0.601437
0.600472
0.599819
0.599466
0.599009
0.598381
0.597244
0.595493
0.593159
0.590071
0.586851
0.58301
0.579825
0.575189
0.57176
0.567123
0.564604
0.557806
0.567962
0.57989
0.596425
0.592942
0.592687
0.593454
0.594354
0.595364
0.596061
0.596669
0.597019
0.59745
0.59782
0.598291
0.598477
0.598495
0.597724
0.596541
0.594315
0.591442
0.587574
0.583151
0.577966
0.572677
0.568282
0.561452
0.555029
0.549432
0.544278
0.539533
0.536042
0.483909
0.598751
0.600393
0.603831
0.606686
0.60831
0.608925
0.608785
0.608208
0.607268
0.606103
0.604814
0.603329
0.601693
0.599781
0.597134
0.594139
0.589431
0.583938
0.577168
0.570677
0.562562
0.554986
0.54879
0.538848
0.531555
0.51333
0.508472
0.506368
0.502694
0.403967
0.59943
0.598567
0.598259
0.598014
0.597929
0.597519
0.597222
0.596612
0.59625
0.59554
0.595315
0.594503
0.594329
0.592864
0.591207
0.587475
0.579986
0.571074
0.559909
0.551062
0.540726
0.533137
0.514571
0.506647
0.510607
0.209688
0.15
0.15
0.15
0.15
0.59954
0.598836
0.598931
0.599344
0.600376
0.600994
0.601973
0.602105
0.602634
0.601995
0.601812
0.600046
0.598966
0.594989
0.59227
0.58306
0.569419
0.554244
0.535775
0.516737
0.510244
0.514047
0.201603
0.15
0.15
0.15
0.15
0.15
0.15
0.15
0.599712
0.599196
0.599192
0.599122
0.599686
0.599687
0.600386
0.5999
0.600213
0.598689
0.597868
0.595135
0.592519
0.587437
0.582445
0.563773
0.546231
0.51982
0.495044
0.1642
0.15
0.15
0.15
0.15
0.15
0.15
0.15
0.15
0.15
0.15
0.599829
0.599439
0.599457
0.599287
0.599847
0.599798
0.600878
0.600508
0.601824
0.600297
0.600763
0.597041
0.593468
0.586773
0.570362
0.532019
0.525769
0.216628
0.15
0.15
0.15
0.15
0.15
0.15
0.15
0.15
0.15
0.15
0.15
0.15
0.599897
0.599619
0.599663
0.599505
0.600004
0.599939
0.601094
0.600794
0.6027
0.601032
0.602787
0.595876
0.592619
0.578057
0.537195
0.33858
0.150003
0.15
0.15
0.15
0.15
0.15
0.15
0.15
0.15
0.15
0.15
0.15
0.15
0.15
0.599932
0.599743
0.599783
0.599694
0.600102
0.600153
0.601206
0.601263
0.603335
0.602615
0.605752
0.59884
0.597901
0.558678
0.337599
0.150003
0.15
0.15
0.15
0.15
0.15
0.15
0.15
0.15
0.15
0.15
0.15
0.15
0.15
0.15
0.599929
0.599835
0.599797
0.599862
0.600057
0.600432
0.601037
0.601876
0.603116
0.604409
0.606444
0.605872
0.604843
0.506129
0.151827
0.15
0.15
0.15
0.15
0.15
0.15
0.15
0.15
0.15
0.15
0.15
0.15
0.15
0.15
0.15
)
;

boundaryField
{
    inlet1
    {
        type            fixedValue;
        value           uniform 0.85;
    }
    inlet2
    {
        type            zeroGradient;
    }
    inlet3
    {
        type            fixedValue;
        value           uniform 0.6;
    }
    output1
    {
        type            zeroGradient;
    }
    output2
    {
        type            zeroGradient;
    }
    output3
    {
        type            zeroGradient;
    }
    up
    {
        type            zeroGradient;
    }
    down
    {
        type            zeroGradient;
    }
    emptyWalls
    {
        type            empty;
    }
}


// ************************************************************************* //
