/*--------------------------------*- C++ -*----------------------------------*\
  =========                 |
  \\      /  F ield         | OpenFOAM: The Open Source CFD Toolbox
   \\    /   O peration     | Website:  https://openfoam.org
    \\  /    A nd           | Version:  9
     \\/     M anipulation  |
\*---------------------------------------------------------------------------*/
FoamFile
{
    format      ascii;
    class       volVectorField;
    location    "14500";
    object      ut;
}
// * * * * * * * * * * * * * * * * * * * * * * * * * * * * * * * * * * * * * //

dimensions      [0 1 -1 0 0 0 0];

internalField   nonuniform List<vector> 
900
(
(2.73117e-06 3.20676e-06 -0)
(2.14301e-07 1.33772e-07 -0)
(2.06569e-07 4.48126e-10 -0)
(2.23726e-07 -2.3948e-08 -0)
(1.33129e-07 -5.60868e-09 -0)
(2.25265e-07 4.48316e-09 -0)
(2.1638e-07 4.01198e-09 -0)
(2.10013e-07 2.35516e-09 -0)
(2.06595e-07 1.06311e-09 -0)
(2.05316e-07 2.15703e-10 -0)
(2.05399e-07 -2.98723e-10 -0)
(2.06268e-07 -5.71276e-10 -0)
(2.07496e-07 -6.56477e-10 -0)
(2.08736e-07 -5.83824e-10 -0)
(2.09688e-07 -3.68251e-10 -0)
(2.10072e-07 -1.6628e-11 -0)
(2.09619e-07 4.6875e-10 -0)
(2.08062e-07 1.08853e-09 -0)
(2.05127e-07 1.84553e-09 -0)
(2.00538e-07 2.74392e-09 -0)
(1.94006e-07 3.78779e-09 -0)
(1.85239e-07 4.97853e-09 -0)
(1.7395e-07 6.31077e-09 -0)
(1.59872e-07 7.7667e-09 -0)
(1.42795e-07 9.30924e-09 -0)
(1.22611e-07 1.08751e-08 -0)
(9.93651e-08 1.23705e-08 -0)
(7.33207e-08 1.36738e-08 -0)
(4.49975e-08 1.46491e-08 -0)
(1.51741e-08 1.51739e-08 -0)
(5.35884e-06 1.11476e-05 -0)
(1.03488e-06 2.27398e-06 -0)
(3.43766e-06 2.89352e-06 -0)
(3.46894e-07 -3.78224e-08 -0)
(1.40516e-07 4.44234e-08 -0)
(2.34923e-07 2.4314e-08 -0)
(2.14252e-07 1.32216e-08 -0)
(2.07064e-07 6.7007e-09 -0)
(2.04455e-07 2.74454e-09 -0)
(2.03954e-07 3.14027e-10 -0)
(2.04612e-07 -1.13811e-09 -0)
(2.0591e-07 -1.90127e-09 -0)
(2.07483e-07 -2.12741e-09 -0)
(2.09024e-07 -1.89453e-09 -0)
(2.10255e-07 -1.24092e-09 -0)
(2.10909e-07 -1.83711e-10 -0)
(2.10725e-07 1.27178e-09 -0)
(2.09438e-07 3.12829e-09 -0)
(2.06783e-07 5.39505e-09 -0)
(2.0248e-07 8.0861e-09 -0)
(1.9624e-07 1.12163e-08 -0)
(1.87762e-07 1.4794e-08 -0)
(1.76738e-07 1.88085e-08 -0)
(1.6287e-07 2.32134e-08 -0)
(1.45904e-07 2.79043e-08 -0)
(1.25672e-07 3.26955e-08 -0)
(1.02164e-07 3.73035e-08 -0)
(7.55993e-08 4.13492e-08 -0)
(4.64976e-08 4.43977e-08 -0)
(1.56989e-08 4.60466e-08 -0)
(4.63e-06 2.15252e-05 -0)
(-1.19217e-07 6.02675e-06 -0)
(-5.49316e-08 1.24689e-06 -0)
(7.39414e-08 4.93736e-09 -0)
(1.60027e-07 7.47408e-08 -0)
(1.93974e-07 3.54197e-08 -0)
(1.98767e-07 1.78599e-08 -0)
(1.99536e-07 8.48144e-09 -0)
(2.00208e-07 2.90024e-09 -0)
(2.01433e-07 -5.66022e-10 -0)
(2.03183e-07 -2.66643e-09 -0)
(2.05279e-07 -3.76822e-09 -0)
(2.07503e-07 -4.05733e-09 -0)
(2.09622e-07 -3.62593e-09 -0)
(2.11398e-07 -2.51712e-09 -0)
(2.12585e-07 -7.49081e-10 -0)
(2.12931e-07 1.67373e-09 -0)
(2.12185e-07 4.75764e-09 -0)
(2.10085e-07 8.52013e-09 -0)
(2.06359e-07 1.2989e-08 -0)
(2.00714e-07 1.81973e-08 -0)
(1.92831e-07 2.41724e-08 -0)
(1.82369e-07 3.09157e-08 -0)
(1.68967e-07 3.83739e-08 -0)
(1.52277e-07 4.63983e-08 -0)
(1.3201e-07 5.46986e-08 -0)
(1.08019e-07 6.27984e-08 -0)
(8.04149e-08 7.00216e-08 -0)
(4.96949e-08 7.5546e-08 -0)
(1.68229e-08 7.85683e-08 -0)
(2.24226e-06 2.00183e-05 -0)
(6.69953e-07 7.73056e-06 -0)
(1.77243e-07 1.36752e-06 -0)
(5.98215e-08 6.35011e-09 -0)
(1.71836e-07 3.5904e-08 -0)
(1.78029e-07 2.48758e-08 -0)
(1.87314e-07 1.43168e-08 -0)
(1.92104e-07 6.46493e-09 -0)
(1.95408e-07 9.41162e-10 -0)
(1.98387e-07 -2.81171e-09 -0)
(2.01409e-07 -5.19316e-09 -0)
(2.0452e-07 -6.44762e-09 -0)
(2.07626e-07 -6.70751e-09 -0)
(2.10564e-07 -6.03442e-09 -0)
(2.13132e-07 -4.45221e-09 -0)
(2.151e-07 -1.96899e-09 -0)
(2.16231e-07 1.41466e-09 -0)
(2.16285e-07 5.70847e-09 -0)
(2.15014e-07 1.09389e-08 -0)
(2.12157e-07 1.71525e-08 -0)
(2.07424e-07 2.44118e-08 -0)
(2.00481e-07 3.27826e-08 -0)
(1.90939e-07 4.2308e-08 -0)
(1.78353e-07 5.29676e-08 -0)
(1.62228e-07 6.46161e-08 -0)
(1.42072e-07 7.69016e-08 -0)
(1.17487e-07 8.91698e-08 -0)
(8.83468e-08 1.00393e-07 -0)
(5.50443e-08 1.09197e-07 -0)
(1.87212e-08 1.14113e-07 -0)
(2.2756e-06 3.9314e-05 -0)
(8.10223e-07 8.19664e-06 -0)
(3.07811e-07 2.18374e-06 -0)
(6.29385e-08 8.80499e-09 -0)
(1.75706e-07 1.58678e-08 -0)
(1.72386e-07 1.38702e-08 -0)
(1.80356e-07 8.06667e-09 -0)
(1.8616e-07 2.12044e-09 -0)
(1.90931e-07 -2.78864e-09 -0)
(1.95299e-07 -6.42863e-09 -0)
(1.99547e-07 -8.84678e-09 -0)
(2.03765e-07 -1.01215e-08 -0)
(2.07916e-07 -1.02906e-08 -0)
(2.11878e-07 -9.3518e-09 -0)
(2.15464e-07 -7.28797e-09 -0)
(2.18452e-07 -4.08897e-09 -0)
(2.20609e-07 2.45754e-10 -0)
(2.21709e-07 5.72291e-09 -0)
(2.21529e-07 1.23747e-08 -0)
(2.19832e-07 2.02703e-08 -0)
(2.16344e-07 2.95152e-08 -0)
(2.10728e-07 4.02387e-08 -0)
(2.02554e-07 5.25667e-08 -0)
(1.91275e-07 6.65725e-08 -0)
(1.76211e-07 8.21971e-08 -0)
(1.56564e-07 9.91215e-08 -0)
(1.3151e-07 1.16587e-07 -0)
(1.00442e-07 1.33183e-07 -0)
(6.34148e-08 1.46735e-07 -0)
(2.17391e-08 1.54573e-07 -0)
(1.27281e-06 3.31476e-05 -0)
(7.42101e-07 8.40613e-06 -0)
(3.40492e-07 2.14727e-06 -0)
(7.73038e-08 1.195e-08 -0)
(1.72729e-07 7.86388e-09 -0)
(1.70228e-07 6.67161e-09 -0)
(1.75564e-07 1.95926e-09 -0)
(1.81249e-07 -3.26112e-09 -0)
(1.86859e-07 -7.78742e-09 -0)
(1.92329e-07 -1.12674e-08 -0)
(1.97716e-07 -1.36439e-08 -0)
(2.03076e-07 -1.49011e-08 -0)
(2.08395e-07 -1.49816e-08 -0)
(2.13567e-07 -1.37943e-08 -0)
(2.18394e-07 -1.12587e-08 -0)
(2.22634e-07 -7.34435e-09 -0)
(2.26043e-07 -2.0653e-09 -0)
(2.28414e-07 4.56294e-09 -0)
(2.29561e-07 1.25669e-08 -0)
(2.29298e-07 2.20389e-08 -0)
(2.27392e-07 3.31401e-08 -0)
(2.23532e-07 4.6091e-08 -0)
(2.17273e-07 6.11482e-08 -0)
(2.07983e-07 7.85595e-08 -0)
(1.94777e-07 9.84785e-08 -0)
(1.76462e-07 1.20801e-07 -0)
(1.51548e-07 1.44872e-07 -0)
(1.18495e-07 1.69017e-07 -0)
(7.64346e-08 1.89988e-07 -0)
(2.65593e-08 2.02871e-07 -0)
(3.57953e-08 5.8409e-05 -0)
(-4.72184e-07 8.04355e-06 -0)
(-1.42442e-08 3.91174e-06 -0)
(8.52483e-08 1.56623e-08 -0)
(1.68473e-07 9.19956e-09 -0)
(1.66481e-07 2.99315e-09 -0)
(1.70423e-07 -3.64011e-09 -0)
(1.76414e-07 -9.33683e-09 -0)
(1.82925e-07 -1.38327e-08 -0)
(1.89442e-07 -1.72097e-08 -0)
(1.95914e-07 -1.95608e-08 -0)
(2.02427e-07 -2.08576e-08 -0)
(2.09023e-07 -2.09408e-08 -0)
(2.15601e-07 -1.95855e-08 -0)
(2.21914e-07 -1.66085e-08 -0)
(2.27645e-07 -1.19645e-08 -0)
(2.32516e-07 -5.72567e-09 -0)
(2.36341e-07 2.02707e-09 -0)
(2.39005e-07 1.12911e-08 -0)
(2.40405e-07 2.2178e-08 -0)
(2.40396e-07 3.49149e-08 -0)
(2.38736e-07 4.98371e-08 -0)
(2.35022e-07 6.73761e-08 -0)
(2.28606e-07 8.80396e-08 -0)
(2.18453e-07 1.12357e-07 -0)
(2.02957e-07 1.40733e-07 -0)
(1.79726e-07 1.73085e-07 -0)
(1.45557e-07 2.08025e-07 -0)
(9.72694e-08 2.41327e-07 -0)
(3.46229e-08 2.64054e-07 -0)
(-9.67312e-07 5.71514e-05 -0)
(-1.4799e-06 7.14113e-06 -0)
(1.11118e-08 1.11326e-06 -0)
(8.54638e-08 4.74783e-08 -0)
(1.59842e-07 1.62076e-08 -0)
(1.57389e-07 -2.58546e-10 -0)
(1.63234e-07 -1.01761e-08 -0)
(1.71057e-07 -1.66137e-08 -0)
(1.78986e-07 -2.0997e-08 -0)
(1.86601e-07 -2.4178e-08 -0)
(1.94069e-07 -2.65321e-08 -0)
(2.01696e-07 -2.80277e-08 -0)
(2.09667e-07 -2.8339e-08 -0)
(2.17899e-07 -2.69988e-08 -0)
(2.26015e-07 -2.36256e-08 -0)
(2.33516e-07 -1.81799e-08 -0)
(2.40035e-07 -1.09005e-08 -0)
(2.45431e-07 -2.02067e-09 -0)
(2.49712e-07 8.3922e-09 -0)
(2.52922e-07 2.04662e-08 -0)
(2.55051e-07 3.45035e-08 -0)
(2.55993e-07 5.09656e-08 -0)
(2.55475e-07 7.04795e-08 -0)
(2.52964e-07 9.38661e-08 -0)
(2.47471e-07 1.22176e-07 -0)
(2.3719e-07 1.56689e-07 -0)
(2.1884e-07 1.98709e-07 -0)
(1.86738e-07 2.48672e-07 -0)
(1.32463e-07 3.03243e-07 -0)
(4.92857e-08 3.47962e-07 -0)
(2.12224e-06 8.03663e-05 -0)
(-6.22592e-07 5.10668e-06 -0)
(1.82807e-08 1.47746e-08 -0)
(8.47948e-08 4.67097e-08 -0)
(1.2062e-07 8.88334e-09 -0)
(1.40097e-07 -1.00589e-08 -0)
(1.54068e-07 -2.01923e-08 -0)
(1.65593e-07 -2.59449e-08 -0)
(1.75361e-07 -2.93638e-08 -0)
(1.83907e-07 -3.19731e-08 -0)
(1.92064e-07 -3.43618e-08 -0)
(2.0062e-07 -3.63819e-08 -0)
(2.10051e-07 -3.73883e-08 -0)
(2.20314e-07 -3.64453e-08 -0)
(2.30733e-07 -3.27157e-08 -0)
(2.4037e-07 -2.62295e-08 -0)
(2.48675e-07 -1.76762e-08 -0)
(2.55634e-07 -7.60187e-09 -0)
(2.61492e-07 3.83264e-09 -0)
(2.66517e-07 1.67912e-08 -0)
(2.70895e-07 3.16669e-08 -0)
(2.74712e-07 4.90415e-08 -0)
(2.77923e-07 6.97096e-08 -0)
(2.80303e-07 9.47688e-08 -0)
(2.81276e-07 1.25794e-07 -0)
(2.7949e-07 1.65138e-07 -0)
(2.71708e-07 2.1639e-07 -0)
(2.50091e-07 2.8471e-07 -0)
(1.9656e-07 3.7501e-07 -0)
(7.93423e-08 4.7659e-07 -0)
(3.1475e-06 7.7528e-05 -0)
(6.24245e-07 9.37869e-06 -0)
(1.87909e-08 1.27392e-08 -0)
(7.18945e-08 -4.31526e-09 -0)
(1.03073e-07 -1.72248e-08 -0)
(1.28313e-07 -2.86684e-08 -0)
(1.47348e-07 -3.45895e-08 -0)
(1.61885e-07 -3.76098e-08 -0)
(1.72958e-07 -3.854e-08 -0)
(1.81603e-07 -3.99887e-08 -0)
(1.8966e-07 -4.25593e-08 -0)
(1.98669e-07 -4.57498e-08 -0)
(2.09604e-07 -4.83871e-08 -0)
(2.22572e-07 -4.86786e-08 -0)
(2.36231e-07 -4.45627e-08 -0)
(2.48556e-07 -3.63458e-08 -0)
(2.58662e-07 -2.59724e-08 -0)
(2.66939e-07 -1.45428e-08 -0)
(2.74106e-07 -2.2496e-09 -0)
(2.80756e-07 1.12005e-08 -0)
(2.87302e-07 2.63323e-08 -0)
(2.94036e-07 4.38241e-08 -0)
(3.01203e-07 6.45486e-08 -0)
(3.09048e-07 8.97055e-08 -0)
(3.1784e-07 1.21092e-07 -0)
(3.27785e-07 1.61681e-07 -0)
(3.38412e-07 2.17001e-07 -0)
(3.45358e-07 2.98768e-07 -0)
(3.24344e-07 4.35497e-07 -0)
(1.50866e-07 7.06799e-07 -0)
(4.60764e-06 9.32971e-05 -0)
(1.32368e-06 6.08425e-06 -0)
(5.24393e-07 6.79745e-07 -0)
(4.71921e-08 -1.01082e-08 -0)
(9.62665e-08 -4.66807e-08 -0)
(1.22733e-07 -5.28137e-08 -0)
(1.45127e-07 -5.18873e-08 -0)
(1.61642e-07 -5.13647e-08 -0)
(1.72982e-07 -4.71968e-08 -0)
(1.79888e-07 -4.6884e-08 -0)
(1.86303e-07 -5.0137e-08 -0)
(1.94792e-07 -5.56713e-08 -0)
(2.07123e-07 -6.17323e-08 -0)
(2.24138e-07 -6.53195e-08 -0)
(2.43065e-07 -6.05102e-08 -0)
(2.5896e-07 -4.86178e-08 -0)
(2.70478e-07 -3.53244e-08 -0)
(2.79357e-07 -2.23456e-08 -0)
(2.87235e-07 -9.48912e-09 -0)
(2.95098e-07 3.92837e-09 -0)
(3.03519e-07 1.86381e-08 -0)
(3.12928e-07 3.53743e-08 -0)
(3.23804e-07 5.49553e-08 -0)
(3.36846e-07 7.84128e-08 -0)
(3.53252e-07 1.07187e-07 -0)
(3.75399e-07 1.43493e-07 -0)
(4.08795e-07 1.91166e-07 -0)
(4.68586e-07 2.57865e-07 -0)
(6.04591e-07 3.6141e-07 -0)
(1.00954e-06 5.4941e-07 -0)
(9.15131e-07 7.12209e-05 -0)
(3.40757e-06 1.60156e-05 -0)
(2.10134e-06 2.61156e-06 -0)
(1.67808e-06 1.56849e-06 -0)
(5.5174e-08 -8.21834e-09 -0)
(1.23006e-07 -3.54922e-08 -0)
(1.48797e-07 -7.0848e-08 -0)
(1.66576e-07 -6.87653e-08 -0)
(1.77438e-07 -5.19985e-08 -0)
(1.78663e-07 -5.02135e-08 -0)
(1.80873e-07 -5.54341e-08 -0)
(1.87074e-07 -6.50662e-08 -0)
(1.99956e-07 -7.75509e-08 -0)
(2.23794e-07 -9.03561e-08 -0)
(2.52933e-07 -8.354e-08 -0)
(2.73742e-07 -6.22896e-08 -0)
(2.84934e-07 -4.43662e-08 -0)
(2.92775e-07 -3.00264e-08 -0)
(3.00379e-07 -1.72906e-08 -0)
(3.08883e-07 -4.6371e-09 -0)
(3.18748e-07 8.91734e-09 -0)
(3.30353e-07 2.40796e-08 -0)
(3.44241e-07 4.14855e-08 -0)
(3.61279e-07 6.18038e-08 -0)
(3.82921e-07 8.57484e-08 -0)
(4.11765e-07 1.13939e-07 -0)
(4.52783e-07 1.46306e-07 -0)
(5.15602e-07 1.80115e-07 -0)
(6.15888e-07 2.02868e-07 -0)
(7.56611e-07 1.62275e-07 -0)
(1.24938e-05 8.48952e-05 -0)
(5.68047e-06 4.70524e-06 -0)
(1.80665e-06 8.61329e-07 -0)
(1.55013e-06 5.94641e-07 -0)
(1.7138e-06 7.99448e-07 -0)
(2.55815e-06 -4.68525e-08 -0)
(1.00573e-07 -3.3456e-08 -0)
(1.80491e-07 -8.06059e-08 -0)
(1.91534e-07 -4.18197e-08 -0)
(1.76452e-07 -4.6536e-08 -0)
(1.7145e-07 -5.63197e-08 -0)
(1.72675e-07 -7.16087e-08 -0)
(1.81833e-07 -9.30485e-08 -0)
(2.18149e-07 -1.35014e-07 -0)
(2.71132e-07 -1.21005e-07 -0)
(2.98134e-07 -7.26349e-08 -0)
(3.02742e-07 -4.98233e-08 -0)
(3.06433e-07 -3.61046e-08 -0)
(3.12625e-07 -2.50101e-08 -0)
(3.21306e-07 -1.41035e-08 -0)
(3.32236e-07 -2.41119e-09 -0)
(3.45496e-07 1.05414e-08 -0)
(3.61529e-07 2.51031e-08 -0)
(3.81109e-07 4.15686e-08 -0)
(4.05387e-07 6.0064e-08 -0)
(4.35957e-07 8.02083e-08 -0)
(4.74972e-07 1.00003e-07 -0)
(5.25148e-07 1.13423e-07 -0)
(5.8675e-07 1.07671e-07 -0)
(6.44401e-07 5.90985e-08 -0)
(4.77687e-05 5.48289e-05 -0)
(5.77201e-05 2.19288e-05 -0)
(5.58486e-05 1.29492e-05 -0)
(5.14458e-05 7.45109e-06 -0)
(3.84476e-05 4.64485e-06 -0)
(2.97692e-05 4.29036e-06 -0)
(2.6051e-05 7.67438e-06 -0)
(3.52572e-07 -6.5219e-10 -0)
(2.11505e-07 -1.4613e-08 -0)
(1.64162e-07 -2.13602e-08 -0)
(1.55799e-07 -2.78721e-08 -0)
(1.50344e-07 -3.71348e-08 -0)
(1.3655e-07 -5.03212e-08 -0)
(1.95836e-07 -8.31285e-08 -0)
(3.15311e-07 -1.55217e-07 -0)
(3.44924e-07 -5.92439e-08 -0)
(3.21465e-07 -4.86287e-08 -0)
(3.17588e-07 -4.23749e-08 -0)
(3.22381e-07 -3.52733e-08 -0)
(3.31482e-07 -2.67272e-08 -0)
(3.43393e-07 -1.68603e-08 -0)
(3.57867e-07 -5.76851e-09 -0)
(3.75269e-07 6.55056e-09 -0)
(3.9624e-07 2.01204e-08 -0)
(4.21561e-07 3.47136e-08 -0)
(4.51704e-07 4.96361e-08 -0)
(4.85998e-07 6.23165e-08 -0)
(5.23269e-07 6.80932e-08 -0)
(5.61564e-07 5.90576e-08 -0)
(5.89842e-07 2.6407e-08 -0)
(2.62023e-05 -1.63462e-05 -0)
(3.69293e-05 -1.76804e-06 -0)
(6.06447e-05 8.36898e-06 -0)
(5.71232e-05 1.19066e-05 -0)
(6.60089e-05 1.58476e-05 -0)
(5.00564e-05 1.3159e-05 -0)
(6.22064e-05 2.17514e-05 -0)
(4.46783e-05 1.94544e-05 -0)
(4.39868e-05 2.38877e-06 -0)
(4.34324e-05 5.93519e-07 -0)
(4.09527e-05 2.45965e-07 -0)
(4.23355e-05 6.48224e-07 -0)
(3.41904e-05 1.84016e-06 -0)
(3.60898e-05 8.85926e-06 -0)
(5.62791e-07 6.14026e-09 -0)
(3.35424e-07 -1.56715e-08 -0)
(2.51892e-07 -1.83201e-08 -0)
(2.41832e-07 -1.76577e-08 -0)
(2.42414e-07 -1.56033e-08 -0)
(2.4612e-07 -1.26212e-08 -0)
(2.49277e-07 -9.03208e-09 -0)
(2.5322e-07 -5.15891e-09 -0)
(2.59193e-07 -1.1136e-09 -0)
(2.67963e-07 3.08336e-09 -0)
(2.83917e-07 7.43311e-09 -0)
(3.19514e-07 1.23627e-08 -0)
(3.98367e-07 1.87288e-08 -0)
(4.3224e-07 2.13954e-08 -0)
(3.57662e-07 1.44561e-08 -0)
(4.52135e-07 7.15856e-09 -0)
(1.49422e-06 -1.52215e-05 -0)
(6.6764e-06 -9.41874e-06 -0)
(1.85038e-05 -5.05962e-06 -0)
(2.65545e-05 1.9494e-06 -0)
(3.86234e-05 7.73892e-06 -0)
(4.15063e-05 1.0525e-05 -0)
(4.89443e-05 1.3599e-05 -0)
(6.11143e-05 1.55858e-05 -0)
(6.02694e-05 6.31509e-06 -0)
(6.25965e-05 2.3239e-06 -0)
(5.86184e-05 1.34199e-06 -0)
(6.23507e-05 3.30909e-06 -0)
(5.26945e-05 6.80931e-06 -0)
(6.07211e-05 1.79643e-05 -0)
(4.83088e-05 2.16828e-05 -0)
(4.9456e-05 2.0937e-06 -0)
(4.89051e-05 2.88487e-08 -0)
(4.97299e-05 -6.66903e-07 -0)
(5.18822e-05 -1.07109e-06 -0)
(5.50675e-05 -1.37742e-06 -0)
(5.90573e-05 -1.62168e-06 -0)
(6.3654e-05 -1.81752e-06 -0)
(6.87483e-05 -1.98978e-06 -0)
(7.42818e-05 -2.19116e-06 -0)
(8.04787e-05 -2.48355e-06 -0)
(8.73619e-05 -2.88613e-06 -0)
(9.54524e-05 -3.22943e-06 -0)
(0.000103684 -3.14509e-06 -0)
(0.000112193 -2.45919e-06 -0)
(0.000116244 -1.00457e-06 -0)
(2.95528e-06 -2.68508e-05 -0)
(9.08273e-06 -1.86221e-05 -0)
(1.46005e-05 -1.03309e-05 -0)
(2.08078e-05 -4.01808e-06 -0)
(2.74605e-05 1.095e-06 -0)
(3.41205e-05 4.47449e-06 -0)
(3.91856e-05 5.67673e-06 -0)
(4.93252e-05 5.9794e-06 -0)
(5.36257e-05 3.73494e-06 -0)
(5.65316e-05 1.84124e-06 -0)
(5.6921e-05 1.50768e-06 -0)
(5.88114e-05 3.67647e-06 -0)
(5.90711e-05 7.32908e-06 -0)
(6.40678e-05 1.27995e-05 -0)
(7.36239e-05 1.41104e-05 -0)
(7.55212e-05 4.33334e-06 -0)
(7.81024e-05 -8.28565e-07 -0)
(8.15306e-05 -3.49289e-06 -0)
(8.62271e-05 -5.24808e-06 -0)
(9.21358e-05 -6.6198e-06 -0)
(9.90251e-05 -7.72098e-06 -0)
(0.000106673 -8.60802e-06 -0)
(0.00011493 -9.37497e-06 -0)
(0.000123659 -1.024e-05 -0)
(0.00013318 -1.14352e-05 -0)
(0.000143345 -1.31203e-05 -0)
(0.000155493 -1.49753e-05 -0)
(0.000168287 -1.57717e-05 -0)
(0.000183715 -1.33088e-05 -0)
(0.000193463 -5.69549e-06 -0)
(3.70713e-06 -3.00586e-05 -0)
(1.0771e-05 -2.35224e-05 -0)
(1.83913e-05 -1.70056e-05 -0)
(2.58769e-05 -1.04037e-05 -0)
(3.28683e-05 -4.83581e-06 -0)
(3.98433e-05 -1.21242e-06 -0)
(4.56364e-05 1.60712e-07 -0)
(5.16341e-05 4.16163e-07 -0)
(5.62674e-05 1.58806e-07 -0)
(5.95948e-05 -1.38086e-07 -0)
(6.1995e-05 2.85303e-07 -0)
(6.42643e-05 1.93933e-06 -0)
(6.80331e-05 4.12213e-06 -0)
(7.31046e-05 5.73909e-06 -0)
(8.27325e-05 4.83866e-06 -0)
(8.91967e-05 2.46784e-07 -0)
(9.52207e-05 -4.71159e-06 -0)
(0.000101857 -8.57257e-06 -0)
(0.000109416 -1.15599e-05 -0)
(0.000117881 -1.39408e-05 -0)
(0.000126805 -1.58065e-05 -0)
(0.000136194 -1.72721e-05 -0)
(0.000145445 -1.84512e-05 -0)
(0.000155097 -1.97235e-05 -0)
(0.000164214 -2.1343e-05 -0)
(0.000174024 -2.39681e-05 -0)
(0.000183619 -2.73772e-05 -0)
(0.000195713 -3.08273e-05 -0)
(0.000209854 -2.96698e-05 -0)
(0.000227118 -1.63169e-05 -0)
(6.42466e-06 -4.24554e-05 -0)
(1.76542e-05 -3.27797e-05 -0)
(2.76743e-05 -2.4751e-05 -0)
(3.64728e-05 -1.77555e-05 -0)
(4.43003e-05 -1.19709e-05 -0)
(5.15143e-05 -7.90131e-06 -0)
(5.76769e-05 -5.63785e-06 -0)
(6.28477e-05 -4.50422e-06 -0)
(6.7276e-05 -3.82759e-06 -0)
(7.10649e-05 -3.29245e-06 -0)
(7.46371e-05 -2.61006e-06 -0)
(7.87049e-05 -1.76258e-06 -0)
(8.42545e-05 -1.23943e-06 -0)
(9.13649e-05 -1.84644e-06 -0)
(0.000100531 -4.00715e-06 -0)
(0.000109732 -7.8098e-06 -0)
(0.000118679 -1.25802e-05 -0)
(0.000127511 -1.70809e-05 -0)
(0.000136381 -2.08001e-05 -0)
(0.000144896 -2.35687e-05 -0)
(0.000152912 -2.5504e-05 -0)
(0.000160286 -2.67613e-05 -0)
(0.00016681 -2.76573e-05 -0)
(0.000173134 -2.84713e-05 -0)
(0.00017794 -2.94237e-05 -0)
(0.000182792 -3.13912e-05 -0)
(0.000184932 -3.46961e-05 -0)
(0.000189261 -4.03611e-05 -0)
(0.000193546 -4.50239e-05 -0)
(0.000210493 -3.802e-05 -0)
(1.23286e-05 -5.47726e-05 -0)
(3.39366e-05 -4.29076e-05 -0)
(4.67501e-05 -3.4425e-05 -0)
(5.48727e-05 -2.63429e-05 -0)
(6.08276e-05 -1.9477e-05 -0)
(6.5898e-05 -1.44486e-05 -0)
(7.02311e-05 -1.11504e-05 -0)
(7.39708e-05 -9.16205e-06 -0)
(7.7446e-05 -7.98456e-06 -0)
(8.09735e-05 -7.31919e-06 -0)
(8.49608e-05 -7.07753e-06 -0)
(8.98585e-05 -7.37575e-06 -0)
(9.60992e-05 -8.47438e-06 -0)
(0.000103635 -1.0647e-05 -0)
(0.000112187 -1.37986e-05 -0)
(0.000120995 -1.76743e-05 -0)
(0.000129482 -2.18762e-05 -0)
(0.000136807 -2.56206e-05 -0)
(0.000143203 -2.84565e-05 -0)
(0.000147793 -3.00951e-05 -0)
(0.000151588 -3.09128e-05 -0)
(0.000153608 -3.09785e-05 -0)
(0.000155437 -3.10891e-05 -0)
(0.00015604 -3.08809e-05 -0)
(0.000156126 -3.07223e-05 -0)
(0.00015534 -3.07332e-05 -0)
(0.000151366 -3.21025e-05 -0)
(0.00014869 -3.65627e-05 -0)
(0.000141411 -4.63773e-05 -0)
(0.000182684 -7.23224e-05 -0)
(8.92876e-05 -8.02848e-05 -0)
(8.14068e-05 -6.32185e-05 -0)
(7.55937e-05 -4.49534e-05 -0)
(7.19417e-05 -3.18002e-05 -0)
(7.01203e-05 -2.30686e-05 -0)
(6.98861e-05 -1.74243e-05 -0)
(7.05367e-05 -1.38382e-05 -0)
(7.19103e-05 -1.17526e-05 -0)
(7.3813e-05 -1.07398e-05 -0)
(7.65079e-05 -1.05724e-05 -0)
(8.00468e-05 -1.11603e-05 -0)
(8.47403e-05 -1.25539e-05 -0)
(9.04472e-05 -1.47721e-05 -0)
(9.7206e-05 -1.77914e-05 -0)
(0.000104401 -2.12905e-05 -0)
(0.000111816 -2.49298e-05 -0)
(0.000118614 -2.81374e-05 -0)
(0.000124164 -3.04481e-05 -0)
(0.00012814 -3.16095e-05 -0)
(0.000129942 -3.17277e-05 -0)
(0.000130807 -3.13319e-05 -0)
(0.000129562 -3.04468e-05 -0)
(0.000129334 -3.00926e-05 -0)
(0.000125873 -2.91323e-05 -0)
(0.000124611 -2.87951e-05 -0)
(0.000119528 -2.69035e-05 -0)
(0.000117376 -2.65897e-05 -0)
(0.0001019 -2.95194e-05 -0)
(0.000102911 -5.56898e-05 -0)
(5.41919e-05 -0.000123879 -0)
(7.99991e-05 -5.03148e-05 -0)
(6.47773e-05 -3.81666e-05 -0)
(5.73131e-05 -2.91918e-05 -0)
(5.50811e-05 -2.29212e-05 -0)
(5.53911e-05 -1.85005e-05 -0)
(5.70686e-05 -1.54764e-05 -0)
(5.92947e-05 -1.35118e-05 -0)
(6.21323e-05 -1.25472e-05 -0)
(6.53635e-05 -1.24829e-05 -0)
(6.93345e-05 -1.33004e-05 -0)
(7.39356e-05 -1.49555e-05 -0)
(7.94339e-05 -1.74363e-05 -0)
(8.53987e-05 -2.06194e-05 -0)
(9.20335e-05 -2.43551e-05 -0)
(9.83803e-05 -2.81417e-05 -0)
(0.000104862 -3.16567e-05 -0)
(0.000110068 -3.39677e-05 -0)
(0.000114041 -3.48275e-05 -0)
(0.000115463 -3.3916e-05 -0)
(0.000114857 -3.21695e-05 -0)
(0.000111963 -3.0212e-05 -0)
(0.000108021 -2.87876e-05 -0)
(0.000105279 -2.7425e-05 -0)
(9.82664e-05 -2.50519e-05 -0)
(9.27645e-05 -2.54688e-05 -0)
(8.79611e-05 -2.31644e-05 -0)
(7.91879e-05 -1.68625e-05 -0)
(6.54057e-05 -1.92218e-05 -0)
(5.24989e-05 -2.76705e-05 -0)
(8.76759e-06 -1.38733e-05 -0)
(8.55122e-05 -4.01902e-05 -0)
(7.94114e-05 -3.76483e-05 -0)
(7.62549e-05 -3.34042e-05 -0)
(7.47345e-05 -2.84472e-05 -0)
(7.41414e-05 -2.39484e-05 -0)
(7.41184e-05 -2.04723e-05 -0)
(7.44409e-05 -1.82016e-05 -0)
(7.51852e-05 -1.7156e-05 -0)
(7.63066e-05 -1.72989e-05 -0)
(7.7899e-05 -1.84982e-05 -0)
(8.0072e-05 -2.06783e-05 -0)
(8.27381e-05 -2.35542e-05 -0)
(8.59687e-05 -2.70173e-05 -0)
(8.96595e-05 -3.06337e-05 -0)
(9.31618e-05 -3.40105e-05 -0)
(9.71053e-05 -3.67516e-05 -0)
(9.89945e-05 -3.74268e-05 -0)
(9.95202e-05 -3.615e-05 -0)
(9.68356e-05 -3.25594e-05 -0)
(9.29377e-05 -2.81936e-05 -0)
(8.53669e-05 -2.42506e-05 -0)
(7.89228e-05 -2.38547e-05 -0)
(7.47263e-05 -2.17449e-05 -0)
(6.38772e-05 -1.5374e-05 -0)
(5.90416e-05 -1.89657e-05 -0)
(4.72919e-05 -2.03311e-05 -0)
(4.2028e-05 -4.36183e-06 -0)
(3.18206e-05 -4.66363e-06 -0)
(2.02218e-05 -6.95461e-06 -0)
(8.30061e-07 -1.72846e-06 -0)
(8.75138e-05 -3.18756e-05 -0)
(8.02899e-05 -2.98598e-05 -0)
(7.42146e-05 -2.6526e-05 -0)
(6.93949e-05 -2.27047e-05 -0)
(6.62315e-05 -1.93959e-05 -0)
(6.40395e-05 -1.68749e-05 -0)
(6.30049e-05 -1.54595e-05 -0)
(6.24746e-05 -1.50474e-05 -0)
(6.29328e-05 -1.581e-05 -0)
(6.37514e-05 -1.75259e-05 -0)
(6.5863e-05 -2.03749e-05 -0)
(6.81901e-05 -2.3827e-05 -0)
(7.22013e-05 -2.81577e-05 -0)
(7.57352e-05 -3.21161e-05 -0)
(8.01629e-05 -3.59813e-05 -0)
(8.33144e-05 -3.79512e-05 -0)
(8.22598e-05 -3.66631e-05 -0)
(7.94732e-05 -3.32683e-05 -0)
(7.29891e-05 -2.77215e-05 -0)
(6.72215e-05 -2.12427e-05 -0)
(5.6704e-05 -1.45432e-05 -0)
(5.16856e-05 -1.75055e-05 -0)
(4.13377e-05 -1.85172e-05 -0)
(3.38657e-05 -4.11758e-06 -0)
(3.05559e-05 -6.83221e-06 -0)
(3.93796e-07 -1.03467e-07 -0)
(5.67556e-07 -1.67723e-07 -0)
(3.46018e-07 -2.05964e-07 -0)
(1.8976e-07 -2.41352e-07 -0)
(4.45984e-08 -2.81295e-07 -0)
(8.82027e-05 -2.50446e-05 -0)
(8.22574e-05 -2.39552e-05 -0)
(7.75152e-05 -2.2318e-05 -0)
(7.36497e-05 -2.02421e-05 -0)
(7.129e-05 -1.8359e-05 -0)
(6.93156e-05 -1.68085e-05 -0)
(6.85576e-05 -1.61921e-05 -0)
(6.76111e-05 -1.63949e-05 -0)
(6.78403e-05 -1.79511e-05 -0)
(6.76374e-05 -2.04603e-05 -0)
(6.89285e-05 -2.43875e-05 -0)
(6.96333e-05 -2.87333e-05 -0)
(7.24668e-05 -3.39589e-05 -0)
(7.32145e-05 -3.75704e-05 -0)
(7.68795e-05 -4.1027e-05 -0)
(7.38907e-05 -3.84215e-05 -0)
(6.65997e-05 -3.32199e-05 -0)
(5.84563e-05 -2.72255e-05 -0)
(4.85744e-05 -2.03424e-05 -0)
(3.8431e-05 -1.56938e-05 -0)
(3.13229e-05 -3.87202e-06 -0)
(2.76346e-05 -6.23454e-06 -0)
(3.50264e-07 -6.3194e-08 -0)
(4.81605e-07 -8.25715e-08 -0)
(3.09387e-07 -7.46289e-08 -0)
(3.52487e-07 -6.68803e-08 -0)
(3.69596e-07 -2.78476e-07 -0)
(2.74231e-07 -3.50612e-07 -0)
(1.62341e-07 -4.05524e-07 -0)
(5.03438e-08 -4.05342e-07 -0)
(8.87295e-05 -1.94342e-05 -0)
(8.35985e-05 -1.88377e-05 -0)
(7.92338e-05 -1.79313e-05 -0)
(7.50324e-05 -1.66498e-05 -0)
(7.20161e-05 -1.5475e-05 -0)
(6.88524e-05 -1.44279e-05 -0)
(6.69795e-05 -1.41702e-05 -0)
(6.43405e-05 -1.45016e-05 -0)
(6.30881e-05 -1.61968e-05 -0)
(6.07179e-05 -1.8688e-05 -0)
(6.00356e-05 -2.28136e-05 -0)
(5.88696e-05 -2.7396e-05 -0)
(5.94703e-05 -3.26743e-05 -0)
(5.95694e-05 -3.65499e-05 -0)
(6.19783e-05 -3.85654e-05 -0)
(5.12298e-05 -2.91191e-05 -0)
(4.26683e-05 -2.21168e-05 -0)
(3.01492e-05 -1.81531e-05 -0)
(2.03034e-05 -4.93046e-06 -0)
(3.83179e-07 -5.8346e-08 -0)
(4.05714e-07 -4.75895e-08 -0)
(2.99346e-07 -1.88581e-08 -0)
(3.61426e-07 2.3252e-08 -0)
(3.72912e-07 -1.23172e-07 -0)
(3.2326e-07 -1.29346e-07 -0)
(3.08609e-07 -1.30427e-07 -0)
(2.83824e-07 -2.06965e-07 -0)
(2.1897e-07 -2.61903e-07 -0)
(1.3503e-07 -2.98402e-07 -0)
(4.47802e-08 -3.10217e-07 -0)
(8.9052e-05 -1.45555e-05 -0)
(8.44025e-05 -1.42227e-05 -0)
(8.03477e-05 -1.37247e-05 -0)
(7.6164e-05 -1.29877e-05 -0)
(7.30689e-05 -1.23565e-05 -0)
(6.9468e-05 -1.17731e-05 -0)
(6.73465e-05 -1.18519e-05 -0)
(6.38341e-05 -1.23444e-05 -0)
(6.22771e-05 -1.42699e-05 -0)
(5.83273e-05 -1.68796e-05 -0)
(5.71177e-05 -2.1891e-05 -0)
(5.37122e-05 -2.70759e-05 -0)
(5.26647e-05 -3.35564e-05 -0)
(5.23604e-05 -3.82153e-05 -0)
(4.83014e-05 -3.47788e-05 -0)
(2.91309e-05 -2.02267e-05 -0)
(2.49066e-05 -7.66651e-06 -0)
(2.30547e-07 -2.94206e-08 -0)
(3.94984e-07 -1.64507e-09 -0)
(3.63704e-07 2.77235e-08 -0)
(3.60557e-07 -6.14549e-08 -0)
(3.3108e-07 -3.54783e-08 -0)
(3.3537e-07 -3.17571e-08 -0)
(3.29007e-07 -7.69355e-08 -0)
(3.02132e-07 -9.9055e-08 -0)
(2.74868e-07 -1.18802e-07 -0)
(2.3812e-07 -1.57055e-07 -0)
(1.82795e-07 -1.91634e-07 -0)
(1.14027e-07 -2.15962e-07 -0)
(3.85279e-08 -2.2691e-07 -0)
(8.92363e-05 -1.01307e-05 -0)
(8.49129e-05 -9.9551e-06 -0)
(8.10404e-05 -9.68555e-06 -0)
(7.69395e-05 -9.28974e-06 -0)
(7.37096e-05 -8.96382e-06 -0)
(6.98301e-05 -8.68143e-06 -0)
(6.73007e-05 -8.85033e-06 -0)
(6.30655e-05 -9.32842e-06 -0)
(6.08861e-05 -1.09616e-05 -0)
(5.51437e-05 -1.31589e-05 -0)
(5.28267e-05 -1.79894e-05 -0)
(4.49264e-05 -2.23544e-05 -0)
(4.27322e-05 -3.01122e-05 -0)
(3.74205e-05 -3.24315e-05 -0)
(2.21408e-05 -2.05317e-05 -0)
(4.27082e-07 -1.46671e-07 -0)
(3.17008e-07 -1.98943e-08 -0)
(3.10223e-07 5.71134e-08 -0)
(3.45893e-07 -2.9951e-11 -0)
(3.47522e-07 -6.03456e-10 -0)
(3.42512e-07 -2.57521e-08 -0)
(3.29044e-07 -2.82353e-08 -0)
(3.19969e-07 -3.42167e-08 -0)
(3.05614e-07 -5.37577e-08 -0)
(2.81393e-07 -7.11358e-08 -0)
(2.50609e-07 -8.86714e-08 -0)
(2.10992e-07 -1.1082e-07 -0)
(1.60063e-07 -1.31617e-07 -0)
(9.97543e-08 -1.46903e-07 -0)
(3.38325e-08 -1.5455e-07 -0)
(8.93308e-05 -5.97993e-06 -0)
(8.5223e-05 -5.90039e-06 -0)
(8.14191e-05 -5.76284e-06 -0)
(7.7433e-05 -5.58121e-06 -0)
(7.40426e-05 -5.41972e-06 -0)
(7.01308e-05 -5.32351e-06 -0)
(6.71687e-05 -5.44072e-06 -0)
(6.27696e-05 -5.81957e-06 -0)
(5.98558e-05 -6.82004e-06 -0)
(5.35316e-05 -8.38785e-06 -0)
(4.98382e-05 -1.18292e-05 -0)
(3.88861e-05 -1.55535e-05 -0)
(3.4755e-05 -2.4081e-05 -0)
(1.94185e-05 -1.99141e-05 -0)
(2.83038e-07 -2.2376e-07 -0)
(3.00538e-07 -2.15865e-08 -0)
(3.32396e-07 -2.58656e-08 -0)
(3.29143e-07 6.26341e-09 -0)
(3.37268e-07 5.97349e-10 -0)
(3.37982e-07 -3.57434e-09 -0)
(3.32926e-07 -1.2715e-08 -0)
(3.22615e-07 -1.74942e-08 -0)
(3.09848e-07 -2.31168e-08 -0)
(2.92088e-07 -3.27427e-08 -0)
(2.67218e-07 -4.30587e-08 -0)
(2.35184e-07 -5.39278e-08 -0)
(1.95174e-07 -6.59343e-08 -0)
(1.46712e-07 -7.71113e-08 -0)
(9.10943e-08 -8.54811e-08 -0)
(3.08809e-08 -8.98361e-08 -0)
(8.93437e-05 -1.97689e-06 -0)
(8.54094e-05 -1.95681e-06 -0)
(8.15305e-05 -1.91104e-06 -0)
(7.77526e-05 -1.86449e-06 -0)
(7.407e-05 -1.80854e-06 -0)
(7.04577e-05 -1.79965e-06 -0)
(6.68402e-05 -1.82472e-06 -0)
(6.30001e-05 -1.99105e-06 -0)
(5.88284e-05 -2.28089e-06 -0)
(5.35463e-05 -2.90865e-06 -0)
(4.73354e-05 -3.98815e-06 -0)
(3.72159e-05 -5.99942e-06 -0)
(2.61899e-05 -1.00681e-05 -0)
(2.41606e-06 -3.24564e-06 -0)
(1.94611e-07 -7.29454e-08 -0)
(3.66245e-07 -1.28304e-08 -0)
(3.44863e-07 -7.81242e-09 -0)
(3.36686e-07 -3.63773e-10 -0)
(3.36055e-07 -2.68524e-10 -0)
(3.3421e-07 -1.57652e-09 -0)
(3.28593e-07 -4.04016e-09 -0)
(3.18642e-07 -5.90951e-09 -0)
(3.04721e-07 -8.01278e-09 -0)
(2.85672e-07 -1.10369e-08 -0)
(2.60208e-07 -1.44285e-08 -0)
(2.27733e-07 -1.80469e-08 -0)
(1.87808e-07 -2.18787e-08 -0)
(1.40517e-07 -2.54128e-08 -0)
(8.70295e-08 -2.80743e-08 -0)
(2.94776e-08 -2.94776e-08 -0)
)
;

boundaryField
{
    inlet1
    {
        type            extrapolatedCalculated;
        value           nonuniform List<vector> 10((1e-05 1.48839e-05 -0) (1e-05 3.26487e-05 -0) (1e-05 4.91732e-05 -0) (1e-05 9.13425e-05 -0) (1e-05 0.000148211 -0) (1e-05 0.000202279 -0) (1e-05 0.000232597 -0) (1e-05 0.000234329 -0) (1e-05 0.000216643 -0) (1e-05 0.000180082 -0));
    }
    inlet2
    {
        type            extrapolatedCalculated;
        value           nonuniform List<vector> 10((-0 9.32971e-05 -0) (-0 7.12209e-05 -0) (-0 8.48952e-05 -0) (-0 5.48289e-05 -0) (-0 -1.63462e-05 -0) (-0 -1.52215e-05 -0) (-0 -2.68508e-05 -0) (-0 -3.00586e-05 -0) (-0 -4.24554e-05 -0) (-0 -5.47726e-05 -0));
    }
    inlet3
    {
        type            extrapolatedCalculated;
        value           nonuniform List<vector> 10((9.13394e-05 -6.89804e-05 -0) (9.13394e-05 -5.32874e-05 -0) (9.13394e-05 -4.10022e-05 -0) (9.13394e-05 -3.21675e-05 -0) (9.13394e-05 -2.52295e-05 -0) (9.13394e-05 -1.95239e-05 -0) (9.13394e-05 -1.45955e-05 -0) (9.13394e-05 -1.01474e-05 -0) (9.13394e-05 -5.98642e-06 -0) (9.13394e-05 -1.97913e-06 -0));
    }
    output1
    {
        type            extrapolatedCalculated;
        value           nonuniform List<vector> 10((-0 1.51739e-08 -0) (-0 4.60466e-08 -0) (-0 7.85683e-08 -0) (-0 1.14113e-07 -0) (-0 1.54573e-07 -0) (-0 2.02871e-07 -0) (-0 2.64054e-07 -0) (-0 3.47962e-07 -0) (-0 4.7659e-07 -0) (-0 7.06799e-07 -0));
    }
    output2
    {
        type            extrapolatedCalculated;
        value           nonuniform List<vector> 10((1.3178e-06 5.4941e-07 -0) (8.3549e-07 1.62275e-07 -0) (6.68698e-07 5.90985e-08 -0) (5.99096e-07 2.6407e-08 -0) (4.55479e-07 7.15856e-09 -0) (0.000117229 -1.00457e-06 -0) (0.00019571 -5.69549e-06 -0) (0.000232756 -1.63169e-05 -0) (0.000227871 -3.802e-05 -0) (0.000235953 -7.23224e-05 -0));
    }
    output3
    {
        type            extrapolatedCalculated;
        value           nonuniform List<vector> 10((-0 -0.000123879 -0) (-0 -1.38733e-05 -0) (-0 -1.72846e-06 -0) (-0 -2.81295e-07 -0) (-0 -4.05342e-07 -0) (-0 -3.10217e-07 -0) (-0 -2.2691e-07 -0) (-0 -1.5455e-07 -0) (-0 -8.98361e-08 -0) (-0 -2.94776e-08 -0));
    }
    up
    {
        type            extrapolatedCalculated;
        value           nonuniform List<vector> 
30
(
(8.93437e-05 -0 -0)
(8.54094e-05 -0 -0)
(8.15305e-05 -0 -0)
(7.77526e-05 -0 -0)
(7.407e-05 -0 -0)
(7.04577e-05 -0 -0)
(6.68402e-05 -0 -0)
(6.30001e-05 -0 -0)
(5.88284e-05 -0 -0)
(5.35463e-05 -0 -0)
(4.73354e-05 -0 -0)
(3.72159e-05 -0 -0)
(2.61899e-05 -0 -0)
(2.41606e-06 -0 -0)
(1.94611e-07 -0 -0)
(3.66245e-07 -0 -0)
(3.44863e-07 -0 -0)
(3.36686e-07 -0 -0)
(3.36055e-07 -0 -0)
(3.3421e-07 -0 -0)
(3.28593e-07 -0 -0)
(3.18642e-07 -0 -0)
(3.04721e-07 -0 -0)
(2.85672e-07 -0 -0)
(2.60208e-07 -0 -0)
(2.27733e-07 -0 -0)
(1.87808e-07 -0 -0)
(1.40517e-07 -0 -0)
(8.70295e-08 -0 -0)
(2.94776e-08 -0 -0)
)
;
    }
    down
    {
        type            extrapolatedCalculated;
        value           nonuniform List<vector> 
30
(
(2.73117e-06 -0 -0)
(2.14301e-07 -0 -0)
(2.06569e-07 -0 -0)
(2.23726e-07 -0 -0)
(1.33129e-07 -0 -0)
(2.25265e-07 -0 -0)
(2.1638e-07 -0 -0)
(2.10013e-07 -0 -0)
(2.06595e-07 -0 -0)
(2.05316e-07 -0 -0)
(2.05399e-07 -0 -0)
(2.06268e-07 -0 -0)
(2.07496e-07 -0 -0)
(2.08736e-07 -0 -0)
(2.09688e-07 -0 -0)
(2.10072e-07 -0 -0)
(2.09619e-07 -0 -0)
(2.08062e-07 -0 -0)
(2.05127e-07 -0 -0)
(2.00538e-07 -0 -0)
(1.94006e-07 -0 -0)
(1.85239e-07 -0 -0)
(1.7395e-07 -0 -0)
(1.59872e-07 -0 -0)
(1.42795e-07 -0 -0)
(1.22611e-07 -0 -0)
(9.93651e-08 -0 -0)
(7.33207e-08 -0 -0)
(4.49975e-08 -0 -0)
(1.51741e-08 -0 -0)
)
;
    }
    emptyWalls
    {
        type            empty;
    }
}


// ************************************************************************* //
