/*--------------------------------*- C++ -*----------------------------------*\
  =========                 |
  \\      /  F ield         | OpenFOAM: The Open Source CFD Toolbox
   \\    /   O peration     | Website:  https://openfoam.org
    \\  /    A nd           | Version:  9
     \\/     M anipulation  |
\*---------------------------------------------------------------------------*/
FoamFile
{
    format      ascii;
    class       volScalarField;
    location    "10500";
    object      alpha;
}
// * * * * * * * * * * * * * * * * * * * * * * * * * * * * * * * * * * * * * //

dimensions      [0 2 -1 0 0 0 0];

internalField   nonuniform List<scalar> 
900
(
-1.96545e-11
-1.46788e-11
-7.57517e-12
-2.17845e-13
-4.05747e-14
-4.0652e-14
-4.0652e-14
-4.0652e-14
-4.0652e-14
-4.0652e-14
-4.0652e-14
-4.0652e-14
-4.0652e-14
-4.0652e-14
-4.0652e-14
-4.0652e-14
-4.0652e-14
-4.0652e-14
-4.0652e-14
-4.0652e-14
-4.0652e-14
-4.0652e-14
-4.0652e-14
-4.0652e-14
-4.0652e-14
-4.0652e-14
-4.0652e-14
-4.0652e-14
-4.0652e-14
-4.0652e-14
-8.60883e-10
-2.36693e-10
-8.36091e-12
-5.17677e-14
-4.06445e-14
-4.0652e-14
-4.0652e-14
-4.0652e-14
-4.0652e-14
-4.0652e-14
-4.0652e-14
-4.0652e-14
-4.0652e-14
-4.0652e-14
-4.0652e-14
-4.0652e-14
-4.0652e-14
-4.0652e-14
-4.0652e-14
-4.0652e-14
-4.0652e-14
-4.0652e-14
-4.0652e-14
-4.0652e-14
-4.0652e-14
-4.0652e-14
-4.0652e-14
-4.0652e-14
-4.0652e-14
-4.0652e-14
-2.30126e-11
-1.16978e-11
-6.90819e-12
-3.31364e-14
-4.06501e-14
-4.0652e-14
-4.0652e-14
-4.0652e-14
-4.0652e-14
-4.0652e-14
-4.0652e-14
-4.0652e-14
-4.0652e-14
-4.0652e-14
-4.0652e-14
-4.0652e-14
-4.0652e-14
-4.0652e-14
-4.0652e-14
-4.0652e-14
-4.0652e-14
-4.0652e-14
-4.0652e-14
-4.0652e-14
-4.0652e-14
-4.0652e-14
-4.0652e-14
-4.0652e-14
-4.0652e-14
-4.0652e-14
-1.89596e-10
-2.01152e-11
-8.08954e-12
-2.6475e-14
-4.06518e-14
-4.0652e-14
-4.0652e-14
-4.0652e-14
-4.0652e-14
-4.0652e-14
-4.0652e-14
-4.0652e-14
-4.0652e-14
-4.0652e-14
-4.0652e-14
-4.0652e-14
-4.0652e-14
-4.0652e-14
-4.0652e-14
-4.0652e-14
-4.0652e-14
-4.0652e-14
-4.0652e-14
-4.0652e-14
-4.0652e-14
-4.0652e-14
-4.0652e-14
-4.0652e-14
-4.0652e-14
-4.0652e-14
-5.3066e-11
-1.31257e-11
-8.05796e-12
-3.063e-14
-4.0652e-14
-4.0652e-14
-4.0652e-14
-4.0652e-14
-4.0652e-14
-4.0652e-14
-4.0652e-14
-4.0652e-14
-4.0652e-14
-4.0652e-14
-4.0652e-14
-4.0652e-14
-4.0652e-14
-4.0652e-14
-4.0652e-14
-4.0652e-14
-4.0652e-14
-4.0652e-14
-4.0652e-14
-4.0652e-14
-4.0652e-14
-4.0652e-14
-4.0652e-14
-4.0652e-14
-4.0652e-14
-4.0652e-14
-1.56982e-10
-1.56846e-11
-1.31686e-11
-3.82839e-14
-4.0652e-14
-4.0652e-14
-4.0652e-14
-4.0652e-14
-4.0652e-14
-4.0652e-14
-4.0652e-14
-4.0652e-14
-4.0652e-14
-4.0652e-14
-4.0652e-14
-4.0652e-14
-4.0652e-14
-4.0652e-14
-4.0652e-14
-4.0652e-14
-4.0652e-14
-4.0652e-14
-4.0652e-14
-4.0652e-14
-4.0652e-14
-4.0652e-14
-4.0652e-14
-4.0652e-14
-4.0652e-14
-4.0652e-14
-7.16604e-11
-9.61466e-12
-8.77963e-13
-4.05541e-14
-4.0652e-14
-4.0652e-14
-4.0652e-14
-4.0652e-14
-4.0652e-14
-4.0652e-14
-4.0652e-14
-4.0652e-14
-4.0652e-14
-4.0652e-14
-4.0652e-14
-4.0652e-14
-4.0652e-14
-4.0652e-14
-4.0652e-14
-4.0652e-14
-4.0652e-14
-4.0652e-14
-4.0652e-14
-4.0652e-14
-4.0652e-14
-4.0652e-14
-4.0652e-14
-4.0652e-14
-4.0652e-14
-4.0652e-14
-1.64858e-10
-1.32079e-11
-3.74571e-14
-4.06475e-14
-4.0652e-14
-4.0652e-14
-4.0652e-14
-4.0652e-14
-4.0652e-14
-4.0652e-14
-4.0652e-14
-4.0652e-14
-4.0652e-14
-4.0652e-14
-4.0652e-14
-4.0652e-14
-4.0652e-14
-4.0652e-14
-4.0652e-14
-4.0652e-14
-4.0652e-14
-4.0652e-14
-4.0652e-14
-4.0652e-14
-4.0652e-14
-4.0652e-14
-4.0652e-14
-4.0652e-14
-4.0652e-14
-4.0652e-14
-1.06149e-10
-1.46798e-11
-2.7117e-14
-4.06519e-14
-4.0652e-14
-4.0652e-14
-4.0652e-14
-4.0652e-14
-4.0652e-14
-4.0652e-14
-4.0652e-14
-4.0652e-14
-4.0652e-14
-4.0652e-14
-4.0652e-14
-4.0652e-14
-4.0652e-14
-4.0652e-14
-4.0652e-14
-4.0652e-14
-4.0652e-14
-4.0652e-14
-4.0652e-14
-4.0652e-14
-4.0652e-14
-4.0652e-14
-4.0652e-14
-4.0652e-14
-4.0652e-14
-4.0652e-14
-2.50071e-10
-2.59724e-11
-3.08344e-14
-4.0652e-14
-4.0652e-14
-4.0652e-14
-4.0652e-14
-4.0652e-14
-4.0652e-14
-4.0652e-14
-4.0652e-14
-4.0652e-14
-4.0652e-14
-4.0652e-14
-4.0652e-14
-4.0652e-14
-4.0652e-14
-4.0652e-14
-4.0652e-14
-4.0652e-14
-4.0652e-14
-4.0652e-14
-4.0652e-14
-4.0652e-14
-4.0652e-14
-4.0652e-14
-4.0652e-14
-4.0652e-14
-4.0652e-14
-4.0652e-14
-2.05339e-10
-3.55878e-11
-4.54994e-13
-4.06068e-14
-4.0652e-14
-4.0652e-14
-4.0652e-14
-4.0652e-14
-4.0652e-14
-4.0652e-14
-4.0652e-14
-4.0652e-14
-4.0652e-14
-4.0652e-14
-4.0652e-14
-4.0652e-14
-4.0652e-14
-4.0652e-14
-4.0652e-14
-4.0652e-14
-4.0652e-14
-4.0652e-14
-4.0652e-14
-4.0652e-14
-4.0652e-14
-4.0652e-14
-4.0652e-14
-4.0652e-14
-4.0652e-14
-4.0652e-14
-4.4992e-10
-5.23592e-11
-6.1115e-12
-1.94516e-13
-4.0612e-14
-4.0652e-14
-4.0652e-14
-4.0652e-14
-4.0652e-14
-4.0652e-14
-4.0652e-14
-4.0652e-14
-4.0652e-14
-4.0652e-14
-4.0652e-14
-4.0652e-14
-4.0652e-14
-4.0652e-14
-4.0652e-14
-4.0652e-14
-4.0652e-14
-4.0652e-14
-4.0652e-14
-4.0652e-14
-4.0652e-14
-4.0652e-14
-4.0652e-14
-4.0652e-14
-4.0652e-14
-4.0652e-14
-4.23853e-10
-8.39799e-11
-1.91104e-11
-9.18318e-12
-8.97866e-12
-2.68458e-14
-4.0652e-14
-4.0652e-14
-4.0652e-14
-4.0652e-14
-4.0652e-14
-4.0652e-14
-4.0652e-14
-4.0652e-14
-4.0652e-14
-4.0652e-14
-4.0652e-14
-4.0652e-14
-4.0652e-14
-4.0652e-14
-4.0652e-14
-4.0652e-14
-4.0652e-14
-4.0652e-14
-4.0652e-14
-4.0652e-14
-4.0652e-14
-4.0652e-14
-4.0652e-14
-4.0652e-14
-1.34348e-09
-5.78799e-11
-7.76395e-12
-3.82793e-12
-3.38246e-12
-1.38138e-12
-3.92068e-14
-4.06517e-14
-4.06518e-14
-4.0652e-14
-4.0652e-14
-4.0652e-14
-4.0652e-14
-4.0652e-14
-4.0652e-14
-4.0652e-14
-4.0652e-14
-4.0652e-14
-4.0652e-14
-4.0652e-14
-4.0652e-14
-4.0652e-14
-4.0652e-14
-4.0652e-14
-4.0652e-14
-4.0652e-14
-4.0652e-14
-4.0652e-14
-4.0652e-14
-4.0652e-14
-1.39387e-09
-2.8e-10
-7.98887e-11
-3.34104e-11
-1.86362e-11
-1.32493e-11
-9.40782e-12
-1.15756e-11
-1.86875e-13
-4.06493e-14
-4.06517e-14
-4.05681e-14
-4.06515e-14
-4.06516e-14
-4.06514e-14
-4.06509e-14
-4.06506e-14
-4.06503e-14
-4.06502e-14
-4.06472e-14
-4.05524e-14
-4.00313e-14
-3.94511e-14
-3.90568e-14
-3.91195e-14
-3.96705e-14
-4.01843e-14
-4.05017e-14
-4.0646e-14
-4.06518e-14
-2.3044e-10
-1.15875e-10
-4.90071e-11
-3.20131e-11
-2.22847e-11
-2.16397e-11
-1.66323e-11
-1.5882e-11
-9.10993e-12
-7.79315e-12
-7.91928e-12
-7.87976e-12
-8.48566e-12
-7.58371e-12
-9.40532e-12
-1.37337e-12
-6.28838e-14
-8.6249e-14
-1.20658e-13
-3.35488e-13
-1.32736e-12
-2.19278e-12
-2.77717e-12
-3.18017e-12
-3.52469e-12
-3.7562e-12
-4.07676e-12
-4.08466e-12
-4.31051e-12
-3.53029e-12
-2.41206e-11
-2.25344e-11
-1.77513e-11
-1.74718e-11
-1.60368e-11
-1.62596e-11
-1.49653e-11
-1.39582e-11
-1.39314e-11
-1.26038e-11
-1.24942e-11
-1.20974e-11
-1.25746e-11
-1.11065e-11
-1.04514e-11
-6.9784e-12
-5.59147e-12
-5.65645e-12
-6.08189e-12
-6.7836e-12
-7.60029e-12
-8.2986e-12
-8.83308e-12
-9.18703e-12
-9.49746e-12
-9.64109e-12
-9.84939e-12
-9.79921e-12
-1.00088e-11
-9.65547e-12
-2.1024e-11
-1.75296e-11
-1.64591e-11
-1.58709e-11
-1.54628e-11
-1.49666e-11
-1.46106e-11
-1.41014e-11
-1.46138e-11
-1.43309e-11
-1.41325e-11
-1.38703e-11
-1.36524e-11
-1.28044e-11
-1.19472e-11
-1.13281e-11
-1.08538e-11
-1.0859e-11
-1.13625e-11
-1.18554e-11
-1.22511e-11
-1.26122e-11
-1.28729e-11
-1.30448e-11
-1.3125e-11
-1.31153e-11
-1.29386e-11
-1.26281e-11
-1.24126e-11
-1.25175e-11
-1.53587e-11
-1.52621e-11
-1.63347e-11
-1.7145e-11
-1.75423e-11
-1.75398e-11
-1.75114e-11
-1.75136e-11
-1.76874e-11
-1.77051e-11
-1.75067e-11
-1.72393e-11
-1.67869e-11
-1.63493e-11
-1.58973e-11
-1.59306e-11
-1.59543e-11
-1.58922e-11
-1.59379e-11
-1.59946e-11
-1.59396e-11
-1.58583e-11
-1.56316e-11
-1.54207e-11
-1.50773e-11
-1.4828e-11
-1.4244e-11
-1.34671e-11
-1.2081e-11
-1.12754e-11
-1.59535e-11
-1.83272e-11
-2.08059e-11
-2.19521e-11
-2.22851e-11
-2.21074e-11
-2.18812e-11
-2.16329e-11
-2.1347e-11
-2.09847e-11
-2.0431e-11
-1.98238e-11
-1.91834e-11
-1.87323e-11
-1.8427e-11
-1.83047e-11
-1.80064e-11
-1.74811e-11
-1.6856e-11
-1.62598e-11
-1.56845e-11
-1.51659e-11
-1.45435e-11
-1.40328e-11
-1.33438e-11
-1.29091e-11
-1.22052e-11
-1.17543e-11
-9.40211e-12
-7.93782e-12
-2.24698e-11
-2.65599e-11
-2.65133e-11
-2.50488e-11
-2.3813e-11
-2.26565e-11
-2.18842e-11
-2.11258e-11
-2.04966e-11
-1.98617e-11
-1.92028e-11
-1.8665e-11
-1.81162e-11
-1.78232e-11
-1.74196e-11
-1.70063e-11
-1.62627e-11
-1.53842e-11
-1.43792e-11
-1.33795e-11
-1.26042e-11
-1.19469e-11
-1.13612e-11
-1.08851e-11
-1.02604e-11
-9.47701e-12
-9.05681e-12
-8.30824e-12
-9.35435e-12
-1.40771e-11
-1.84437e-11
-1.75563e-11
-1.76016e-11
-1.7716e-11
-1.80425e-11
-1.81047e-11
-1.84267e-11
-1.83506e-11
-1.84966e-11
-1.82861e-11
-1.81784e-11
-1.79436e-11
-1.75853e-11
-1.72902e-11
-1.64964e-11
-1.57147e-11
-1.43307e-11
-1.31206e-11
-1.17067e-11
-1.03188e-11
-9.17851e-12
-8.45365e-12
-7.99898e-12
-7.9438e-12
-7.30697e-12
-6.81926e-12
-4.92776e-12
-4.53601e-12
-4.89834e-12
-2.15321e-12
-1.91078e-11
-1.95198e-11
-2.05048e-11
-2.12101e-11
-2.17152e-11
-2.15446e-11
-2.15465e-11
-2.08156e-11
-2.05813e-11
-1.96025e-11
-1.92021e-11
-1.82469e-11
-1.75142e-11
-1.6408e-11
-1.47969e-11
-1.34779e-11
-1.1412e-11
-9.97152e-12
-8.22335e-12
-6.88994e-12
-5.03043e-12
-4.22117e-12
-4.127e-12
-4.33106e-12
-4.08057e-12
-4.86571e-12
-3.99711e-14
-4.06518e-14
-4.0652e-14
-4.0652e-14
-1.92957e-11
-1.90602e-11
-1.8923e-11
-1.88739e-11
-1.88071e-11
-1.85609e-11
-1.84907e-11
-1.79743e-11
-1.80647e-11
-1.72928e-11
-1.7384e-11
-1.62536e-11
-1.56728e-11
-1.35818e-11
-1.14833e-11
-9.807e-12
-7.81765e-12
-6.62853e-12
-4.2452e-12
-4.26759e-12
-9.14843e-13
-4.0458e-14
-4.0652e-14
-4.0652e-14
-4.0652e-14
-4.0652e-14
-4.0652e-14
-4.0652e-14
-4.0652e-14
-4.0652e-14
-1.93388e-11
-1.92002e-11
-1.91402e-11
-1.93568e-11
-1.95015e-11
-1.96822e-11
-1.97462e-11
-1.94836e-11
-1.95053e-11
-1.84596e-11
-1.82192e-11
-1.60824e-11
-1.45078e-11
-1.06187e-11
-8.38584e-12
-5.35646e-12
-4.62253e-12
-4.3423e-12
-3.46613e-14
-4.0652e-14
-4.0652e-14
-4.0652e-14
-4.0652e-14
-4.0652e-14
-4.0652e-14
-4.0652e-14
-4.0652e-14
-4.0652e-14
-4.0652e-14
-4.0652e-14
-1.93927e-11
-1.93693e-11
-1.92349e-11
-1.94254e-11
-1.9289e-11
-1.95028e-11
-1.90898e-11
-1.89296e-11
-1.82933e-11
-1.72168e-11
-1.65879e-11
-1.36179e-11
-1.05053e-11
-5.60914e-12
-5.08782e-12
-2.663e-14
-4.0652e-14
-4.0652e-14
-4.0652e-14
-4.0652e-14
-4.0652e-14
-4.0652e-14
-4.0652e-14
-4.0652e-14
-4.0652e-14
-4.0652e-14
-4.0652e-14
-4.0652e-14
-4.0652e-14
-4.0652e-14
-1.94416e-11
-1.94797e-11
-1.93581e-11
-1.95905e-11
-1.94219e-11
-1.9855e-11
-1.93112e-11
-1.96391e-11
-1.83295e-11
-1.76247e-11
-1.60075e-11
-1.13195e-11
-6.42033e-12
-5.31526e-13
-4.06123e-14
-4.0652e-14
-4.0652e-14
-4.0652e-14
-4.0652e-14
-4.0652e-14
-4.0652e-14
-4.0652e-14
-4.0652e-14
-4.0652e-14
-4.0652e-14
-4.0652e-14
-4.0652e-14
-4.0652e-14
-4.0652e-14
-4.0652e-14
-1.94792e-11
-1.95506e-11
-1.94787e-11
-1.97271e-11
-1.9613e-11
-2.01576e-11
-1.96383e-11
-2.02946e-11
-1.80157e-11
-1.76407e-11
-1.30102e-11
-6.39211e-12
-2.93317e-14
-4.0652e-14
-4.0652e-14
-4.0652e-14
-4.0652e-14
-4.0652e-14
-4.0652e-14
-4.0652e-14
-4.0652e-14
-4.0652e-14
-4.0652e-14
-4.0652e-14
-4.0652e-14
-4.0652e-14
-4.0652e-14
-4.0652e-14
-4.0652e-14
-4.0652e-14
-1.95081e-11
-1.95858e-11
-1.95779e-11
-1.9801e-11
-1.98133e-11
-2.03496e-11
-2.01864e-11
-2.10799e-11
-1.8898e-11
-1.84989e-11
-8.78977e-12
-3.29681e-14
-4.0652e-14
-4.0652e-14
-4.0652e-14
-4.0652e-14
-4.0652e-14
-4.0652e-14
-4.0652e-14
-4.0652e-14
-4.0652e-14
-4.0652e-14
-4.0652e-14
-4.0652e-14
-4.0652e-14
-4.0652e-14
-4.0652e-14
-4.0652e-14
-4.0652e-14
-4.0652e-14
-1.95356e-11
-1.95804e-11
-1.96615e-11
-1.97874e-11
-2.00012e-11
-2.03216e-11
-2.07325e-11
-2.13109e-11
-2.12398e-11
-2.04581e-11
-2.13513e-12
-4.05422e-14
-4.0652e-14
-4.0652e-14
-4.0652e-14
-4.0652e-14
-4.0652e-14
-4.0652e-14
-4.0652e-14
-4.0652e-14
-4.0652e-14
-4.0652e-14
-4.0652e-14
-4.0652e-14
-4.0652e-14
-4.0652e-14
-4.0652e-14
-4.0652e-14
-4.0652e-14
-4.0652e-14
)
;

boundaryField
{
    inlet1
    {
        type            calculated;
        value           uniform -5e-10;
    }
    inlet2
    {
        type            calculated;
        value           nonuniform List<scalar> 10(-2.05339e-10 -4.4992e-10 -4.23853e-10 -1.34348e-09 -1.39387e-09 -2.3044e-10 -2.41206e-11 -2.1024e-11 -1.53587e-11 -1.59535e-11);
    }
    inlet3
    {
        type            calculated;
        value           uniform -1.95111e-11;
    }
    output1
    {
        type            calculated;
        value           nonuniform List<scalar> 10(-4.0652e-14 -4.0652e-14 -4.0652e-14 -4.0652e-14 -4.0652e-14 -4.0652e-14 -4.0652e-14 -4.0652e-14 -4.0652e-14 -4.0652e-14);
    }
    output2
    {
        type            calculated;
        value           nonuniform List<scalar> 10(-4.0652e-14 -4.0652e-14 -4.0652e-14 -4.0652e-14 -4.06518e-14 -3.53029e-12 -9.65547e-12 -1.25175e-11 -1.12754e-11 -7.93782e-12);
    }
    output3
    {
        type            calculated;
        value           nonuniform List<scalar> 10(-1.40771e-11 -2.15321e-12 -4.0652e-14 -4.0652e-14 -4.0652e-14 -4.0652e-14 -4.0652e-14 -4.0652e-14 -4.0652e-14 -4.0652e-14);
    }
    up
    {
        type            calculated;
        value           nonuniform List<scalar> 
30
(
-1.95356e-11
-1.95804e-11
-1.96615e-11
-1.97874e-11
-2.00012e-11
-2.03216e-11
-2.07325e-11
-2.13109e-11
-2.12398e-11
-2.04581e-11
-2.13513e-12
-4.05422e-14
-4.0652e-14
-4.0652e-14
-4.0652e-14
-4.0652e-14
-4.0652e-14
-4.0652e-14
-4.0652e-14
-4.0652e-14
-4.0652e-14
-4.0652e-14
-4.0652e-14
-4.0652e-14
-4.0652e-14
-4.0652e-14
-4.0652e-14
-4.0652e-14
-4.0652e-14
-4.0652e-14
)
;
    }
    down
    {
        type            calculated;
        value           nonuniform List<scalar> 
30
(
-1.96545e-11
-1.46788e-11
-7.57517e-12
-2.17845e-13
-4.05747e-14
-4.0652e-14
-4.0652e-14
-4.0652e-14
-4.0652e-14
-4.0652e-14
-4.0652e-14
-4.0652e-14
-4.0652e-14
-4.0652e-14
-4.0652e-14
-4.0652e-14
-4.0652e-14
-4.0652e-14
-4.0652e-14
-4.0652e-14
-4.0652e-14
-4.0652e-14
-4.0652e-14
-4.0652e-14
-4.0652e-14
-4.0652e-14
-4.0652e-14
-4.0652e-14
-4.0652e-14
-4.0652e-14
)
;
    }
    emptyWalls
    {
        type            empty;
    }
}


// ************************************************************************* //
