/*--------------------------------*- C++ -*----------------------------------*\
  =========                 |
  \\      /  F ield         | OpenFOAM: The Open Source CFD Toolbox
   \\    /   O peration     | Website:  https://openfoam.org
    \\  /    A nd           | Version:  9
     \\/     M anipulation  |
\*---------------------------------------------------------------------------*/
FoamFile
{
    format      ascii;
    class       volScalarField;
    location    "10500";
    object      p;
}
// * * * * * * * * * * * * * * * * * * * * * * * * * * * * * * * * * * * * * //

dimensions      [0 0 0 0 0 0 0];

internalField   nonuniform List<scalar> 
900
(
2.6275e+07
2.6272e+07
2.62694e+07
2.62592e+07
2.59449e+07
2.51461e+07
2.44232e+07
2.3731e+07
2.30513e+07
2.23753e+07
2.16983e+07
2.10179e+07
2.0333e+07
1.96436e+07
1.89505e+07
1.82553e+07
1.75606e+07
1.68697e+07
1.61868e+07
1.55169e+07
1.48661e+07
1.42412e+07
1.36499e+07
1.31008e+07
1.26034e+07
1.21675e+07
1.18031e+07
1.15196e+07
1.13254e+07
1.12266e+07
2.62728e+07
2.62718e+07
2.62708e+07
2.62648e+07
2.57439e+07
2.5071e+07
2.43924e+07
2.37186e+07
2.30476e+07
2.23762e+07
2.17017e+07
2.10224e+07
2.03376e+07
1.96473e+07
1.89525e+07
1.82548e+07
1.75568e+07
1.68617e+07
1.61737e+07
1.54979e+07
1.48402e+07
1.42075e+07
1.36076e+07
1.30492e+07
1.25419e+07
1.2096e+07
1.17221e+07
1.14303e+07
1.12299e+07
1.11278e+07
2.62696e+07
2.62684e+07
2.62591e+07
2.62524e+07
2.5624e+07
2.50015e+07
2.43568e+07
2.37033e+07
2.30444e+07
2.23803e+07
2.17099e+07
2.10325e+07
2.03476e+07
1.96556e+07
1.89574e+07
1.82547e+07
1.755e+07
1.68466e+07
1.61485e+07
1.54608e+07
1.47894e+07
1.41411e+07
1.35238e+07
1.29464e+07
1.2419e+07
1.19526e+07
1.15588e+07
1.12497e+07
1.10362e+07
1.0927e+07
2.62471e+07
2.62453e+07
2.62387e+07
2.6233e+07
2.55563e+07
2.49543e+07
2.43302e+07
2.36932e+07
2.30465e+07
2.23906e+07
2.17252e+07
2.105e+07
2.03648e+07
1.96701e+07
1.89668e+07
1.82566e+07
1.7542e+07
1.6826e+07
1.61129e+07
1.54074e+07
1.47154e+07
1.40437e+07
1.34001e+07
1.27937e+07
1.22351e+07
1.17364e+07
1.1311e+07
1.09735e+07
1.07381e+07
1.06169e+07
2.62207e+07
2.62173e+07
2.6211e+07
2.62051e+07
2.55317e+07
2.49292e+07
2.43164e+07
2.36929e+07
2.30578e+07
2.24105e+07
2.17504e+07
2.10774e+07
2.03915e+07
1.96931e+07
1.89831e+07
1.82631e+07
1.75353e+07
1.68028e+07
1.60696e+07
1.53405e+07
1.46212e+07
1.39181e+07
1.32391e+07
1.25932e+07
1.19914e+07
1.14468e+07
1.09753e+07
1.05951e+07
1.03258e+07
1.01855e+07
2.61818e+07
2.6182e+07
2.61859e+07
2.61815e+07
2.55195e+07
2.49142e+07
2.43135e+07
2.37042e+07
2.30813e+07
2.2443e+07
2.17885e+07
2.11178e+07
2.04308e+07
1.97278e+07
1.90095e+07
1.82773e+07
1.75332e+07
1.67802e+07
1.60222e+07
1.52639e+07
1.45106e+07
1.37685e+07
1.3045e+07
1.23486e+07
1.16904e+07
1.10842e+07
1.05482e+07
1.01057e+07
9.78463e+06
9.61383e+06
2.61372e+07
2.61383e+07
2.61602e+07
2.60891e+07
2.54697e+07
2.48948e+07
2.43191e+07
2.37291e+07
2.31203e+07
2.24916e+07
2.1843e+07
2.11744e+07
2.0486e+07
1.97777e+07
1.90498e+07
1.83033e+07
1.754e+07
1.67627e+07
1.59752e+07
1.51822e+07
1.43888e+07
1.36004e+07
1.28236e+07
1.2066e+07
1.13373e+07
1.06513e+07
1.00276e+07
9.4949e+06
9.09313e+06
8.87134e+06
2.60852e+07
2.6084e+07
2.60872e+07
2.58145e+07
2.53761e+07
2.4876e+07
2.43392e+07
2.37727e+07
2.31791e+07
2.25603e+07
2.19174e+07
2.12509e+07
2.0561e+07
1.98471e+07
1.91088e+07
1.83462e+07
1.75608e+07
1.67553e+07
1.59338e+07
1.5101e+07
1.42618e+07
1.34209e+07
1.25832e+07
1.17543e+07
1.09416e+07
1.01561e+07
9.41607e+06
8.75314e+06
8.22166e+06
7.90705e+06
2.60332e+07
2.60306e+07
2.60292e+07
2.57167e+07
2.53443e+07
2.48941e+07
2.43891e+07
2.38432e+07
2.32633e+07
2.26531e+07
2.20153e+07
2.1351e+07
2.066e+07
1.9941e+07
1.91921e+07
1.84121e+07
1.76016e+07
1.67639e+07
1.59037e+07
1.50263e+07
1.41365e+07
1.3238e+07
1.23339e+07
1.14264e+07
1.05186e+07
9.61536e+06
8.72743e+06
7.87991e+06
7.13329e+06
6.62814e+06
2.59889e+07
2.59869e+07
2.59855e+07
2.57309e+07
2.53904e+07
2.49667e+07
2.448e+07
2.39477e+07
2.33777e+07
2.27736e+07
2.21396e+07
2.14777e+07
2.07871e+07
2.00649e+07
1.93065e+07
1.85083e+07
1.76697e+07
1.6795e+07
1.58909e+07
1.4964e+07
1.40198e+07
1.30609e+07
1.20878e+07
1.1099e+07
1.0091e+07
9.05933e+06
7.99837e+06
6.90576e+06
5.80346e+06
4.84406e+06
2.5951e+07
2.59498e+07
2.59433e+07
2.58618e+07
2.55196e+07
2.51026e+07
2.46163e+07
2.409e+07
2.3526e+07
2.29241e+07
2.22918e+07
2.1633e+07
2.09459e+07
2.02248e+07
1.94608e+07
1.86449e+07
1.77739e+07
1.68554e+07
1.59007e+07
1.49192e+07
1.39176e+07
1.28979e+07
1.18576e+07
1.07906e+07
9.68724e+06
8.53255e+06
7.30093e+06
5.9413e+06
4.33072e+06
2.10059e+06
2.59251e+07
2.59233e+07
2.59106e+07
2.58536e+07
2.57237e+07
2.53078e+07
2.47925e+07
2.427e+07
2.37124e+07
2.3105e+07
2.24707e+07
2.18165e+07
2.11389e+07
2.04275e+07
1.96669e+07
1.88367e+07
1.79257e+07
1.69522e+07
1.59371e+07
1.48946e+07
1.38336e+07
1.27555e+07
1.16542e+07
1.05186e+07
9.33472e+06
8.08269e+06
6.73149e+06
5.22778e+06
3.47753e+06
1.32816e+06
2.59067e+07
2.59052e+07
2.5887e+07
2.58183e+07
2.57259e+07
2.56747e+07
2.4976e+07
2.44853e+07
2.39485e+07
2.33129e+07
2.26693e+07
2.20235e+07
2.13656e+07
2.06796e+07
1.99424e+07
1.91094e+07
1.81399e+07
1.70905e+07
1.6001e+07
1.48886e+07
1.37664e+07
1.26365e+07
1.14849e+07
1.02949e+07
9.05032e+06
7.73201e+06
6.31456e+06
4.76081e+06
3.02345e+06
1.06267e+06
2.5898e+07
2.58956e+07
2.58673e+07
2.57724e+07
2.56292e+07
2.53982e+07
2.50718e+07
2.47466e+07
2.42833e+07
2.35288e+07
2.28699e+07
2.22427e+07
2.16204e+07
2.0983e+07
2.03136e+07
1.95187e+07
1.84341e+07
1.72688e+07
1.6088e+07
1.48921e+07
1.37071e+07
1.25391e+07
1.13539e+07
1.01259e+07
8.83963e+06
7.48045e+06
6.03392e+06
4.47745e+06
2.7928e+06
961725
2.58937e+07
2.58868e+07
2.58526e+07
2.57546e+07
2.55779e+07
2.5328e+07
2.50262e+07
2.47494e+07
2.45071e+07
2.36491e+07
2.30389e+07
2.24574e+07
2.18901e+07
2.13185e+07
2.08101e+07
2.02178e+07
1.88088e+07
1.74627e+07
1.61899e+07
1.48848e+07
1.36308e+07
1.24583e+07
1.12645e+07
1.00129e+07
8.69918e+06
7.31424e+06
5.86225e+06
4.32199e+06
2.70857e+06
953154
2.58935e+07
2.58811e+07
2.58334e+07
2.5715e+07
2.55205e+07
2.52662e+07
2.49703e+07
2.46428e+07
2.4227e+07
2.36318e+07
2.30404e+07
2.24594e+07
2.18927e+07
2.13214e+07
2.08151e+07
2.0305e+07
1.90538e+07
1.75399e+07
1.62576e+07
1.48719e+07
1.36209e+07
1.24556e+07
1.12631e+07
1.00115e+07
8.69783e+06
7.31252e+06
5.8609e+06
4.32054e+06
2.70971e+06
956397
2.59094e+07
2.58906e+07
2.58223e+07
2.56824e+07
2.5475e+07
2.52132e+07
2.49026e+07
2.45362e+07
2.40996e+07
2.35875e+07
2.30353e+07
2.24651e+07
2.18892e+07
2.12917e+07
2.06613e+07
1.98764e+07
1.87804e+07
1.75485e+07
1.63185e+07
1.50746e+07
1.38458e+07
1.26289e+07
1.13946e+07
1.01204e+07
8.79563e+06
7.40788e+06
5.94675e+06
4.38865e+06
2.7257e+06
938931
2.60181e+07
2.59701e+07
2.58643e+07
2.56947e+07
2.54675e+07
2.51888e+07
2.48608e+07
2.44792e+07
2.40463e+07
2.35639e+07
2.30375e+07
2.24766e+07
2.18843e+07
2.12451e+07
2.05288e+07
1.96863e+07
1.86912e+07
1.75867e+07
1.64298e+07
1.52418e+07
1.40312e+07
1.28019e+07
1.15485e+07
1.02617e+07
8.93177e+06
7.54835e+06
6.09294e+06
4.53451e+06
2.83385e+06
979406
2.62039e+07
2.61204e+07
2.59657e+07
2.57567e+07
2.55015e+07
2.5203e+07
2.48612e+07
2.44753e+07
2.40466e+07
2.3576e+07
2.30623e+07
2.25052e+07
2.19002e+07
2.12348e+07
2.04898e+07
1.96488e+07
1.87078e+07
1.76749e+07
1.65697e+07
1.54111e+07
1.42106e+07
1.29775e+07
1.1715e+07
1.0423e+07
9.09409e+06
7.72062e+06
6.28633e+06
4.76492e+06
3.0817e+06
1.13512e+06
2.65016e+07
2.63363e+07
2.61122e+07
2.58563e+07
2.55706e+07
2.52527e+07
2.49004e+07
2.45123e+07
2.40871e+07
2.3623e+07
2.31163e+07
2.25624e+07
2.19541e+07
2.12827e+07
2.0538e+07
1.97136e+07
1.88061e+07
1.78139e+07
1.67415e+07
1.55987e+07
1.43984e+07
1.31561e+07
1.18845e+07
1.05927e+07
9.27436e+06
7.91665e+06
6.50256e+06
5.03675e+06
3.47886e+06
1.6262e+06
2.68916e+07
2.65671e+07
2.62731e+07
2.59752e+07
2.56621e+07
2.53275e+07
2.49675e+07
2.45787e+07
2.41575e+07
2.37002e+07
2.32013e+07
2.26546e+07
2.20527e+07
2.1389e+07
2.0657e+07
1.98522e+07
1.89693e+07
1.80043e+07
1.69546e+07
1.58197e+07
1.46076e+07
1.33405e+07
1.20486e+07
1.07602e+07
9.47246e+06
8.15373e+06
6.75302e+06
5.27078e+06
3.88929e+06
2.94097e+06
2.72002e+07
2.67948e+07
2.64401e+07
2.61047e+07
2.57689e+07
2.54217e+07
2.50576e+07
2.46708e+07
2.4257e+07
2.381e+07
2.33238e+07
2.27909e+07
2.22035e+07
2.15553e+07
2.0839e+07
2.00527e+07
1.91902e+07
1.82483e+07
1.72198e+07
1.60957e+07
1.48615e+07
1.35365e+07
1.21934e+07
1.09059e+07
9.67018e+06
8.47526e+06
7.11799e+06
5.53212e+06
4.27643e+06
3.35525e+06
2.74387e+07
2.70085e+07
2.66172e+07
2.62509e+07
2.58949e+07
2.55375e+07
2.51716e+07
2.47898e+07
2.43868e+07
2.39546e+07
2.34868e+07
2.29735e+07
2.24065e+07
2.17758e+07
2.10722e+07
2.02973e+07
1.94507e+07
1.85356e+07
1.7528e+07
1.64353e+07
1.52015e+07
1.37522e+07
1.2295e+07
1.09926e+07
9.80249e+06
8.84358e+06
7.95711e+06
5.57471e+06
4.31023e+06
3.45923e+06
2.76289e+07
2.71892e+07
2.67788e+07
2.63929e+07
2.60229e+07
2.56596e+07
2.52956e+07
2.49229e+07
2.45358e+07
2.41245e+07
2.36825e+07
2.31958e+07
2.26547e+07
2.20424e+07
2.13483e+07
2.05681e+07
1.97212e+07
1.88607e+07
1.78749e+07
1.67971e+07
1.57958e+07
1.41016e+07
1.23148e+07
1.10062e+07
9.82053e+06
8.85865e+06
8.10381e+06
6.87439e+06
5.95035e+06
5.4141e+06
2.77815e+07
2.73381e+07
2.69197e+07
2.65249e+07
2.61487e+07
2.57854e+07
2.54283e+07
2.50703e+07
2.47048e+07
2.43217e+07
2.3913e+07
2.34609e+07
2.29488e+07
2.23514e+07
2.16737e+07
2.08728e+07
1.9939e+07
1.91965e+07
1.85249e+07
1.68087e+07
1.57567e+07
1.42926e+07
1.28588e+07
1.16129e+07
1.05114e+07
9.56095e+06
8.72386e+06
7.86869e+06
7.20267e+06
6.83273e+06
2.79033e+07
2.74587e+07
2.70376e+07
2.664e+07
2.6263e+07
2.59043e+07
2.55579e+07
2.52194e+07
2.48804e+07
2.45319e+07
2.41638e+07
2.37547e+07
2.32773e+07
2.2681e+07
2.20144e+07
2.14179e+07
1.99488e+07
1.9189e+07
1.81471e+07
1.68869e+07
1.571e+07
1.44528e+07
1.32148e+07
1.20753e+07
1.10513e+07
1.01499e+07
9.36197e+06
8.67384e+06
8.15893e+06
7.8814e+06
2.7998e+07
2.75534e+07
2.71319e+07
2.67346e+07
2.636e+07
2.60086e+07
2.56762e+07
2.53615e+07
2.5055e+07
2.47492e+07
2.44288e+07
2.40711e+07
2.36502e+07
2.31485e+07
2.21142e+07
2.11561e+07
2.00547e+07
1.90692e+07
1.80156e+07
1.68816e+07
1.57436e+07
1.45937e+07
1.34722e+07
1.24223e+07
1.14685e+07
1.06252e+07
9.90032e+06
9.30578e+06
8.87778e+06
8.65255e+06
2.80679e+07
2.76235e+07
2.72026e+07
2.68067e+07
2.64355e+07
2.60915e+07
2.57732e+07
2.54831e+07
2.52131e+07
2.49578e+07
2.46919e+07
2.43861e+07
2.40119e+07
2.31034e+07
2.20868e+07
2.10833e+07
2.00447e+07
1.90175e+07
1.79646e+07
1.68802e+07
1.57892e+07
1.47063e+07
1.3658e+07
1.26733e+07
1.17753e+07
1.0982e+07
1.03083e+07
9.77118e+06
9.39385e+06
9.19847e+06
2.81141e+07
2.76699e+07
2.72497e+07
2.68551e+07
2.64869e+07
2.61483e+07
2.5841e+07
2.55705e+07
2.53353e+07
2.5135e+07
2.49405e+07
2.47049e+07
2.3914e+07
2.30209e+07
2.20463e+07
2.10456e+07
2.00232e+07
1.89916e+07
1.79451e+07
1.68856e+07
1.58265e+07
1.47843e+07
1.37802e+07
1.28374e+07
1.19775e+07
1.12192e+07
1.05798e+07
1.00767e+07
9.72795e+06
9.54901e+06
2.8137e+07
2.76929e+07
2.72733e+07
2.68793e+07
2.65129e+07
2.61769e+07
2.58753e+07
2.56142e+07
2.53999e+07
2.52433e+07
2.51412e+07
2.50879e+07
2.40068e+07
2.30198e+07
2.20319e+07
2.10295e+07
2.0011e+07
1.89804e+07
1.79386e+07
1.68904e+07
1.5847e+07
1.48241e+07
1.3841e+07
1.29188e+07
1.20779e+07
1.13374e+07
1.07151e+07
1.0228e+07
9.89218e+06
9.7206e+06
)
;

boundaryField
{
    inlet1
    {
        type            fixedGradient;
        gradient        uniform 20000;
    }
    inlet2
    {
        type            zeroGradient;
    }
    inlet3
    {
        type            fixedGradient;
        gradient        uniform 4.68141e+06;
    }
    output1
    {
        type            zeroGradient;
    }
    output2
    {
        type            fixedValue;
        value           uniform 0;
    }
    output3
    {
        type            zeroGradient;
    }
    up
    {
        type            zeroGradient;
    }
    down
    {
        type            zeroGradient;
    }
    emptyWalls
    {
        type            empty;
    }
}


// ************************************************************************* //
