/*--------------------------------*- C++ -*----------------------------------*\
  =========                 |
  \\      /  F ield         | OpenFOAM: The Open Source CFD Toolbox
   \\    /   O peration     | Website:  https://openfoam.org
    \\  /    A nd           | Version:  9
     \\/     M anipulation  |
\*---------------------------------------------------------------------------*/
FoamFile
{
    format      ascii;
    class       volScalarField;
    location    "10500";
    object      Sw;
}
// * * * * * * * * * * * * * * * * * * * * * * * * * * * * * * * * * * * * * //

dimensions      [0 0 0 0 0 0 0];

internalField   nonuniform List<scalar> 
900
(
0.600437
0.582486
0.544211
0.383057
0.150444
0.15
0.15
0.15
0.15
0.15
0.15
0.15
0.15
0.15
0.15
0.15
0.15
0.15
0.15
0.15
0.15
0.15
0.15
0.15
0.15
0.15
0.15
0.15
0.15
0.15
0.90271
0.783171
0.549744
0.326652
0.150043
0.15
0.15
0.15
0.15
0.15
0.15
0.15
0.15
0.15
0.15
0.15
0.15
0.15
0.15
0.15
0.15
0.15
0.15
0.15
0.15
0.15
0.15
0.15
0.15
0.15
0.610415
0.569023
0.539116
0.301517
0.150011
0.15
0.15
0.15
0.15
0.15
0.15
0.15
0.15
0.15
0.15
0.15
0.15
0.15
0.15
0.15
0.15
0.15
0.15
0.15
0.15
0.15
0.15
0.15
0.15
0.15
0.764362
0.601912
0.547876
0.260784
0.150001
0.15
0.15
0.15
0.15
0.15
0.15
0.15
0.15
0.15
0.15
0.15
0.15
0.15
0.15
0.15
0.15
0.15
0.15
0.15
0.15
0.15
0.15
0.15
0.15
0.15
0.666617
0.575831
0.547653
0.214023
0.15
0.15
0.15
0.15
0.15
0.15
0.15
0.15
0.15
0.15
0.15
0.15
0.15
0.15
0.15
0.15
0.15
0.15
0.15
0.15
0.15
0.15
0.15
0.15
0.15
0.15
0.748895
0.586543
0.57602
0.163874
0.15
0.15
0.15
0.15
0.15
0.15
0.15
0.15
0.15
0.15
0.15
0.15
0.15
0.15
0.15
0.15
0.15
0.15
0.15
0.15
0.15
0.15
0.15
0.15
0.15
0.15
0.688313
0.557657
0.438963
0.150563
0.15
0.15
0.15
0.15
0.15
0.15
0.15
0.15
0.15
0.15
0.15
0.15
0.15
0.15
0.15
0.15
0.15
0.15
0.15
0.15
0.15
0.15
0.15
0.15
0.15
0.15
0.752876
0.576189
0.309845
0.150026
0.15
0.15
0.15
0.15
0.15
0.15
0.15
0.15
0.15
0.15
0.15
0.15
0.15
0.15
0.15
0.15
0.15
0.15
0.15
0.15
0.15
0.15
0.15
0.15
0.15
0.15
0.717921
0.582519
0.24641
0.150001
0.15
0.15
0.15
0.15
0.15
0.15
0.15
0.15
0.15
0.15
0.15
0.15
0.15
0.15
0.15
0.15
0.15
0.15
0.15
0.15
0.15
0.15
0.15
0.15
0.15
0.15
0.787776
0.6182
0.212505
0.15
0.15
0.15
0.15
0.15
0.15
0.15
0.15
0.15
0.15
0.15
0.15
0.15
0.15
0.15
0.15
0.15
0.15
0.15
0.15
0.15
0.15
0.15
0.15
0.15
0.15
0.15
0.771047
0.639009
0.411714
0.15026
0.15
0.15
0.15
0.15
0.15
0.15
0.15
0.15
0.15
0.15
0.15
0.15
0.15
0.15
0.15
0.15
0.15
0.15
0.15
0.15
0.15
0.15
0.15
0.15
0.15
0.15
0.840174
0.665682
0.532448
0.378775
0.15023
0.15
0.15
0.15
0.15
0.15
0.15
0.15
0.15
0.15
0.15
0.15
0.15
0.15
0.15
0.15
0.15
0.15
0.15
0.15
0.15
0.15
0.15
0.15
0.15
0.15
0.834678
0.700094
0.598713
0.555039
0.553761
0.250632
0.15
0.15
0.15
0.15
0.15
0.15
0.15
0.15
0.15
0.15
0.15
0.15
0.15
0.15
0.15
0.15
0.15
0.15
0.15
0.15
0.15
0.15
0.15
0.15
0.948636
0.672839
0.545597
0.507849
0.501579
0.458897
0.158405
0.150002
0.150002
0.15
0.15
0.15
0.15
0.15
0.15
0.15
0.15
0.15
0.15
0.15
0.15
0.15
0.15
0.15
0.15
0.15
0.15
0.15
0.15
0.15
0.952542
0.797591
0.696366
0.634777
0.597131
0.576373
0.556404
0.568399
0.377498
0.150016
0.150002
0.150485
0.150004
0.150003
0.150004
0.150007
0.150009
0.15001
0.15001
0.150028
0.150575
0.153587
0.15697
0.159289
0.15892
0.155689
0.152703
0.150871
0.150036
0.150001
0.780736
0.724757
0.661034
0.631934
0.608373
0.606507
0.590117
0.587296
0.554585
0.545786
0.546687
0.546404
0.550568
0.544273
0.556391
0.459012
0.335182
0.347913
0.360798
0.399732
0.457139
0.480352
0.491781
0.498489
0.503656
0.506889
0.51108
0.511202
0.513972
0.503844
0.613435
0.609094
0.594125
0.593141
0.587884
0.588727
0.583689
0.579493
0.579379
0.573415
0.572899
0.570996
0.57328
0.566001
0.562469
0.539718
0.527651
0.528264
0.532176
0.538126
0.5444
0.549311
0.55283
0.555061
0.556956
0.557819
0.559043
0.558761
0.559978
0.557939
0.60469
0.593346
0.589478
0.587255
0.585672
0.583696
0.582244
0.580109
0.582256
0.58108
0.580243
0.57912
0.578174
0.574357
0.570265
0.567139
0.564651
0.564676
0.567317
0.569805
0.571737
0.573454
0.574667
0.575456
0.575821
0.57578
0.574975
0.57354
0.572523
0.573023
0.585262
0.58488
0.589015
0.591985
0.593396
0.593387
0.593287
0.593294
0.593904
0.593966
0.593271
0.592323
0.590689
0.589071
0.587359
0.587482
0.587577
0.58734
0.587512
0.587727
0.587517
0.587206
0.58633
0.585506
0.584142
0.583137
0.580716
0.577359
0.570919
0.566871
0.587573
0.596102
0.604033
0.607423
0.608379
0.607871
0.607218
0.606496
0.605654
0.604574
0.602889
0.600997
0.598944
0.597461
0.596439
0.596025
0.595009
0.593179
0.590937
0.58873
0.586533
0.584493
0.581961
0.579813
0.576802
0.574833
0.571516
0.569303
0.556378
0.546818
0.608904
0.619655
0.619542
0.615864
0.612612
0.609432
0.607228
0.604996
0.603091
0.601116
0.599006
0.597238
0.595386
0.594377
0.592963
0.591486
0.588747
0.585365
0.581282
0.576964
0.573414
0.570253
0.567305
0.56481
0.561388
0.556829
0.554246
0.549372
0.556088
0.580009
0.596495
0.593444
0.593604
0.594003
0.595132
0.595345
0.596438
0.596182
0.596673
0.595964
0.595598
0.594794
0.593547
0.592506
0.589621
0.58666
0.581084
0.575806
0.569073
0.561726
0.555007
0.550346
0.547238
0.54685
0.542206
0.538404
0.520943
0.516602
0.520633
0.479471
0.598696
0.600028
0.603115
0.605247
0.606736
0.606236
0.606242
0.604063
0.60335
0.600294
0.599004
0.595833
0.593298
0.589293
0.583012
0.577411
0.567581
0.559759
0.548813
0.538983
0.522051
0.51286
0.511689
0.514187
0.511113
0.520275
0.313896
0.150001
0.15
0.15
0.599307
0.598541
0.598091
0.597929
0.597708
0.596889
0.596654
0.594898
0.595209
0.592513
0.592837
0.588712
0.586495
0.577864
0.56794
0.558804
0.545976
0.536879
0.51318
0.513428
0.440937
0.151129
0.15
0.15
0.15
0.15
0.15
0.15
0.15
0.15
0.599446
0.598997
0.598802
0.599504
0.599969
0.600546
0.60075
0.599912
0.599982
0.596549
0.595737
0.588067
0.581822
0.563382
0.549902
0.525372
0.517591
0.514394
0.186479
0.15
0.15
0.15
0.15
0.15
0.15
0.15
0.15
0.15
0.15
0.15
0.59962
0.599544
0.59911
0.599725
0.599285
0.599973
0.598638
0.598112
0.595988
0.592241
0.589957
0.578022
0.562761
0.527834
0.522634
0.270649
0.15
0.15
0.15
0.15
0.15
0.15
0.15
0.15
0.15
0.15
0.15
0.15
0.15
0.15
0.599777
0.599899
0.599508
0.600254
0.599714
0.601093
0.599357
0.600408
0.596112
0.593682
0.58778
0.567097
0.535113
0.418176
0.15023
0.15
0.15
0.15
0.15
0.15
0.15
0.15
0.15
0.15
0.15
0.15
0.15
0.15
0.15
0.15
0.599898
0.600126
0.599896
0.600689
0.600326
0.602042
0.600407
0.602467
0.595043
0.593739
0.575304
0.534877
0.290284
0.15
0.15
0.15
0.15
0.15
0.15
0.15
0.15
0.15
0.15
0.15
0.15
0.15
0.15
0.15
0.15
0.15
0.59999
0.600239
0.600214
0.600923
0.600961
0.602637
0.602131
0.604858
0.598012
0.596682
0.552578
0.301261
0.150001
0.15
0.15
0.15
0.15
0.15
0.15
0.15
0.15
0.15
0.15
0.15
0.15
0.15
0.15
0.15
0.15
0.15
0.600079
0.600222
0.60048
0.60088
0.601553
0.602551
0.603809
0.605547
0.605333
0.602977
0.479262
0.150636
0.15
0.15
0.15
0.15
0.15
0.15
0.15
0.15
0.15
0.15
0.15
0.15
0.15
0.15
0.15
0.15
0.15
0.15
)
;

boundaryField
{
    inlet1
    {
        type            fixedValue;
        value           uniform 0.85;
    }
    inlet2
    {
        type            zeroGradient;
    }
    inlet3
    {
        type            fixedValue;
        value           uniform 0.6;
    }
    output1
    {
        type            zeroGradient;
    }
    output2
    {
        type            zeroGradient;
    }
    output3
    {
        type            zeroGradient;
    }
    up
    {
        type            zeroGradient;
    }
    down
    {
        type            zeroGradient;
    }
    emptyWalls
    {
        type            empty;
    }
}


// ************************************************************************* //
