/*--------------------------------*- C++ -*----------------------------------*\
  =========                 |
  \\      /  F ield         | OpenFOAM: The Open Source CFD Toolbox
   \\    /   O peration     | Website:  https://openfoam.org
    \\  /    A nd           | Version:  9
     \\/     M anipulation  |
\*---------------------------------------------------------------------------*/
FoamFile
{
    format      ascii;
    class       volVectorField;
    location    "10500";
    object      ut;
}
// * * * * * * * * * * * * * * * * * * * * * * * * * * * * * * * * * * * * * //

dimensions      [0 1 -1 0 0 0 0];

internalField   nonuniform List<vector> 
900
(
(4.87181e-07 2.11878e-07 -0)
(4.07091e-07 1.28242e-08 -0)
(4.85445e-07 -5.24831e-08 -0)
(3.53446e-07 -6.08585e-09 -0)
(2.25818e-07 4.07791e-08 -0)
(3.09316e-07 1.52722e-08 -0)
(2.87632e-07 6.25672e-09 -0)
(2.78844e-07 2.529e-09 -0)
(2.75566e-07 7.46915e-10 -0)
(2.7501e-07 -1.93618e-10 -0)
(2.75895e-07 -6.9465e-10 -0)
(2.77503e-07 -9.16442e-10 -0)
(2.79343e-07 -9.27167e-10 -0)
(2.81024e-07 -7.56104e-10 -0)
(2.82192e-07 -4.14555e-10 -0)
(2.82509e-07 9.49077e-11 -0)
(2.81639e-07 7.7375e-10 -0)
(2.79239e-07 1.62551e-09 -0)
(2.74958e-07 2.65456e-09 -0)
(2.68438e-07 3.86507e-09 -0)
(2.59313e-07 5.25978e-09 -0)
(2.47215e-07 6.83803e-09 -0)
(2.31787e-07 8.59102e-09 -0)
(2.12702e-07 1.04946e-08 -0)
(1.89709e-07 1.25009e-08 -0)
(1.6268e-07 1.45296e-08 -0)
(1.31692e-07 1.64625e-08 -0)
(9.70902e-08 1.8144e-08 -0)
(5.95498e-08 1.94005e-08 -0)
(2.00752e-08 2.00781e-08 -0)
(1.28106e-05 2.30477e-05 -0)
(2.37279e-06 4.31988e-06 -0)
(2.94919e-07 4.33003e-07 -0)
(1.36378e-07 1.76631e-09 -0)
(2.42612e-07 6.52223e-08 -0)
(2.74716e-07 2.93882e-08 -0)
(2.74888e-07 1.34813e-08 -0)
(2.73335e-07 5.6401e-09 -0)
(2.72844e-07 1.39792e-09 -0)
(2.73569e-07 -1.02156e-09 -0)
(2.75173e-07 -2.36435e-09 -0)
(2.77271e-07 -2.96136e-09 -0)
(2.79504e-07 -2.96398e-09 -0)
(2.81536e-07 -2.43927e-09 -0)
(2.83043e-07 -1.41193e-09 -0)
(2.83697e-07 1.14865e-10 -0)
(2.8317e-07 2.14816e-09 -0)
(2.8112e-07 4.69953e-09 -0)
(2.77197e-07 7.78232e-09 -0)
(2.71043e-07 1.14107e-08 -0)
(2.62286e-07 1.55962e-08 -0)
(2.50546e-07 2.03407e-08 -0)
(2.35443e-07 2.56238e-08 -0)
(2.16612e-07 3.13822e-08 -0)
(1.93744e-07 3.74817e-08 -0)
(1.66642e-07 4.36874e-08 -0)
(1.35306e-07 4.964e-08 -0)
(1.00028e-07 5.48573e-08 -0)
(6.14839e-08 5.87843e-08 -0)
(2.07527e-08 6.09097e-08 -0)
(3.74321e-07 2.95689e-06 -0)
(6.1706e-07 1.55249e-06 -0)
(5.52328e-07 1.10998e-06 -0)
(1.0522e-07 5.26223e-09 -0)
(2.54238e-07 3.81431e-08 -0)
(2.57563e-07 2.37157e-08 -0)
(2.63884e-07 1.26392e-08 -0)
(2.66761e-07 5.15157e-09 -0)
(2.68905e-07 2.25659e-10 -0)
(2.71248e-07 -2.92663e-09 -0)
(2.73956e-07 -4.78017e-09 -0)
(2.76904e-07 -5.601e-09 -0)
(2.79866e-07 -5.52843e-09 -0)
(2.82576e-07 -4.62525e-09 -0)
(2.84746e-07 -2.90877e-09 -0)
(2.86069e-07 -3.71804e-10 -0)
(2.86224e-07 3.00416e-09 -0)
(2.84873e-07 7.24167e-09 -0)
(2.81669e-07 1.23647e-08 -0)
(2.76251e-07 1.83999e-08 -0)
(2.68243e-07 2.53741e-08 -0)
(2.57243e-07 3.33053e-08 -0)
(2.42828e-07 4.21822e-08 -0)
(2.2456e-07 5.19295e-08 -0)
(2.02014e-07 6.23576e-08 -0)
(1.74839e-07 7.31004e-08 -0)
(1.42862e-07 8.35543e-08 -0)
(1.06235e-07 9.28608e-08 -0)
(6.56022e-08 9.99738e-08 -0)
(2.22006e-08 1.03864e-07 -0)
(3.6225e-06 4.63378e-05 -0)
(8.49072e-07 5.13108e-06 -0)
(4.96397e-07 1.94374e-06 -0)
(9.03348e-08 6.26114e-09 -0)
(2.59915e-07 1.87499e-08 -0)
(2.4921e-07 1.47031e-08 -0)
(2.56324e-07 8.2091e-09 -0)
(2.60921e-07 2.10219e-09 -0)
(2.64765e-07 -2.71911e-09 -0)
(2.68563e-07 -6.12937e-09 -0)
(2.72498e-07 -8.22761e-09 -0)
(2.76522e-07 -9.13299e-09 -0)
(2.8048e-07 -8.92275e-09 -0)
(2.84156e-07 -7.62414e-09 -0)
(2.87296e-07 -5.22611e-09 -0)
(2.8961e-07 -1.69744e-09 -0)
(2.90783e-07 2.99884e-09 -0)
(2.9048e-07 8.89768e-09 -0)
(2.88355e-07 1.60344e-08 -0)
(2.84052e-07 2.44498e-08 -0)
(2.77191e-07 3.41947e-08 -0)
(2.67355e-07 4.53236e-08 -0)
(2.54067e-07 5.78696e-08 -0)
(2.36788e-07 7.17961e-08 -0)
(2.14915e-07 8.69193e-08 -0)
(1.87839e-07 1.02801e-07 -0)
(1.55066e-07 1.18615e-07 -0)
(1.16448e-07 1.3306e-07 -0)
(7.24871e-08 1.44386e-07 -0)
(2.46429e-08 1.50708e-07 -0)
(1.43002e-06 1.73293e-05 -0)
(6.38242e-07 4.156e-06 -0)
(4.94441e-07 2.12608e-06 -0)
(1.0403e-07 7.88782e-09 -0)
(2.59339e-07 7.47703e-09 -0)
(2.47022e-07 8.14105e-09 -0)
(2.51283e-07 3.39226e-09 -0)
(2.55833e-07 -2.23228e-09 -0)
(2.60673e-07 -7.07428e-09 -0)
(2.65739e-07 -1.06436e-08 -0)
(2.70952e-07 -1.28674e-08 -0)
(2.76208e-07 -1.37801e-08 -0)
(2.81374e-07 -1.3405e-08 -0)
(2.86272e-07 -1.17221e-08 -0)
(2.90672e-07 -8.67438e-09 -0)
(2.94294e-07 -4.19142e-09 -0)
(2.96819e-07 1.79007e-09 -0)
(2.97908e-07 9.3154e-09 -0)
(2.97221e-07 1.84243e-08 -0)
(2.94412e-07 2.9169e-08 -0)
(2.89117e-07 4.16311e-08 -0)
(2.80918e-07 5.5925e-08 -0)
(2.69301e-07 7.21763e-08 -0)
(2.5361e-07 9.04659e-08 -0)
(2.33019e-07 1.10724e-07 -0)
(2.06535e-07 1.32567e-07 -0)
(1.73121e-07 1.55046e-07 -0)
(1.32006e-07 1.76383e-07 -0)
(8.32504e-08 1.93802e-07 -0)
(2.85224e-08 2.03876e-07 -0)
(1.44053e-06 6.55936e-05 -0)
(-3.2157e-07 6.19741e-06 -0)
(2.96374e-08 3.34725e-06 -0)
(1.27568e-07 2.22044e-08 -0)
(2.57589e-07 1.26157e-08 -0)
(2.45125e-07 6.9922e-09 -0)
(2.45951e-07 -5.48737e-10 -0)
(2.50454e-07 -7.34915e-09 -0)
(2.56354e-07 -1.27019e-08 -0)
(2.6277e-07 -1.65028e-08 -0)
(2.69362e-07 -1.8818e-08 -0)
(2.75985e-07 -1.97149e-08 -0)
(2.82538e-07 -1.91954e-08 -0)
(2.88887e-07 -1.7185e-08 -0)
(2.94827e-07 -1.35584e-08 -0)
(3.00075e-07 -8.18395e-09 -0)
(3.0429e-07 -9.63966e-10 -0)
(3.07114e-07 8.14922e-09 -0)
(3.08209e-07 1.91791e-08 -0)
(3.07259e-07 3.21715e-08 -0)
(3.03947e-07 4.72361e-08 -0)
(2.979e-07 6.45691e-08 -0)
(2.88608e-07 8.44451e-08 -0)
(2.75336e-07 1.07166e-07 -0)
(2.57016e-07 1.32948e-07 -0)
(2.32161e-07 1.61695e-07 -0)
(1.98882e-07 1.9262e-07 -0)
(1.55203e-07 2.23623e-07 -0)
(9.99803e-08 2.50559e-07 -0)
(3.4717e-08 2.67119e-07 -0)
(3.03297e-07 3.46267e-05 -0)
(-1.106e-06 4.70979e-06 -0)
(2.16179e-07 4.33496e-07 -0)
(1.40012e-07 7.44173e-08 -0)
(2.42753e-07 2.91343e-08 -0)
(2.33857e-07 7.76059e-09 -0)
(2.36941e-07 -5.23044e-09 -0)
(2.4368e-07 -1.39137e-08 -0)
(2.51519e-07 -1.98814e-08 -0)
(2.59623e-07 -2.38478e-08 -0)
(2.6774e-07 -2.61868e-08 -0)
(2.75831e-07 -2.70663e-08 -0)
(2.83904e-07 -2.64771e-08 -0)
(2.91909e-07 -2.42646e-08 -0)
(2.99674e-07 -2.0191e-08 -0)
(3.06889e-07 -1.40213e-08 -0)
(3.13152e-07 -5.61087e-09 -0)
(3.18052e-07 5.06582e-09 -0)
(3.21243e-07 1.79712e-08 -0)
(3.22469e-07 3.31017e-08 -0)
(3.21514e-07 5.05723e-08 -0)
(3.18127e-07 7.06696e-08 -0)
(3.11898e-07 9.38689e-08 -0)
(3.02113e-07 1.20807e-07 -0)
(2.87548e-07 1.52204e-07 -0)
(2.66207e-07 1.88645e-07 -0)
(2.35048e-07 2.30116e-07 -0)
(1.89944e-07 2.74924e-07 -0)
(1.26746e-07 3.1769e-07 -0)
(4.50823e-08 3.46921e-07 -0)
(2.60902e-06 8.57296e-05 -0)
(-1.31499e-07 7.11316e-06 -0)
(5.04699e-08 2.45199e-08 -0)
(1.44505e-07 7.56713e-08 -0)
(1.90753e-07 2.54781e-08 -0)
(2.1076e-07 1.4611e-10 -0)
(2.24277e-07 -1.422e-08 -0)
(2.35804e-07 -2.31938e-08 -0)
(2.4642e-07 -2.9062e-08 -0)
(2.56464e-07 -3.28205e-08 -0)
(2.66143e-07 -3.50157e-08 -0)
(2.75694e-07 -3.58872e-08 -0)
(2.85339e-07 -3.53823e-08 -0)
(2.95173e-07 -3.32052e-08 -0)
(3.0507e-07 -2.89197e-08 -0)
(3.14655e-07 -2.21009e-08 -0)
(3.23377e-07 -1.25244e-08 -0)
(3.30696e-07 -2.4682e-10 -0)
(3.36245e-07 1.45373e-08 -0)
(3.3986e-07 3.16914e-08 -0)
(3.41515e-07 5.12815e-08 -0)
(3.41196e-07 7.36672e-08 -0)
(3.38745e-07 9.95521e-08 -0)
(3.3367e-07 1.2999e-07 -0)
(3.24854e-07 1.66409e-07 -0)
(3.10073e-07 2.10563e-07 -0)
(2.85161e-07 2.64276e-07 -0)
(2.42777e-07 3.28264e-07 -0)
(1.71977e-07 3.98357e-07 -0)
(6.39478e-08 4.55953e-07 -0)
(2.41619e-06 5.11163e-05 -0)
(2.87119e-07 7.12743e-06 -0)
(4.25554e-08 1.37825e-08 -0)
(1.39217e-07 1.69933e-08 -0)
(1.6722e-07 -2.89651e-09 -0)
(1.94159e-07 -1.84343e-08 -0)
(2.13601e-07 -2.86015e-08 -0)
(2.28838e-07 -3.55797e-08 -0)
(2.41893e-07 -4.03526e-08 -0)
(2.5367e-07 -4.33571e-08 -0)
(2.64673e-07 -4.51688e-08 -0)
(2.75464e-07 -4.60846e-08 -0)
(2.86586e-07 -4.59595e-08 -0)
(2.98372e-07 -4.4255e-08 -0)
(3.10778e-07 -4.01805e-08 -0)
(3.23284e-07 -3.29389e-08 -0)
(3.35006e-07 -2.21396e-08 -0)
(3.45113e-07 -8.06518e-09 -0)
(3.53181e-07 8.73445e-09 -0)
(3.59213e-07 2.78459e-08 -0)
(3.6349e-07 4.91946e-08 -0)
(3.66397e-07 7.31665e-08 -0)
(3.68221e-07 1.00677e-07 -0)
(3.68969e-07 1.33197e-07 -0)
(3.68121e-07 1.72878e-07 -0)
(3.64075e-07 2.22924e-07 -0)
(3.52749e-07 2.88163e-07 -0)
(3.24025e-07 3.75498e-07 -0)
(2.54435e-07 4.91523e-07 -0)
(1.02678e-07 6.22582e-07 -0)
(4.95052e-06 0.000102746 -0)
(4.35054e-07 1.04914e-05 -0)
(3.94649e-08 1.32484e-08 -0)
(1.20963e-07 -2.94907e-08 -0)
(1.55325e-07 -3.56181e-08 -0)
(1.85055e-07 -4.2385e-08 -0)
(2.07131e-07 -4.6172e-08 -0)
(2.24052e-07 -5.0171e-08 -0)
(2.38643e-07 -5.34122e-08 -0)
(2.51648e-07 -5.50866e-08 -0)
(2.63415e-07 -5.62175e-08 -0)
(2.74904e-07 -5.73231e-08 -0)
(2.87169e-07 -5.81149e-08 -0)
(3.00952e-07 -5.76748e-08 -0)
(3.16386e-07 -5.46083e-08 -0)
(3.32696e-07 -4.73334e-08 -0)
(3.48251e-07 -3.50286e-08 -0)
(3.6157e-07 -1.86074e-08 -0)
(3.72156e-07 6.21058e-10 -0)
(3.8032e-07 2.17648e-08 -0)
(3.86836e-07 4.44829e-08 -0)
(3.92679e-07 6.91297e-08 -0)
(3.98775e-07 9.67967e-08 -0)
(4.05871e-07 1.29237e-07 -0)
(4.14581e-07 1.68985e-07 -0)
(4.25358e-07 2.20093e-07 -0)
(4.37735e-07 2.89951e-07 -0)
(4.46137e-07 3.94042e-07 -0)
(4.19061e-07 5.69652e-07 -0)
(1.95008e-07 9.2027e-07 -0)
(1.19847e-06 6.54501e-05 -0)
(1.36489e-06 1.13087e-05 -0)
(2.0017e-07 1.70282e-07 -0)
(8.60363e-08 -2.49121e-08 -0)
(1.54325e-07 -6.77589e-08 -0)
(1.83605e-07 -6.9315e-08 -0)
(2.05815e-07 -6.35307e-08 -0)
(2.21597e-07 -6.55199e-08 -0)
(2.36977e-07 -6.80385e-08 -0)
(2.50864e-07 -6.73591e-08 -0)
(2.62437e-07 -6.7291e-08 -0)
(2.73567e-07 -6.88745e-08 -0)
(2.86235e-07 -7.15024e-08 -0)
(3.01879e-07 -7.37192e-08 -0)
(3.21119e-07 -7.32442e-08 -0)
(3.42864e-07 -6.67563e-08 -0)
(3.63732e-07 -5.20325e-08 -0)
(3.80763e-07 -3.19557e-08 -0)
(3.93554e-07 -9.40717e-09 -0)
(4.03075e-07 1.41107e-08 -0)
(4.10855e-07 3.78463e-08 -0)
(4.18711e-07 6.20651e-08 -0)
(4.28328e-07 8.8149e-08 -0)
(4.41158e-07 1.17967e-07 -0)
(4.58977e-07 1.53731e-07 -0)
(4.85041e-07 1.98512e-07 -0)
(5.26698e-07 2.57505e-07 -0)
(6.03725e-07 3.41066e-07 -0)
(7.80664e-07 4.7277e-07 -0)
(1.30723e-06 7.14644e-07 -0)
(3.96977e-06 9.9617e-05 -0)
(3.78348e-06 1.16827e-05 -0)
(2.13069e-06 1.72107e-06 -0)
(1.81779e-07 4.23345e-08 -0)
(1.10841e-07 -4.19086e-08 -0)
(1.89284e-07 -1.16292e-07 -0)
(2.10926e-07 -7.31153e-08 -0)
(2.19545e-07 -8.03389e-08 -0)
(2.36804e-07 -8.58623e-08 -0)
(2.52396e-07 -7.90195e-08 -0)
(2.619e-07 -7.67123e-08 -0)
(2.70692e-07 -7.93805e-08 -0)
(2.82324e-07 -8.53002e-08 -0)
(2.9921e-07 -9.24547e-08 -0)
(3.23349e-07 -9.78908e-08 -0)
(3.53907e-07 -9.4414e-08 -0)
(3.83051e-07 -7.43885e-08 -0)
(4.04196e-07 -4.77753e-08 -0)
(4.18222e-07 -2.04014e-08 -0)
(4.27574e-07 6.2354e-09 -0)
(4.3479e-07 3.07293e-08 -0)
(4.42982e-07 5.31354e-08 -0)
(4.54678e-07 7.57668e-08 -0)
(4.71453e-07 1.00754e-07 -0)
(4.95126e-07 1.2946e-07 -0)
(5.29132e-07 1.62719e-07 -0)
(5.80289e-07 2.0049e-07 -0)
(6.61401e-07 2.39947e-07 -0)
(7.92639e-07 2.65715e-07 -0)
(9.76805e-07 2.10968e-07 -0)
(3.2011e-06 5.73443e-05 -0)
(8.27651e-06 1.16569e-05 -0)
(8.30257e-06 4.14261e-06 -0)
(7.39455e-06 3.72881e-06 -0)
(6.44613e-06 4.24516e-06 -0)
(1.00668e-07 -1.21351e-08 -0)
(2.41769e-07 -5.67626e-08 -0)
(2.08851e-07 -9.68579e-08 -0)
(2.38297e-07 -1.16052e-07 -0)
(2.60014e-07 -8.61433e-08 -0)
(2.62076e-07 -8.11577e-08 -0)
(2.64979e-07 -8.66349e-08 -0)
(2.7316e-07 -9.78617e-08 -0)
(2.89288e-07 -1.12908e-07 -0)
(3.1916e-07 -1.3145e-07 -0)
(3.66366e-07 -1.3862e-07 -0)
(4.10371e-07 -1.03331e-07 -0)
(4.3475e-07 -6.43554e-08 -0)
(4.47564e-07 -3.06599e-08 -0)
(4.54205e-07 5.07556e-10 -0)
(4.57755e-07 2.56954e-08 -0)
(4.63749e-07 4.39871e-08 -0)
(4.75947e-07 6.10264e-08 -0)
(4.9485e-07 7.9821e-08 -0)
(5.20941e-07 1.00632e-07 -0)
(5.56072e-07 1.22412e-07 -0)
(6.03926e-07 1.41788e-07 -0)
(6.68951e-07 1.52512e-07 -0)
(7.51685e-07 1.39178e-07 -0)
(8.30547e-07 7.44815e-08 -0)
(1.65742e-05 8.7262e-05 -0)
(8.89847e-06 5.32417e-06 -0)
(4.78164e-06 1.33419e-06 -0)
(4.55734e-06 1.22017e-06 -0)
(6.3292e-06 2.50305e-06 -0)
(3.85003e-06 2.39463e-06 -0)
(1.27736e-07 -9.85504e-09 -0)
(1.60254e-07 -5.36882e-08 -0)
(2.47516e-07 -1.13546e-07 -0)
(2.8729e-07 -6.8345e-08 -0)
(2.61409e-07 -7.51403e-08 -0)
(2.53988e-07 -8.81833e-08 -0)
(2.56052e-07 -1.06604e-07 -0)
(2.65622e-07 -1.29863e-07 -0)
(2.97636e-07 -1.76382e-07 -0)
(3.82026e-07 -2.25287e-07 -0)
(4.57316e-07 -1.35964e-07 -0)
(4.76867e-07 -7.56542e-08 -0)
(4.83085e-07 -3.83938e-08 -0)
(4.83929e-07 7.60468e-10 -0)
(4.7827e-07 2.75753e-08 -0)
(4.78313e-07 3.6214e-08 -0)
(4.90512e-07 4.47976e-08 -0)
(5.11059e-07 5.73208e-08 -0)
(5.37717e-07 7.13735e-08 -0)
(5.70288e-07 8.49159e-08 -0)
(6.10389e-07 9.19369e-08 -0)
(6.58791e-07 8.91959e-08 -0)
(7.14608e-07 6.40034e-08 -0)
(7.63146e-07 2.22604e-08 -0)
(4.82093e-05 3.13302e-05 -0)
(5.75246e-05 2.02351e-05 -0)
(5.28242e-05 1.35215e-05 -0)
(4.58856e-05 9.5807e-06 -0)
(3.97452e-05 1.01274e-05 -0)
(3.65483e-05 8.74527e-06 -0)
(2.72176e-05 4.77525e-06 -0)
(3.00471e-05 6.00413e-06 -0)
(1.02806e-06 5.26343e-08 -0)
(2.98401e-07 -2.09289e-08 -0)
(2.42235e-07 -3.46391e-08 -0)
(2.33033e-07 -4.39522e-08 -0)
(2.31477e-07 -5.53539e-08 -0)
(2.19507e-07 -6.87862e-08 -0)
(2.23732e-07 -1.01948e-07 -0)
(4.06773e-07 -1.59806e-07 -0)
(5.59983e-07 -1.25962e-07 -0)
(5.32297e-07 -5.51019e-08 -0)
(5.23956e-07 -3.44744e-08 -0)
(5.20112e-07 4.11412e-09 -0)
(4.92e-07 1.7493e-08 -0)
(4.73627e-07 1.67198e-08 -0)
(4.8237e-07 1.79094e-08 -0)
(5.00965e-07 2.23403e-08 -0)
(5.27857e-07 2.77341e-08 -0)
(5.62713e-07 3.33095e-08 -0)
(6.01208e-07 3.47643e-08 -0)
(6.38646e-07 3.17768e-08 -0)
(6.84648e-07 1.68878e-08 -0)
(7.44279e-07 1.08307e-09 -0)
(1.43167e-05 -1.80584e-05 -0)
(3.48226e-05 -2.20233e-06 -0)
(4.06939e-05 7.42064e-06 -0)
(5.00915e-05 1.15417e-05 -0)
(5.00176e-05 1.14668e-05 -0)
(5.95359e-05 1.24193e-05 -0)
(5.18369e-05 1.02804e-05 -0)
(5.90207e-05 1.69263e-05 -0)
(4.6052e-05 1.85599e-05 -0)
(4.6239e-05 2.40214e-06 -0)
(4.64215e-05 1.4432e-07 -0)
(4.52163e-05 -3.03782e-07 -0)
(4.82829e-05 3.55133e-08 -0)
(4.08598e-05 1.01759e-06 -0)
(4.78021e-05 7.00122e-06 -0)
(1.20948e-05 2.34412e-06 -0)
(8.69382e-07 8.93818e-09 -0)
(1.20585e-06 -3.70049e-08 -0)
(1.60959e-06 -7.75534e-08 -0)
(4.42294e-06 -3.18368e-07 -0)
(1.60363e-05 -1.42708e-06 -0)
(2.58499e-05 -1.87034e-06 -0)
(3.39382e-05 -1.80656e-06 -0)
(4.07906e-05 -1.70944e-06 -0)
(4.75655e-05 -1.69984e-06 -0)
(5.32805e-05 -1.75877e-06 -0)
(6.09879e-05 -1.7224e-06 -0)
(6.43578e-05 -1.36159e-06 -0)
(7.25059e-05 -3.69253e-07 -0)
(6.4712e-05 2.51061e-07 -0)
(2.26602e-06 -1.50238e-05 -0)
(9.80766e-06 -1.00241e-05 -0)
(1.84748e-05 -2.74149e-06 -0)
(3.03404e-05 1.77589e-06 -0)
(3.76235e-05 4.24929e-06 -0)
(4.65355e-05 6.28697e-06 -0)
(5.06564e-05 8.1935e-06 -0)
(5.60415e-05 1.14186e-05 -0)
(6.60877e-05 1.25864e-05 -0)
(6.70747e-05 4.27697e-06 -0)
(7.01176e-05 1.77799e-07 -0)
(6.93207e-05 -1.03638e-06 -0)
(7.37744e-05 5.27687e-07 -0)
(6.81931e-05 4.24177e-06 -0)
(7.39579e-05 1.49635e-05 -0)
(6.56265e-05 2.15872e-05 -0)
(6.50827e-05 1.01359e-05 -0)
(6.96289e-05 -1.32431e-06 -0)
(7.52296e-05 -5.23729e-06 -0)
(8.38683e-05 -1.25458e-05 -0)
(9.29398e-05 -1.55922e-05 -0)
(0.000101708 -1.43703e-05 -0)
(0.000110788 -1.26023e-05 -0)
(0.000119384 -1.1491e-05 -0)
(0.000128812 -1.11088e-05 -0)
(0.000137332 -1.13682e-05 -0)
(0.000148688 -1.14275e-05 -0)
(0.000157818 -1.04836e-05 -0)
(0.000172638 -6.2127e-06 -0)
(0.000176919 -1.11084e-06 -0)
(5.049e-06 -3.09628e-05 -0)
(1.34792e-05 -2.01378e-05 -0)
(2.26617e-05 -1.1801e-05 -0)
(3.14898e-05 -5.88953e-06 -0)
(3.9113e-05 -2.05e-06 -0)
(4.54052e-05 7.66006e-07 -0)
(5.18387e-05 3.02977e-06 -0)
(5.74232e-05 4.29867e-06 -0)
(6.68791e-05 3.87259e-06 -0)
(7.2286e-05 8.23527e-07 -0)
(7.68361e-05 -1.90743e-06 -0)
(7.99767e-05 -2.78119e-06 -0)
(8.40648e-05 -7.44569e-07 -0)
(8.6783e-05 3.64241e-06 -0)
(9.3116e-05 1.02428e-05 -0)
(0.000104079 1.28907e-05 -0)
(0.000113939 3.93861e-06 -0)
(0.000122785 -6.86113e-06 -0)
(0.000133224 -1.42698e-05 -0)
(0.000142185 -1.99433e-05 -0)
(0.000149454 -2.23492e-05 -0)
(0.00015656 -2.19819e-05 -0)
(0.000163502 -2.06256e-05 -0)
(0.000170673 -1.97333e-05 -0)
(0.000178062 -1.95864e-05 -0)
(0.00018616 -2.05081e-05 -0)
(0.000194974 -2.19688e-05 -0)
(0.000205781 -2.37577e-05 -0)
(0.00022064 -2.2094e-05 -0)
(0.000238661 -1.22788e-05 -0)
(6.41832e-06 -3.7126e-05 -0)
(1.81769e-05 -2.79463e-05 -0)
(2.97038e-05 -2.02448e-05 -0)
(3.97927e-05 -1.38498e-05 -0)
(4.85631e-05 -9.03852e-06 -0)
(5.61622e-05 -5.59846e-06 -0)
(6.37167e-05 -3.47151e-06 -0)
(7.13257e-05 -2.89708e-06 -0)
(7.95304e-05 -3.6046e-06 -0)
(8.71408e-05 -5.22804e-06 -0)
(9.37313e-05 -6.90097e-06 -0)
(0.000100171 -7.39999e-06 -0)
(0.000106628 -5.86185e-06 -0)
(0.000115292 -3.07334e-06 -0)
(0.000126063 -7.33198e-07 -0)
(0.000141938 -2.18108e-06 -0)
(0.000157467 -9.16137e-06 -0)
(0.000169902 -1.80527e-05 -0)
(0.000180402 -2.48375e-05 -0)
(0.000188656 -2.85441e-05 -0)
(0.000193949 -2.92661e-05 -0)
(0.00019788 -2.80863e-05 -0)
(0.000199656 -2.62646e-05 -0)
(0.000202084 -2.55237e-05 -0)
(0.000203721 -2.58271e-05 -0)
(0.000208168 -2.73061e-05 -0)
(0.000210505 -2.91729e-05 -0)
(0.000215786 -3.38189e-05 -0)
(0.000219258 -3.89619e-05 -0)
(0.000237731 -3.64644e-05 -0)
(1.31829e-05 -5.48513e-05 -0)
(3.56799e-05 -4.09341e-05 -0)
(4.99368e-05 -3.19743e-05 -0)
(5.94521e-05 -2.39917e-05 -0)
(6.72588e-05 -1.7891e-05 -0)
(7.40768e-05 -1.37666e-05 -0)
(8.09996e-05 -1.16402e-05 -0)
(8.79725e-05 -1.11809e-05 -0)
(9.49209e-05 -1.18383e-05 -0)
(0.000101853 -1.3035e-05 -0)
(0.000108343 -1.42019e-05 -0)
(0.000115197 -1.48126e-05 -0)
(0.000122751 -1.46298e-05 -0)
(0.000132637 -1.44457e-05 -0)
(0.000144561 -1.54058e-05 -0)
(0.000158511 -1.86111e-05 -0)
(0.000171036 -2.35392e-05 -0)
(0.000180457 -2.87897e-05 -0)
(0.000186701 -3.24423e-05 -0)
(0.000190493 -3.32198e-05 -0)
(0.00019155 -3.11274e-05 -0)
(0.000190625 -2.75234e-05 -0)
(0.000186407 -2.4258e-05 -0)
(0.00018314 -2.36634e-05 -0)
(0.000178544 -2.52444e-05 -0)
(0.000178907 -2.79556e-05 -0)
(0.000175749 -2.84803e-05 -0)
(0.000177708 -2.97301e-05 -0)
(0.000160332 -3.79653e-05 -0)
(0.000202616 -7.16726e-05 -0)
(8.90544e-05 -7.84938e-05 -0)
(8.21336e-05 -6.08918e-05 -0)
(7.84546e-05 -4.34739e-05 -0)
(7.65217e-05 -3.11069e-05 -0)
(7.71194e-05 -2.3612e-05 -0)
(7.86823e-05 -1.9151e-05 -0)
(8.19442e-05 -1.72032e-05 -0)
(8.55593e-05 -1.67426e-05 -0)
(9.00233e-05 -1.74147e-05 -0)
(9.49638e-05 -1.85749e-05 -0)
(0.000100392 -1.99148e-05 -0)
(0.000107196 -2.13239e-05 -0)
(0.000114638 -2.25887e-05 -0)
(0.000124377 -2.42959e-05 -0)
(0.000133856 -2.62138e-05 -0)
(0.000143509 -2.88266e-05 -0)
(0.000150262 -3.1236e-05 -0)
(0.000154973 -3.34124e-05 -0)
(0.000157063 -3.43882e-05 -0)
(0.00015701 -3.32471e-05 -0)
(0.000156242 -2.91863e-05 -0)
(0.000152856 -2.27199e-05 -0)
(0.000146573 -1.75466e-05 -0)
(0.00014021 -1.70483e-05 -0)
(0.000133719 -2.0306e-05 -0)
(0.000128861 -2.64697e-05 -0)
(0.000130552 -2.78693e-05 -0)
(0.000118963 -2.05781e-05 -0)
(0.000108969 -3.73034e-05 -0)
(6.67479e-05 -0.000121699 -0)
(8.05567e-05 -5.0455e-05 -0)
(6.67214e-05 -3.87547e-05 -0)
(6.07415e-05 -3.02875e-05 -0)
(5.94622e-05 -2.44158e-05 -0)
(6.16094e-05 -2.09972e-05 -0)
(6.43843e-05 -1.90063e-05 -0)
(6.91841e-05 -1.88007e-05 -0)
(7.34588e-05 -1.93695e-05 -0)
(7.96068e-05 -2.1202e-05 -0)
(8.53272e-05 -2.32608e-05 -0)
(9.26304e-05 -2.59496e-05 -0)
(0.000100506 -2.86124e-05 -0)
(0.000108643 -3.11081e-05 -0)
(0.000117965 -3.34376e-05 -0)
(0.00012394 -3.42495e-05 -0)
(0.000129548 -3.49765e-05 -0)
(0.000129289 -3.44961e-05 -0)
(0.000129267 -3.4856e-05 -0)
(0.000126001 -3.3565e-05 -0)
(0.000121674 -3.17621e-05 -0)
(0.000117447 -2.72578e-05 -0)
(0.000112775 -1.74011e-05 -0)
(0.000105209 -9.85315e-06 -0)
(0.000100221 -9.22994e-06 -0)
(8.88047e-05 -1.20576e-05 -0)
(8.702e-05 -2.35212e-05 -0)
(7.25155e-05 -2.96673e-05 -0)
(6.44469e-05 -6.89321e-06 -0)
(5.33153e-05 -1.03097e-05 -0)
(9.91749e-06 -5.57967e-06 -0)
(8.58217e-05 -4.095e-05 -0)
(8.01735e-05 -3.84918e-05 -0)
(7.76791e-05 -3.47179e-05 -0)
(7.6608e-05 -3.05659e-05 -0)
(7.74561e-05 -2.75794e-05 -0)
(7.79118e-05 -2.56286e-05 -0)
(8.05566e-05 -2.56418e-05 -0)
(8.16808e-05 -2.62352e-05 -0)
(8.5939e-05 -2.86873e-05 -0)
(8.82115e-05 -3.08221e-05 -0)
(9.41951e-05 -3.44453e-05 -0)
(9.85629e-05 -3.69409e-05 -0)
(0.000104886 -3.95097e-05 -0)
(0.000109461 -3.99605e-05 -0)
(0.000109385 -3.76787e-05 -0)
(0.000109274 -3.47359e-05 -0)
(0.000100526 -3.02994e-05 -0)
(9.58612e-05 -3.05322e-05 -0)
(8.63568e-05 -2.69362e-05 -0)
(8.01472e-05 -2.41628e-05 -0)
(6.74865e-05 -2.34995e-05 -0)
(6.13445e-05 -1.19263e-05 -0)
(5.6943e-05 -2.50574e-06 -0)
(5.3976e-05 -2.17095e-06 -0)
(4.38466e-05 -3.06768e-06 -0)
(4.48954e-05 -9.32729e-06 -0)
(6.53301e-07 -1.9702e-07 -0)
(7.41261e-07 -2.7283e-07 -0)
(4.29993e-07 -3.40242e-07 -0)
(1.72975e-07 -4.18484e-07 -0)
(8.75811e-05 -3.30727e-05 -0)
(8.10132e-05 -3.14091e-05 -0)
(7.53465e-05 -2.86206e-05 -0)
(7.1334e-05 -2.58582e-05 -0)
(6.89513e-05 -2.38676e-05 -0)
(6.74913e-05 -2.30071e-05 -0)
(6.81149e-05 -2.37304e-05 -0)
(6.82895e-05 -2.52116e-05 -0)
(7.21119e-05 -2.87187e-05 -0)
(7.37752e-05 -3.174e-05 -0)
(8.07221e-05 -3.70496e-05 -0)
(8.353e-05 -3.96048e-05 -0)
(9.03874e-05 -4.24955e-05 -0)
(8.87185e-05 -3.90872e-05 -0)
(8.46473e-05 -3.45328e-05 -0)
(7.97806e-05 -2.82196e-05 -0)
(6.67402e-05 -1.90849e-05 -0)
(6.11924e-05 -2.19045e-05 -0)
(4.38024e-05 -2.11598e-05 -0)
(4.4364e-05 -7.96768e-06 -0)
(1.23298e-05 -2.53974e-06 -0)
(7.04162e-07 -1.09324e-07 -0)
(6.29166e-07 -1.14596e-07 -0)
(5.06995e-07 -1.26086e-07 -0)
(4.3651e-07 -1.441e-07 -0)
(3.48941e-07 -1.45812e-07 -0)
(4.0332e-07 -1.5585e-07 -0)
(4.37712e-07 -4.66275e-07 -0)
(2.96819e-07 -5.87919e-07 -0)
(1.08998e-07 -6.85698e-07 -0)
(8.81378e-05 -2.65348e-05 -0)
(8.27301e-05 -2.58733e-05 -0)
(7.78274e-05 -2.47724e-05 -0)
(7.46255e-05 -2.3922e-05 -0)
(7.21051e-05 -2.34152e-05 -0)
(7.08953e-05 -2.4074e-05 -0)
(7.06052e-05 -2.58974e-05 -0)
(7.04843e-05 -2.88889e-05 -0)
(7.30041e-05 -3.36092e-05 -0)
(7.30733e-05 -3.76055e-05 -0)
(7.84197e-05 -4.38403e-05 -0)
(7.75406e-05 -4.49447e-05 -0)
(8.04808e-05 -4.51653e-05 -0)
(6.76988e-05 -3.39084e-05 -0)
(6.19952e-05 -2.79324e-05 -0)
(4.64595e-05 -2.27604e-05 -0)
(3.87448e-05 -5.25859e-06 -0)
(3.07017e-05 -7.12894e-06 -0)
(4.1382e-07 -4.71803e-08 -0)
(5.62654e-07 -1.82513e-08 -0)
(5.11425e-07 1.74395e-08 -0)
(5.8904e-07 -7.13861e-08 -0)
(5.44665e-07 -1.82921e-07 -0)
(4.77125e-07 -2.17316e-07 -0)
(4.17088e-07 -2.50165e-07 -0)
(3.63342e-07 -2.6245e-07 -0)
(3.43968e-07 -2.55734e-07 -0)
(3.09196e-07 -3.65757e-07 -0)
(2.10571e-07 -4.48915e-07 -0)
(7.51957e-08 -5.01504e-07 -0)
(8.84972e-05 -2.09965e-05 -0)
(8.38346e-05 -2.08443e-05 -0)
(7.87371e-05 -2.0407e-05 -0)
(7.52362e-05 -2.0373e-05 -0)
(7.09631e-05 -2.03836e-05 -0)
(6.8755e-05 -2.17598e-05 -0)
(6.53664e-05 -2.36605e-05 -0)
(6.4128e-05 -2.75592e-05 -0)
(6.28819e-05 -3.2032e-05 -0)
(6.16889e-05 -3.68013e-05 -0)
(6.44608e-05 -4.27748e-05 -0)
(6.03587e-05 -4.15472e-05 -0)
(5.63984e-05 -3.68439e-05 -0)
(3.54185e-05 -2.23542e-05 -0)
(3.21318e-05 -1.12067e-05 -0)
(2.75044e-07 -3.77208e-08 -0)
(4.53048e-07 -2.35237e-08 -0)
(3.66197e-07 2.58665e-08 -0)
(4.6794e-07 1.03509e-07 -0)
(4.95376e-07 -1.48186e-08 -0)
(4.94753e-07 2.66714e-09 -0)
(5.07179e-07 -6.12112e-08 -0)
(4.83237e-07 -1.24686e-07 -0)
(4.39751e-07 -1.64521e-07 -0)
(3.91376e-07 -1.94543e-07 -0)
(3.43372e-07 -2.16317e-07 -0)
(3.00014e-07 -2.39129e-07 -0)
(2.44531e-07 -2.92103e-07 -0)
(1.61072e-07 -3.40482e-07 -0)
(5.64095e-08 -3.69898e-07 -0)
(8.87335e-05 -1.60047e-05 -0)
(8.43584e-05 -1.60449e-05 -0)
(7.92433e-05 -1.59669e-05 -0)
(7.56086e-05 -1.63235e-05 -0)
(7.05105e-05 -1.67503e-05 -0)
(6.78906e-05 -1.85878e-05 -0)
(6.24809e-05 -2.07866e-05 -0)
(6.09996e-05 -2.58919e-05 -0)
(5.61092e-05 -3.04933e-05 -0)
(5.51811e-05 -3.75303e-05 -0)
(5.42786e-05 -4.22709e-05 -0)
(4.40664e-05 -3.57329e-05 -0)
(2.9617e-05 -2.35797e-05 -0)
(4.08207e-06 -1.12251e-06 -0)
(4.04567e-07 -1.46914e-08 -0)
(4.18616e-07 6.802e-08 -0)
(4.24184e-07 -1.94958e-08 -0)
(4.14458e-07 3.48601e-08 -0)
(4.44659e-07 3.70993e-08 -0)
(4.61813e-07 1.3455e-09 -0)
(4.65032e-07 -1.60922e-08 -0)
(4.61686e-07 -5.15319e-08 -0)
(4.41355e-07 -9.00889e-08 -0)
(4.07267e-07 -1.21537e-07 -0)
(3.65292e-07 -1.47167e-07 -0)
(3.18757e-07 -1.69144e-07 -0)
(2.68182e-07 -1.92359e-07 -0)
(2.07843e-07 -2.23044e-07 -0)
(1.32776e-07 -2.5101e-07 -0)
(4.57795e-08 -2.67708e-07 -0)
(8.88832e-05 -1.12999e-05 -0)
(8.45879e-05 -1.13877e-05 -0)
(7.95485e-05 -1.1472e-05 -0)
(7.56626e-05 -1.18799e-05 -0)
(7.01364e-05 -1.24385e-05 -0)
(6.67507e-05 -1.40877e-05 -0)
(5.97387e-05 -1.61849e-05 -0)
(5.68349e-05 -2.12095e-05 -0)
(4.73164e-05 -2.5248e-05 -0)
(4.59715e-05 -3.40254e-05 -0)
(3.71918e-05 -3.32899e-05 -0)
(2.17352e-05 -2.02587e-05 -0)
(1.88117e-07 -3.8692e-08 -0)
(3.9129e-07 2.59328e-08 -0)
(4.10607e-07 1.38081e-08 -0)
(4.15079e-07 2.2473e-08 -0)
(4.19888e-07 6.40025e-09 -0)
(4.22792e-07 1.57858e-08 -0)
(4.34425e-07 1.43397e-08 -0)
(4.42184e-07 -8.07368e-10 -0)
(4.41876e-07 -1.68473e-08 -0)
(4.33182e-07 -3.87315e-08 -0)
(4.13232e-07 -6.25982e-08 -0)
(3.82673e-07 -8.43692e-08 -0)
(3.43769e-07 -1.03441e-07 -0)
(2.9818e-07 -1.20733e-07 -0)
(2.46113e-07 -1.38118e-07 -0)
(1.8588e-07 -1.56706e-07 -0)
(1.16409e-07 -1.72806e-07 -0)
(3.97121e-08 -1.82214e-07 -0)
(8.89907e-05 -6.74081e-06 -0)
(8.46448e-05 -6.80326e-06 -0)
(7.97567e-05 -6.9218e-06 -0)
(7.55249e-05 -7.19309e-06 -0)
(7.00162e-05 -7.665e-06 -0)
(6.57164e-05 -8.69476e-06 -0)
(5.8324e-05 -1.0307e-05 -0)
(5.33054e-05 -1.38228e-05 -0)
(4.11491e-05 -1.76463e-05 -0)
(3.65092e-05 -2.64071e-05 -0)
(1.89006e-05 -1.97439e-05 -0)
(1.69212e-07 -1.15685e-07 -0)
(3.423e-07 1.03686e-09 -0)
(3.79637e-07 1.69851e-08 -0)
(4.01503e-07 1.11638e-08 -0)
(4.11208e-07 1.09357e-08 -0)
(4.17497e-07 6.83843e-09 -0)
(4.22397e-07 7.54304e-09 -0)
(4.28066e-07 5.28178e-09 -0)
(4.30626e-07 -2.06711e-09 -0)
(4.27108e-07 -1.17569e-08 -0)
(4.15935e-07 -2.39463e-08 -0)
(3.95717e-07 -3.72024e-08 -0)
(3.66425e-07 -4.99e-08 -0)
(3.28928e-07 -6.14952e-08 -0)
(2.8408e-07 -7.22314e-08 -0)
(2.3221e-07 -8.26726e-08 -0)
(1.73154e-07 -9.28538e-08 -0)
(1.07268e-07 -1.01292e-07 -0)
(3.63716e-08 -1.06127e-07 -0)
(8.91052e-05 -2.24346e-06 -0)
(8.45602e-05 -2.25979e-06 -0)
(7.99824e-05 -2.31932e-06 -0)
(7.52345e-05 -2.39947e-06 -0)
(7.02445e-05 -2.6006e-06 -0)
(6.47792e-05 -2.90719e-06 -0)
(5.83306e-05 -3.55942e-06 -0)
(5.06628e-05 -4.66385e-06 -0)
(3.9392e-05 -6.86267e-06 -0)
(2.64627e-05 -1.10809e-05 -0)
(1.65936e-06 -2.14192e-06 -0)
(2.29958e-07 -7.76291e-08 -0)
(4.20352e-07 -1.88513e-08 -0)
(4.01417e-07 2.12524e-10 -0)
(4.04558e-07 2.9287e-09 -0)
(4.10754e-07 3.26765e-09 -0)
(4.16495e-07 2.47443e-09 -0)
(4.21236e-07 2.26601e-09 -0)
(4.24815e-07 1.31272e-09 -0)
(4.25146e-07 -9.8432e-10 -0)
(4.19997e-07 -4.16728e-09 -0)
(4.07736e-07 -8.09576e-09 -0)
(3.87278e-07 -1.23663e-08 -0)
(3.5838e-07 -1.65351e-08 -0)
(3.21437e-07 -2.04109e-08 -0)
(2.77003e-07 -2.40259e-08 -0)
(2.25491e-07 -2.74885e-08 -0)
(1.6726e-07 -3.07448e-08 -0)
(1.03135e-07 -3.33826e-08 -0)
(3.48771e-08 -3.48771e-08 -0)
)
;

boundaryField
{
    inlet1
    {
        type            extrapolatedCalculated;
        value           nonuniform List<vector> 10((1e-05 5.39006e-06 -0) (1e-05 1.33861e-05 -0) (1e-05 6.42451e-05 -0) (1e-05 0.000122202 -0) (1e-05 0.000163281 -0) (1e-05 0.000208921 -0) (1e-05 0.000241603 -0) (1e-05 0.000260011 -0) (1e-05 0.000240777 -0) (1e-05 0.000205435 -0));
    }
    inlet2
    {
        type            extrapolatedCalculated;
        value           nonuniform List<vector> 10((-0 6.54501e-05 -0) (-0 9.9617e-05 -0) (-0 5.73443e-05 -0) (-0 8.7262e-05 -0) (-0 3.13302e-05 -0) (-0 -1.80584e-05 -0) (-0 -1.50238e-05 -0) (-0 -3.09628e-05 -0) (-0 -3.7126e-05 -0) (-0 -5.48513e-05 -0));
    }
    inlet3
    {
        type            extrapolatedCalculated;
        value           nonuniform List<vector> 10((9.13394e-05 -6.8158e-05 -0) (9.13394e-05 -5.3375e-05 -0) (9.13394e-05 -4.18144e-05 -0) (9.13394e-05 -3.34418e-05 -0) (9.13394e-05 -2.67712e-05 -0) (9.13394e-05 -2.11246e-05 -0) (9.13394e-05 -1.60619e-05 -0) (9.13394e-05 -1.13184e-05 -0) (9.13394e-05 -6.74185e-06 -0) (9.13394e-05 -2.24064e-06 -0));
    }
    output1
    {
        type            extrapolatedCalculated;
        value           nonuniform List<vector> 10((-0 2.00781e-08 -0) (-0 6.09097e-08 -0) (-0 1.03864e-07 -0) (-0 1.50708e-07 -0) (-0 2.03876e-07 -0) (-0 2.67119e-07 -0) (-0 3.46921e-07 -0) (-0 4.55953e-07 -0) (-0 6.22582e-07 -0) (-0 9.2027e-07 -0));
    }
    output2
    {
        type            extrapolatedCalculated;
        value           nonuniform List<vector> 10((1.70787e-06 7.14644e-07 -0) (1.07985e-06 2.10968e-07 -0) (8.63995e-07 7.44815e-08 -0) (7.81922e-07 2.22604e-08 -0) (7.74949e-07 1.08307e-09 -0) (6.75271e-05 2.51061e-07 -0) (0.000181316 -1.11084e-06 -0) (0.000245194 -1.22788e-05 -0) (0.000255978 -3.64644e-05 -0) (0.00025817 -7.16726e-05 -0));
    }
    output3
    {
        type            extrapolatedCalculated;
        value           nonuniform List<vector> 10((-0 -0.000121699 -0) (-0 -5.57967e-06 -0) (-0 -4.18484e-07 -0) (-0 -6.85698e-07 -0) (-0 -5.01504e-07 -0) (-0 -3.69898e-07 -0) (-0 -2.67708e-07 -0) (-0 -1.82214e-07 -0) (-0 -1.06127e-07 -0) (-0 -3.48771e-08 -0));
    }
    up
    {
        type            extrapolatedCalculated;
        value           nonuniform List<vector> 
30
(
(8.91052e-05 -0 -0)
(8.45602e-05 -0 -0)
(7.99824e-05 -0 -0)
(7.52345e-05 -0 -0)
(7.02445e-05 -0 -0)
(6.47792e-05 -0 -0)
(5.83306e-05 -0 -0)
(5.06628e-05 -0 -0)
(3.9392e-05 -0 -0)
(2.64627e-05 -0 -0)
(1.65936e-06 -0 -0)
(2.29958e-07 -0 -0)
(4.20352e-07 -0 -0)
(4.01417e-07 -0 -0)
(4.04558e-07 -0 -0)
(4.10754e-07 -0 -0)
(4.16495e-07 -0 -0)
(4.21236e-07 -0 -0)
(4.24815e-07 -0 -0)
(4.25146e-07 -0 -0)
(4.19997e-07 -0 -0)
(4.07736e-07 -0 -0)
(3.87278e-07 -0 -0)
(3.5838e-07 -0 -0)
(3.21437e-07 -0 -0)
(2.77003e-07 -0 -0)
(2.25491e-07 -0 -0)
(1.6726e-07 -0 -0)
(1.03135e-07 -0 -0)
(3.48771e-08 -0 -0)
)
;
    }
    down
    {
        type            extrapolatedCalculated;
        value           nonuniform List<vector> 
30
(
(4.87181e-07 -0 -0)
(4.07091e-07 -0 -0)
(4.85445e-07 -0 -0)
(3.53446e-07 -0 -0)
(2.25818e-07 -0 -0)
(3.09316e-07 -0 -0)
(2.87632e-07 -0 -0)
(2.78844e-07 -0 -0)
(2.75566e-07 -0 -0)
(2.7501e-07 -0 -0)
(2.75895e-07 -0 -0)
(2.77503e-07 -0 -0)
(2.79343e-07 -0 -0)
(2.81024e-07 -0 -0)
(2.82192e-07 -0 -0)
(2.82509e-07 -0 -0)
(2.81639e-07 -0 -0)
(2.79239e-07 -0 -0)
(2.74958e-07 -0 -0)
(2.68438e-07 -0 -0)
(2.59313e-07 -0 -0)
(2.47215e-07 -0 -0)
(2.31787e-07 -0 -0)
(2.12702e-07 -0 -0)
(1.89709e-07 -0 -0)
(1.6268e-07 -0 -0)
(1.31692e-07 -0 -0)
(9.70902e-08 -0 -0)
(5.95498e-08 -0 -0)
(2.00752e-08 -0 -0)
)
;
    }
    emptyWalls
    {
        type            empty;
    }
}


// ************************************************************************* //
