/*--------------------------------*- C++ -*----------------------------------*\
  =========                 |
  \\      /  F ield         | OpenFOAM: The Open Source CFD Toolbox
   \\    /   O peration     | Website:  https://openfoam.org
    \\  /    A nd           | Version:  9
     \\/     M anipulation  |
\*---------------------------------------------------------------------------*/
FoamFile
{
    format      ascii;
    class       volScalarField;
    location    "13500";
    object      alpha;
}
// * * * * * * * * * * * * * * * * * * * * * * * * * * * * * * * * * * * * * //

dimensions      [0 2 -1 0 0 0 0];

internalField   nonuniform List<scalar> 
900
(
-6.68843e-11
-2.01876e-12
-3.04235e-12
-3.97778e-13
-4.04303e-14
-4.0652e-14
-4.0652e-14
-4.0652e-14
-4.0652e-14
-4.0652e-14
-4.0652e-14
-4.0652e-14
-4.0652e-14
-4.0652e-14
-4.0652e-14
-4.0652e-14
-4.0652e-14
-4.0652e-14
-4.0652e-14
-4.0652e-14
-4.0652e-14
-4.0652e-14
-4.0652e-14
-4.0652e-14
-4.0652e-14
-4.0652e-14
-4.0652e-14
-4.0652e-14
-4.0652e-14
-4.0652e-14
-1.41147e-10
-2.86633e-10
-5.43173e-10
-1.47639e-13
-4.06311e-14
-4.0652e-14
-4.0652e-14
-4.0652e-14
-4.0652e-14
-4.0652e-14
-4.0652e-14
-4.0652e-14
-4.0652e-14
-4.0652e-14
-4.0652e-14
-4.0652e-14
-4.0652e-14
-4.0652e-14
-4.0652e-14
-4.0652e-14
-4.0652e-14
-4.0652e-14
-4.0652e-14
-4.0652e-14
-4.0652e-14
-4.0652e-14
-4.0652e-14
-4.0652e-14
-4.0652e-14
-4.0652e-14
-8.8257e-11
-6.40212e-11
-8.56512e-12
-4.48329e-14
-4.06464e-14
-4.0652e-14
-4.0652e-14
-4.0652e-14
-4.0652e-14
-4.0652e-14
-4.0652e-14
-4.0652e-14
-4.0652e-14
-4.0652e-14
-4.0652e-14
-4.0652e-14
-4.0652e-14
-4.0652e-14
-4.0652e-14
-4.0652e-14
-4.0652e-14
-4.0652e-14
-4.0652e-14
-4.0652e-14
-4.0652e-14
-4.0652e-14
-4.0652e-14
-4.0652e-14
-4.0652e-14
-4.0652e-14
-2.58179e-10
-2.20682e-11
-6.29257e-12
-2.74663e-14
-4.06513e-14
-4.0652e-14
-4.0652e-14
-4.0652e-14
-4.0652e-14
-4.0652e-14
-4.0652e-14
-4.0652e-14
-4.0652e-14
-4.0652e-14
-4.0652e-14
-4.0652e-14
-4.0652e-14
-4.0652e-14
-4.0652e-14
-4.0652e-14
-4.0652e-14
-4.0652e-14
-4.0652e-14
-4.0652e-14
-4.0652e-14
-4.0652e-14
-4.0652e-14
-4.0652e-14
-4.0652e-14
-4.0652e-14
-8.99454e-11
-1.49046e-11
-7.08635e-12
-2.81296e-14
-4.0652e-14
-4.0652e-14
-4.0652e-14
-4.0652e-14
-4.0652e-14
-4.0652e-14
-4.0652e-14
-4.0652e-14
-4.0652e-14
-4.0652e-14
-4.0652e-14
-4.0652e-14
-4.0652e-14
-4.0652e-14
-4.0652e-14
-4.0652e-14
-4.0652e-14
-4.0652e-14
-4.0652e-14
-4.0652e-14
-4.0652e-14
-4.0652e-14
-4.0652e-14
-4.0652e-14
-4.0652e-14
-4.0652e-14
-7.90865e-11
-1.50857e-11
-7.25941e-12
-3.59314e-14
-4.0652e-14
-4.0652e-14
-4.0652e-14
-4.0652e-14
-4.0652e-14
-4.0652e-14
-4.0652e-14
-4.0652e-14
-4.0652e-14
-4.0652e-14
-4.0652e-14
-4.0652e-14
-4.0652e-14
-4.0652e-14
-4.0652e-14
-4.0652e-14
-4.0652e-14
-4.0652e-14
-4.0652e-14
-4.0652e-14
-4.0652e-14
-4.0652e-14
-4.0652e-14
-4.0652e-14
-4.0652e-14
-4.0652e-14
-6.84585e-11
-1.65723e-11
-1.27704e-11
-4.02301e-14
-4.0652e-14
-4.0652e-14
-4.0652e-14
-4.0652e-14
-4.0652e-14
-4.0652e-14
-4.0652e-14
-4.0652e-14
-4.0652e-14
-4.0652e-14
-4.0652e-14
-4.0652e-14
-4.0652e-14
-4.0652e-14
-4.0652e-14
-4.0652e-14
-4.0652e-14
-4.0652e-14
-4.0652e-14
-4.0652e-14
-4.0652e-14
-4.0652e-14
-4.0652e-14
-4.0652e-14
-4.0652e-14
-4.0652e-14
-1.11981e-10
-1.51982e-11
-4.76707e-13
-4.0634e-14
-4.0652e-14
-4.0652e-14
-4.0652e-14
-4.0652e-14
-4.0652e-14
-4.0652e-14
-4.0652e-14
-4.0652e-14
-4.0652e-14
-4.0652e-14
-4.0652e-14
-4.0652e-14
-4.0652e-14
-4.0652e-14
-4.0652e-14
-4.0652e-14
-4.0652e-14
-4.0652e-14
-4.0652e-14
-4.0652e-14
-4.0652e-14
-4.0652e-14
-4.0652e-14
-4.0652e-14
-4.0652e-14
-4.0652e-14
-1.45935e-10
-1.2394e-11
-2.65677e-14
-4.06519e-14
-4.0652e-14
-4.0652e-14
-4.0652e-14
-4.0652e-14
-4.0652e-14
-4.0652e-14
-4.0652e-14
-4.0652e-14
-4.0652e-14
-4.0652e-14
-4.0652e-14
-4.0652e-14
-4.0652e-14
-4.0652e-14
-4.0652e-14
-4.0652e-14
-4.0652e-14
-4.0652e-14
-4.0652e-14
-4.0652e-14
-4.0652e-14
-4.0652e-14
-4.0652e-14
-4.0652e-14
-4.0652e-14
-4.0652e-14
-2.39123e-10
-3.53126e-11
-2.78245e-14
-4.0652e-14
-4.0652e-14
-4.0652e-14
-4.0652e-14
-4.0652e-14
-4.0652e-14
-4.0652e-14
-4.0652e-14
-4.0652e-14
-4.0652e-14
-4.0652e-14
-4.0652e-14
-4.0652e-14
-4.0652e-14
-4.0652e-14
-4.0652e-14
-4.0652e-14
-4.0652e-14
-4.0652e-14
-4.0652e-14
-4.0652e-14
-4.0652e-14
-4.0652e-14
-4.0652e-14
-4.0652e-14
-4.0652e-14
-4.0652e-14
-3.58076e-10
-2.36153e-11
-1.88498e-12
-4.01248e-14
-4.0652e-14
-4.0652e-14
-4.0652e-14
-4.0652e-14
-4.0652e-14
-4.0652e-14
-4.0652e-14
-4.0652e-14
-4.0652e-14
-4.0652e-14
-4.0652e-14
-4.0652e-14
-4.0652e-14
-4.0652e-14
-4.0652e-14
-4.0652e-14
-4.0652e-14
-4.0652e-14
-4.0652e-14
-4.0652e-14
-4.0652e-14
-4.0652e-14
-4.0652e-14
-4.0652e-14
-4.0652e-14
-4.0652e-14
-5.59509e-10
-9.16094e-11
-1.20298e-11
-2.75499e-12
-3.94293e-14
-4.06511e-14
-4.0652e-14
-4.0652e-14
-4.0652e-14
-4.0652e-14
-4.0652e-14
-4.0652e-14
-4.0652e-14
-4.0652e-14
-4.0652e-14
-4.0652e-14
-4.0652e-14
-4.0652e-14
-4.0652e-14
-4.0652e-14
-4.0652e-14
-4.0652e-14
-4.0652e-14
-4.0652e-14
-4.0652e-14
-4.0652e-14
-4.0652e-14
-4.0652e-14
-4.0652e-14
-4.0652e-14
-1.15e-09
-2.43169e-11
-5.06232e-12
-2.45606e-12
-2.51054e-12
-2.06221e-12
-3.88783e-14
-4.0652e-14
-4.0652e-14
-4.0652e-14
-4.0652e-14
-4.0652e-14
-4.0652e-14
-4.0652e-14
-4.0652e-14
-4.0652e-14
-4.0652e-14
-4.0652e-14
-4.0652e-14
-4.0652e-14
-4.0652e-14
-4.0652e-14
-4.0652e-14
-4.0652e-14
-4.0652e-14
-4.0652e-14
-4.0652e-14
-4.0652e-14
-4.0652e-14
-4.0652e-14
-2.20575e-09
-4.75271e-10
-1.54203e-10
-2.91931e-11
-1.2059e-11
-1.30559e-11
-1.01598e-12
-4.05833e-14
-4.06517e-14
-4.06517e-14
-4.06518e-14
-4.06518e-14
-4.06519e-14
-4.0652e-14
-4.0652e-14
-4.0652e-14
-4.0652e-14
-4.0652e-14
-4.0652e-14
-4.0652e-14
-4.0652e-14
-4.0652e-14
-4.0652e-14
-4.0652e-14
-4.0652e-14
-4.0652e-14
-4.0652e-14
-4.0652e-14
-4.0652e-14
-4.0652e-14
-5.23181e-10
-4.2774e-10
-1.58889e-10
-9.39371e-11
-3.57179e-11
-2.62195e-11
-1.40787e-11
-1.18077e-11
-1.2185e-11
-1.42836e-11
-1.24208e-11
-1.49872e-11
-9.64333e-13
-3.70618e-14
-3.53181e-14
-3.39663e-14
-3.3246e-14
-3.28331e-14
-3.26302e-14
-3.23991e-14
-3.17935e-14
-3.10148e-14
-3.01961e-14
-2.92822e-14
-2.83048e-14
-2.73755e-14
-2.66594e-14
-2.66041e-14
-2.82859e-14
-3.52399e-14
-4.79332e-11
-4.83802e-11
-3.07764e-11
-3.87735e-11
-2.48941e-11
-1.84505e-11
-1.69343e-11
-1.69471e-11
-1.58573e-11
-1.72936e-11
-1.3695e-11
-1.30993e-11
-7.37535e-12
-5.92893e-12
-6.10522e-12
-6.49822e-12
-6.80836e-12
-7.04413e-12
-7.24064e-12
-7.41988e-12
-7.59073e-12
-7.74855e-12
-7.8895e-12
-8.00177e-12
-8.10312e-12
-8.19378e-12
-8.34775e-12
-8.52398e-12
-8.80111e-12
-8.85017e-12
-2.6299e-11
-2.04476e-11
-1.79277e-11
-1.70144e-11
-1.55036e-11
-1.33477e-11
-1.33289e-11
-1.36746e-11
-1.32351e-11
-1.32903e-11
-1.2322e-11
-1.18504e-11
-1.14111e-11
-1.07306e-11
-1.07629e-11
-1.11785e-11
-1.16255e-11
-1.20051e-11
-1.23225e-11
-1.25974e-11
-1.28435e-11
-1.30541e-11
-1.32319e-11
-1.33445e-11
-1.34218e-11
-1.34191e-11
-1.34769e-11
-1.35272e-11
-1.38799e-11
-1.40339e-11
-1.78623e-11
-1.65535e-11
-1.60615e-11
-1.55747e-11
-1.55064e-11
-1.52734e-11
-1.52591e-11
-1.53786e-11
-1.53537e-11
-1.51798e-11
-1.49602e-11
-1.4665e-11
-1.4983e-11
-1.50285e-11
-1.50562e-11
-1.52421e-11
-1.54947e-11
-1.57344e-11
-1.59204e-11
-1.60662e-11
-1.61544e-11
-1.62185e-11
-1.62185e-11
-1.61907e-11
-1.60365e-11
-1.58179e-11
-1.53974e-11
-1.49758e-11
-1.46523e-11
-1.47874e-11
-1.60089e-11
-1.55652e-11
-1.66321e-11
-1.77419e-11
-1.86318e-11
-1.92201e-11
-1.9369e-11
-1.93438e-11
-1.92101e-11
-1.90637e-11
-1.89993e-11
-1.89992e-11
-1.91912e-11
-1.91628e-11
-1.89194e-11
-1.86747e-11
-1.85082e-11
-1.83779e-11
-1.8233e-11
-1.80495e-11
-1.78084e-11
-1.75338e-11
-1.72245e-11
-1.69145e-11
-1.64967e-11
-1.60371e-11
-1.52144e-11
-1.42436e-11
-1.2724e-11
-1.18415e-11
-1.55527e-11
-1.83788e-11
-2.10273e-11
-2.25174e-11
-2.31712e-11
-2.33154e-11
-2.30637e-11
-2.26097e-11
-2.21298e-11
-2.1725e-11
-2.14481e-11
-2.12326e-11
-2.09874e-11
-2.05779e-11
-2.00587e-11
-1.95176e-11
-1.90463e-11
-1.85898e-11
-1.81138e-11
-1.75817e-11
-1.70005e-11
-1.63596e-11
-1.5743e-11
-1.51064e-11
-1.45523e-11
-1.39013e-11
-1.30712e-11
-1.22548e-11
-1.0058e-11
-8.31615e-12
-2.26636e-11
-2.7035e-11
-2.69928e-11
-2.56694e-11
-2.43876e-11
-2.33445e-11
-2.2422e-11
-2.16097e-11
-2.09091e-11
-2.0384e-11
-2.00069e-11
-1.97152e-11
-1.94398e-11
-1.9107e-11
-1.87683e-11
-1.83521e-11
-1.79042e-11
-1.73258e-11
-1.66312e-11
-1.58376e-11
-1.49739e-11
-1.41112e-11
-1.32048e-11
-1.22459e-11
-1.17447e-11
-1.07648e-11
-1.04502e-11
-9.42935e-12
-1.13028e-11
-1.39194e-11
-1.84195e-11
-1.747e-11
-1.74409e-11
-1.76622e-11
-1.79073e-11
-1.81608e-11
-1.8323e-11
-1.84816e-11
-1.85525e-11
-1.87205e-11
-1.88182e-11
-1.89666e-11
-1.89861e-11
-1.88694e-11
-1.86138e-11
-1.80625e-11
-1.73293e-11
-1.62997e-11
-1.51857e-11
-1.39113e-11
-1.26365e-11
-1.16751e-11
-1.03218e-11
-9.19467e-12
-8.34973e-12
-7.58092e-12
-7.26716e-12
-6.78888e-12
-6.41653e-12
-2.32476e-12
-1.91187e-11
-1.9622e-11
-2.06772e-11
-2.1613e-11
-2.21183e-11
-2.23092e-11
-2.2165e-11
-2.19555e-11
-2.14799e-11
-2.11614e-11
-2.05509e-11
-2.02235e-11
-1.95668e-11
-1.89889e-11
-1.81559e-11
-1.69667e-11
-1.55441e-11
-1.38552e-11
-1.24603e-11
-1.07352e-11
-9.32347e-12
-8.31494e-12
-6.931e-12
-6.0354e-12
-4.27879e-12
-3.88127e-12
-3.83591e-12
-3.70294e-12
-3.42422e-12
-2.75815e-14
-1.93214e-11
-1.90838e-11
-1.89718e-11
-1.89397e-11
-1.8875e-11
-1.87692e-11
-1.85935e-11
-1.84358e-11
-1.8174e-11
-1.81202e-11
-1.77488e-11
-1.79116e-11
-1.72836e-11
-1.71794e-11
-1.61177e-11
-1.45911e-11
-1.26001e-11
-1.05328e-11
-9.05415e-12
-7.35904e-12
-6.34995e-12
-4.4368e-12
-3.79291e-12
-4.09299e-12
-3.12535e-14
-4.0652e-14
-4.0652e-14
-4.0652e-14
-4.0652e-14
-4.0652e-14
-1.93562e-11
-1.91791e-11
-1.91697e-11
-1.9345e-11
-1.96012e-11
-1.98342e-11
-2.00584e-11
-2.01067e-11
-2.01353e-11
-1.99335e-11
-1.94819e-11
-1.92045e-11
-1.77497e-11
-1.74778e-11
-1.48655e-11
-1.23412e-11
-9.49228e-12
-7.33257e-12
-4.91162e-12
-4.14448e-12
-4.48165e-12
-3.07818e-14
-4.0652e-14
-4.0652e-14
-4.0652e-14
-4.0652e-14
-4.0652e-14
-4.0652e-14
-4.0652e-14
-4.0652e-14
-1.94071e-11
-1.93003e-11
-1.92474e-11
-1.93025e-11
-1.93971e-11
-1.94749e-11
-1.95944e-11
-1.94171e-11
-1.94377e-11
-1.86566e-11
-1.8426e-11
-1.71015e-11
-1.5839e-11
-1.5021e-11
-1.06763e-11
-8.22939e-12
-4.887e-12
-4.27122e-12
-3.38599e-14
-4.0652e-14
-4.0652e-14
-4.0652e-14
-4.0652e-14
-4.0652e-14
-4.0652e-14
-4.0652e-14
-4.0652e-14
-4.0652e-14
-4.0652e-14
-4.0652e-14
-1.9441e-11
-1.93872e-11
-1.93236e-11
-1.93877e-11
-1.94346e-11
-1.95992e-11
-1.97331e-11
-1.97964e-11
-1.99526e-11
-1.93291e-11
-1.94516e-11
-1.7017e-11
-1.64583e-11
-1.25093e-11
-6.21955e-12
-5.47026e-12
-2.66621e-14
-4.0652e-14
-4.0652e-14
-4.0652e-14
-4.0652e-14
-4.0652e-14
-4.0652e-14
-4.0652e-14
-4.0652e-14
-4.0652e-14
-4.0652e-14
-4.0652e-14
-4.0652e-14
-4.0652e-14
-1.94642e-11
-1.94477e-11
-1.93894e-11
-1.94759e-11
-1.94785e-11
-1.9718e-11
-1.97694e-11
-2.01184e-11
-2.00954e-11
-2.00566e-11
-1.95031e-11
-1.68127e-11
-1.61462e-11
-7.21696e-12
-6.28616e-13
-4.05991e-14
-4.0652e-14
-4.0652e-14
-4.0652e-14
-4.0652e-14
-4.0652e-14
-4.0652e-14
-4.0652e-14
-4.0652e-14
-4.0652e-14
-4.0652e-14
-4.0652e-14
-4.0652e-14
-4.0652e-14
-4.0652e-14
-1.94802e-11
-1.94828e-11
-1.94386e-11
-1.95336e-11
-1.95286e-11
-1.98043e-11
-1.98312e-11
-2.03952e-11
-2.03106e-11
-2.11373e-11
-2.00071e-11
-1.92181e-11
-1.46491e-11
-1.08084e-12
-4.05852e-14
-4.0652e-14
-4.0652e-14
-4.0652e-14
-4.0652e-14
-4.0652e-14
-4.0652e-14
-4.0652e-14
-4.0652e-14
-4.0652e-14
-4.0652e-14
-4.0652e-14
-4.0652e-14
-4.0652e-14
-4.0652e-14
-4.0652e-14
-1.94926e-11
-1.94931e-11
-1.94729e-11
-1.95502e-11
-1.95765e-11
-1.98234e-11
-1.99086e-11
-2.04806e-11
-2.05316e-11
-2.16979e-11
-2.08747e-11
-2.25616e-11
-1.03697e-11
-3.67042e-14
-4.0652e-14
-4.0652e-14
-4.0652e-14
-4.0652e-14
-4.0652e-14
-4.0652e-14
-4.0652e-14
-4.0652e-14
-4.0652e-14
-4.0652e-14
-4.0652e-14
-4.0652e-14
-4.0652e-14
-4.0652e-14
-4.0652e-14
-4.0652e-14
)
;

boundaryField
{
    inlet1
    {
        type            calculated;
        value           uniform -5e-10;
    }
    inlet2
    {
        type            calculated;
        value           nonuniform List<scalar> 10(-3.58076e-10 -5.59509e-10 -1.15e-09 -2.20575e-09 -5.23181e-10 -4.79332e-11 -2.6299e-11 -1.78623e-11 -1.60089e-11 -1.55527e-11);
    }
    inlet3
    {
        type            calculated;
        value           uniform -1.95111e-11;
    }
    output1
    {
        type            calculated;
        value           nonuniform List<scalar> 10(-4.0652e-14 -4.0652e-14 -4.0652e-14 -4.0652e-14 -4.0652e-14 -4.0652e-14 -4.0652e-14 -4.0652e-14 -4.0652e-14 -4.0652e-14);
    }
    output2
    {
        type            calculated;
        value           nonuniform List<scalar> 10(-4.0652e-14 -4.0652e-14 -4.0652e-14 -4.0652e-14 -3.52399e-14 -8.85017e-12 -1.40339e-11 -1.47874e-11 -1.18415e-11 -8.31615e-12);
    }
    output3
    {
        type            calculated;
        value           nonuniform List<scalar> 10(-1.39194e-11 -2.32476e-12 -2.75815e-14 -4.0652e-14 -4.0652e-14 -4.0652e-14 -4.0652e-14 -4.0652e-14 -4.0652e-14 -4.0652e-14);
    }
    up
    {
        type            calculated;
        value           nonuniform List<scalar> 
30
(
-1.94926e-11
-1.94931e-11
-1.94729e-11
-1.95502e-11
-1.95765e-11
-1.98234e-11
-1.99086e-11
-2.04806e-11
-2.05316e-11
-2.16979e-11
-2.08747e-11
-2.25616e-11
-1.03697e-11
-3.67042e-14
-4.0652e-14
-4.0652e-14
-4.0652e-14
-4.0652e-14
-4.0652e-14
-4.0652e-14
-4.0652e-14
-4.0652e-14
-4.0652e-14
-4.0652e-14
-4.0652e-14
-4.0652e-14
-4.0652e-14
-4.0652e-14
-4.0652e-14
-4.0652e-14
)
;
    }
    down
    {
        type            calculated;
        value           nonuniform List<scalar> 
30
(
-6.68843e-11
-2.01876e-12
-3.04235e-12
-3.97778e-13
-4.04303e-14
-4.0652e-14
-4.0652e-14
-4.0652e-14
-4.0652e-14
-4.0652e-14
-4.0652e-14
-4.0652e-14
-4.0652e-14
-4.0652e-14
-4.0652e-14
-4.0652e-14
-4.0652e-14
-4.0652e-14
-4.0652e-14
-4.0652e-14
-4.0652e-14
-4.0652e-14
-4.0652e-14
-4.0652e-14
-4.0652e-14
-4.0652e-14
-4.0652e-14
-4.0652e-14
-4.0652e-14
-4.0652e-14
)
;
    }
    emptyWalls
    {
        type            empty;
    }
}


// ************************************************************************* //
