/*--------------------------------*- C++ -*----------------------------------*\
  =========                 |
  \\      /  F ield         | OpenFOAM: The Open Source CFD Toolbox
   \\    /   O peration     | Website:  https://openfoam.org
    \\  /    A nd           | Version:  9
     \\/     M anipulation  |
\*---------------------------------------------------------------------------*/
FoamFile
{
    format      ascii;
    class       volScalarField;
    location    "13500";
    object      p;
}
// * * * * * * * * * * * * * * * * * * * * * * * * * * * * * * * * * * * * * //

dimensions      [0 0 0 0 0 0 0];

internalField   nonuniform List<scalar> 
900
(
2.03379e+07
2.03297e+07
2.03269e+07
2.03119e+07
2.01755e+07
1.95499e+07
1.89791e+07
1.84344e+07
1.79021e+07
1.73747e+07
1.68481e+07
1.63198e+07
1.57888e+07
1.5255e+07
1.47189e+07
1.41817e+07
1.36455e+07
1.31126e+07
1.25863e+07
1.20703e+07
1.15691e+07
1.10877e+07
1.06321e+07
1.02089e+07
9.8253e+06
9.48887e+06
9.20743e+06
8.98841e+06
8.83828e+06
8.76191e+06
2.0331e+07
2.03277e+07
2.0327e+07
2.03269e+07
2.00639e+07
1.94967e+07
1.8953e+07
1.84221e+07
1.78972e+07
1.7374e+07
1.68497e+07
1.63225e+07
1.57917e+07
1.52573e+07
1.47199e+07
1.41809e+07
1.36421e+07
1.31061e+07
1.2576e+07
1.20556e+07
1.15491e+07
1.10619e+07
1.05998e+07
1.01694e+07
9.77809e+06
9.43389e+06
9.14502e+06
8.91951e+06
8.76453e+06
8.68554e+06
2.0322e+07
2.03239e+07
2.03261e+07
2.03219e+07
1.99106e+07
1.94202e+07
1.89142e+07
1.84036e+07
1.78906e+07
1.73744e+07
1.68541e+07
1.63288e+07
1.57982e+07
1.52625e+07
1.47226e+07
1.41797e+07
1.36359e+07
1.30937e+07
1.25561e+07
1.20267e+07
1.151e+07
1.10111e+07
1.05357e+07
1.00907e+07
9.68379e+06
9.32359e+06
9.01924e+06
8.78008e+06
8.61478e+06
8.5302e+06
2.03095e+07
2.031e+07
2.0305e+07
2.02998e+07
1.98152e+07
1.93594e+07
1.88798e+07
1.83876e+07
1.7887e+07
1.7379e+07
1.68636e+07
1.63405e+07
1.58098e+07
1.5272e+07
1.47281e+07
1.41795e+07
1.36282e+07
1.30766e+07
1.25278e+07
1.19853e+07
1.14533e+07
1.09366e+07
1.04412e+07
9.97388e+06
9.54283e+06
9.15742e+06
8.82827e+06
8.56681e+06
8.38431e+06
8.29027e+06
2.0291e+07
2.02846e+07
2.02737e+07
2.02687e+07
1.97696e+07
1.93225e+07
1.88579e+07
1.83801e+07
1.78909e+07
1.73911e+07
1.68806e+07
1.63597e+07
1.58285e+07
1.52877e+07
1.47383e+07
1.4182e+07
1.36207e+07
1.30568e+07
1.24933e+07
1.19334e+07
1.13811e+07
1.08409e+07
1.03185e+07
9.82084e+06
9.35622e+06
8.93499e+06
8.56962e+06
8.27457e+06
8.06539e+06
7.95629e+06
2.02449e+07
2.02388e+07
2.02302e+07
2.02252e+07
1.9749e+07
1.93029e+07
1.88493e+07
1.8384e+07
1.79056e+07
1.74136e+07
1.69082e+07
1.63892e+07
1.58569e+07
1.53119e+07
1.47555e+07
1.41894e+07
1.36157e+07
1.30367e+07
1.24552e+07
1.1874e+07
1.12967e+07
1.07274e+07
1.01713e+07
9.63473e+06
9.12622e+06
8.65671e+06
8.24063e+06
7.89647e+06
7.64638e+06
7.51323e+06
2.01824e+07
2.01836e+07
2.01912e+07
2.01878e+07
1.97261e+07
1.92909e+07
1.88524e+07
1.8401e+07
1.79336e+07
1.74498e+07
1.69493e+07
1.6432e+07
1.58979e+07
1.53476e+07
1.47825e+07
1.42045e+07
1.3616e+07
1.30192e+07
1.24166e+07
1.18107e+07
1.12043e+07
1.06008e+07
1.00043e+07
9.42061e+06
8.85721e+06
8.32501e+06
7.83974e+06
7.42429e+06
7.11044e+06
6.93701e+06
2.01197e+07
2.01247e+07
2.01523e+07
2.00792e+07
1.96791e+07
1.9282e+07
1.88686e+07
1.84339e+07
1.79782e+07
1.75025e+07
1.70072e+07
1.64915e+07
1.5955e+07
1.5398e+07
1.48222e+07
1.42302e+07
1.36245e+07
1.30075e+07
1.23814e+07
1.17479e+07
1.1109e+07
1.0467e+07
9.82474e+06
9.18615e+06
8.55702e+06
7.94636e+06
7.36904e+06
6.8505e+06
6.43408e+06
6.18735e+06
2.00655e+07
2.00643e+07
2.00667e+07
1.99057e+07
1.96293e+07
1.92894e+07
1.89059e+07
1.84879e+07
1.80428e+07
1.7575e+07
1.70853e+07
1.65719e+07
1.60327e+07
1.54673e+07
1.48782e+07
1.42694e+07
1.36442e+07
1.30051e+07
1.23535e+07
1.16905e+07
1.10169e+07
1.03335e+07
9.64146e+06
8.94223e+06
8.23835e+06
7.53436e+06
6.83954e+06
6.1746e+06
5.58802e+06
5.19098e+06
2.00246e+07
2.00246e+07
2.00224e+07
1.98756e+07
1.96431e+07
1.93402e+07
1.89778e+07
1.85689e+07
1.813e+07
1.76694e+07
1.71871e+07
1.66782e+07
1.61367e+07
1.55602e+07
1.4954e+07
1.43251e+07
1.3678e+07
1.30151e+07
1.2337e+07
1.16437e+07
1.09345e+07
1.02087e+07
9.46533e+06
8.70298e+06
7.9198e+06
7.1132e+06
6.28017e+06
5.42034e+06
4.55244e+06
3.79755e+06
1.99949e+07
1.99937e+07
1.99856e+07
1.99548e+07
1.97274e+07
1.94506e+07
1.90961e+07
1.868e+07
1.82391e+07
1.77855e+07
1.73154e+07
1.68172e+07
1.62756e+07
1.56827e+07
1.50526e+07
1.43988e+07
1.37275e+07
1.30402e+07
1.23359e+07
1.16128e+07
1.08688e+07
1.01015e+07
9.30814e+06
8.48455e+06
7.62468e+06
6.71846e+06
5.7476e+06
4.67415e+06
3.40383e+06
1.64923e+06
1.9976e+07
1.9976e+07
1.997e+07
1.99425e+07
1.98645e+07
1.96387e+07
1.9276e+07
1.88158e+07
1.83608e+07
1.79181e+07
1.74719e+07
1.69995e+07
1.6466e+07
1.58423e+07
1.5175e+07
1.449e+07
1.37931e+07
1.30823e+07
1.23535e+07
1.16027e+07
1.08263e+07
1.00205e+07
9.18113e+06
8.30241e+06
7.3759e+06
6.38834e+06
5.31763e+06
4.12483e+06
2.7395e+06
1.04479e+06
1.99658e+07
1.99638e+07
1.9945e+07
1.98996e+07
1.97905e+07
1.96514e+07
1.95598e+07
1.89463e+07
1.84701e+07
1.80543e+07
1.76547e+07
1.72428e+07
1.67466e+07
1.60455e+07
1.5315e+07
1.45931e+07
1.38727e+07
1.31423e+07
1.23931e+07
1.16183e+07
1.08131e+07
9.9731e+06
9.09347e+06
8.16805e+06
7.18818e+06
6.14138e+06
5.00975e+06
3.76804e+06
2.38453e+06
835230
1.99614e+07
1.99572e+07
1.99409e+07
1.98988e+07
1.9784e+07
1.96238e+07
1.9445e+07
1.89527e+07
1.85192e+07
1.81741e+07
1.78497e+07
1.75703e+07
1.72321e+07
1.6278e+07
1.54466e+07
1.46947e+07
1.39621e+07
1.32213e+07
1.24581e+07
1.16644e+07
1.08348e+07
9.96529e+06
9.0516e+06
8.08814e+06
7.06737e+06
5.97926e+06
4.81193e+06
3.55306e+06
2.19536e+06
746825
1.996e+07
1.99525e+07
1.99309e+07
1.98743e+07
1.97672e+07
1.95748e+07
1.93048e+07
1.89119e+07
1.8519e+07
1.81747e+07
1.78507e+07
1.75724e+07
1.73212e+07
1.63929e+07
1.55023e+07
1.47844e+07
1.40696e+07
1.33334e+07
1.25642e+07
1.17555e+07
1.09039e+07
1.00066e+07
9.06065e+06
8.06186e+06
7.00434e+06
5.88018e+06
4.68358e+06
3.41263e+06
2.07939e+06
700444
1.99659e+07
1.99555e+07
1.99226e+07
1.98484e+07
1.97215e+07
1.95085e+07
1.92137e+07
1.88691e+07
1.85077e+07
1.81604e+07
1.78118e+07
1.74447e+07
1.69629e+07
1.62494e+07
1.55006e+07
1.47852e+07
1.40708e+07
1.33348e+07
1.25655e+07
1.17567e+07
1.09048e+07
1.00071e+07
9.06092e+06
8.06182e+06
7.00402e+06
5.87961e+06
4.68291e+06
3.41217e+06
2.08012e+06
701301
2.00247e+07
1.99992e+07
1.99426e+07
1.98393e+07
1.96815e+07
1.94529e+07
1.91614e+07
1.88349e+07
1.8485e+07
1.81226e+07
1.77354e+07
1.73022e+07
1.6784e+07
1.61691e+07
1.55002e+07
1.48132e+07
1.41086e+07
1.33771e+07
1.26105e+07
1.18036e+07
1.09532e+07
1.00568e+07
9.11216e+06
8.11607e+06
7.06377e+06
5.94744e+06
4.75801e+06
3.48628e+06
2.13596e+06
722985
2.01504e+07
2.01068e+07
2.00139e+07
1.98702e+07
1.96767e+07
1.94323e+07
1.91426e+07
1.88193e+07
1.84689e+07
1.80925e+07
1.76831e+07
1.72276e+07
1.67159e+07
1.61467e+07
1.55271e+07
1.48695e+07
1.41793e+07
1.34552e+07
1.26932e+07
1.18897e+07
1.10417e+07
1.01472e+07
9.20465e+06
8.21265e+06
7.16842e+06
6.06693e+06
4.89619e+06
3.63715e+06
2.26564e+06
779882
2.03587e+07
2.02783e+07
2.01343e+07
1.99444e+07
1.97165e+07
1.94536e+07
1.91575e+07
1.88312e+07
1.84764e+07
1.80923e+07
1.7675e+07
1.72186e+07
1.67194e+07
1.61753e+07
1.55852e+07
1.49514e+07
1.42769e+07
1.35629e+07
1.28078e+07
1.20095e+07
1.11654e+07
1.02737e+07
9.33321e+06
8.3442e+06
7.30729e+06
6.22236e+06
5.08195e+06
3.86627e+06
2.51422e+06
931199
2.06627e+07
2.05026e+07
2.02888e+07
2.00498e+07
1.97888e+07
1.95055e+07
1.91983e+07
1.8866e+07
1.85074e+07
1.8121e+07
1.77042e+07
1.7254e+07
1.67671e+07
1.62404e+07
1.56707e+07
1.50567e+07
1.43989e+07
1.36976e+07
1.2952e+07
1.21607e+07
1.13219e+07
1.04342e+07
9.49622e+06
8.50771e+06
7.47381e+06
6.39919e+06
5.28905e+06
4.14344e+06
2.91942e+06
1.39003e+06
2.10559e+07
2.0736e+07
2.04515e+07
2.01691e+07
1.98787e+07
1.95758e+07
1.92568e+07
1.89185e+07
1.85583e+07
1.81737e+07
1.77623e+07
1.73214e+07
1.68477e+07
1.63372e+07
1.57861e+07
1.51912e+07
1.45506e+07
1.38632e+07
1.31282e+07
1.23446e+07
1.15113e+07
1.06291e+07
9.69511e+06
8.70533e+06
7.66709e+06
6.58814e+06
5.49858e+06
4.40364e+06
3.38855e+06
2.62169e+06
2.13641e+07
2.09624e+07
2.06159e+07
2.02941e+07
1.99779e+07
1.96582e+07
1.93292e+07
1.89871e+07
1.8628e+07
1.82492e+07
1.78474e+07
1.74196e+07
1.69619e+07
1.64698e+07
1.59384e+07
1.53624e+07
1.47379e+07
1.40621e+07
1.33359e+07
1.25589e+07
1.17302e+07
1.08537e+07
9.92613e+06
8.94426e+06
7.88912e+06
6.77831e+06
5.70067e+06
4.707e+06
3.85799e+06
3.11693e+06
2.15987e+07
2.11715e+07
2.07866e+07
2.04308e+07
2.009e+07
1.97542e+07
1.94167e+07
1.90726e+07
1.87173e+07
1.83475e+07
1.79587e+07
1.75475e+07
1.71083e+07
1.66368e+07
1.6126e+07
1.55684e+07
1.49574e+07
1.42886e+07
1.35658e+07
1.27929e+07
1.19738e+07
1.10981e+07
1.01693e+07
9.23788e+06
8.1778e+06
6.93482e+06
5.83996e+06
4.91332e+06
4.22222e+06
3.783e+06
2.1783e+07
2.13452e+07
2.09388e+07
2.05596e+07
2.01997e+07
1.98512e+07
1.95078e+07
1.91642e+07
1.8816e+07
1.84589e+07
1.80873e+07
1.76973e+07
1.72807e+07
1.68336e+07
1.63452e+07
1.58058e+07
1.52067e+07
1.45424e+07
1.38102e+07
1.30291e+07
1.22522e+07
1.13803e+07
1.03662e+07
9.56656e+06
8.84011e+06
6.96042e+06
5.86138e+06
4.94121e+06
4.27268e+06
4.52665e+06
2.19286e+07
2.14857e+07
2.10687e+07
2.0676e+07
2.03038e+07
1.99469e+07
1.96009e+07
1.92611e+07
1.89236e+07
1.85834e+07
1.82351e+07
1.78717e+07
1.74832e+07
1.70638e+07
1.65971e+07
1.6074e+07
1.54825e+07
1.48313e+07
1.40779e+07
1.3212e+07
1.25402e+07
1.19489e+07
1.03846e+07
9.57125e+06
8.75262e+06
7.63202e+06
6.70415e+06
5.9737e+06
5.50074e+06
5.4047e+06
2.20429e+07
2.15974e+07
2.1175e+07
2.0775e+07
2.03956e+07
2.00341e+07
1.96879e+07
1.93536e+07
1.90292e+07
1.87088e+07
1.8389e+07
1.80582e+07
1.77068e+07
1.73191e+07
1.68691e+07
1.63612e+07
1.57699e+07
1.51271e+07
1.45538e+07
1.32257e+07
1.25385e+07
1.17222e+07
1.0694e+07
9.81539e+06
8.9772e+06
8.11087e+06
7.3495e+06
6.74869e+06
6.35188e+06
6.18673e+06
2.21305e+07
2.16838e+07
2.12585e+07
2.08548e+07
2.04717e+07
2.01082e+07
1.97634e+07
1.94359e+07
1.9125e+07
1.88271e+07
1.85402e+07
1.82513e+07
1.79516e+07
1.76059e+07
1.7164e+07
1.66576e+07
1.62303e+07
1.51304e+07
1.435e+07
1.34026e+07
1.25741e+07
1.1735e+07
1.08536e+07
1.00191e+07
9.22992e+06
8.48478e+06
7.83428e+06
7.3197e+06
6.97136e+06
6.80359e+06
2.21944e+07
2.1747e+07
2.13203e+07
2.09147e+07
2.05299e+07
2.01661e+07
1.98231e+07
1.95019e+07
1.92028e+07
1.89265e+07
1.8672e+07
1.84312e+07
1.81936e+07
1.7918e+07
1.75473e+07
1.67468e+07
1.60404e+07
1.5172e+07
1.43301e+07
1.34606e+07
1.26202e+07
1.17901e+07
1.09664e+07
1.01777e+07
9.43856e+06
8.76403e+06
8.18313e+06
7.72446e+06
7.41026e+06
7.2527e+06
2.22362e+07
2.17884e+07
2.13611e+07
2.09547e+07
2.05691e+07
2.02055e+07
1.98641e+07
1.95475e+07
1.92567e+07
1.89968e+07
1.87685e+07
1.85747e+07
1.84045e+07
1.82346e+07
1.79244e+07
1.69058e+07
1.60456e+07
1.51873e+07
1.43379e+07
1.34894e+07
1.26559e+07
1.1839e+07
1.1044e+07
1.02866e+07
9.58262e+06
8.94967e+06
8.40975e+06
7.98477e+06
7.69251e+06
7.54424e+06
2.22569e+07
2.1809e+07
2.13814e+07
2.09746e+07
2.05889e+07
2.02255e+07
1.9885e+07
1.95706e+07
1.92841e+07
1.90322e+07
1.8818e+07
1.86546e+07
1.85404e+07
1.85058e+07
1.77672e+07
1.69073e+07
1.60489e+07
1.51937e+07
1.43449e+07
1.35031e+07
1.2675e+07
1.1866e+07
1.1084e+07
1.03421e+07
9.65566e+06
9.04226e+06
8.52145e+06
8.11233e+06
7.83079e+06
7.68752e+06
)
;

boundaryField
{
    inlet1
    {
        type            fixedGradient;
        gradient        uniform 20000;
    }
    inlet2
    {
        type            zeroGradient;
    }
    inlet3
    {
        type            fixedGradient;
        gradient        uniform 4.68141e+06;
    }
    output1
    {
        type            zeroGradient;
    }
    output2
    {
        type            fixedValue;
        value           uniform 0;
    }
    output3
    {
        type            zeroGradient;
    }
    up
    {
        type            zeroGradient;
    }
    down
    {
        type            zeroGradient;
    }
    emptyWalls
    {
        type            empty;
    }
}


// ************************************************************************* //
