/*--------------------------------*- C++ -*----------------------------------*\
  =========                 |
  \\      /  F ield         | OpenFOAM: The Open Source CFD Toolbox
   \\    /   O peration     | Website:  https://openfoam.org
    \\  /    A nd           | Version:  9
     \\/     M anipulation  |
\*---------------------------------------------------------------------------*/
FoamFile
{
    format      ascii;
    class       surfaceScalarField;
    location    "13500";
    object      phi;
}
// * * * * * * * * * * * * * * * * * * * * * * * * * * * * * * * * * * * * * //

dimensions      [0 3 -1 0 0 0 0];

internalField   nonuniform List<scalar> 
1740
(
1.76323e-08
6.73771e-08
1.89853e-09
4.10782e-08
2.85296e-09
1.15165e-08
2.27603e-09
-1.8573e-10
1.98619e-09
3.81937e-10
2.34957e-09
1.85813e-10
2.22819e-09
9.25331e-11
2.17152e-09
4.38943e-11
2.14819e-09
1.67446e-11
2.14334e-09
1.04163e-12
2.14862e-09
-7.7844e-12
2.15866e-09
-1.19172e-11
2.16956e-09
-1.24516e-11
2.17815e-09
-9.96369e-12
2.18164e-09
-4.7677e-12
2.17742e-09
2.97064e-12
2.16297e-09
1.31887e-11
2.13576e-09
2.59085e-11
2.09317e-09
4.12221e-11
2.03247e-09
5.92685e-11
1.95081e-09
8.01951e-11
1.84528e-09
1.04097e-10
1.71308e-09
1.30931e-10
1.55179e-09
1.60396e-10
1.35974e-09
1.91791e-10
1.13657e-09
2.23861e-10
8.83794e-10
2.54694e-10
6.05355e-10
2.81742e-10
3.07801e-10
3.02103e-10
3.13105e-10
4.68649e-08
1.03195e-07
3.96948e-08
6.94377e-08
1.22769e-08
1.62294e-08
1.81443e-09
-6.49915e-12
1.97231e-09
5.21827e-10
2.22119e-09
2.71313e-10
2.16521e-09
1.40425e-10
2.13817e-09
6.62989e-11
2.12972e-09
2.20427e-11
2.13322e-09
-4.79344e-12
2.14385e-09
-2.0262e-11
2.1578e-09
-2.74329e-11
2.17188e-09
-2.79259e-11
2.18326e-09
-2.26356e-11
2.18934e-09
-1.20778e-11
2.18764e-09
3.46139e-12
2.17573e-09
2.38755e-11
2.15114e-09
4.92229e-11
2.11128e-09
7.97107e-11
2.05343e-09
1.15656e-10
1.97467e-09
1.57413e-10
1.87194e-09
2.0526e-10
1.74218e-09
2.59228e-10
1.58255e-09
3.1886e-10
1.39086e-09
3.82905e-10
1.16616e-09
4.4896e-10
9.0946e-10
5.1317e-10
6.24469e-10
5.70168e-10
3.18047e-10
6.13562e-10
6.37215e-10
-6.25583e-09
2.47975e-07
-6.06308e-09
5.01848e-08
8.93294e-10
1.29576e-08
1.382e-09
6.69679e-11
1.92899e-09
3.95967e-10
2.04587e-09
2.3886e-10
2.07346e-09
1.31555e-10
2.08622e-09
5.88329e-11
2.09929e-09
9.92039e-12
2.11598e-09
-2.19967e-11
2.13576e-09
-4.10382e-11
2.15681e-09
-4.96279e-11
2.17689e-09
-4.91847e-11
2.19367e-09
-4.05761e-11
2.20483e-09
-2.43703e-11
2.20809e-09
-9.23448e-13
2.20118e-09
2.96282e-11
2.18178e-09
6.73956e-11
2.14739e-09
1.1274e-10
2.09531e-09
1.66228e-10
2.0225e-09
2.28537e-10
1.92565e-09
3.00299e-10
1.80115e-09
3.81857e-10
1.64536e-09
4.7291e-10
1.45499e-09
5.72008e-10
1.22775e-09
6.75905e-10
9.63417e-10
7.7886e-10
6.65014e-10
8.72201e-10
3.39921e-10
9.44761e-10
9.84979e-10
1.25343e-08
3.46002e-07
4.07793e-09
4.82396e-08
1.93699e-09
2.15141e-08
1.29202e-09
8.90557e-11
1.90636e-09
2.10498e-10
1.9383e-09
1.56743e-10
1.99655e-09
8.81002e-11
2.03399e-09
2.75575e-11
2.06523e-09
-1.91983e-11
2.09564e-09
-5.20769e-11
2.1264e-09
-7.22677e-11
2.15678e-09
-8.08578e-11
2.1852e-09
-7.86111e-11
2.20969e-09
-6.61158e-11
2.22821e-09
-4.39056e-11
2.23869e-09
-1.24142e-11
2.23912e-09
2.81638e-11
2.22739e-09
7.79903e-11
2.2012e-09
1.37623e-10
2.1579e-09
2.07974e-10
2.09439e-09
2.90204e-10
2.00699e-09
3.85538e-10
1.8914e-09
4.94988e-10
1.74276e-09
6.18913e-10
1.55598e-09
7.56315e-10
1.32645e-09
9.03795e-10
1.05144e-09
1.05416e-09
7.32248e-10
1.19502e-09
3.76626e-10
1.3083e-09
1.37296e-09
2.53511e-08
3.60034e-07
9.25873e-09
6.45953e-08
3.1659e-09
2.82336e-08
1.31607e-09
1.25146e-10
1.8882e-09
1.11484e-10
1.88429e-09
8.95485e-11
1.94046e-09
3.6546e-11
1.98794e-09
-1.75054e-11
2.03199e-09
-6.21953e-11
2.07497e-09
-9.4847e-11
2.11743e-09
-1.151e-10
2.15873e-09
-1.22926e-10
2.19743e-09
-1.18288e-10
2.2317e-09
-1.01372e-10
2.25961e-09
-7.27235e-11
2.27936e-09
-3.29926e-11
2.28922e-09
1.74507e-11
2.28747e-09
7.87793e-11
2.27211e-09
1.51788e-10
2.24071e-09
2.37844e-10
2.19018e-09
3.38767e-10
2.11653e-09
4.56657e-10
2.01469e-09
5.93642e-10
1.8783e-09
7.51438e-10
1.69972e-09
9.30543e-10
1.47061e-09
1.1288e-09
1.18364e-09
1.33899e-09
8.35914e-10
1.54541e-09
4.34338e-10
1.72047e-09
1.82561e-09
2.14822e-08
4.28978e-07
8.02842e-09
8.53746e-08
2.91145e-09
3.98164e-08
1.36944e-09
2.1946e-10
1.85165e-09
1.15293e-10
1.8483e-09
5.34257e-11
1.89306e-09
-1.3959e-11
1.94533e-09
-7.19305e-11
1.99982e-09
-1.17232e-10
2.05481e-09
-1.50018e-10
2.10961e-09
-1.70359e-10
2.16326e-09
-1.77459e-10
2.2141e-09
-1.70245e-10
2.26007e-09
-1.48362e-10
2.29919e-09
-1.12624e-10
2.3299e-09
-6.42831e-11
2.35094e-09
-4.14691e-12
2.36114e-09
6.78901e-11
2.35905e-09
1.5291e-10
2.34265e-09
2.52852e-10
2.30907e-09
3.70365e-10
2.25427e-09
5.08681e-10
2.17255e-09
6.71483e-10
2.05603e-09
8.62652e-10
1.89398e-09
1.08562e-09
1.67266e-09
1.34187e-09
1.37658e-09
1.62758e-09
9.93431e-10
1.92716e-09
5.24813e-10
2.20258e-09
2.38339e-09
-2.24398e-09
5.41461e-07
-4.9886e-09
9.26152e-08
-8.80651e-10
2.63305e-08
1.3793e-09
4.3334e-10
1.79948e-09
1.69402e-10
1.7923e-09
2.28208e-11
1.83815e-09
-7.38767e-11
1.90051e-09
-1.39026e-10
1.96715e-09
-1.84784e-10
2.03482e-09
-2.17635e-10
2.10295e-09
-2.38857e-10
2.17061e-09
-2.46304e-10
2.23565e-09
-2.36867e-10
2.29527e-09
-2.09207e-10
2.34718e-09
-1.65125e-10
2.3901e-09
-1.07368e-10
2.42351e-09
-3.76448e-11
2.44712e-09
4.40195e-11
2.4603e-09
1.39114e-10
2.46176e-09
2.50297e-10
2.44919e-09
3.81169e-10
2.41891e-09
5.36223e-10
2.36522e-09
7.20959e-10
2.27929e-09
9.42064e-10
2.14752e-09
1.20743e-09
1.94946e-09
1.52547e-09
1.65659e-09
1.90231e-09
1.23642e-09
2.33307e-09
6.71484e-10
2.77929e-09
3.12198e-09
-2.08758e-08
6.73939e-07
-1.18758e-08
7.63359e-08
1.0227e-09
1.5699e-09
1.29092e-09
4.93447e-10
1.63401e-09
1.34926e-10
1.68569e-09
-5.76667e-11
1.76674e-09
-1.65342e-10
1.85141e-09
-2.25509e-10
1.93344e-09
-2.65242e-10
2.01438e-09
-2.96882e-10
2.09676e-09
-3.2113e-10
2.18059e-09
-3.32033e-10
2.2626e-09
-3.21712e-10
2.33819e-09
-2.86474e-10
2.40417e-09
-2.31298e-10
2.4598e-09
-1.6242e-10
2.50588e-09
-8.30857e-11
2.54351e-09
6.71596e-12
2.57327e-09
1.09227e-10
2.59488e-09
2.28057e-10
2.607e-09
3.67797e-10
2.60697e-09
5.34087e-10
2.59013e-09
7.34072e-10
2.54839e-09
9.77219e-10
2.46735e-09
1.27655e-09
2.32107e-09
1.65027e-09
2.06392e-09
2.12312e-09
1.62416e-09
2.72353e-09
9.24705e-10
3.45955e-09
4.20326e-09
1.14884e-08
7.69257e-07
-2.53488e-10
9.32959e-08
5.49788e-10
1.42689e-10
1.07089e-09
1.56989e-10
1.36166e-09
-6.30789e-11
1.54979e-09
-2.2307e-10
1.69172e-09
-3.04316e-10
1.80492e-09
-3.32425e-10
1.90084e-09
-3.5379e-10
1.9925e-09
-3.83525e-10
2.08912e-09
-4.16746e-10
2.19238e-09
-4.38989e-10
2.29599e-09
-4.31473e-10
2.39073e-09
-3.8368e-10
2.47152e-09
-3.11174e-10
2.53906e-09
-2.27928e-10
2.59671e-09
-1.38997e-10
2.64778e-09
-4.33064e-11
2.69441e-09
6.30135e-11
2.7375e-09
1.84906e-10
2.77697e-09
3.27877e-10
2.81184e-09
4.98259e-10
2.83995e-09
7.04025e-10
2.8568e-09
9.56193e-10
2.85243e-09
1.27128e-09
2.80354e-09
1.67595e-09
2.65385e-09
2.21636e-09
2.27158e-09
2.97839e-09
1.40318e-09
4.13212e-09
6.02824e-09
1.39669e-08
8.57708e-07
2.05839e-09
9.09748e-08
4.89059e-10
2.52363e-09
9.29537e-10
-1.17014e-10
1.22032e-09
-3.24665e-10
1.46008e-09
-4.67222e-10
1.64543e-09
-4.96428e-10
1.77572e-09
-4.46083e-10
1.87249e-09
-4.33967e-10
1.96566e-09
-4.66682e-10
2.07486e-09
-5.23338e-10
2.2038e-09
-5.75703e-10
2.33824e-09
-5.81514e-10
2.45721e-09
-5.05599e-10
2.55211e-09
-4.01791e-10
2.62819e-09
-2.99122e-10
2.69413e-09
-2.01661e-10
2.7565e-09
-1.03967e-10
2.81908e-09
1.22065e-12
2.88374e-09
1.20674e-10
2.95153e-09
2.60544e-10
3.02345e-09
4.27049e-10
3.10102e-09
6.27577e-10
3.18641e-09
8.72244e-10
3.28205e-09
1.17645e-09
3.38681e-09
1.56588e-09
3.47635e-09
2.08797e-09
3.40515e-09
2.84154e-09
2.41644e-09
4.06229e-09
6.39711e-09
1.55657e-08
8.41236e-07
7.27572e-09
9.72835e-08
2.09159e-09
1.4701e-08
7.71508e-10
3.74094e-09
1.15405e-09
-2.87221e-10
1.4248e-09
-5.07407e-10
1.6542e-09
-7.7439e-10
1.78003e-09
-5.2151e-10
1.84774e-09
-4.69313e-10
1.9228e-09
-5.2589e-10
2.04084e-09
-6.34217e-10
2.20974e-09
-7.5897e-10
2.39596e-09
-8.13281e-10
2.54776e-09
-6.55413e-10
2.65151e-09
-4.91264e-10
2.72747e-09
-3.65115e-10
2.7951e-09
-2.64539e-10
2.86502e-09
-1.72114e-10
2.94168e-09
-7.48357e-11
3.02686e-09
3.60241e-11
3.12195e-09
1.66574e-10
3.22944e-09
3.21818e-10
3.35425e-09
5.06992e-10
3.50579e-09
7.28761e-10
3.70256e-09
9.96384e-10
3.9853e-09
1.32315e-09
4.45961e-09
1.72811e-09
5.45621e-09
2.23751e-09
8.20966e-09
2.87841e-09
3.6249e-09
1.34144e-08
8.25411e-07
2.37014e-08
8.00066e-08
1.73401e-08
1.59143e-08
7.56493e-09
6.49043e-09
8.97534e-10
4.98985e-09
1.43443e-09
5.63546e-10
1.76655e-09
-6.35514e-10
1.84247e-09
-4.09864e-10
1.81562e-09
-3.9589e-10
1.83697e-09
-5.3334e-10
1.95595e-09
-7.28674e-10
2.19836e-09
-1.01268e-09
2.48809e-09
-1.25722e-09
2.68637e-09
-8.11527e-10
2.77872e-09
-5.42723e-10
2.83507e-09
-4.0553e-10
2.89378e-09
-3.19263e-10
2.96679e-09
-2.45101e-10
3.05577e-09
-1.64465e-10
3.16008e-09
-6.83122e-11
3.27996e-09
4.79122e-11
3.41808e-09
1.86656e-10
3.58077e-09
3.49814e-10
3.77993e-09
5.39425e-10
4.03709e-09
7.57174e-10
4.39223e-09
1.00223e-09
4.92057e-09
1.26382e-09
5.75041e-09
1.50197e-09
6.97622e-09
1.58892e-09
1.1301e-09
7.18045e-08
7.40237e-07
2.08174e-08
1.44843e-07
1.76119e-08
5.80188e-08
2.50589e-08
2.11117e-08
2.74693e-08
1.20755e-08
1.25794e-08
2.57716e-08
1.79279e-09
6.31301e-09
2.01398e-09
-1.04319e-10
1.73532e-09
-2.10711e-10
1.65351e-09
-3.82614e-10
1.7476e-09
-5.83115e-10
2.13968e-09
-9.15217e-10
2.67168e-09
-1.36259e-09
2.93091e-09
-7.95914e-10
2.94192e-09
-4.66319e-10
2.94032e-09
-4.0249e-10
2.97816e-09
-3.71849e-10
3.05257e-09
-3.35519e-10
3.15454e-09
-2.8024e-10
3.27772e-09
-2.02123e-10
3.41973e-09
-1.00924e-10
3.58217e-09
2.21077e-11
3.77083e-09
1.65001e-10
3.99606e-09
3.25685e-10
4.27364e-09
5.00386e-10
4.62597e-09
6.81214e-10
5.08004e-09
8.45421e-10
5.64863e-09
9.42297e-10
6.25287e-09
8.63117e-10
4.39808e-10
4.72876e-07
2.61813e-07
4.68081e-07
1.51874e-07
3.39689e-07
1.27324e-07
1.97414e-07
1.36752e-07
1.9356e-07
6.28657e-08
1.277e-07
1.00621e-07
1.79841e-08
8.79054e-08
1.73057e-09
2.47267e-08
1.47177e-09
3.4699e-09
1.29413e-09
4.77491e-09
1.24128e-09
1.1575e-08
1.94103e-09
4.67323e-08
3.12802e-09
5.90607e-09
3.42372e-09
-3.26581e-10
3.11777e-09
-2.37957e-10
3.00611e-09
-2.7127e-10
3.02595e-09
-2.90437e-10
3.11082e-09
-2.87428e-10
3.23208e-09
-2.61541e-10
3.37656e-09
-2.14239e-10
3.53905e-09
-1.47913e-10
3.72002e-09
-6.64676e-11
3.92433e-09
2.63141e-11
4.15982e-09
1.27192e-10
4.43546e-09
2.3166e-10
4.75796e-09
3.33667e-10
5.12498e-09
4.17473e-10
5.5112e-09
4.54912e-10
5.84213e-09
3.91605e-10
1.77089e-10
4.09396e-07
-1.36468e-07
6.22535e-07
-3.79286e-08
6.95147e-07
6.39269e-08
6.51777e-07
1.52284e-07
5.70561e-07
1.09181e-07
5.3644e-07
1.31855e-07
4.65292e-07
1.4213e-07
4.5652e-07
5.73189e-08
4.63211e-07
1.69958e-08
4.25677e-07
2.74411e-08
3.85394e-07
5.12251e-08
2.26809e-07
1.35575e-07
3.01217e-08
1.05537e-07
3.10552e-09
3.31999e-08
2.63681e-09
2.64557e-10
2.4226e-09
-4.75001e-09
2.44165e-09
-6.74087e-09
2.52284e-09
-7.77701e-09
2.63195e-09
-8.46697e-09
2.73491e-09
-8.98894e-09
2.81936e-09
-9.40056e-09
2.89728e-09
-9.7574e-09
2.9734e-09
-1.01654e-08
3.04914e-09
-1.08265e-08
3.1321e-09
-1.19928e-08
3.23288e-09
-1.37101e-08
3.37663e-09
-1.54464e-08
3.64997e-09
-1.56003e-08
4.36695e-09
-1.23653e-08
-4.94709e-09
6.48767e-08
-1.98778e-07
1.34787e-07
-1.33707e-07
2.77279e-07
-4.99734e-08
4.0648e-07
2.47121e-08
4.45827e-07
7.0709e-08
5.0492e-07
8.16517e-08
5.69783e-07
8.4399e-08
5.80049e-07
4.96538e-08
5.81822e-07
2.63268e-08
5.45925e-07
4.5117e-08
5.2303e-07
7.90931e-08
4.98385e-07
1.52833e-07
4.3715e-07
1.69499e-07
4.40231e-07
6.07248e-08
4.55754e-07
-6.81773e-09
4.79136e-07
-2.82291e-08
5.11943e-07
-3.81929e-08
5.50748e-07
-4.3802e-08
5.93732e-07
-4.7696e-08
6.40075e-07
-5.0784e-08
6.89195e-07
-5.32985e-08
7.40877e-07
-5.54445e-08
7.95165e-07
-5.77032e-08
8.53539e-07
-6.11663e-08
9.17533e-07
-6.72026e-08
9.90404e-07
-7.66219e-08
1.06959e-06
-8.73915e-08
1.15112e-06
-9.17798e-08
1.21187e-06
-7.68219e-08
-3.25573e-08
5.86929e-08
-2.70501e-07
1.13589e-07
-1.92873e-07
1.82738e-07
-1.17855e-07
2.60839e-07
-5.02e-08
3.23318e-07
3.79449e-09
3.7949e-07
2.51369e-08
4.37179e-07
2.51688e-08
4.66923e-07
1.84294e-08
4.84731e-07
1.61518e-08
5.01776e-07
3.40735e-08
5.34587e-07
6.2248e-08
6.05098e-07
9.49513e-08
6.67634e-07
9.46635e-08
7.09233e-07
2.5207e-08
7.53739e-07
-3.91177e-08
8.06293e-07
-7.62013e-08
8.67033e-07
-9.67378e-08
9.34371e-07
-1.09212e-07
1.00667e-06
-1.17874e-07
1.08282e-06
-1.24559e-07
1.1617e-06
-1.29658e-07
1.2428e-06
-1.33662e-07
1.32535e-06
-1.37173e-07
1.41104e-06
-1.42659e-07
1.50121e-06
-1.52796e-07
1.60275e-06
-1.71562e-07
1.71594e-06
-1.96554e-07
1.84558e-06
-2.18352e-07
1.96191e-06
-2.02932e-07
-1.04544e-07
7.60029e-08
-3.54214e-07
1.51522e-07
-2.69557e-07
2.2629e-07
-1.91276e-07
3.01029e-07
-1.20607e-07
3.73698e-07
-6.5808e-08
4.37795e-07
-3.54354e-08
4.9286e-07
-2.55132e-08
5.37994e-07
-2.11798e-08
5.7718e-07
-1.52284e-08
6.2168e-07
-2.09113e-09
6.78051e-07
1.25481e-08
7.59452e-07
1.808e-08
8.51552e-07
-3.52837e-10
9.27417e-07
-4.72394e-08
9.94303e-07
-9.99259e-08
1.06141e-06
-1.40057e-07
1.13245e-06
-1.66784e-07
1.20769e-06
-1.84455e-07
1.28642e-06
-1.96541e-07
1.36702e-06
-2.04978e-07
1.44854e-06
-2.10459e-07
1.52925e-06
-2.13728e-07
1.6086e-06
-2.15181e-07
1.68445e-06
-2.17109e-07
1.75879e-06
-2.23578e-07
1.83385e-06
-2.4193e-07
1.92017e-06
-2.74121e-07
2.0315e-06
-3.2255e-07
2.17253e-06
-3.46523e-07
-2.576e-07
1.19525e-07
-4.76112e-07
2.26189e-07
-3.64304e-07
3.2412e-07
-2.81087e-07
4.13916e-07
-2.06121e-07
4.97225e-07
-1.46172e-07
5.69966e-07
-1.06366e-07
6.3078e-07
-8.41862e-08
6.84285e-07
-7.19472e-08
7.36827e-07
-6.384e-08
7.96909e-07
-5.78241e-08
8.68852e-07
-5.6885e-08
9.54439e-07
-6.71272e-08
1.0439e-06
-9.19001e-08
1.12227e-06
-1.2817e-07
1.18972e-06
-1.68687e-07
1.25324e-06
-2.04445e-07
1.31742e-06
-2.31902e-07
1.38306e-06
-2.50931e-07
1.44923e-06
-2.63069e-07
1.51394e-06
-2.69586e-07
1.57592e-06
-2.71785e-07
1.63397e-06
-2.7115e-07
1.68753e-06
-2.67987e-07
1.73177e-06
-2.61154e-07
1.76729e-06
-2.56845e-07
1.78836e-06
-2.60331e-07
1.81051e-06
-2.85574e-07
1.84799e-06
-3.44918e-07
1.95362e-06
-4.27815e-07
-5.32086e-07
2.34044e-07
-6.68458e-07
4.09826e-07
-5.21063e-07
5.19515e-07
-3.87456e-07
5.9677e-07
-2.83271e-07
6.59515e-07
-2.09229e-07
7.12932e-07
-1.6032e-07
7.59213e-07
-1.30586e-07
8.02657e-07
-1.14795e-07
8.48393e-07
-1.08354e-07
9.01125e-07
-1.09582e-07
9.62318e-07
-1.18426e-07
1.02925e-06
-1.36226e-07
1.09588e-06
-1.61993e-07
1.15764e-06
-1.92851e-07
1.21415e-06
-2.26354e-07
1.26774e-06
-2.57295e-07
1.3196e-06
-2.82042e-07
1.36841e-06
-2.97479e-07
1.41248e-06
-3.0472e-07
1.45027e-06
-3.04979e-07
1.48046e-06
-2.9986e-07
1.5049e-06
-2.93345e-07
1.522e-06
-2.84357e-07
1.53088e-06
-2.70031e-07
1.52637e-06
-2.52841e-07
1.49641e-06
-2.29149e-07
1.46312e-06
-2.43686e-07
1.41833e-06
-2.97485e-07
1.58829e-06
-4.85062e-07
-9.52392e-07
8.55048e-07
-6.47294e-07
7.91113e-07
-5.00984e-07
7.50138e-07
-3.6681e-07
7.29319e-07
-2.72345e-07
7.24722e-07
-2.0987e-07
7.31374e-07
-1.70136e-07
7.45743e-07
-1.4664e-07
7.66689e-07
-1.36593e-07
7.94978e-07
-1.36802e-07
8.31901e-07
-1.46706e-07
8.77056e-07
-1.63969e-07
9.29122e-07
-1.88809e-07
9.85438e-07
-2.18358e-07
1.04481e-06
-2.5092e-07
1.10457e-06
-2.83778e-07
1.16128e-06
-3.1059e-07
1.21052e-06
-3.27973e-07
1.24751e-06
-3.31263e-07
1.27161e-06
-3.25751e-07
1.28239e-06
-3.13618e-07
1.28291e-06
-2.98925e-07
1.27579e-06
-2.84864e-07
1.25594e-06
-2.64278e-07
1.24252e-06
-2.56063e-07
1.20524e-06
-2.2855e-07
1.15431e-06
-1.67734e-07
1.06812e-06
-1.69559e-07
1.00093e-06
-2.19355e-07
7.70381e-07
-3.98943e-07
-6.68427e-07
7.27293e-07
-4.50155e-07
6.18154e-07
-3.77997e-07
5.73091e-07
-3.13048e-07
5.664e-07
-2.58983e-07
5.79234e-07
-2.17193e-07
6.01921e-07
-1.8868e-07
6.31354e-07
-1.72194e-07
6.66193e-07
-1.68384e-07
7.07582e-07
-1.74678e-07
7.5564e-07
-1.9225e-07
8.10149e-07
-2.15614e-07
8.70717e-07
-2.47549e-07
9.33679e-07
-2.79635e-07
9.98131e-07
-3.14073e-07
1.05742e-06
-3.428e-07
1.10545e-06
-3.58411e-07
1.1346e-06
-3.58437e-07
1.14196e-06
-3.39701e-07
1.12915e-06
-3.13856e-07
1.09717e-06
-2.82133e-07
1.06526e-06
-2.67784e-07
1.01927e-06
-2.46357e-07
9.60956e-07
-1.98601e-07
9.20368e-07
-2.16311e-07
8.66888e-07
-2.08335e-07
7.91075e-07
-8.3375e-08
6.89057e-07
-7.74332e-08
5.67813e-07
-1.08185e-07
2.98139e-07
-1.69232e-07
-6.84663e-08
8.26291e-07
-3.59604e-07
7.81299e-07
-3.37677e-07
7.59308e-07
-3.00748e-07
7.50485e-07
-2.59546e-07
7.49611e-07
-2.23501e-07
7.53235e-07
-1.98081e-07
7.61591e-07
-1.84589e-07
7.73203e-07
-1.84097e-07
7.90694e-07
-1.94652e-07
8.12417e-07
-2.17751e-07
8.40973e-07
-2.45906e-07
8.75364e-07
-2.85575e-07
9.11774e-07
-3.1791e-07
9.51281e-07
-3.56109e-07
9.80644e-07
-3.74459e-07
9.93013e-07
-3.72528e-07
9.79359e-07
-3.4759e-07
9.47944e-07
-3.09256e-07
8.93174e-07
-2.63652e-07
8.22319e-07
-2.03294e-07
7.70165e-07
-2.1161e-07
6.9743e-07
-2.03852e-07
6.22805e-07
-9.66654e-08
5.4684e-07
-1.28008e-07
4.73203e-07
-1.02177e-07
4.20703e-07
-1.83791e-08
3.43617e-07
-1.62906e-08
2.46521e-07
-2.27588e-08
9.70643e-08
-3.67996e-08
-2.6202e-09
8.40331e-07
-2.85128e-07
7.75363e-07
-2.70813e-07
7.22618e-07
-2.46981e-07
6.84272e-07
-2.20273e-07
6.5894e-07
-1.96906e-07
6.43985e-07
-1.81123e-07
6.38159e-07
-1.7601e-07
6.39322e-07
-1.82082e-07
6.50591e-07
-2.01045e-07
6.68017e-07
-2.31406e-07
6.99092e-07
-2.69606e-07
7.34366e-07
-3.18437e-07
7.74979e-07
-3.51078e-07
8.15938e-07
-3.95498e-07
8.29425e-07
-3.84535e-07
8.13274e-07
-3.55782e-07
7.65715e-07
-2.99034e-07
7.10253e-07
-2.50098e-07
6.29162e-07
-2.07223e-07
5.48379e-07
-9.74686e-08
4.70951e-07
-1.21998e-07
3.81189e-07
-9.46399e-08
3.28138e-07
-2.07529e-08
1.58189e-07
-3.43653e-08
5.06355e-09
-5.88449e-10
5.07941e-09
-1.87776e-09
3.66673e-09
-2.39065e-09
2.03592e-09
-2.91461e-09
1.63217e-10
-3.41245e-09
-3.33528e-09
8.53168e-07
-2.23743e-07
8.00363e-07
-2.16502e-07
7.57981e-07
-2.04533e-07
7.27179e-07
-1.90452e-07
7.05753e-07
-1.77432e-07
6.9244e-07
-1.6924e-07
6.84401e-07
-1.69965e-07
6.81569e-07
-1.80065e-07
6.84224e-07
-2.05147e-07
6.89761e-07
-2.3819e-07
7.07643e-07
-2.87477e-07
7.1949e-07
-3.35539e-07
7.45651e-07
-3.74585e-07
7.54996e-07
-4.1568e-07
7.11743e-07
-3.45992e-07
6.38808e-07
-2.91402e-07
5.52387e-07
-2.24999e-07
4.56322e-07
-1.3912e-07
3.58158e-07
-9.15399e-08
3.0084e-07
-2.0565e-08
1.43178e-07
-3.21111e-08
4.07524e-09
-4.57289e-11
4.07502e-09
-8.09798e-10
3.62945e-09
-7.08089e-10
4.05271e-09
-6.2441e-10
3.76721e-09
-2.03586e-09
2.90837e-09
-2.66092e-09
1.80129e-09
-3.20489e-09
6.7587e-10
-3.60768e-09
-3.10884e-09
8.62019e-07
-1.71625e-07
8.14509e-07
-1.68056e-07
7.71853e-07
-1.61552e-07
7.35377e-07
-1.54014e-07
7.03814e-07
-1.46644e-07
6.77869e-07
-1.43214e-07
6.53124e-07
-1.46271e-07
6.33152e-07
-1.58213e-07
6.11948e-07
-1.84433e-07
5.98301e-07
-2.18864e-07
5.91348e-07
-2.78174e-07
5.84286e-07
-3.2099e-07
6.07258e-07
-3.85747e-07
5.70281e-07
-3.90859e-07
4.81819e-07
-2.56746e-07
3.76918e-07
-1.72795e-07
2.80618e-07
-9.15411e-08
1.31456e-07
-3.1976e-08
3.65767e-09
-2.96577e-12
3.57619e-09
-4.32323e-10
3.40266e-09
-1.17373e-10
3.81255e-09
1.48371e-10
3.68266e-09
-7.53479e-10
3.47705e-09
-8.23374e-10
3.38654e-09
-9.53964e-10
3.03862e-09
-1.53047e-09
2.39826e-09
-1.99577e-09
1.58501e-09
-2.35962e-09
7.38973e-10
-2.57022e-09
-2.50504e-09
8.67315e-07
-1.25055e-07
8.23126e-07
-1.23365e-07
7.81876e-07
-1.19904e-07
7.44102e-07
-1.16378e-07
7.09716e-07
-1.127e-07
6.78713e-07
-1.12634e-07
6.47698e-07
-1.16423e-07
6.19669e-07
-1.29489e-07
5.86256e-07
-1.52795e-07
5.62575e-07
-1.90339e-07
5.30382e-07
-2.48984e-07
5.15945e-07
-2.94647e-07
5.11882e-07
-3.83064e-07
3.93768e-07
-3.00734e-07
2.75133e-07
-1.17407e-07
1.28708e-07
-5.2983e-08
2.92895e-09
7.35956e-12
3.66689e-09
-1.03538e-10
3.56079e-09
2.39604e-10
3.4996e-09
-3.26832e-10
3.44325e-09
-1.66102e-10
3.49233e-09
-1.74704e-10
3.394e-09
-4.70311e-10
3.20955e-09
-6.39981e-10
2.97778e-09
-8.27326e-10
2.60247e-09
-1.13628e-09
2.06105e-09
-1.43208e-09
1.4015e-09
-1.66759e-09
6.95014e-10
-1.80854e-09
-1.83607e-09
8.70509e-07
-8.18345e-08
8.28403e-07
-8.10821e-08
7.8828e-07
-7.93897e-08
7.49417e-07
-7.7906e-08
7.12962e-07
-7.62997e-08
6.76692e-07
-7.73753e-08
6.40281e-07
-8.04578e-08
6.01024e-07
-9.11933e-08
5.55152e-07
-1.07475e-07
5.07642e-07
-1.40957e-07
4.42622e-07
-1.84358e-07
4.08256e-07
-2.43286e-07
3.23757e-07
-3.09817e-07
1.3501e-07
-1.2932e-07
1.99358e-08
-1.21735e-08
3.12986e-09
-4.15043e-10
3.33853e-09
1.79079e-10
3.47753e-09
-7.98729e-11
3.47723e-09
-2.77218e-12
3.43549e-09
-1.31409e-10
3.37842e-09
-1.38866e-10
3.31952e-09
-1.82803e-10
3.19145e-09
-3.1308e-10
2.98937e-09
-4.38915e-10
2.71257e-09
-5.79083e-10
2.33241e-09
-7.55227e-10
1.84199e-09
-9.28689e-10
1.26493e-09
-1.0701e-09
6.39584e-10
-1.1603e-09
-1.19463e-09
8.72293e-07
-4.04998e-08
8.31413e-07
-4.02061e-08
7.91912e-07
-3.95558e-08
7.52477e-07
-3.9015e-08
7.14798e-07
-3.85077e-08
6.75318e-07
-3.93005e-08
6.35959e-07
-4.10962e-08
5.89301e-07
-4.6908e-08
5.37571e-07
-5.53123e-08
4.69089e-07
-7.50369e-08
3.8603e-07
-9.88282e-08
2.99477e-07
-1.52382e-07
1.37537e-07
-1.62256e-07
1.43204e-08
-1.61314e-08
3.25765e-09
-6.32754e-11
3.65596e-09
-1.64603e-10
3.48203e-09
-1.19175e-11
3.46114e-09
-2.84726e-11
3.43509e-09
-2.21028e-11
3.38672e-09
-5.7166e-11
3.31541e-09
-7.51484e-11
3.21587e-09
-1.0456e-10
3.06292e-09
-1.60289e-10
2.84392e-09
-2.23517e-10
2.55071e-09
-2.94865e-10
2.17261e-09
-3.7686e-10
1.70956e-09
-4.57347e-10
1.17663e-09
-5.2384e-10
5.98393e-10
-5.67912e-10
-5.87513e-10
8.73058e-07
8.32824e-07
7.93488e-07
7.53959e-07
7.15485e-07
6.74788e-07
6.33636e-07
5.84049e-07
5.2917e-07
4.49877e-07
3.5364e-07
1.95157e-07
3.92886e-08
2.3341e-09
3.37088e-09
3.48784e-09
3.47326e-09
3.44989e-09
3.41529e-09
3.36089e-09
3.28065e-09
3.16565e-09
3.00042e-09
2.77269e-09
2.47373e-09
2.09778e-09
1.647e-09
1.13366e-09
5.77352e-10
)
;

boundaryField
{
    inlet1
    {
        type            calculated;
        value           nonuniform List<scalar> 10(-1e-07 -1e-07 -1e-07 -1e-07 -1e-07 -1e-07 -1e-07 -1e-07 -1e-07 -1e-07);
    }
    inlet2
    {
        type            calculated;
        value           uniform 0;
    }
    inlet3
    {
        type            calculated;
        value           nonuniform List<scalar> 10(-9.13394e-07 -9.13394e-07 -9.13394e-07 -9.13394e-07 -9.13394e-07 -9.13394e-07 -9.13394e-07 -9.13394e-07 -9.13394e-07 -9.13394e-07);
    }
    output1
    {
        type            calculated;
        value           uniform 0;
    }
    output2
    {
        type            calculated;
        value           nonuniform List<scalar> 10(1.34089e-08 8.49459e-09 6.79076e-09 6.07199e-09 4.93671e-09 1.24133e-06 2.02926e-06 2.30649e-06 2.20536e-06 2.31194e-06);
    }
    output3
    {
        type            calculated;
        value           uniform -0;
    }
    up
    {
        type            calculated;
        value           uniform 0;
    }
    down
    {
        type            calculated;
        value           uniform 0;
    }
    emptyWalls
    {
        type            empty;
        value           nonuniform List<scalar> 0();
    }
}


// ************************************************************************* //
