/*--------------------------------*- C++ -*----------------------------------*\
  =========                 |
  \\      /  F ield         | OpenFOAM: The Open Source CFD Toolbox
   \\    /   O peration     | Website:  https://openfoam.org
    \\  /    A nd           | Version:  9
     \\/     M anipulation  |
\*---------------------------------------------------------------------------*/
FoamFile
{
    format      ascii;
    class       volScalarField;
    location    "13500";
    object      Sw;
}
// * * * * * * * * * * * * * * * * * * * * * * * * * * * * * * * * * * * * * //

dimensions      [0 0 0 0 0 0 0];

internalField   nonuniform List<scalar> 
900
(
0.683282
0.476422
0.496266
0.406349
0.151276
0.15
0.15
0.15
0.15
0.15
0.15
0.15
0.15
0.15
0.15
0.15
0.15
0.15
0.15
0.15
0.15
0.15
0.15
0.15
0.15
0.15
0.15
0.15
0.15
0.15
0.740357
0.799505
0.857836
0.368398
0.15012
0.15
0.15
0.15
0.15
0.15
0.15
0.15
0.15
0.15
0.15
0.15
0.15
0.15
0.15
0.15
0.15
0.15
0.15
0.15
0.15
0.15
0.15
0.15
0.15
0.15
0.703746
0.680105
0.551092
0.319756
0.150032
0.15
0.15
0.15
0.15
0.15
0.15
0.15
0.15
0.15
0.15
0.15
0.15
0.15
0.15
0.15
0.15
0.15
0.15
0.15
0.15
0.15
0.15
0.15
0.15
0.15
0.790503
0.607785
0.534019
0.280109
0.150004
0.15
0.15
0.15
0.15
0.15
0.15
0.15
0.15
0.15
0.15
0.15
0.15
0.15
0.15
0.15
0.15
0.15
0.15
0.15
0.15
0.15
0.15
0.15
0.15
0.15
0.705377
0.583456
0.540521
0.234904
0.15
0.15
0.15
0.15
0.15
0.15
0.15
0.15
0.15
0.15
0.15
0.15
0.15
0.15
0.15
0.15
0.15
0.15
0.15
0.15
0.15
0.15
0.15
0.15
0.15
0.15
0.695618
0.584168
0.541846
0.178264
0.15
0.15
0.15
0.15
0.15
0.15
0.15
0.15
0.15
0.15
0.15
0.15
0.15
0.15
0.15
0.15
0.15
0.15
0.15
0.15
0.15
0.15
0.15
0.15
0.15
0.15
0.684932
0.589887
0.574194
0.152431
0.15
0.15
0.15
0.15
0.15
0.15
0.15
0.15
0.15
0.15
0.15
0.15
0.15
0.15
0.15
0.15
0.15
0.15
0.15
0.15
0.15
0.15
0.15
0.15
0.15
0.15
0.722027
0.584621
0.413615
0.150104
0.15
0.15
0.15
0.15
0.15
0.15
0.15
0.15
0.15
0.15
0.15
0.15
0.15
0.15
0.15
0.15
0.15
0.15
0.15
0.15
0.15
0.15
0.15
0.15
0.15
0.15
0.742983
0.572423
0.256695
0.150001
0.15
0.15
0.15
0.15
0.15
0.15
0.15
0.15
0.15
0.15
0.15
0.15
0.15
0.15
0.15
0.15
0.15
0.15
0.15
0.15
0.15
0.15
0.15
0.15
0.15
0.15
0.783934
0.638495
0.237997
0.15
0.15
0.15
0.15
0.15
0.15
0.15
0.15
0.15
0.15
0.15
0.15
0.15
0.15
0.15
0.15
0.15
0.15
0.15
0.15
0.15
0.15
0.15
0.15
0.15
0.15
0.15
0.819346
0.612089
0.473188
0.153041
0.15
0.15
0.15
0.15
0.15
0.15
0.15
0.15
0.15
0.15
0.15
0.15
0.15
0.15
0.15
0.15
0.15
0.15
0.15
0.15
0.15
0.15
0.15
0.15
0.15
0.15
0.860622
0.706644
0.570663
0.491398
0.157097
0.150006
0.15
0.15
0.15
0.15
0.15
0.15
0.15
0.15
0.15
0.15
0.15
0.15
0.15
0.15
0.15
0.15
0.15
0.15
0.15
0.15
0.15
0.15
0.15
0.15
0.932322
0.613947
0.522348
0.485779
0.486837
0.477413
0.160343
0.15
0.15
0.15
0.15
0.15
0.15
0.15
0.15
0.15
0.15
0.15
0.15
0.15
0.15
0.15
0.15
0.15
0.15
0.15
0.15
0.15
0.15
0.15
1.0029
0.845238
0.74751
0.625885
0.570769
0.575453
0.445437
0.150399
0.150002
0.150002
0.150001
0.150001
0.150001
0.15
0.15
0.15
0.15
0.15
0.15
0.15
0.15
0.15
0.15
0.15
0.15
0.15
0.15
0.15
0.15
0.15
0.854234
0.83546
0.749853
0.708596
0.639345
0.618828
0.580005
0.569525
0.571373
0.580864
0.572558
0.583789
0.443344
0.171271
0.182126
0.190849
0.195626
0.19841
0.199792
0.201378
0.205598
0.211188
0.21732
0.224604
0.233229
0.243073
0.254297
0.255673
0.23341
0.18263
0.65944
0.660143
0.629266
0.644819
0.615495
0.596546
0.591215
0.591257
0.587197
0.592529
0.578392
0.575733
0.542764
0.53079
0.532366
0.535761
0.538315
0.540189
0.541708
0.543061
0.544324
0.545469
0.546474
0.547264
0.54797
0.548594
0.54964
0.550817
0.552625
0.55294
0.619014
0.602938
0.594735
0.591514
0.585858
0.576851
0.576748
0.578268
0.576312
0.576558
0.572073
0.569776
0.567554
0.563973
0.564145
0.566352
0.568648
0.570539
0.572078
0.573383
0.574529
0.575496
0.576301
0.576806
0.577151
0.57714
0.577397
0.57762
0.57916
0.579821
0.594512
0.589827
0.587986
0.586111
0.585843
0.584922
0.584861
0.58533
0.585229
0.584538
0.583657
0.582455
0.583749
0.583938
0.584053
0.584799
0.585799
0.586734
0.58745
0.588006
0.588339
0.588581
0.58858
0.588476
0.587891
0.587054
0.585416
0.583734
0.582415
0.582969
0.587784
0.586073
0.590119
0.594092
0.597123
0.599059
0.599542
0.59946
0.599026
0.598548
0.598338
0.598341
0.598971
0.598883
0.598088
0.597277
0.596719
0.596279
0.595786
0.595158
0.594326
0.593365
0.592268
0.591151
0.589617
0.58789
0.584688
0.580708
0.573974
0.569734
0.586025
0.596276
0.604699
0.609038
0.610862
0.61126
0.610568
0.6093
0.607935
0.606764
0.605953
0.605317
0.604586
0.603346
0.601739
0.600024
0.598496
0.596984
0.595374
0.593531
0.591462
0.589107
0.586763
0.584257
0.582
0.579249
0.575574
0.571753
0.560242
0.549425
0.609451
0.620808
0.620707
0.617445
0.614142
0.611341
0.60877
0.606429
0.604347
0.602745
0.601573
0.600653
0.599773
0.598695
0.59758
0.596186
0.594656
0.59263
0.590117
0.587131
0.583728
0.580153
0.576184
0.571715
0.569257
0.564171
0.562451
0.556543
0.567005
0.579323
0.596414
0.59314
0.593038
0.593815
0.594667
0.595537
0.596088
0.596623
0.59686
0.597421
0.597744
0.598233
0.598297
0.597914
0.597067
0.595203
0.592645
0.588888
0.58458
0.579299
0.573573
0.568911
0.561741
0.555111
0.549658
0.544256
0.541911
0.538161
0.535078
0.483132
0.598732
0.600355
0.603642
0.606436
0.607902
0.608448
0.608036
0.607434
0.606046
0.605102
0.603255
0.602247
0.600178
0.598308
0.595523
0.591345
0.585996
0.579057
0.572745
0.564016
0.555905
0.549426
0.539306
0.531771
0.513575
0.508556
0.507953
0.50615
0.502187
0.240716
0.59939
0.598618
0.598251
0.598146
0.597933
0.597583
0.596999
0.596469
0.595582
0.595399
0.594116
0.594682
0.592477
0.592108
0.588198
0.582166
0.573402
0.562914
0.554242
0.542614
0.534524
0.51546
0.507379
0.511298
0.209588
0.15
0.15
0.15
0.15
0.15
0.599502
0.598928
0.598898
0.599466
0.600289
0.601027
0.601733
0.601882
0.601973
0.60134
0.599906
0.599012
0.594118
0.593169
0.583285
0.572175
0.556929
0.542421
0.520785
0.511927
0.515993
0.213033
0.15
0.15
0.15
0.15
0.15
0.15
0.15
0.15
0.599666
0.599321
0.59915
0.599328
0.599635
0.599883
0.600268
0.599697
0.599767
0.597208
0.596438
0.591827
0.587134
0.583918
0.56369
0.548843
0.520507
0.513515
0.19167
0.15
0.15
0.15
0.15
0.15
0.15
0.15
0.15
0.15
0.15
0.15
0.599775
0.599602
0.599397
0.599603
0.599755
0.600281
0.600709
0.600907
0.601403
0.599413
0.599814
0.591522
0.589481
0.572978
0.533396
0.526478
0.27126
0.15
0.15
0.15
0.15
0.15
0.15
0.15
0.15
0.15
0.15
0.15
0.15
0.15
0.59985
0.599797
0.599609
0.599887
0.599896
0.60066
0.600823
0.601919
0.601849
0.601725
0.59998
0.590781
0.58832
0.541544
0.425024
0.150307
0.15
0.15
0.15
0.15
0.15
0.15
0.15
0.15
0.15
0.15
0.15
0.15
0.15
0.15
0.599901
0.599909
0.599767
0.600072
0.600056
0.600933
0.601018
0.602778
0.602517
0.605029
0.601575
0.599058
0.582427
0.448157
0.150388
0.15
0.15
0.15
0.15
0.15
0.15
0.15
0.15
0.15
0.15
0.15
0.15
0.15
0.15
0.15
0.599941
0.599942
0.599877
0.600125
0.600209
0.600994
0.601262
0.603041
0.603196
0.606685
0.60424
0.609168
0.562051
0.173522
0.15
0.15
0.15
0.15
0.15
0.15
0.15
0.15
0.15
0.15
0.15
0.15
0.15
0.15
0.15
0.15
)
;

boundaryField
{
    inlet1
    {
        type            fixedValue;
        value           uniform 0.85;
    }
    inlet2
    {
        type            zeroGradient;
    }
    inlet3
    {
        type            fixedValue;
        value           uniform 0.6;
    }
    output1
    {
        type            zeroGradient;
    }
    output2
    {
        type            zeroGradient;
    }
    output3
    {
        type            zeroGradient;
    }
    up
    {
        type            zeroGradient;
    }
    down
    {
        type            zeroGradient;
    }
    emptyWalls
    {
        type            empty;
    }
}


// ************************************************************************* //
