/*--------------------------------*- C++ -*----------------------------------*\
  =========                 |
  \\      /  F ield         | OpenFOAM: The Open Source CFD Toolbox
   \\    /   O peration     | Website:  https://openfoam.org
    \\  /    A nd           | Version:  9
     \\/     M anipulation  |
\*---------------------------------------------------------------------------*/
FoamFile
{
    format      ascii;
    class       volVectorField;
    location    "13500";
    object      ut;
}
// * * * * * * * * * * * * * * * * * * * * * * * * * * * * * * * * * * * * * //

dimensions      [0 1 -1 0 0 0 0];

internalField   nonuniform List<vector> 
900
(
(3.4162e-06 2.30514e-06 -0)
(1.10265e-07 1.93154e-08 -0)
(2.6944e-07 -1.05562e-09 -0)
(3.01153e-07 -2.97666e-08 -0)
(1.54052e-07 2.25647e-08 -0)
(2.43186e-07 1.08063e-08 -0)
(2.26728e-07 5.30451e-09 -0)
(2.1891e-07 2.51419e-09 -0)
(2.15394e-07 1.00172e-09 -0)
(2.14245e-07 1.47261e-10 -0)
(2.14424e-07 -3.26436e-10 -0)
(2.153e-07 -5.4896e-10 -0)
(2.16433e-07 -5.83854e-10 -0)
(2.1748e-07 -4.63811e-10 -0)
(2.18151e-07 -2.06261e-10 -0)
(2.18177e-07 1.79797e-10 -0)
(2.17306e-07 6.90921e-10 -0)
(2.15288e-07 1.32798e-09 -0)
(2.11864e-07 2.09527e-09 -0)
(2.0677e-07 2.99924e-09 -0)
(1.99724e-07 4.04649e-09 -0)
(1.90437e-07 5.24069e-09 -0)
(1.78618e-07 6.5782e-09 -0)
(1.63998e-07 8.04227e-09 -0)
(1.4636e-07 9.59609e-09 -0)
(1.25588e-07 1.11759e-08 -0)
(1.01725e-07 1.26865e-08 -0)
(7.50336e-08 1.40044e-08 -0)
(4.60373e-08 1.49913e-08 -0)
(1.55228e-08 1.55225e-08 -0)
(3.69517e-06 1.11703e-05 -0)
(5.6778e-06 8.19632e-06 -0)
(2.26115e-06 2.30435e-06 -0)
(1.94226e-07 -7.3795e-09 -0)
(1.68659e-07 5.38226e-08 -0)
(2.25802e-07 2.63562e-08 -0)
(2.18436e-07 1.32021e-08 -0)
(2.14607e-07 6.26467e-09 -0)
(2.13027e-07 2.3472e-09 -0)
(2.12917e-07 6.10652e-11 -0)
(2.13728e-07 -1.23044e-09 -0)
(2.15042e-07 -1.83448e-09 -0)
(2.16518e-07 -1.90647e-09 -0)
(2.17858e-07 -1.52893e-09 -0)
(2.18794e-07 -7.47278e-10 -0)
(2.19074e-07 4.14331e-10 -0)
(2.18455e-07 1.94683e-09 -0)
(2.16692e-07 3.85373e-09 -0)
(2.13536e-07 6.14915e-09 -0)
(2.08721e-07 8.85446e-09 -0)
(2.01966e-07 1.19925e-08 -0)
(1.92969e-07 1.55787e-08 -0)
(1.8142e-07 1.96079e-08 -0)
(1.67016e-07 2.40369e-08 -0)
(1.49494e-07 2.87621e-08 -0)
(1.28678e-07 3.35964e-08 -0)
(1.04554e-07 3.82522e-08 -0)
(7.73384e-08 4.23439e-08 -0)
(4.75553e-08 4.54292e-08 -0)
(1.6054e-08 4.70986e-08 -0)
(4.69679e-08 9.46863e-06 -0)
(-1.29813e-06 5.69123e-06 -0)
(8.55181e-08 9.4154e-07 -0)
(9.31408e-08 6.07967e-09 -0)
(1.8326e-07 5.05427e-08 -0)
(2.02538e-07 2.79065e-08 -0)
(2.06637e-07 1.4883e-08 -0)
(2.08055e-07 6.99511e-09 -0)
(2.0919e-07 2.06134e-09 -0)
(2.10667e-07 -1.01975e-09 -0)
(2.12528e-07 -2.82196e-09 -0)
(2.14624e-07 -3.6521e-09 -0)
(2.16738e-07 -3.6787e-09 -0)
(2.1864e-07 -2.99819e-09 -0)
(2.20094e-07 -1.66829e-09 -0)
(2.20871e-07 2.77948e-10 -0)
(2.20746e-07 2.82828e-09 -0)
(2.1949e-07 5.99086e-09 -0)
(2.16865e-07 9.79299e-09 -0)
(2.12613e-07 1.42767e-08 -0)
(2.06448e-07 1.94901e-08 -0)
(1.98053e-07 2.54734e-08 -0)
(1.87077e-07 3.22376e-08 -0)
(1.73152e-07 3.97351e-08 -0)
(1.5592e-07 4.78188e-08 -0)
(1.35078e-07 5.61956e-08 -0)
(1.10473e-07 6.43818e-08 -0)
(8.22107e-08 7.16897e-08 -0)
(5.0792e-08 7.72831e-08 -0)
(1.71922e-08 8.03444e-08 -0)
(2.0114e-06 4.01265e-05 -0)
(4.95456e-07 4.34573e-06 -0)
(3.2013e-07 1.64998e-06 -0)
(6.72677e-08 7.31392e-09 -0)
(1.91136e-07 2.86506e-08 -0)
(1.90135e-07 1.98655e-08 -0)
(1.97525e-07 1.1428e-08 -0)
(2.01785e-07 4.77147e-09 -0)
(2.05012e-07 -7.72621e-11 -0)
(2.08033e-07 -3.37958e-09 -0)
(2.11095e-07 -5.38567e-09 -0)
(2.14185e-07 -6.27348e-09 -0)
(2.17172e-07 -6.15824e-09 -0)
(2.19868e-07 -5.11703e-09 -0)
(2.2207e-07 -3.20578e-09 -0)
(2.23571e-07 -4.62638e-10 -0)
(2.24168e-07 3.09735e-09 -0)
(2.23657e-07 7.48826e-09 -0)
(2.21821e-07 1.27549e-08 -0)
(2.18418e-07 1.89688e-08 -0)
(2.13162e-07 2.62173e-08 -0)
(2.05716e-07 3.45865e-08 -0)
(1.95682e-07 4.41338e-08 -0)
(1.82597e-07 5.48469e-08 -0)
(1.65954e-07 6.65828e-08 -0)
(1.45241e-07 7.89855e-08 -0)
(1.20048e-07 9.13901e-08 -0)
(9.02396e-08 1.02751e-07 -0)
(5.62099e-08 1.11669e-07 -0)
(1.91153e-08 1.16651e-07 -0)
(3.78076e-06 2.9074e-05 -0)
(1.28945e-06 5.30219e-06 -0)
(5.62291e-07 2.65283e-06 -0)
(7.08891e-08 1.04972e-08 -0)
(1.92326e-07 1.3449e-08 -0)
(1.85315e-07 1.14831e-08 -0)
(1.91543e-07 6.19205e-09 -0)
(1.96549e-07 7.40025e-10 -0)
(2.01039e-07 -3.76239e-09 -0)
(2.05359e-07 -7.03581e-09 -0)
(2.09635e-07 -9.06787e-09 -0)
(2.13851e-07 -9.89808e-09 -0)
(2.17895e-07 -9.56399e-09 -0)
(2.21592e-07 -8.10613e-09 -0)
(2.24748e-07 -5.57534e-09 -0)
(2.27174e-07 -2.02021e-09 -0)
(2.28697e-07 2.53541e-09 -0)
(2.29148e-07 8.1098e-09 -0)
(2.28346e-07 1.47696e-08 -0)
(2.26076e-07 2.26261e-08 -0)
(2.22066e-07 3.18236e-08 -0)
(2.15969e-07 4.25211e-08 -0)
(2.07337e-07 5.48639e-08 -0)
(1.95601e-07 6.89357e-08 -0)
(1.80058e-07 8.46802e-08 -0)
(1.59885e-07 1.01774e-07 -0)
(1.34238e-07 1.19443e-07 -0)
(1.0249e-07 1.36253e-07 -0)
(6.4693e-08 1.49992e-07 -0)
(2.21746e-08 1.57941e-07 -0)
(3.18662e-06 4.29328e-05 -0)
(1.10983e-06 7.61686e-06 -0)
(4.95854e-07 2.99388e-06 -0)
(8.64354e-08 1.4532e-08 -0)
(1.87452e-07 8.84787e-09 -0)
(1.82879e-07 6.42663e-09 -0)
(1.86782e-07 1.11714e-09 -0)
(1.91831e-07 -4.24111e-09 -0)
(1.97236e-07 -8.67667e-09 -0)
(2.02728e-07 -1.19336e-08 -0)
(2.08233e-07 -1.39521e-08 -0)
(2.13689e-07 -1.46871e-08 -0)
(2.18964e-07 -1.40937e-08 -0)
(2.23857e-07 -1.21683e-08 -0)
(2.28156e-07 -8.96936e-09 -0)
(2.31682e-07 -4.57831e-09 -0)
(2.34298e-07 9.54727e-10 -0)
(2.35891e-07 7.64606e-09 -0)
(2.36338e-07 1.5588e-08 -0)
(2.35472e-07 2.49427e-08 -0)
(2.33057e-07 3.59298e-08 -0)
(2.28757e-07 4.88103e-08 -0)
(2.22096e-07 6.38645e-08 -0)
(2.12414e-07 8.13518e-08 -0)
(1.98792e-07 1.01428e-07 -0)
(1.80004e-07 1.23986e-07 -0)
(1.54528e-07 1.48355e-07 -0)
(1.20788e-07 1.72829e-07 -0)
(7.78978e-08 1.94103e-07 -0)
(2.70648e-08 2.0718e-07 -0)
(2.79246e-07 4.28628e-05 -0)
(-7.28041e-07 9.45807e-06 -0)
(-2.69678e-07 4.96939e-06 -0)
(9.35479e-08 2.93599e-08 -0)
(1.82311e-07 1.42108e-08 -0)
(1.77584e-07 4.25851e-09 -0)
(1.80875e-07 -3.90895e-09 -0)
(1.86756e-07 -1.0145e-08 -0)
(1.93347e-07 -1.47697e-08 -0)
(2.00083e-07 -1.807e-08 -0)
(2.06881e-07 -2.01196e-08 -0)
(2.13709e-07 -2.08046e-08 -0)
(2.20413e-07 -1.99552e-08 -0)
(2.26716e-07 -1.75041e-08 -0)
(2.32338e-07 -1.35554e-08 -0)
(2.37098e-07 -8.27832e-09 -0)
(2.40921e-07 -1.78411e-09 -0)
(2.43781e-07 5.93197e-09 -0)
(2.45642e-07 1.49941e-08 -0)
(2.46417e-07 2.56278e-08 -0)
(2.45934e-07 3.81433e-08 -0)
(2.43904e-07 5.29259e-08 -0)
(2.39879e-07 7.04321e-08 -0)
(2.33165e-07 9.11785e-08 -0)
(2.22692e-07 1.15696e-07 -0)
(2.06811e-07 1.44387e-07 -0)
(1.8308e-07 1.77161e-07 -0)
(1.48238e-07 2.12603e-07 -0)
(9.90449e-08 2.46412e-07 -0)
(3.52518e-08 2.69497e-07 -0)
(-1.6916e-06 6.54295e-05 -0)
(-2.48356e-06 9.06497e-06 -0)
(1.08399e-07 2.96718e-07 -0)
(9.61402e-08 5.73081e-08 -0)
(1.62043e-07 1.96696e-08 -0)
(1.64759e-07 3.05654e-10 -0)
(1.72378e-07 -1.08664e-08 -0)
(1.8097e-07 -1.76601e-08 -0)
(1.89311e-07 -2.21871e-08 -0)
(1.97378e-07 -2.54571e-08 -0)
(2.05499e-07 -2.76518e-08 -0)
(2.13854e-07 -2.84563e-08 -0)
(2.22264e-07 -2.74183e-08 -0)
(2.30257e-07 -2.43374e-08 -0)
(2.37382e-07 -1.94695e-08 -0)
(2.43453e-07 -1.31953e-08 -0)
(2.48508e-07 -5.74485e-09 -0)
(2.52669e-07 2.87193e-09 -0)
(2.56034e-07 1.28287e-08 -0)
(2.58621e-07 2.44317e-08 -0)
(2.60355e-07 3.80905e-08 -0)
(2.61045e-07 5.43186e-08 -0)
(2.60349e-07 7.37598e-08 -0)
(2.57677e-07 9.72342e-08 -0)
(2.52001e-07 1.25789e-07 -0)
(2.4147e-07 1.60706e-07 -0)
(2.22744e-07 2.033e-07 -0)
(1.90039e-07 2.54011e-07 -0)
(1.34792e-07 3.09446e-07 -0)
(5.01495e-08 3.54899e-07 -0)
(2.36943e-06 6.93584e-05 -0)
(-7.17601e-08 6.20221e-06 -0)
(2.10624e-08 1.72624e-08 -0)
(8.88952e-08 4.13813e-08 -0)
(1.25283e-07 7.31563e-09 -0)
(1.47048e-07 -1.1839e-08 -0)
(1.62909e-07 -2.22021e-08 -0)
(1.75435e-07 -2.74417e-08 -0)
(1.8555e-07 -3.08613e-08 -0)
(1.94619e-07 -3.39194e-08 -0)
(2.03882e-07 -3.65742e-08 -0)
(2.13943e-07 -3.79504e-08 -0)
(2.24532e-07 -3.69241e-08 -0)
(2.34665e-07 -3.29575e-08 -0)
(2.4348e-07 -2.679e-08 -0)
(2.50823e-07 -1.92887e-08 -0)
(2.56988e-07 -1.08723e-08 -0)
(2.62354e-07 -1.52874e-09 -0)
(2.67202e-07 9.01665e-09 -0)
(2.71679e-07 2.11798e-08 -0)
(2.75821e-07 3.54689e-08 -0)
(2.79573e-07 5.24987e-08 -0)
(2.82794e-07 7.30545e-08 -0)
(2.85195e-07 9.82096e-08 -0)
(2.86164e-07 1.29521e-07 -0)
(2.84323e-07 1.69348e-07 -0)
(2.76385e-07 2.21323e-07 -0)
(2.54384e-07 2.90695e-07 -0)
(1.99932e-07 3.82463e-07 -0)
(8.07041e-08 4.85752e-07 -0)
(2.40243e-06 8.4493e-05 -0)
(3.90952e-07 1.2457e-05 -0)
(2.07269e-08 1.12754e-08 -0)
(7.70849e-08 -9.98349e-09 -0)
(1.08822e-07 -1.99314e-08 -0)
(1.35241e-07 -3.27751e-08 -0)
(1.56775e-07 -3.86611e-08 -0)
(1.72311e-07 -3.90432e-08 -0)
(1.82833e-07 -3.98967e-08 -0)
(1.91665e-07 -4.27856e-08 -0)
(2.01468e-07 -4.6775e-08 -0)
(2.13504e-07 -4.98474e-08 -0)
(2.27257e-07 -4.93706e-08 -0)
(2.40391e-07 -4.37785e-08 -0)
(2.51051e-07 -3.54447e-08 -0)
(2.59371e-07 -2.6297e-08 -0)
(2.66268e-07 -1.69272e-08 -0)
(2.72558e-07 -7.13253e-09 -0)
(2.78742e-07 3.58604e-09 -0)
(2.85074e-07 1.58015e-08 -0)
(2.91674e-07 3.01065e-08 -0)
(2.98631e-07 4.71531e-08 -0)
(3.0606e-07 6.77504e-08 -0)
(3.14144e-07 9.3029e-08 -0)
(3.23139e-07 1.24736e-07 -0)
(3.33272e-07 1.65842e-07 -0)
(3.44091e-07 2.21948e-07 -0)
(3.5118e-07 3.04982e-07 -0)
(3.29849e-07 4.4396e-07 -0)
(1.53439e-07 7.19895e-07 -0)
(2.0245e-06 8.70486e-05 -0)
(1.08863e-06 5.73799e-06 -0)
(3.66509e-07 4.9345e-07 -0)
(5.18098e-08 -1.34194e-08 -0)
(1.02492e-07 -4.50015e-08 -0)
(1.28318e-07 -6.06693e-08 -0)
(1.56641e-07 -6.06244e-08 -0)
(1.74199e-07 -5.01733e-08 -0)
(1.81807e-07 -4.68967e-08 -0)
(1.8774e-07 -5.05508e-08 -0)
(1.9682e-07 -5.78925e-08 -0)
(2.11347e-07 -6.52933e-08 -0)
(2.30601e-07 -6.69323e-08 -0)
(2.48591e-07 -5.73414e-08 -0)
(2.60962e-07 -4.49136e-08 -0)
(2.69341e-07 -3.35274e-08 -0)
(2.76153e-07 -2.34051e-08 -0)
(2.82868e-07 -1.36608e-08 -0)
(2.90136e-07 -3.34191e-09 -0)
(2.982e-07 8.33326e-09 -0)
(3.07172e-07 2.20023e-08 -0)
(3.17217e-07 3.82568e-08 -0)
(3.2867e-07 5.77651e-08 -0)
(3.42181e-07 8.14199e-08 -0)
(3.58977e-07 1.10553e-07 -0)
(3.81535e-07 1.47334e-07 -0)
(4.15526e-07 1.95646e-07 -0)
(4.76396e-07 2.63326e-07 -0)
(6.14845e-07 3.68499e-07 -0)
(1.02709e-06 5.59526e-07 -0)
(-4.24777e-08 8.11987e-05 -0)
(2.72536e-06 1.37187e-05 -0)
(2.01493e-06 2.44675e-06 -0)
(1.45309e-06 7.61608e-07 -0)
(5.98915e-08 -1.24426e-08 -0)
(1.19615e-07 -4.0812e-08 -0)
(1.67272e-07 -9.42536e-08 -0)
(1.86038e-07 -5.41288e-08 -0)
(1.82456e-07 -4.69658e-08 -0)
(1.80669e-07 -5.46272e-08 -0)
(1.86725e-07 -6.8951e-08 -0)
(2.04464e-07 -8.65008e-08 -0)
(2.35209e-07 -9.57238e-08 -0)
(2.6241e-07 -7.37413e-08 -0)
(2.74865e-07 -5.33392e-08 -0)
(2.80879e-07 -3.94956e-08 -0)
(2.86134e-07 -2.95027e-08 -0)
(2.92621e-07 -2.07619e-08 -0)
(3.00736e-07 -1.16252e-08 -0)
(3.10418e-07 -1.12844e-09 -0)
(3.21598e-07 1.13126e-08 -0)
(3.34394e-07 2.61068e-08 -0)
(3.49223e-07 4.36334e-08 -0)
(3.66932e-07 6.43323e-08 -0)
(3.89054e-07 8.87233e-08 -0)
(4.18365e-07 1.17296e-07 -0)
(4.60082e-07 1.49977e-07 -0)
(5.24032e-07 1.84176e-07 -0)
(6.26049e-07 2.07182e-07 -0)
(7.69195e-07 1.65455e-07 -0)
(1.18231e-05 8.38834e-05 -0)
(2.53781e-06 2.28262e-06 -0)
(1.62567e-06 7.36104e-07 -0)
(1.89672e-06 5.36477e-07 -0)
(3.11505e-06 1.01041e-06 -0)
(2.37882e-06 1.53521e-07 -0)
(1.37072e-07 -3.28492e-08 -0)
(2.21487e-07 -2.7844e-08 -0)
(1.81309e-07 -3.22121e-08 -0)
(1.65755e-07 -5.20409e-08 -0)
(1.64946e-07 -7.67839e-08 -0)
(1.84574e-07 -1.16035e-07 -0)
(2.43361e-07 -1.5572e-07 -0)
(2.90975e-07 -8.85642e-08 -0)
(2.95207e-07 -5.52053e-08 -0)
(2.93177e-07 -4.16103e-08 -0)
(2.94887e-07 -3.43499e-08 -0)
(3.00745e-07 -2.82582e-08 -0)
(3.0977e-07 -2.12677e-08 -0)
(3.21137e-07 -1.2534e-08 -0)
(3.34407e-07 -1.73016e-09 -0)
(3.49538e-07 1.12244e-08 -0)
(3.66896e-07 2.63295e-08 -0)
(3.87271e-07 4.35526e-08 -0)
(4.11941e-07 6.27115e-08 -0)
(4.42788e-07 8.31499e-08 -0)
(4.82406e-07 1.02788e-07 -0)
(5.33602e-07 1.16218e-07 -0)
(5.96124e-07 1.10601e-07 -0)
(6.5445e-07 6.05649e-08 -0)
(4.59946e-05 6.4164e-05 -0)
(4.85805e-05 2.6686e-05 -0)
(4.50358e-05 1.08677e-05 -0)
(2.2902e-05 3.68586e-06 -0)
(1.65809e-05 1.40469e-06 -0)
(2.2131e-05 5.0008e-06 -0)
(3.40896e-06 1.29545e-06 -0)
(1.87856e-07 6.98027e-09 -0)
(1.58258e-07 -9.93008e-09 -0)
(1.36096e-07 -2.44818e-08 -0)
(1.2273e-07 -3.98391e-08 -0)
(1.25527e-07 -6.70079e-08 -0)
(2.62679e-07 -1.16798e-07 -0)
(3.62925e-07 -7.06185e-08 -0)
(3.21819e-07 -3.80584e-08 -0)
(3.01734e-07 -3.88877e-08 -0)
(2.99487e-07 -4.00199e-08 -0)
(3.05703e-07 -3.88456e-08 -0)
(3.1646e-07 -3.47802e-08 -0)
(3.29955e-07 -2.78906e-08 -0)
(3.45356e-07 -1.84546e-08 -0)
(3.62454e-07 -6.8029e-09 -0)
(3.81551e-07 6.67075e-09 -0)
(4.03314e-07 2.15843e-08 -0)
(4.28651e-07 3.73657e-08 -0)
(4.58441e-07 5.30929e-08 -0)
(4.93151e-07 6.62964e-08 -0)
(5.31845e-07 7.2241e-08 -0)
(5.70396e-07 6.20225e-08 -0)
(5.9803e-07 2.73966e-08 -0)
(1.95358e-05 -1.18014e-05 -0)
(6.23434e-05 3.68879e-06 -0)
(6.21636e-05 1.45971e-05 -0)
(7.68657e-05 2.36645e-05 -0)
(5.34897e-05 1.11685e-05 -0)
(6.06224e-05 1.51234e-05 -0)
(4.66656e-05 1.62856e-05 -0)
(4.63928e-05 4.93836e-06 -0)
(4.49112e-05 7.03909e-07 -0)
(4.77311e-05 9.79464e-07 -0)
(3.74043e-05 2.35484e-06 -0)
(3.96746e-05 9.41348e-06 -0)
(5.68727e-06 1.29801e-06 -0)
(3.37064e-07 5.30239e-09 -0)
(2.8404e-07 -9.533e-09 -0)
(2.43322e-07 -1.53662e-08 -0)
(2.41198e-07 -1.80675e-08 -0)
(2.47132e-07 -1.864e-08 -0)
(2.57436e-07 -1.7528e-08 -0)
(2.68953e-07 -1.49572e-08 -0)
(2.78029e-07 -1.1128e-08 -0)
(2.85843e-07 -6.49063e-09 -0)
(2.93614e-07 -1.40793e-09 -0)
(3.01066e-07 3.85403e-09 -0)
(3.08761e-07 8.96623e-09 -0)
(3.1766e-07 1.36405e-08 -0)
(3.28916e-07 1.71982e-08 -0)
(3.46411e-07 1.87413e-08 -0)
(3.83583e-07 1.62984e-08 -0)
(4.89806e-07 8.02121e-09 -0)
(2.49411e-06 -1.54922e-05 -0)
(1.04812e-05 -1.12745e-05 -0)
(1.64761e-05 -1.81166e-06 -0)
(3.89797e-05 6.79219e-06 -0)
(4.23164e-05 1.06678e-05 -0)
(4.6849e-05 1.12476e-05 -0)
(5.4135e-05 1.21404e-05 -0)
(5.98217e-05 6.52542e-06 -0)
(5.61882e-05 2.69525e-06 -0)
(6.01763e-05 4.50876e-06 -0)
(4.90087e-05 7.89018e-06 -0)
(5.55973e-05 1.77014e-05 -0)
(4.40798e-05 1.98094e-05 -0)
(4.33502e-05 6.63469e-06 -0)
(4.4696e-05 6.24444e-08 -0)
(4.64547e-05 -9.34636e-07 -0)
(4.93725e-05 -1.33011e-06 -0)
(5.30161e-05 -1.53676e-06 -0)
(5.71336e-05 -1.67587e-06 -0)
(6.16127e-05 -1.78283e-06 -0)
(6.64022e-05 -1.86898e-06 -0)
(7.14369e-05 -1.94499e-06 -0)
(7.67386e-05 -2.03168e-06 -0)
(8.22943e-05 -2.16915e-06 -0)
(8.84135e-05 -2.40753e-06 -0)
(9.50931e-05 -2.75566e-06 -0)
(0.000102988 -3.10648e-06 -0)
(0.000110931 -3.1388e-06 -0)
(0.000119293 -2.48937e-06 -0)
(0.00012308 -9.9744e-07 -0)
(3.35324e-06 -2.42635e-05 -0)
(8.38533e-06 -1.5467e-05 -0)
(1.43324e-05 -8.18302e-06 -0)
(2.22151e-05 -1.84976e-06 -0)
(2.99528e-05 3.47399e-06 -0)
(3.47107e-05 5.08278e-06 -0)
(4.11872e-05 4.73938e-06 -0)
(4.62486e-05 3.40535e-06 -0)
(4.71361e-05 2.5701e-06 -0)
(4.981e-05 4.51465e-06 -0)
(5.05453e-05 7.92845e-06 -0)
(5.63721e-05 1.28651e-05 -0)
(6.46474e-05 1.40903e-05 -0)
(6.88794e-05 5.51027e-06 -0)
(7.29673e-05 -1.42599e-06 -0)
(7.77805e-05 -4.71118e-06 -0)
(8.34781e-05 -6.30848e-06 -0)
(8.99284e-05 -7.22365e-06 -0)
(9.69458e-05 -7.86334e-06 -0)
(0.000104388 -8.37396e-06 -0)
(0.000112176 -8.79071e-06 -0)
(0.000120164 -9.14392e-06 -0)
(0.000128395 -9.50896e-06 -0)
(0.000136674 -1.00641e-05 -0)
(0.000145535 -1.1033e-05 -0)
(0.000154706 -1.25687e-05 -0)
(0.000165844 -1.43718e-05 -0)
(0.000177345 -1.52172e-05 -0)
(0.000191771 -1.2875e-05 -0)
(0.000200612 -5.51403e-06 -0)
(3.89784e-06 -2.98367e-05 -0)
(1.13027e-05 -2.31076e-05 -0)
(1.90016e-05 -1.5388e-05 -0)
(2.62564e-05 -8.19023e-06 -0)
(3.39494e-05 -2.71509e-06 -0)
(4.07902e-05 -5.53964e-08 -0)
(4.67689e-05 2.94387e-07 -0)
(5.18031e-05 2.80526e-07 -0)
(5.57957e-05 6.60248e-07 -0)
(5.96402e-05 2.30005e-06 -0)
(6.46957e-05 4.52115e-06 -0)
(7.09145e-05 6.12518e-06 -0)
(8.09758e-05 4.84241e-06 -0)
(8.93346e-05 -4.68873e-07 -0)
(9.61489e-05 -6.39755e-06 -0)
(0.000102712 -1.05291e-05 -0)
(0.000109571 -1.30391e-05 -0)
(0.000116919 -1.46188e-05 -0)
(0.000124619 -1.57114e-05 -0)
(0.000132666 -1.65379e-05 -0)
(0.000140738 -1.71408e-05 -0)
(0.00014897 -1.75884e-05 -0)
(0.00015688 -1.79256e-05 -0)
(0.00016484 -1.84676e-05 -0)
(0.000172049 -1.95263e-05 -0)
(0.000179709 -2.17436e-05 -0)
(0.000187061 -2.4939e-05 -0)
(0.000196973 -2.84533e-05 -0)
(0.000209328 -2.77115e-05 -0)
(0.000225177 -1.53948e-05 -0)
(6.43472e-06 -4.10061e-05 -0)
(1.74702e-05 -3.08038e-05 -0)
(2.77676e-05 -2.28671e-05 -0)
(3.70564e-05 -1.59312e-05 -0)
(4.57269e-05 -1.04465e-05 -0)
(5.37181e-05 -7.03168e-06 -0)
(6.02752e-05 -5.39703e-06 -0)
(6.58808e-05 -4.51649e-06 -0)
(7.09762e-05 -3.70593e-06 -0)
(7.63893e-05 -2.71828e-06 -0)
(8.29925e-05 -2.01154e-06 -0)
(9.07779e-05 -2.50917e-06 -0)
(0.00010011 -4.91298e-06 -0)
(0.00010867 -8.97901e-06 -0)
(0.000115785 -1.35876e-05 -0)
(0.000122159 -1.74824e-05 -0)
(0.00012849 -2.03178e-05 -0)
(0.000134994 -2.22723e-05 -0)
(0.000141618 -2.35967e-05 -0)
(0.000148228 -2.44577e-05 -0)
(0.000154559 -2.4951e-05 -0)
(0.000160624 -2.51572e-05 -0)
(0.00016617 -2.51105e-05 -0)
(0.000171336 -2.49541e-05 -0)
(0.000175017 -2.51893e-05 -0)
(0.00017844 -2.66424e-05 -0)
(0.000179232 -2.98852e-05 -0)
(0.000182869 -3.60567e-05 -0)
(0.000186728 -4.15931e-05 -0)
(0.000203995 -3.61253e-05 -0)
(1.24521e-05 -5.42163e-05 -0)
(3.43567e-05 -4.20571e-05 -0)
(4.76086e-05 -3.33503e-05 -0)
(5.62945e-05 -2.5293e-05 -0)
(6.30595e-05 -1.87878e-05 -0)
(6.88435e-05 -1.42415e-05 -0)
(7.37429e-05 -1.14402e-05 -0)
(7.80997e-05 -9.87294e-06 -0)
(8.24316e-05 -9.06207e-06 -0)
(8.72469e-05 -8.84655e-06 -0)
(9.29781e-05 -9.36546e-06 -0)
(9.94855e-05 -1.09163e-05 -0)
(0.000106365 -1.3467e-05 -0)
(0.000112812 -1.66549e-05 -0)
(0.000118716 -2.01497e-05 -0)
(0.000124114 -2.34067e-05 -0)
(0.000129434 -2.60626e-05 -0)
(0.000134486 -2.79138e-05 -0)
(0.000139196 -2.90171e-05 -0)
(0.0001433 -2.94594e-05 -0)
(0.000146754 -2.9406e-05 -0)
(0.000149338 -2.90727e-05 -0)
(0.000151643 -2.84869e-05 -0)
(0.000152756 -2.72768e-05 -0)
(0.000153419 -2.61797e-05 -0)
(0.000151855 -2.54239e-05 -0)
(0.000147427 -2.72296e-05 -0)
(0.000145197 -3.29268e-05 -0)
(0.000138468 -4.397e-05 -0)
(0.00017919 -7.02919e-05 -0)
(8.93011e-05 -7.94754e-05 -0)
(8.17085e-05 -6.21555e-05 -0)
(7.6514e-05 -4.41408e-05 -0)
(7.35136e-05 -3.13611e-05 -0)
(7.23502e-05 -2.3058e-05 -0)
(7.25942e-05 -1.78225e-05 -0)
(7.36806e-05 -1.46769e-05 -0)
(7.5468e-05 -1.30861e-05 -0)
(7.78698e-05 -1.26087e-05 -0)
(8.11259e-05 -1.30698e-05 -0)
(8.52543e-05 -1.43197e-05 -0)
(9.01568e-05 -1.6329e-05 -0)
(9.56676e-05 -1.89316e-05 -0)
(0.00010142 -2.19152e-05 -0)
(0.000107542 -2.51211e-05 -0)
(0.000113371 -2.80524e-05 -0)
(0.000118884 -3.03458e-05 -0)
(0.00012322 -3.1582e-05 -0)
(0.000126283 -3.19269e-05 -0)
(0.000128039 -3.15364e-05 -0)
(0.000128438 -3.0566e-05 -0)
(0.000128145 -2.95964e-05 -0)
(0.000127014 -2.83844e-05 -0)
(0.000124174 -2.67294e-05 -0)
(0.000124329 -2.43886e-05 -0)
(0.000116718 -2.04059e-05 -0)
(0.000114143 -2.15076e-05 -0)
(9.9481e-05 -2.65701e-05 -0)
(0.000100705 -5.30423e-05 -0)
(5.33712e-05 -0.000120186 -0)
(8.01064e-05 -4.99835e-05 -0)
(6.53522e-05 -3.80413e-05 -0)
(5.82786e-05 -2.92213e-05 -0)
(5.63396e-05 -2.31078e-05 -0)
(5.69405e-05 -1.89161e-05 -0)
(5.89063e-05 -1.62047e-05 -0)
(6.1478e-05 -1.4651e-05 -0)
(6.47929e-05 -1.42324e-05 -0)
(6.84457e-05 -1.47517e-05 -0)
(7.30707e-05 -1.62714e-05 -0)
(7.80572e-05 -1.84741e-05 -0)
(8.39727e-05 -2.14328e-05 -0)
(9.01707e-05 -2.474e-05 -0)
(9.6565e-05 -2.82689e-05 -0)
(0.000103061 -3.16346e-05 -0)
(0.000108424 -3.40656e-05 -0)
(0.000112666 -3.52487e-05 -0)
(0.000114254 -3.46706e-05 -0)
(0.000114138 -3.32234e-05 -0)
(0.000111693 -3.11872e-05 -0)
(0.000107742 -2.92191e-05 -0)
(0.000105311 -2.73764e-05 -0)
(9.8543e-05 -2.44711e-05 -0)
(9.36482e-05 -2.44831e-05 -0)
(9.04253e-05 -2.13215e-05 -0)
(8.29523e-05 -1.31409e-05 -0)
(7.52627e-05 -1.24042e-05 -0)
(6.25487e-05 -1.73008e-05 -0)
(5.10139e-05 -2.67463e-05 -0)
(8.61395e-06 -1.34988e-05 -0)
(8.55828e-05 -4.00475e-05 -0)
(7.96754e-05 -3.75581e-05 -0)
(7.65845e-05 -3.33884e-05 -0)
(7.52771e-05 -2.86887e-05 -0)
(7.48199e-05 -2.45224e-05 -0)
(7.51023e-05 -2.15314e-05 -0)
(7.55448e-05 -1.97879e-05 -0)
(7.67735e-05 -1.94443e-05 -0)
(7.78671e-05 -2.01838e-05 -0)
(8.02716e-05 -2.21787e-05 -0)
(8.22118e-05 -2.46488e-05 -0)
(8.59827e-05 -2.80769e-05 -0)
(8.90902e-05 -3.11871e-05 -0)
(9.32646e-05 -3.45457e-05 -0)
(9.69917e-05 -3.69254e-05 -0)
(9.91372e-05 -3.76167e-05 -0)
(9.94655e-05 -3.64387e-05 -0)
(9.64064e-05 -3.32697e-05 -0)
(9.31824e-05 -2.95478e-05 -0)
(8.54525e-05 -2.52394e-05 -0)
(7.90114e-05 -2.43377e-05 -0)
(7.50217e-05 -2.1895e-05 -0)
(6.44644e-05 -1.52491e-05 -0)
(6.00966e-05 -1.87791e-05 -0)
(4.92715e-05 -2.03455e-05 -0)
(4.5369e-05 -3.53412e-06 -0)
(3.87715e-05 -3.08246e-06 -0)
(2.99519e-05 -4.33624e-06 -0)
(1.93523e-05 -7.10005e-06 -0)
(6.05716e-08 -1.94411e-07 -0)
(8.75181e-05 -3.18734e-05 -0)
(8.0548e-05 -2.99773e-05 -0)
(7.45246e-05 -2.67612e-05 -0)
(6.99991e-05 -2.32205e-05 -0)
(6.68553e-05 -2.01777e-05 -0)
(6.49327e-05 -1.80849e-05 -0)
(6.38642e-05 -1.713e-05 -0)
(6.37675e-05 -1.73751e-05 -0)
(6.40969e-05 -1.87466e-05 -0)
(6.60212e-05 -2.13715e-05 -0)
(6.75822e-05 -2.45324e-05 -0)
(7.22362e-05 -2.90381e-05 -0)
(7.46369e-05 -3.23949e-05 -0)
(8.03589e-05 -3.66761e-05 -0)
(8.28287e-05 -3.79664e-05 -0)
(8.30563e-05 -3.68889e-05 -0)
(7.95985e-05 -3.30792e-05 -0)
(7.35445e-05 -2.85816e-05 -0)
(6.85062e-05 -2.31826e-05 -0)
(5.73262e-05 -1.54195e-05 -0)
(5.23495e-05 -1.79843e-05 -0)
(4.18408e-05 -1.88754e-05 -0)
(3.43971e-05 -4.08394e-06 -0)
(3.12304e-05 -6.82248e-06 -0)
(4.07253e-07 -8.98248e-08 -0)
(6.05457e-07 -1.41712e-07 -0)
(4.10426e-07 -1.75656e-07 -0)
(3.2292e-07 -2.15533e-07 -0)
(8.42639e-08 -2.59873e-07 -0)
(-5.16206e-08 -3.29628e-07 -0)
(8.81717e-05 -2.51522e-05 -0)
(8.24619e-05 -2.41854e-05 -0)
(7.76107e-05 -2.26349e-05 -0)
(7.39855e-05 -2.0834e-05 -0)
(7.14502e-05 -1.92035e-05 -0)
(6.97003e-05 -1.81396e-05 -0)
(6.87877e-05 -1.80719e-05 -0)
(6.80924e-05 -1.90414e-05 -0)
(6.82215e-05 -2.14625e-05 -0)
(6.86233e-05 -2.49097e-05 -0)
(6.93289e-05 -2.93888e-05 -0)
(7.21996e-05 -3.46493e-05 -0)
(7.16984e-05 -3.78207e-05 -0)
(7.74318e-05 -4.24235e-05 -0)
(7.35674e-05 -3.89405e-05 -0)
(6.87812e-05 -3.42676e-05 -0)
(5.89805e-05 -2.67276e-05 -0)
(5.14969e-05 -2.1438e-05 -0)
(3.97675e-05 -1.82619e-05 -0)
(3.18641e-05 -4.07427e-06 -0)
(2.83039e-05 -6.41534e-06 -0)
(3.31765e-07 -5.26231e-08 -0)
(4.83283e-07 -6.66299e-08 -0)
(3.31721e-07 -5.05785e-08 -0)
(3.9417e-07 -2.78649e-08 -0)
(4.16372e-07 -2.33841e-07 -0)
(3.3707e-07 -3.02474e-07 -0)
(2.44605e-07 -3.6739e-07 -0)
(1.15654e-07 -4.22618e-07 -0)
(1.95204e-08 -3.37428e-07 -0)
(8.86518e-05 -1.95965e-05 -0)
(8.3752e-05 -1.9115e-05 -0)
(7.91499e-05 -1.82716e-05 -0)
(7.52207e-05 -1.72564e-05 -0)
(7.18548e-05 -1.62828e-05 -0)
(6.89079e-05 -1.57083e-05 -0)
(6.66659e-05 -1.59211e-05 -0)
(6.39588e-05 -1.69716e-05 -0)
(6.26716e-05 -1.9567e-05 -0)
(5.9718e-05 -2.27282e-05 -0)
(5.99423e-05 -2.81066e-05 -0)
(5.83273e-05 -3.24585e-05 -0)
(5.853e-05 -3.70963e-05 -0)
(6.29215e-05 -4.07125e-05 -0)
(5.11346e-05 -3.02579e-05 -0)
(4.52292e-05 -2.40129e-05 -0)
(3.01544e-05 -1.82722e-05 -0)
(2.59693e-05 -6.38607e-06 -0)
(3.21902e-07 -4.60654e-08 -0)
(4.09632e-07 -3.8736e-08 -0)
(3.05605e-07 -6.88243e-09 -0)
(3.74927e-07 4.34773e-08 -0)
(3.87583e-07 -9.53297e-08 -0)
(3.4895e-07 -9.10393e-08 -0)
(3.46461e-07 -9.7017e-08 -0)
(3.30847e-07 -1.73332e-07 -0)
(2.76877e-07 -2.2971e-07 -0)
(2.02776e-07 -2.73588e-07 -0)
(1.14225e-07 -2.98918e-07 -0)
(3.35691e-08 -2.84339e-07 -0)
(8.89342e-05 -1.47285e-05 -0)
(8.45288e-05 -1.44961e-05 -0)
(8.00963e-05 -1.40387e-05 -0)
(7.62789e-05 -1.35464e-05 -0)
(7.25415e-05 -1.30459e-05 -0)
(6.94018e-05 -1.29344e-05 -0)
(6.63409e-05 -1.33331e-05 -0)
(6.31988e-05 -1.46709e-05 -0)
(6.07351e-05 -1.73196e-05 -0)
(5.65161e-05 -2.10446e-05 -0)
(5.59989e-05 -2.75282e-05 -0)
(5.00774e-05 -3.17394e-05 -0)
(5.31116e-05 -4.0053e-05 -0)
(4.92648e-05 -3.74593e-05 -0)
(2.94887e-05 -2.10913e-05 -0)
(2.55379e-05 -1.05462e-05 -0)
(2.036e-07 -3.6065e-08 -0)
(3.8219e-07 -9.13173e-09 -0)
(3.51188e-07 4.54723e-08 -0)
(3.60969e-07 -4.77285e-08 -0)
(3.38951e-07 -1.65922e-08 -0)
(3.49699e-07 -1.38031e-08 -0)
(3.48767e-07 -5.53662e-08 -0)
(3.30033e-07 -7.36355e-08 -0)
(3.11877e-07 -9.37758e-08 -0)
(2.83679e-07 -1.32762e-07 -0)
(2.36814e-07 -1.69445e-07 -0)
(1.75397e-07 -1.98335e-07 -0)
(1.04903e-07 -2.15126e-07 -0)
(3.40996e-08 -2.1667e-07 -0)
(8.9105e-05 -1.02824e-05 -0)
(8.49968e-05 -1.01769e-05 -0)
(8.06839e-05 -9.94207e-06 -0)
(7.69721e-05 -9.72921e-06 -0)
(7.29112e-05 -9.49406e-06 -0)
(6.96813e-05 -9.5924e-06 -0)
(6.56572e-05 -9.95157e-06 -0)
(6.2399e-05 -1.12268e-05 -0)
(5.78058e-05 -1.32394e-05 -0)
(5.32246e-05 -1.70233e-05 -0)
(4.83039e-05 -2.22686e-05 -0)
(4.02205e-05 -2.719e-05 -0)
(4.14306e-05 -3.65597e-05 -0)
(2.33208e-05 -2.26874e-05 -0)
(3.68127e-06 -2.39009e-06 -0)
(3.05895e-07 -5.03834e-08 -0)
(3.20078e-07 3.75369e-08 -0)
(3.47628e-07 -1.15758e-08 -0)
(3.47878e-07 2.4485e-09 -0)
(3.47568e-07 -1.7638e-08 -0)
(3.39531e-07 -1.66282e-08 -0)
(3.36153e-07 -2.11376e-08 -0)
(3.27751e-07 -3.86961e-08 -0)
(3.1054e-07 -5.43608e-08 -0)
(2.87335e-07 -7.16893e-08 -0)
(2.55179e-07 -9.44936e-08 -0)
(2.11303e-07 -1.16972e-07 -0)
(1.57094e-07 -1.35182e-07 -0)
(9.5891e-08 -1.46582e-07 -0)
(3.20257e-08 -1.50544e-07 -0)
(8.92105e-05 -6.08452e-06 -0)
(8.5248e-05 -6.03953e-06 -0)
(8.10346e-05 -5.93586e-06 -0)
(7.73478e-05 -5.85199e-06 -0)
(7.31475e-05 -5.76588e-06 -0)
(6.98121e-05 -5.88265e-06 -0)
(6.52515e-05 -6.14e-06 -0)
(6.19402e-05 -7.01185e-06 -0)
(5.592e-05 -8.25557e-06 -0)
(5.15943e-05 -1.11681e-05 -0)
(4.22234e-05 -1.46029e-05 -0)
(3.49826e-05 -2.14672e-05 -0)
(2.49129e-05 -2.54037e-05 -0)
(2.59444e-06 -3.17651e-06 -0)
(2.69644e-07 -4.4616e-08 -0)
(3.81886e-07 -3.26253e-08 -0)
(3.49305e-07 -1.72107e-09 -0)
(3.47101e-07 -4.39878e-09 -0)
(3.45126e-07 -3.00294e-09 -0)
(3.41893e-07 -8.64391e-09 -0)
(3.35451e-07 -1.1145e-08 -0)
(3.27632e-07 -1.54229e-08 -0)
(3.15543e-07 -2.39198e-08 -0)
(2.9704e-07 -3.34222e-08 -0)
(2.71745e-07 -4.41272e-08 -0)
(2.38397e-07 -5.65518e-08 -0)
(1.96126e-07 -6.87663e-08 -0)
(1.45786e-07 -7.88386e-08 -0)
(8.95409e-08 -8.54768e-08 -0)
(3.01376e-08 -8.83809e-08 -0)
(8.92807e-05 -2.01545e-06 -0)
(8.53309e-05 -2.00169e-06 -0)
(8.12338e-05 -1.97529e-06 -0)
(7.74637e-05 -1.95102e-06 -0)
(7.33281e-05 -1.93566e-06 -0)
(6.9769e-05 -1.97745e-06 -0)
(6.51885e-05 -2.07925e-06 -0)
(6.15386e-05 -2.36976e-06 -0)
(5.52713e-05 -2.80688e-06 -0)
(5.05628e-05 -3.83929e-06 -0)
(3.94126e-05 -5.16274e-06 -0)
(3.13155e-05 -9.0091e-06 -0)
(7.71581e-06 -7.04741e-06 -0)
(1.41906e-07 -4.97666e-08 -0)
(3.24913e-07 3.1961e-08 -0)
(3.49262e-07 -2.95259e-10 -0)
(3.48305e-07 -6.6244e-10 -0)
(3.46346e-07 -1.29574e-09 -0)
(3.43633e-07 -1.41762e-09 -0)
(3.39425e-07 -2.7893e-09 -0)
(3.32752e-07 -3.8847e-09 -0)
(3.23378e-07 -5.4891e-09 -0)
(3.09751e-07 -8.13798e-09 -0)
(2.90332e-07 -1.12811e-08 -0)
(2.64206e-07 -1.48457e-08 -0)
(2.3054e-07 -1.88201e-08 -0)
(1.89016e-07 -2.27032e-08 -0)
(1.40384e-07 -2.59295e-08 -0)
(8.63487e-08 -2.81056e-08 -0)
(2.91216e-08 -2.91216e-08 -0)
)
;

boundaryField
{
    inlet1
    {
        type            extrapolatedCalculated;
        value           nonuniform List<vector> 10((1e-05 1.72323e-05 -0) (1e-05 3.95696e-05 -0) (1e-05 5.36424e-05 -0) (1e-05 7.77104e-05 -0) (1e-05 0.000161621 -0) (1e-05 0.00027143 -0) (1e-05 0.000313056 -0) (1e-05 0.000292146 -0) (1e-05 0.000237634 -0) (1e-05 0.000176672 -0));
    }
    inlet2
    {
        type            extrapolatedCalculated;
        value           nonuniform List<vector> 10((-0 8.70486e-05 -0) (-0 8.11987e-05 -0) (-0 8.38834e-05 -0) (-0 6.4164e-05 -0) (-0 -1.18014e-05 -0) (-0 -1.54922e-05 -0) (-0 -2.42635e-05 -0) (-0 -2.98367e-05 -0) (-0 -4.10061e-05 -0) (-0 -5.42163e-05 -0));
    }
    inlet3
    {
        type            extrapolatedCalculated;
        value           nonuniform List<vector> 10((9.13394e-05 -6.84202e-05 -0) (9.13394e-05 -5.29456e-05 -0) (9.13394e-05 -4.08693e-05 -0) (9.13394e-05 -3.21863e-05 -0) (9.13394e-05 -2.53534e-05 -0) (9.13394e-05 -1.97015e-05 -0) (9.13394e-05 -1.47816e-05 -0) (9.13394e-05 -1.03072e-05 -0) (9.13394e-05 -6.09414e-06 -0) (9.13394e-05 -2.01736e-06 -0));
    }
    output1
    {
        type            extrapolatedCalculated;
        value           nonuniform List<vector> 10((-0 1.55225e-08 -0) (-0 4.70986e-08 -0) (-0 8.03444e-08 -0) (-0 1.16651e-07 -0) (-0 1.57941e-07 -0) (-0 2.0718e-07 -0) (-0 2.69497e-07 -0) (-0 3.54899e-07 -0) (-0 4.85752e-07 -0) (-0 7.19895e-07 -0));
    }
    output2
    {
        type            extrapolatedCalculated;
        value           nonuniform List<vector> 10((1.34089e-06 5.59526e-07 -0) (8.49459e-07 1.65455e-07 -0) (6.79076e-07 6.05649e-08 -0) (6.07199e-07 2.73966e-08 -0) (4.93671e-07 8.02121e-09 -0) (0.000124133 -9.9744e-07 -0) (0.000202926 -5.51403e-06 -0) (0.000230649 -1.53948e-05 -0) (0.000220536 -3.61253e-05 -0) (0.000231194 -7.02919e-05 -0));
    }
    output3
    {
        type            extrapolatedCalculated;
        value           nonuniform List<vector> 10((-0 -0.000120186 -0) (-0 -1.34988e-05 -0) (-0 -1.94411e-07 -0) (-0 -3.29628e-07 -0) (-0 -3.37428e-07 -0) (-0 -2.84339e-07 -0) (-0 -2.1667e-07 -0) (-0 -1.50544e-07 -0) (-0 -8.83809e-08 -0) (-0 -2.91216e-08 -0));
    }
    up
    {
        type            extrapolatedCalculated;
        value           nonuniform List<vector> 
30
(
(8.92807e-05 -0 -0)
(8.53309e-05 -0 -0)
(8.12338e-05 -0 -0)
(7.74637e-05 -0 -0)
(7.33281e-05 -0 -0)
(6.9769e-05 -0 -0)
(6.51885e-05 -0 -0)
(6.15386e-05 -0 -0)
(5.52713e-05 -0 -0)
(5.05628e-05 -0 -0)
(3.94126e-05 -0 -0)
(3.13155e-05 -0 -0)
(7.71581e-06 -0 -0)
(1.41906e-07 -0 -0)
(3.24913e-07 -0 -0)
(3.49262e-07 -0 -0)
(3.48305e-07 -0 -0)
(3.46346e-07 -0 -0)
(3.43633e-07 -0 -0)
(3.39425e-07 -0 -0)
(3.32752e-07 -0 -0)
(3.23378e-07 -0 -0)
(3.09751e-07 -0 -0)
(2.90332e-07 -0 -0)
(2.64206e-07 -0 -0)
(2.3054e-07 -0 -0)
(1.89016e-07 -0 -0)
(1.40384e-07 -0 -0)
(8.63487e-08 -0 -0)
(2.91216e-08 -0 -0)
)
;
    }
    down
    {
        type            extrapolatedCalculated;
        value           nonuniform List<vector> 
30
(
(3.4162e-06 -0 -0)
(1.10265e-07 -0 -0)
(2.6944e-07 -0 -0)
(3.01153e-07 -0 -0)
(1.54052e-07 -0 -0)
(2.43186e-07 -0 -0)
(2.26728e-07 -0 -0)
(2.1891e-07 -0 -0)
(2.15394e-07 -0 -0)
(2.14245e-07 -0 -0)
(2.14424e-07 -0 -0)
(2.153e-07 -0 -0)
(2.16433e-07 -0 -0)
(2.1748e-07 -0 -0)
(2.18151e-07 -0 -0)
(2.18177e-07 -0 -0)
(2.17306e-07 -0 -0)
(2.15288e-07 -0 -0)
(2.11864e-07 -0 -0)
(2.0677e-07 -0 -0)
(1.99724e-07 -0 -0)
(1.90437e-07 -0 -0)
(1.78618e-07 -0 -0)
(1.63998e-07 -0 -0)
(1.4636e-07 -0 -0)
(1.25588e-07 -0 -0)
(1.01725e-07 -0 -0)
(7.50336e-08 -0 -0)
(4.60373e-08 -0 -0)
(1.55228e-08 -0 -0)
)
;
    }
    emptyWalls
    {
        type            empty;
    }
}


// ************************************************************************* //
