/*--------------------------------*- C++ -*----------------------------------*\
  =========                 |
  \\      /  F ield         | OpenFOAM: The Open Source CFD Toolbox
   \\    /   O peration     | Website:  https://openfoam.org
    \\  /    A nd           | Version:  9
     \\/     M anipulation  |
\*---------------------------------------------------------------------------*/
FoamFile
{
    format      ascii;
    class       volVectorField;
    location    "10000";
    object      ut;
}
// * * * * * * * * * * * * * * * * * * * * * * * * * * * * * * * * * * * * * //

dimensions      [0 1 -1 0 0 0 0];

internalField   nonuniform List<vector> 
100
(
(9.99992e-06 -0 -0)
(9.99698e-06 -0 -0)
(9.99156e-06 -0 -0)
(9.98438e-06 -0 -0)
(9.976e-06 -0 -0)
(9.96757e-06 -0 -0)
(9.96015e-06 -0 -0)
(9.95478e-06 -0 -0)
(9.95222e-06 -0 -0)
(9.95246e-06 -0 -0)
(9.95538e-06 -0 -0)
(9.96007e-06 -0 -0)
(9.96579e-06 -0 -0)
(9.97167e-06 -0 -0)
(9.97715e-06 -0 -0)
(9.98201e-06 -0 -0)
(9.98599e-06 -0 -0)
(9.98928e-06 -0 -0)
(9.99172e-06 -0 -0)
(9.99366e-06 -0 -0)
(9.99507e-06 -0 -0)
(9.99614e-06 -0 -0)
(9.99698e-06 -0 -0)
(9.99747e-06 -0 -0)
(9.99798e-06 -0 -0)
(9.99819e-06 -0 -0)
(9.99854e-06 -0 -0)
(9.99865e-06 -0 -0)
(9.99881e-06 -0 -0)
(9.99894e-06 -0 -0)
(9.99893e-06 -0 -0)
(9.99919e-06 -0 -0)
(9.99903e-06 -0 -0)
(9.99934e-06 -0 -0)
(9.99913e-06 -0 -0)
(9.99938e-06 -0 -0)
(9.99933e-06 -0 -0)
(9.99932e-06 -0 -0)
(9.99959e-06 -0 -0)
(9.99919e-06 -0 -0)
(9.99984e-06 -0 -0)
(9.99913e-06 -0 -0)
(9.99996e-06 -0 -0)
(9.99929e-06 -0 -0)
(9.99977e-06 -0 -0)
(9.99976e-06 -0 -0)
(9.99927e-06 -0 -0)
(1.00005e-05 -0 -0)
(9.99861e-06 -0 -0)
(1.00013e-05 -0 -0)
(9.99825e-06 -0 -0)
(1.00014e-05 -0 -0)
(9.99887e-06 -0 -0)
(1.00002e-05 -0 -0)
(1.0001e-05 -0 -0)
(9.99758e-06 -0 -0)
(1.00045e-05 -0 -0)
(9.99412e-06 -0 -0)
(1.0008e-05 -0 -0)
(9.99216e-06 -0 -0)
(1.00084e-05 -0 -0)
(9.99555e-06 -0 -0)
(1.00015e-05 -0 -0)
(1.00083e-05 -0 -0)
(9.98451e-06 -0 -0)
(1.00312e-05 -0 -0)
(9.96037e-06 -0 -0)
(1.00569e-05 -0 -0)
(9.94322e-06 -0 -0)
(1.00646e-05 -0 -0)
(9.96315e-06 -0 -0)
(1.0018e-05 -0 -0)
(1.0065e-05 -0 -0)
(9.87434e-06 -0 -0)
(1.02933e-05 -0 -0)
(9.61363e-06 -0 -0)
(1.06714e-05 -0 -0)
(9.28669e-06 -0 -0)
(1.12441e-05 -0 -0)
(9.25232e-06 -0 -0)
(1.23253e-05 -0 -0)
(1.21399e-05 -0 -0)
(5.04713e-06 -0 -0)
(1.01236e-05 -0 -0)
(1e-05 -0 -0)
(1e-05 -0 -0)
(1e-05 -0 -0)
(1e-05 -0 -0)
(1e-05 -0 -0)
(1e-05 -0 -0)
(1e-05 -0 -0)
(1e-05 -0 -0)
(1e-05 -0 -0)
(1e-05 -0 -0)
(1e-05 -0 -0)
(1e-05 -0 -0)
(1e-05 -0 -0)
(1e-05 -0 -0)
(1e-05 -0 -0)
(1e-05 -0 -0)
)
;

boundaryField
{
    left
    {
        type            extrapolatedCalculated;
        value           uniform (1e-05 -0 -0);
    }
    right
    {
        type            extrapolatedCalculated;
        value           uniform (1e-05 -0 -0);
    }
    emptyFaces1D
    {
        type            empty;
    }
}


// ************************************************************************* //
