/*--------------------------------*- C++ -*----------------------------------*\
  =========                 |
  \\      /  F ield         | OpenFOAM: The Open Source CFD Toolbox
   \\    /   O peration     | Website:  https://openfoam.org
    \\  /    A nd           | Version:  9
     \\/     M anipulation  |
\*---------------------------------------------------------------------------*/
FoamFile
{
    format      ascii;
    class       volScalarField;
    location    "25500";
    object      alpha;
}
// * * * * * * * * * * * * * * * * * * * * * * * * * * * * * * * * * * * * * //

dimensions      [0 2 -1 0 0 0 0];

internalField   nonuniform List<scalar> 
900
(
-4.67482e-11
-2.58513e-11
-1.12494e-10
-3.00778e-12
-3.93195e-14
-4.0652e-14
-4.0652e-14
-4.0652e-14
-4.0652e-14
-4.0652e-14
-4.0652e-14
-4.0652e-14
-4.0652e-14
-4.0652e-14
-4.0652e-14
-4.0652e-14
-4.0652e-14
-4.0652e-14
-4.0652e-14
-4.0652e-14
-4.0652e-14
-4.0652e-14
-4.0652e-14
-4.0652e-14
-4.0652e-14
-4.0652e-14
-4.0652e-14
-4.0652e-14
-4.0652e-14
-4.0652e-14
-2.69518e-10
-1.94488e-10
-1.19506e-11
-7.76951e-12
-2.86597e-14
-4.0652e-14
-4.0652e-14
-4.0652e-14
-4.0652e-14
-4.0652e-14
-4.0652e-14
-4.0652e-14
-4.0652e-14
-4.0652e-14
-4.0652e-14
-4.0652e-14
-4.0652e-14
-4.0652e-14
-4.0652e-14
-4.0652e-14
-4.0652e-14
-4.0652e-14
-4.0652e-14
-4.0652e-14
-4.0652e-14
-4.0652e-14
-4.0652e-14
-4.0652e-14
-4.0652e-14
-4.0652e-14
-2.20379e-10
-3.43129e-11
-9.19501e-12
-7.57776e-13
-4.04163e-14
-4.0652e-14
-4.0652e-14
-4.0652e-14
-4.0652e-14
-4.0652e-14
-4.0652e-14
-4.0652e-14
-4.0652e-14
-4.0652e-14
-4.0652e-14
-4.0652e-14
-4.0652e-14
-4.0652e-14
-4.0652e-14
-4.0652e-14
-4.0652e-14
-4.0652e-14
-4.0652e-14
-4.0652e-14
-4.0652e-14
-4.0652e-14
-4.0652e-14
-4.0652e-14
-4.0652e-14
-4.0652e-14
-3.20404e-10
-1.18919e-10
-9.12817e-12
-5.76626e-14
-4.06441e-14
-4.0652e-14
-4.0652e-14
-4.0652e-14
-4.0652e-14
-4.0652e-14
-4.0652e-14
-4.0652e-14
-4.0652e-14
-4.0652e-14
-4.0652e-14
-4.0652e-14
-4.0652e-14
-4.0652e-14
-4.0652e-14
-4.0652e-14
-4.0652e-14
-4.0652e-14
-4.0652e-14
-4.0652e-14
-4.0652e-14
-4.0652e-14
-4.0652e-14
-4.0652e-14
-4.0652e-14
-4.0652e-14
-2.03504e-10
-3.00127e-11
-9.63593e-12
-2.9668e-14
-4.06511e-14
-4.0652e-14
-4.0652e-14
-4.0652e-14
-4.0652e-14
-4.0652e-14
-4.0652e-14
-4.0652e-14
-4.0652e-14
-4.0652e-14
-4.0652e-14
-4.0652e-14
-4.0652e-14
-4.0652e-14
-4.0652e-14
-4.0652e-14
-4.0652e-14
-4.0652e-14
-4.0652e-14
-4.0652e-14
-4.0652e-14
-4.0652e-14
-4.0652e-14
-4.0652e-14
-4.0652e-14
-4.0652e-14
-2.60286e-10
-8.07817e-11
-1.10432e-11
-2.80959e-14
-4.0652e-14
-4.0652e-14
-4.0652e-14
-4.0652e-14
-4.0652e-14
-4.0652e-14
-4.0652e-14
-4.0652e-14
-4.0652e-14
-4.0652e-14
-4.0652e-14
-4.0652e-14
-4.0652e-14
-4.0652e-14
-4.0652e-14
-4.0652e-14
-4.0652e-14
-4.0652e-14
-4.0652e-14
-4.0652e-14
-4.0652e-14
-4.0652e-14
-4.0652e-14
-4.0652e-14
-4.0652e-14
-4.0652e-14
-1.96182e-10
-4.02494e-11
-1.32563e-11
-3.22249e-14
-4.0652e-14
-4.0652e-14
-4.0652e-14
-4.0652e-14
-4.0652e-14
-4.0652e-14
-4.0652e-14
-4.0652e-14
-4.0652e-14
-4.0652e-14
-4.0652e-14
-4.0652e-14
-4.0652e-14
-4.0652e-14
-4.0652e-14
-4.0652e-14
-4.0652e-14
-4.0652e-14
-4.0652e-14
-4.0652e-14
-4.0652e-14
-4.0652e-14
-4.0652e-14
-4.0652e-14
-4.0652e-14
-4.0652e-14
-2.99381e-10
-8.62274e-11
-1.45017e-11
-3.64056e-14
-4.0652e-14
-4.0652e-14
-4.0652e-14
-4.0652e-14
-4.0652e-14
-4.0652e-14
-4.0652e-14
-4.0652e-14
-4.0652e-14
-4.0652e-14
-4.0652e-14
-4.0652e-14
-4.0652e-14
-4.0652e-14
-4.0652e-14
-4.0652e-14
-4.0652e-14
-4.0652e-14
-4.0652e-14
-4.0652e-14
-4.0652e-14
-4.0652e-14
-4.0652e-14
-4.0652e-14
-4.0652e-14
-4.0652e-14
-2.82033e-10
-6.83498e-11
-2.43687e-11
-3.9203e-14
-4.0652e-14
-4.0652e-14
-4.0652e-14
-4.0652e-14
-4.0652e-14
-4.0652e-14
-4.0652e-14
-4.0652e-14
-4.0652e-14
-4.0652e-14
-4.0652e-14
-4.0652e-14
-4.0652e-14
-4.0652e-14
-4.0652e-14
-4.0652e-14
-4.0652e-14
-4.0652e-14
-4.0652e-14
-4.0652e-14
-4.0652e-14
-4.0652e-14
-4.0652e-14
-4.0652e-14
-4.0652e-14
-4.0652e-14
-5.02367e-10
-1.54119e-10
-1.70468e-11
-3.95786e-14
-4.0652e-14
-4.0652e-14
-4.0652e-14
-4.0652e-14
-4.0652e-14
-4.0652e-14
-4.0652e-14
-4.0652e-14
-4.0652e-14
-4.0652e-14
-4.0652e-14
-4.0652e-14
-4.0652e-14
-4.0652e-14
-4.0652e-14
-4.0652e-14
-4.0652e-14
-4.0652e-14
-4.0652e-14
-4.0652e-14
-4.0652e-14
-4.0652e-14
-4.0652e-14
-4.0652e-14
-4.0652e-14
-4.0652e-14
-5.5123e-10
-1.58581e-10
-5.55446e-11
-8.04172e-14
-4.06491e-14
-4.0652e-14
-4.0652e-14
-4.0652e-14
-4.0652e-14
-4.0652e-14
-4.0652e-14
-4.0652e-14
-4.0652e-14
-4.0652e-14
-4.0652e-14
-4.0652e-14
-4.0652e-14
-4.0652e-14
-4.0652e-14
-4.0652e-14
-4.0652e-14
-4.0652e-14
-4.0652e-14
-4.0652e-14
-4.0652e-14
-4.0652e-14
-4.0652e-14
-4.0652e-14
-4.0652e-14
-4.0652e-14
-1.02118e-09
-2.55828e-10
-2.29337e-11
-4.056e-12
-1.47217e-12
-3.91733e-14
-4.06517e-14
-4.06518e-14
-4.06519e-14
-4.0652e-14
-4.0652e-14
-4.0652e-14
-4.0652e-14
-4.0652e-14
-4.0652e-14
-4.0652e-14
-4.0652e-14
-4.0652e-14
-4.0652e-14
-4.0652e-14
-4.0652e-14
-4.0652e-14
-4.0652e-14
-4.0652e-14
-4.0652e-14
-4.0652e-14
-4.0652e-14
-4.0652e-14
-4.0652e-14
-4.0652e-14
-8.19887e-10
-3.87638e-10
-1.63689e-10
-6.51824e-11
-2.86282e-11
-1.59828e-11
-1.29568e-11
-9.98458e-12
-1.07008e-11
-3.23973e-14
-3.84366e-14
-3.77074e-14
-3.74056e-14
-3.7378e-14
-3.75527e-14
-3.79168e-14
-3.83437e-14
-3.8812e-14
-3.93874e-14
-3.99509e-14
-4.04167e-14
-4.0652e-14
-4.0652e-14
-4.0652e-14
-4.0652e-14
-4.0652e-14
-4.0652e-14
-4.0652e-14
-4.0652e-14
-4.0652e-14
-1.96104e-10
-1.22368e-10
-1.22788e-10
-7.49917e-11
-5.23953e-11
-3.46722e-11
-3.1011e-11
-2.33882e-11
-2.18576e-11
-1.21244e-11
-1.0036e-11
-9.80181e-12
-9.82364e-12
-9.88725e-12
-9.97781e-12
-1.01521e-11
-1.02617e-11
-1.05604e-11
-1.05147e-11
-1.10386e-11
-1.06172e-11
-1.174e-11
-1.04216e-11
-1.19845e-11
-6.35873e-12
-4.28524e-14
-4.15735e-14
-3.45466e-14
-2.64606e-14
-3.37161e-14
-3.36317e-11
-3.15002e-11
-3.57994e-11
-3.1462e-11
-2.97782e-11
-2.55151e-11
-2.30564e-11
-2.03341e-11
-1.86191e-11
-1.82245e-11
-1.61848e-11
-1.53933e-11
-1.51632e-11
-1.52742e-11
-1.52511e-11
-1.55787e-11
-1.54762e-11
-1.59929e-11
-1.56569e-11
-1.6386e-11
-1.57413e-11
-1.64914e-11
-1.51247e-11
-1.37137e-11
-1.04453e-11
-6.46688e-12
-6.03506e-12
-6.45684e-12
-6.89125e-12
-7.07225e-12
-2.60622e-11
-2.11993e-11
-1.89815e-11
-1.80442e-11
-1.74344e-11
-1.68779e-11
-1.59171e-11
-1.54816e-11
-1.50229e-11
-1.58617e-11
-1.55661e-11
-1.51389e-11
-1.49548e-11
-1.49941e-11
-1.50936e-11
-1.52838e-11
-1.54009e-11
-1.5614e-11
-1.56513e-11
-1.58288e-11
-1.56119e-11
-1.53945e-11
-1.44154e-11
-1.32654e-11
-1.23361e-11
-1.16682e-11
-1.1284e-11
-1.16021e-11
-1.22707e-11
-1.25513e-11
-1.86977e-11
-1.70716e-11
-1.63052e-11
-1.61096e-11
-1.59039e-11
-1.5651e-11
-1.52335e-11
-1.49987e-11
-1.48766e-11
-1.50923e-11
-1.51598e-11
-1.51055e-11
-1.51131e-11
-1.52793e-11
-1.55027e-11
-1.57949e-11
-1.60399e-11
-1.63066e-11
-1.64674e-11
-1.65674e-11
-1.64388e-11
-1.60876e-11
-1.55251e-11
-1.50386e-11
-1.47998e-11
-1.50976e-11
-1.49666e-11
-1.50528e-11
-1.5583e-11
-1.6064e-11
-1.74428e-11
-1.56792e-11
-1.56198e-11
-1.60963e-11
-1.6593e-11
-1.69134e-11
-1.70543e-11
-1.71436e-11
-1.72249e-11
-1.73414e-11
-1.7484e-11
-1.76265e-11
-1.77759e-11
-1.80006e-11
-1.82317e-11
-1.85112e-11
-1.87044e-11
-1.89384e-11
-1.89667e-11
-1.90339e-11
-1.87354e-11
-1.85955e-11
-1.8144e-11
-1.82707e-11
-1.8086e-11
-1.84539e-11
-1.76626e-11
-1.72738e-11
-1.65257e-11
-1.69032e-11
-1.55404e-11
-1.56461e-11
-1.69995e-11
-1.83996e-11
-1.94465e-11
-2.01023e-11
-2.05056e-11
-2.07438e-11
-2.09242e-11
-2.10471e-11
-2.1198e-11
-2.12887e-11
-2.13817e-11
-2.13887e-11
-2.14298e-11
-2.13675e-11
-2.13452e-11
-2.11747e-11
-2.10082e-11
-2.06796e-11
-2.03345e-11
-2.00234e-11
-1.97153e-11
-1.97666e-11
-1.94188e-11
-1.95448e-11
-1.81823e-11
-1.74837e-11
-1.4546e-11
-1.36937e-11
-1.58485e-11
-1.86507e-11
-2.13721e-11
-2.28566e-11
-2.34438e-11
-2.35989e-11
-2.36079e-11
-2.35476e-11
-2.34878e-11
-2.33834e-11
-2.32931e-11
-2.31085e-11
-2.29153e-11
-2.25775e-11
-2.22907e-11
-2.18387e-11
-2.15285e-11
-2.09629e-11
-2.0666e-11
-1.99916e-11
-1.98483e-11
-1.91974e-11
-1.93781e-11
-1.87675e-11
-1.90188e-11
-1.82871e-11
-1.79462e-11
-1.74482e-11
-1.35013e-11
-1.20045e-11
-2.26492e-11
-2.70784e-11
-2.69826e-11
-2.5504e-11
-2.41481e-11
-2.3189e-11
-2.25546e-11
-2.21348e-11
-2.18272e-11
-2.15783e-11
-2.13292e-11
-2.10729e-11
-2.07731e-11
-2.04658e-11
-2.01312e-11
-1.98253e-11
-1.95159e-11
-1.92497e-11
-1.90242e-11
-1.88269e-11
-1.87948e-11
-1.86088e-11
-1.88468e-11
-1.82885e-11
-1.88244e-11
-1.71453e-11
-1.83423e-11
-1.54911e-11
-2.27421e-11
-3.04216e-11
-1.84634e-11
-1.74846e-11
-1.74071e-11
-1.75909e-11
-1.78828e-11
-1.82093e-11
-1.85482e-11
-1.88344e-11
-1.90853e-11
-1.92578e-11
-1.9403e-11
-1.9479e-11
-1.95587e-11
-1.95845e-11
-1.96365e-11
-1.96384e-11
-1.96571e-11
-1.9642e-11
-1.95898e-11
-1.95908e-11
-1.93911e-11
-1.94311e-11
-1.88874e-11
-1.8859e-11
-1.77072e-11
-1.73851e-11
-1.57048e-11
-1.51849e-11
-1.30327e-11
-3.7958e-12
-1.91343e-11
-1.96589e-11
-2.07821e-11
-2.178e-11
-2.24285e-11
-2.27534e-11
-2.2909e-11
-2.29283e-11
-2.29206e-11
-2.28242e-11
-2.27522e-11
-2.2573e-11
-2.24485e-11
-2.21552e-11
-2.19445e-11
-2.14722e-11
-2.11564e-11
-2.05022e-11
-2.01735e-11
-1.94584e-11
-1.92512e-11
-1.85473e-11
-1.8286e-11
-1.73243e-11
-1.64818e-11
-1.46744e-11
-1.3037e-11
-1.07674e-11
-8.06753e-12
-8.08474e-12
-1.93332e-11
-1.90925e-11
-1.89853e-11
-1.89416e-11
-1.8907e-11
-1.88413e-11
-1.87804e-11
-1.87074e-11
-1.86645e-11
-1.86017e-11
-1.85719e-11
-1.8494e-11
-1.84551e-11
-1.83297e-11
-1.82713e-11
-1.80936e-11
-1.80679e-11
-1.79043e-11
-1.80211e-11
-1.79037e-11
-1.80989e-11
-1.77616e-11
-1.74774e-11
-1.63892e-11
-1.44559e-11
-1.2085e-11
-9.68843e-12
-7.13419e-12
-5.54159e-12
-2.44871e-12
-1.936e-11
-1.91609e-11
-1.91548e-11
-1.9311e-11
-1.95722e-11
-1.98208e-11
-2.00704e-11
-2.02415e-11
-2.04311e-11
-2.05275e-11
-2.06881e-11
-2.07243e-11
-2.08785e-11
-2.08455e-11
-2.09954e-11
-2.08485e-11
-2.09521e-11
-2.05859e-11
-2.05262e-11
-1.97575e-11
-1.9409e-11
-1.79499e-11
-1.72164e-11
-1.44217e-11
-1.15008e-11
-8.60731e-12
-6.20127e-12
-3.89627e-12
-3.18833e-12
-2.67477e-14
-1.94043e-11
-1.92603e-11
-1.92018e-11
-1.92133e-11
-1.9286e-11
-1.9359e-11
-1.94479e-11
-1.94894e-11
-1.95587e-11
-1.95577e-11
-1.96229e-11
-1.95783e-11
-1.96509e-11
-1.95388e-11
-1.96065e-11
-1.93512e-11
-1.93267e-11
-1.87853e-11
-1.85092e-11
-1.76938e-11
-1.70533e-11
-1.57683e-11
-1.44856e-11
-1.04316e-11
-7.84569e-12
-4.67298e-12
-3.41256e-12
-3.66422e-14
-4.0652e-14
-4.0652e-14
-1.94353e-11
-1.93219e-11
-1.92573e-11
-1.92324e-11
-1.92688e-11
-1.93184e-11
-1.94154e-11
-1.9475e-11
-1.95936e-11
-1.96271e-11
-1.97738e-11
-1.97685e-11
-1.99779e-11
-1.99156e-11
-2.02341e-11
-2.00449e-11
-2.0462e-11
-1.99043e-11
-2.01443e-11
-1.88623e-11
-1.79662e-11
-1.58553e-11
-1.18856e-11
-6.03128e-12
-5.47629e-12
-3.08473e-14
-4.0652e-14
-4.0652e-14
-4.0652e-14
-4.0652e-14
-1.94535e-11
-1.93644e-11
-1.93038e-11
-1.92686e-11
-1.92741e-11
-1.92968e-11
-1.93601e-11
-1.94071e-11
-1.95046e-11
-1.95428e-11
-1.96784e-11
-1.96898e-11
-1.99021e-11
-1.98648e-11
-2.02263e-11
-2.00585e-11
-2.06346e-11
-1.99453e-11
-2.0466e-11
-1.79428e-11
-1.72208e-11
-1.29874e-11
-6.45678e-12
-4.04657e-14
-4.06519e-14
-4.0652e-14
-4.0652e-14
-4.0652e-14
-4.0652e-14
-4.0652e-14
-1.94644e-11
-1.93897e-11
-1.9335e-11
-1.92966e-11
-1.92887e-11
-1.92959e-11
-1.93405e-11
-1.93802e-11
-1.94669e-11
-1.95146e-11
-1.96454e-11
-1.96857e-11
-1.98955e-11
-1.9918e-11
-2.0289e-11
-2.02537e-11
-2.09324e-11
-2.05721e-11
-2.1622e-11
-1.90024e-11
-1.90555e-11
-8.8587e-12
-4.05785e-14
-4.06519e-14
-4.0652e-14
-4.0652e-14
-4.0652e-14
-4.0652e-14
-4.0652e-14
-4.0652e-14
-1.94688e-11
-1.94024e-11
-1.9349e-11
-1.93136e-11
-1.92959e-11
-1.93032e-11
-1.93289e-11
-1.93786e-11
-1.94381e-11
-1.95199e-11
-1.96034e-11
-1.97201e-11
-1.98365e-11
-2.00176e-11
-2.02002e-11
-2.05071e-11
-2.08166e-11
-2.13059e-11
-2.17516e-11
-2.17647e-11
-2.04827e-11
-1.54779e-12
-4.0597e-14
-4.0652e-14
-4.0652e-14
-4.0652e-14
-4.0652e-14
-4.0652e-14
-4.0652e-14
-4.0652e-14
)
;

boundaryField
{
    inlet1
    {
        type            calculated;
        value           uniform -5e-10;
    }
    inlet2
    {
        type            calculated;
        value           nonuniform List<scalar> 10(-5.5123e-10 -1.02118e-09 -8.19887e-10 -1.96104e-10 -3.36317e-11 -2.60622e-11 -1.86977e-11 -1.74428e-11 -1.55404e-11 -1.58485e-11);
    }
    inlet3
    {
        type            calculated;
        value           uniform -1.95111e-11;
    }
    output1
    {
        type            calculated;
        value           nonuniform List<scalar> 10(-4.0652e-14 -4.0652e-14 -4.0652e-14 -4.0652e-14 -4.0652e-14 -4.0652e-14 -4.0652e-14 -4.0652e-14 -4.0652e-14 -4.0652e-14);
    }
    output2
    {
        type            calculated;
        value           nonuniform List<scalar> 10(-4.0652e-14 -4.0652e-14 -4.0652e-14 -3.37161e-14 -7.07225e-12 -1.25513e-11 -1.6064e-11 -1.69032e-11 -1.36937e-11 -1.20045e-11);
    }
    output3
    {
        type            calculated;
        value           nonuniform List<scalar> 10(-3.04216e-11 -3.7958e-12 -8.08474e-12 -2.44871e-12 -2.67477e-14 -4.0652e-14 -4.0652e-14 -4.0652e-14 -4.0652e-14 -4.0652e-14);
    }
    up
    {
        type            calculated;
        value           nonuniform List<scalar> 
30
(
-1.94688e-11
-1.94024e-11
-1.9349e-11
-1.93136e-11
-1.92959e-11
-1.93032e-11
-1.93289e-11
-1.93786e-11
-1.94381e-11
-1.95199e-11
-1.96034e-11
-1.97201e-11
-1.98365e-11
-2.00176e-11
-2.02002e-11
-2.05071e-11
-2.08166e-11
-2.13059e-11
-2.17516e-11
-2.17647e-11
-2.04827e-11
-1.54779e-12
-4.0597e-14
-4.0652e-14
-4.0652e-14
-4.0652e-14
-4.0652e-14
-4.0652e-14
-4.0652e-14
-4.0652e-14
)
;
    }
    down
    {
        type            calculated;
        value           nonuniform List<scalar> 
30
(
-4.67482e-11
-2.58513e-11
-1.12494e-10
-3.00778e-12
-3.93195e-14
-4.0652e-14
-4.0652e-14
-4.0652e-14
-4.0652e-14
-4.0652e-14
-4.0652e-14
-4.0652e-14
-4.0652e-14
-4.0652e-14
-4.0652e-14
-4.0652e-14
-4.0652e-14
-4.0652e-14
-4.0652e-14
-4.0652e-14
-4.0652e-14
-4.0652e-14
-4.0652e-14
-4.0652e-14
-4.0652e-14
-4.0652e-14
-4.0652e-14
-4.0652e-14
-4.0652e-14
-4.0652e-14
)
;
    }
    emptyWalls
    {
        type            empty;
    }
}


// ************************************************************************* //
