/*--------------------------------*- C++ -*----------------------------------*\
  =========                 |
  \\      /  F ield         | OpenFOAM: The Open Source CFD Toolbox
   \\    /   O peration     | Website:  https://openfoam.org
    \\  /    A nd           | Version:  9
     \\/     M anipulation  |
\*---------------------------------------------------------------------------*/
FoamFile
{
    format      ascii;
    class       volScalarField;
    location    "25500";
    object      fw;
}
// * * * * * * * * * * * * * * * * * * * * * * * * * * * * * * * * * * * * * //

dimensions      [0 0 0 0 0 0 0];

internalField   nonuniform List<scalar> 
900
(
0.982294
0.945783
0.997817
0.36292
1.56847e-08
4.7991e-09
4.7991e-09
4.7991e-09
4.7991e-09
4.7991e-09
4.7991e-09
4.7991e-09
4.7991e-09
4.7991e-09
4.7991e-09
4.7991e-09
4.7991e-09
4.7991e-09
4.7991e-09
4.7991e-09
4.7991e-09
4.7991e-09
4.7991e-09
4.7991e-09
4.7991e-09
4.7991e-09
4.7991e-09
4.7991e-09
4.7991e-09
4.7991e-09
0.999924
0.999645
0.821617
0.699129
1.43714e-05
4.79922e-09
4.7991e-09
4.7991e-09
4.7991e-09
4.7991e-09
4.7991e-09
4.7991e-09
4.7991e-09
4.7991e-09
4.7991e-09
4.7991e-09
4.7991e-09
4.7991e-09
4.7991e-09
4.7991e-09
4.7991e-09
4.7991e-09
4.7991e-09
4.7991e-09
4.7991e-09
4.7991e-09
4.7991e-09
4.7991e-09
4.7991e-09
4.7991e-09
0.999791
0.967506
0.751517
0.0800075
5.97922e-09
4.7991e-09
4.7991e-09
4.7991e-09
4.7991e-09
4.7991e-09
4.7991e-09
4.7991e-09
4.7991e-09
4.7991e-09
4.7991e-09
4.7991e-09
4.7991e-09
4.7991e-09
4.7991e-09
4.7991e-09
4.7991e-09
4.7991e-09
4.7991e-09
4.7991e-09
4.7991e-09
4.7991e-09
4.7991e-09
4.7991e-09
4.7991e-09
4.7991e-09
0.999975
0.998138
0.749359
0.00248324
4.83501e-09
4.7991e-09
4.7991e-09
4.7991e-09
4.7991e-09
4.7991e-09
4.7991e-09
4.7991e-09
4.7991e-09
4.7991e-09
4.7991e-09
4.7991e-09
4.7991e-09
4.7991e-09
4.7991e-09
4.7991e-09
4.7991e-09
4.7991e-09
4.7991e-09
4.7991e-09
4.7991e-09
4.7991e-09
4.7991e-09
4.7991e-09
4.7991e-09
4.7991e-09
0.999705
0.958397
0.76511
0.000436381
4.80345e-09
4.7991e-09
4.7991e-09
4.7991e-09
4.7991e-09
4.7991e-09
4.7991e-09
4.7991e-09
4.7991e-09
4.7991e-09
4.7991e-09
4.7991e-09
4.7991e-09
4.7991e-09
4.7991e-09
4.7991e-09
4.7991e-09
4.7991e-09
4.7991e-09
4.7991e-09
4.7991e-09
4.7991e-09
4.7991e-09
4.7991e-09
4.7991e-09
4.7991e-09
0.999908
0.994791
0.802055
2.02849e-05
4.79924e-09
4.7991e-09
4.7991e-09
4.7991e-09
4.7991e-09
4.7991e-09
4.7991e-09
4.7991e-09
4.7991e-09
4.7991e-09
4.7991e-09
4.7991e-09
4.7991e-09
4.7991e-09
4.7991e-09
4.7991e-09
4.7991e-09
4.7991e-09
4.7991e-09
4.7991e-09
4.7991e-09
4.7991e-09
4.7991e-09
4.7991e-09
4.7991e-09
4.7991e-09
0.999657
0.976088
0.845223
1.9022e-06
4.79911e-09
4.7991e-09
4.7991e-09
4.7991e-09
4.7991e-09
4.7991e-09
4.7991e-09
4.7991e-09
4.7991e-09
4.7991e-09
4.7991e-09
4.7991e-09
4.7991e-09
4.7991e-09
4.7991e-09
4.7991e-09
4.7991e-09
4.7991e-09
4.7991e-09
4.7991e-09
4.7991e-09
4.7991e-09
4.7991e-09
4.7991e-09
4.7991e-09
4.7991e-09
0.99996
0.99557
0.863775
1.4191e-07
4.7991e-09
4.7991e-09
4.7991e-09
4.7991e-09
4.7991e-09
4.7991e-09
4.7991e-09
4.7991e-09
4.7991e-09
4.7991e-09
4.7991e-09
4.7991e-09
4.7991e-09
4.7991e-09
4.7991e-09
4.7991e-09
4.7991e-09
4.7991e-09
4.7991e-09
4.7991e-09
4.7991e-09
4.7991e-09
4.7991e-09
4.7991e-09
4.7991e-09
4.7991e-09
0.999942
0.992247
0.939976
1.72866e-08
4.7991e-09
4.7991e-09
4.7991e-09
4.7991e-09
4.7991e-09
4.7991e-09
4.7991e-09
4.7991e-09
4.7991e-09
4.7991e-09
4.7991e-09
4.7991e-09
4.7991e-09
4.7991e-09
4.7991e-09
4.7991e-09
4.7991e-09
4.7991e-09
4.7991e-09
4.7991e-09
4.7991e-09
4.7991e-09
4.7991e-09
4.7991e-09
4.7991e-09
4.7991e-09
1
0.99917
0.892915
1.25901e-08
4.7991e-09
4.7991e-09
4.7991e-09
4.7991e-09
4.7991e-09
4.7991e-09
4.7991e-09
4.7991e-09
4.7991e-09
4.7991e-09
4.7991e-09
4.7991e-09
4.7991e-09
4.7991e-09
4.7991e-09
4.7991e-09
4.7991e-09
4.7991e-09
4.7991e-09
4.7991e-09
4.7991e-09
4.7991e-09
4.7991e-09
4.7991e-09
4.7991e-09
4.79911e-09
1
0.999247
0.987681
0.00425524
4.81234e-09
4.7991e-09
4.7991e-09
4.7991e-09
4.7991e-09
4.7991e-09
4.7991e-09
4.7991e-09
4.7991e-09
4.7991e-09
4.7991e-09
4.7991e-09
4.7991e-09
4.7991e-09
4.7991e-09
4.7991e-09
4.7991e-09
4.7991e-09
4.7991e-09
4.7991e-09
4.7991e-09
4.7991e-09
4.7991e-09
4.7991e-09
4.79909e-09
4.79909e-09
1.00004
0.999899
0.933479
0.46694
0.174422
1.77178e-08
4.8008e-09
4.80008e-09
4.79984e-09
4.79914e-09
4.7991e-09
4.7991e-09
4.7991e-09
4.7991e-09
4.7991e-09
4.7991e-09
4.7991e-09
4.7991e-09
4.7991e-09
4.7991e-09
4.7991e-09
4.7991e-09
4.7991e-09
4.7991e-09
4.7991e-09
4.7991e-09
4.7991e-09
4.7991e-09
4.7991e-09
4.7991e-09
1.00002
0.999996
0.999325
0.991357
0.954707
0.881941
0.840223
0.775124
0.793874
0.000640198
3.20858e-08
5.60007e-08
6.99556e-08
7.13752e-08
6.28013e-08
4.78606e-08
3.45012e-08
2.38082e-08
1.48132e-08
9.10391e-09
5.97693e-09
4.79941e-09
4.79934e-09
4.79928e-09
4.79923e-09
4.79911e-09
4.7991e-09
4.7991e-09
4.7991e-09
4.7991e-09
0.999657
0.998287
0.998304
0.993764
0.986042
0.968137
0.960802
0.93564
0.927931
0.825045
0.77655
0.769952
0.770578
0.77239
0.774935
0.779721
0.782655
0.790378
0.789222
0.801949
0.791803
0.817332
0.78684
0.822293
0.630839
0.00139173
0.00129958
0.000795703
0.000104831
7.93874e-07
0.966261
0.96191
0.970009
0.961825
0.957803
0.944538
0.934072
0.918883
0.906624
0.903431
0.884145
0.875154
0.872352
0.873715
0.873432
0.877348
0.876142
0.882052
0.878256
0.886281
0.879225
0.887378
0.871874
0.852436
0.787449
0.636786
0.612235
0.63624
0.658902
0.667774
0.946544
0.924207
0.909426
0.90192
0.89655
0.891273
0.88121
0.876206
0.870599
0.88059
0.8772
0.872051
0.869736
0.870234
0.871487
0.873831
0.875244
0.877758
0.878191
0.88022
0.877735
0.875168
0.862596
0.845371
0.829095
0.815838
0.807535
0.814446
0.827858
0.833077
0.907243
0.893153
0.88543
0.883331
0.881063
0.878187
0.873217
0.870293
0.868734
0.871471
0.872309
0.871635
0.871729
0.873777
0.876454
0.879836
0.88257
0.885445
0.88713
0.88816
0.886832
0.883092
0.876719
0.870797
0.867739
0.871536
0.869886
0.870975
0.877398
0.882834
0.896627
0.878513
0.877826
0.883186
0.888421
0.891622
0.892987
0.89384
0.894608
0.895695
0.897003
0.898286
0.899608
0.90155
0.903491
0.905767
0.907295
0.909099
0.909313
0.909821
0.907537
0.906438
0.902761
0.903813
0.902273
0.905307
0.898608
0.895065
0.887732
0.891521
0.876899
0.87813
0.892459
0.904868
0.912847
0.917365
0.91998
0.921468
0.92257
0.923308
0.9242
0.924729
0.925266
0.925306
0.925542
0.925185
0.925056
0.924063
0.923075
0.921071
0.918885
0.91684
0.91474
0.915096
0.912648
0.913546
0.903081
0.896999
0.864375
0.852131
0.880441
0.906874
0.925211
0.933102
0.935897
0.936608
0.936649
0.936374
0.9361
0.935618
0.935196
0.934322
0.933389
0.931712
0.93024
0.927828
0.926103
0.922803
0.920987
0.916627
0.915656
0.911037
0.912355
0.907786
0.909707
0.903948
0.901085
0.896677
0.849148
0.822691
0.932072
0.950006
0.949693
0.944496
0.939037
0.934705
0.931596
0.929421
0.927765
0.926383
0.924963
0.923461
0.921649
0.919727
0.917557
0.915499
0.913341
0.911422
0.909748
0.908246
0.907998
0.906543
0.908399
0.90396
0.908226
0.893856
0.904401
0.876318
0.932536
0.959407
0.905383
0.897008
0.8963
0.897968
0.900538
0.903305
0.906062
0.908304
0.910206
0.911481
0.912535
0.913079
0.913644
0.913826
0.914192
0.914205
0.914335
0.91423
0.913864
0.913871
0.912449
0.912736
0.90871
0.908493
0.899004
0.896098
0.878807
0.87262
0.841512
0.443063
0.910571
0.914348
0.921704
0.927506
0.930953
0.932592
0.933358
0.933452
0.933415
0.932942
0.932586
0.931689
0.931055
0.929529
0.928403
0.925783
0.923955
0.919958
0.917835
0.912932
0.911433
0.906055
0.90394
0.895536
0.887279
0.866092
0.841585
0.795503
0.711282
0.711963
0.912031
0.910259
0.909455
0.909123
0.90886
0.908357
0.907887
0.907319
0.906982
0.906487
0.906251
0.905629
0.905316
0.904298
0.903818
0.902337
0.902121
0.900724
0.901725
0.900719
0.902382
0.899483
0.896943
0.886315
0.863151
0.824277
0.766658
0.670738
0.581376
0.298798
0.912224
0.910768
0.910723
0.911869
0.91374
0.915468
0.917153
0.918282
0.919506
0.920118
0.921124
0.921348
0.922293
0.922092
0.922998
0.922111
0.922738
0.920486
0.92011
0.915033
0.912578
0.901117
0.894528
0.862682
0.812285
0.731605
0.621943
0.45243
0.382343
5.74329e-05
0.912544
0.911499
0.91107
0.911155
0.911687
0.912217
0.912857
0.913153
0.913645
0.913638
0.914096
0.913783
0.914292
0.913504
0.913981
0.912161
0.911983
0.907924
0.905751
0.898885
0.892978
0.879534
0.863557
0.787097
0.702303
0.518761
0.405583
1.20509e-07
4.7991e-09
4.7991e-09
0.912767
0.911949
0.911478
0.911295
0.911561
0.911923
0.912624
0.91305
0.913891
0.914126
0.915145
0.915108
0.916534
0.916114
0.918233
0.916983
0.919703
0.916037
0.917643
0.908518
0.901256
0.880518
0.82031
0.61201
0.577051
0.000525902
4.79937e-09
4.7991e-09
4.7991e-09
4.7991e-09
0.912897
0.912256
0.911817
0.91156
0.911601
0.911766
0.912225
0.912564
0.913261
0.913532
0.914484
0.914564
0.916022
0.915769
0.918182
0.917074
0.920791
0.916314
0.919728
0.901056
0.894569
0.840745
0.636236
0.00121996
4.79978e-09
4.7991e-09
4.7991e-09
4.7991e-09
4.7991e-09
4.7991e-09
0.912975
0.912439
0.912044
0.911765
0.911707
0.911759
0.912084
0.912371
0.912993
0.913332
0.914253
0.914535
0.915977
0.91613
0.918591
0.918361
0.92262
0.920399
0.926629
0.909584
0.909983
0.740388
0.00122806
4.79972e-09
4.7991e-09
4.7991e-09
4.7991e-09
4.7991e-09
4.7991e-09
4.7991e-09
0.913006
0.912531
0.912145
0.911888
0.911759
0.911813
0.911999
0.912359
0.912787
0.91337
0.91396
0.914774
0.915575
0.916801
0.918011
0.919989
0.921916
0.924829
0.927349
0.927421
0.919834
0.184449
5.05419e-09
4.7991e-09
4.7991e-09
4.7991e-09
4.7991e-09
4.7991e-09
4.7991e-09
4.7991e-09
)
;

boundaryField
{
    inlet1
    {
        type            calculated;
        value           uniform 1;
    }
    inlet2
    {
        type            calculated;
        value           nonuniform List<scalar> 10(1 1.00004 1.00002 0.999657 0.966261 0.946544 0.907243 0.896627 0.876899 0.880441);
    }
    inlet3
    {
        type            calculated;
        value           uniform 0.913307;
    }
    output1
    {
        type            calculated;
        value           nonuniform List<scalar> 10(4.7991e-09 4.7991e-09 4.7991e-09 4.7991e-09 4.7991e-09 4.7991e-09 4.7991e-09 4.7991e-09 4.7991e-09 4.79911e-09);
    }
    output2
    {
        type            calculated;
        value           nonuniform List<scalar> 10(4.79909e-09 4.7991e-09 4.7991e-09 7.93874e-07 0.667774 0.833077 0.882834 0.891521 0.852131 0.822691);
    }
    output3
    {
        type            calculated;
        value           nonuniform List<scalar> 10(0.959407 0.443063 0.711963 0.298798 5.74329e-05 4.7991e-09 4.7991e-09 4.7991e-09 4.7991e-09 4.7991e-09);
    }
    up
    {
        type            calculated;
        value           nonuniform List<scalar> 
30
(
0.913006
0.912531
0.912145
0.911888
0.911759
0.911813
0.911999
0.912359
0.912787
0.91337
0.91396
0.914774
0.915575
0.916801
0.918011
0.919989
0.921916
0.924829
0.927349
0.927421
0.919834
0.184449
5.05419e-09
4.7991e-09
4.7991e-09
4.7991e-09
4.7991e-09
4.7991e-09
4.7991e-09
4.7991e-09
)
;
    }
    down
    {
        type            calculated;
        value           nonuniform List<scalar> 
30
(
0.982294
0.945783
0.997817
0.36292
1.56847e-08
4.7991e-09
4.7991e-09
4.7991e-09
4.7991e-09
4.7991e-09
4.7991e-09
4.7991e-09
4.7991e-09
4.7991e-09
4.7991e-09
4.7991e-09
4.7991e-09
4.7991e-09
4.7991e-09
4.7991e-09
4.7991e-09
4.7991e-09
4.7991e-09
4.7991e-09
4.7991e-09
4.7991e-09
4.7991e-09
4.7991e-09
4.7991e-09
4.7991e-09
)
;
    }
    emptyWalls
    {
        type            empty;
    }
}


// ************************************************************************* //
