/*--------------------------------*- C++ -*----------------------------------*\
  =========                 |
  \\      /  F ield         | OpenFOAM: The Open Source CFD Toolbox
   \\    /   O peration     | Website:  https://openfoam.org
    \\  /    A nd           | Version:  9
     \\/     M anipulation  |
\*---------------------------------------------------------------------------*/
FoamFile
{
    format      ascii;
    class       volScalarField;
    location    "25500";
    object      p;
}
// * * * * * * * * * * * * * * * * * * * * * * * * * * * * * * * * * * * * * //

dimensions      [0 0 0 0 0 0 0];

internalField   nonuniform List<scalar> 
900
(
1.21325e+07
1.21268e+07
1.21258e+07
1.21254e+07
1.21158e+07
1.17472e+07
1.14057e+07
1.10762e+07
1.07539e+07
1.04356e+07
1.01193e+07
9.80395e+06
9.48893e+06
9.17423e+06
8.86015e+06
8.54732e+06
8.23665e+06
7.92932e+06
7.62677e+06
7.33081e+06
7.04359e+06
6.76771e+06
6.50626e+06
6.26282e+06
6.04147e+06
5.8467e+06
5.68321e+06
5.55559e+06
5.4679e+06
5.42322e+06
1.21274e+07
1.21256e+07
1.21252e+07
1.21231e+07
1.21191e+07
1.17262e+07
1.13937e+07
1.10691e+07
1.07499e+07
1.04335e+07
1.01184e+07
9.80359e+06
9.48862e+06
9.1736e+06
8.85889e+06
8.54516e+06
8.23332e+06
7.92452e+06
7.62019e+06
7.32206e+06
7.03225e+06
6.75329e+06
6.48824e+06
6.24072e+06
6.01489e+06
5.81543e+06
5.64735e+06
5.51565e+06
5.42488e+06
5.37853e+06
1.21219e+07
1.21209e+07
1.21198e+07
1.21189e+07
1.2071e+07
1.17028e+07
1.13739e+07
1.10565e+07
1.07429e+07
1.04303e+07
1.01173e+07
9.80334e+06
9.48838e+06
9.17264e+06
8.85665e+06
8.54112e+06
8.22695e+06
7.91526e+06
7.6074e+06
7.305e+06
7.01004e+06
6.72495e+06
6.45271e+06
6.19692e+06
5.96193e+06
5.75277e+06
5.5751e+06
5.43479e+06
5.33744e+06
5.2875e+06
1.21137e+07
1.21125e+07
1.21116e+07
1.21103e+07
1.19273e+07
1.16412e+07
1.13425e+07
1.104e+07
1.0735e+07
1.04274e+07
1.01171e+07
9.80411e+06
9.48889e+06
9.17195e+06
8.85396e+06
8.53571e+06
8.2181e+06
7.90217e+06
7.58915e+06
7.28049e+06
6.97796e+06
6.68377e+06
6.40071e+06
6.13234e+06
5.88312e+06
5.65863e+06
5.46547e+06
5.31098e+06
5.20258e+06
5.14652e+06
1.21023e+07
1.21011e+07
1.20984e+07
1.20966e+07
1.18488e+07
1.15923e+07
1.13149e+07
1.10261e+07
1.07298e+07
1.04273e+07
1.01195e+07
9.80714e+06
9.49113e+06
9.17231e+06
8.85152e+06
8.52965e+06
8.20756e+06
7.88618e+06
7.56654e+06
7.24984e+06
6.93753e+06
6.63146e+06
6.33404e+06
6.04858e+06
5.77959e+06
5.53316e+06
5.31715e+06
5.14109e+06
5.01537e+06
4.94949e+06
1.20859e+07
1.2084e+07
1.20822e+07
1.20805e+07
1.18126e+07
1.15641e+07
1.12985e+07
1.10199e+07
1.07307e+07
1.04324e+07
1.01264e+07
9.81385e+06
9.49619e+06
9.17462e+06
8.85018e+06
8.5238e+06
8.1963e+06
7.86844e+06
7.54099e+06
7.21481e+06
6.89088e+06
6.57048e+06
6.2554e+06
5.94835e+06
5.65351e+06
5.37725e+06
5.12888e+06
4.92087e+06
4.7683e+06
4.68659e+06
1.20662e+07
1.20644e+07
1.20622e+07
1.20608e+07
1.17984e+07
1.15532e+07
1.12951e+07
1.10242e+07
1.07407e+07
1.04454e+07
1.01397e+07
9.82569e+06
9.50517e+06
9.17978e+06
8.85078e+06
8.51908e+06
8.1854e+06
7.85028e+06
7.51418e+06
7.17752e+06
6.84069e+06
6.50417e+06
6.16874e+06
5.83592e+06
5.50883e+06
5.19347e+06
4.90026e+06
4.6452e+06
4.45036e+06
4.34198e+06
1.20448e+07
1.20431e+07
1.20414e+07
1.20401e+07
1.17941e+07
1.1555e+07
1.13047e+07
1.10411e+07
1.07625e+07
1.04687e+07
1.01615e+07
9.84401e+06
9.519e+06
9.18857e+06
8.85407e+06
8.51635e+06
8.17593e+06
7.83309e+06
7.48793e+06
7.14039e+06
6.79018e+06
6.43678e+06
6.07947e+06
5.71776e+06
5.35241e+06
4.98752e+06
4.63347e+06
4.30933e+06
4.04596e+06
3.88898e+06
1.20244e+07
1.20227e+07
1.20223e+07
1.20216e+07
1.1796e+07
1.15678e+07
1.13278e+07
1.10728e+07
1.07996e+07
1.05054e+07
1.01936e+07
9.86982e+06
9.53827e+06
9.20142e+06
8.86057e+06
8.51631e+06
8.16887e+06
7.81821e+06
7.46407e+06
7.10594e+06
6.74287e+06
6.37328e+06
5.9946e+06
5.60325e+06
5.19553e+06
4.77075e+06
4.33676e+06
3.91269e+06
3.53515e+06
3.279e+06
1.20074e+07
1.2006e+07
1.20041e+07
1.20031e+07
1.18046e+07
1.15925e+07
1.13658e+07
1.11227e+07
1.08575e+07
1.05597e+07
1.02377e+07
9.90339e+06
9.56283e+06
9.21828e+06
8.87047e+06
8.51946e+06
8.16504e+06
7.80681e+06
7.44421e+06
7.07641e+06
6.70208e+06
6.31888e+06
5.92239e+06
5.50511e+06
5.05571e+06
4.56318e+06
4.03013e+06
3.46952e+06
2.90296e+06
2.41288e+06
1.19937e+07
1.19924e+07
1.19893e+07
1.19844e+07
1.18293e+07
1.16319e+07
1.142e+07
1.11948e+07
1.09481e+07
1.06384e+07
1.02939e+07
9.94326e+06
9.59136e+06
9.23839e+06
8.88356e+06
8.52603e+06
8.16502e+06
7.7998e+06
7.42952e+06
7.05343e+06
6.67016e+06
6.27776e+06
5.87096e+06
5.43909e+06
4.959e+06
4.39614e+06
3.75105e+06
3.03231e+06
2.19427e+06
1.05668e+06
1.1985e+07
1.19817e+07
1.19706e+07
1.19226e+07
1.18288e+07
1.16866e+07
1.14877e+07
1.12883e+07
1.11018e+07
1.07517e+07
1.03565e+07
9.98434e+06
9.62097e+06
9.26038e+06
8.89933e+06
8.53609e+06
8.16919e+06
7.79784e+06
7.42065e+06
7.03762e+06
6.64736e+06
6.25104e+06
5.84462e+06
5.42127e+06
4.94508e+06
4.31134e+06
3.54563e+06
2.7144e+06
1.78514e+06
676230
1.19799e+07
1.19731e+07
1.19531e+07
1.19077e+07
1.18187e+07
1.16745e+07
1.14882e+07
1.12889e+07
1.11042e+07
1.09279e+07
1.0397e+07
1.00179e+07
9.64894e+06
9.28375e+06
8.91801e+06
8.55028e+06
8.17807e+06
7.80181e+06
7.41757e+06
7.02895e+06
6.63058e+06
6.23442e+06
5.83522e+06
5.4563e+06
5.08869e+06
4.3585e+06
3.40573e+06
2.49452e+06
1.55565e+06
539335
1.19787e+07
1.19679e+07
1.19393e+07
1.18859e+07
1.17912e+07
1.16501e+07
1.14697e+07
1.12666e+07
1.10458e+07
1.07764e+07
1.03965e+07
1.0018e+07
9.64912e+06
9.28394e+06
8.91819e+06
8.55045e+06
8.1782e+06
7.80193e+06
7.41762e+06
7.029e+06
6.63046e+06
6.23433e+06
5.83499e+06
5.45646e+06
5.09512e+06
4.62112e+06
3.2263e+06
2.28671e+06
1.37145e+06
457844
1.19886e+07
1.19735e+07
1.19367e+07
1.18712e+07
1.1767e+07
1.16221e+07
1.14398e+07
1.12253e+07
1.09783e+07
1.06914e+07
1.03615e+07
1.00074e+07
9.64751e+06
9.2867e+06
8.9237e+06
8.55816e+06
8.18741e+06
7.81195e+06
7.42822e+06
7.0383e+06
6.63897e+06
6.23408e+06
5.82046e+06
5.38442e+06
4.88371e+06
4.17645e+06
3.21626e+06
2.28189e+06
1.36953e+06
457944
1.20431e+07
1.20185e+07
1.19643e+07
1.18797e+07
1.17593e+07
1.16025e+07
1.141e+07
1.11838e+07
1.09252e+07
1.06388e+07
1.0327e+07
9.99281e+06
9.64565e+06
9.29226e+06
8.93449e+06
8.57249e+06
8.20486e+06
7.83078e+06
7.44825e+06
7.05661e+06
6.65317e+06
6.23469e+06
5.79087e+06
5.29809e+06
4.72182e+06
4.01921e+06
3.19356e+06
2.30818e+06
1.39759e+06
469485
1.21417e+07
1.21071e+07
1.20343e+07
1.19252e+07
1.17816e+07
1.16054e+07
1.13979e+07
1.1161e+07
1.08973e+07
1.06116e+07
1.03066e+07
9.98413e+06
9.64833e+06
9.30378e+06
8.95278e+06
8.59587e+06
8.23221e+06
7.86064e+06
7.47926e+06
7.0858e+06
6.67616e+06
6.2434e+06
5.77539e+06
5.25511e+06
4.66377e+06
3.99055e+06
3.22857e+06
2.38136e+06
1.46352e+06
496034
1.2298e+07
1.22469e+07
1.21465e+07
1.20063e+07
1.18341e+07
1.16345e+07
1.14097e+07
1.11616e+07
1.08928e+07
1.0606e+07
1.03038e+07
9.98794e+06
9.66065e+06
9.32425e+06
8.9802e+06
8.62892e+06
8.2697e+06
7.9013e+06
7.52143e+06
7.12705e+06
6.71289e+06
6.27205e+06
5.79447e+06
5.27093e+06
4.69135e+06
4.05059e+06
3.3341e+06
2.52478e+06
1.59857e+06
557145
1.25207e+07
1.24393e+07
1.22964e+07
1.21162e+07
1.1911e+07
1.16857e+07
1.14423e+07
1.11821e+07
1.09065e+07
1.06173e+07
1.03159e+07
1.00039e+07
9.68247e+06
9.35247e+06
9.01465e+06
8.66892e+06
8.31468e+06
7.95028e+06
7.57349e+06
7.18057e+06
6.76679e+06
6.32598e+06
5.85156e+06
5.33754e+06
4.77798e+06
4.16843e+06
3.49705e+06
2.74535e+06
1.85105e+06
716344
1.28355e+07
1.26769e+07
1.24686e+07
1.22416e+07
1.20022e+07
1.17513e+07
1.14894e+07
1.12165e+07
1.09332e+07
1.06402e+07
1.03384e+07
1.00283e+07
9.71071e+06
9.38572e+06
9.0535e+06
8.71356e+06
8.36517e+06
8.00639e+06
7.63511e+06
7.24733e+06
6.83961e+06
6.40617e+06
5.94372e+06
5.44567e+06
4.90993e+06
4.32854e+06
3.6997e+06
3.01734e+06
2.25195e+06
1.18583e+06
1.32344e+07
1.29178e+07
1.26403e+07
1.23704e+07
1.20994e+07
1.18248e+07
1.15452e+07
1.12598e+07
1.09684e+07
1.06708e+07
1.03674e+07
1.00581e+07
9.74318e+06
9.4225e+06
9.0958e+06
8.76242e+06
8.42124e+06
8.07045e+06
7.70761e+06
7.32956e+06
6.93294e+06
6.51358e+06
6.06829e+06
5.5917e+06
5.08217e+06
4.53043e+06
3.93914e+06
3.29169e+06
2.65887e+06
2.1714e+06
1.35465e+07
1.31483e+07
1.28087e+07
1.24982e+07
1.21988e+07
1.19027e+07
1.16069e+07
1.13096e+07
1.10098e+07
1.07072e+07
1.04014e+07
1.00922e+07
9.77948e+06
9.463e+06
9.14235e+06
8.81658e+06
8.4845e+06
8.1441e+06
7.79308e+06
7.42858e+06
7.04739e+06
6.64645e+06
6.22151e+06
5.76998e+06
5.28621e+06
4.77052e+06
4.22141e+06
3.66093e+06
3.11922e+06
2.63603e+06
1.37827e+07
1.33583e+07
1.29789e+07
1.26319e+07
1.23038e+07
1.19862e+07
1.16739e+07
1.13644e+07
1.10559e+07
1.07477e+07
1.0439e+07
1.01293e+07
9.81866e+06
9.50637e+06
9.19213e+06
8.87477e+06
8.55325e+06
8.22524e+06
7.88892e+06
7.5408e+06
7.17876e+06
6.79841e+06
6.39752e+06
5.97085e+06
5.51616e+06
5.03139e+06
4.52596e+06
4.01927e+06
3.56066e+06
3.28978e+06
1.39666e+07
1.35306e+07
1.3128e+07
1.27544e+07
1.24028e+07
1.2066e+07
1.17389e+07
1.14181e+07
1.11016e+07
1.0788e+07
1.04764e+07
1.01663e+07
9.85747e+06
9.54932e+06
9.24164e+06
8.93339e+06
8.62373e+06
8.31046e+06
7.99176e+06
7.66393e+06
7.32435e+06
6.96809e+06
6.59243e+06
6.19168e+06
5.76164e+06
5.3029e+06
4.82558e+06
4.34752e+06
3.93186e+06
3.61176e+06
1.41103e+07
1.36682e+07
1.32528e+07
1.28625e+07
1.24936e+07
1.21413e+07
1.18014e+07
1.14706e+07
1.11466e+07
1.08279e+07
1.05136e+07
1.0203e+07
9.89586e+06
9.59183e+06
9.29102e+06
8.99266e+06
8.69641e+06
8.40018e+06
8.10216e+06
7.79798e+06
7.48401e+06
7.15355e+06
6.80297e+06
6.42335e+06
6.01227e+06
5.56787e+06
5.10616e+06
4.62882e+06
4.2e+06
3.94857e+06
1.42217e+07
1.37761e+07
1.33533e+07
1.29525e+07
1.25716e+07
1.22075e+07
1.18573e+07
1.15179e+07
1.11875e+07
1.08644e+07
1.05476e+07
1.02364e+07
9.93087e+06
9.63062e+06
9.33628e+06
9.04754e+06
8.76487e+06
8.48656e+06
8.21121e+06
7.93395e+06
7.64958e+06
7.34946e+06
7.02335e+06
6.65606e+06
6.25963e+06
5.8227e+06
5.36007e+06
4.96468e+06
4.2344e+06
4.32574e+06
1.43063e+07
1.38585e+07
1.34311e+07
1.30236e+07
1.26347e+07
1.22623e+07
1.19042e+07
1.15583e+07
1.12227e+07
1.08959e+07
1.0577e+07
1.02654e+07
9.96113e+06
9.6641e+06
9.37555e+06
9.09553e+06
8.82596e+06
8.56575e+06
8.31533e+06
8.06896e+06
7.82109e+06
7.55885e+06
7.2612e+06
6.89159e+06
6.48552e+06
6.17453e+06
5.37864e+06
5.14069e+06
4.81524e+06
4.72975e+06
1.43673e+07
1.39181e+07
1.34879e+07
1.30762e+07
1.26821e+07
1.23041e+07
1.19406e+07
1.15899e+07
1.12504e+07
1.09208e+07
1.06003e+07
1.02883e+07
9.9851e+06
9.69066e+06
9.40666e+06
9.13371e+06
8.87499e+06
8.63071e+06
8.40414e+06
8.18998e+06
7.98441e+06
7.7672e+06
7.51402e+06
7.20914e+06
6.49445e+06
6.16363e+06
5.70561e+06
5.39552e+06
5.15613e+06
5.04827e+06
1.44069e+07
1.39569e+07
1.3525e+07
1.31109e+07
1.27137e+07
1.23323e+07
1.19654e+07
1.16116e+07
1.12695e+07
1.0938e+07
1.06165e+07
1.03043e+07
1.00017e+07
9.70907e+06
9.42812e+06
9.16008e+06
8.90866e+06
8.67593e+06
8.46771e+06
8.28357e+06
8.12443e+06
7.96726e+06
7.77495e+06
7.27335e+06
6.71795e+06
6.28123e+06
5.88465e+06
5.57965e+06
5.36547e+06
5.25893e+06
1.44265e+07
1.3976e+07
1.35434e+07
1.31281e+07
1.27295e+07
1.23464e+07
1.19779e+07
1.16226e+07
1.12792e+07
1.09469e+07
1.06247e+07
1.03124e+07
1.00102e+07
9.71855e+06
9.43899e+06
9.1736e+06
8.92551e+06
8.69882e+06
8.49933e+06
8.33344e+06
8.21069e+06
8.13011e+06
8.07937e+06
7.39168e+06
6.82278e+06
6.35871e+06
5.97211e+06
5.67298e+06
5.46717e+06
5.36305e+06
)
;

boundaryField
{
    inlet1
    {
        type            fixedGradient;
        gradient        uniform 20000;
    }
    inlet2
    {
        type            zeroGradient;
    }
    inlet3
    {
        type            fixedGradient;
        gradient        uniform 4.68141e+06;
    }
    output1
    {
        type            zeroGradient;
    }
    output2
    {
        type            fixedValue;
        value           uniform 0;
    }
    output3
    {
        type            zeroGradient;
    }
    up
    {
        type            zeroGradient;
    }
    down
    {
        type            zeroGradient;
    }
    emptyWalls
    {
        type            empty;
    }
}


// ************************************************************************* //
