/*--------------------------------*- C++ -*----------------------------------*\
  =========                 |
  \\      /  F ield         | OpenFOAM: The Open Source CFD Toolbox
   \\    /   O peration     | Website:  https://openfoam.org
    \\  /    A nd           | Version:  9
     \\/     M anipulation  |
\*---------------------------------------------------------------------------*/
FoamFile
{
    format      ascii;
    class       volScalarField;
    location    "25500";
    object      Sw;
}
// * * * * * * * * * * * * * * * * * * * * * * * * * * * * * * * * * * * * * //

dimensions      [0 0 0 0 0 0 0];

internalField   nonuniform List<scalar> 
900
(
0.657734
0.617855
0.722416
0.495716
0.157737
0.15
0.15
0.15
0.15
0.15
0.15
0.15
0.15
0.15
0.15
0.15
0.15
0.15
0.15
0.15
0.15
0.15
0.15
0.15
0.15
0.15
0.15
0.15
0.15
0.15
0.794229
0.766529
0.570294
0.545621
0.229948
0.15
0.15
0.15
0.15
0.15
0.15
0.15
0.15
0.15
0.15
0.15
0.15
0.15
0.15
0.15
0.15
0.15
0.15
0.15
0.15
0.15
0.15
0.15
0.15
0.15
0.776988
0.63654
0.555108
0.432673
0.151356
0.15
0.15
0.15
0.15
0.15
0.15
0.15
0.15
0.15
0.15
0.15
0.15
0.15
0.15
0.15
0.15
0.15
0.15
0.15
0.15
0.15
0.15
0.15
0.15
0.15
0.809424
0.726778
0.554701
0.331458
0.150045
0.15
0.15
0.15
0.15
0.15
0.15
0.15
0.15
0.15
0.15
0.15
0.15
0.15
0.15
0.15
0.15
0.15
0.15
0.15
0.15
0.15
0.15
0.15
0.15
0.15
0.770292
0.627665
0.557781
0.291457
0.150006
0.15
0.15
0.15
0.15
0.15
0.15
0.15
0.15
0.15
0.15
0.15
0.15
0.15
0.15
0.15
0.15
0.15
0.15
0.15
0.15
0.15
0.15
0.15
0.15
0.15
0.791243
0.697181
0.565657
0.235233
0.15
0.15
0.15
0.15
0.15
0.15
0.15
0.15
0.15
0.15
0.15
0.15
0.15
0.15
0.15
0.15
0.15
0.15
0.15
0.15
0.15
0.15
0.15
0.15
0.15
0.15
0.767225
0.647382
0.57641
0.202572
0.15
0.15
0.15
0.15
0.15
0.15
0.15
0.15
0.15
0.15
0.15
0.15
0.15
0.15
0.15
0.15
0.15
0.15
0.15
0.15
0.15
0.15
0.15
0.15
0.15
0.15
0.803428
0.702072
0.581789
0.175308
0.15
0.15
0.15
0.15
0.15
0.15
0.15
0.15
0.15
0.15
0.15
0.15
0.15
0.15
0.15
0.15
0.15
0.15
0.15
0.15
0.15
0.15
0.15
0.15
0.15
0.15
0.798192
0.684831
0.614093
0.158423
0.15
0.15
0.15
0.15
0.15
0.15
0.15
0.15
0.15
0.15
0.15
0.15
0.15
0.15
0.15
0.15
0.15
0.15
0.15
0.15
0.15
0.15
0.15
0.15
0.15
0.15
0.850446
0.747412
0.591617
0.156221
0.15
0.15
0.15
0.15
0.15
0.15
0.15
0.15
0.15
0.15
0.15
0.15
0.15
0.15
0.15
0.15
0.15
0.15
0.15
0.15
0.15
0.15
0.15
0.15
0.15
0.15
0.859202
0.74971
0.669871
0.345179
0.150017
0.15
0.15
0.15
0.15
0.15
0.15
0.15
0.15
0.15
0.15
0.15
0.15
0.15
0.15
0.15
0.15
0.15
0.15
0.15
0.15
0.15
0.15
0.15
0.15
0.15
0.920033
0.789761
0.610223
0.510815
0.461775
0.158599
0.150002
0.150001
0.150001
0.15
0.15
0.15
0.15
0.15
0.15
0.15
0.15
0.15
0.15
0.15
0.15
0.15
0.15
0.15
0.15
0.15
0.15
0.15
0.15
0.15
0.897816
0.826506
0.752297
0.681391
0.624573
0.587697
0.575062
0.559829
0.563835
0.299888
0.162961
0.167339
0.169168
0.169337
0.168277
0.166078
0.163519
0.160734
0.157342
0.154053
0.151357
0.15
0.15
0.15
0.15
0.15
0.15
0.15
0.15
0.15
0.767203
0.728947
0.729255
0.691652
0.665726
0.637264
0.629821
0.611459
0.607153
0.571127
0.56012
0.558763
0.55889
0.55926
0.559782
0.560778
0.561396
0.563055
0.562804
0.565627
0.563368
0.569221
0.562306
0.570402
0.534839
0.317602
0.31582
0.304568
0.263187
0.192493
0.63522
0.63083
0.639414
0.63078
0.627144
0.617059
0.61055
0.602592
0.597086
0.595757
0.588454
0.585401
0.584487
0.584928
0.584835
0.586124
0.585723
0.58772
0.58643
0.589201
0.586763
0.589586
0.584356
0.578431
0.562492
0.535529
0.531749
0.535407
0.538973
0.540406
0.618424
0.605221
0.598282
0.595139
0.593015
0.59102
0.587435
0.585748
0.583924
0.587223
0.586078
0.584389
0.583648
0.583805
0.584205
0.584963
0.585426
0.586261
0.586407
0.587093
0.586256
0.585404
0.581441
0.576457
0.572148
0.568873
0.566905
0.568531
0.571828
0.573168
0.597346
0.591718
0.588903
0.588167
0.587384
0.586408
0.584767
0.583826
0.583331
0.584202
0.584471
0.584253
0.584282
0.584945
0.585825
0.586962
0.587901
0.588908
0.589509
0.58988
0.589405
0.588087
0.585919
0.583988
0.583013
0.584221
0.583696
0.584045
0.586145
0.587995
0.593044
0.586518
0.586287
0.588117
0.589975
0.591149
0.591658
0.591979
0.592269
0.592684
0.593188
0.593688
0.594209
0.594986
0.595777
0.596722
0.597368
0.598142
0.598235
0.598456
0.597472
0.597006
0.59548
0.59591
0.595279
0.59653
0.593819
0.592446
0.589727
0.59111
0.585977
0.586388
0.59146
0.596347
0.599793
0.60187
0.603117
0.603844
0.604389
0.604759
0.60521
0.605479
0.605756
0.605777
0.605899
0.605715
0.605649
0.605142
0.604644
0.60365
0.602591
0.601623
0.600651
0.600813
0.599703
0.600108
0.595611
0.593187
0.581973
0.578348
0.587171
0.597189
0.605728
0.609991
0.611611
0.612033
0.612057
0.611893
0.61173
0.611446
0.611199
0.610691
0.610156
0.60921
0.608396
0.607096
0.606189
0.604507
0.603608
0.601524
0.601073
0.598988
0.599572
0.597577
0.598405
0.595965
0.594801
0.593062
0.577505
0.570539
0.60941
0.620913
0.620682
0.617026
0.613507
0.610912
0.609143
0.607949
0.607061
0.606335
0.605601
0.604838
0.603934
0.602996
0.60196
0.601
0.600016
0.599158
0.598423
0.597774
0.597668
0.59705
0.59784
0.595972
0.597766
0.591986
0.596155
0.585785
0.609673
0.628546
0.596562
0.593192
0.592918
0.593565
0.594582
0.595702
0.596846
0.597799
0.598623
0.599184
0.599653
0.599897
0.600153
0.600235
0.600401
0.600407
0.600467
0.600419
0.600253
0.600255
0.599615
0.599744
0.597975
0.597881
0.593975
0.592843
0.586619
0.584577
0.5754
0.507413
0.598782
0.600472
0.603961
0.606924
0.608787
0.609703
0.610137
0.610191
0.610169
0.609901
0.609699
0.609196
0.608844
0.608008
0.607402
0.606023
0.605087
0.603107
0.602092
0.599831
0.599164
0.596844
0.595965
0.592626
0.589568
0.582509
0.575426
0.564189
0.547727
0.547841
0.599428
0.598646
0.598295
0.598152
0.598038
0.597821
0.59762
0.597378
0.597235
0.597025
0.596926
0.596665
0.596534
0.596111
0.595913
0.595307
0.59522
0.594656
0.595059
0.594654
0.595326
0.594162
0.593169
0.589221
0.581607
0.57094
0.558104
0.540899
0.527176
0.485637
0.599514
0.598869
0.598849
0.599356
0.600196
0.600985
0.60177
0.602303
0.602889
0.603185
0.603675
0.603785
0.604252
0.604152
0.604604
0.604162
0.604474
0.603363
0.603181
0.600785
0.599673
0.594815
0.592243
0.581461
0.568032
0.551372
0.533244
0.508757
0.498611
0.252435
0.599657
0.599192
0.599002
0.599039
0.599275
0.599511
0.599797
0.59993
0.600152
0.600149
0.600357
0.600215
0.600447
0.600089
0.600305
0.599486
0.599407
0.597636
0.596715
0.593926
0.591654
0.586863
0.581727
0.562351
0.546172
0.518159
0.502057
0.173903
0.15
0.15
0.599757
0.599391
0.599182
0.599101
0.599219
0.59938
0.599693
0.599884
0.600264
0.600371
0.600837
0.60082
0.60148
0.601284
0.60228
0.60169
0.602983
0.601249
0.602
0.597891
0.594869
0.587198
0.569957
0.531727
0.526546
0.295563
0.15
0.15
0.15
0.15
0.599815
0.599528
0.599333
0.599219
0.599237
0.59931
0.599515
0.599666
0.599979
0.600102
0.600534
0.60057
0.601242
0.601124
0.602255
0.601733
0.603512
0.601378
0.602996
0.594791
0.592255
0.575198
0.535424
0.314457
0.150001
0.15
0.15
0.15
0.15
0.15
0.59985
0.59961
0.599434
0.59931
0.599284
0.599307
0.599452
0.59958
0.599858
0.600011
0.600429
0.600557
0.601221
0.601292
0.60245
0.60234
0.604415
0.603321
0.606463
0.598354
0.598527
0.55301
0.314611
0.150001
0.15
0.15
0.15
0.15
0.15
0.15
0.599864
0.599651
0.599479
0.599364
0.599307
0.599331
0.599414
0.599574
0.599766
0.600028
0.600295
0.600666
0.601035
0.601605
0.602174
0.603122
0.604065
0.605531
0.606842
0.606878
0.603051
0.46422
0.150318
0.15
0.15
0.15
0.15
0.15
0.15
0.15
)
;

boundaryField
{
    inlet1
    {
        type            fixedValue;
        value           uniform 0.85;
    }
    inlet2
    {
        type            zeroGradient;
    }
    inlet3
    {
        type            fixedValue;
        value           uniform 0.6;
    }
    output1
    {
        type            zeroGradient;
    }
    output2
    {
        type            zeroGradient;
    }
    output3
    {
        type            zeroGradient;
    }
    up
    {
        type            zeroGradient;
    }
    down
    {
        type            zeroGradient;
    }
    emptyWalls
    {
        type            empty;
    }
}


// ************************************************************************* //
