/*--------------------------------*- C++ -*----------------------------------*\
  =========                 |
  \\      /  F ield         | OpenFOAM: The Open Source CFD Toolbox
   \\    /   O peration     | Website:  https://openfoam.org
    \\  /    A nd           | Version:  9
     \\/     M anipulation  |
\*---------------------------------------------------------------------------*/
FoamFile
{
    format      ascii;
    class       volVectorField;
    location    "25500";
    object      ut;
}
// * * * * * * * * * * * * * * * * * * * * * * * * * * * * * * * * * * * * * //

dimensions      [0 1 -1 0 0 0 0];

internalField   nonuniform List<vector> 
900
(
(1.78891e-06 1.17479e-06 -0)
(8.563e-07 1.61927e-07 -0)
(8.0953e-07 3.63247e-07 -0)
(1.51371e-07 3.45752e-08 -0)
(7.434e-08 -6.58859e-10 -0)
(1.44323e-07 4.26718e-09 -0)
(1.36388e-07 2.43925e-09 -0)
(1.32494e-07 1.45499e-09 -0)
(1.30219e-07 8.20215e-10 -0)
(1.28983e-07 4.15368e-10 -0)
(1.28387e-07 1.80574e-10 -0)
(1.28134e-07 7.33438e-11 -0)
(1.27998e-07 6.28326e-11 -0)
(1.27807e-07 1.2785e-10 -0)
(1.27425e-07 2.55254e-10 -0)
(1.26731e-07 4.38602e-10 -0)
(1.25616e-07 6.77028e-10 -0)
(1.23965e-07 9.74273e-10 -0)
(1.21653e-07 1.33782e-09 -0)
(1.18538e-07 1.77783e-09 -0)
(1.14455e-07 2.30569e-09 -0)
(1.09218e-07 2.93167e-09 -0)
(1.02626e-07 3.66151e-09 -0)
(9.44732e-08 4.49162e-09 -0)
(8.45789e-08 5.40332e-09 -0)
(7.28189e-08 6.35721e-09 -0)
(5.91722e-08 7.29004e-09 -0)
(4.37657e-08 8.1171e-09 -0)
(2.69062e-08 8.74311e-09 -0)
(9.08177e-09 9.08225e-09 -0)
(5.22879e-06 1.42474e-05 -0)
(2.18273e-06 5.77916e-06 -0)
(1.48518e-07 3.60145e-07 -0)
(2.35734e-07 2.52514e-07 -0)
(5.68649e-08 6.41049e-09 -0)
(1.47443e-07 9.02668e-09 -0)
(1.33576e-07 6.47408e-09 -0)
(1.30875e-07 4.01548e-09 -0)
(1.29179e-07 2.23076e-09 -0)
(1.28344e-07 1.07613e-09 -0)
(1.28045e-07 4.14284e-10 -0)
(1.28016e-07 1.23486e-10 -0)
(1.28052e-07 1.13155e-10 -0)
(1.28e-07 3.21322e-10 -0)
(1.27735e-07 7.09944e-10 -0)
(1.27153e-07 1.26083e-09 -0)
(1.26152e-07 1.97235e-09 -0)
(1.24626e-07 2.85667e-09 -0)
(1.22457e-07 3.93725e-09 -0)
(1.19506e-07 5.24602e-09 -0)
(1.15609e-07 6.81931e-09 -0)
(1.10574e-07 8.69142e-09 -0)
(1.04186e-07 1.08844e-08 -0)
(9.6215e-08 1.33934e-08 -0)
(8.64445e-08 1.6168e-08 -0)
(7.47056e-08 1.9093e-08 -0)
(6.09321e-08 2.19762e-08 -0)
(4.52187e-08 2.45527e-08 -0)
(2.78714e-08 2.65166e-08 -0)
(9.42091e-09 2.75857e-08 -0)
(3.33195e-06 1.5192e-05 -0)
(3.56779e-07 2.24667e-06 -0)
(9.17851e-08 6.2469e-07 -0)
(1.84796e-07 4.84676e-08 -0)
(8.40747e-08 3.87631e-08 -0)
(1.41704e-07 1.72834e-08 -0)
(1.31377e-07 1.04149e-08 -0)
(1.28251e-07 5.90211e-09 -0)
(1.27279e-07 3.01128e-09 -0)
(1.27167e-07 1.24416e-09 -0)
(1.27435e-07 2.7704e-10 -0)
(1.27832e-07 -1.06716e-10 -0)
(1.28195e-07 -5.48955e-11 -0)
(1.28404e-07 3.34418e-10 -0)
(1.28364e-07 1.00239e-09 -0)
(1.27994e-07 1.92247e-09 -0)
(1.27212e-07 3.09501e-09 -0)
(1.2593e-07 4.54305e-09 -0)
(1.24042e-07 6.30881e-09 -0)
(1.2142e-07 8.44996e-09 -0)
(1.179e-07 1.10343e-08 -0)
(1.13283e-07 1.41304e-08 -0)
(1.07328e-07 1.77913e-08 -0)
(9.97567e-08 2.20297e-08 -0)
(9.02785e-08 2.67823e-08 -0)
(7.86272e-08 3.18708e-08 -0)
(6.4632e-08 3.69696e-08 -0)
(4.83061e-08 4.16013e-08 -0)
(2.99392e-08 4.51852e-08 -0)
(1.01509e-08 4.7158e-08 -0)
(5.10743e-06 3.13484e-05 -0)
(1.21595e-06 1.17851e-05 -0)
(9.96065e-08 9.77552e-07 -0)
(5.3136e-08 6.41599e-09 -0)
(9.53241e-08 4.51588e-08 -0)
(1.18869e-07 2.2476e-08 -0)
(1.22195e-07 1.20001e-08 -0)
(1.23471e-07 6.16679e-09 -0)
(1.24521e-07 2.66809e-09 -0)
(1.25609e-07 6.12217e-10 -0)
(1.26694e-07 -4.43603e-10 -0)
(1.27684e-07 -7.72585e-10 -0)
(1.28493e-07 -5.60566e-10 -0)
(1.29057e-07 6.87288e-11 -0)
(1.29323e-07 1.04268e-09 -0)
(1.29246e-07 2.33168e-09 -0)
(1.28772e-07 3.94226e-09 -0)
(1.2784e-07 5.91185e-09 -0)
(1.26364e-07 8.30504e-09 -0)
(1.24231e-07 1.12107e-08 -0)
(1.21289e-07 1.47373e-08 -0)
(1.17331e-07 1.90041e-08 -0)
(1.12085e-07 2.41207e-08 -0)
(1.05206e-07 3.01518e-08 -0)
(9.62856e-08 3.7061e-08 -0)
(8.48929e-08 4.46385e-08 -0)
(7.06626e-08 5.24299e-08 -0)
(5.34343e-08 5.96976e-08 -0)
(3.3428e-08 6.54645e-08 -0)
(1.13937e-08 6.8703e-08 -0)
(3.33356e-06 2.82797e-05 -0)
(5.89734e-07 4.27675e-06 -0)
(2.13416e-07 1.41933e-06 -0)
(3.70213e-08 4.42347e-09 -0)
(1.02515e-07 2.33144e-08 -0)
(1.08536e-07 1.56691e-08 -0)
(1.15068e-07 8.94285e-09 -0)
(1.18919e-07 4.09691e-09 -0)
(1.21725e-07 8.82098e-10 -0)
(1.24055e-07 -1.01976e-09 -0)
(1.2605e-07 -1.89111e-09 -0)
(1.27715e-07 -1.97951e-09 -0)
(1.29037e-07 -1.48359e-09 -0)
(1.30007e-07 -5.4165e-10 -0)
(1.30627e-07 7.6798e-10 -0)
(1.30893e-07 2.41947e-09 -0)
(1.30792e-07 4.43072e-09 -0)
(1.30293e-07 6.85718e-09 -0)
(1.29341e-07 9.78886e-09 -0)
(1.27852e-07 1.33502e-08 -0)
(1.25694e-07 1.77001e-08 -0)
(1.22667e-07 2.30279e-08 -0)
(1.18475e-07 2.95356e-08 -0)
(1.12697e-07 3.73959e-08 -0)
(1.04765e-07 4.66713e-08 -0)
(9.39962e-08 5.71924e-08 -0)
(7.96911e-08 6.84137e-08 -0)
(6.13406e-08 7.92945e-08 -0)
(3.89445e-08 8.82722e-08 -0)
(1.33893e-08 9.34865e-08 -0)
(5.06912e-06 4.70602e-05 -0)
(1.49906e-06 1.48173e-05 -0)
(1.93402e-07 1.99708e-06 -0)
(3.78656e-08 5.0361e-09 -0)
(1.04951e-07 1.02562e-08 -0)
(1.04497e-07 7.94843e-09 -0)
(1.10623e-07 4.00535e-09 -0)
(1.15411e-07 3.95982e-10 -0)
(1.19405e-07 -2.21677e-09 -0)
(1.22836e-07 -3.68225e-09 -0)
(1.25735e-07 -4.12158e-09 -0)
(1.28091e-07 -3.77081e-09 -0)
(1.29931e-07 -2.85263e-09 -0)
(1.31309e-07 -1.51968e-09 -0)
(1.32285e-07 1.51541e-10 -0)
(1.32908e-07 2.1476e-09 -0)
(1.3321e-07 4.50409e-09 -0)
(1.33198e-07 7.29731e-09 -0)
(1.32857e-07 1.06429e-08 -0)
(1.32142e-07 1.47009e-08 -0)
(1.30967e-07 1.9685e-08 -0)
(1.29166e-07 2.58718e-08 -0)
(1.26453e-07 3.35982e-08 -0)
(1.22342e-07 4.3225e-08 -0)
(1.16082e-07 5.50358e-08 -0)
(1.06635e-07 6.90457e-08 -0)
(9.27647e-08 8.4738e-08 -0)
(7.32928e-08 1.00794e-07 -0)
(4.762e-08 1.14844e-07 -0)
(1.6608e-08 1.23484e-07 -0)
(3.72804e-06 4.02303e-05 -0)
(7.9251e-07 8.21464e-06 -0)
(2.38223e-07 2.70321e-06 -0)
(4.25144e-08 6.50932e-09 -0)
(1.03179e-07 3.75247e-09 -0)
(1.02285e-07 1.86372e-09 -0)
(1.07516e-07 -1.26576e-09 -0)
(1.12697e-07 -4.30147e-09 -0)
(1.17647e-07 -6.46285e-09 -0)
(1.2215e-07 -7.37089e-09 -0)
(1.25961e-07 -7.14218e-09 -0)
(1.28984e-07 -6.12954e-09 -0)
(1.31288e-07 -4.63644e-09 -0)
(1.33011e-07 -2.83593e-09 -0)
(1.34294e-07 -7.89643e-10 -0)
(1.35246e-07 1.51535e-09 -0)
(1.35942e-07 4.14069e-09 -0)
(1.36431e-07 7.18495e-09 -0)
(1.36745e-07 1.07846e-08 -0)
(1.36894e-07 1.51255e-08 -0)
(1.36864e-07 2.04673e-08 -0)
(1.3658e-07 2.71761e-08 -0)
(1.35828e-07 3.57603e-08 -0)
(1.34135e-07 4.68699e-08 -0)
(1.30586e-07 6.12008e-08 -0)
(1.23698e-07 7.92165e-08 -0)
(1.1144e-07 1.00698e-07 -0)
(9.14462e-08 1.24302e-07 -0)
(6.16344e-08 1.46823e-07 -0)
(2.203e-08 1.62123e-07 -0)
(5.53932e-06 6.25714e-05 -0)
(1.5012e-06 1.79612e-05 -0)
(2.23565e-07 2.89236e-06 -0)
(4.50015e-08 7.1307e-09 -0)
(9.86027e-08 4.76014e-10 -0)
(9.94784e-08 -2.98018e-09 -0)
(1.04457e-07 -6.63057e-09 -0)
(1.10214e-07 -9.8732e-09 -0)
(1.16335e-07 -1.19623e-08 -0)
(1.22157e-07 -1.21963e-08 -0)
(1.26976e-07 -1.09467e-08 -0)
(1.30597e-07 -8.96868e-09 -0)
(1.33225e-07 -6.72759e-09 -0)
(1.35155e-07 -4.39787e-09 -0)
(1.36636e-07 -1.98955e-09 -0)
(1.37839e-07 5.62717e-10 -0)
(1.38879e-07 3.35826e-09 -0)
(1.39842e-07 6.51711e-09 -0)
(1.40797e-07 1.01849e-08 -0)
(1.41825e-07 1.45494e-08 -0)
(1.43017e-07 1.98824e-08 -0)
(1.44459e-07 2.6605e-08 -0)
(1.46147e-07 3.53969e-08 -0)
(1.47782e-07 4.72931e-08 -0)
(1.48429e-07 6.36809e-08 -0)
(1.46133e-07 8.59213e-08 -0)
(1.3785e-07 1.14536e-07 -0)
(1.19418e-07 1.48891e-07 -0)
(8.54409e-08 1.86025e-07 -0)
(3.19072e-08 2.1606e-07 -0)
(5.16132e-06 5.28425e-05 -0)
(6.92834e-07 1.26813e-05 -0)
(1.3496e-07 4.54141e-06 -0)
(4.43607e-08 7.24254e-09 -0)
(9.22368e-08 -2.11947e-09 -0)
(9.51788e-08 -7.62983e-09 -0)
(1.00622e-07 -1.24031e-08 -0)
(1.07365e-07 -1.65985e-08 -0)
(1.15324e-07 -1.93167e-08 -0)
(1.23166e-07 -1.85052e-08 -0)
(1.29189e-07 -1.54795e-08 -0)
(1.33203e-07 -1.20708e-08 -0)
(1.35859e-07 -8.90729e-09 -0)
(1.3775e-07 -6.03841e-09 -0)
(1.39255e-07 -3.33346e-09 -0)
(1.40594e-07 -6.33363e-10 -0)
(1.41896e-07 2.21239e-09 -0)
(1.43258e-07 5.34028e-09 -0)
(1.44777e-07 8.88837e-09 -0)
(1.46592e-07 1.30049e-08 -0)
(1.4892e-07 1.7908e-08 -0)
(1.52094e-07 2.39645e-08 -0)
(1.56517e-07 3.1929e-08 -0)
(1.62419e-07 4.32246e-08 -0)
(1.69214e-07 6.03084e-08 -0)
(1.74554e-07 8.62517e-08 -0)
(1.74409e-07 1.22634e-07 -0)
(1.62935e-07 1.70699e-07 -0)
(1.28804e-07 2.32326e-07 -0)
(5.20649e-08 3.00032e-07 -0)
(8.37688e-06 7.7128e-05 -0)
(2.52901e-06 2.33164e-05 -0)
(2.49322e-07 2.81397e-06 -0)
(3.94843e-08 7.35535e-09 -0)
(8.34627e-08 -6.75654e-09 -0)
(8.91947e-08 -1.30165e-08 -0)
(9.54888e-08 -1.87536e-08 -0)
(1.033e-07 -2.48009e-08 -0)
(1.14428e-07 -3.0201e-08 -0)
(1.25994e-07 -2.70284e-08 -0)
(1.3341e-07 -2.03953e-08 -0)
(1.37169e-07 -1.49277e-08 -0)
(1.39257e-07 -1.07923e-08 -0)
(1.40729e-07 -7.51511e-09 -0)
(1.42041e-07 -4.6727e-09 -0)
(1.43384e-07 -1.97528e-09 -0)
(1.44853e-07 7.84291e-10 -0)
(1.46518e-07 3.74317e-09 -0)
(1.48462e-07 7.02337e-09 -0)
(1.50845e-07 1.06736e-08 -0)
(1.53977e-07 1.478e-08 -0)
(1.5848e-07 1.94157e-08 -0)
(1.65407e-07 2.51297e-08 -0)
(1.76162e-07 3.33678e-08 -0)
(1.91456e-07 4.80764e-08 -0)
(2.08459e-07 7.61425e-08 -0)
(2.22298e-07 1.19051e-07 -0)
(2.2911e-07 1.78946e-07 -0)
(2.14774e-07 2.72548e-07 -0)
(9.96133e-08 4.51711e-07 -0)
(3.34055e-06 6.16245e-05 -0)
(3.43814e-06 1.92761e-05 -0)
(2.22683e-06 9.30012e-06 -0)
(6.43567e-08 3.23682e-08 -0)
(7.16602e-08 -4.92171e-09 -0)
(8.31817e-08 -1.91301e-08 -0)
(8.88381e-08 -2.4794e-08 -0)
(9.59175e-08 -3.36507e-08 -0)
(1.13096e-07 -4.9658e-08 -0)
(1.32971e-07 -3.90119e-08 -0)
(1.4129e-07 -2.41458e-08 -0)
(1.42807e-07 -1.64525e-08 -0)
(1.43271e-07 -1.18193e-08 -0)
(1.43869e-07 -8.55716e-09 -0)
(1.44795e-07 -5.86713e-09 -0)
(1.46051e-07 -3.37947e-09 -0)
(1.47614e-07 -8.43204e-10 -0)
(1.49497e-07 1.8246e-09 -0)
(1.51708e-07 4.7882e-09 -0)
(1.54348e-07 7.8859e-09 -0)
(1.57662e-07 1.11225e-08 -0)
(1.62444e-07 1.37885e-08 -0)
(1.70469e-07 1.58061e-08 -0)
(1.85365e-07 1.70404e-08 -0)
(2.11989e-07 2.24866e-08 -0)
(2.45528e-07 5.11902e-08 -0)
(2.77213e-07 9.84798e-08 -0)
(3.16432e-07 1.53486e-07 -0)
(4.01568e-07 2.27208e-07 -0)
(6.60788e-07 3.52992e-07 -0)
(1.67824e-05 7.01826e-05 -0)
(1.84324e-05 2.47193e-05 -0)
(6.77863e-06 4.15812e-06 -0)
(2.87612e-06 1.55596e-06 -0)
(1.73718e-06 7.80149e-08 -0)
(6.68012e-08 -8.34669e-09 -0)
(8.09674e-08 -1.38525e-08 -0)
(7.84355e-08 -1.91333e-08 -0)
(1.09067e-07 -3.17312e-08 -0)
(1.51506e-07 -5.8853e-08 -0)
(1.5597e-07 -2.09481e-08 -0)
(1.49496e-07 -1.5164e-08 -0)
(1.47152e-07 -1.17022e-08 -0)
(1.46681e-07 -9.21858e-09 -0)
(1.47219e-07 -7.00404e-09 -0)
(1.48408e-07 -4.9294e-09 -0)
(1.50057e-07 -2.65357e-09 -0)
(1.52149e-07 -4.08184e-10 -0)
(1.54523e-07 2.42842e-09 -0)
(1.57179e-07 4.97435e-09 -0)
(1.59879e-07 8.04514e-09 -0)
(1.63164e-07 8.80955e-09 -0)
(1.68659e-07 7.26583e-09 -0)
(1.82842e-07 -3.49875e-09 -0)
(2.25606e-07 -2.63605e-08 -0)
(2.84452e-07 7.65204e-09 -0)
(3.24593e-07 7.01908e-08 -0)
(3.57838e-07 1.09311e-07 -0)
(4.14279e-07 1.29806e-07 -0)
(5.00298e-07 1.05155e-07 -0)
(2.78415e-05 2.5728e-05 -0)
(5.20456e-05 2.68633e-05 -0)
(5.35403e-05 2.56553e-05 -0)
(4.38006e-05 1.19743e-05 -0)
(3.33864e-05 5.3777e-06 -0)
(2.64105e-05 2.92186e-06 -0)
(2.49772e-05 1.16982e-06 -0)
(1.91672e-05 1.08166e-06 -0)
(1.93149e-05 2.99644e-06 -0)
(1.14564e-07 -4.00378e-09 -0)
(1.74897e-07 -7.6854e-09 -0)
(1.41038e-07 -6.34914e-09 -0)
(1.373e-07 -5.26341e-09 -0)
(1.36602e-07 -4.40385e-09 -0)
(1.37718e-07 -3.5419e-09 -0)
(1.40281e-07 -2.72331e-09 -0)
(1.43497e-07 -1.72753e-09 -0)
(1.47582e-07 -7.94269e-10 -0)
(1.52203e-07 5.95755e-10 -0)
(1.57206e-07 1.72154e-09 -0)
(1.60563e-07 3.41555e-09 -0)
(1.61664e-07 3.396e-09 -0)
(1.5816e-07 1.95874e-09 -0)
(1.51739e-07 -7.15241e-09 -0)
(2.23139e-07 -3.04985e-08 -0)
(3.42079e-07 -6.29666e-08 -0)
(3.78872e-07 6.49078e-08 -0)
(3.76048e-07 8.69324e-08 -0)
(3.97412e-07 8.40873e-08 -0)
(4.25827e-07 4.43891e-08 -0)
(1.06591e-05 -8.53611e-06 -0)
(2.41558e-05 -2.55851e-07 -0)
(5.03408e-05 1.00564e-05 -0)
(5.55102e-05 1.36843e-05 -0)
(6.17805e-05 1.35397e-05 -0)
(5.5743e-05 9.07233e-06 -0)
(5.9456e-05 7.4986e-06 -0)
(4.95638e-05 7.43393e-06 -0)
(5.35737e-05 1.37643e-05 -0)
(3.93671e-05 1.43369e-05 -0)
(3.80558e-05 1.78384e-06 -0)
(3.66263e-05 5.10585e-07 -0)
(3.60563e-05 6.98109e-08 -0)
(3.6134e-05 -1.46124e-07 -0)
(3.65929e-05 -2.83549e-07 -0)
(3.75625e-05 -3.99797e-07 -0)
(3.84055e-05 -4.79106e-07 -0)
(4.016e-05 -5.3544e-07 -0)
(4.06359e-05 -5.59931e-07 -0)
(4.34461e-05 -5.15667e-07 -0)
(4.21857e-05 -4.45425e-07 -0)
(4.6694e-05 1.98286e-08 -0)
(4.05334e-05 7.69228e-07 -0)
(4.43345e-05 4.30717e-06 -0)
(2.65585e-05 6.51712e-06 -0)
(4.00419e-07 3.90054e-08 -0)
(4.85248e-07 3.93846e-08 -0)
(3.20394e-07 3.6729e-08 -0)
(2.41964e-07 2.46235e-08 -0)
(3.08383e-07 1.3721e-08 -0)
(2.53568e-06 -1.08217e-05 -0)
(8.18037e-06 -7.97969e-06 -0)
(1.83169e-05 -4.48595e-06 -0)
(2.6695e-05 9.78339e-07 -0)
(3.70855e-05 4.75774e-06 -0)
(4.17382e-05 6.07268e-06 -0)
(4.57423e-05 6.88224e-06 -0)
(4.6923e-05 8.4136e-06 -0)
(4.9706e-05 1.12334e-05 -0)
(5.62087e-05 1.25399e-05 -0)
(5.53503e-05 5.61749e-06 -0)
(5.49496e-05 1.9401e-06 -0)
(5.46439e-05 2.62609e-07 -0)
(5.52788e-05 -6.35187e-07 -0)
(5.55553e-05 -1.24252e-06 -0)
(5.73523e-05 -1.7167e-06 -0)
(5.77428e-05 -2.06275e-06 -0)
(6.0708e-05 -2.30676e-06 -0)
(6.05647e-05 -2.39751e-06 -0)
(6.46637e-05 -2.26246e-06 -0)
(6.32968e-05 -1.78796e-06 -0)
(6.74919e-05 -2.97691e-08 -0)
(6.42543e-05 3.33614e-06 -0)
(6.42311e-05 1.08592e-05 -0)
(6.30879e-05 1.94961e-05 -0)
(5.3916e-05 1.94625e-05 -0)
(5.7169e-05 9.87939e-07 -0)
(5.96201e-05 -6.93131e-07 -0)
(6.28464e-05 -9.00771e-07 -0)
(6.46219e-05 -4.11631e-07 -0)
(3.20051e-06 -1.99451e-05 -0)
(8.34963e-06 -1.41544e-05 -0)
(1.31807e-05 -9.26848e-06 -0)
(1.85007e-05 -4.86835e-06 -0)
(2.41646e-05 -1.2739e-06 -0)
(2.94762e-05 1.40927e-06 -0)
(3.33147e-05 3.33362e-06 -0)
(3.75277e-05 4.98021e-06 -0)
(4.09425e-05 6.08274e-06 -0)
(4.74373e-05 6.33336e-06 -0)
(5.02765e-05 4.26833e-06 -0)
(5.15771e-05 1.76498e-06 -0)
(5.23829e-05 -6.12069e-08 -0)
(5.33161e-05 -1.28003e-06 -0)
(5.43193e-05 -2.19446e-06 -0)
(5.57576e-05 -2.88218e-06 -0)
(5.71152e-05 -3.45028e-06 -0)
(5.90684e-05 -3.80125e-06 -0)
(6.05836e-05 -3.99371e-06 -0)
(6.29256e-05 -3.75977e-06 -0)
(6.41586e-05 -2.90329e-06 -0)
(6.63736e-05 -7.17665e-07 -0)
(6.75076e-05 3.24837e-06 -0)
(7.09066e-05 8.5766e-06 -0)
(7.88819e-05 1.35662e-05 -0)
(8.91609e-05 1.08456e-05 -0)
(9.6536e-05 -6.94411e-07 -0)
(0.000104185 -5.77014e-06 -0)
(0.00011281 -5.7666e-06 -0)
(0.000117171 -2.39041e-06 -0)
(3.23472e-06 -2.38323e-05 -0)
(9.16212e-06 -1.94914e-05 -0)
(1.48302e-05 -1.48547e-05 -0)
(2.03578e-05 -1.0199e-05 -0)
(2.54253e-05 -5.95391e-06 -0)
(3.00237e-05 -2.50854e-06 -0)
(3.38505e-05 2.30171e-08 -0)
(3.75426e-05 1.66792e-06 -0)
(4.08694e-05 2.41164e-06 -0)
(4.4576e-05 2.47402e-06 -0)
(4.75591e-05 1.76392e-06 -0)
(4.97182e-05 3.6768e-07 -0)
(5.1411e-05 -1.13365e-06 -0)
(5.31382e-05 -2.44404e-06 -0)
(5.48718e-05 -3.54316e-06 -0)
(5.69059e-05 -4.45606e-06 -0)
(5.89658e-05 -5.20013e-06 -0)
(6.13911e-05 -5.74981e-06 -0)
(6.37975e-05 -6.02513e-06 -0)
(6.6526e-05 -5.83529e-06 -0)
(6.92398e-05 -4.90822e-06 -0)
(7.24563e-05 -3.00502e-06 -0)
(7.67167e-05 -2.79549e-07 -0)
(8.3586e-05 2.04226e-06 -0)
(9.3576e-05 2.255e-06 -0)
(0.00010834 -2.36881e-06 -0)
(0.000120421 -1.0517e-05 -0)
(0.000132844 -1.63016e-05 -0)
(0.000146895 -1.56597e-05 -0)
(0.000157392 -7.0409e-06 -0)
(4.45956e-06 -3.30534e-05 -0)
(1.1876e-05 -2.60413e-05 -0)
(1.87913e-05 -2.04674e-05 -0)
(2.51419e-05 -1.53717e-05 -0)
(3.08439e-05 -1.07334e-05 -0)
(3.58957e-05 -6.78747e-06 -0)
(4.0325e-05 -3.78328e-06 -0)
(4.43095e-05 -1.80587e-06 -0)
(4.78519e-05 -7.92601e-07 -0)
(5.10694e-05 -4.93125e-07 -0)
(5.40305e-05 -8.15019e-07 -0)
(5.6679e-05 -1.74526e-06 -0)
(5.89884e-05 -3.03378e-06 -0)
(6.1243e-05 -4.38237e-06 -0)
(6.33851e-05 -5.64073e-06 -0)
(6.57611e-05 -6.76034e-06 -0)
(6.80482e-05 -7.71195e-06 -0)
(7.08554e-05 -8.48847e-06 -0)
(7.34242e-05 -8.93684e-06 -0)
(7.6948e-05 -9.01865e-06 -0)
(8.00942e-05 -8.49043e-06 -0)
(8.53919e-05 -7.67776e-06 -0)
(9.08217e-05 -6.91039e-06 -0)
(0.000100774 -7.53036e-06 -0)
(0.000110355 -1.0328e-05 -0)
(0.000125233 -1.64128e-05 -0)
(0.000134749 -2.37103e-05 -0)
(0.000149895 -3.14379e-05 -0)
(0.000162583 -3.20206e-05 -0)
(0.000182192 -1.86198e-05 -0)
(6.32612e-06 -4.17653e-05 -0)
(1.75439e-05 -3.36399e-05 -0)
(2.74616e-05 -2.73727e-05 -0)
(3.54596e-05 -2.16527e-05 -0)
(4.18561e-05 -1.63409e-05 -0)
(4.71068e-05 -1.17439e-05 -0)
(5.16348e-05 -8.16977e-06 -0)
(5.55701e-05 -5.69103e-06 -0)
(5.90928e-05 -4.23208e-06 -0)
(6.2151e-05 -3.60137e-06 -0)
(6.50062e-05 -3.6666e-06 -0)
(6.74286e-05 -4.2996e-06 -0)
(6.9647e-05 -5.35177e-06 -0)
(7.14183e-05 -6.57407e-06 -0)
(7.3242e-05 -7.85451e-06 -0)
(7.47839e-05 -9.0428e-06 -0)
(7.66969e-05 -1.01896e-05 -0)
(7.84718e-05 -1.11268e-05 -0)
(8.08513e-05 -1.19413e-05 -0)
(8.34109e-05 -1.24358e-05 -0)
(8.68877e-05 -1.28841e-05 -0)
(9.16307e-05 -1.34279e-05 -0)
(9.74365e-05 -1.4712e-05 -0)
(0.000106106 -1.72697e-05 -0)
(0.000113514 -2.1223e-05 -0)
(0.000125177 -2.7163e-05 -0)
(0.000129375 -3.32379e-05 -0)
(0.000143891 -4.30588e-05 -0)
(0.000147569 -4.752e-05 -0)
(0.000175785 -4.3045e-05 -0)
(1.257e-05 -5.65566e-05 -0)
(3.42195e-05 -4.46243e-05 -0)
(4.6512e-05 -3.67516e-05 -0)
(5.32987e-05 -2.90504e-05 -0)
(5.74712e-05 -2.20901e-05 -0)
(6.05123e-05 -1.64121e-05 -0)
(6.3136e-05 -1.21414e-05 -0)
(6.54803e-05 -9.15096e-06 -0)
(6.76754e-05 -7.26363e-06 -0)
(6.95475e-05 -6.2656e-06 -0)
(7.12634e-05 -5.98884e-06 -0)
(7.25199e-05 -6.25923e-06 -0)
(7.36282e-05 -6.95592e-06 -0)
(7.4191e-05 -7.90586e-06 -0)
(7.49149e-05 -9.0436e-06 -0)
(7.51613e-05 -1.02101e-05 -0)
(7.6121e-05 -1.14712e-05 -0)
(7.65212e-05 -1.25956e-05 -0)
(7.84347e-05 -1.38587e-05 -0)
(7.95163e-05 -1.48933e-05 -0)
(8.34771e-05 -1.64885e-05 -0)
(8.5994e-05 -1.80074e-05 -0)
(9.30638e-05 -2.09992e-05 -0)
(9.70077e-05 -2.38488e-05 -0)
(0.000106231 -2.89268e-05 -0)
(0.000110658 -3.30989e-05 -0)
(0.000117656 -3.9669e-05 -0)
(0.000126304 -4.76634e-05 -0)
(0.000123638 -5.45331e-05 -0)
(0.000206345 -8.73363e-05 -0)
(8.88694e-05 -8.05146e-05 -0)
(8.04303e-05 -6.38183e-05 -0)
(7.38533e-05 -4.58937e-05 -0)
(6.89766e-05 -3.27162e-05 -0)
(6.58735e-05 -2.37322e-05 -0)
(6.42642e-05 -1.75523e-05 -0)
(6.37152e-05 -1.32548e-05 -0)
(6.38352e-05 -1.03019e-05 -0)
(6.42767e-05 -8.3645e-06 -0)
(6.48447e-05 -7.226e-06 -0)
(6.53463e-05 -6.71927e-06 -0)
(6.57666e-05 -6.72456e-06 -0)
(6.60172e-05 -7.14214e-06 -0)
(6.62457e-05 -7.90798e-06 -0)
(6.6441e-05 -8.94323e-06 -0)
(6.68659e-05 -1.02124e-05 -0)
(6.7522e-05 -1.16438e-05 -0)
(6.86858e-05 -1.32536e-05 -0)
(7.04741e-05 -1.50268e-05 -0)
(7.29235e-05 -1.70623e-05 -0)
(7.66806e-05 -1.95257e-05 -0)
(8.04503e-05 -2.23558e-05 -0)
(8.68732e-05 -2.61777e-05 -0)
(9.01734e-05 -2.96557e-05 -0)
(9.98888e-05 -3.54163e-05 -0)
(9.79881e-05 -3.78887e-05 -0)
(0.000113606 -4.78464e-05 -0)
(9.9164e-05 -4.98502e-05 -0)
(0.000127389 -9.86177e-05 -0)
(7.4148e-05 -0.000220587 -0)
(7.99818e-05 -5.06156e-05 -0)
(6.44964e-05 -3.85093e-05 -0)
(5.65784e-05 -2.94679e-05 -0)
(5.36515e-05 -2.29991e-05 -0)
(5.32425e-05 -1.82784e-05 -0)
(5.38867e-05 -1.46917e-05 -0)
(5.50116e-05 -1.19401e-05 -0)
(5.62251e-05 -9.84562e-06 -0)
(5.7482e-05 -8.35666e-06 -0)
(5.85902e-05 -7.39636e-06 -0)
(5.9668e-05 -6.94592e-06 -0)
(6.05688e-05 -6.93872e-06 -0)
(6.15269e-05 -7.38163e-06 -0)
(6.23887e-05 -8.21283e-06 -0)
(6.3467e-05 -9.45879e-06 -0)
(6.45961e-05 -1.10322e-05 -0)
(6.60955e-05 -1.29745e-05 -0)
(6.7904e-05 -1.52021e-05 -0)
(7.0084e-05 -1.77591e-05 -0)
(7.30437e-05 -2.0692e-05 -0)
(7.58322e-05 -2.38331e-05 -0)
(8.02383e-05 -2.76723e-05 -0)
(8.27713e-05 -3.10913e-05 -0)
(8.81939e-05 -3.5752e-05 -0)
(8.84883e-05 -3.84242e-05 -0)
(9.25591e-05 -4.35464e-05 -0)
(8.71288e-05 -4.60799e-05 -0)
(8.36834e-05 -5.52412e-05 -0)
(6.67863e-05 -5.87635e-05 -0)
(9.17051e-06 -2.12257e-05 -0)
(8.53899e-05 -4.01915e-05 -0)
(7.90053e-05 -3.75863e-05 -0)
(7.54828e-05 -3.31697e-05 -0)
(7.35136e-05 -2.7905e-05 -0)
(7.24107e-05 -2.28821e-05 -0)
(7.16666e-05 -1.85734e-05 -0)
(7.12243e-05 -1.51208e-05 -0)
(7.08437e-05 -1.24467e-05 -0)
(7.06751e-05 -1.05172e-05 -0)
(7.04119e-05 -9.21822e-06 -0)
(7.03398e-05 -8.53774e-06 -0)
(7.00098e-05 -8.37159e-06 -0)
(6.99242e-05 -8.75358e-06 -0)
(6.94038e-05 -9.56244e-06 -0)
(6.93005e-05 -1.08943e-05 -0)
(6.85909e-05 -1.2541e-05 -0)
(6.87087e-05 -1.47284e-05 -0)
(6.81009e-05 -1.70542e-05 -0)
(6.90374e-05 -2.00399e-05 -0)
(6.90938e-05 -2.28975e-05 -0)
(7.14599e-05 -2.66595e-05 -0)
(7.24491e-05 -2.98281e-05 -0)
(7.56642e-05 -3.39129e-05 -0)
(7.63442e-05 -3.65289e-05 -0)
(7.74201e-05 -3.91798e-05 -0)
(7.26529e-05 -3.90619e-05 -0)
(6.59747e-05 -3.93831e-05 -0)
(5.19693e-05 -3.69641e-05 -0)
(2.94261e-05 -3.27802e-05 -0)
(1.095e-05 -3.94426e-05 -0)
(8.73954e-05 -3.16677e-05 -0)
(8.00581e-05 -2.95831e-05 -0)
(7.36823e-05 -2.59978e-05 -0)
(6.86783e-05 -2.18457e-05 -0)
(6.50825e-05 -1.79404e-05 -0)
(6.25434e-05 -1.46183e-05 -0)
(6.08355e-05 -1.19737e-05 -0)
(5.96097e-05 -9.93587e-06 -0)
(5.88084e-05 -8.46126e-06 -0)
(5.81491e-05 -7.46357e-06 -0)
(5.77251e-05 -6.93257e-06 -0)
(5.72343e-05 -6.80785e-06 -0)
(5.69342e-05 -7.12399e-06 -0)
(5.64394e-05 -7.83243e-06 -0)
(5.6269e-05 -9.03403e-06 -0)
(5.59009e-05 -1.06647e-05 -0)
(5.62753e-05 -1.29328e-05 -0)
(5.65751e-05 -1.56608e-05 -0)
(5.82562e-05 -1.92136e-05 -0)
(5.97451e-05 -2.3022e-05 -0)
(6.29695e-05 -2.76238e-05 -0)
(6.50009e-05 -3.15392e-05 -0)
(6.78479e-05 -3.54313e-05 -0)
(6.80795e-05 -3.7081e-05 -0)
(6.42406e-05 -3.58584e-05 -0)
(5.65616e-05 -3.24172e-05 -0)
(4.62805e-05 -2.81061e-05 -0)
(3.18797e-05 -2.17432e-05 -0)
(2.03866e-05 -1.77148e-05 -0)
(3.91927e-06 -8.066e-06 -0)
(8.8111e-05 -2.46982e-05 -0)
(8.21512e-05 -2.35161e-05 -0)
(7.71601e-05 -2.15833e-05 -0)
(7.32999e-05 -1.91242e-05 -0)
(7.05767e-05 -1.65174e-05 -0)
(6.86003e-05 -1.40267e-05 -0)
(6.73111e-05 -1.18774e-05 -0)
(6.62713e-05 -1.01022e-05 -0)
(6.56525e-05 -8.7779e-06 -0)
(6.49701e-05 -7.84381e-06 -0)
(6.46436e-05 -7.36553e-06 -0)
(6.40121e-05 -7.26561e-06 -0)
(6.37978e-05 -7.66332e-06 -0)
(6.30407e-05 -8.473e-06 -0)
(6.28997e-05 -9.93497e-06 -0)
(6.1984e-05 -1.18987e-05 -0)
(6.2068e-05 -1.47852e-05 -0)
(6.1166e-05 -1.81262e-05 -0)
(6.18046e-05 -2.25219e-05 -0)
(6.10653e-05 -2.66744e-05 -0)
(6.25389e-05 -3.15613e-05 -0)
(6.11229e-05 -3.42279e-05 -0)
(6.28569e-05 -3.70947e-05 -0)
(5.70159e-05 -3.34854e-05 -0)
(4.91935e-05 -2.86359e-05 -0)
(3.89959e-05 -2.23702e-05 -0)
(2.91166e-05 -1.65724e-05 -0)
(1.76533e-05 -1.20231e-05 -0)
(1.08443e-05 -4.82298e-06 -0)
(3.36253e-08 -9.54877e-08 -0)
(8.86565e-05 -1.90186e-05 -0)
(8.36306e-05 -1.83251e-05 -0)
(7.90725e-05 -1.71224e-05 -0)
(7.50983e-05 -1.54776e-05 -0)
(7.18383e-05 -1.36027e-05 -0)
(6.91429e-05 -1.17076e-05 -0)
(6.70546e-05 -9.99776e-06 -0)
(6.52615e-05 -8.54688e-06 -0)
(6.39137e-05 -7.43969e-06 -0)
(6.25774e-05 -6.64481e-06 -0)
(6.16105e-05 -6.22156e-06 -0)
(6.03742e-05 -6.10757e-06 -0)
(5.95251e-05 -6.41263e-06 -0)
(5.80882e-05 -7.05994e-06 -0)
(5.71606e-05 -8.28683e-06 -0)
(5.5288e-05 -9.95356e-06 -0)
(5.42089e-05 -1.25186e-05 -0)
(5.20033e-05 -1.55512e-05 -0)
(5.11424e-05 -1.97286e-05 -0)
(4.96867e-05 -2.39735e-05 -0)
(4.98372e-05 -2.87415e-05 -0)
(4.93726e-05 -3.19544e-05 -0)
(5.02216e-05 -3.31884e-05 -0)
(3.98344e-05 -2.44224e-05 -0)
(3.26916e-05 -1.85649e-05 -0)
(2.10181e-05 -1.41746e-05 -0)
(1.46401e-05 -4.64928e-06 -0)
(2.06234e-07 -9.37804e-08 -0)
(1.29871e-07 -1.25055e-07 -0)
(-1.85657e-08 -1.58783e-07 -0)
(8.90112e-05 -1.41453e-05 -0)
(8.45499e-05 -1.37179e-05 -0)
(8.03825e-05 -1.29598e-05 -0)
(7.65865e-05 -1.18988e-05 -0)
(7.33518e-05 -1.06499e-05 -0)
(7.05556e-05 -9.33037e-06 -0)
(6.83418e-05 -8.09434e-06 -0)
(6.63654e-05 -7.00492e-06 -0)
(6.48969e-05 -6.15826e-06 -0)
(6.33629e-05 -5.53449e-06 -0)
(6.23364e-05 -5.21218e-06 -0)
(6.08765e-05 -5.12788e-06 -0)
(6.00597e-05 -5.41705e-06 -0)
(5.83101e-05 -5.97864e-06 -0)
(5.75224e-05 -7.1206e-06 -0)
(5.5083e-05 -8.63616e-06 -0)
(5.42018e-05 -1.12666e-05 -0)
(5.08181e-05 -1.43459e-05 -0)
(5.00372e-05 -1.94326e-05 -0)
(4.66131e-05 -2.41472e-05 -0)
(4.5824e-05 -3.00782e-05 -0)
(4.43862e-05 -3.31166e-05 -0)
(3.96539e-05 -2.91594e-05 -0)
(2.33915e-05 -1.66789e-05 -0)
(1.9634e-05 -6.42983e-06 -0)
(1.70721e-07 -5.25839e-08 -0)
(2.10138e-07 -7.02351e-08 -0)
(1.14516e-07 -8.75721e-08 -0)
(8.35276e-08 -1.87349e-07 -0)
(1.73769e-08 -1.46861e-07 -0)
(8.92284e-05 -9.78927e-06 -0)
(8.51445e-05 -9.53181e-06 -0)
(8.12546e-05 -9.0653e-06 -0)
(7.7632e-05 -8.40792e-06 -0)
(7.44096e-05 -7.61451e-06 -0)
(7.15414e-05 -6.75529e-06 -0)
(6.91386e-05 -5.92048e-06 -0)
(6.69772e-05 -5.16937e-06 -0)
(6.52525e-05 -4.56639e-06 -0)
(6.35207e-05 -4.12242e-06 -0)
(6.22293e-05 -3.88323e-06 -0)
(6.05692e-05 -3.82954e-06 -0)
(5.9474e-05 -4.03784e-06 -0)
(5.7453e-05 -4.46715e-06 -0)
(5.6325e-05 -5.3161e-06 -0)
(5.33233e-05 -6.4739e-06 -0)
(5.18955e-05 -8.53233e-06 -0)
(4.6956e-05 -1.09882e-05 -0)
(4.50998e-05 -1.55931e-05 -0)
(3.76558e-05 -1.92533e-05 -0)
(3.64036e-05 -2.61191e-05 -0)
(3.05457e-05 -2.6521e-05 -0)
(1.80162e-05 -1.6586e-05 -0)
(2.06287e-07 -7.72421e-08 -0)
(2.1251e-07 -4.72438e-08 -0)
(1.6034e-07 -2.16881e-08 -0)
(1.56126e-07 -1.02852e-07 -0)
(1.11688e-07 -8.92236e-08 -0)
(7.05822e-08 -1.11839e-07 -0)
(2.19229e-08 -1.0756e-07 -0)
(8.93581e-05 -5.7562e-06 -0)
(8.54979e-05 -5.61773e-06 -0)
(8.1787e-05 -5.36348e-06 -0)
(7.82808e-05 -5.00415e-06 -0)
(7.5092e-05 -4.5649e-06 -0)
(7.21959e-05 -4.0833e-06 -0)
(6.96972e-05 -3.60362e-06 -0)
(6.74319e-05 -3.16767e-06 -0)
(6.55561e-05 -2.80707e-06 -0)
(6.37177e-05 -2.5459e-06 -0)
(6.22546e-05 -2.39581e-06 -0)
(6.05123e-05 -2.37436e-06 -0)
(5.92074e-05 -2.49198e-06 -0)
(5.71232e-05 -2.77787e-06 -0)
(5.56928e-05 -3.27918e-06 -0)
(5.26053e-05 -4.04002e-06 -0)
(5.06718e-05 -5.28764e-06 -0)
(4.53554e-05 -7.00596e-06 -0)
(4.24186e-05 -1.02906e-05 -0)
(3.26161e-05 -1.36299e-05 -0)
(3.01371e-05 -2.15596e-05 -0)
(1.54797e-05 -1.60746e-05 -0)
(1.40788e-07 -1.14706e-07 -0)
(2.14845e-07 -3.71028e-08 -0)
(2.01659e-07 -6.67365e-08 -0)
(1.69377e-07 -3.96521e-08 -0)
(1.42603e-07 -5.41694e-08 -0)
(1.05529e-07 -5.63961e-08 -0)
(6.51908e-08 -6.32219e-08 -0)
(2.16554e-08 -6.39817e-08 -0)
(8.94154e-05 -1.89986e-06 -0)
(8.56675e-05 -1.85635e-06 -0)
(8.20332e-05 -1.77515e-06 -0)
(7.86e-05 -1.66123e-06 -0)
(7.54143e-05 -1.52004e-06 -0)
(7.25368e-05 -1.36596e-06 -0)
(6.99582e-05 -1.20866e-06 -0)
(6.76953e-05 -1.06747e-06 -0)
(6.56713e-05 -9.45715e-07 -0)
(6.38802e-05 -8.62241e-07 -0)
(6.21853e-05 -8.0768e-07 -0)
(6.05972e-05 -8.072e-07 -0)
(5.8904e-05 -8.3823e-07 -0)
(5.71669e-05 -9.48344e-07 -0)
(5.50404e-05 -1.09779e-06 -0)
(5.26499e-05 -1.38646e-06 -0)
(4.94163e-05 -1.75398e-06 -0)
(4.54011e-05 -2.43859e-06 -0)
(3.97387e-05 -3.43792e-06 -0)
(3.14103e-05 -5.42701e-06 -0)
(2.08238e-05 -8.83404e-06 -0)
(1.01625e-06 -1.26028e-06 -0)
(1.4989e-07 -6.17933e-08 -0)
(2.55416e-07 -2.40508e-08 -0)
(2.09962e-07 -2.13069e-08 -0)
(1.72907e-07 -1.57473e-08 -0)
(1.39382e-07 -1.77773e-08 -0)
(1.02636e-07 -1.89689e-08 -0)
(6.29966e-08 -2.06708e-08 -0)
(2.11631e-08 -2.11631e-08 -0)
)
;

boundaryField
{
    inlet1
    {
        type            extrapolatedCalculated;
        value           nonuniform List<vector> 10((1e-05 1.25651e-05 -0) (1e-05 2.64312e-05 -0) (1e-05 3.44679e-05 -0) (1e-05 4.89201e-05 -0) (1e-05 6.94817e-05 -0) (1e-05 9.0401e-05 -0) (1e-05 0.000102533 -0) (1e-05 0.000104501 -0) (1e-05 9.36815e-05 -0) (1e-05 7.67645e-05 -0));
    }
    inlet2
    {
        type            extrapolatedCalculated;
        value           nonuniform List<vector> 10((-0 6.16245e-05 -0) (-0 7.01826e-05 -0) (-0 2.5728e-05 -0) (-0 -8.53611e-06 -0) (-0 -1.08217e-05 -0) (-0 -1.99451e-05 -0) (-0 -2.38323e-05 -0) (-0 -3.30534e-05 -0) (-0 -4.17653e-05 -0) (-0 -5.65566e-05 -0));
    }
    inlet3
    {
        type            extrapolatedCalculated;
        value           nonuniform List<vector> 10((9.13394e-05 -6.93591e-05 -0) (9.13394e-05 -5.34876e-05 -0) (9.13394e-05 -4.09829e-05 -0) (9.13394e-05 -3.1959e-05 -0) (9.13394e-05 -2.48909e-05 -0) (9.13394e-05 -1.91232e-05 -0) (9.13394e-05 -1.42005e-05 -0) (9.13394e-05 -9.81826e-06 -0) (9.13394e-05 -5.77002e-06 -0) (9.13394e-05 -1.90399e-06 -0));
    }
    output1
    {
        type            extrapolatedCalculated;
        value           nonuniform List<vector> 10((-0 9.08225e-09 -0) (-0 2.75857e-08 -0) (-0 4.7158e-08 -0) (-0 6.8703e-08 -0) (-0 9.34865e-08 -0) (-0 1.23484e-07 -0) (-0 1.62123e-07 -0) (-0 2.1606e-07 -0) (-0 3.00032e-07 -0) (-0 4.51711e-07 -0));
    }
    output2
    {
        type            extrapolatedCalculated;
        value           nonuniform List<vector> 10((8.59121e-07 3.52992e-07 -0) (5.49802e-07 1.05155e-07 -0) (4.38501e-07 4.43891e-08 -0) (3.08734e-07 1.3721e-08 -0) (6.47738e-05 -4.11631e-07 -0) (0.000117853 -2.39041e-06 -0) (0.000159366 -7.0409e-06 -0) (0.000188351 -1.86198e-05 -0) (0.000196188 -4.3045e-05 -0) (0.000284707 -8.73363e-05 -0));
    }
    output3
    {
        type            extrapolatedCalculated;
        value           nonuniform List<vector> 10((-0 -0.000220587 -0) (-0 -2.12257e-05 -0) (-0 -3.94426e-05 -0) (-0 -8.066e-06 -0) (-0 -9.54877e-08 -0) (-0 -1.58783e-07 -0) (-0 -1.46861e-07 -0) (-0 -1.0756e-07 -0) (-0 -6.39817e-08 -0) (-0 -2.11631e-08 -0));
    }
    up
    {
        type            extrapolatedCalculated;
        value           nonuniform List<vector> 
30
(
(8.94154e-05 -0 -0)
(8.56675e-05 -0 -0)
(8.20332e-05 -0 -0)
(7.86e-05 -0 -0)
(7.54143e-05 -0 -0)
(7.25368e-05 -0 -0)
(6.99582e-05 -0 -0)
(6.76953e-05 -0 -0)
(6.56713e-05 -0 -0)
(6.38802e-05 -0 -0)
(6.21853e-05 -0 -0)
(6.05972e-05 -0 -0)
(5.8904e-05 -0 -0)
(5.71669e-05 -0 -0)
(5.50404e-05 -0 -0)
(5.26499e-05 -0 -0)
(4.94163e-05 -0 -0)
(4.54011e-05 -0 -0)
(3.97387e-05 -0 -0)
(3.14103e-05 -0 -0)
(2.08238e-05 -0 -0)
(1.01625e-06 -0 -0)
(1.4989e-07 -0 -0)
(2.55416e-07 -0 -0)
(2.09962e-07 -0 -0)
(1.72907e-07 -0 -0)
(1.39382e-07 -0 -0)
(1.02636e-07 -0 -0)
(6.29966e-08 -0 -0)
(2.11631e-08 -0 -0)
)
;
    }
    down
    {
        type            extrapolatedCalculated;
        value           nonuniform List<vector> 
30
(
(1.78891e-06 -0 -0)
(8.563e-07 -0 -0)
(8.0953e-07 -0 -0)
(1.51371e-07 -0 -0)
(7.434e-08 -0 -0)
(1.44323e-07 -0 -0)
(1.36388e-07 -0 -0)
(1.32494e-07 -0 -0)
(1.30219e-07 -0 -0)
(1.28983e-07 -0 -0)
(1.28387e-07 -0 -0)
(1.28134e-07 -0 -0)
(1.27998e-07 -0 -0)
(1.27807e-07 -0 -0)
(1.27425e-07 -0 -0)
(1.26731e-07 -0 -0)
(1.25616e-07 -0 -0)
(1.23965e-07 -0 -0)
(1.21653e-07 -0 -0)
(1.18538e-07 -0 -0)
(1.14455e-07 -0 -0)
(1.09218e-07 -0 -0)
(1.02626e-07 -0 -0)
(9.44732e-08 -0 -0)
(8.45789e-08 -0 -0)
(7.28189e-08 -0 -0)
(5.91722e-08 -0 -0)
(4.37657e-08 -0 -0)
(2.69062e-08 -0 -0)
(9.08177e-09 -0 -0)
)
;
    }
    emptyWalls
    {
        type            empty;
    }
}


// ************************************************************************* //
