/*--------------------------------*- C++ -*----------------------------------*\
  =========                 |
  \\      /  F ield         | OpenFOAM: The Open Source CFD Toolbox
   \\    /   O peration     | Website:  https://openfoam.org
    \\  /    A nd           | Version:  9
     \\/     M anipulation  |
\*---------------------------------------------------------------------------*/
FoamFile
{
    format      ascii;
    class       volScalarField;
    location    "19500";
    object      p;
}
// * * * * * * * * * * * * * * * * * * * * * * * * * * * * * * * * * * * * * //

dimensions      [0 0 0 0 0 0 0];

internalField   nonuniform List<scalar> 
900
(
1.44035e+07
1.4402e+07
1.44009e+07
1.4392e+07
1.43443e+07
1.39196e+07
1.35154e+07
1.31259e+07
1.27454e+07
1.23693e+07
1.19947e+07
1.16195e+07
1.12427e+07
1.08639e+07
1.04832e+07
1.01014e+07
9.71983e+06
9.34025e+06
8.96496e+06
8.59672e+06
8.2388e+06
7.89496e+06
7.56946e+06
7.26707e+06
6.99297e+06
6.75262e+06
6.55159e+06
6.39516e+06
6.28796e+06
6.23342e+06
1.44011e+07
1.43988e+07
1.43922e+07
1.43884e+07
1.43846e+07
1.39017e+07
1.35008e+07
1.3117e+07
1.27409e+07
1.23679e+07
1.19952e+07
1.16212e+07
1.12448e+07
1.08657e+07
1.04843e+07
1.01012e+07
9.71783e+06
9.33597e+06
8.95791e+06
8.5864e+06
8.22472e+06
7.8766e+06
7.54636e+06
7.23878e+06
6.9592e+06
6.71331e+06
6.50698e+06
6.34593e+06
6.23527e+06
6.17888e+06
1.4387e+07
1.43843e+07
1.43792e+07
1.43829e+07
1.4228e+07
1.38431e+07
1.34691e+07
1.31002e+07
1.27333e+07
1.23662e+07
1.19971e+07
1.16251e+07
1.12495e+07
1.087e+07
1.0487e+07
1.01013e+07
9.71432e+06
9.32789e+06
8.94429e+06
8.56626e+06
8.19705e+06
7.84038e+06
7.50056e+06
7.1825e+06
6.89174e+06
6.63441e+06
6.41705e+06
6.2463e+06
6.12831e+06
6.06794e+06
1.43693e+07
1.43668e+07
1.43632e+07
1.43623e+07
1.4093e+07
1.37739e+07
1.34321e+07
1.30815e+07
1.2726e+07
1.23663e+07
1.20021e+07
1.16328e+07
1.1258e+07
1.08777e+07
1.04923e+07
1.01027e+07
9.71027e+06
9.31697e+06
8.92508e+06
8.53731e+06
8.15683e+06
7.7873e+06
7.43299e+06
7.09889e+06
6.79084e+06
6.51553e+06
6.28052e+06
6.09391e+06
5.96371e+06
5.89662e+06
1.43502e+07
1.43486e+07
1.43468e+07
1.43456e+07
1.40287e+07
1.37274e+07
1.34039e+07
1.30677e+07
1.27229e+07
1.2371e+07
1.20121e+07
1.16459e+07
1.12721e+07
1.08906e+07
1.05019e+07
1.01069e+07
9.70712e+06
9.30464e+06
8.90174e+06
8.50107e+06
8.10565e+06
7.71898e+06
7.34519e+06
6.98925e+06
6.65718e+06
6.35634e+06
6.09556e+06
5.88511e+06
5.73597e+06
5.65822e+06
1.43293e+07
1.43279e+07
1.43278e+07
1.43264e+07
1.4004e+07
1.37029e+07
1.33884e+07
1.30625e+07
1.2727e+07
1.23826e+07
1.20293e+07
1.16666e+07
1.12938e+07
1.09107e+07
1.05177e+07
1.01157e+07
9.70672e+06
9.29274e+06
8.87617e+06
8.45957e+06
8.04571e+06
7.63778e+06
7.23955e+06
6.85572e+06
6.49229e+06
6.15707e+06
5.86028e+06
5.61498e+06
5.43685e+06
5.34205e+06
1.43055e+07
1.43045e+07
1.43045e+07
1.43023e+07
1.39915e+07
1.36919e+07
1.33842e+07
1.30669e+07
1.274e+07
1.24032e+07
1.2056e+07
1.16973e+07
1.13259e+07
1.09409e+07
1.05424e+07
1.01317e+07
9.71126e+06
9.28341e+06
8.85064e+06
8.41533e+06
7.97986e+06
7.54686e+06
7.1195e+06
6.70178e+06
6.29918e+06
5.91937e+06
5.57349e+06
5.27768e+06
5.05439e+06
4.93107e+06
1.42798e+07
1.42788e+07
1.4282e+07
1.42807e+07
1.39819e+07
1.36888e+07
1.33896e+07
1.30811e+07
1.27628e+07
1.24342e+07
1.20941e+07
1.17407e+07
1.13716e+07
1.09845e+07
1.05792e+07
1.01576e+07
9.72317e+06
9.27899e+06
8.82766e+06
8.37124e+06
7.91152e+06
7.45032e+06
6.98978e+06
6.53273e+06
6.08326e+06
5.64773e+06
5.23662e+06
4.86784e+06
4.57196e+06
4.39676e+06
1.42536e+07
1.42541e+07
1.42596e+07
1.42493e+07
1.39696e+07
1.3692e+07
1.34041e+07
1.31052e+07
1.27959e+07
1.24766e+07
1.21456e+07
1.18e+07
1.14352e+07
1.10465e+07
1.06321e+07
1.01964e+07
9.7448e+06
9.28172e+06
8.80977e+06
8.33043e+06
7.84465e+06
7.3531e+06
6.85657e+06
6.3561e+06
5.85341e+06
5.35168e+06
4.8574e+06
4.38508e+06
3.96885e+06
3.68724e+06
1.42291e+07
1.42272e+07
1.42248e+07
1.4156e+07
1.39556e+07
1.37055e+07
1.34298e+07
1.31394e+07
1.28393e+07
1.25305e+07
1.22117e+07
1.18784e+07
1.15226e+07
1.11341e+07
1.07065e+07
1.02509e+07
9.77795e+06
9.29332e+06
8.79924e+06
8.2961e+06
7.78353e+06
7.26088e+06
6.72729e+06
6.18167e+06
5.62259e+06
5.04816e+06
4.4562e+06
3.84624e+06
3.23112e+06
2.69612e+06
1.42091e+07
1.42088e+07
1.42051e+07
1.41758e+07
1.39915e+07
1.37445e+07
1.34702e+07
1.31834e+07
1.28911e+07
1.25946e+07
1.22924e+07
1.19792e+07
1.1643e+07
1.12606e+07
1.0809e+07
1.03229e+07
9.82272e+06
9.31438e+06
8.79779e+06
8.27118e+06
7.73249e+06
7.17959e+06
6.61004e+06
6.02069e+06
5.40712e+06
4.76216e+06
4.07301e+06
3.31255e+06
2.41325e+06
1.16999e+06
1.41946e+07
1.41926e+07
1.41777e+07
1.41377e+07
1.40781e+07
1.38109e+07
1.35229e+07
1.32331e+07
1.29473e+07
1.26641e+07
1.23843e+07
1.21029e+07
1.18095e+07
1.14563e+07
1.09461e+07
1.04089e+07
9.87567e+06
9.34368e+06
8.80635e+06
8.25833e+06
7.69568e+06
7.11494e+06
6.51258e+06
5.88394e+06
5.22303e+06
4.52036e+06
3.76111e+06
2.9177e+06
1.93933e+06
740597
1.41869e+07
1.41824e+07
1.41663e+07
1.41081e+07
1.39881e+07
1.38103e+07
1.35875e+07
1.32786e+07
1.3001e+07
1.27302e+07
1.24778e+07
1.22385e+07
1.20358e+07
1.1809e+07
1.11101e+07
1.04909e+07
9.92738e+06
9.37833e+06
8.8256e+06
8.26011e+06
7.67694e+06
7.07192e+06
6.4414e+06
5.77947e+06
5.08071e+06
4.33513e+06
3.53338e+06
2.65779e+06
1.6858e+06
593655
1.4183e+07
1.41744e+07
1.41482e+07
1.40866e+07
1.39705e+07
1.37912e+07
1.35566e+07
1.32789e+07
1.30013e+07
1.27305e+07
1.24782e+07
1.2239e+07
1.20368e+07
1.18586e+07
1.11953e+07
1.05175e+07
9.96553e+06
9.41778e+06
8.85856e+06
8.28013e+06
7.68015e+06
7.05394e+06
6.40065e+06
5.71028e+06
4.9832e+06
4.2041e+06
3.3781e+06
2.49359e+06
1.55224e+06
541874
1.41844e+07
1.41715e+07
1.41354e+07
1.40638e+07
1.39403e+07
1.37603e+07
1.35311e+07
1.3271e+07
1.30012e+07
1.27303e+07
1.24712e+07
1.22142e+07
1.19502e+07
1.16158e+07
1.10896e+07
1.05164e+07
9.9658e+06
9.41826e+06
8.85907e+06
8.28055e+06
7.68045e+06
7.05404e+06
6.40063e+06
5.70999e+06
4.98283e+06
4.2034e+06
3.37734e+06
2.49265e+06
1.5517e+06
542105
1.4212e+07
1.41912e+07
1.41415e+07
1.40536e+07
1.39185e+07
1.37361e+07
1.35142e+07
1.32651e+07
1.30011e+07
1.27287e+07
1.24535e+07
1.21644e+07
1.18452e+07
1.14654e+07
1.10077e+07
1.04974e+07
9.96886e+06
9.4296e+06
8.87597e+06
8.30261e+06
7.70754e+06
7.08618e+06
6.43682e+06
5.75187e+06
5.0277e+06
4.25326e+06
3.4251e+06
2.53175e+06
1.57645e+06
548091
1.42981e+07
1.42651e+07
1.41932e+07
1.40811e+07
1.39281e+07
1.37375e+07
1.35153e+07
1.32688e+07
1.30044e+07
1.27259e+07
1.24324e+07
1.21172e+07
1.17693e+07
1.13824e+07
1.09531e+07
1.04807e+07
9.97771e+06
9.45355e+06
8.91044e+06
8.34655e+06
7.75968e+06
7.14663e+06
6.50423e+06
5.82766e+06
5.11099e+06
4.34541e+06
3.51907e+06
2.61663e+06
1.63237e+06
564043
1.44431e+07
1.43933e+07
1.42936e+07
1.41516e+07
1.39747e+07
1.37684e+07
1.35373e+07
1.32853e+07
1.30149e+07
1.27273e+07
1.24205e+07
1.20911e+07
1.17343e+07
1.13485e+07
1.09319e+07
1.04819e+07
1.00016e+07
9.49597e+06
8.96747e+06
8.41599e+06
7.8395e+06
7.23591e+06
6.60166e+06
5.93408e+06
5.22721e+06
4.47471e+06
3.66066e+06
2.76295e+06
1.74922e+06
610985
1.4664e+07
1.45823e+07
1.44391e+07
1.42578e+07
1.40506e+07
1.38228e+07
1.35767e+07
1.33138e+07
1.30342e+07
1.27377e+07
1.24227e+07
1.20874e+07
1.17299e+07
1.13486e+07
1.09421e+07
1.05086e+07
1.00479e+07
9.56085e+06
9.04848e+06
8.51031e+06
7.94496e+06
7.35044e+06
6.72438e+06
6.06466e+06
5.36752e+06
4.62955e+06
3.83916e+06
2.97665e+06
1.97857e+06
752992
1.49773e+07
1.48188e+07
1.46105e+07
1.43833e+07
1.41433e+07
1.38916e+07
1.3628e+07
1.33519e+07
1.30625e+07
1.27587e+07
1.24392e+07
1.21028e+07
1.17482e+07
1.13739e+07
1.09782e+07
1.05595e+07
1.01161e+07
9.64675e+06
9.15061e+06
8.62624e+06
8.07249e+06
7.48713e+06
6.86938e+06
6.21672e+06
5.52918e+06
4.80376e+06
4.04027e+06
3.23527e+06
2.35482e+06
1.1936e+06
1.53775e+07
1.50609e+07
1.47836e+07
1.45138e+07
1.42429e+07
1.39678e+07
1.36866e+07
1.33976e+07
1.30992e+07
1.27899e+07
1.24686e+07
1.2134e+07
1.17848e+07
1.14193e+07
1.10358e+07
1.06319e+07
1.02053e+07
9.75359e+06
9.27433e+06
8.76533e+06
8.22437e+06
7.64934e+06
7.03976e+06
6.39425e+06
5.71626e+06
5.00237e+06
4.26453e+06
3.4904e+06
2.75821e+06
2.20846e+06
1.56914e+07
1.52932e+07
1.4954e+07
1.46438e+07
1.43446e+07
1.40484e+07
1.37511e+07
1.34503e+07
1.31442e+07
1.28312e+07
1.25101e+07
1.21793e+07
1.18377e+07
1.14829e+07
1.11131e+07
1.07253e+07
1.03166e+07
9.88369e+06
9.42309e+06
8.93138e+06
8.40441e+06
7.83998e+06
7.23619e+06
6.59713e+06
5.92475e+06
5.22751e+06
4.51799e+06
3.82408e+06
3.19693e+06
2.65769e+06
1.59298e+07
1.55056e+07
1.51266e+07
1.47801e+07
1.44525e+07
1.41347e+07
1.38215e+07
1.35095e+07
1.31966e+07
1.28809e+07
1.25612e+07
1.22358e+07
1.19032e+07
1.15607e+07
1.12064e+07
1.08362e+07
1.04474e+07
1.0035e+07
9.59534e+06
9.12247e+06
8.61076e+06
8.05557e+06
7.45525e+06
6.81666e+06
6.14922e+06
5.46856e+06
4.78057e+06
4.12274e+06
3.57887e+06
3.25043e+06
1.6116e+07
1.56803e+07
1.52781e+07
1.49052e+07
1.45541e+07
1.42176e+07
1.38904e+07
1.35687e+07
1.32501e+07
1.29328e+07
1.26155e+07
1.22964e+07
1.19742e+07
1.16459e+07
1.13094e+07
1.096e+07
1.05944e+07
1.02057e+07
9.79e+06
9.33786e+06
8.84176e+06
8.29536e+06
7.69696e+06
7.0481e+06
6.37129e+06
5.72657e+06
5.04902e+06
4.3375e+06
3.84739e+06
3.50958e+06
1.62618e+07
1.582e+07
1.54052e+07
1.50156e+07
1.46477e+07
1.42964e+07
1.39575e+07
1.36275e+07
1.33044e+07
1.29862e+07
1.26721e+07
1.23604e+07
1.20501e+07
1.17384e+07
1.14228e+07
1.1098e+07
1.07591e+07
1.03975e+07
1.00069e+07
9.57432e+06
9.09265e+06
8.5517e+06
7.96481e+06
7.29641e+06
6.53976e+06
5.97304e+06
5.4968e+06
4.36723e+06
3.87877e+06
4.00589e+06
1.63751e+07
1.59298e+07
1.55077e+07
1.51079e+07
1.47283e+07
1.4366e+07
1.40179e+07
1.36814e+07
1.33546e+07
1.30361e+07
1.27253e+07
1.2421e+07
1.21231e+07
1.1829e+07
1.15366e+07
1.12398e+07
1.09324e+07
1.06032e+07
1.02393e+07
9.82017e+06
9.35378e+06
8.81416e+06
8.23579e+06
7.73783e+06
6.55684e+06
5.98328e+06
5.59697e+06
5.02558e+06
4.66583e+06
4.57623e+06
1.64611e+07
1.60137e+07
1.55872e+07
1.51809e+07
1.47938e+07
1.44238e+07
1.40692e+07
1.37277e+07
1.33983e+07
1.30796e+07
1.2772e+07
1.24747e+07
1.2189e+07
1.19129e+07
1.16463e+07
1.1382e+07
1.11137e+07
1.0826e+07
1.04951e+07
1.0077e+07
9.6066e+06
9.23518e+06
8.24281e+06
7.66125e+06
6.925e+06
6.34945e+06
5.8926e+06
5.47227e+06
5.18273e+06
5.05698e+06
1.65233e+07
1.60745e+07
1.56453e+07
1.52351e+07
1.48432e+07
1.44683e+07
1.41091e+07
1.37642e+07
1.3433e+07
1.31144e+07
1.28094e+07
1.25177e+07
1.22422e+07
1.19823e+07
1.17408e+07
1.15111e+07
1.12885e+07
1.10495e+07
1.07699e+07
1.04335e+07
9.60996e+06
9.06567e+06
8.37326e+06
7.74898e+06
7.13248e+06
6.5969e+06
6.1517e+06
5.78818e+06
5.53585e+06
5.41196e+06
1.65637e+07
1.61142e+07
1.56834e+07
1.52709e+07
1.48762e+07
1.44983e+07
1.41364e+07
1.37894e+07
1.3457e+07
1.31386e+07
1.28352e+07
1.25476e+07
1.22789e+07
1.20308e+07
1.18091e+07
1.16125e+07
1.14408e+07
1.12648e+07
1.10443e+07
1.03685e+07
9.69776e+06
9.07304e+06
8.43556e+06
7.82895e+06
7.25903e+06
6.75398e+06
6.32911e+06
5.99288e+06
5.76052e+06
5.64305e+06
1.65836e+07
1.61337e+07
1.57022e+07
1.52887e+07
1.48927e+07
1.45135e+07
1.41502e+07
1.38023e+07
1.34692e+07
1.3151e+07
1.28484e+07
1.25629e+07
1.22972e+07
1.20554e+07
1.1843e+07
1.16671e+07
1.15377e+07
1.14554e+07
1.11747e+07
1.04276e+07
9.7395e+06
9.09318e+06
8.46698e+06
7.87221e+06
7.3207e+06
6.83086e+06
6.41789e+06
6.09369e+06
5.8703e+06
5.75667e+06
)
;

boundaryField
{
    inlet1
    {
        type            fixedGradient;
        gradient        uniform 20000;
    }
    inlet2
    {
        type            zeroGradient;
    }
    inlet3
    {
        type            fixedGradient;
        gradient        uniform 4.68141e+06;
    }
    output1
    {
        type            zeroGradient;
    }
    output2
    {
        type            fixedValue;
        value           uniform 0;
    }
    output3
    {
        type            zeroGradient;
    }
    up
    {
        type            zeroGradient;
    }
    down
    {
        type            zeroGradient;
    }
    emptyWalls
    {
        type            empty;
    }
}


// ************************************************************************* //
