/*--------------------------------*- C++ -*----------------------------------*\
  =========                 |
  \\      /  F ield         | OpenFOAM: The Open Source CFD Toolbox
   \\    /   O peration     | Website:  https://openfoam.org
    \\  /    A nd           | Version:  9
     \\/     M anipulation  |
\*---------------------------------------------------------------------------*/
FoamFile
{
    format      ascii;
    class       surfaceScalarField;
    location    "19500";
    object      phi;
}
// * * * * * * * * * * * * * * * * * * * * * * * * * * * * * * * * * * * * * //

dimensions      [0 3 -1 0 0 0 0];

internalField   nonuniform List<scalar> 
1740
(
4.65712e-08
5.43472e-08
1.42741e-08
2.40009e-08
2.99113e-09
5.34545e-09
1.34739e-09
3.10415e-09
1.31637e-09
5.7466e-11
1.64894e-09
9.58213e-11
1.58921e-09
6.20092e-11
1.55154e-09
3.52482e-11
1.53185e-09
1.68184e-11
1.52494e-09
4.65101e-12
1.52625e-09
-3.04289e-12
1.5322e-09
-7.3696e-12
1.5399e-09
-8.93697e-12
1.54683e-09
-8.06588e-12
1.55069e-09
-4.93807e-12
1.54935e-09
3.24335e-13
1.54072e-09
7.63017e-12
1.52282e-09
1.69218e-11
1.49365e-09
2.81842e-11
1.4512e-09
4.14437e-11
1.39345e-09
5.67473e-11
1.31837e-09
7.41225e-11
1.22401e-09
9.35141e-11
1.10873e-09
1.14705e-10
9.71417e-10
1.37195e-10
8.1187e-10
1.60094e-10
6.31217e-10
1.82063e-10
4.32302e-10
2.01312e-10
2.19797e-10
2.1579e-10
2.23613e-10
1.25676e-08
1.34821e-07
6.15443e-09
3.22798e-08
4.21794e-09
1.15154e-08
2.95035e-09
3.15176e-09
1.30844e-09
3.94247e-10
1.69584e-09
2.07615e-10
1.56988e-09
1.16967e-10
1.53356e-09
6.21638e-11
1.51908e-09
2.73732e-11
1.51672e-09
4.82717e-12
1.5216e-09
-9.45352e-12
1.53045e-09
-1.74988e-11
1.54067e-09
-2.03126e-11
1.54989e-09
-1.83884e-11
1.55591e-09
-1.20093e-11
1.55662e-09
-1.39258e-12
1.55001e-09
1.32776e-11
1.5341e-09
3.18772e-11
1.50693e-09
5.43773e-11
1.46651e-09
8.0849e-11
1.41079e-09
1.11427e-10
1.33763e-09
1.46235e-10
1.24494e-09
1.85248e-10
1.13077e-09
2.28124e-10
9.93643e-10
2.73986e-10
8.32963e-10
3.2114e-10
6.49494e-10
3.66874e-10
4.45908e-10
4.0741e-10
2.27089e-10
4.3824e-10
4.55038e-10
2.1119e-08
2.16073e-07
6.09765e-09
4.54594e-08
9.94314e-10
2.30785e-08
1.14187e-09
1.34431e-10
1.31954e-09
4.98737e-10
1.52636e-09
2.47609e-10
1.50278e-09
1.36078e-10
1.49374e-09
6.90659e-11
1.49417e-09
2.56821e-11
1.50128e-09
-3.26314e-12
1.51298e-09
-2.21003e-11
1.52735e-09
-3.28607e-11
1.54243e-09
-3.6427e-11
1.55615e-09
-3.3167e-11
1.56644e-09
-2.33191e-11
1.57123e-09
-7.16366e-12
1.56859e-09
1.49942e-11
1.55663e-09
4.29314e-11
1.53346e-09
7.65992e-11
1.49714e-09
1.16149e-10
1.44556e-09
1.61884e-10
1.37645e-09
2.14142e-10
1.28734e-09
2.7312e-10
1.17576e-09
3.38572e-10
1.03945e-09
4.09494e-10
8.76862e-10
4.83609e-10
6.87886e-10
5.56882e-10
4.74724e-10
6.2321e-10
2.42628e-10
6.74724e-10
7.03261e-10
1.75711e-08
3.09002e-07
5.87851e-09
6.00194e-08
2.32567e-09
3.15202e-08
8.29928e-10
5.57601e-11
1.26967e-09
2.92902e-10
1.37537e-09
1.89823e-10
1.42126e-09
1.10668e-10
1.44443e-09
5.23384e-11
1.4626e-09
9.5514e-12
1.48124e-09
-2.14623e-11
1.50168e-09
-4.28243e-11
1.52355e-09
-5.54182e-11
1.54555e-09
-5.93691e-11
1.56586e-09
-5.45359e-11
1.58245e-09
-4.0939e-11
1.59329e-09
-1.894e-11
1.59651e-09
1.09286e-11
1.59036e-09
4.82525e-11
1.57314e-09
9.29375e-11
1.54302e-09
1.45261e-10
1.49788e-09
2.05815e-10
1.43526e-09
2.7533e-10
1.35224e-09
3.54496e-10
1.24549e-09
4.43542e-10
1.11152e-09
5.418e-10
9.47128e-10
6.46906e-10
7.50461e-10
7.53823e-10
5.2248e-10
8.53822e-10
2.68685e-10
9.3418e-10
9.80022e-10
2.08335e-08
3.89612e-07
4.73621e-09
7.06084e-08
1.60827e-09
3.562e-08
8.39366e-10
5.8658e-11
1.2634e-09
1.2824e-10
1.30547e-09
1.08209e-10
1.36246e-09
6.44321e-11
1.40014e-09
2.00664e-11
1.43054e-09
-1.83536e-11
1.45939e-09
-4.93142e-11
1.48897e-09
-7.23168e-11
1.51962e-09
-8.66199e-11
1.55035e-09
-9.10971e-11
1.57929e-09
-8.46707e-11
1.60421e-09
-6.69624e-11
1.62298e-09
-3.85861e-11
1.63379e-09
-5.92905e-13
1.63518e-09
4.62115e-11
1.62574e-09
1.01634e-10
1.60391e-09
1.66142e-10
1.5677e-09
2.40767e-10
1.51448e-09
3.26875e-10
1.44085e-09
4.25965e-10
1.34245e-09
5.3929e-10
1.214e-09
6.67254e-10
1.04969e-09
8.08393e-10
8.44363e-10
9.57677e-10
5.96045e-10
1.10408e-09
3.09619e-10
1.22814e-09
1.30262e-09
1.53703e-08
4.72383e-07
1.78542e-09
8.42966e-08
9.41991e-10
3.19071e-08
8.94273e-10
7.7202e-11
1.2594e-09
6.02853e-11
1.27653e-09
5.03496e-11
1.32298e-09
1.87831e-11
1.36311e-09
-1.81524e-11
1.40005e-09
-5.37189e-11
1.4368e-09
-8.51247e-11
1.47519e-09
-1.1051e-10
1.51562e-09
-1.27647e-10
1.55694e-09
-1.33729e-10
1.59675e-09
-1.26088e-10
1.63214e-09
-1.03654e-10
1.66061e-09
-6.78474e-11
1.68051e-09
-2.09238e-11
1.69083e-09
3.55526e-11
1.69074e-09
1.0124e-10
1.67919e-09
1.76915e-10
1.6545e-09
2.64224e-10
1.61412e-09
3.65442e-10
1.55425e-09
4.83212e-10
1.46947e-09
6.20402e-10
1.35235e-09
7.79534e-10
1.19324e-09
9.61735e-10
9.81258e-10
1.16442e-09
7.07715e-10
1.37666e-09
3.73735e-10
1.57168e-09
1.6997e-09
1.78488e-08
5.50865e-07
1.71725e-09
9.3218e-08
9.12187e-10
3.33178e-08
9.0983e-10
9.50926e-11
1.23764e-09
4.47098e-11
1.25236e-09
1.41207e-11
1.28981e-09
-2.14979e-11
1.32929e-09
-5.77412e-11
1.36974e-09
-9.32459e-11
1.41256e-09
-1.26955e-10
1.45938e-09
-1.56952e-10
1.51072e-09
-1.79729e-10
1.56504e-09
-1.90084e-10
1.61862e-09
-1.82296e-10
1.66698e-09
-1.53717e-10
1.70682e-09
-1.08224e-10
1.73681e-09
-5.0805e-11
1.75688e-09
1.56891e-11
1.76721e-09
9.08512e-11
1.76761e-09
1.7606e-10
1.75701e-09
2.73797e-10
1.73324e-09
3.8744e-10
1.69254e-09
5.21054e-10
1.62886e-09
6.79576e-10
1.53269e-09
8.68732e-10
1.38968e-09
1.09459e-09
1.17971e-09
1.36159e-09
8.79817e-10
1.66647e-09
4.77595e-10
1.98222e-09
2.22479e-09
1.36165e-08
6.35133e-07
-2.7104e-09
1.20794e-07
-5.53151e-10
2.44151e-08
9.00279e-10
1.79177e-10
1.20346e-09
4.8943e-11
1.21964e-09
-1.70796e-11
1.25462e-09
-6.11547e-11
1.29449e-09
-9.8069e-11
1.33708e-09
-1.34567e-10
1.38431e-09
-1.72497e-10
1.43904e-09
-2.10613e-10
1.50286e-09
-2.4423e-10
1.57388e-09
-2.64581e-10
1.64573e-09
-2.5929e-10
1.71034e-09
-2.20692e-10
1.76289e-09
-1.60525e-10
1.80305e-09
-8.97602e-11
1.83266e-09
-1.28468e-11
1.85362e-09
7.0427e-11
1.867e-09
1.62645e-10
1.8727e-09
2.67491e-10
1.86931e-09
3.89445e-10
1.85383e-09
5.33981e-10
1.82072e-09
7.08109e-10
1.75988e-09
9.2122e-10
1.65306e-09
1.18629e-09
1.4681e-09
1.5209e-09
1.15424e-09
1.94539e-09
6.56816e-10
2.46594e-09
2.99246e-09
1.71437e-09
7.30829e-07
-8.78722e-09
1.15059e-07
6.13543e-10
3.9189e-09
8.60328e-10
2.01152e-10
1.14112e-09
4.50636e-12
1.17118e-09
-7.0228e-11
1.21456e-09
-1.07971e-10
1.25695e-09
-1.38811e-10
1.29979e-09
-1.74455e-10
1.34856e-09
-2.17851e-10
1.40962e-09
-2.6877e-10
1.48779e-09
-3.21995e-10
1.5819e-09
-3.64719e-10
1.68008e-09
-3.69586e-10
1.76576e-09
-3.09232e-10
1.83137e-09
-2.23428e-10
1.87984e-09
-1.34859e-10
1.91707e-09
-4.7758e-11
1.94764e-09
4.10577e-11
1.97411e-09
1.36586e-10
1.99745e-09
2.44058e-10
2.01744e-09
3.68867e-10
2.03277e-09
5.17313e-10
2.0403e-09
6.97654e-10
2.03304e-09
9.21745e-10
1.9946e-09
1.20847e-09
1.88538e-09
1.59031e-09
1.61224e-09
2.12827e-09
9.95414e-10
2.94367e-09
4.28665e-09
3.55277e-08
7.92937e-07
3.50757e-09
1.54916e-07
3.89713e-10
9.81851e-09
7.31324e-10
8.86867e-11
9.92237e-10
-1.46678e-10
1.10973e-09
-1.60431e-10
1.17548e-09
-1.6169e-10
1.21898e-09
-1.74747e-10
1.25656e-09
-2.06588e-10
1.30053e-09
-2.55677e-10
1.3631e-09
-3.2462e-10
1.45677e-09
-4.10256e-10
1.58585e-09
-5.02711e-10
1.72693e-09
-5.45099e-10
1.84126e-09
-4.23223e-10
1.91696e-09
-2.89098e-10
1.96789e-09
-1.78501e-10
2.00814e-09
-8.43741e-11
2.04575e-09
4.94925e-12
2.08436e-09
9.86082e-11
2.12555e-09
2.03266e-10
2.17026e-09
3.24654e-10
2.21951e-09
4.68752e-10
2.27469e-09
6.43446e-10
2.33739e-09
8.59634e-10
2.40692e-09
1.13553e-09
2.46657e-09
1.5036e-09
2.41393e-09
2.0337e-09
1.71259e-09
2.8938e-09
4.54568e-09
1.74764e-08
7.7349e-07
2.03416e-08
1.42094e-07
6.97817e-09
1.7535e-08
6.01764e-10
1.014e-08
9.68185e-10
-1.18256e-10
1.10002e-09
-1.73832e-10
1.15864e-09
-2.13818e-10
1.18694e-09
-1.91899e-10
1.20695e-09
-2.21519e-10
1.23389e-09
-2.73651e-10
1.28547e-09
-3.63773e-10
1.39034e-09
-4.91694e-10
1.57782e-09
-6.90771e-10
1.80052e-09
-8.84875e-10
1.95537e-09
-5.49466e-10
2.02734e-09
-3.31234e-10
2.06659e-09
-2.05682e-10
2.10185e-09
-1.16179e-10
2.14287e-09
-3.54907e-11
2.19204e-09
4.96358e-11
2.25013e-09
1.4574e-10
2.31854e-09
2.57734e-10
2.40031e-09
3.89592e-10
2.50158e-09
5.47737e-10
2.63491e-09
7.37808e-10
2.82911e-09
9.70404e-10
3.16006e-09
1.25485e-09
3.8643e-09
1.60912e-09
5.81913e-09
2.05215e-09
2.57313e-09
4.54379e-08
7.2805e-07
2.57292e-08
1.61249e-07
2.59189e-08
3.56784e-08
1.54917e-08
2.10154e-08
1.16118e-09
9.38078e-09
1.1505e-09
1.16305e-09
1.17218e-09
-1.43133e-10
1.16317e-09
-1.4333e-10
1.15044e-09
-1.66413e-10
1.14259e-09
-2.05343e-10
1.15458e-09
-2.83774e-10
1.24128e-09
-4.01873e-10
1.53458e-09
-6.30274e-10
1.94197e-09
-9.66221e-10
2.15236e-09
-5.59309e-10
2.17043e-09
-2.81093e-10
2.16931e-09
-1.97696e-10
2.1898e-09
-1.4031e-10
2.23182e-09
-8.13293e-11
2.2908e-09
-1.09109e-11
2.3644e-09
7.22305e-11
2.45345e-09
1.71419e-10
2.56164e-09
2.85149e-10
2.69639e-09
4.21653e-10
2.87157e-09
5.75481e-10
3.11454e-09
7.55414e-10
3.48026e-09
9.37674e-10
4.06406e-09
1.09645e-09
4.93621e-09
1.13271e-09
7.87695e-10
3.02925e-07
4.21974e-07
2.2627e-07
2.32048e-07
1.08148e-07
1.4101e-07
6.39272e-08
8.81287e-08
5.10232e-08
5.26272e-08
2.54541e-08
3.11293e-08
9.7267e-10
2.45367e-08
1.15229e-09
2.90958e-09
1.08805e-09
-1.38855e-10
1.0315e-09
-1.13285e-10
9.4895e-10
2.98689e-09
8.85639e-10
1.01172e-08
1.37722e-09
4.38827e-08
2.28042e-09
5.93375e-09
2.54169e-09
-2.32761e-10
2.33271e-09
-1.35546e-10
2.25041e-09
-1.28559e-10
2.2562e-09
-1.13619e-10
2.30384e-09
-8.51003e-11
2.37493e-09
-4.17417e-11
2.46323e-09
1.24059e-11
2.56921e-09
7.92313e-11
2.6964e-09
1.53188e-10
2.85076e-09
2.43971e-10
3.04044e-09
3.39133e-10
3.27723e-09
4.5129e-10
3.58238e-09
5.44999e-10
3.97548e-09
5.9745e-10
4.41439e-09
5.29337e-10
2.54344e-10
4.4558e-07
-2.33306e-08
6.19543e-07
6.27716e-08
6.31538e-07
1.25305e-07
5.77522e-07
1.17496e-07
5.148e-07
9.19743e-08
4.7081e-07
6.71553e-08
4.38235e-07
5.1777e-08
4.39069e-07
1.05549e-08
4.36897e-07
4.12564e-11
4.42553e-07
9.18435e-10
4.15831e-07
1.91429e-08
3.81963e-07
4.83126e-08
2.23559e-07
1.47068e-07
2.89593e-08
1.12543e-07
2.55179e-09
3.69484e-08
2.27905e-09
3.83568e-09
2.1279e-09
-6.88174e-10
2.15109e-09
-2.36439e-09
2.2176e-09
-3.47199e-09
2.30635e-09
-4.47916e-09
2.41055e-09
-5.53714e-09
2.5321e-09
-6.5657e-09
2.6759e-09
-7.60099e-09
2.84468e-09
-8.68175e-09
3.05042e-09
-9.75438e-09
3.28979e-09
-1.0387e-08
3.54753e-09
-1.06527e-08
3.81875e-09
-8.06437e-09
4.10643e-09
-5.33881e-09
-1.18879e-09
1.19446e-07
-1.4489e-07
2.85338e-07
-8.72537e-08
4.32441e-07
-2.10737e-08
5.21985e-07
3.12013e-08
5.60593e-07
5.50564e-08
5.9026e-07
4.81012e-08
6.06183e-07
3.47307e-08
6.19467e-07
8.58064e-09
6.16586e-07
-1.32621e-09
6.25807e-07
2.91389e-09
6.02365e-07
3.33062e-08
5.87365e-07
7.68679e-08
5.54028e-07
1.74122e-07
4.48815e-07
1.95021e-07
4.31977e-07
8.31354e-08
4.30367e-07
1.51595e-08
4.3252e-07
-4.381e-09
4.42529e-07
-1.33473e-08
4.58591e-07
-1.96214e-08
4.81688e-07
-2.52992e-08
5.09164e-07
-3.11131e-08
5.45212e-07
-3.65662e-08
5.82147e-07
-4.2224e-08
6.31698e-07
-4.77332e-08
6.76874e-07
-5.35942e-08
7.36872e-07
-5.78682e-08
7.87218e-07
-5.95896e-08
8.34987e-07
-4.90681e-08
8.59235e-07
-3.29035e-08
-7.97316e-09
5.69398e-08
-2.07017e-07
1.21444e-07
-1.52939e-07
1.96039e-07
-1.01215e-07
2.82006e-07
-5.16502e-08
3.57827e-07
-1.78511e-08
4.16266e-07
-2.96853e-09
4.55534e-07
-2.28107e-09
4.76736e-07
-7.42125e-09
4.83396e-07
-7.12987e-09
4.89424e-07
2.51267e-09
4.94197e-07
2.97823e-08
5.18375e-07
6.58362e-08
5.93761e-07
1.1069e-07
6.46467e-07
1.32625e-07
6.56786e-07
7.41483e-08
6.63407e-07
1.67765e-08
6.75533e-07
-1.5152e-08
6.96258e-07
-3.41806e-08
7.23936e-07
-4.85593e-08
7.61615e-07
-6.16304e-08
8.04185e-07
-7.41585e-08
8.5689e-07
-8.60348e-08
9.12269e-07
-9.75725e-08
9.78382e-07
-1.08975e-07
1.04588e-06
-1.21045e-07
1.12683e-06
-1.31863e-07
1.2014e-06
-1.3811e-07
1.28343e-06
-1.25657e-07
1.32645e-06
-9.15025e-08
-2.89772e-08
6.83289e-08
-2.84089e-07
1.32465e-07
-2.22795e-07
1.97416e-07
-1.66482e-07
2.63221e-07
-1.16325e-07
3.24364e-07
-7.73401e-08
3.75157e-07
-5.17963e-08
4.12122e-07
-3.74101e-08
4.35406e-07
-2.84846e-08
4.49192e-07
-1.87338e-08
4.58482e-07
-4.47189e-09
4.75903e-07
1.65321e-08
5.06318e-07
3.90128e-08
5.67747e-07
5.51702e-08
6.38363e-07
5.73712e-08
6.78119e-07
3.23312e-08
7.03721e-07
-5.6241e-09
7.30459e-07
-3.93536e-08
7.64153e-07
-6.64986e-08
8.05755e-07
-8.9434e-08
8.55747e-07
-1.10308e-07
9.11701e-07
-1.28973e-07
9.73979e-07
-1.46378e-07
1.03918e-06
-1.61252e-07
1.10947e-06
-1.76641e-07
1.18183e-06
-1.90968e-07
1.26313e-06
-2.08619e-07
1.34777e-06
-2.22411e-07
1.4534e-06
-2.28114e-07
1.53808e-06
-1.95471e-07
-9.41891e-08
8.08246e-08
-3.70489e-07
1.56252e-07
-2.96286e-07
2.29944e-07
-2.36442e-07
2.99393e-07
-1.83276e-07
3.61091e-07
-1.37624e-07
4.11896e-07
-1.0168e-07
4.50445e-07
-7.50206e-08
4.77739e-07
-5.47583e-08
4.97714e-07
-3.74469e-08
5.1538e-07
-2.08145e-08
5.38461e-07
-5.22065e-09
5.71155e-07
6.25868e-09
6.16228e-07
8.90993e-09
6.69016e-07
1.25662e-09
7.17568e-07
-1.82737e-08
7.62543e-07
-4.91077e-08
8.10237e-07
-8.42553e-08
8.64096e-07
-1.17929e-07
9.25211e-07
-1.48408e-07
9.90901e-07
-1.74829e-07
1.06068e-06
-1.97061e-07
1.12967e-06
-2.15368e-07
1.19954e-06
-2.29395e-07
1.26514e-06
-2.42891e-07
1.33088e-06
-2.5393e-07
1.39593e-06
-2.73074e-07
1.47249e-06
-2.9231e-07
1.57754e-06
-3.30161e-07
1.71542e-06
-3.3682e-07
-2.58884e-07
1.22601e-07
-4.94104e-07
2.31237e-07
-3.9372e-07
3.24926e-07
-3.22915e-07
4.01564e-07
-2.57002e-07
4.62951e-07
-1.9808e-07
5.11305e-07
-1.4962e-07
5.48573e-07
-1.11873e-07
5.77577e-07
-8.30313e-08
6.02304e-07
-6.11077e-08
6.27644e-07
-4.47286e-08
6.58124e-07
-3.42804e-08
6.96212e-07
-3.08936e-08
7.41642e-07
-3.62619e-08
7.93449e-07
-5.01547e-08
8.48342e-07
-7.2659e-08
9.04094e-07
-1.03302e-07
9.60624e-07
-1.38969e-07
1.01841e-06
-1.74053e-07
1.07674e-06
-2.06158e-07
1.13351e-06
-2.31739e-07
1.18832e-06
-2.52638e-07
1.23731e-06
-2.65784e-07
1.28384e-06
-2.76329e-07
1.32066e-06
-2.81742e-07
1.35851e-06
-2.89629e-07
1.38523e-06
-3.01681e-07
1.42943e-06
-3.25039e-07
1.49039e-06
-3.80939e-07
1.63074e-06
-4.39072e-07
-5.69205e-07
2.33667e-07
-6.86472e-07
4.05091e-07
-5.46139e-07
5.02923e-07
-4.17939e-07
5.59635e-07
-3.14388e-07
5.95845e-07
-2.35434e-07
6.21861e-07
-1.76523e-07
6.42563e-07
-1.33087e-07
6.61212e-07
-1.0162e-07
6.80489e-07
-7.99217e-08
7.03222e-07
-6.66037e-08
7.3113e-07
-6.1409e-08
7.65033e-07
-6.40703e-08
8.03814e-07
-7.47586e-08
8.4672e-07
-9.26815e-08
8.91456e-07
-1.17398e-07
9.35867e-07
-1.47368e-07
9.77413e-07
-1.80564e-07
1.017e-06
-2.13259e-07
1.05323e-06
-2.43088e-07
1.08881e-06
-2.66986e-07
1.12084e-06
-2.85699e-07
1.1514e-06
-2.94788e-07
1.17654e-06
-3.01641e-07
1.19682e-06
-2.98575e-07
1.21506e-06
-3.05966e-07
1.22129e-06
-3.05009e-07
1.24809e-06
-3.42305e-07
1.24856e-06
-3.83818e-07
1.54382e-06
-6.01092e-07
-1.23561e-06
8.4955e-07
-6.60454e-07
7.75001e-07
-5.1678e-07
7.17537e-07
-3.81984e-07
6.76787e-07
-2.83825e-07
6.51725e-07
-2.15272e-07
6.392e-07
-1.66232e-07
6.35923e-07
-1.30694e-07
6.39714e-07
-1.05387e-07
6.49301e-07
-8.90898e-08
6.64327e-07
-8.08772e-08
6.84393e-07
-8.08143e-08
7.09185e-07
-8.81245e-08
7.38043e-07
-1.0306e-07
7.70188e-07
-1.24131e-07
8.04792e-07
-1.51361e-07
8.40233e-07
-1.82036e-07
8.76119e-07
-2.15375e-07
9.12398e-07
-2.48277e-07
9.48932e-07
-2.78058e-07
9.87085e-07
-3.03248e-07
1.0206e-06
-3.18059e-07
1.05247e-06
-3.23724e-07
1.06786e-06
-3.17782e-07
1.08358e-06
-3.07831e-07
1.07278e-06
-3.01173e-07
1.08036e-06
-2.98104e-07
1.04402e-06
-3.27795e-07
1.04477e-06
-3.62276e-07
8.79775e-07
-5.73816e-07
-9.36709e-07
7.2171e-07
-4.58081e-07
6.04006e-07
-3.84593e-07
5.49553e-07
-3.17858e-07
5.32911e-07
-2.59532e-07
5.34447e-07
-2.11099e-07
5.44266e-07
-1.71869e-07
5.58069e-07
-1.41645e-07
5.74588e-07
-1.19541e-07
5.93203e-07
-1.06004e-07
6.14514e-07
-1.00351e-07
6.38312e-07
-1.03325e-07
6.65401e-07
-1.13498e-07
6.95208e-07
-1.3187e-07
7.2782e-07
-1.55313e-07
7.62532e-07
-1.85602e-07
7.98079e-07
-2.16917e-07
8.35372e-07
-2.52581e-07
8.71334e-07
-2.84413e-07
9.0836e-07
-3.14732e-07
9.39498e-07
-3.35621e-07
9.63419e-07
-3.41645e-07
9.70557e-07
-3.34053e-07
9.63065e-07
-3.09867e-07
9.37802e-07
-2.86477e-07
8.97335e-07
-2.58446e-07
8.51469e-07
-2.59644e-07
7.71919e-07
-2.601e-07
6.53758e-07
-2.63861e-07
3.36455e-07
-3.01109e-07
-1.8627e-07
8.22269e-07
-3.63692e-07
7.73121e-07
-3.40534e-07
7.45833e-07
-3.00974e-07
7.30458e-07
-2.5396e-07
7.21266e-07
-2.09678e-07
7.15813e-07
-1.72022e-07
7.12896e-07
-1.43109e-07
7.12537e-07
-1.22267e-07
7.13851e-07
-1.10162e-07
7.17255e-07
-1.05726e-07
7.21413e-07
-1.09967e-07
7.27439e-07
-1.2118e-07
7.3384e-07
-1.41081e-07
7.42821e-07
-1.65892e-07
7.53302e-07
-1.99192e-07
7.67924e-07
-2.32559e-07
7.86422e-07
-2.73507e-07
8.06937e-07
-3.04929e-07
8.29131e-07
-3.37746e-07
8.41672e-07
-3.47956e-07
8.3989e-07
-3.40338e-07
8.16465e-07
-3.11497e-07
7.80833e-07
-2.74855e-07
7.25247e-07
-2.34796e-07
6.55965e-07
-1.82908e-07
5.87921e-07
-1.93171e-07
4.89502e-07
-1.88029e-07
3.40815e-07
-1.14759e-07
1.66724e-07
-1.21673e-07
-1.03514e-07
8.36907e-07
-2.85913e-07
7.67696e-07
-2.69512e-07
7.09918e-07
-2.42116e-07
6.66237e-07
-2.0916e-07
6.35246e-07
-1.77365e-07
6.14385e-07
-1.49318e-07
6.00757e-07
-1.27701e-07
5.92553e-07
-1.11981e-07
5.87801e-07
-1.037e-07
5.86122e-07
-1.01742e-07
5.86231e-07
-1.08187e-07
5.89648e-07
-1.2137e-07
5.95655e-07
-1.44497e-07
6.08013e-07
-1.73392e-07
6.24933e-07
-2.12979e-07
6.50585e-07
-2.52106e-07
6.78754e-07
-2.99685e-07
7.08331e-07
-3.29365e-07
7.31663e-07
-3.60909e-07
7.28642e-07
-3.43543e-07
7.0082e-07
-3.13869e-07
6.48683e-07
-2.60495e-07
5.94025e-07
-2.18671e-07
5.18433e-07
-1.82982e-07
4.41557e-07
-8.71065e-08
3.61604e-07
-1.07262e-07
2.68807e-07
-7.99017e-08
1.89511e-07
-2.41275e-08
7.46337e-08
-2.77691e-08
-1.68756e-09
8.50738e-07
-2.22117e-07
7.9554e-07
-2.12736e-07
7.5087e-07
-1.97389e-07
7.17917e-07
-1.7723e-07
6.94485e-07
-1.55875e-07
6.78687e-07
-1.35244e-07
6.6762e-07
-1.18625e-07
6.60306e-07
-1.05982e-07
6.54632e-07
-9.97919e-08
6.5081e-07
-9.88473e-08
6.47196e-07
-1.0633e-07
6.45272e-07
-1.20071e-07
6.43863e-07
-1.45087e-07
6.45805e-07
-1.7582e-07
6.49171e-07
-2.1932e-07
6.58041e-07
-2.61645e-07
6.64301e-07
-3.11415e-07
6.74671e-07
-3.39854e-07
6.64096e-07
-3.60391e-07
6.12724e-07
-2.96257e-07
5.39741e-07
-2.47079e-07
4.61593e-07
-1.91925e-07
3.8023e-07
-1.22119e-07
2.93971e-07
-8.0185e-08
2.4233e-07
-1.84612e-08
1.15427e-07
-2.83086e-08
3.6142e-09
-1.07441e-09
2.01161e-09
-1.82234e-09
2.38037e-10
-2.157e-09
-2.15226e-09
8.60786e-07
-1.68721e-07
8.12341e-07
-1.6319e-07
7.69047e-07
-1.53706e-07
7.32451e-07
-1.4061e-07
7.02012e-07
-1.2599e-07
6.7766e-07
-1.1121e-07
6.57279e-07
-9.89353e-08
6.40619e-07
-8.93457e-08
6.25115e-07
-8.48696e-08
6.11136e-07
-8.44079e-08
5.95996e-07
-9.15173e-08
5.81147e-07
-1.03787e-07
5.6493e-07
-1.28178e-07
5.50576e-07
-1.57874e-07
5.40155e-07
-2.05697e-07
5.35747e-07
-2.50765e-07
5.37204e-07
-3.07704e-07
5.43976e-07
-3.37876e-07
5.01334e-07
-3.26777e-07
4.21233e-07
-2.18971e-07
3.24693e-07
-1.34985e-07
2.43766e-07
-7.87221e-08
1.1655e-07
-2.99125e-08
3.05975e-09
-2.88738e-10
2.75866e-09
-9.76546e-10
1.94883e-09
-1.00617e-09
1.91964e-09
-9.66023e-10
1.40299e-09
-1.89809e-09
5.47727e-10
-2.20942e-09
-1.91757e-09
8.671e-07
-1.2189e-07
8.23326e-07
-1.1858e-07
7.82754e-07
-1.12734e-07
7.46976e-07
-1.04599e-07
7.15849e-07
-9.52311e-08
6.8995e-07
-8.5529e-08
6.67321e-07
-7.71834e-08
6.48402e-07
-7.06253e-08
6.3002e-07
-6.76675e-08
6.13548e-07
-6.7811e-08
5.94566e-07
-7.40201e-08
5.76234e-07
-8.46192e-08
5.53327e-07
-1.06762e-07
5.32253e-07
-1.34257e-07
5.1121e-07
-1.84885e-07
4.92652e-07
-2.28339e-07
4.85053e-07
-2.98332e-07
4.57045e-07
-3.1261e-07
3.50262e-07
-2.43566e-07
2.46356e-07
-9.14297e-08
1.15104e-07
-3.48434e-08
2.5156e-09
-4.15749e-12
2.93887e-09
-3.35601e-10
2.67246e-09
-1.81772e-10
2.38242e-09
-9.24491e-10
1.94071e-09
-1.03475e-09
1.61291e-09
-1.0074e-09
1.1435e-09
-1.30412e-09
5.49874e-10
-1.47141e-09
-1.44498e-09
8.71125e-07
-7.92246e-08
8.3052e-07
-7.73565e-08
7.92101e-07
-7.3955e-08
7.56993e-07
-6.92509e-08
7.25272e-07
-6.36776e-08
6.97523e-07
-5.78916e-08
6.72359e-07
-5.26873e-08
6.50265e-07
-4.8705e-08
6.2828e-07
-4.67809e-08
6.07764e-07
-4.72207e-08
5.8348e-07
-5.13859e-08
5.5886e-07
-5.92268e-08
5.24764e-07
-7.4874e-08
4.89857e-07
-9.62686e-08
4.41928e-07
-1.38051e-07
4.00221e-07
-1.7608e-07
3.64353e-07
-2.57156e-07
2.65581e-07
-2.23923e-07
1.00654e-07
-8.93288e-08
2.16605e-09
-1.88995e-10
2.64699e-09
-2.24298e-10
2.59502e-09
1.36827e-10
2.59915e-09
-2.91149e-10
2.43186e-09
-2.9567e-10
2.16763e-09
-5.30757e-10
1.81868e-09
-6.48895e-10
1.4478e-09
-7.14159e-10
1.00824e-09
-8.39582e-10
5.08257e-10
-9.27103e-10
-9.45963e-10
8.73514e-07
-3.90346e-08
8.3484e-07
-3.81934e-08
7.97818e-07
-3.66208e-08
7.63258e-07
-3.44708e-08
7.31371e-07
-3.18653e-08
7.02598e-07
-2.91945e-08
6.76066e-07
-2.66839e-08
6.51995e-07
-2.48636e-08
6.28076e-07
-2.38604e-08
6.04986e-07
-2.42913e-08
5.7817e-07
-2.62163e-08
5.49781e-07
-3.06149e-08
5.10457e-07
-3.81853e-08
4.66538e-07
-5.06779e-08
3.98372e-07
-7.33553e-08
3.35681e-07
-1.03256e-07
2.4417e-07
-1.65381e-07
8.23445e-08
-8.46891e-08
1.96144e-09
-4.0021e-10
2.68514e-09
-5.39517e-11
2.59938e-09
-1.74072e-10
2.54715e-09
-4.8414e-11
2.46008e-09
-1.2719e-10
2.2882e-09
-1.69204e-10
2.03757e-09
-2.53967e-10
1.71858e-09
-3.15903e-10
1.35137e-09
-3.60751e-10
9.33388e-10
-4.12946e-10
4.74909e-10
-4.51461e-10
-4.65806e-10
8.74643e-07
8.36852e-07
8.00559e-07
7.66231e-07
7.34414e-07
7.05027e-07
6.78072e-07
6.52679e-07
6.28273e-07
6.03134e-07
5.76115e-07
5.44278e-07
5.04977e-07
4.52732e-07
3.77981e-07
2.74221e-07
1.08849e-07
2.92234e-09
2.50309e-09
2.8147e-09
2.6494e-09
2.53413e-09
2.40584e-09
2.22329e-09
1.97586e-09
1.66672e-09
1.30571e-09
8.99028e-10
4.57981e-10
)
;

boundaryField
{
    inlet1
    {
        type            calculated;
        value           nonuniform List<scalar> 10(-1e-07 -1e-07 -1e-07 -1e-07 -1e-07 -1e-07 -1e-07 -1e-07 -1e-07 -1e-07);
    }
    inlet2
    {
        type            calculated;
        value           uniform 0;
    }
    inlet3
    {
        type            calculated;
        value           nonuniform List<scalar> 10(-9.13394e-07 -9.13394e-07 -9.13394e-07 -9.13394e-07 -9.13394e-07 -9.13394e-07 -9.13394e-07 -9.13394e-07 -9.13394e-07 -9.13394e-07);
    }
    output1
    {
        type            calculated;
        value           uniform 0;
    }
    output2
    {
        type            calculated;
        value           nonuniform List<scalar> 10(9.51252e-09 6.02135e-09 4.82666e-09 4.40496e-09 8.65838e-07 1.34549e-06 1.59599e-06 1.8611e-06 1.93286e-06 2.5079e-06);
    }
    output3
    {
        type            calculated;
        value           uniform -0;
    }
    up
    {
        type            calculated;
        value           uniform 0;
    }
    down
    {
        type            calculated;
        value           uniform 0;
    }
    emptyWalls
    {
        type            empty;
        value           nonuniform List<scalar> 0();
    }
}


// ************************************************************************* //
