/*--------------------------------*- C++ -*----------------------------------*\
  =========                 |
  \\      /  F ield         | OpenFOAM: The Open Source CFD Toolbox
   \\    /   O peration     | Website:  https://openfoam.org
    \\  /    A nd           | Version:  9
     \\/     M anipulation  |
\*---------------------------------------------------------------------------*/
FoamFile
{
    format      ascii;
    class       volScalarField;
    location    "19500";
    object      Sw;
}
// * * * * * * * * * * * * * * * * * * * * * * * * * * * * * * * * * * * * * //

dimensions      [0 0 0 0 0 0 0];

internalField   nonuniform List<scalar> 
900
(
0.827311
0.763347
0.550286
0.424055
0.15296
0.15
0.15
0.15
0.15
0.15
0.15
0.15
0.15
0.15
0.15
0.15
0.15
0.15
0.15
0.15
0.15
0.15
0.15
0.15
0.15
0.15
0.15
0.15
0.15
0.15
0.69134
0.602064
0.535531
0.576947
0.192521
0.15
0.15
0.15
0.15
0.15
0.15
0.15
0.15
0.15
0.15
0.15
0.15
0.15
0.15
0.15
0.15
0.15
0.15
0.15
0.15
0.15
0.15
0.15
0.15
0.15
0.73433
0.625903
0.565618
0.370697
0.15012
0.15
0.15
0.15
0.15
0.15
0.15
0.15
0.15
0.15
0.15
0.15
0.15
0.15
0.15
0.15
0.15
0.15
0.15
0.15
0.15
0.15
0.15
0.15
0.15
0.15
0.728567
0.615173
0.596947
0.304128
0.150014
0.15
0.15
0.15
0.15
0.15
0.15
0.15
0.15
0.15
0.15
0.15
0.15
0.15
0.15
0.15
0.15
0.15
0.15
0.15
0.15
0.15
0.15
0.15
0.15
0.15
0.767346
0.645258
0.596832
0.257545
0.150001
0.15
0.15
0.15
0.15
0.15
0.15
0.15
0.15
0.15
0.15
0.15
0.15
0.15
0.15
0.15
0.15
0.15
0.15
0.15
0.15
0.15
0.15
0.15
0.15
0.15
0.756579
0.626885
0.595444
0.202783
0.15
0.15
0.15
0.15
0.15
0.15
0.15
0.15
0.15
0.15
0.15
0.15
0.15
0.15
0.15
0.15
0.15
0.15
0.15
0.15
0.15
0.15
0.15
0.15
0.15
0.15
0.779162
0.65031
0.566129
0.171668
0.15
0.15
0.15
0.15
0.15
0.15
0.15
0.15
0.15
0.15
0.15
0.15
0.15
0.15
0.15
0.15
0.15
0.15
0.15
0.15
0.15
0.15
0.15
0.15
0.15
0.15
0.772536
0.63394
0.596131
0.154757
0.15
0.15
0.15
0.15
0.15
0.15
0.15
0.15
0.15
0.15
0.15
0.15
0.15
0.15
0.15
0.15
0.15
0.15
0.15
0.15
0.15
0.15
0.15
0.15
0.15
0.15
0.799771
0.676977
0.489997
0.150556
0.15
0.15
0.15
0.15
0.15
0.15
0.15
0.15
0.15
0.15
0.15
0.15
0.15
0.15
0.15
0.15
0.15
0.15
0.15
0.15
0.15
0.15
0.15
0.15
0.15
0.15
0.811883
0.63114
0.33674
0.150006
0.15
0.15
0.15
0.15
0.15
0.15
0.15
0.15
0.15
0.15
0.15
0.15
0.15
0.15
0.15
0.15
0.15
0.15
0.15
0.15
0.15
0.15
0.15
0.15
0.15
0.15
0.848847
0.738368
0.549152
0.214303
0.150001
0.15
0.15
0.15
0.15
0.15
0.15
0.15
0.15
0.15
0.15
0.15
0.15
0.15
0.15
0.15
0.15
0.15
0.15
0.15
0.15
0.15
0.15
0.15
0.15
0.15
0.871272
0.637883
0.547491
0.531266
0.341416
0.150436
0.15
0.15
0.15
0.15
0.15
0.15
0.15
0.15
0.15
0.15
0.15
0.15
0.15
0.15
0.15
0.15
0.15
0.15
0.15
0.15
0.15
0.15
0.15
0.15
0.946541
0.804686
0.643065
0.550839
0.503079
0.486724
0.232878
0.150001
0.15042
0.150011
0.150001
0.150001
0.150001
0.150001
0.15
0.15
0.15
0.15
0.15
0.15
0.15
0.15
0.15
0.15
0.15
0.15
0.15
0.15
0.15
0.15
0.880068
0.815506
0.743275
0.68641
0.640177
0.612904
0.593024
0.585736
0.589059
0.588752
0.597354
0.59094
0.603418
0.45696
0.154239
0.156874
0.161026
0.163281
0.163875
0.163697
0.163098
0.162328
0.161553
0.160509
0.159726
0.157063
0.154216
0.151952
0.150599
0.150039
0.704603
0.690424
0.689085
0.660592
0.642507
0.62073
0.617461
0.607711
0.613692
0.607059
0.618466
0.602816
0.606097
0.564419
0.546338
0.544929
0.545995
0.546349
0.546567
0.546808
0.547831
0.54841
0.550314
0.550087
0.552947
0.55104
0.555114
0.551531
0.554181
0.547224
0.623651
0.613093
0.610392
0.604514
0.604025
0.598557
0.598311
0.595263
0.595842
0.593005
0.594211
0.587771
0.586737
0.584723
0.577678
0.573738
0.573039
0.572877
0.573403
0.573534
0.574851
0.575032
0.576837
0.576396
0.578167
0.57678
0.578665
0.576066
0.577958
0.571915
0.607401
0.598858
0.594572
0.592818
0.592296
0.591765
0.591348
0.590369
0.589126
0.587288
0.58466
0.582808
0.580756
0.583797
0.582807
0.580432
0.579432
0.579494
0.580334
0.58133
0.582711
0.583724
0.584968
0.58529
0.585811
0.584901
0.584519
0.582525
0.583188
0.580349
0.592168
0.587341
0.587852
0.59035
0.592743
0.594355
0.594898
0.594535
0.593316
0.591637
0.589543
0.588179
0.587287
0.587848
0.587909
0.587414
0.587462
0.588346
0.589748
0.59139
0.592738
0.594047
0.594481
0.594988
0.594035
0.593152
0.590126
0.587464
0.584577
0.584766
0.58761
0.587774
0.592929
0.59806
0.601658
0.603673
0.604382
0.604069
0.603103
0.601818
0.600665
0.599925
0.599702
0.599793
0.600116
0.60024
0.600526
0.600879
0.601397
0.601658
0.601641
0.601266
0.60026
0.599264
0.596954
0.595363
0.59066
0.587086
0.5778
0.574487
0.586786
0.597267
0.606037
0.610502
0.612132
0.612298
0.611667
0.610564
0.609284
0.608017
0.607068
0.606403
0.606109
0.605815
0.605675
0.605184
0.604611
0.603533
0.602587
0.601016
0.599855
0.597801
0.596402
0.593802
0.591937
0.5892
0.586176
0.584267
0.570451
0.562752
0.609598
0.621219
0.621032
0.617344
0.613649
0.610702
0.608406
0.60658
0.605124
0.603978
0.603183
0.602613
0.602258
0.601902
0.601524
0.600945
0.600086
0.599033
0.597793
0.596436
0.595139
0.593115
0.591678
0.588113
0.587117
0.581264
0.582923
0.574739
0.593071
0.611242
0.596548
0.593102
0.59281
0.593447
0.594411
0.595418
0.596385
0.597146
0.597862
0.598383
0.599042
0.599466
0.600094
0.600279
0.600549
0.600193
0.599677
0.598724
0.597232
0.595743
0.592986
0.590398
0.585945
0.582422
0.57686
0.572972
0.569162
0.56496
0.56024
0.498796
0.598808
0.600552
0.604117
0.607073
0.6089
0.609673
0.609954
0.609765
0.609548
0.608948
0.608502
0.607452
0.606679
0.604945
0.60374
0.601333
0.59983
0.597099
0.594931
0.591528
0.587184
0.581533
0.574768
0.568949
0.561054
0.554665
0.5486
0.54074
0.529855
0.519915
0.599448
0.598641
0.598273
0.598023
0.597869
0.597527
0.597323
0.596975
0.596884
0.596526
0.596478
0.595897
0.59584
0.594935
0.59508
0.593828
0.594139
0.59184
0.590715
0.585799
0.579098
0.569843
0.559436
0.551284
0.540404
0.534003
0.515308
0.507907
0.504621
0.204517
0.599523
0.598856
0.598868
0.59934
0.600263
0.60101
0.601944
0.602419
0.603206
0.603362
0.604005
0.603695
0.604023
0.602888
0.602561
0.600006
0.598634
0.59342
0.590551
0.579579
0.567886
0.552246
0.538709
0.517728
0.50874
0.51444
0.32427
0.150002
0.15
0.15
0.599664
0.599185
0.59903
0.599034
0.599349
0.599524
0.599972
0.599993
0.600467
0.600204
0.600649
0.599816
0.599897
0.597907
0.59701
0.593683
0.591228
0.585614
0.580172
0.560862
0.545859
0.517311
0.513649
0.215755
0.15
0.15
0.15
0.15
0.15
0.15
0.599763
0.599396
0.599218
0.599129
0.59933
0.599472
0.599979
0.600118
0.600871
0.600815
0.601882
0.601327
0.602619
0.600677
0.601365
0.596744
0.593963
0.58563
0.568772
0.530999
0.526061
0.250355
0.15
0.15
0.15
0.15
0.15
0.15
0.15
0.15
0.599821
0.599548
0.599374
0.59928
0.599362
0.599466
0.59983
0.600008
0.600672
0.600756
0.601875
0.60155
0.603293
0.601256
0.602817
0.594377
0.59222
0.574251
0.535675
0.272867
0.15
0.15
0.15
0.15
0.15
0.15
0.15
0.15
0.15
0.15
0.599856
0.59964
0.599481
0.599395
0.599418
0.599508
0.599781
0.600013
0.600594
0.600879
0.601955
0.602127
0.604088
0.603278
0.606186
0.597741
0.597297
0.548972
0.263804
0.15
0.15
0.15
0.15
0.15
0.15
0.15
0.15
0.15
0.15
0.15
0.59987
0.599689
0.599525
0.599468
0.599436
0.599572
0.599721
0.600101
0.600444
0.601123
0.60171
0.602843
0.603793
0.605542
0.606716
0.607316
0.602212
0.381293
0.150011
0.15
0.15
0.15
0.15
0.15
0.15
0.15
0.15
0.15
0.15
0.15
)
;

boundaryField
{
    inlet1
    {
        type            fixedValue;
        value           uniform 0.85;
    }
    inlet2
    {
        type            zeroGradient;
    }
    inlet3
    {
        type            fixedValue;
        value           uniform 0.6;
    }
    output1
    {
        type            zeroGradient;
    }
    output2
    {
        type            zeroGradient;
    }
    output3
    {
        type            zeroGradient;
    }
    up
    {
        type            zeroGradient;
    }
    down
    {
        type            zeroGradient;
    }
    emptyWalls
    {
        type            empty;
    }
}


// ************************************************************************* //
