/*--------------------------------*- C++ -*----------------------------------*\
  =========                 |
  \\      /  F ield         | OpenFOAM: The Open Source CFD Toolbox
   \\    /   O peration     | Website:  https://openfoam.org
    \\  /    A nd           | Version:  9
     \\/     M anipulation  |
\*---------------------------------------------------------------------------*/
FoamFile
{
    format      ascii;
    class       volScalarField;
    location    "26000";
    object      fw;
}
// * * * * * * * * * * * * * * * * * * * * * * * * * * * * * * * * * * * * * //

dimensions      [0 0 0 0 0 0 0];

internalField   nonuniform List<scalar> 
900
(
0.99147
0.82983
0.997458
0.414254
1.77436e-08
4.7991e-09
4.7991e-09
4.7991e-09
4.7991e-09
4.7991e-09
4.7991e-09
4.7991e-09
4.7991e-09
4.7991e-09
4.7991e-09
4.7991e-09
4.7991e-09
4.7991e-09
4.7991e-09
4.7991e-09
4.7991e-09
4.7991e-09
4.7991e-09
4.7991e-09
4.7991e-09
4.7991e-09
4.7991e-09
4.7991e-09
4.7991e-09
4.7991e-09
0.999876
0.999907
0.900055
0.701657
1.63707e-05
4.79925e-09
4.7991e-09
4.7991e-09
4.7991e-09
4.7991e-09
4.7991e-09
4.7991e-09
4.7991e-09
4.7991e-09
4.7991e-09
4.7991e-09
4.7991e-09
4.7991e-09
4.7991e-09
4.7991e-09
4.7991e-09
4.7991e-09
4.7991e-09
4.7991e-09
4.7991e-09
4.7991e-09
4.7991e-09
4.7991e-09
4.7991e-09
4.7991e-09
0.999603
0.934198
0.743017
0.0891744
6.19874e-09
4.7991e-09
4.7991e-09
4.7991e-09
4.7991e-09
4.7991e-09
4.7991e-09
4.7991e-09
4.7991e-09
4.7991e-09
4.7991e-09
4.7991e-09
4.7991e-09
4.7991e-09
4.7991e-09
4.7991e-09
4.7991e-09
4.7991e-09
4.7991e-09
4.7991e-09
4.7991e-09
4.7991e-09
4.7991e-09
4.7991e-09
4.7991e-09
4.7991e-09
0.999984
0.999063
0.781123
0.00260078
4.83797e-09
4.7991e-09
4.7991e-09
4.7991e-09
4.7991e-09
4.7991e-09
4.7991e-09
4.7991e-09
4.7991e-09
4.7991e-09
4.7991e-09
4.7991e-09
4.7991e-09
4.7991e-09
4.7991e-09
4.7991e-09
4.7991e-09
4.7991e-09
4.7991e-09
4.7991e-09
4.7991e-09
4.7991e-09
4.7991e-09
4.7991e-09
4.7991e-09
4.7991e-09
0.999715
0.973208
0.756399
0.000475132
4.80395e-09
4.7991e-09
4.7991e-09
4.7991e-09
4.7991e-09
4.7991e-09
4.7991e-09
4.7991e-09
4.7991e-09
4.7991e-09
4.7991e-09
4.7991e-09
4.7991e-09
4.7991e-09
4.7991e-09
4.7991e-09
4.7991e-09
4.7991e-09
4.7991e-09
4.7991e-09
4.7991e-09
4.7991e-09
4.7991e-09
4.7991e-09
4.7991e-09
4.7991e-09
0.999944
0.995822
0.812072
2.27722e-05
4.79927e-09
4.7991e-09
4.7991e-09
4.7991e-09
4.7991e-09
4.7991e-09
4.7991e-09
4.7991e-09
4.7991e-09
4.7991e-09
4.7991e-09
4.7991e-09
4.7991e-09
4.7991e-09
4.7991e-09
4.7991e-09
4.7991e-09
4.7991e-09
4.7991e-09
4.7991e-09
4.7991e-09
4.7991e-09
4.7991e-09
4.7991e-09
4.7991e-09
4.7991e-09
0.999749
0.977997
0.842712
2.28345e-06
4.79911e-09
4.7991e-09
4.7991e-09
4.7991e-09
4.7991e-09
4.7991e-09
4.7991e-09
4.7991e-09
4.7991e-09
4.7991e-09
4.7991e-09
4.7991e-09
4.7991e-09
4.7991e-09
4.7991e-09
4.7991e-09
4.7991e-09
4.7991e-09
4.7991e-09
4.7991e-09
4.7991e-09
4.7991e-09
4.7991e-09
4.7991e-09
4.7991e-09
4.7991e-09
0.99997
0.997105
0.856909
1.82326e-07
4.7991e-09
4.7991e-09
4.7991e-09
4.7991e-09
4.7991e-09
4.7991e-09
4.7991e-09
4.7991e-09
4.7991e-09
4.7991e-09
4.7991e-09
4.7991e-09
4.7991e-09
4.7991e-09
4.7991e-09
4.7991e-09
4.7991e-09
4.7991e-09
4.7991e-09
4.7991e-09
4.7991e-09
4.7991e-09
4.7991e-09
4.7991e-09
4.7991e-09
4.7991e-09
0.999953
0.989072
0.943329
2.11867e-08
4.7991e-09
4.7991e-09
4.7991e-09
4.7991e-09
4.7991e-09
4.7991e-09
4.7991e-09
4.7991e-09
4.7991e-09
4.7991e-09
4.7991e-09
4.7991e-09
4.7991e-09
4.7991e-09
4.7991e-09
4.7991e-09
4.7991e-09
4.7991e-09
4.7991e-09
4.7991e-09
4.7991e-09
4.7991e-09
4.7991e-09
4.7991e-09
4.7991e-09
4.7991e-09
1
0.999613
0.867911
1.78905e-08
4.7991e-09
4.7991e-09
4.7991e-09
4.7991e-09
4.7991e-09
4.7991e-09
4.7991e-09
4.7991e-09
4.7991e-09
4.7991e-09
4.7991e-09
4.7991e-09
4.7991e-09
4.7991e-09
4.7991e-09
4.7991e-09
4.7991e-09
4.7991e-09
4.7991e-09
4.7991e-09
4.7991e-09
4.7991e-09
4.7991e-09
4.7991e-09
4.7991e-09
4.79911e-09
1
0.998783
0.987307
0.0105283
4.82118e-09
4.7991e-09
4.7991e-09
4.7991e-09
4.7991e-09
4.7991e-09
4.7991e-09
4.7991e-09
4.7991e-09
4.7991e-09
4.7991e-09
4.7991e-09
4.7991e-09
4.7991e-09
4.7991e-09
4.7991e-09
4.7991e-09
4.7991e-09
4.7991e-09
4.7991e-09
4.7991e-09
4.7991e-09
4.7991e-09
4.7991e-09
4.79909e-09
4.79909e-09
1.00004
0.999992
0.967146
0.519936
0.214125
2.95796e-08
4.8008e-09
4.80008e-09
4.79984e-09
4.79986e-09
4.7991e-09
4.7991e-09
4.7991e-09
4.7991e-09
4.7991e-09
4.7991e-09
4.7991e-09
4.7991e-09
4.7991e-09
4.7991e-09
4.7991e-09
4.7991e-09
4.7991e-09
4.7991e-09
4.7991e-09
4.7991e-09
4.7991e-09
4.7991e-09
4.7991e-09
4.7991e-09
1.00001
0.999993
0.999424
0.99273
0.9703
0.923232
0.888894
0.819863
0.825047
0.224716
3.90743e-08
5.60007e-08
7.02286e-08
8.25122e-08
8.07346e-08
6.73523e-08
5.34527e-08
4.0269e-08
2.75585e-08
1.79627e-08
1.18451e-08
7.96606e-09
5.45426e-09
4.79928e-09
4.79923e-09
4.79915e-09
4.7991e-09
4.7991e-09
4.7991e-09
4.7991e-09
0.999851
0.993251
0.996714
0.992075
0.98642
0.971551
0.964951
0.940114
0.928509
0.840718
0.7574
0.748788
0.760031
0.76762
0.771759
0.772881
0.775336
0.775612
0.780087
0.781193
0.786686
0.79144
0.791505
0.80954
0.782298
0.829062
0.100026
0.000828052
0.000118547
9.17415e-07
0.964513
0.943815
0.958626
0.957797
0.95941
0.949108
0.94144
0.926136
0.913019
0.903592
0.888723
0.878353
0.877598
0.877745
0.878456
0.877227
0.877215
0.876678
0.876429
0.878682
0.876254
0.883013
0.874235
0.885147
0.850559
0.840748
0.699084
0.625478
0.621058
0.629931
0.942698
0.931456
0.91122
0.90528
0.900231
0.896374
0.887755
0.882655
0.876482
0.883466
0.883667
0.87792
0.873741
0.871665
0.870845
0.870366
0.870589
0.871225
0.872399
0.87414
0.87486
0.876318
0.872367
0.867374
0.849216
0.832808
0.823988
0.808663
0.808371
0.812019
0.908206
0.888329
0.883294
0.881852
0.880852
0.879247
0.875015
0.872223
0.870399
0.872421
0.87327
0.870787
0.868356
0.867817
0.869053
0.871608
0.874677
0.878572
0.881936
0.885618
0.887495
0.888305
0.885846
0.880349
0.873431
0.866252
0.868032
0.868258
0.87277
0.876919
0.895048
0.881151
0.880208
0.884911
0.889865
0.893009
0.894358
0.894875
0.895016
0.894956
0.894912
0.894609
0.894729
0.895789
0.898025
0.900942
0.904064
0.907235
0.909465
0.911567
0.911347
0.911295
0.907639
0.906036
0.901025
0.901272
0.896404
0.8944
0.888037
0.890546
0.877866
0.877705
0.892442
0.904903
0.912872
0.917299
0.919882
0.921157
0.921962
0.922095
0.922425
0.922463
0.922996
0.923278
0.924372
0.924857
0.925936
0.925675
0.925723
0.923972
0.922274
0.919242
0.915946
0.913977
0.910141
0.911514
0.902337
0.898427
0.865646
0.852154
0.880117
0.907428
0.925753
0.933462
0.936072
0.936557
0.936468
0.936043
0.935697
0.935082
0.934688
0.93394
0.933442
0.932278
0.931486
0.929582
0.9283
0.925119
0.923341
0.918596
0.917225
0.911396
0.912181
0.906397
0.909376
0.904325
0.903615
0.901695
0.854151
0.830499
0.932201
0.950023
0.949553
0.944139
0.938494
0.933992
0.930862
0.9287
0.927248
0.926058
0.925065
0.923917
0.922689
0.921038
0.919247
0.917003
0.914867
0.91244
0.910735
0.908781
0.908587
0.906858
0.90924
0.904934
0.91114
0.896924
0.911026
0.883113
0.941875
0.967088
0.905306
0.896781
0.896055
0.897782
0.90045
0.903271
0.906138
0.908455
0.910566
0.911984
0.91333
0.91395
0.914716
0.91467
0.915071
0.914576
0.914902
0.914284
0.914545
0.914128
0.913555
0.913838
0.91073
0.911758
0.903479
0.90361
0.888419
0.887515
0.862351
0.445214
0.910573
0.914396
0.921778
0.927569
0.930985
0.932584
0.933334
0.933432
0.933445
0.933037
0.932758
0.931906
0.931293
0.929748
0.928652
0.92601
0.924411
0.920249
0.918693
0.913075
0.912828
0.906553
0.906874
0.898865
0.894919
0.876546
0.858798
0.821016
0.737037
0.73045
0.912028
0.910233
0.909369
0.908994
0.908682
0.908194
0.907732
0.907267
0.906975
0.906642
0.906382
0.905948
0.905467
0.904772
0.903996
0.903062
0.902312
0.90131
0.901695
0.900318
0.902737
0.898965
0.899405
0.890164
0.873174
0.838593
0.793469
0.706394
0.612546
0.307558
0.912216
0.910747
0.91069
0.911851
0.913719
0.915494
0.917159
0.918372
0.919518
0.920273
0.921084
0.921582
0.922153
0.922523
0.922772
0.922918
0.922373
0.921567
0.919466
0.915517
0.912455
0.900101
0.8975
0.866562
0.825539
0.747799
0.666669
0.495147
0.411941
0.00053296
0.912537
0.911484
0.911046
0.911131
0.91165
0.912201
0.912808
0.913166
0.913569
0.913714
0.913962
0.914009
0.914051
0.914067
0.913506
0.9134
0.910982
0.910396
0.903642
0.902297
0.890335
0.880084
0.868687
0.790454
0.71501
0.535767
0.487607
5.41943e-05
4.79912e-09
4.7991e-09
0.912764
0.911934
0.911463
0.911273
0.911539
0.911907
0.912593
0.913057
0.913831
0.914186
0.915015
0.915291
0.916226
0.916542
0.917495
0.918004
0.918215
0.91895
0.915134
0.915837
0.896591
0.890054
0.831263
0.624815
0.561632
0.0459268
4.94875e-09
4.7991e-09
4.7991e-09
4.7991e-09
0.912896
0.912243
0.911808
0.911537
0.911588
0.911738
0.912209
0.912538
0.913231
0.913522
0.914407
0.914591
0.915796
0.915873
0.917585
0.91751
0.91958
0.918626
0.918054
0.9125
0.889416
0.879251
0.666179
0.0873989
5.23572e-09
4.7991e-09
4.7991e-09
4.7991e-09
4.7991e-09
4.7991e-09
0.912975
0.912427
0.912037
0.911743
0.911698
0.911729
0.912074
0.912333
0.912976
0.913282
0.914202
0.914448
0.915817
0.915968
0.918193
0.918156
0.921816
0.920756
0.925568
0.917761
0.913302
0.867673
0.159537
5.29609e-09
4.7991e-09
4.7991e-09
4.7991e-09
4.7991e-09
4.7991e-09
4.7991e-09
0.913006
0.91252
0.912139
0.911867
0.911752
0.91178
0.911999
0.912304
0.9128
0.913257
0.913987
0.914517
0.915624
0.916239
0.918141
0.918839
0.922297
0.922541
0.928581
0.923664
0.930697
0.776664
9.84814e-08
4.7991e-09
4.7991e-09
4.7991e-09
4.7991e-09
4.7991e-09
4.7991e-09
4.7991e-09
)
;

boundaryField
{
    inlet1
    {
        type            calculated;
        value           uniform 1;
    }
    inlet2
    {
        type            calculated;
        value           nonuniform List<scalar> 10(1 1.00004 1.00001 0.999851 0.964513 0.942698 0.908206 0.895048 0.877866 0.880117);
    }
    inlet3
    {
        type            calculated;
        value           uniform 0.913307;
    }
    output1
    {
        type            calculated;
        value           nonuniform List<scalar> 10(4.7991e-09 4.7991e-09 4.7991e-09 4.7991e-09 4.7991e-09 4.7991e-09 4.7991e-09 4.7991e-09 4.7991e-09 4.79911e-09);
    }
    output2
    {
        type            calculated;
        value           nonuniform List<scalar> 10(4.79909e-09 4.7991e-09 4.7991e-09 9.17415e-07 0.629931 0.812019 0.876919 0.890546 0.852154 0.830499);
    }
    output3
    {
        type            calculated;
        value           nonuniform List<scalar> 10(0.967088 0.445214 0.73045 0.307558 0.00053296 4.7991e-09 4.7991e-09 4.7991e-09 4.7991e-09 4.7991e-09);
    }
    up
    {
        type            calculated;
        value           nonuniform List<scalar> 
30
(
0.913006
0.91252
0.912139
0.911867
0.911752
0.91178
0.911999
0.912304
0.9128
0.913257
0.913987
0.914517
0.915624
0.916239
0.918141
0.918839
0.922297
0.922541
0.928581
0.923664
0.930697
0.776664
9.84814e-08
4.7991e-09
4.7991e-09
4.7991e-09
4.7991e-09
4.7991e-09
4.7991e-09
4.7991e-09
)
;
    }
    down
    {
        type            calculated;
        value           nonuniform List<scalar> 
30
(
0.99147
0.82983
0.997458
0.414254
1.77436e-08
4.7991e-09
4.7991e-09
4.7991e-09
4.7991e-09
4.7991e-09
4.7991e-09
4.7991e-09
4.7991e-09
4.7991e-09
4.7991e-09
4.7991e-09
4.7991e-09
4.7991e-09
4.7991e-09
4.7991e-09
4.7991e-09
4.7991e-09
4.7991e-09
4.7991e-09
4.7991e-09
4.7991e-09
4.7991e-09
4.7991e-09
4.7991e-09
4.7991e-09
)
;
    }
    emptyWalls
    {
        type            empty;
    }
}


// ************************************************************************* //
