/*--------------------------------*- C++ -*----------------------------------*\
  =========                 |
  \\      /  F ield         | OpenFOAM: The Open Source CFD Toolbox
   \\    /   O peration     | Website:  https://openfoam.org
    \\  /    A nd           | Version:  9
     \\/     M anipulation  |
\*---------------------------------------------------------------------------*/
FoamFile
{
    format      ascii;
    class       volScalarField;
    location    "26000";
    object      p;
}
// * * * * * * * * * * * * * * * * * * * * * * * * * * * * * * * * * * * * * //

dimensions      [0 0 0 0 0 0 0];

internalField   nonuniform List<scalar> 
900
(
1.18643e+07
1.18585e+07
1.18575e+07
1.1857e+07
1.18489e+07
1.1488e+07
1.1154e+07
1.08314e+07
1.05153e+07
1.02028e+07
9.89184e+06
9.5814e+06
9.271e+06
8.96072e+06
8.65097e+06
8.34253e+06
8.03641e+06
7.73391e+06
7.43659e+06
7.14629e+06
6.8652e+06
6.59589e+06
6.34132e+06
6.1049e+06
5.89045e+06
5.70215e+06
5.54437e+06
5.42135e+06
5.33689e+06
5.29388e+06
1.18594e+07
1.18573e+07
1.18569e+07
1.18551e+07
1.18514e+07
1.14677e+07
1.11427e+07
1.08248e+07
1.05118e+07
1.02012e+07
9.89134e+06
9.58134e+06
9.2709e+06
8.96017e+06
8.64967e+06
8.3402e+06
8.0328e+06
7.72874e+06
7.42956e+06
7.13707e+06
6.85343e+06
6.58115e+06
6.32317e+06
6.08292e+06
5.8643e+06
5.67164e+06
5.50959e+06
5.38278e+06
5.29545e+06
5.25087e+06
1.18536e+07
1.18527e+07
1.18518e+07
1.18509e+07
1.18076e+07
1.14462e+07
1.11242e+07
1.08133e+07
1.05059e+07
1.01989e+07
9.891e+06
9.58173e+06
9.27107e+06
8.9594e+06
8.64735e+06
8.33581e+06
8.02583e+06
7.71868e+06
7.41583e+06
7.11902e+06
6.8303e+06
6.55209e+06
6.28729e+06
6.0393e+06
5.81217e+06
5.61053e+06
5.43957e+06
5.30473e+06
5.21123e+06
5.16328e+06
1.18455e+07
1.18443e+07
1.18438e+07
1.18427e+07
1.16667e+07
1.13867e+07
1.10945e+07
1.07984e+07
1.04995e+07
1.01974e+07
9.89205e+06
9.58352e+06
9.27227e+06
8.95899e+06
8.64452e+06
8.32984e+06
8.01604e+06
7.70431e+06
7.39606e+06
7.09287e+06
6.79664e+06
6.50963e+06
6.23457e+06
5.97484e+06
5.73454e+06
5.51874e+06
5.33342e+06
5.18535e+06
5.08146e+06
5.02774e+06
1.18349e+07
1.18341e+07
1.18319e+07
1.18301e+07
1.159e+07
1.13396e+07
1.10687e+07
1.07864e+07
1.04962e+07
1.01993e+07
9.89626e+06
9.58802e+06
9.2755e+06
8.95976e+06
8.6419e+06
8.32301e+06
8.00416e+06
7.68648e+06
7.37121e+06
7.05976e+06
6.75377e+06
6.45521e+06
6.16655e+06
5.89092e+06
5.63243e+06
5.39645e+06
5.19001e+06
5.02178e+06
4.90154e+06
4.83847e+06
1.18196e+07
1.18181e+07
1.18165e+07
1.18149e+07
1.15545e+07
1.13129e+07
1.10542e+07
1.07824e+07
1.04997e+07
1.02071e+07
9.90572e+06
9.5968e+06
9.28194e+06
8.96266e+06
8.64033e+06
8.31613e+06
7.9911e+06
7.66624e+06
7.34256e+06
7.0212e+06
6.70345e+06
6.39088e+06
6.08548e+06
5.78987e+06
5.50779e+06
5.24464e+06
5.00838e+06
4.81022e+06
4.66443e+06
4.58612e+06
1.18014e+07
1.17995e+07
1.17978e+07
1.17964e+07
1.15411e+07
1.13032e+07
1.10528e+07
1.07894e+07
1.0513e+07
1.02238e+07
9.92269e+06
9.61154e+06
9.29279e+06
8.9686e+06
8.64062e+06
8.31007e+06
7.97788e+06
7.6448e+06
7.31159e+06
6.97902e+06
6.64795e+06
6.3194e+06
5.99461e+06
5.67531e+06
5.3642e+06
5.06592e+06
4.78867e+06
4.5463e+06
4.35982e+06
4.25548e+06
1.17814e+07
1.17799e+07
1.17781e+07
1.17768e+07
1.15376e+07
1.13062e+07
1.10643e+07
1.08093e+07
1.05391e+07
1.02525e+07
9.94966e+06
9.63387e+06
9.30909e+06
8.97833e+06
8.64349e+06
8.30567e+06
7.96553e+06
7.6235e+06
7.27998e+06
6.93534e+06
6.58994e+06
6.24415e+06
5.89824e+06
5.55255e+06
5.20779e+06
4.86619e+06
4.53405e+06
4.22647e+06
3.97309e+06
3.82048e+06
1.17618e+07
1.17597e+07
1.17597e+07
1.1759e+07
1.15399e+07
1.13198e+07
1.1089e+07
1.08442e+07
1.05818e+07
1.02974e+07
9.98957e+06
9.66521e+06
9.33137e+06
8.99213e+06
8.64933e+06
8.3036e+06
7.95506e+06
7.6037e+06
7.24949e+06
6.89241e+06
6.53234e+06
6.169e+06
5.80165e+06
5.42885e+06
5.04821e+06
4.65699e+06
4.25489e+06
3.85243e+06
3.48557e+06
3.23288e+06
1.17451e+07
1.17438e+07
1.17419e+07
1.17407e+07
1.15477e+07
1.1344e+07
1.11278e+07
1.08969e+07
1.06462e+07
1.03659e+07
1.0046e+07
9.70602e+06
9.35904e+06
9.0095e+06
8.65811e+06
8.30432e+06
7.9474e+06
7.58674e+06
7.22188e+06
6.85245e+06
6.47801e+06
6.09786e+06
5.71052e+06
5.313e+06
4.89922e+06
4.45866e+06
3.97609e+06
3.4428e+06
2.88388e+06
2.3926e+06
1.17319e+07
1.17301e+07
1.17264e+07
1.17208e+07
1.15699e+07
1.13807e+07
1.11811e+07
1.09692e+07
1.07404e+07
1.04738e+07
1.01225e+07
9.75387e+06
9.38925e+06
9.02874e+06
8.66929e+06
8.30818e+06
7.9435e+06
7.57399e+06
7.19885e+06
6.8175e+06
6.4294e+06
6.03391e+06
5.62955e+06
5.21339e+06
4.77702e+06
4.30233e+06
3.748e+06
3.05879e+06
2.21455e+06
1.06103e+06
1.17238e+07
1.17202e+07
1.17096e+07
1.16627e+07
1.15633e+07
1.14288e+07
1.12469e+07
1.10586e+07
1.08724e+07
1.06666e+07
1.02161e+07
9.79775e+06
9.41536e+06
9.0469e+06
8.68213e+06
8.3156e+06
7.94442e+06
7.56686e+06
7.18202e+06
6.78929e+06
6.38817e+06
5.97884e+06
5.56038e+06
5.13401e+06
4.69311e+06
4.22565e+06
3.6548e+06
2.82981e+06
1.85449e+06
698008
1.17191e+07
1.17123e+07
1.16907e+07
1.16432e+07
1.15524e+07
1.14181e+07
1.12473e+07
1.10592e+07
1.08734e+07
1.06854e+07
1.02796e+07
9.80593e+06
9.42805e+06
9.06203e+06
8.69738e+06
8.32818e+06
7.95198e+06
7.56701e+06
7.17286e+06
6.7691e+06
6.35473e+06
5.93259e+06
5.49903e+06
5.06914e+06
4.63577e+06
4.25237e+06
3.81573e+06
2.75115e+06
1.67562e+06
574524
1.17186e+07
1.17085e+07
1.16759e+07
1.16192e+07
1.15255e+07
1.13931e+07
1.12258e+07
1.10344e+07
1.08201e+07
1.05625e+07
1.02024e+07
9.80518e+06
9.42804e+06
9.06213e+06
8.69754e+06
8.32835e+06
7.95213e+06
7.56711e+06
7.1729e+06
6.76906e+06
6.35457e+06
5.93236e+06
5.49856e+06
5.06871e+06
4.63493e+06
4.25289e+06
3.88304e+06
2.67839e+06
1.48991e+06
491680
1.17284e+07
1.17158e+07
1.16744e+07
1.16058e+07
1.15039e+07
1.13667e+07
1.11954e+07
1.0992e+07
1.07539e+07
1.04736e+07
1.01473e+07
9.79118e+06
9.42863e+06
9.0669e+06
8.70378e+06
8.33575e+06
7.96051e+06
7.57703e+06
7.18371e+06
6.78143e+06
6.3671e+06
5.94449e+06
5.50792e+06
5.06606e+06
4.603e+06
4.10592e+06
3.45748e+06
2.50795e+06
1.48577e+06
491656
1.17866e+07
1.17634e+07
1.17075e+07
1.16205e+07
1.15019e+07
1.13509e+07
1.11669e+07
1.09496e+07
1.06985e+07
1.04162e+07
1.01073e+07
9.77489e+06
9.42768e+06
9.0731e+06
8.71345e+06
8.34797e+06
7.97532e+06
7.59444e+06
7.20407e+06
6.8037e+06
6.39127e+06
5.96637e+06
5.52421e+06
5.05954e+06
4.55205e+06
3.9698e+06
3.26444e+06
2.41296e+06
1.46885e+06
492689
1.18884e+07
1.18531e+07
1.17802e+07
1.16711e+07
1.15294e+07
1.13575e+07
1.11561e+07
1.09258e+07
1.06679e+07
1.03862e+07
1.00844e+07
9.76387e+06
9.42812e+06
9.08183e+06
8.72796e+06
8.36729e+06
7.99921e+06
7.62289e+06
7.23685e+06
6.83977e+06
6.42911e+06
6.0017e+06
5.55125e+06
5.06728e+06
4.53231e+06
3.92273e+06
3.2177e+06
2.4049e+06
1.49071e+06
507233
1.20467e+07
1.19958e+07
1.18959e+07
1.17565e+07
1.15861e+07
1.13896e+07
1.11691e+07
1.09258e+07
1.06614e+07
1.03782e+07
1.00784e+07
9.76364e+06
9.43584e+06
9.09754e+06
8.75085e+06
8.39665e+06
8.03474e+06
7.66418e+06
7.28331e+06
6.89015e+06
6.48132e+06
6.05263e+06
5.59676e+06
5.1049e+06
4.56391e+06
3.96175e+06
3.28121e+06
2.50288e+06
1.59627e+06
559659
1.22716e+07
1.21902e+07
1.2048e+07
1.18689e+07
1.16655e+07
1.14426e+07
1.12023e+07
1.09454e+07
1.06731e+07
1.03864e+07
1.00867e+07
9.77503e+06
9.45291e+06
9.12149e+06
8.78204e+06
8.43485e+06
8.0798e+06
7.71552e+06
7.34051e+06
6.95189e+06
6.54651e+06
6.11941e+06
5.66472e+06
5.17536e+06
4.64316e+06
4.06202e+06
3.41956e+06
2.69797e+06
1.83115e+06
714852
1.25879e+07
1.24296e+07
1.2222e+07
1.19962e+07
1.17582e+07
1.15092e+07
1.12493e+07
1.09787e+07
1.06976e+07
1.04063e+07
1.01054e+07
9.79561e+06
9.47766e+06
9.15205e+06
8.81932e+06
8.47923e+06
8.13138e+06
7.77412e+06
7.40596e+06
7.02363e+06
6.62462e+06
6.20361e+06
5.75744e+06
5.27868e+06
4.76477e+06
4.20705e+06
3.60393e+06
2.95023e+06
2.21667e+06
1.18455e+06
1.29882e+07
1.26719e+07
1.23951e+07
1.2126e+07
1.18563e+07
1.1583e+07
1.13048e+07
1.1021e+07
1.07309e+07
1.04344e+07
1.01317e+07
9.82272e+06
9.50793e+06
9.18735e+06
8.86093e+06
8.52815e+06
8.18816e+06
7.83939e+06
7.47999e+06
7.10719e+06
6.71827e+06
6.30921e+06
5.87706e+06
5.41614e+06
4.92527e+06
4.39435e+06
3.82679e+06
3.20381e+06
2.59682e+06
2.13069e+06
1.33015e+07
1.29034e+07
1.25645e+07
1.22547e+07
1.19561e+07
1.16611e+07
1.13662e+07
1.10699e+07
1.0771e+07
1.04691e+07
1.01639e+07
9.85512e+06
9.54285e+06
9.2268e+06
8.90674e+06
8.58181e+06
8.25114e+06
7.91285e+06
7.56517e+06
7.20525e+06
6.83039e+06
6.4375e+06
6.02277e+06
5.58403e+06
5.11598e+06
4.6195e+06
4.09262e+06
3.55678e+06
3.0383e+06
2.56678e+06
1.35385e+07
1.31143e+07
1.27354e+07
1.23888e+07
1.20615e+07
1.17445e+07
1.14329e+07
1.1124e+07
1.08162e+07
1.05085e+07
1.02003e+07
9.89109e+06
9.5808e+06
9.26896e+06
8.9553e+06
8.63886e+06
8.31879e+06
7.99296e+06
7.65975e+06
7.31552e+06
6.95855e+06
6.58406e+06
6.19089e+06
5.77394e+06
5.33257e+06
4.86504e+06
4.38192e+06
3.90128e+06
3.46515e+06
3.20725e+06
1.37231e+07
1.32873e+07
1.28849e+07
1.25117e+07
1.21606e+07
1.18242e+07
1.14976e+07
1.11773e+07
1.08612e+07
1.0548e+07
1.02368e+07
9.92704e+06
9.61839e+06
9.3106e+06
9.00329e+06
8.69596e+06
8.38755e+06
8.07651e+06
7.76059e+06
7.43634e+06
7.101e+06
6.7492e+06
6.37932e+06
5.98569e+06
5.56592e+06
5.12216e+06
4.66762e+06
4.21762e+06
3.82566e+06
3.51967e+06
1.38672e+07
1.34252e+07
1.301e+07
1.26201e+07
1.22515e+07
1.18995e+07
1.15599e+07
1.12295e+07
1.09058e+07
1.05874e+07
1.02732e+07
9.96274e+06
9.65561e+06
9.35174e+06
9.05094e+06
8.75323e+06
8.45772e+06
8.16355e+06
7.86794e+06
7.56772e+06
7.25799e+06
6.93216e+06
6.58708e+06
6.21253e+06
5.80757e+06
5.37427e+06
4.93683e+06
4.49205e+06
4.08568e+06
3.85138e+06
1.3979e+07
1.35335e+07
1.31108e+07
1.27102e+07
1.23295e+07
1.19657e+07
1.16156e+07
1.12766e+07
1.09463e+07
1.06233e+07
1.03066e+07
9.9954e+06
9.68957e+06
9.38923e+06
9.09443e+06
8.80583e+06
8.52294e+06
8.24615e+06
7.97231e+06
7.69994e+06
7.42037e+06
7.12767e+06
6.80936e+06
6.44749e+06
6.0507e+06
5.61677e+06
5.18393e+06
4.8304e+06
4.11488e+06
4.2054e+06
1.40638e+07
1.3616e+07
1.31888e+07
1.27814e+07
1.23926e+07
1.20204e+07
1.16625e+07
1.13167e+07
1.09812e+07
1.06544e+07
1.03354e+07
1.00236e+07
9.71895e+06
9.42153e+06
9.13202e+06
8.85137e+06
8.58036e+06
8.32025e+06
8.0697e+06
7.82808e+06
7.58596e+06
7.33661e+06
7.0524e+06
6.6951e+06
6.28732e+06
5.93286e+06
5.26549e+06
5.02216e+06
4.69382e+06
4.60765e+06
1.4125e+07
1.36758e+07
1.32457e+07
1.28341e+07
1.24401e+07
1.20622e+07
1.16988e+07
1.13482e+07
1.10087e+07
1.0679e+07
1.03584e+07
1.00461e+07
9.74227e+06
9.44708e+06
9.16175e+06
8.88732e+06
8.6261e+06
8.37983e+06
8.15051e+06
7.93808e+06
7.7371e+06
7.53908e+06
7.31012e+06
7.00228e+06
6.38476e+06
5.96444e+06
5.56209e+06
5.26635e+06
5.03061e+06
4.92373e+06
1.41647e+07
1.37147e+07
1.32829e+07
1.28688e+07
1.24717e+07
1.20904e+07
1.17235e+07
1.13697e+07
1.10277e+07
1.06961e+07
1.03743e+07
1.00617e+07
9.75841e+06
9.46476e+06
9.18225e+06
8.91206e+06
8.65752e+06
8.42079e+06
8.20709e+06
8.01798e+06
7.85665e+06
7.71503e+06
7.57499e+06
7.33107e+06
6.64612e+06
6.15016e+06
5.75197e+06
5.45052e+06
5.23854e+06
5.13293e+06
1.41842e+07
1.37338e+07
1.33012e+07
1.2886e+07
1.24874e+07
1.21045e+07
1.1736e+07
1.13807e+07
1.10373e+07
1.07048e+07
1.03824e+07
1.00696e+07
9.76665e+06
9.4738e+06
9.19268e+06
8.92468e+06
8.67338e+06
8.44146e+06
8.23549e+06
8.05903e+06
7.92317e+06
7.82687e+06
7.79268e+06
7.27299e+06
6.71907e+06
6.23811e+06
5.84511e+06
5.54524e+06
5.3401e+06
5.23651e+06
)
;

boundaryField
{
    inlet1
    {
        type            fixedGradient;
        gradient        uniform 20000;
    }
    inlet2
    {
        type            zeroGradient;
    }
    inlet3
    {
        type            fixedGradient;
        gradient        uniform 4.68141e+06;
    }
    output1
    {
        type            zeroGradient;
    }
    output2
    {
        type            fixedValue;
        value           uniform 0;
    }
    output3
    {
        type            zeroGradient;
    }
    up
    {
        type            zeroGradient;
    }
    down
    {
        type            zeroGradient;
    }
    emptyWalls
    {
        type            empty;
    }
}


// ************************************************************************* //
