/*--------------------------------*- C++ -*----------------------------------*\
  =========                 |
  \\      /  F ield         | OpenFOAM: The Open Source CFD Toolbox
   \\    /   O peration     | Website:  https://openfoam.org
    \\  /    A nd           | Version:  9
     \\/     M anipulation  |
\*---------------------------------------------------------------------------*/
FoamFile
{
    format      ascii;
    class       volScalarField;
    location    "11500";
    object      alpha;
}
// * * * * * * * * * * * * * * * * * * * * * * * * * * * * * * * * * * * * * //

dimensions      [0 2 -1 0 0 0 0];

internalField   nonuniform List<scalar> 
900
(
-1.68174e-11
-4.15756e-12
-6.54008e-12
-2.87221e-13
-4.05354e-14
-4.0652e-14
-4.0652e-14
-4.0652e-14
-4.0652e-14
-4.0652e-14
-4.0652e-14
-4.0652e-14
-4.0652e-14
-4.0652e-14
-4.0652e-14
-4.0652e-14
-4.0652e-14
-4.0652e-14
-4.0652e-14
-4.0652e-14
-4.0652e-14
-4.0652e-14
-4.0652e-14
-4.0652e-14
-4.0652e-14
-4.0652e-14
-4.0652e-14
-4.0652e-14
-4.0652e-14
-4.0652e-14
-6.88511e-10
-1.14801e-09
-2.48617e-11
-6.04621e-14
-4.06416e-14
-4.0652e-14
-4.0652e-14
-4.0652e-14
-4.0652e-14
-4.0652e-14
-4.0652e-14
-4.0652e-14
-4.0652e-14
-4.0652e-14
-4.0652e-14
-4.0652e-14
-4.0652e-14
-4.0652e-14
-4.0652e-14
-4.0652e-14
-4.0652e-14
-4.0652e-14
-4.0652e-14
-4.0652e-14
-4.0652e-14
-4.0652e-14
-4.0652e-14
-4.0652e-14
-4.0652e-14
-4.0652e-14
-2.15205e-11
-1.53907e-11
-6.4948e-12
-3.72928e-14
-4.06491e-14
-4.0652e-14
-4.0652e-14
-4.0652e-14
-4.0652e-14
-4.0652e-14
-4.0652e-14
-4.0652e-14
-4.0652e-14
-4.0652e-14
-4.0652e-14
-4.0652e-14
-4.0652e-14
-4.0652e-14
-4.0652e-14
-4.0652e-14
-4.0652e-14
-4.0652e-14
-4.0652e-14
-4.0652e-14
-4.0652e-14
-4.0652e-14
-4.0652e-14
-4.0652e-14
-4.0652e-14
-4.0652e-14
-1.77516e-10
-1.83269e-11
-7.59612e-12
-2.6549e-14
-4.06517e-14
-4.0652e-14
-4.0652e-14
-4.0652e-14
-4.0652e-14
-4.0652e-14
-4.0652e-14
-4.0652e-14
-4.0652e-14
-4.0652e-14
-4.0652e-14
-4.0652e-14
-4.0652e-14
-4.0652e-14
-4.0652e-14
-4.0652e-14
-4.0652e-14
-4.0652e-14
-4.0652e-14
-4.0652e-14
-4.0652e-14
-4.0652e-14
-4.0652e-14
-4.0652e-14
-4.0652e-14
-4.0652e-14
-3.90586e-11
-1.4689e-11
-7.23309e-12
-2.96686e-14
-4.0652e-14
-4.0652e-14
-4.0652e-14
-4.0652e-14
-4.0652e-14
-4.0652e-14
-4.0652e-14
-4.0652e-14
-4.0652e-14
-4.0652e-14
-4.0652e-14
-4.0652e-14
-4.0652e-14
-4.0652e-14
-4.0652e-14
-4.0652e-14
-4.0652e-14
-4.0652e-14
-4.0652e-14
-4.0652e-14
-4.0652e-14
-4.0652e-14
-4.0652e-14
-4.0652e-14
-4.0652e-14
-4.0652e-14
-1.51108e-10
-1.97011e-11
-1.26819e-11
-3.78061e-14
-4.0652e-14
-4.0652e-14
-4.0652e-14
-4.0652e-14
-4.0652e-14
-4.0652e-14
-4.0652e-14
-4.0652e-14
-4.0652e-14
-4.0652e-14
-4.0652e-14
-4.0652e-14
-4.0652e-14
-4.0652e-14
-4.0652e-14
-4.0652e-14
-4.0652e-14
-4.0652e-14
-4.0652e-14
-4.0652e-14
-4.0652e-14
-4.0652e-14
-4.0652e-14
-4.0652e-14
-4.0652e-14
-4.0652e-14
-6.64598e-11
-1.24088e-11
-3.48254e-12
-4.03462e-14
-4.0652e-14
-4.0652e-14
-4.0652e-14
-4.0652e-14
-4.0652e-14
-4.0652e-14
-4.0652e-14
-4.0652e-14
-4.0652e-14
-4.0652e-14
-4.0652e-14
-4.0652e-14
-4.0652e-14
-4.0652e-14
-4.0652e-14
-4.0652e-14
-4.0652e-14
-4.0652e-14
-4.0652e-14
-4.0652e-14
-4.0652e-14
-4.0652e-14
-4.0652e-14
-4.0652e-14
-4.0652e-14
-4.0652e-14
-1.81034e-10
-1.28505e-11
-4.04497e-14
-4.06468e-14
-4.0652e-14
-4.0652e-14
-4.0652e-14
-4.0652e-14
-4.0652e-14
-4.0652e-14
-4.0652e-14
-4.0652e-14
-4.0652e-14
-4.0652e-14
-4.0652e-14
-4.0652e-14
-4.0652e-14
-4.0652e-14
-4.0652e-14
-4.0652e-14
-4.0652e-14
-4.0652e-14
-4.0652e-14
-4.0652e-14
-4.0652e-14
-4.0652e-14
-4.0652e-14
-4.0652e-14
-4.0652e-14
-4.0652e-14
-1.15373e-10
-1.2395e-11
-2.68104e-14
-4.06519e-14
-4.0652e-14
-4.0652e-14
-4.0652e-14
-4.0652e-14
-4.0652e-14
-4.0652e-14
-4.0652e-14
-4.0652e-14
-4.0652e-14
-4.0652e-14
-4.0652e-14
-4.0652e-14
-4.0652e-14
-4.0652e-14
-4.0652e-14
-4.0652e-14
-4.0652e-14
-4.0652e-14
-4.0652e-14
-4.0652e-14
-4.0652e-14
-4.0652e-14
-4.0652e-14
-4.0652e-14
-4.0652e-14
-4.0652e-14
-2.80765e-10
-2.67975e-11
-2.96952e-14
-4.0652e-14
-4.0652e-14
-4.0652e-14
-4.0652e-14
-4.0652e-14
-4.0652e-14
-4.0652e-14
-4.0652e-14
-4.0652e-14
-4.0652e-14
-4.0652e-14
-4.0652e-14
-4.0652e-14
-4.0652e-14
-4.0652e-14
-4.0652e-14
-4.0652e-14
-4.0652e-14
-4.0652e-14
-4.0652e-14
-4.0652e-14
-4.0652e-14
-4.0652e-14
-4.0652e-14
-4.0652e-14
-4.0652e-14
-4.0652e-14
-2.3303e-10
-2.75057e-11
-8.8287e-13
-4.05364e-14
-4.0652e-14
-4.0652e-14
-4.0652e-14
-4.0652e-14
-4.0652e-14
-4.0652e-14
-4.0652e-14
-4.0652e-14
-4.0652e-14
-4.0652e-14
-4.0652e-14
-4.0652e-14
-4.0652e-14
-4.0652e-14
-4.0652e-14
-4.0652e-14
-4.0652e-14
-4.0652e-14
-4.0652e-14
-4.0652e-14
-4.0652e-14
-4.0652e-14
-4.0652e-14
-4.0652e-14
-4.0652e-14
-4.0652e-14
-5.30531e-10
-6.40387e-11
-7.99998e-12
-4.14917e-13
-4.05826e-14
-4.06515e-14
-4.0652e-14
-4.0652e-14
-4.0652e-14
-4.0652e-14
-4.0652e-14
-4.0652e-14
-4.0652e-14
-4.0652e-14
-4.0652e-14
-4.0652e-14
-4.0652e-14
-4.0652e-14
-4.0652e-14
-4.0652e-14
-4.0652e-14
-4.0652e-14
-4.0652e-14
-4.0652e-14
-4.0652e-14
-4.0652e-14
-4.0652e-14
-4.0652e-14
-4.0652e-14
-4.0652e-14
-5.49853e-10
-5.29122e-11
-2.07231e-11
-9.551e-12
-1.02131e-11
-1.04803e-13
-4.065e-14
-4.0652e-14
-4.0652e-14
-4.0652e-14
-4.0652e-14
-4.0652e-14
-4.0652e-14
-4.0652e-14
-4.0652e-14
-4.0652e-14
-4.0652e-14
-4.0652e-14
-4.0652e-14
-4.0652e-14
-4.0652e-14
-4.0652e-14
-4.0652e-14
-4.0652e-14
-4.0652e-14
-4.0652e-14
-4.0652e-14
-4.0652e-14
-4.0652e-14
-4.0652e-14
-1.88423e-09
-2.59515e-10
-1.27208e-11
-4.28456e-12
-3.37427e-12
-2.00285e-12
-3.56841e-14
-4.06517e-14
-4.06517e-14
-4.06517e-14
-4.0652e-14
-4.0652e-14
-4.0652e-14
-4.0652e-14
-4.0652e-14
-4.0652e-14
-4.0652e-14
-4.0652e-14
-4.0652e-14
-4.0652e-14
-4.0652e-14
-4.0652e-14
-4.0652e-14
-4.0652e-14
-4.0652e-14
-4.0652e-14
-4.0652e-14
-4.0652e-14
-4.0652e-14
-4.0652e-14
-1.08936e-09
-3.43584e-10
-1.19345e-10
-5.27189e-11
-2.86361e-11
-1.70602e-11
-1.22745e-11
-9.18291e-12
-1.04262e-11
-1.08151e-12
-4.05485e-14
-3.99339e-14
-3.90571e-14
-3.90126e-14
-3.92772e-14
-3.96212e-14
-3.99141e-14
-4.01824e-14
-4.04096e-14
-4.0334e-14
-3.95937e-14
-3.85673e-14
-3.76226e-14
-3.68343e-14
-3.63614e-14
-3.62371e-14
-3.61169e-14
-3.62781e-14
-3.73283e-14
-3.93921e-14
-1.13298e-10
-5.22892e-11
-6.19268e-11
-3.84013e-11
-3.01349e-11
-2.25265e-11
-2.07356e-11
-1.59359e-11
-1.45236e-11
-8.91648e-12
-7.10823e-12
-7.09204e-12
-7.35734e-12
-7.56981e-12
-7.72821e-12
-7.85427e-12
-7.93508e-12
-7.96252e-12
-7.9248e-12
-7.73621e-12
-7.34664e-12
-6.74092e-12
-5.72842e-12
-4.54375e-12
-3.92888e-12
-3.95596e-12
-4.29925e-12
-4.72942e-12
-5.14374e-12
-5.3508e-12
-2.51102e-11
-2.10251e-11
-2.05458e-11
-1.8262e-11
-1.78466e-11
-1.64671e-11
-1.60033e-11
-1.43401e-11
-1.32514e-11
-1.27354e-11
-1.18702e-11
-1.15574e-11
-1.16611e-11
-1.18761e-11
-1.20882e-11
-1.22619e-11
-1.23837e-11
-1.24267e-11
-1.23302e-11
-1.20677e-11
-1.1544e-11
-1.07263e-11
-9.69064e-12
-8.79858e-12
-8.44539e-12
-8.56392e-12
-8.95621e-12
-9.47862e-12
-1.00863e-11
-1.05299e-11
-1.999e-11
-1.77026e-11
-1.62994e-11
-1.5876e-11
-1.54696e-11
-1.50217e-11
-1.44445e-11
-1.39377e-11
-1.3492e-11
-1.37775e-11
-1.37882e-11
-1.37688e-11
-1.3958e-11
-1.4289e-11
-1.46311e-11
-1.49162e-11
-1.50945e-11
-1.5133e-11
-1.50064e-11
-1.47261e-11
-1.42553e-11
-1.37128e-11
-1.31333e-11
-1.28145e-11
-1.2641e-11
-1.27045e-11
-1.27194e-11
-1.28327e-11
-1.28488e-11
-1.32425e-11
-1.55982e-11
-1.54512e-11
-1.64345e-11
-1.73724e-11
-1.78148e-11
-1.78379e-11
-1.76176e-11
-1.74163e-11
-1.73548e-11
-1.75817e-11
-1.7812e-11
-1.79456e-11
-1.81124e-11
-1.82943e-11
-1.84199e-11
-1.84347e-11
-1.82738e-11
-1.79858e-11
-1.7548e-11
-1.70866e-11
-1.66098e-11
-1.62773e-11
-1.59819e-11
-1.58408e-11
-1.54939e-11
-1.52744e-11
-1.46526e-11
-1.40257e-11
-1.2589e-11
-1.16591e-11
-1.58453e-11
-1.8516e-11
-2.08936e-11
-2.21394e-11
-2.24348e-11
-2.23088e-11
-2.20126e-11
-2.17371e-11
-2.15629e-11
-2.13997e-11
-2.12369e-11
-2.09213e-11
-2.05668e-11
-2.012e-11
-1.96542e-11
-1.90831e-11
-1.84272e-11
-1.7722e-11
-1.70024e-11
-1.63613e-11
-1.58329e-11
-1.5495e-11
-1.52405e-11
-1.49583e-11
-1.43457e-11
-1.38664e-11
-1.28528e-11
-1.24666e-11
-9.86927e-12
-8.14875e-12
-2.25363e-11
-2.6743e-11
-2.65423e-11
-2.52134e-11
-2.38442e-11
-2.28861e-11
-2.20664e-11
-2.14945e-11
-2.0957e-11
-2.04691e-11
-1.99852e-11
-1.94415e-11
-1.89479e-11
-1.83616e-11
-1.7846e-11
-1.7174e-11
-1.64583e-11
-1.56689e-11
-1.49071e-11
-1.42016e-11
-1.34943e-11
-1.2818e-11
-1.24803e-11
-1.18243e-11
-1.13714e-11
-1.04983e-11
-9.88004e-12
-9.12306e-12
-9.7666e-12
-1.43071e-11
-1.84222e-11
-1.75164e-11
-1.74823e-11
-1.77543e-11
-1.79346e-11
-1.82919e-11
-1.84213e-11
-1.87075e-11
-1.86897e-11
-1.87736e-11
-1.85934e-11
-1.84092e-11
-1.80943e-11
-1.75856e-11
-1.70466e-11
-1.61139e-11
-1.51889e-11
-1.40308e-11
-1.29452e-11
-1.2065e-11
-1.0811e-11
-9.65577e-12
-8.8664e-12
-8.11365e-12
-7.90522e-12
-7.26406e-12
-6.88609e-12
-5.01972e-12
-4.74725e-12
-2.15309e-12
-1.91108e-11
-1.95705e-11
-2.0544e-11
-2.14363e-11
-2.1794e-11
-2.20207e-11
-2.16949e-11
-2.15509e-11
-2.08144e-11
-2.04298e-11
-1.94712e-11
-1.88692e-11
-1.78617e-11
-1.69065e-11
-1.56619e-11
-1.3993e-11
-1.27597e-11
-1.1058e-11
-9.73464e-12
-8.66042e-12
-7.24354e-12
-6.11698e-12
-4.3779e-12
-3.98605e-12
-4.08511e-12
-3.86359e-12
-4.48595e-12
-3.34947e-13
-4.06306e-14
-4.0652e-14
-1.93274e-11
-1.90423e-11
-1.89632e-11
-1.891e-11
-1.88538e-11
-1.87784e-11
-1.85056e-11
-1.844e-11
-1.79251e-11
-1.79456e-11
-1.7156e-11
-1.70034e-11
-1.58267e-11
-1.49017e-11
-1.28135e-11
-1.07004e-11
-9.31782e-12
-7.58043e-12
-6.65427e-12
-4.54566e-12
-3.98544e-12
-3.74911e-12
-3.53277e-14
-4.0652e-14
-4.0652e-14
-4.0652e-14
-4.0652e-14
-4.0652e-14
-4.0652e-14
-4.0652e-14
-1.93779e-11
-1.91472e-11
-1.92166e-11
-1.93172e-11
-1.96482e-11
-1.97881e-11
-1.99531e-11
-1.99523e-11
-1.9617e-11
-1.95153e-11
-1.82822e-11
-1.77749e-11
-1.54312e-11
-1.34668e-11
-9.85653e-12
-7.72319e-12
-5.1167e-12
-4.3632e-12
-4.82338e-12
-2.94681e-14
-4.0652e-14
-4.0652e-14
-4.0652e-14
-4.0652e-14
-4.0652e-14
-4.0652e-14
-4.0652e-14
-4.0652e-14
-4.0652e-14
-4.0652e-14
-1.94433e-11
-1.92736e-11
-1.9343e-11
-1.92701e-11
-1.95395e-11
-1.93674e-11
-1.96029e-11
-1.90612e-11
-1.88981e-11
-1.80838e-11
-1.69189e-11
-1.61357e-11
-1.28289e-11
-9.66146e-12
-5.11481e-12
-4.84202e-12
-2.65071e-14
-4.0652e-14
-4.0652e-14
-4.0652e-14
-4.0652e-14
-4.0652e-14
-4.0652e-14
-4.0652e-14
-4.0652e-14
-4.0652e-14
-4.0652e-14
-4.0652e-14
-4.0652e-14
-4.0652e-14
-1.94787e-11
-1.93771e-11
-1.94432e-11
-1.93802e-11
-1.9662e-11
-1.95189e-11
-1.99852e-11
-1.9359e-11
-1.97424e-11
-1.81912e-11
-1.76176e-11
-1.56109e-11
-1.07155e-11
-6.08613e-12
-1.46837e-13
-4.06488e-14
-4.0652e-14
-4.0652e-14
-4.0652e-14
-4.0652e-14
-4.0652e-14
-4.0652e-14
-4.0652e-14
-4.0652e-14
-4.0652e-14
-4.0652e-14
-4.0652e-14
-4.0652e-14
-4.0652e-14
-4.0652e-14
-1.94977e-11
-1.94595e-11
-1.95142e-11
-1.95129e-11
-1.97484e-11
-1.9726e-11
-2.02159e-11
-1.97324e-11
-2.02675e-11
-1.7799e-11
-1.75009e-11
-1.23111e-11
-6.04964e-12
-2.92481e-14
-4.0652e-14
-4.0652e-14
-4.0652e-14
-4.0652e-14
-4.0652e-14
-4.0652e-14
-4.0652e-14
-4.0652e-14
-4.0652e-14
-4.0652e-14
-4.0652e-14
-4.0652e-14
-4.0652e-14
-4.0652e-14
-4.0652e-14
-4.0652e-14
-1.95074e-11
-1.95156e-11
-1.95565e-11
-1.96191e-11
-1.98018e-11
-1.99347e-11
-2.03805e-11
-2.03554e-11
-2.10151e-11
-1.87503e-11
-1.80531e-11
-7.85712e-12
-2.83066e-14
-4.0652e-14
-4.0652e-14
-4.0652e-14
-4.0652e-14
-4.0652e-14
-4.0652e-14
-4.0652e-14
-4.0652e-14
-4.0652e-14
-4.0652e-14
-4.0652e-14
-4.0652e-14
-4.0652e-14
-4.0652e-14
-4.0652e-14
-4.0652e-14
-4.0652e-14
-1.95071e-11
-1.95521e-11
-1.95639e-11
-1.96976e-11
-1.9794e-11
-2.01111e-11
-2.03583e-11
-2.09335e-11
-2.12668e-11
-2.15013e-11
-1.95505e-11
-1.06742e-13
-4.06514e-14
-4.0652e-14
-4.0652e-14
-4.0652e-14
-4.0652e-14
-4.0652e-14
-4.0652e-14
-4.0652e-14
-4.0652e-14
-4.0652e-14
-4.0652e-14
-4.0652e-14
-4.0652e-14
-4.0652e-14
-4.0652e-14
-4.0652e-14
-4.0652e-14
-4.0652e-14
)
;

boundaryField
{
    inlet1
    {
        type            calculated;
        value           uniform -5e-10;
    }
    inlet2
    {
        type            calculated;
        value           nonuniform List<scalar> 10(-2.3303e-10 -5.30531e-10 -5.49853e-10 -1.88423e-09 -1.08936e-09 -1.13298e-10 -2.51102e-11 -1.999e-11 -1.55982e-11 -1.58453e-11);
    }
    inlet3
    {
        type            calculated;
        value           uniform -1.95111e-11;
    }
    output1
    {
        type            calculated;
        value           nonuniform List<scalar> 10(-4.0652e-14 -4.0652e-14 -4.0652e-14 -4.0652e-14 -4.0652e-14 -4.0652e-14 -4.0652e-14 -4.0652e-14 -4.0652e-14 -4.0652e-14);
    }
    output2
    {
        type            calculated;
        value           nonuniform List<scalar> 10(-4.0652e-14 -4.0652e-14 -4.0652e-14 -4.0652e-14 -3.93921e-14 -5.3508e-12 -1.05299e-11 -1.32425e-11 -1.16591e-11 -8.14875e-12);
    }
    output3
    {
        type            calculated;
        value           nonuniform List<scalar> 10(-1.43071e-11 -2.15309e-12 -4.0652e-14 -4.0652e-14 -4.0652e-14 -4.0652e-14 -4.0652e-14 -4.0652e-14 -4.0652e-14 -4.0652e-14);
    }
    up
    {
        type            calculated;
        value           nonuniform List<scalar> 
30
(
-1.95071e-11
-1.95521e-11
-1.95639e-11
-1.96976e-11
-1.9794e-11
-2.01111e-11
-2.03583e-11
-2.09335e-11
-2.12668e-11
-2.15013e-11
-1.95505e-11
-1.06742e-13
-4.06514e-14
-4.0652e-14
-4.0652e-14
-4.0652e-14
-4.0652e-14
-4.0652e-14
-4.0652e-14
-4.0652e-14
-4.0652e-14
-4.0652e-14
-4.0652e-14
-4.0652e-14
-4.0652e-14
-4.0652e-14
-4.0652e-14
-4.0652e-14
-4.0652e-14
-4.0652e-14
)
;
    }
    down
    {
        type            calculated;
        value           nonuniform List<scalar> 
30
(
-1.68174e-11
-4.15756e-12
-6.54008e-12
-2.87221e-13
-4.05354e-14
-4.0652e-14
-4.0652e-14
-4.0652e-14
-4.0652e-14
-4.0652e-14
-4.0652e-14
-4.0652e-14
-4.0652e-14
-4.0652e-14
-4.0652e-14
-4.0652e-14
-4.0652e-14
-4.0652e-14
-4.0652e-14
-4.0652e-14
-4.0652e-14
-4.0652e-14
-4.0652e-14
-4.0652e-14
-4.0652e-14
-4.0652e-14
-4.0652e-14
-4.0652e-14
-4.0652e-14
-4.0652e-14
)
;
    }
    emptyWalls
    {
        type            empty;
    }
}


// ************************************************************************* //
