/*--------------------------------*- C++ -*----------------------------------*\
  =========                 |
  \\      /  F ield         | OpenFOAM: The Open Source CFD Toolbox
   \\    /   O peration     | Website:  https://openfoam.org
    \\  /    A nd           | Version:  9
     \\/     M anipulation  |
\*---------------------------------------------------------------------------*/
FoamFile
{
    format      ascii;
    class       volScalarField;
    location    "11500";
    object      fw;
}
// * * * * * * * * * * * * * * * * * * * * * * * * * * * * * * * * * * * * * //

dimensions      [0 0 0 0 0 0 0];

internalField   nonuniform List<scalar> 
900
(
0.890677
0.475925
0.640738
0.02391
5.35416e-09
4.7991e-09
4.7991e-09
4.7991e-09
4.7991e-09
4.7991e-09
4.7991e-09
4.7991e-09
4.7991e-09
4.7991e-09
4.7991e-09
4.7991e-09
4.7991e-09
4.7991e-09
4.7991e-09
4.7991e-09
4.7991e-09
4.7991e-09
4.7991e-09
4.7991e-09
4.7991e-09
4.7991e-09
4.7991e-09
4.7991e-09
4.7991e-09
4.7991e-09
1
1.00006
0.942
0.00269511
4.84653e-09
4.7991e-09
4.7991e-09
4.7991e-09
4.7991e-09
4.7991e-09
4.7991e-09
4.7991e-09
4.7991e-09
4.7991e-09
4.7991e-09
4.7991e-09
4.7991e-09
4.7991e-09
4.7991e-09
4.7991e-09
4.7991e-09
4.7991e-09
4.7991e-09
4.7991e-09
4.7991e-09
4.7991e-09
4.7991e-09
4.7991e-09
4.7991e-09
4.7991e-09
0.926058
0.875123
0.6383
0.000992589
4.81262e-09
4.7991e-09
4.7991e-09
4.7991e-09
4.7991e-09
4.7991e-09
4.7991e-09
4.7991e-09
4.7991e-09
4.7991e-09
4.7991e-09
4.7991e-09
4.7991e-09
4.7991e-09
4.7991e-09
4.7991e-09
4.7991e-09
4.7991e-09
4.7991e-09
4.7991e-09
4.7991e-09
4.7991e-09
4.7991e-09
4.7991e-09
4.7991e-09
4.7991e-09
0.999496
0.904275
0.691729
0.000139093
4.80075e-09
4.7991e-09
4.7991e-09
4.7991e-09
4.7991e-09
4.7991e-09
4.7991e-09
4.7991e-09
4.7991e-09
4.7991e-09
4.7991e-09
4.7991e-09
4.7991e-09
4.7991e-09
4.7991e-09
4.7991e-09
4.7991e-09
4.7991e-09
4.7991e-09
4.7991e-09
4.7991e-09
4.7991e-09
4.7991e-09
4.7991e-09
4.7991e-09
4.7991e-09
0.974641
0.866286
0.675395
8.02715e-06
4.79918e-09
4.7991e-09
4.7991e-09
4.7991e-09
4.7991e-09
4.7991e-09
4.7991e-09
4.7991e-09
4.7991e-09
4.7991e-09
4.7991e-09
4.7991e-09
4.7991e-09
4.7991e-09
4.7991e-09
4.7991e-09
4.7991e-09
4.7991e-09
4.7991e-09
4.7991e-09
4.7991e-09
4.7991e-09
4.7991e-09
4.7991e-09
4.7991e-09
4.7991e-09
0.999114
0.914642
0.835428
5.20194e-08
4.7991e-09
4.7991e-09
4.7991e-09
4.7991e-09
4.7991e-09
4.7991e-09
4.7991e-09
4.7991e-09
4.7991e-09
4.7991e-09
4.7991e-09
4.7991e-09
4.7991e-09
4.7991e-09
4.7991e-09
4.7991e-09
4.7991e-09
4.7991e-09
4.7991e-09
4.7991e-09
4.7991e-09
4.7991e-09
4.7991e-09
4.7991e-09
4.7991e-09
4.7991e-09
0.991731
0.830455
0.412636
6.37764e-09
4.7991e-09
4.7991e-09
4.7991e-09
4.7991e-09
4.7991e-09
4.7991e-09
4.7991e-09
4.7991e-09
4.7991e-09
4.7991e-09
4.7991e-09
4.7991e-09
4.7991e-09
4.7991e-09
4.7991e-09
4.7991e-09
4.7991e-09
4.7991e-09
4.7991e-09
4.7991e-09
4.7991e-09
4.7991e-09
4.7991e-09
4.7991e-09
4.7991e-09
4.7991e-09
0.999532
0.838393
0.00121881
4.82297e-09
4.7991e-09
4.7991e-09
4.7991e-09
4.7991e-09
4.7991e-09
4.7991e-09
4.7991e-09
4.7991e-09
4.7991e-09
4.7991e-09
4.7991e-09
4.7991e-09
4.7991e-09
4.7991e-09
4.7991e-09
4.7991e-09
4.7991e-09
4.7991e-09
4.7991e-09
4.7991e-09
4.7991e-09
4.7991e-09
4.7991e-09
4.7991e-09
4.7991e-09
4.7991e-09
0.997968
0.830199
5.36413e-05
4.79967e-09
4.7991e-09
4.7991e-09
4.7991e-09
4.7991e-09
4.7991e-09
4.7991e-09
4.7991e-09
4.7991e-09
4.7991e-09
4.7991e-09
4.7991e-09
4.7991e-09
4.7991e-09
4.7991e-09
4.7991e-09
4.7991e-09
4.7991e-09
4.7991e-09
4.7991e-09
4.7991e-09
4.7991e-09
4.7991e-09
4.7991e-09
4.7991e-09
4.7991e-09
4.7991e-09
0.99994
0.949082
7.9075e-06
4.79914e-09
4.7991e-09
4.7991e-09
4.7991e-09
4.7991e-09
4.7991e-09
4.7991e-09
4.7991e-09
4.7991e-09
4.7991e-09
4.7991e-09
4.7991e-09
4.7991e-09
4.7991e-09
4.7991e-09
4.7991e-09
4.7991e-09
4.7991e-09
4.7991e-09
4.7991e-09
4.7991e-09
4.7991e-09
4.7991e-09
4.7991e-09
4.7991e-09
4.7991e-09
4.79911e-09
0.999838
0.951368
0.0961929
5.34911e-09
4.7991e-09
4.7991e-09
4.7991e-09
4.7991e-09
4.7991e-09
4.7991e-09
4.7991e-09
4.7991e-09
4.7991e-09
4.7991e-09
4.7991e-09
4.7991e-09
4.7991e-09
4.7991e-09
4.7991e-09
4.7991e-09
4.7991e-09
4.7991e-09
4.7991e-09
4.7991e-09
4.7991e-09
4.7991e-09
4.7991e-09
4.7991e-09
4.79909e-09
4.79909e-09
1
0.991003
0.708588
0.0380433
5.12263e-09
4.80161e-09
4.7991e-09
4.7991e-09
4.7991e-09
4.7991e-09
4.7991e-09
4.7991e-09
4.7991e-09
4.7991e-09
4.7991e-09
4.7991e-09
4.7991e-09
4.7991e-09
4.7991e-09
4.7991e-09
4.7991e-09
4.7991e-09
4.7991e-09
4.7991e-09
4.7991e-09
4.7991e-09
4.7991e-09
4.7991e-09
4.7991e-09
4.7991e-09
1
0.98633
0.921341
0.762575
0.781362
0.00626961
4.80829e-09
4.7991e-09
4.7991e-09
4.7991e-09
4.7991e-09
4.7991e-09
4.7991e-09
4.7991e-09
4.7991e-09
4.7991e-09
4.7991e-09
4.7991e-09
4.7991e-09
4.7991e-09
4.7991e-09
4.7991e-09
4.7991e-09
4.7991e-09
4.7991e-09
4.7991e-09
4.7991e-09
4.7991e-09
4.7991e-09
4.7991e-09
1.00016
0.999906
0.836118
0.486904
0.401684
0.24364
2.3051e-07
4.80061e-09
4.80057e-09
4.80055e-09
4.7991e-09
4.7991e-09
4.7991e-09
4.7991e-09
4.7991e-09
4.7991e-09
4.7991e-09
4.7991e-09
4.7991e-09
4.7991e-09
4.7991e-09
4.7991e-09
4.7991e-09
4.7991e-09
4.7991e-09
4.7991e-09
4.7991e-09
4.7991e-09
4.7991e-09
4.7991e-09
1.00005
0.999986
0.998157
0.986223
0.954729
0.893044
0.82793
0.751128
0.786958
0.122379
5.28909e-09
9.24222e-09
1.95026e-08
2.02262e-08
1.625e-08
1.21377e-08
9.40478e-09
7.40248e-09
6.01652e-09
6.44903e-09
1.24289e-08
2.89473e-08
5.96381e-08
1.05349e-07
1.4627e-07
1.59218e-07
1.72712e-07
1.5483e-07
7.40041e-08
1.4754e-08
0.99786
0.985981
0.990299
0.97379
0.958702
0.931453
0.921418
0.881421
0.864072
0.742349
0.6695
0.668725
0.681117
0.690584
0.697389
0.702657
0.705967
0.707079
0.705549
0.697727
0.68063
0.651283
0.593431
0.508443
0.45543
0.457906
0.488155
0.523181
0.554093
0.568573
0.942984
0.923176
0.920234
0.903742
0.900225
0.887127
0.882167
0.861554
0.845144
0.836377
0.819997
0.813497
0.815688
0.820118
0.82434
0.827691
0.829987
0.830787
0.828984
0.823938
0.81321
0.794498
0.766723
0.738325
0.725726
0.730047
0.743686
0.760384
0.777931
0.789607
0.916616
0.898962
0.885369
0.880751
0.876063
0.870584
0.862995
0.855793
0.849001
0.853404
0.853565
0.853272
0.856092
0.860841
0.865517
0.869243
0.871498
0.871977
0.870391
0.866775
0.860368
0.852422
0.843198
0.837765
0.834696
0.83583
0.836094
0.838084
0.838364
0.844997
0.877575
0.875844
0.886788
0.89598
0.899948
0.900149
0.898207
0.896384
0.895819
0.897885
0.899923
0.901079
0.902496
0.904008
0.905032
0.905151
0.903839
0.901424
0.897582
0.893296
0.888592
0.885134
0.881931
0.880355
0.87635
0.873718
0.865802
0.857083
0.83376
0.815646
0.880405
0.905806
0.922385
0.929445
0.930985
0.930334
0.92877
0.927269
0.926297
0.92537
0.924427
0.922553
0.920366
0.917483
0.914315
0.91019
0.905091
0.899134
0.892487
0.886022
0.880266
0.876364
0.873302
0.86978
0.861632
0.854738
0.838433
0.831526
0.77188
0.714475
0.931503
0.948899
0.94822
0.943386
0.93771
0.933246
0.929057
0.92591
0.922768
0.919748
0.916583
0.912811
0.909171
0.904558
0.90022
0.894128
0.887035
0.878394
0.869127
0.85961
0.849038
0.837827
0.831778
0.819064
0.809471
0.788804
0.772186
0.749193
0.768936
0.861095
0.905051
0.897296
0.896987
0.899419
0.900985
0.903988
0.905043
0.907319
0.90718
0.907834
0.906422
0.904945
0.902343
0.897921
0.892913
0.883378
0.87267
0.857156
0.840025
0.823884
0.796559
0.765697
0.740651
0.713101
0.70475
0.676834
0.658644
0.545117
0.524567
0.262589
0.910396
0.913728
0.920222
0.925579
0.927583
0.928813
0.927035
0.926229
0.921902
0.919497
0.913023
0.90857
0.900356
0.891554
0.878313
0.856606
0.836805
0.802398
0.768008
0.733495
0.675882
0.617061
0.494793
0.460642
0.469534
0.449403
0.503738
0.0290593
4.897e-09
4.7991e-09
0.911989
0.909884
0.909287
0.908882
0.908453
0.907871
0.905722
0.905194
0.900903
0.901079
0.893957
0.892496
0.880196
0.869056
0.837748
0.793862
0.755412
0.691047
0.646786
0.508598
0.460588
0.438645
2.90899e-07
4.7991e-09
4.7991e-09
4.7991e-09
4.7991e-09
4.7991e-09
4.7991e-09
4.7991e-09
0.912354
0.910667
0.911179
0.911914
0.914274
0.915244
0.916367
0.916362
0.914055
0.913337
0.903908
0.899599
0.875607
0.848604
0.771518
0.697176
0.552156
0.493561
0.530426
8.99394e-06
4.79911e-09
4.7991e-09
4.7991e-09
4.7991e-09
4.7991e-09
4.7991e-09
4.7991e-09
4.7991e-09
4.7991e-09
4.7991e-09
0.912824
0.911597
0.912101
0.911571
0.913509
0.912278
0.913956
0.910026
0.908792
0.902255
0.891675
0.883614
0.838016
0.765865
0.55202
0.531846
8.30114e-05
4.79923e-09
4.79916e-09
4.7991e-09
4.7991e-09
4.7991e-09
4.7991e-09
4.7991e-09
4.7991e-09
4.7991e-09
4.7991e-09
4.7991e-09
4.7991e-09
4.7991e-09
0.913077
0.912348
0.912823
0.91237
0.91437
0.913363
0.916583
0.912217
0.914928
0.903155
0.898207
0.877722
0.794234
0.615253
0.00997496
4.81377e-09
4.7991e-09
4.7991e-09
4.7991e-09
4.7991e-09
4.7991e-09
4.7991e-09
4.7991e-09
4.7991e-09
4.7991e-09
4.7991e-09
4.7991e-09
4.7991e-09
4.7991e-09
4.7991e-09
0.913212
0.91294
0.913329
0.91332
0.91497
0.914815
0.918114
0.914859
0.918451
0.89981
0.897156
0.828625
0.6131
1.01984e-05
4.7991e-09
4.7991e-09
4.7991e-09
4.7991e-09
4.7991e-09
4.7991e-09
4.7991e-09
4.7991e-09
4.7991e-09
4.7991e-09
4.7991e-09
4.7991e-09
4.7991e-09
4.7991e-09
4.7991e-09
4.7991e-09
0.913281
0.913339
0.913629
0.91407
0.915337
0.916243
0.919181
0.91902
0.923117
0.907653
0.901996
0.702775
1.77886e-05
4.79911e-09
4.7991e-09
4.7991e-09
4.7991e-09
4.7991e-09
4.7991e-09
4.7991e-09
4.7991e-09
4.7991e-09
4.7991e-09
4.7991e-09
4.7991e-09
4.7991e-09
4.7991e-09
4.7991e-09
4.7991e-09
4.7991e-09
0.913279
0.913598
0.913681
0.914618
0.915284
0.917424
0.919039
0.922626
0.924602
0.925949
0.913587
0.00643438
4.80207e-09
4.7991e-09
4.7991e-09
4.7991e-09
4.7991e-09
4.7991e-09
4.7991e-09
4.7991e-09
4.7991e-09
4.7991e-09
4.7991e-09
4.7991e-09
4.7991e-09
4.7991e-09
4.7991e-09
4.7991e-09
4.7991e-09
4.7991e-09
)
;

boundaryField
{
    inlet1
    {
        type            calculated;
        value           uniform 1;
    }
    inlet2
    {
        type            calculated;
        value           nonuniform List<scalar> 10(0.999838 1 1 1.00016 1.00005 0.99786 0.942984 0.916616 0.877575 0.880405);
    }
    inlet3
    {
        type            calculated;
        value           uniform 0.913307;
    }
    output1
    {
        type            calculated;
        value           nonuniform List<scalar> 10(4.7991e-09 4.7991e-09 4.7991e-09 4.7991e-09 4.7991e-09 4.7991e-09 4.7991e-09 4.7991e-09 4.7991e-09 4.79911e-09);
    }
    output2
    {
        type            calculated;
        value           nonuniform List<scalar> 10(4.79909e-09 4.7991e-09 4.7991e-09 4.7991e-09 1.4754e-08 0.568573 0.789607 0.844997 0.815646 0.714475);
    }
    output3
    {
        type            calculated;
        value           nonuniform List<scalar> 10(0.861095 0.262589 4.7991e-09 4.7991e-09 4.7991e-09 4.7991e-09 4.7991e-09 4.7991e-09 4.7991e-09 4.7991e-09);
    }
    up
    {
        type            calculated;
        value           nonuniform List<scalar> 
30
(
0.913279
0.913598
0.913681
0.914618
0.915284
0.917424
0.919039
0.922626
0.924602
0.925949
0.913587
0.00643438
4.80207e-09
4.7991e-09
4.7991e-09
4.7991e-09
4.7991e-09
4.7991e-09
4.7991e-09
4.7991e-09
4.7991e-09
4.7991e-09
4.7991e-09
4.7991e-09
4.7991e-09
4.7991e-09
4.7991e-09
4.7991e-09
4.7991e-09
4.7991e-09
)
;
    }
    down
    {
        type            calculated;
        value           nonuniform List<scalar> 
30
(
0.890677
0.475925
0.640738
0.02391
5.35416e-09
4.7991e-09
4.7991e-09
4.7991e-09
4.7991e-09
4.7991e-09
4.7991e-09
4.7991e-09
4.7991e-09
4.7991e-09
4.7991e-09
4.7991e-09
4.7991e-09
4.7991e-09
4.7991e-09
4.7991e-09
4.7991e-09
4.7991e-09
4.7991e-09
4.7991e-09
4.7991e-09
4.7991e-09
4.7991e-09
4.7991e-09
4.7991e-09
4.7991e-09
)
;
    }
    emptyWalls
    {
        type            empty;
    }
}


// ************************************************************************* //
