/*--------------------------------*- C++ -*----------------------------------*\
  =========                 |
  \\      /  F ield         | OpenFOAM: The Open Source CFD Toolbox
   \\    /   O peration     | Website:  https://openfoam.org
    \\  /    A nd           | Version:  9
     \\/     M anipulation  |
\*---------------------------------------------------------------------------*/
FoamFile
{
    format      ascii;
    class       volScalarField;
    location    "11500";
    object      p;
}
// * * * * * * * * * * * * * * * * * * * * * * * * * * * * * * * * * * * * * //

dimensions      [0 0 0 0 0 0 0];

internalField   nonuniform List<scalar> 
900
(
2.35876e+07
2.35842e+07
2.35822e+07
2.35719e+07
2.33454e+07
2.26225e+07
2.19733e+07
2.13548e+07
2.07494e+07
2.01487e+07
1.95482e+07
1.89458e+07
1.83403e+07
1.77318e+07
1.7121e+07
1.6509e+07
1.58979e+07
1.52904e+07
1.46898e+07
1.41001e+07
1.35264e+07
1.29744e+07
1.24509e+07
1.19637e+07
1.15211e+07
1.11324e+07
1.08067e+07
1.05529e+07
1.03788e+07
1.02901e+07
2.35849e+07
2.35841e+07
2.35838e+07
2.35819e+07
2.3154e+07
2.25497e+07
2.19427e+07
2.13418e+07
2.07447e+07
2.01484e+07
1.95502e+07
1.89487e+07
1.83434e+07
1.77342e+07
1.7122e+07
1.65081e+07
1.58944e+07
1.52836e+07
1.46788e+07
1.40842e+07
1.35046e+07
1.29459e+07
1.24147e+07
1.1919e+07
1.14674e+07
1.10693e+07
1.07347e+07
1.04732e+07
1.02933e+07
1.02015e+07
2.35813e+07
2.35831e+07
2.3576e+07
2.35695e+07
2.30349e+07
2.24798e+07
2.1906e+07
2.13248e+07
2.07394e+07
2.01498e+07
1.95554e+07
1.89556e+07
1.83503e+07
1.77397e+07
1.71248e+07
1.65069e+07
1.5888e+07
1.52706e+07
1.46577e+07
1.40533e+07
1.3462e+07
1.28897e+07
1.23431e+07
1.18301e+07
1.136e+07
1.09429e+07
1.05898e+07
1.03119e+07
1.01196e+07
1.00212e+07
2.35583e+07
2.35566e+07
2.35504e+07
2.35452e+07
2.29583e+07
2.24287e+07
2.18767e+07
2.1312e+07
2.07382e+07
2.01561e+07
1.95661e+07
1.89681e+07
1.83623e+07
1.77495e+07
1.71305e+07
1.65068e+07
1.58802e+07
1.5253e+07
1.46281e+07
1.40091e+07
1.34006e+07
1.28079e+07
1.22378e+07
1.16985e+07
1.11996e+07
1.07524e+07
1.03696e+07
1.0065e+07
9.85213e+06
9.74236e+06
2.35295e+07
2.35239e+07
2.35179e+07
2.35122e+07
2.29264e+07
2.24e+07
2.18601e+07
2.13083e+07
2.07451e+07
2.01705e+07
1.95847e+07
1.89882e+07
1.83814e+07
1.77653e+07
1.71409e+07
1.65096e+07
1.5873e+07
1.52332e+07
1.45926e+07
1.39546e+07
1.33232e+07
1.27034e+07
1.21018e+07
1.15265e+07
1.09875e+07
1.04974e+07
1.00712e+07
9.72636e+06
9.48155e+06
9.35378e+06
2.34878e+07
2.34875e+07
2.34891e+07
2.34855e+07
2.29141e+07
2.23848e+07
2.18554e+07
2.13162e+07
2.07634e+07
2.0196e+07
1.96142e+07
1.90185e+07
1.84099e+07
1.77895e+07
1.71583e+07
1.65177e+07
1.5869e+07
1.5214e+07
1.45546e+07
1.38935e+07
1.32341e+07
1.25808e+07
1.19396e+07
1.13181e+07
1.07266e+07
1.01785e+07
9.69143e+06
9.28771e+06
8.99395e+06
8.83742e+06
2.34423e+07
2.34457e+07
2.34598e+07
2.34418e+07
2.28796e+07
2.23698e+07
2.18606e+07
2.13375e+07
2.07962e+07
2.0236e+07
1.96575e+07
1.90618e+07
1.84503e+07
1.78243e+07
1.71851e+07
1.65338e+07
1.58715e+07
1.51991e+07
1.45183e+07
1.38307e+07
1.31388e+07
1.24462e+07
1.17576e+07
1.10798e+07
1.04222e+07
9.79862e+06
9.22831e+06
8.73909e+06
8.3691e+06
8.16454e+06
2.33932e+07
2.33941e+07
2.34068e+07
2.31815e+07
2.27947e+07
2.23541e+07
2.18798e+07
2.1377e+07
2.08479e+07
2.02943e+07
1.97179e+07
1.91208e+07
1.85051e+07
1.78724e+07
1.72241e+07
1.65611e+07
1.58838e+07
1.51929e+07
1.44887e+07
1.37721e+07
1.30444e+07
1.23076e+07
1.15648e+07
1.08211e+07
1.0084e+07
9.36541e+06
8.68409e+06
8.07125e+06
7.57883e+06
7.28708e+06
2.33448e+07
2.33427e+07
2.33415e+07
2.30841e+07
2.27637e+07
2.2372e+07
2.19277e+07
2.14426e+07
2.0924e+07
2.03754e+07
1.97992e+07
1.91986e+07
1.85767e+07
1.7936e+07
1.72778e+07
1.66025e+07
1.59099e+07
1.51998e+07
1.44715e+07
1.37247e+07
1.29591e+07
1.21748e+07
1.1373e+07
1.05558e+07
9.72735e+06
8.89492e+06
8.07141e+06
7.28296e+06
6.58789e+06
6.11788e+06
2.33043e+07
2.33031e+07
2.33012e+07
2.30934e+07
2.28042e+07
2.24424e+07
2.20163e+07
2.15419e+07
2.10302e+07
2.0484e+07
1.99048e+07
1.92975e+07
1.86673e+07
1.80173e+07
1.73486e+07
1.66611e+07
1.59536e+07
1.52248e+07
1.44729e+07
1.36961e+07
1.28924e+07
1.20597e+07
1.11965e+07
1.03017e+07
9.37471e+06
8.41549e+06
7.42366e+06
6.4013e+06
5.3719e+06
4.47865e+06
2.32699e+07
2.32684e+07
2.32602e+07
2.32124e+07
2.29171e+07
2.25773e+07
2.21532e+07
2.16785e+07
2.11707e+07
2.06258e+07
2.00386e+07
1.94194e+07
1.87776e+07
1.81171e+07
1.74383e+07
1.67396e+07
1.60187e+07
1.52729e+07
1.44993e+07
1.36945e+07
1.28546e+07
1.19752e+07
1.10517e+07
1.00796e+07
9.05433e+06
7.96868e+06
6.80643e+06
5.52666e+06
4.01978e+06
1.94616e+06
2.32473e+07
2.32461e+07
2.32349e+07
2.31894e+07
2.30749e+07
2.27966e+07
2.23405e+07
2.18484e+07
2.13483e+07
2.08098e+07
2.02044e+07
1.9564e+07
1.89066e+07
1.82353e+07
1.75478e+07
1.68402e+07
1.61086e+07
1.53489e+07
1.45569e+07
1.3728e+07
1.28562e+07
1.19347e+07
1.09555e+07
9.91086e+06
8.79428e+06
7.59849e+06
6.30671e+06
4.87914e+06
3.23437e+06
1.2324e+06
2.32319e+07
2.32295e+07
2.32124e+07
2.31551e+07
2.30732e+07
2.30186e+07
2.2564e+07
2.20263e+07
2.15642e+07
2.10606e+07
2.0405e+07
1.97257e+07
1.90493e+07
1.83697e+07
1.76774e+07
1.6965e+07
1.62265e+07
1.5457e+07
1.46515e+07
1.38042e+07
1.29076e+07
1.19519e+07
1.09248e+07
9.814e+06
8.61346e+06
7.32429e+06
5.94276e+06
4.44883e+06
2.80615e+06
981460
2.32257e+07
2.32226e+07
2.32072e+07
2.31222e+07
2.29944e+07
2.27978e+07
2.25084e+07
2.21285e+07
2.18218e+07
2.14635e+07
2.06295e+07
1.98844e+07
1.91954e+07
1.85167e+07
1.78272e+07
1.71158e+07
1.63756e+07
1.56012e+07
1.4788e+07
1.39298e+07
1.30181e+07
1.20404e+07
1.09778e+07
9.80691e+06
8.52125e+06
7.14245e+06
5.69123e+06
4.16725e+06
2.55996e+06
868751
2.32228e+07
2.32152e+07
2.31848e+07
2.3106e+07
2.29633e+07
2.27489e+07
2.24625e+07
2.21289e+07
2.18242e+07
2.15272e+07
2.07652e+07
1.9988e+07
1.9334e+07
1.86776e+07
1.80018e+07
1.72979e+07
1.65604e+07
1.57853e+07
1.49698e+07
1.41098e+07
1.31967e+07
1.22186e+07
1.11453e+07
9.91989e+06
8.52223e+06
7.02674e+06
5.50192e+06
3.9577e+06
2.39077e+06
801294
2.32247e+07
2.32119e+07
2.31658e+07
2.30746e+07
2.29155e+07
2.26902e+07
2.24076e+07
2.20821e+07
2.17227e+07
2.12779e+07
2.06558e+07
1.99876e+07
1.93355e+07
1.86795e+07
1.80039e+07
1.73001e+07
1.65627e+07
1.57876e+07
1.49722e+07
1.41121e+07
1.31992e+07
1.22214e+07
1.11492e+07
9.92421e+06
8.52383e+06
7.02495e+06
5.49891e+06
3.95506e+06
2.38949e+06
801092
2.32568e+07
2.32369e+07
2.31712e+07
2.30549e+07
2.2877e+07
2.26397e+07
2.23505e+07
2.20104e+07
2.16129e+07
2.11417e+07
2.05894e+07
1.9984e+07
1.93554e+07
1.87082e+07
1.80367e+07
1.73346e+07
1.65969e+07
1.58196e+07
1.49984e+07
1.41282e+07
1.32003e+07
1.21995e+07
1.10995e+07
9.87188e+06
8.52059e+06
7.08663e+06
5.59909e+06
4.06104e+06
2.46867e+06
831021
2.33757e+07
2.33311e+07
2.32313e+07
2.30785e+07
2.28729e+07
2.26168e+07
2.2312e+07
2.19567e+07
2.15465e+07
2.10813e+07
2.05633e+07
1.99976e+07
1.93952e+07
1.87623e+07
1.80985e+07
1.74e+07
1.66625e+07
1.58812e+07
1.50509e+07
1.41654e+07
1.32158e+07
1.21907e+07
1.10766e+07
9.86748e+06
8.57033e+06
7.20151e+06
5.76609e+06
4.25406e+06
2.63493e+06
903186
2.35736e+07
2.34929e+07
2.33455e+07
2.31486e+07
2.29099e+07
2.26307e+07
2.23099e+07
2.19454e+07
2.15355e+07
2.1081e+07
2.05835e+07
2.00435e+07
1.94636e+07
1.88464e+07
1.8192e+07
1.74982e+07
1.67608e+07
1.5975e+07
1.5135e+07
1.42343e+07
1.3266e+07
1.22249e+07
1.11089e+07
9.92159e+06
8.66711e+06
7.3532e+06
5.97657e+06
4.5241e+06
2.92642e+06
1.07883e+06
2.38772e+07
2.37155e+07
2.34979e+07
2.32518e+07
2.29791e+07
2.26774e+07
2.23433e+07
2.19743e+07
2.15685e+07
2.11251e+07
2.06434e+07
2.01222e+07
1.95606e+07
1.89581e+07
1.83139e+07
1.76255e+07
1.6889e+07
1.61e+07
1.5253e+07
1.43427e+07
1.33633e+07
1.23127e+07
1.1196e+07
1.00215e+07
8.79585e+06
7.52531e+06
6.20262e+06
4.83061e+06
3.35804e+06
1.57792e+06
2.42708e+07
2.39491e+07
2.36605e+07
2.33708e+07
2.30685e+07
2.27477e+07
2.24038e+07
2.20335e+07
2.16336e+07
2.12016e+07
2.0735e+07
2.02308e+07
1.96863e+07
1.90986e+07
1.84654e+07
1.77835e+07
1.70497e+07
1.62602e+07
1.54111e+07
1.44993e+07
1.35181e+07
1.24612e+07
1.13352e+07
1.01532e+07
8.94242e+06
7.71052e+06
6.44962e+06
5.12115e+06
3.81012e+06
2.88019e+06
2.45806e+07
2.41773e+07
2.38268e+07
2.34982e+07
2.31712e+07
2.28361e+07
2.24864e+07
2.21181e+07
2.17265e+07
2.13084e+07
2.08588e+07
2.03737e+07
1.9848e+07
1.92767e+07
1.86555e+07
1.79796e+07
1.72486e+07
1.64606e+07
1.56128e+07
1.47055e+07
1.37309e+07
1.26782e+07
1.15277e+07
1.02976e+07
9.07869e+06
7.89438e+06
6.75767e+06
5.53072e+06
4.25787e+06
3.29678e+06
2.48182e+07
2.43896e+07
2.40014e+07
2.36402e+07
2.32912e+07
2.29439e+07
2.25906e+07
2.22265e+07
2.18457e+07
2.1444e+07
2.10146e+07
2.0552e+07
2.00479e+07
1.94952e+07
1.88856e+07
1.8212e+07
1.7479e+07
1.66914e+07
1.58528e+07
1.49479e+07
1.39758e+07
1.29725e+07
1.18058e+07
1.04233e+07
9.16754e+06
8.0189e+06
7.08199e+06
6.20611e+06
4.4038e+06
3.39942e+06
2.50062e+07
2.45674e+07
2.4159e+07
2.37764e+07
2.34114e+07
2.30558e+07
2.27023e+07
2.23453e+07
2.19786e+07
2.15974e+07
2.1193e+07
2.0759e+07
2.02821e+07
1.97522e+07
1.91543e+07
1.84805e+07
1.7732e+07
1.69314e+07
1.61367e+07
1.52384e+07
1.41867e+07
1.33252e+07
1.24864e+07
1.04465e+07
9.18211e+06
8.03889e+06
7.10139e+06
6.3949e+06
5.67626e+06
5.16483e+06
2.51559e+07
2.47127e+07
2.42952e+07
2.39016e+07
2.35281e+07
2.3169e+07
2.28191e+07
2.24729e+07
2.21246e+07
2.17684e+07
2.13951e+07
2.09966e+07
2.05544e+07
2.00505e+07
1.94598e+07
1.87938e+07
1.80181e+07
1.712e+07
1.64332e+07
1.58388e+07
1.42012e+07
1.33228e+07
1.22758e+07
1.09503e+07
9.79997e+06
8.79318e+06
7.95089e+06
7.27915e+06
6.74116e+06
6.4188e+06
2.52746e+07
2.48294e+07
2.44082e+07
2.40096e+07
2.36327e+07
2.32738e+07
2.29306e+07
2.25976e+07
2.22711e+07
2.19432e+07
2.16061e+07
2.12494e+07
2.08512e+07
2.03824e+07
1.9784e+07
1.91141e+07
1.85399e+07
1.71312e+07
1.64288e+07
1.55126e+07
1.4385e+07
1.33825e+07
1.23575e+07
1.12789e+07
1.02743e+07
9.38295e+06
8.62986e+06
8.02964e+06
7.59043e+06
7.35042e+06
2.53663e+07
2.49205e+07
2.44978e+07
2.40976e+07
2.37204e+07
2.33642e+07
2.30293e+07
2.27117e+07
2.24101e+07
2.21153e+07
2.1821e+07
2.15112e+07
2.11656e+07
2.0762e+07
2.02936e+07
1.91446e+07
1.82924e+07
1.72759e+07
1.63798e+07
1.54426e+07
1.44436e+07
1.34646e+07
1.24929e+07
1.15335e+07
1.06355e+07
9.83442e+06
9.15594e+06
8.61914e+06
8.24048e+06
8.04202e+06
2.54336e+07
2.49877e+07
2.45646e+07
2.41644e+07
2.3788e+07
2.34354e+07
2.31083e+07
2.28057e+07
2.25293e+07
2.22709e+07
2.20252e+07
2.17661e+07
2.14689e+07
2.1108e+07
2.01714e+07
1.91815e+07
1.82521e+07
1.73003e+07
1.63716e+07
1.54345e+07
1.44823e+07
1.35395e+07
1.26159e+07
1.17265e+07
1.08998e+07
1.01633e+07
9.54036e+06
9.05048e+06
8.71033e+06
8.53517e+06
2.54779e+07
2.50321e+07
2.4609e+07
2.42091e+07
2.38338e+07
2.34841e+07
2.31627e+07
2.28715e+07
2.26152e+07
2.23922e+07
2.22004e+07
2.20067e+07
2.17684e+07
2.09265e+07
2.00743e+07
1.91579e+07
1.82342e+07
1.73016e+07
1.6372e+07
1.54414e+07
1.45117e+07
1.35951e+07
1.27047e+07
1.1857e+07
1.1074e+07
1.03785e+07
9.79172e+06
9.33211e+06
9.01518e+06
8.85316e+06
2.54999e+07
2.50541e+07
2.46311e+07
2.42316e+07
2.38568e+07
2.35088e+07
2.31901e+07
2.29048e+07
2.26582e+07
2.24573e+07
2.23119e+07
2.22214e+07
2.17579e+07
2.09086e+07
2.00415e+07
1.91415e+07
1.82253e+07
1.73e+07
1.63732e+07
1.54475e+07
1.45279e+07
1.36246e+07
1.27507e+07
1.19227e+07
1.11606e+07
1.0485e+07
9.91592e+06
9.47105e+06
9.16512e+06
9.00914e+06
)
;

boundaryField
{
    inlet1
    {
        type            fixedGradient;
        gradient        uniform 20000;
    }
    inlet2
    {
        type            zeroGradient;
    }
    inlet3
    {
        type            fixedGradient;
        gradient        uniform 4.68141e+06;
    }
    output1
    {
        type            zeroGradient;
    }
    output2
    {
        type            fixedValue;
        value           uniform 0;
    }
    output3
    {
        type            zeroGradient;
    }
    up
    {
        type            zeroGradient;
    }
    down
    {
        type            zeroGradient;
    }
    emptyWalls
    {
        type            empty;
    }
}


// ************************************************************************* //
