/*--------------------------------*- C++ -*----------------------------------*\
  =========                 |
  \\      /  F ield         | OpenFOAM: The Open Source CFD Toolbox
   \\    /   O peration     | Website:  https://openfoam.org
    \\  /    A nd           | Version:  9
     \\/     M anipulation  |
\*---------------------------------------------------------------------------*/
FoamFile
{
    format      ascii;
    class       volScalarField;
    location    "11500";
    object      Sw;
}
// * * * * * * * * * * * * * * * * * * * * * * * * * * * * * * * * * * * * * //

dimensions      [0 0 0 0 0 0 0];

internalField   nonuniform List<scalar> 
900
(
0.590799
0.512058
0.536115
0.393631
0.150671
0.15
0.15
0.15
0.15
0.15
0.15
0.15
0.15
0.15
0.15
0.15
0.15
0.15
0.15
0.15
0.15
0.15
0.15
0.15
0.15
0.15
0.15
0.15
0.15
0.15
0.880594
0.932156
0.615428
0.333502
0.15006
0.15
0.15
0.15
0.15
0.15
0.15
0.15
0.15
0.15
0.15
0.15
0.15
0.15
0.15
0.15
0.15
0.15
0.15
0.15
0.15
0.15
0.15
0.15
0.15
0.15
0.606153
0.585398
0.535743
0.309578
0.150017
0.15
0.15
0.15
0.15
0.15
0.15
0.15
0.15
0.15
0.15
0.15
0.15
0.15
0.15
0.15
0.15
0.15
0.15
0.15
0.15
0.15
0.15
0.15
0.15
0.15
0.758953
0.596102
0.544362
0.268483
0.150002
0.15
0.15
0.15
0.15
0.15
0.15
0.15
0.15
0.15
0.15
0.15
0.15
0.15
0.15
0.15
0.15
0.15
0.15
0.15
0.15
0.15
0.15
0.15
0.15
0.15
0.64532
0.582561
0.54165
0.221444
0.15
0.15
0.15
0.15
0.15
0.15
0.15
0.15
0.15
0.15
0.15
0.15
0.15
0.15
0.15
0.15
0.15
0.15
0.15
0.15
0.15
0.15
0.15
0.15
0.15
0.15
0.745793
0.600609
0.573776
0.166745
0.15
0.15
0.15
0.15
0.15
0.15
0.15
0.15
0.15
0.15
0.15
0.15
0.15
0.15
0.15
0.15
0.15
0.15
0.15
0.15
0.15
0.15
0.15
0.15
0.15
0.15
0.682785
0.572505
0.503073
0.151761
0.15
0.15
0.15
0.15
0.15
0.15
0.15
0.15
0.15
0.15
0.15
0.15
0.15
0.15
0.15
0.15
0.15
0.15
0.15
0.15
0.15
0.15
0.15
0.15
0.15
0.15
0.760548
0.574565
0.314325
0.15003
0.15
0.15
0.15
0.15
0.15
0.15
0.15
0.15
0.15
0.15
0.15
0.15
0.15
0.15
0.15
0.15
0.15
0.15
0.15
0.15
0.15
0.15
0.15
0.15
0.15
0.15
0.724393
0.572424
0.251212
0.150001
0.15
0.15
0.15
0.15
0.15
0.15
0.15
0.15
0.15
0.15
0.15
0.15
0.15
0.15
0.15
0.15
0.15
0.15
0.15
0.15
0.15
0.15
0.15
0.15
0.15
0.15
0.797799
0.62024
0.221232
0.15
0.15
0.15
0.15
0.15
0.15
0.15
0.15
0.15
0.15
0.15
0.15
0.15
0.15
0.15
0.15
0.15
0.15
0.15
0.15
0.15
0.15
0.15
0.15
0.15
0.15
0.15
0.78175
0.621925
0.439184
0.150665
0.15
0.15
0.15
0.15
0.15
0.15
0.15
0.15
0.15
0.15
0.15
0.15
0.15
0.15
0.15
0.15
0.15
0.15
0.15
0.15
0.15
0.15
0.15
0.15
0.15
0.15
0.855578
0.680107
0.547265
0.408037
0.150399
0.150003
0.15
0.15
0.15
0.15
0.15
0.15
0.15
0.15
0.15
0.15
0.15
0.15
0.15
0.15
0.15
0.15
0.15
0.15
0.15
0.15
0.15
0.15
0.15
0.15
0.858996
0.666346
0.603768
0.557274
0.561127
0.355473
0.150012
0.15
0.15
0.15
0.15
0.15
0.15
0.15
0.15
0.15
0.15
0.15
0.15
0.15
0.15
0.15
0.15
0.15
0.15
0.15
0.15
0.15
0.15
0.15
0.985294
0.79107
0.573997
0.513648
0.501451
0.476035
0.179825
0.150002
0.150002
0.150002
0.15
0.15
0.15
0.15
0.15
0.15
0.15
0.15
0.15
0.15
0.15
0.15
0.15
0.15
0.15
0.15
0.15
0.15
0.15
0.15
0.926661
0.815644
0.727036
0.666153
0.624573
0.591691
0.571866
0.55505
0.562321
0.448243
0.150603
0.154148
0.159286
0.159551
0.157994
0.155979
0.154273
0.152717
0.151403
0.151836
0.156131
0.162182
0.167851
0.17266
0.17558
0.176358
0.177111
0.17611
0.169649
0.157314
0.722964
0.665526
0.677648
0.64416
0.627923
0.609069
0.603826
0.587518
0.58189
0.553386
0.540685
0.540554
0.542586
0.544169
0.545323
0.546226
0.5468
0.546994
0.546732
0.545398
0.54254
0.537824
0.529056
0.516825
0.50925
0.509541
0.513806
0.518771
0.523198
0.525298
0.616017
0.604695
0.60324
0.595884
0.594461
0.589512
0.587768
0.581122
0.576395
0.574028
0.56988
0.568311
0.568834
0.569908
0.57095
0.571791
0.572376
0.572583
0.572127
0.570865
0.568273
0.564008
0.558171
0.552661
0.550319
0.55108
0.553602
0.556828
0.560392
0.562881
0.601517
0.593956
0.588883
0.587278
0.585701
0.58392
0.581555
0.579408
0.577463
0.578713
0.578762
0.578677
0.579494
0.580901
0.582327
0.583493
0.584214
0.584371
0.583866
0.582732
0.58078
0.578458
0.575879
0.57441
0.573593
0.573883
0.573948
0.574474
0.574549
0.576347
0.586202
0.585627
0.589388
0.592796
0.594348
0.594427
0.59366
0.59295
0.592732
0.593532
0.594336
0.594799
0.595371
0.595991
0.596416
0.596467
0.595925
0.594943
0.593422
0.591782
0.590044
0.588804
0.58768
0.587137
0.58579
0.584926
0.582413
0.579784
0.573346
0.568827
0.587158
0.596739
0.604299
0.607963
0.608805
0.608447
0.607598
0.606799
0.606289
0.605809
0.605326
0.604382
0.603305
0.601926
0.600458
0.598618
0.596443
0.594028
0.591473
0.589115
0.587108
0.585792
0.584785
0.583655
0.581136
0.5791
0.574576
0.572769
0.559158
0.548287
0.609092
0.620102
0.619612
0.616286
0.612695
0.610073
0.607753
0.606089
0.604489
0.603006
0.601504
0.599778
0.598173
0.596219
0.594456
0.592089
0.589477
0.586478
0.583455
0.580532
0.57747
0.574409
0.572829
0.569648
0.567362
0.562718
0.559219
0.554663
0.558555
0.580978
0.596423
0.593304
0.593184
0.594136
0.594761
0.595983
0.59642
0.597378
0.597319
0.597598
0.596999
0.59638
0.595311
0.593548
0.591631
0.588185
0.584589
0.579808
0.574999
0.570838
0.564421
0.557905
0.553047
0.548045
0.546585
0.541885
0.53894
0.521924
0.518977
0.479459
0.598706
0.60019
0.603235
0.605917
0.606965
0.607622
0.606677
0.606255
0.60406
0.602886
0.599874
0.597915
0.594511
0.591125
0.586452
0.579647
0.574145
0.565734
0.558368
0.551721
0.541738
0.532507
0.514767
0.509919
0.511174
0.50831
0.516012
0.399808
0.150125
0.15
0.599409
0.598482
0.598223
0.598048
0.597863
0.597613
0.596704
0.596483
0.594729
0.5948
0.592025
0.591477
0.58709
0.583438
0.574398
0.563827
0.555871
0.544255
0.537073
0.516725
0.509908
0.506847
0.182207
0.15
0.15
0.15
0.15
0.15
0.15
0.15
0.599572
0.598825
0.59905
0.599376
0.600438
0.600882
0.601403
0.6014
0.60034
0.600015
0.595953
0.594212
0.585554
0.577362
0.559091
0.545296
0.522938
0.514584
0.519836
0.223226
0.15
0.15
0.15
0.15
0.15
0.15
0.15
0.15
0.15
0.15
0.599783
0.599235
0.599459
0.599224
0.600091
0.599539
0.600294
0.598545
0.598009
0.595275
0.591171
0.588269
0.574473
0.557949
0.522923
0.520029
0.259081
0.15
0.15
0.15
0.15
0.15
0.15
0.15
0.15
0.15
0.15
0.15
0.15
0.15
0.599896
0.59957
0.599782
0.599579
0.600482
0.600025
0.601503
0.599512
0.600737
0.595642
0.59366
0.586256
0.563916
0.532226
0.368336
0.150019
0.15
0.15
0.15
0.15
0.15
0.15
0.15
0.15
0.15
0.15
0.15
0.15
0.15
0.15
0.599957
0.599834
0.60001
0.600005
0.600757
0.600685
0.602223
0.600705
0.602384
0.594293
0.59325
0.572034
0.5319
0.224996
0.15
0.15
0.15
0.15
0.15
0.15
0.15
0.15
0.15
0.15
0.15
0.15
0.15
0.15
0.15
0.15
0.599988
0.600014
0.600146
0.600345
0.600926
0.601344
0.602733
0.602654
0.604665
0.597519
0.595174
0.546254
0.233315
0.15
0.15
0.15
0.15
0.15
0.15
0.15
0.15
0.15
0.15
0.15
0.15
0.15
0.15
0.15
0.15
0.15
0.599987
0.600131
0.600169
0.600595
0.600901
0.601896
0.602664
0.604417
0.605416
0.606108
0.600135
0.356328
0.150004
0.15
0.15
0.15
0.15
0.15
0.15
0.15
0.15
0.15
0.15
0.15
0.15
0.15
0.15
0.15
0.15
0.15
)
;

boundaryField
{
    inlet1
    {
        type            fixedValue;
        value           uniform 0.85;
    }
    inlet2
    {
        type            zeroGradient;
    }
    inlet3
    {
        type            fixedValue;
        value           uniform 0.6;
    }
    output1
    {
        type            zeroGradient;
    }
    output2
    {
        type            zeroGradient;
    }
    output3
    {
        type            zeroGradient;
    }
    up
    {
        type            zeroGradient;
    }
    down
    {
        type            zeroGradient;
    }
    emptyWalls
    {
        type            empty;
    }
}


// ************************************************************************* //
