/*--------------------------------*- C++ -*----------------------------------*\
  =========                 |
  \\      /  F ield         | OpenFOAM: The Open Source CFD Toolbox
   \\    /   O peration     | Website:  https://openfoam.org
    \\  /    A nd           | Version:  9
     \\/     M anipulation  |
\*---------------------------------------------------------------------------*/
FoamFile
{
    format      ascii;
    class       volScalarField;
    location    "18500";
    object      alpha;
}
// * * * * * * * * * * * * * * * * * * * * * * * * * * * * * * * * * * * * * //

dimensions      [0 2 -1 0 0 0 0];

internalField   nonuniform List<scalar> 
900
(
-3.25217e-10
-1.16093e-10
-4.89761e-12
-5.31077e-13
-4.01923e-14
-4.0652e-14
-4.0652e-14
-4.0652e-14
-4.0652e-14
-4.0652e-14
-4.0652e-14
-4.0652e-14
-4.0652e-14
-4.0652e-14
-4.0652e-14
-4.0652e-14
-4.0652e-14
-4.0652e-14
-4.0652e-14
-4.0652e-14
-4.0652e-14
-4.0652e-14
-4.0652e-14
-4.0652e-14
-4.0652e-14
-4.0652e-14
-4.0652e-14
-4.0652e-14
-4.0652e-14
-4.0652e-14
-8.44802e-11
-1.76557e-11
-7.55815e-12
-1.51809e-11
-3.5383e-14
-4.0652e-14
-4.0652e-14
-4.0652e-14
-4.0652e-14
-4.0652e-14
-4.0652e-14
-4.0652e-14
-4.0652e-14
-4.0652e-14
-4.0652e-14
-4.0652e-14
-4.0652e-14
-4.0652e-14
-4.0652e-14
-4.0652e-14
-4.0652e-14
-4.0652e-14
-4.0652e-14
-4.0652e-14
-4.0652e-14
-4.0652e-14
-4.0652e-14
-4.0652e-14
-4.0652e-14
-4.0652e-14
-1.91283e-10
-2.37436e-11
-2.01843e-11
-1.04565e-13
-4.06378e-14
-4.0652e-14
-4.0652e-14
-4.0652e-14
-4.0652e-14
-4.0652e-14
-4.0652e-14
-4.0652e-14
-4.0652e-14
-4.0652e-14
-4.0652e-14
-4.0652e-14
-4.0652e-14
-4.0652e-14
-4.0652e-14
-4.0652e-14
-4.0652e-14
-4.0652e-14
-4.0652e-14
-4.0652e-14
-4.0652e-14
-4.0652e-14
-4.0652e-14
-4.0652e-14
-4.0652e-14
-4.0652e-14
-1.12409e-10
-2.71536e-11
-2.52902e-11
-3.06212e-14
-4.065e-14
-4.0652e-14
-4.0652e-14
-4.0652e-14
-4.0652e-14
-4.0652e-14
-4.0652e-14
-4.0652e-14
-4.0652e-14
-4.0652e-14
-4.0652e-14
-4.0652e-14
-4.0652e-14
-4.0652e-14
-4.0652e-14
-4.0652e-14
-4.0652e-14
-4.0652e-14
-4.0652e-14
-4.0652e-14
-4.0652e-14
-4.0652e-14
-4.0652e-14
-4.0652e-14
-4.0652e-14
-4.0652e-14
-1.91842e-10
-3.2448e-11
-1.58963e-11
-2.67196e-14
-4.06519e-14
-4.0652e-14
-4.0652e-14
-4.0652e-14
-4.0652e-14
-4.0652e-14
-4.0652e-14
-4.0652e-14
-4.0652e-14
-4.0652e-14
-4.0652e-14
-4.0652e-14
-4.0652e-14
-4.0652e-14
-4.0652e-14
-4.0652e-14
-4.0652e-14
-4.0652e-14
-4.0652e-14
-4.0652e-14
-4.0652e-14
-4.0652e-14
-4.0652e-14
-4.0652e-14
-4.0652e-14
-4.0652e-14
-1.58027e-10
-3.0907e-11
-1.29913e-11
-3.25793e-14
-4.0652e-14
-4.0652e-14
-4.0652e-14
-4.0652e-14
-4.0652e-14
-4.0652e-14
-4.0652e-14
-4.0652e-14
-4.0652e-14
-4.0652e-14
-4.0652e-14
-4.0652e-14
-4.0652e-14
-4.0652e-14
-4.0652e-14
-4.0652e-14
-4.0652e-14
-4.0652e-14
-4.0652e-14
-4.0652e-14
-4.0652e-14
-4.0652e-14
-4.0652e-14
-4.0652e-14
-4.0652e-14
-4.0652e-14
-2.2928e-10
-4.19517e-11
-9.25564e-12
-3.7462e-14
-4.0652e-14
-4.0652e-14
-4.0652e-14
-4.0652e-14
-4.0652e-14
-4.0652e-14
-4.0652e-14
-4.0652e-14
-4.0652e-14
-4.0652e-14
-4.0652e-14
-4.0652e-14
-4.0652e-14
-4.0652e-14
-4.0652e-14
-4.0652e-14
-4.0652e-14
-4.0652e-14
-4.0652e-14
-4.0652e-14
-4.0652e-14
-4.0652e-14
-4.0652e-14
-4.0652e-14
-4.0652e-14
-4.0652e-14
-2.02513e-10
-3.70195e-11
-1.58111e-11
-3.98292e-14
-4.0652e-14
-4.0652e-14
-4.0652e-14
-4.0652e-14
-4.0652e-14
-4.0652e-14
-4.0652e-14
-4.0652e-14
-4.0652e-14
-4.0652e-14
-4.0652e-14
-4.0652e-14
-4.0652e-14
-4.0652e-14
-4.0652e-14
-4.0652e-14
-4.0652e-14
-4.0652e-14
-4.0652e-14
-4.0652e-14
-4.0652e-14
-4.0652e-14
-4.0652e-14
-4.0652e-14
-4.0652e-14
-4.0652e-14
-2.85613e-10
-4.16153e-11
-5.89314e-13
-4.0636e-14
-4.0652e-14
-4.0652e-14
-4.0652e-14
-4.0652e-14
-4.0652e-14
-4.0652e-14
-4.0652e-14
-4.0652e-14
-4.0652e-14
-4.0652e-14
-4.0652e-14
-4.0652e-14
-4.0652e-14
-4.0652e-14
-4.0652e-14
-4.0652e-14
-4.0652e-14
-4.0652e-14
-4.0652e-14
-4.0652e-14
-4.0652e-14
-4.0652e-14
-4.0652e-14
-4.0652e-14
-4.0652e-14
-4.0652e-14
-2.95969e-10
-3.89444e-11
-4.30905e-14
-4.06516e-14
-4.0652e-14
-4.0652e-14
-4.0652e-14
-4.0652e-14
-4.0652e-14
-4.0652e-14
-4.0652e-14
-4.0652e-14
-4.0652e-14
-4.0652e-14
-4.0652e-14
-4.0652e-14
-4.0652e-14
-4.0652e-14
-4.0652e-14
-4.0652e-14
-4.0652e-14
-4.0652e-14
-4.0652e-14
-4.0652e-14
-4.0652e-14
-4.0652e-14
-4.0652e-14
-4.0652e-14
-4.0652e-14
-4.0652e-14
-4.3996e-10
-8.22321e-11
-6.512e-12
-3.33204e-14
-4.0652e-14
-4.0652e-14
-4.0652e-14
-4.0652e-14
-4.0652e-14
-4.0652e-14
-4.0652e-14
-4.0652e-14
-4.0652e-14
-4.0652e-14
-4.0652e-14
-4.0652e-14
-4.0652e-14
-4.0652e-14
-4.0652e-14
-4.0652e-14
-4.0652e-14
-4.0652e-14
-4.0652e-14
-4.0652e-14
-4.0652e-14
-4.0652e-14
-4.0652e-14
-4.0652e-14
-4.0652e-14
-4.0652e-14
-4.93891e-10
-5.61966e-11
-1.17773e-11
-6.72286e-12
-3.22565e-14
-4.05775e-14
-4.0652e-14
-4.0652e-14
-4.0652e-14
-4.0652e-14
-4.0652e-14
-4.0652e-14
-4.0652e-14
-4.0652e-14
-4.0652e-14
-4.0652e-14
-4.0652e-14
-4.0652e-14
-4.0652e-14
-4.0652e-14
-4.0652e-14
-4.0652e-14
-4.0652e-14
-4.0652e-14
-4.0652e-14
-4.0652e-14
-4.0652e-14
-4.0652e-14
-4.0652e-14
-4.0652e-14
-1.06214e-09
-2.31627e-10
-1.57164e-11
-5.87612e-12
-2.73258e-12
-1.73894e-12
-3.1156e-14
-4.06518e-14
-4.06518e-14
-4.06518e-14
-4.06518e-14
-4.06518e-14
-4.0652e-14
-4.0652e-14
-4.0652e-14
-4.0652e-14
-4.0652e-14
-4.0652e-14
-4.0652e-14
-4.0652e-14
-4.0652e-14
-4.0652e-14
-4.0652e-14
-4.0652e-14
-4.0652e-14
-4.0652e-14
-4.0652e-14
-4.0652e-14
-4.0652e-14
-4.0652e-14
-8.18967e-10
-3.2036e-10
-1.1934e-10
-5.75647e-11
-3.55084e-11
-2.63535e-11
-2.09152e-11
-1.80021e-11
-1.60908e-11
-1.52905e-11
-1.30184e-11
-1.40367e-11
-2.65466e-14
-4.02658e-14
-4.00092e-14
-3.96976e-14
-3.97332e-14
-4.00096e-14
-4.0318e-14
-4.05828e-14
-4.06519e-14
-4.06519e-14
-4.06519e-14
-4.06518e-14
-4.05901e-14
-4.06362e-14
-4.0652e-14
-4.0652e-14
-4.0652e-14
-4.0652e-14
-2.17399e-10
-7.4008e-11
-7.1774e-11
-5.32381e-11
-4.04349e-11
-3.46097e-11
-2.96181e-11
-2.84395e-11
-2.43384e-11
-2.52458e-11
-1.97902e-11
-1.92782e-11
-1.00551e-11
-8.35347e-12
-8.17688e-12
-8.30039e-12
-8.39062e-12
-8.80294e-12
-8.85839e-12
-9.25072e-12
-9.18954e-12
-8.49728e-12
-8.74187e-12
-1.30222e-12
-9.75608e-13
-1.27491e-12
-1.16183e-12
-4.98188e-13
-7.30006e-14
-2.79375e-14
-2.97205e-11
-2.58885e-11
-2.69059e-11
-2.48701e-11
-2.28532e-11
-2.11991e-11
-1.97288e-11
-1.9204e-11
-1.77966e-11
-1.75228e-11
-1.59247e-11
-1.54066e-11
-1.51598e-11
-1.34825e-11
-1.27997e-11
-1.28566e-11
-1.29431e-11
-1.32899e-11
-1.34641e-11
-1.3438e-11
-1.33976e-11
-1.18315e-11
-1.05511e-11
-7.19629e-12
-6.29731e-12
-6.35506e-12
-6.37832e-12
-6.16767e-12
-6.15947e-12
-6.29491e-12
-2.39862e-11
-2.11343e-11
-1.84984e-11
-1.77541e-11
-1.70766e-11
-1.64958e-11
-1.59337e-11
-1.55245e-11
-1.4973e-11
-1.4404e-11
-1.40455e-11
-1.37483e-11
-1.45092e-11
-1.42292e-11
-1.38987e-11
-1.39208e-11
-1.40644e-11
-1.42661e-11
-1.43211e-11
-1.41408e-11
-1.36753e-11
-1.26814e-11
-1.17519e-11
-1.11902e-11
-1.05728e-11
-1.04288e-11
-1.06028e-11
-1.09944e-11
-1.16352e-11
-1.19958e-11
-1.72221e-11
-1.59852e-11
-1.62975e-11
-1.68311e-11
-1.72175e-11
-1.74019e-11
-1.73139e-11
-1.70568e-11
-1.66488e-11
-1.61271e-11
-1.57909e-11
-1.56242e-11
-1.58026e-11
-1.59065e-11
-1.59432e-11
-1.60554e-11
-1.61862e-11
-1.6269e-11
-1.62124e-11
-1.59965e-11
-1.5559e-11
-1.5157e-11
-1.47297e-11
-1.48431e-11
-1.46177e-11
-1.4524e-11
-1.43205e-11
-1.43851e-11
-1.43505e-11
-1.48109e-11
-1.61693e-11
-1.62992e-11
-1.75875e-11
-1.89337e-11
-1.9867e-11
-2.0354e-11
-2.04646e-11
-2.03307e-11
-2.00593e-11
-1.97665e-11
-1.95696e-11
-1.95112e-11
-1.95783e-11
-1.96899e-11
-1.9699e-11
-1.96195e-11
-1.94432e-11
-1.92278e-11
-1.89197e-11
-1.86266e-11
-1.82642e-11
-1.81287e-11
-1.79625e-11
-1.81021e-11
-1.77456e-11
-1.75184e-11
-1.65828e-11
-1.57965e-11
-1.38464e-11
-1.29086e-11
-1.57524e-11
-1.86545e-11
-2.14358e-11
-2.29622e-11
-2.34939e-11
-2.35362e-11
-2.33218e-11
-2.30103e-11
-2.26774e-11
-2.2387e-11
-2.21682e-11
-2.19921e-11
-2.18339e-11
-2.16047e-11
-2.12799e-11
-2.07908e-11
-2.02994e-11
-1.97595e-11
-1.93367e-11
-1.89188e-11
-1.86625e-11
-1.84162e-11
-1.82403e-11
-1.79263e-11
-1.7417e-11
-1.67924e-11
-1.57516e-11
-1.49763e-11
-1.17937e-11
-9.93135e-12
-2.27239e-11
-2.72455e-11
-2.71292e-11
-2.56292e-11
-2.41848e-11
-2.31538e-11
-2.23735e-11
-2.18478e-11
-2.14095e-11
-2.1117e-11
-2.08212e-11
-2.05877e-11
-2.02827e-11
-1.99798e-11
-1.96142e-11
-1.92432e-11
-1.8909e-11
-1.85649e-11
-1.83292e-11
-1.80193e-11
-1.78274e-11
-1.73943e-11
-1.7053e-11
-1.62246e-11
-1.5727e-11
-1.44173e-11
-1.41173e-11
-1.24055e-11
-1.56292e-11
-1.99495e-11
-1.84474e-11
-1.74265e-11
-1.73189e-11
-1.75325e-11
-1.78038e-11
-1.81591e-11
-1.84298e-11
-1.87412e-11
-1.8906e-11
-1.91412e-11
-1.91956e-11
-1.93538e-11
-1.93008e-11
-1.93764e-11
-1.92474e-11
-1.92085e-11
-1.89977e-11
-1.87591e-11
-1.84179e-11
-1.79416e-11
-1.73194e-11
-1.65444e-11
-1.55441e-11
-1.45086e-11
-1.31435e-11
-1.23723e-11
-1.09459e-11
-1.01838e-11
-8.86709e-12
-3.10094e-12
-1.91294e-11
-1.96887e-11
-2.08178e-11
-2.18541e-11
-2.2443e-11
-2.27818e-11
-2.27994e-11
-2.28256e-11
-2.25924e-11
-2.24896e-11
-2.2055e-11
-2.18339e-11
-2.11942e-11
-2.08832e-11
-2.01239e-11
-1.97598e-11
-1.90112e-11
-1.84767e-11
-1.77156e-11
-1.67034e-11
-1.55727e-11
-1.40636e-11
-1.29409e-11
-1.12644e-11
-9.88694e-12
-8.77653e-12
-7.29857e-12
-6.4494e-12
-4.17752e-12
-5.07841e-12
-1.93306e-11
-1.90911e-11
-1.89531e-11
-1.89061e-11
-1.88276e-11
-1.87852e-11
-1.86679e-11
-1.86498e-11
-1.8502e-11
-1.85129e-11
-1.82746e-11
-1.831e-11
-1.79488e-11
-1.80855e-11
-1.7609e-11
-1.78779e-11
-1.72026e-11
-1.72068e-11
-1.60846e-11
-1.48123e-11
-1.29366e-11
-1.09928e-11
-9.63306e-12
-7.89015e-12
-6.88339e-12
-4.86084e-12
-3.91617e-12
-4.04633e-12
-1.05375e-13
-4.06504e-14
-1.93522e-11
-1.91654e-11
-1.91387e-11
-1.93324e-11
-1.95656e-11
-1.98881e-11
-2.00845e-11
-2.03678e-11
-2.04425e-11
-2.06708e-11
-2.05722e-11
-2.07019e-11
-2.03142e-11
-2.02817e-11
-1.94493e-11
-1.92939e-11
-1.77697e-11
-1.74632e-11
-1.48256e-11
-1.26137e-11
-9.72525e-12
-7.8152e-12
-5.20817e-12
-4.34916e-12
-4.74078e-12
-4.90073e-13
-4.06061e-14
-4.0652e-14
-4.0652e-14
-4.0652e-14
-1.93992e-11
-1.92689e-11
-1.91949e-11
-1.92388e-11
-1.92835e-11
-1.94212e-11
-1.94579e-11
-1.96055e-11
-1.95656e-11
-1.96886e-11
-1.94971e-11
-1.94823e-11
-1.89882e-11
-1.86435e-11
-1.78176e-11
-1.71347e-11
-1.56914e-11
-1.48513e-11
-1.07783e-11
-8.55571e-12
-4.99392e-12
-4.95689e-12
-3.01514e-14
-4.0652e-14
-4.0652e-14
-4.0652e-14
-4.0652e-14
-4.0652e-14
-4.0652e-14
-4.0652e-14
-1.94307e-11
-1.93374e-11
-1.92544e-11
-1.92741e-11
-1.92764e-11
-1.94206e-11
-1.94533e-11
-1.96919e-11
-1.96826e-11
-2.00102e-11
-1.9877e-11
-2.02322e-11
-1.97682e-11
-1.97924e-11
-1.87508e-11
-1.7539e-11
-1.58181e-11
-1.2225e-11
-6.23106e-12
-5.86367e-12
-6.21393e-14
-4.06516e-14
-4.0652e-14
-4.0652e-14
-4.0652e-14
-4.0652e-14
-4.0652e-14
-4.0652e-14
-4.0652e-14
-4.0652e-14
-1.94523e-11
-1.93815e-11
-1.93105e-11
-1.93159e-11
-1.92988e-11
-1.9412e-11
-1.94251e-11
-1.96603e-11
-1.96444e-11
-2.00434e-11
-1.99053e-11
-2.05143e-11
-1.99307e-11
-2.04304e-11
-1.83393e-11
-1.71751e-11
-1.38558e-11
-6.75396e-12
-1.58987e-13
-4.0649e-14
-4.0652e-14
-4.0652e-14
-4.0652e-14
-4.0652e-14
-4.0652e-14
-4.0652e-14
-4.0652e-14
-4.0652e-14
-4.0652e-14
-4.0652e-14
-1.9465e-11
-1.94082e-11
-1.93486e-11
-1.9347e-11
-1.93272e-11
-1.94154e-11
-1.9433e-11
-1.96459e-11
-1.96694e-11
-2.00738e-11
-2.00446e-11
-2.07824e-11
-2.04585e-11
-2.15877e-11
-1.93067e-11
-1.91185e-11
-1.03202e-11
-1.08811e-13
-4.06509e-14
-4.0652e-14
-4.0652e-14
-4.0652e-14
-4.0652e-14
-4.0652e-14
-4.0652e-14
-4.0652e-14
-4.0652e-14
-4.0652e-14
-4.0652e-14
-4.0652e-14
-1.94743e-11
-1.94156e-11
-1.93749e-11
-1.93526e-11
-1.93604e-11
-1.9397e-11
-1.9476e-11
-1.95905e-11
-1.97585e-11
-1.99812e-11
-2.02721e-11
-2.06858e-11
-2.11105e-11
-2.18333e-11
-2.15972e-11
-2.14724e-11
-4.32332e-12
-4.02164e-14
-4.0652e-14
-4.0652e-14
-4.0652e-14
-4.0652e-14
-4.0652e-14
-4.0652e-14
-4.0652e-14
-4.0652e-14
-4.0652e-14
-4.0652e-14
-4.0652e-14
-4.0652e-14
)
;

boundaryField
{
    inlet1
    {
        type            calculated;
        value           uniform -5e-10;
    }
    inlet2
    {
        type            calculated;
        value           nonuniform List<scalar> 10(-4.3996e-10 -4.93891e-10 -1.06214e-09 -8.18967e-10 -2.17399e-10 -2.97205e-11 -2.39862e-11 -1.72221e-11 -1.61693e-11 -1.57524e-11);
    }
    inlet3
    {
        type            calculated;
        value           uniform -1.95111e-11;
    }
    output1
    {
        type            calculated;
        value           nonuniform List<scalar> 10(-4.0652e-14 -4.0652e-14 -4.0652e-14 -4.0652e-14 -4.0652e-14 -4.0652e-14 -4.0652e-14 -4.0652e-14 -4.0652e-14 -4.0652e-14);
    }
    output2
    {
        type            calculated;
        value           nonuniform List<scalar> 10(-4.0652e-14 -4.0652e-14 -4.0652e-14 -4.0652e-14 -2.79375e-14 -6.29491e-12 -1.19958e-11 -1.48109e-11 -1.29086e-11 -9.93135e-12);
    }
    output3
    {
        type            calculated;
        value           nonuniform List<scalar> 10(-1.99495e-11 -3.10094e-12 -5.07841e-12 -4.06504e-14 -4.0652e-14 -4.0652e-14 -4.0652e-14 -4.0652e-14 -4.0652e-14 -4.0652e-14);
    }
    up
    {
        type            calculated;
        value           nonuniform List<scalar> 
30
(
-1.94743e-11
-1.94156e-11
-1.93749e-11
-1.93526e-11
-1.93604e-11
-1.9397e-11
-1.9476e-11
-1.95905e-11
-1.97585e-11
-1.99812e-11
-2.02721e-11
-2.06858e-11
-2.11105e-11
-2.18333e-11
-2.15972e-11
-2.14724e-11
-4.32332e-12
-4.02164e-14
-4.0652e-14
-4.0652e-14
-4.0652e-14
-4.0652e-14
-4.0652e-14
-4.0652e-14
-4.0652e-14
-4.0652e-14
-4.0652e-14
-4.0652e-14
-4.0652e-14
-4.0652e-14
)
;
    }
    down
    {
        type            calculated;
        value           nonuniform List<scalar> 
30
(
-3.25217e-10
-1.16093e-10
-4.89761e-12
-5.31077e-13
-4.01923e-14
-4.0652e-14
-4.0652e-14
-4.0652e-14
-4.0652e-14
-4.0652e-14
-4.0652e-14
-4.0652e-14
-4.0652e-14
-4.0652e-14
-4.0652e-14
-4.0652e-14
-4.0652e-14
-4.0652e-14
-4.0652e-14
-4.0652e-14
-4.0652e-14
-4.0652e-14
-4.0652e-14
-4.0652e-14
-4.0652e-14
-4.0652e-14
-4.0652e-14
-4.0652e-14
-4.0652e-14
-4.0652e-14
)
;
    }
    emptyWalls
    {
        type            empty;
    }
}


// ************************************************************************* //
