/*--------------------------------*- C++ -*----------------------------------*\
  =========                 |
  \\      /  F ield         | OpenFOAM: The Open Source CFD Toolbox
   \\    /   O peration     | Website:  https://openfoam.org
    \\  /    A nd           | Version:  9
     \\/     M anipulation  |
\*---------------------------------------------------------------------------*/
FoamFile
{
    format      ascii;
    class       volScalarField;
    location    "18500";
    object      fw;
}
// * * * * * * * * * * * * * * * * * * * * * * * * * * * * * * * * * * * * * //

dimensions      [0 0 0 0 0 0 0];

internalField   nonuniform List<scalar> 
900
(
0.999978
0.998004
0.536051
0.0517354
7.33684e-09
4.7991e-09
4.7991e-09
4.7991e-09
4.7991e-09
4.7991e-09
4.7991e-09
4.7991e-09
4.7991e-09
4.7991e-09
4.7991e-09
4.7991e-09
4.7991e-09
4.7991e-09
4.7991e-09
4.7991e-09
4.7991e-09
4.7991e-09
4.7991e-09
4.7991e-09
4.7991e-09
4.7991e-09
4.7991e-09
4.7991e-09
4.7991e-09
4.7991e-09
0.995337
0.898547
0.690074
0.872571
2.8067e-07
4.7991e-09
4.7991e-09
4.7991e-09
4.7991e-09
4.7991e-09
4.7991e-09
4.7991e-09
4.7991e-09
4.7991e-09
4.7991e-09
4.7991e-09
4.7991e-09
4.7991e-09
4.7991e-09
4.7991e-09
4.7991e-09
4.7991e-09
4.7991e-09
4.7991e-09
4.7991e-09
4.7991e-09
4.7991e-09
4.7991e-09
4.7991e-09
4.7991e-09
0.999621
0.937261
0.917907
0.00624946
4.86405e-09
4.7991e-09
4.7991e-09
4.7991e-09
4.7991e-09
4.7991e-09
4.7991e-09
4.7991e-09
4.7991e-09
4.7991e-09
4.7991e-09
4.7991e-09
4.7991e-09
4.7991e-09
4.7991e-09
4.7991e-09
4.7991e-09
4.7991e-09
4.7991e-09
4.7991e-09
4.7991e-09
4.7991e-09
4.7991e-09
4.7991e-09
4.7991e-09
4.7991e-09
0.997812
0.95025
0.943683
0.000508967
4.80823e-09
4.7991e-09
4.7991e-09
4.7991e-09
4.7991e-09
4.7991e-09
4.7991e-09
4.7991e-09
4.7991e-09
4.7991e-09
4.7991e-09
4.7991e-09
4.7991e-09
4.7991e-09
4.7991e-09
4.7991e-09
4.7991e-09
4.7991e-09
4.7991e-09
4.7991e-09
4.7991e-09
4.7991e-09
4.7991e-09
4.7991e-09
4.7991e-09
4.7991e-09
0.999626
0.963936
0.880978
5.9332e-05
4.79997e-09
4.7991e-09
4.7991e-09
4.7991e-09
4.7991e-09
4.7991e-09
4.7991e-09
4.7991e-09
4.7991e-09
4.7991e-09
4.7991e-09
4.7991e-09
4.7991e-09
4.7991e-09
4.7991e-09
4.7991e-09
4.7991e-09
4.7991e-09
4.7991e-09
4.7991e-09
4.7991e-09
4.7991e-09
4.7991e-09
4.7991e-09
4.7991e-09
4.7991e-09
0.999238
0.960561
0.84081
1.5512e-06
4.79911e-09
4.7991e-09
4.7991e-09
4.7991e-09
4.7991e-09
4.7991e-09
4.7991e-09
4.7991e-09
4.7991e-09
4.7991e-09
4.7991e-09
4.7991e-09
4.7991e-09
4.7991e-09
4.7991e-09
4.7991e-09
4.7991e-09
4.7991e-09
4.7991e-09
4.7991e-09
4.7991e-09
4.7991e-09
4.7991e-09
4.7991e-09
4.7991e-09
4.7991e-09
0.999825
0.977968
0.753451
6.71272e-08
4.7991e-09
4.7991e-09
4.7991e-09
4.7991e-09
4.7991e-09
4.7991e-09
4.7991e-09
4.7991e-09
4.7991e-09
4.7991e-09
4.7991e-09
4.7991e-09
4.7991e-09
4.7991e-09
4.7991e-09
4.7991e-09
4.7991e-09
4.7991e-09
4.7991e-09
4.7991e-09
4.7991e-09
4.7991e-09
4.7991e-09
4.7991e-09
4.7991e-09
4.7991e-09
0.999699
0.97187
0.88002
1.01338e-08
4.7991e-09
4.7991e-09
4.7991e-09
4.7991e-09
4.7991e-09
4.7991e-09
4.7991e-09
4.7991e-09
4.7991e-09
4.7991e-09
4.7991e-09
4.7991e-09
4.7991e-09
4.7991e-09
4.7991e-09
4.7991e-09
4.7991e-09
4.7991e-09
4.7991e-09
4.7991e-09
4.7991e-09
4.7991e-09
4.7991e-09
4.7991e-09
4.7991e-09
4.7991e-09
0.999946
0.977613
0.0588308
4.87215e-09
4.7991e-09
4.7991e-09
4.7991e-09
4.7991e-09
4.7991e-09
4.7991e-09
4.7991e-09
4.7991e-09
4.7991e-09
4.7991e-09
4.7991e-09
4.7991e-09
4.7991e-09
4.7991e-09
4.7991e-09
4.7991e-09
4.7991e-09
4.7991e-09
4.7991e-09
4.7991e-09
4.7991e-09
4.7991e-09
4.7991e-09
4.7991e-09
4.7991e-09
4.7991e-09
0.999957
0.974496
0.00140892
4.80119e-09
4.7991e-09
4.7991e-09
4.7991e-09
4.7991e-09
4.7991e-09
4.7991e-09
4.7991e-09
4.7991e-09
4.7991e-09
4.7991e-09
4.7991e-09
4.7991e-09
4.7991e-09
4.7991e-09
4.7991e-09
4.7991e-09
4.7991e-09
4.7991e-09
4.7991e-09
4.7991e-09
4.7991e-09
4.7991e-09
4.7991e-09
4.7991e-09
4.7991e-09
4.79911e-09
1
0.995014
0.639229
1.00539e-06
4.79927e-09
4.7991e-09
4.7991e-09
4.7991e-09
4.7991e-09
4.7991e-09
4.7991e-09
4.7991e-09
4.7991e-09
4.7991e-09
4.7991e-09
4.7991e-09
4.7991e-09
4.7991e-09
4.7991e-09
4.7991e-09
4.7991e-09
4.7991e-09
4.7991e-09
4.7991e-09
4.7991e-09
4.7991e-09
4.7991e-09
4.7991e-09
4.79909e-09
4.79909e-09
1
0.987988
0.818101
0.650353
0.000629913
5.14759e-09
4.7991e-09
4.7991e-09
4.7991e-09
4.7991e-09
4.7991e-09
4.7991e-09
4.7991e-09
4.7991e-09
4.7991e-09
4.7991e-09
4.7991e-09
4.7991e-09
4.7991e-09
4.7991e-09
4.7991e-09
4.7991e-09
4.7991e-09
4.7991e-09
4.7991e-09
4.7991e-09
4.7991e-09
4.7991e-09
4.7991e-09
4.7991e-09
1.00005
0.999834
0.878941
0.602637
0.332097
0.209594
3.48466e-06
4.80005e-09
4.80025e-09
4.80028e-09
4.80023e-09
4.80007e-09
4.79911e-09
4.7991e-09
4.7991e-09
4.7991e-09
4.7991e-09
4.7991e-09
4.7991e-09
4.7991e-09
4.7991e-09
4.7991e-09
4.7991e-09
4.7991e-09
4.7991e-09
4.7991e-09
4.7991e-09
4.7991e-09
4.7991e-09
4.7991e-09
1.00002
0.999975
0.998157
0.9886
0.969541
0.94757
0.922516
0.901562
0.883126
0.873913
0.84127
0.857243
0.000138554
6.86344e-09
8.64508e-09
1.13634e-08
1.10182e-08
8.64225e-09
6.54459e-09
5.12204e-09
4.79987e-09
4.79987e-09
4.7997e-09
4.80041e-09
5.08719e-09
4.8714e-09
4.7991e-09
4.7991e-09
4.7991e-09
4.7991e-09
0.999778
0.993565
0.993082
0.986507
0.976303
0.968028
0.95739
0.954168
0.939848
0.943511
0.915258
0.91163
0.777076
0.722307
0.715569
0.720305
0.723696
0.738475
0.740378
0.753295
0.751341
0.727629
0.736357
0.151788
0.108363
0.148143
0.133065
0.0477918
0.00366546
2.24467e-05
0.957654
0.945918
0.949441
0.942034
0.933085
0.924206
0.914834
0.911086
0.899789
0.897355
0.881295
0.875313
0.87231
0.848852
0.837507
0.838499
0.839989
0.84577
0.848562
0.848148
0.847505
0.819211
0.790143
0.673673
0.627403
0.630635
0.631926
0.620007
0.619533
0.627268
0.938335
0.923825
0.905664
0.899417
0.893201
0.887424
0.881396
0.876712
0.869967
0.862438
0.857371
0.852962
0.863877
0.86
0.855216
0.855545
0.857644
0.860521
0.86129
0.858743
0.851849
0.835418
0.817577
0.805425
0.790689
0.787025
0.791443
0.800917
0.815145
0.822517
0.894581
0.881967
0.885349
0.890812
0.894538
0.896252
0.895439
0.893011
0.888988
0.883521
0.879791
0.877877
0.879924
0.881092
0.881501
0.882739
0.88416
0.885046
0.884441
0.882092
0.877117
0.872275
0.866822
0.868302
0.865338
0.864078
0.861281
0.862178
0.861699
0.867884
0.883978
0.885366
0.897937
0.909063
0.915783
0.919011
0.919719
0.918861
0.917079
0.915095
0.913721
0.913308
0.913783
0.914564
0.914627
0.914073
0.912823
0.911261
0.908957
0.906684
0.90376
0.902633
0.901225
0.90241
0.899342
0.897314
0.888318
0.879854
0.854438
0.839397
0.879353
0.906904
0.925576
0.933617
0.936128
0.936322
0.935331
0.93385
0.932214
0.930739
0.929598
0.92866
0.927801
0.926532
0.924678
0.921758
0.918658
0.915047
0.912056
0.90895
0.906967
0.905002
0.903563
0.900914
0.89639
0.890428
0.879344
0.870009
0.818439
0.773635
0.932445
0.950545
0.950171
0.944965
0.939195
0.934538
0.93067
0.927878
0.925425
0.923723
0.921943
0.920497
0.918549
0.916547
0.914035
0.911375
0.908875
0.906195
0.904294
0.901709
0.900058
0.896183
0.892974
0.884572
0.879063
0.862622
0.858407
0.830395
0.877935
0.916343
0.905254
0.896478
0.895486
0.897442
0.899852
0.902887
0.905112
0.907582
0.908852
0.910622
0.911024
0.91218
0.911795
0.912343
0.911405
0.911119
0.909548
0.907722
0.905016
0.901045
0.89549
0.887924
0.876942
0.863869
0.843367
0.829774
0.799778
0.780574
0.740674
0.373021
0.910534
0.914556
0.921923
0.927912
0.931027
0.932733
0.93282
0.932949
0.931787
0.931265
0.928997
0.927802
0.924178
0.922321
0.917509
0.915048
0.90965
0.90549
0.899078
0.889539
0.877277
0.857633
0.839951
0.807097
0.772382
0.737562
0.678428
0.635834
0.477669
0.549393
0.912012
0.910249
0.909211
0.908853
0.908251
0.907923
0.907009
0.906867
0.905693
0.90578
0.903845
0.904136
0.901107
0.902269
0.89813
0.900496
0.894397
0.894438
0.883059
0.867903
0.839877
0.800881
0.765025
0.704133
0.658509
0.533275
0.454263
0.466074
0.00631819
4.80642e-09
0.912168
0.910801
0.910604
0.912025
0.913693
0.915927
0.917247
0.9191
0.919579
0.921016
0.9204
0.921209
0.918754
0.918543
0.912867
0.911745
0.899554
0.896813
0.868075
0.834205
0.767735
0.701038
0.558666
0.49238
0.524064
0.0468263
5.01112e-09
4.7991e-09
4.7991e-09
4.7991e-09
0.912507
0.911563
0.911019
0.911342
0.911669
0.912666
0.912928
0.913974
0.913693
0.914555
0.913208
0.913103
0.909476
0.906817
0.899972
0.893755
0.878654
0.868408
0.795766
0.729751
0.543221
0.54048
0.000473458
4.79941e-09
4.7991e-09
4.7991e-09
4.7991e-09
4.7991e-09
4.7991e-09
4.7991e-09
0.912733
0.912061
0.911456
0.911601
0.911617
0.912661
0.912896
0.914578
0.914513
0.916751
0.915852
0.918221
0.915106
0.915273
0.907656
0.897501
0.880099
0.826988
0.623648
0.601872
0.00282288
4.80125e-09
4.7991e-09
4.7991e-09
4.7991e-09
4.7991e-09
4.7991e-09
4.7991e-09
4.7991e-09
4.7991e-09
0.912888
0.91238
0.911866
0.911905
0.91178
0.912599
0.912693
0.914358
0.914247
0.916973
0.916044
0.920034
0.916216
0.919501
0.904376
0.894138
0.854579
0.651953
0.0110936
4.81285e-09
4.7991e-09
4.7991e-09
4.7991e-09
4.7991e-09
4.7991e-09
4.7991e-09
4.7991e-09
4.7991e-09
4.7991e-09
4.7991e-09
0.912979
0.912572
0.912142
0.912131
0.911987
0.912624
0.91275
0.914257
0.914422
0.917176
0.916981
0.921706
0.91968
0.926437
0.911838
0.910454
0.784198
0.00661093
4.80414e-09
4.7991e-09
4.7991e-09
4.7991e-09
4.7991e-09
4.7991e-09
4.7991e-09
4.7991e-09
4.7991e-09
4.7991e-09
4.7991e-09
4.7991e-09
0.913045
0.912626
0.912333
0.912171
0.912228
0.912491
0.913057
0.913869
0.915039
0.916556
0.918481
0.92111
0.923684
0.927798
0.92649
0.925784
0.490198
7.17851e-09
4.7991e-09
4.7991e-09
4.7991e-09
4.7991e-09
4.7991e-09
4.7991e-09
4.7991e-09
4.7991e-09
4.7991e-09
4.7991e-09
4.7991e-09
4.7991e-09
)
;

boundaryField
{
    inlet1
    {
        type            calculated;
        value           uniform 1;
    }
    inlet2
    {
        type            calculated;
        value           nonuniform List<scalar> 10(1 1 1.00005 1.00002 0.999778 0.957654 0.938335 0.894581 0.883978 0.879353);
    }
    inlet3
    {
        type            calculated;
        value           uniform 0.913307;
    }
    output1
    {
        type            calculated;
        value           nonuniform List<scalar> 10(4.7991e-09 4.7991e-09 4.7991e-09 4.7991e-09 4.7991e-09 4.7991e-09 4.7991e-09 4.7991e-09 4.7991e-09 4.79911e-09);
    }
    output2
    {
        type            calculated;
        value           nonuniform List<scalar> 10(4.79909e-09 4.7991e-09 4.7991e-09 4.7991e-09 2.24467e-05 0.627268 0.822517 0.867884 0.839397 0.773635);
    }
    output3
    {
        type            calculated;
        value           nonuniform List<scalar> 10(0.916343 0.373021 0.549393 4.80642e-09 4.7991e-09 4.7991e-09 4.7991e-09 4.7991e-09 4.7991e-09 4.7991e-09);
    }
    up
    {
        type            calculated;
        value           nonuniform List<scalar> 
30
(
0.913045
0.912626
0.912333
0.912171
0.912228
0.912491
0.913057
0.913869
0.915039
0.916556
0.918481
0.92111
0.923684
0.927798
0.92649
0.925784
0.490198
7.17851e-09
4.7991e-09
4.7991e-09
4.7991e-09
4.7991e-09
4.7991e-09
4.7991e-09
4.7991e-09
4.7991e-09
4.7991e-09
4.7991e-09
4.7991e-09
4.7991e-09
)
;
    }
    down
    {
        type            calculated;
        value           nonuniform List<scalar> 
30
(
0.999978
0.998004
0.536051
0.0517354
7.33684e-09
4.7991e-09
4.7991e-09
4.7991e-09
4.7991e-09
4.7991e-09
4.7991e-09
4.7991e-09
4.7991e-09
4.7991e-09
4.7991e-09
4.7991e-09
4.7991e-09
4.7991e-09
4.7991e-09
4.7991e-09
4.7991e-09
4.7991e-09
4.7991e-09
4.7991e-09
4.7991e-09
4.7991e-09
4.7991e-09
4.7991e-09
4.7991e-09
4.7991e-09
)
;
    }
    emptyWalls
    {
        type            empty;
    }
}


// ************************************************************************* //
