/*--------------------------------*- C++ -*----------------------------------*\
  =========                 |
  \\      /  F ield         | OpenFOAM: The Open Source CFD Toolbox
   \\    /   O peration     | Website:  https://openfoam.org
    \\  /    A nd           | Version:  9
     \\/     M anipulation  |
\*---------------------------------------------------------------------------*/
FoamFile
{
    format      ascii;
    class       volScalarField;
    location    "18500";
    object      p;
}
// * * * * * * * * * * * * * * * * * * * * * * * * * * * * * * * * * * * * * //

dimensions      [0 0 0 0 0 0 0];

internalField   nonuniform List<scalar> 
900
(
1.64201e+07
1.64185e+07
1.64169e+07
1.64048e+07
1.63486e+07
1.59041e+07
1.54781e+07
1.50669e+07
1.46647e+07
1.42665e+07
1.38692e+07
1.34705e+07
1.30694e+07
1.26655e+07
1.22587e+07
1.18499e+07
1.14403e+07
1.10314e+07
1.06255e+07
1.02253e+07
9.8342e+06
9.45617e+06
9.09599e+06
8.75916e+06
8.45185e+06
8.18075e+06
7.95277e+06
7.77457e+06
7.65205e+06
7.58959e+06
1.64169e+07
1.64148e+07
1.64064e+07
1.64027e+07
1.63989e+07
1.58881e+07
1.54633e+07
1.5058e+07
1.46606e+07
1.42657e+07
1.38705e+07
1.3473e+07
1.30723e+07
1.26682e+07
1.22608e+07
1.18508e+07
1.14395e+07
1.10284e+07
1.06198e+07
1.02163e+07
9.82111e+06
9.43832e+06
9.07265e+06
8.72965e+06
8.41565e+06
8.13764e+06
7.90298e+06
7.71892e+06
7.59198e+06
7.52714e+06
1.64056e+07
1.6403e+07
1.63971e+07
1.63987e+07
1.62092e+07
1.58192e+07
1.5429e+07
1.50411e+07
1.46539e+07
1.42653e+07
1.38739e+07
1.34786e+07
1.30787e+07
1.26742e+07
1.22654e+07
1.18531e+07
1.14384e+07
1.1023e+07
1.0609e+07
1.01988e+07
9.79565e+06
9.40336e+06
9.02665e+06
8.67114e+06
8.34346e+06
8.05119e+06
7.8026e+06
7.60616e+06
7.46981e+06
7.39987e+06
1.63906e+07
1.63875e+07
1.63851e+07
1.63843e+07
1.60831e+07
1.57504e+07
1.53924e+07
1.50236e+07
1.46485e+07
1.42678e+07
1.38814e+07
1.34888e+07
1.30898e+07
1.26845e+07
1.22735e+07
1.18576e+07
1.14381e+07
1.10163e+07
1.05943e+07
1.01744e+07
9.75933e+06
9.35285e+06
8.95944e+06
8.58479e+06
8.23588e+06
7.92108e+06
7.65006e+06
7.43332e+06
7.28126e+06
7.20265e+06
1.63706e+07
1.63691e+07
1.63693e+07
1.63678e+07
1.60258e+07
1.57071e+07
1.53666e+07
1.50126e+07
1.46486e+07
1.4276e+07
1.3895e+07
1.35053e+07
1.31071e+07
1.27006e+07
1.22866e+07
1.18659e+07
1.14399e+07
1.10099e+07
1.05776e+07
1.0145e+07
9.71447e+06
9.28926e+06
8.87349e+06
8.47272e+06
8.09419e+06
7.74721e+06
7.44326e+06
7.1958e+06
7.01926e+06
6.92683e+06
1.63483e+07
1.63468e+07
1.63476e+07
1.63457e+07
1.60038e+07
1.56854e+07
1.53543e+07
1.50114e+07
1.46574e+07
1.42927e+07
1.39171e+07
1.35305e+07
1.31327e+07
1.27243e+07
1.23062e+07
1.18795e+07
1.14456e+07
1.10057e+07
1.05612e+07
1.01135e+07
9.66434e+06
9.21622e+06
8.77257e+06
8.3384e+06
7.92096e+06
7.53031e+06
7.17998e+06
6.88736e+06
6.67316e+06
6.55857e+06
1.63237e+07
1.63228e+07
1.63225e+07
1.63198e+07
1.59921e+07
1.56766e+07
1.5354e+07
1.50212e+07
1.46769e+07
1.43203e+07
1.39504e+07
1.35667e+07
1.31689e+07
1.27577e+07
1.23343e+07
1.19004e+07
1.14573e+07
1.10062e+07
1.0548e+07
1.00834e+07
9.6132e+06
9.13873e+06
8.66215e+06
8.18737e+06
7.72093e+06
7.27308e+06
6.85901e+06
6.50052e+06
6.22744e+06
6.07573e+06
1.62976e+07
1.62977e+07
1.63006e+07
1.62988e+07
1.59809e+07
1.56749e+07
1.53638e+07
1.50425e+07
1.47088e+07
1.4361e+07
1.39976e+07
1.3617e+07
1.32185e+07
1.28031e+07
1.23731e+07
1.19305e+07
1.14771e+07
1.10139e+07
1.05412e+07
1.00588e+07
9.56637e+06
9.06335e+06
8.54995e+06
8.02801e+06
7.50233e+06
6.98208e+06
6.48246e+06
6.02828e+06
5.66036e+06
5.44119e+06
1.62704e+07
1.62708e+07
1.62783e+07
1.62388e+07
1.59611e+07
1.56784e+07
1.53837e+07
1.50761e+07
1.47547e+07
1.44175e+07
1.4062e+07
1.36851e+07
1.32849e+07
1.28633e+07
1.24243e+07
1.19714e+07
1.15067e+07
1.1031e+07
1.0544e+07
1.00444e+07
9.53011e+06
8.99835e+06
8.4463e+06
7.87239e+06
7.2783e+06
6.67046e+06
6.06048e+06
5.46978e+06
4.94454e+06
4.58749e+06
1.62439e+07
1.62423e+07
1.62387e+07
1.61507e+07
1.59465e+07
1.56937e+07
1.54166e+07
1.51237e+07
1.48162e+07
1.44924e+07
1.41479e+07
1.37765e+07
1.33726e+07
1.29409e+07
1.24896e+07
1.20241e+07
1.15473e+07
1.10594e+07
1.05594e+07
1.00447e+07
9.51134e+06
8.95364e+06
8.36451e+06
7.73696e+06
7.06801e+06
6.36099e+06
5.61922e+06
4.84583e+06
4.06054e+06
3.37673e+06
1.6221e+07
1.62201e+07
1.62142e+07
1.61788e+07
1.59804e+07
1.57334e+07
1.54654e+07
1.51857e+07
1.48942e+07
1.45878e+07
1.42605e+07
1.39004e+07
1.34883e+07
1.30382e+07
1.25688e+07
1.20883e+07
1.15988e+07
1.10999e+07
1.05894e+07
1.00636e+07
9.51693e+06
8.94036e+06
8.32113e+06
7.64295e+06
6.89579e+06
6.08628e+06
5.20958e+06
4.23377e+06
3.07507e+06
1.48215e+06
1.62035e+07
1.62009e+07
1.61893e+07
1.6147e+07
1.60926e+07
1.5794e+07
1.55257e+07
1.52596e+07
1.4987e+07
1.47043e+07
1.4406e+07
1.40765e+07
1.36418e+07
1.31547e+07
1.26593e+07
1.21615e+07
1.16599e+07
1.1152e+07
1.06346e+07
1.01035e+07
9.55237e+06
8.96976e+06
8.3367e+06
7.61791e+06
6.78592e+06
5.87876e+06
4.89908e+06
3.80459e+06
2.52384e+06
958969
1.61939e+07
1.61894e+07
1.61728e+07
1.60969e+07
1.59705e+07
1.57968e+07
1.5592e+07
1.53399e+07
1.509e+07
1.48363e+07
1.45826e+07
1.43578e+07
1.38476e+07
1.32796e+07
1.27521e+07
1.22384e+07
1.17272e+07
1.12137e+07
1.06936e+07
1.01635e+07
9.61924e+06
9.04962e+06
8.438e+06
7.70608e+06
6.75124e+06
5.74375e+06
4.7034e+06
3.56167e+06
2.25672e+06
788856
1.61889e+07
1.61806e+07
1.6151e+07
1.60783e+07
1.59535e+07
1.57823e+07
1.55757e+07
1.53404e+07
1.50905e+07
1.4837e+07
1.45835e+07
1.43611e+07
1.41664e+07
1.33646e+07
1.28317e+07
1.23135e+07
1.17978e+07
1.12825e+07
1.07628e+07
1.02379e+07
9.71143e+06
9.17148e+06
8.65961e+06
8.01716e+06
6.76923e+06
5.64158e+06
4.60908e+06
3.48198e+06
2.15252e+06
728586
1.61892e+07
1.61772e+07
1.61347e+07
1.60566e+07
1.59313e+07
1.5762e+07
1.5557e+07
1.53268e+07
1.50769e+07
1.4818e+07
1.45485e+07
1.42641e+07
1.39021e+07
1.33641e+07
1.28323e+07
1.23142e+07
1.17984e+07
1.12832e+07
1.07635e+07
1.02386e+07
9.71236e+06
9.17237e+06
8.66287e+06
8.0726e+06
6.76103e+06
5.62944e+06
4.60912e+06
3.50049e+06
2.14555e+06
696548
1.62044e+07
1.61904e+07
1.61392e+07
1.60512e+07
1.59199e+07
1.57483e+07
1.55419e+07
1.53098e+07
1.50555e+07
1.47835e+07
1.44877e+07
1.41567e+07
1.37682e+07
1.33129e+07
1.28204e+07
1.23179e+07
1.18105e+07
1.12979e+07
1.07785e+07
1.02475e+07
9.70601e+06
9.13499e+06
8.51638e+06
7.73528e+06
6.69927e+06
5.61943e+06
4.52346e+06
3.34201e+06
2.04471e+06
685379
1.62891e+07
1.62594e+07
1.61898e+07
1.60813e+07
1.59343e+07
1.57515e+07
1.55374e+07
1.52974e+07
1.50338e+07
1.47465e+07
1.4431e+07
1.40805e+07
1.36938e+07
1.3269e+07
1.28093e+07
1.23281e+07
1.18332e+07
1.13259e+07
1.08046e+07
1.02638e+07
9.69608e+06
9.08115e+06
8.39041e+06
7.58573e+06
6.65386e+06
5.63233e+06
4.53648e+06
3.3486e+06
2.06209e+06
699448
1.64321e+07
1.63849e+07
1.62897e+07
1.61526e+07
1.59807e+07
1.57789e+07
1.55508e+07
1.5299e+07
1.50243e+07
1.47252e+07
1.43996e+07
1.40453e+07
1.3663e+07
1.32527e+07
1.28146e+07
1.23527e+07
1.18706e+07
1.13687e+07
1.08443e+07
1.02919e+07
9.70114e+06
9.05781e+06
8.3441e+06
7.55e+06
6.67002e+06
5.70488e+06
4.64997e+06
3.48932e+06
2.19279e+06
759823
1.66556e+07
1.65757e+07
1.64357e+07
1.62581e+07
1.60541e+07
1.58283e+07
1.55822e+07
1.53165e+07
1.50307e+07
1.47237e+07
1.4394e+07
1.40411e+07
1.36649e+07
1.32654e+07
1.28422e+07
1.23949e+07
1.19234e+07
1.14264e+07
1.09006e+07
1.03408e+07
9.73861e+06
9.08544e+06
8.37247e+06
7.59588e+06
6.7506e+06
5.83323e+06
4.83497e+06
3.73819e+06
2.47392e+06
934637
1.69706e+07
1.68134e+07
1.66072e+07
1.63823e+07
1.61439e+07
1.58926e+07
1.56275e+07
1.53479e+07
1.50524e+07
1.47398e+07
1.44091e+07
1.40595e+07
1.36901e+07
1.33003e+07
1.28884e+07
1.24526e+07
1.19908e+07
1.15003e+07
1.09776e+07
1.04176e+07
9.81511e+06
9.16427e+06
8.46093e+06
7.70148e+06
6.88304e+06
6.00242e+06
5.05726e+06
4.04608e+06
2.92768e+06
1.4566e+06
1.73724e+07
1.70567e+07
1.67804e+07
1.65117e+07
1.62413e+07
1.59658e+07
1.56827e+07
1.53902e+07
1.50866e+07
1.47704e+07
1.44402e+07
1.40949e+07
1.37328e+07
1.33523e+07
1.29513e+07
1.2527e+07
1.20764e+07
1.1596e+07
1.10818e+07
1.05289e+07
9.9333e+06
9.29079e+06
8.59942e+06
7.85563e+06
7.05973e+06
6.20872e+06
5.30837e+06
4.35077e+06
3.42557e+06
2.72251e+06
1.76876e+07
1.72896e+07
1.69508e+07
1.6641e+07
1.63417e+07
1.60447e+07
1.57456e+07
1.5442e+07
1.51318e+07
1.48134e+07
1.4485e+07
1.4145e+07
1.37913e+07
1.34216e+07
1.3033e+07
1.26227e+07
1.21864e+07
1.17202e+07
1.12192e+07
1.06781e+07
1.00924e+07
9.45923e+06
8.77807e+06
8.04899e+06
7.27029e+06
6.45049e+06
5.59592e+06
4.74398e+06
3.94526e+06
3.27834e+06
1.79266e+07
1.75025e+07
1.71236e+07
1.67771e+07
1.64492e+07
1.61307e+07
1.58161e+07
1.55022e+07
1.51862e+07
1.48665e+07
1.45408e+07
1.42076e+07
1.38637e+07
1.3507e+07
1.31334e+07
1.27397e+07
1.23208e+07
1.18723e+07
1.13879e+07
1.08611e+07
1.02865e+07
9.65957e+06
8.9844e+06
8.26488e+06
7.50756e+06
6.70988e+06
5.8854e+06
5.11055e+06
4.36655e+06
3.86892e+06
1.81133e+07
1.76776e+07
1.72753e+07
1.69023e+07
1.65509e+07
1.6214e+07
1.58859e+07
1.5563e+07
1.52425e+07
1.49226e+07
1.46009e+07
1.42759e+07
1.39442e+07
1.36034e+07
1.32481e+07
1.28754e+07
1.24775e+07
1.20511e+07
1.15861e+07
1.10754e+07
1.05116e+07
9.89045e+06
9.2086e+06
8.48237e+06
7.76598e+06
6.99235e+06
6.12437e+06
5.42986e+06
4.8791e+06
3.91279e+06
1.82593e+07
1.78175e+07
1.74026e+07
1.70131e+07
1.6645e+07
1.62936e+07
1.59544e+07
1.56242e+07
1.53003e+07
1.49812e+07
1.46648e+07
1.43498e+07
1.4033e+07
1.37116e+07
1.33797e+07
1.30324e+07
1.26603e+07
1.22583e+07
1.18126e+07
1.13169e+07
1.07601e+07
1.01555e+07
9.45948e+06
8.6477e+06
8.00995e+06
7.43801e+06
6.27396e+06
5.45625e+06
5.2198e+06
4.93905e+06
1.83728e+07
1.79276e+07
1.75055e+07
1.71058e+07
1.67262e+07
1.63642e+07
1.60163e+07
1.56803e+07
1.5354e+07
1.50363e+07
1.47256e+07
1.44214e+07
1.4121e+07
1.38217e+07
1.35179e+07
1.32017e+07
1.28626e+07
1.24875e+07
1.20553e+07
1.15747e+07
1.10183e+07
1.04253e+07
9.92091e+06
8.66186e+06
8.01633e+06
7.45817e+06
6.77353e+06
6.20195e+06
5.876e+06
5.68455e+06
1.8459e+07
1.80117e+07
1.75852e+07
1.71793e+07
1.67924e+07
1.6423e+07
1.6069e+07
1.57288e+07
1.54008e+07
1.50847e+07
1.47795e+07
1.4486e+07
1.42027e+07
1.39285e+07
1.36578e+07
1.3382e+07
1.30876e+07
1.27471e+07
1.23155e+07
1.18315e+07
1.14463e+07
1.04373e+07
9.79089e+06
8.97534e+06
8.304e+06
7.71623e+06
7.15976e+06
6.70201e+06
6.39772e+06
6.23859e+06
1.85213e+07
1.80727e+07
1.76436e+07
1.72338e+07
1.68423e+07
1.64683e+07
1.61101e+07
1.57672e+07
1.54381e+07
1.51234e+07
1.48227e+07
1.45384e+07
1.42701e+07
1.40204e+07
1.37845e+07
1.35564e+07
1.33176e+07
1.3034e+07
1.26782e+07
1.18537e+07
1.12969e+07
1.05438e+07
9.84685e+06
9.14461e+06
8.5081e+06
7.94299e+06
7.44729e+06
7.04863e+06
6.77429e+06
6.6335e+06
1.85618e+07
1.81124e+07
1.76819e+07
1.72699e+07
1.68757e+07
1.64989e+07
1.61383e+07
1.57936e+07
1.5464e+07
1.51503e+07
1.48528e+07
1.45746e+07
1.43171e+07
1.40861e+07
1.38814e+07
1.37044e+07
1.35349e+07
1.33343e+07
1.27869e+07
1.19997e+07
1.13043e+07
1.05944e+07
9.90804e+06
9.24816e+06
8.6408e+06
8.10034e+06
7.63776e+06
7.27091e+06
7.01731e+06
6.88761e+06
1.85818e+07
1.81321e+07
1.77008e+07
1.72878e+07
1.68924e+07
1.65143e+07
1.61526e+07
1.5807e+07
1.54773e+07
1.5164e+07
1.48682e+07
1.45928e+07
1.43409e+07
1.41189e+07
1.39321e+07
1.3792e+07
1.3696e+07
1.36691e+07
1.28351e+07
1.20537e+07
1.13264e+07
1.06212e+07
9.94281e+06
9.29919e+06
8.70661e+06
8.17982e+06
7.73251e+06
7.37995e+06
7.13643e+06
7.01202e+06
)
;

boundaryField
{
    inlet1
    {
        type            fixedGradient;
        gradient        uniform 20000;
    }
    inlet2
    {
        type            zeroGradient;
    }
    inlet3
    {
        type            fixedGradient;
        gradient        uniform 4.68141e+06;
    }
    output1
    {
        type            zeroGradient;
    }
    output2
    {
        type            fixedValue;
        value           uniform 0;
    }
    output3
    {
        type            zeroGradient;
    }
    up
    {
        type            zeroGradient;
    }
    down
    {
        type            zeroGradient;
    }
    emptyWalls
    {
        type            empty;
    }
}


// ************************************************************************* //
