/*--------------------------------*- C++ -*----------------------------------*\
  =========                 |
  \\      /  F ield         | OpenFOAM: The Open Source CFD Toolbox
   \\    /   O peration     | Website:  https://openfoam.org
    \\  /    A nd           | Version:  9
     \\/     M anipulation  |
\*---------------------------------------------------------------------------*/
FoamFile
{
    format      ascii;
    class       surfaceScalarField;
    location    "18500";
    object      phi;
}
// * * * * * * * * * * * * * * * * * * * * * * * * * * * * * * * * * * * * * //

dimensions      [0 3 -1 0 0 0 0];

internalField   nonuniform List<scalar> 
1740
(
3.81634e-08
5.65636e-08
1.08989e-08
1.75226e-08
2.58261e-09
5.01207e-09
1.41008e-09
2.35095e-09
1.38782e-09
7.27149e-11
1.7355e-09
1.02563e-10
1.67752e-09
6.49413e-11
1.64013e-09
3.52882e-11
1.6219e-09
1.51295e-11
1.61741e-09
2.00896e-12
1.62171e-09
-6.16325e-12
1.63095e-09
-1.07053e-11
1.64213e-09
-1.23959e-11
1.65274e-09
-1.16957e-11
1.66061e-09
-8.8747e-12
1.66368e-09
-4.06861e-12
1.65994e-09
2.70284e-12
1.64728e-09
1.15285e-11
1.62343e-09
2.25938e-11
1.5859e-09
3.61529e-11
1.53193e-09
5.24817e-11
1.45861e-09
7.1806e-11
1.36301e-09
9.42003e-11
1.24248e-09
1.19459e-10
1.09506e-09
1.46952e-10
9.20021e-10
1.75485e-10
7.18421e-10
2.0322e-10
4.93622e-10
2.27725e-10
2.51472e-10
2.46252e-10
2.56284e-10
1.31397e-08
1.55934e-07
6.90024e-09
2.30395e-08
5.12953e-09
1.44831e-08
3.29301e-09
2.37081e-09
1.40612e-09
4.44177e-10
1.79457e-09
2.26206e-10
1.65947e-09
1.21916e-10
1.62099e-09
6.10828e-11
1.60815e-09
2.3221e-11
1.60863e-09
-9.30393e-13
1.61677e-09
-1.59562e-11
1.62902e-09
-2.42612e-11
1.64268e-09
-2.71816e-11
1.65549e-09
-2.55111e-11
1.6654e-09
-1.97341e-11
1.67049e-09
-1.01029e-11
1.66885e-09
3.35076e-12
1.65846e-09
2.08168e-11
1.63712e-09
4.26915e-11
1.60233e-09
6.95306e-11
1.55127e-09
1.0196e-10
1.48088e-09
1.40534e-10
1.38794e-09
1.85529e-10
1.26937e-09
2.36679e-10
1.12269e-09
2.92858e-10
9.46576e-10
3.51759e-10
7.41617e-10
4.09658e-10
5.10972e-10
4.6142e-10
2.60793e-10
5.0099e-10
5.22602e-10
2.6989e-08
2.23922e-07
7.20341e-09
3.91995e-08
2.66946e-09
2.83844e-08
1.08019e-09
7.1738e-11
1.38167e-09
5.07216e-10
1.5836e-09
2.53813e-10
1.57847e-09
1.35436e-10
1.57619e-09
6.39058e-11
1.58108e-09
1.76023e-11
1.59219e-09
-1.29945e-11
1.60771e-09
-3.24679e-11
1.62566e-09
-4.31992e-11
1.6441e-09
-4.65552e-11
1.66114e-09
-4.34313e-11
1.67502e-09
-3.4447e-11
1.68404e-09
-1.99597e-11
1.68651e-09
-1.42721e-14
1.6806e-09
2.56947e-11
1.66425e-09
5.78216e-11
1.63501e-09
9.73133e-11
1.58995e-09
1.45289e-10
1.52571e-09
2.02836e-10
1.43849e-09
2.70701e-10
1.32437e-09
3.4887e-10
1.17973e-09
4.36038e-10
1.00197e-09
5.29028e-10
7.90497e-10
6.2223e-10
5.47863e-10
7.07308e-10
2.80742e-10
7.73685e-10
8.10537e-10
1.81164e-08
3.01722e-07
5.78821e-09
5.60746e-08
2.26833e-09
3.25205e-08
8.75347e-10
4.94616e-11
1.34613e-09
2.67031e-10
1.44061e-09
1.79978e-10
1.4947e-09
1.0211e-10
1.52422e-09
4.15018e-11
1.54778e-09
-3.72214e-12
1.57134e-09
-3.61797e-11
1.59621e-09
-5.77186e-11
1.62183e-09
-6.95092e-11
1.64691e-09
-7.24066e-11
1.66995e-09
-6.72107e-11
1.68949e-09
-5.46632e-11
1.70414e-09
-3.52751e-11
1.71254e-09
-9.14443e-12
1.71319e-09
2.41521e-11
1.70428e-09
6.55829e-11
1.68349e-09
1.16608e-10
1.64782e-09
1.79045e-10
1.5935e-09
2.54821e-10
1.51593e-09
3.45573e-10
1.40989e-09
4.5206e-10
1.2699e-09
5.73395e-10
1.09108e-09
7.06087e-10
8.70535e-10
8.42932e-10
6.09246e-10
9.71901e-10
3.14319e-10
1.07591e-09
1.13533e-09
1.74162e-08
3.8821e-07
1.58917e-09
6.88811e-08
7.6733e-10
3.00684e-08
9.00926e-10
6.48937e-11
1.34142e-09
1.14948e-10
1.37575e-09
9.70255e-11
1.43551e-09
5.15256e-11
1.47822e-09
3.71425e-12
1.51448e-09
-3.78111e-11
1.5492e-09
-7.02811e-11
1.58397e-09
-9.27147e-11
1.61853e-09
-1.0471e-10
1.65175e-09
-1.06351e-10
1.68226e-09
-9.83418e-11
1.70884e-09
-8.17207e-11
1.73048e-09
-5.73345e-11
1.74631e-09
-2.54427e-11
1.75533e-09
1.4472e-11
1.75618e-09
6.37453e-11
1.74684e-09
1.24488e-10
1.72434e-09
1.99462e-10
1.68453e-09
2.91833e-10
1.62186e-09
4.04709e-10
1.52935e-09
5.40402e-10
1.39887e-09
6.99395e-10
1.22194e-09
8.79001e-10
9.91314e-10
1.07151e-09
7.04273e-10
1.26146e-09
3.67297e-10
1.42273e-09
1.51954e-09
1.43843e-08
4.75181e-07
8.2529e-10
8.72161e-08
6.25413e-10
2.60574e-08
9.5111e-10
8.29884e-11
1.331e-09
5.74749e-11
1.34505e-09
4.16589e-11
1.39336e-09
3.25304e-12
1.43868e-09
-4.03578e-11
1.4827e-09
-8.0953e-11
1.52701e-09
-1.14416e-10
1.57193e-09
-1.38147e-10
1.61657e-09
-1.50264e-10
1.6593e-09
-1.49944e-10
1.69851e-09
-1.38086e-10
1.73312e-09
-1.16544e-10
1.76264e-09
-8.69003e-11
1.78689e-09
-4.97657e-11
1.80564e-09
-4.56996e-12
1.81827e-09
5.04354e-11
1.82333e-09
1.18135e-10
1.81817e-09
2.02485e-10
1.79844e-09
3.08344e-10
1.75762e-09
4.41028e-10
1.68676e-09
6.05445e-10
1.57432e-09
8.04787e-10
1.40647e-09
1.03901e-09
1.16851e-09
1.30267e-09
8.49241e-10
1.5797e-09
4.50607e-10
1.83403e-09
2.00056e-09
1.8e-08
5.59903e-07
1.96281e-09
9.94942e-08
1.0082e-09
2.83421e-08
9.6317e-10
1.24524e-10
1.30215e-09
5.46087e-11
1.31458e-09
8.88346e-12
1.3542e-09
-3.98138e-11
1.40043e-09
-8.74438e-11
1.45065e-09
-1.31225e-10
1.5042e-09
-1.6828e-10
1.56018e-09
-1.95195e-10
1.61652e-09
-2.08255e-10
1.67036e-09
-2.05078e-10
1.71934e-09
-1.87516e-10
1.76249e-09
-1.5947e-10
1.80006e-09
-1.23958e-10
1.83295e-09
-8.21515e-11
1.86208e-09
-3.34235e-11
1.88792e-09
2.44322e-11
1.91005e-09
9.51348e-11
1.92658e-09
1.84004e-10
1.93341e-09
2.98033e-10
1.92343e-09
4.45617e-10
1.88576e-09
6.35566e-10
1.80517e-09
8.75302e-10
1.66113e-09
1.16961e-09
1.42702e-09
1.52044e-09
1.07358e-09
1.92063e-09
5.85895e-10
2.33312e-09
2.6481e-09
6.93544e-09
6.5317e-07
-3.202e-09
1.05717e-07
-1.13835e-10
1.83776e-08
9.52423e-10
2.31097e-10
1.2613e-09
6.63974e-11
1.26998e-09
-2.09191e-11
1.30844e-09
-8.39473e-11
1.3582e-09
-1.38377e-10
1.41527e-09
-1.88224e-10
1.47896e-09
-2.32286e-10
1.54807e-09
-2.66098e-10
1.61896e-09
-2.82489e-10
1.68627e-09
-2.74597e-10
1.74601e-09
-2.47433e-10
1.79743e-09
-2.0986e-10
1.84217e-09
-1.67312e-10
1.88278e-09
-1.21459e-10
1.9218e-09
-7.14041e-11
1.96128e-09
-1.4413e-11
2.00238e-09
5.39756e-11
2.04469e-09
1.40369e-10
2.0852e-09
2.54168e-10
2.11691e-09
4.07842e-10
2.12768e-09
6.15908e-10
2.09947e-09
8.91255e-10
2.00584e-09
1.24366e-09
1.80485e-09
1.68886e-09
1.43216e-09
2.24927e-09
8.19398e-10
2.92971e-09
3.61063e-09
3.18604e-09
7.49119e-07
-7.73473e-09
1.07054e-07
7.94363e-10
9.82139e-10
8.918e-10
2.11451e-10
1.15639e-09
1.53594e-11
1.19889e-09
-7.50093e-11
1.25138e-09
-1.36679e-10
1.30866e-09
-1.93891e-10
1.37328e-09
-2.51011e-10
1.4483e-09
-3.06544e-10
1.53418e-09
-3.54426e-10
1.62499e-09
-3.81011e-10
1.70974e-09
-3.6339e-10
1.781e-09
-3.17758e-10
1.83906e-09
-2.65228e-10
1.88839e-09
-2.13969e-10
1.93418e-09
-1.64969e-10
1.98107e-09
-1.16316e-10
2.03304e-09
-6.46478e-11
2.09348e-09
-5.18092e-12
2.16458e-09
6.93309e-11
2.24579e-09
1.7043e-10
2.33135e-09
3.15678e-10
2.40857e-09
5.28978e-10
2.45919e-09
8.30149e-10
2.45792e-09
1.22492e-09
2.35438e-09
1.74208e-09
2.03081e-09
2.45789e-09
1.25955e-09
3.52584e-09
5.25407e-09
3.18829e-08
8.10777e-07
5.23791e-09
1.34606e-07
3.95618e-10
8.09881e-09
7.61365e-10
6.40852e-11
1.00297e-09
-1.68083e-10
1.11787e-09
-1.57856e-10
1.18953e-09
-1.93869e-10
1.25179e-09
-2.495e-10
1.32087e-09
-3.15386e-10
1.40679e-09
-3.88457e-10
1.51537e-09
-4.64054e-10
1.63706e-09
-5.23741e-10
1.74668e-09
-4.80194e-10
1.82921e-09
-3.94983e-10
1.88939e-09
-3.19324e-10
1.93815e-09
-2.58366e-10
1.9845e-09
-2.0813e-10
2.03524e-09
-1.64236e-10
2.09633e-09
-1.22674e-10
2.17392e-09
-7.93794e-11
2.27435e-09
-2.82962e-11
2.40204e-09
4.25427e-11
2.55414e-09
1.55468e-10
2.71604e-09
3.54179e-10
2.87081e-09
6.75429e-10
3.01227e-09
1.0838e-09
3.12395e-09
1.59665e-09
3.07713e-09
2.31437e-09
2.18801e-09
3.4617e-09
5.61312e-09
2.43383e-08
7.80428e-07
2.08045e-08
1.28236e-07
6.91791e-09
2.02195e-08
6.47369e-10
1.37614e-08
9.76159e-10
-1.40405e-10
1.08009e-09
-1.6633e-10
1.13708e-09
-2.39554e-10
1.18809e-09
-2.94857e-10
1.25162e-09
-3.7258e-10
1.3426e-09
-4.67848e-10
1.48346e-09
-5.89594e-10
1.66118e-09
-7.69708e-10
1.81073e-09
-6.38665e-10
1.89976e-09
-4.62655e-10
1.95115e-09
-3.58717e-10
1.99032e-09
-2.92042e-10
2.03043e-09
-2.44945e-10
2.07908e-09
-2.09817e-10
2.14311e-09
-1.82431e-10
2.23152e-09
-1.61369e-10
2.35687e-09
-1.45682e-10
2.53386e-09
-1.27426e-10
2.76714e-09
-9.05172e-11
3.03062e-09
5.68327e-11
3.29573e-09
4.33582e-10
3.5964e-09
8.38203e-10
4.05201e-09
1.24632e-09
4.96578e-09
1.74126e-09
7.42799e-09
2.39345e-09
3.16177e-09
5.17729e-08
7.21183e-07
3.57265e-08
1.60538e-07
3.21325e-08
2.72635e-08
1.65476e-08
2.38439e-08
8.59652e-10
9.51191e-09
1.11818e-09
4.46531e-10
1.09067e-09
-1.67586e-10
1.11188e-09
-2.38836e-10
1.1549e-09
-3.04216e-10
1.22854e-09
-3.87344e-10
1.41467e-09
-5.07683e-10
1.71348e-09
-7.54068e-10
1.93531e-09
-8.98312e-10
2.00794e-09
-4.58665e-10
2.02511e-09
-3.6149e-10
2.04155e-09
-3.07033e-10
2.06784e-09
-2.70595e-10
2.10754e-09
-2.48207e-10
2.16549e-09
-2.36156e-10
2.25218e-09
-2.38054e-10
2.38775e-09
-2.65636e-10
2.60937e-09
-3.16038e-10
2.94995e-09
-4.46945e-10
3.34356e-09
-4.69923e-10
3.68511e-09
1.6386e-10
4.02558e-09
5.89154e-10
4.52194e-09
8.09162e-10
5.30597e-09
1.01092e-09
6.43159e-09
1.20907e-09
9.38739e-10
2.39384e-07
4.81434e-07
1.58489e-07
2.15982e-07
6.60703e-08
1.28766e-07
5.02209e-08
6.81082e-08
3.69562e-08
4.42714e-08
1.68112e-08
2.3433e-08
8.66027e-10
1.82244e-08
1.02197e-09
5.82064e-09
1.02757e-09
5.17044e-09
1.00197e-09
6.86354e-09
1.23322e-09
1.09062e-08
1.84274e-09
3.26021e-08
2.2091e-09
-5.69367e-10
2.17159e-09
-2.98312e-10
2.09981e-09
-2.55498e-10
2.08292e-09
-2.29837e-10
2.09184e-09
-2.10867e-10
2.11775e-09
-2.02056e-10
2.15914e-09
-2.00705e-10
2.22396e-09
-2.12608e-10
2.33258e-09
-2.56293e-10
2.56594e-09
-3.2975e-10
3.0797e-09
-5.567e-10
3.70857e-09
-7.78258e-10
4.07555e-09
7.02726e-12
4.29888e-09
3.57171e-10
4.70421e-09
3.90536e-10
5.30458e-09
3.90041e-10
5.91324e-09
4.90359e-10
3.27952e-10
4.74899e-07
1.1384e-08
6.09183e-07
8.03987e-08
5.89355e-07
1.34875e-07
5.47059e-07
9.41875e-08
5.11677e-07
6.86921e-08
4.79926e-07
5.23309e-08
4.49416e-07
4.33216e-08
4.2087e-07
2.76419e-08
3.96347e-07
2.66178e-08
3.48713e-07
4.07359e-08
3.01254e-07
5.8494e-08
1.47037e-07
1.31406e-07
2.00487e-09
1.00044e-07
2.39479e-09
1.07027e-08
2.07741e-09
2.22157e-09
2.05031e-09
-9.77148e-10
2.0594e-09
-2.73798e-09
2.08812e-09
-3.45913e-09
2.11959e-09
-3.54913e-09
2.15046e-09
-2.30198e-09
2.15274e-09
1.1513e-09
2.24209e-09
7.62508e-09
3.0943e-09
3.10723e-08
4.3318e-09
8.80433e-09
4.60513e-09
1.69644e-09
4.38931e-09
8.22137e-10
4.69141e-09
2.58286e-09
5.29489e-09
1.80552e-09
5.72635e-09
3.09731e-10
1.2399e-10
1.66356e-07
-1.58453e-07
3.17178e-07
-7.13041e-08
4.86957e-07
-1.5902e-08
5.68445e-07
2.08478e-08
6.2161e-07
3.22175e-08
6.46122e-07
3.49883e-08
6.63652e-07
3.47378e-08
6.50973e-07
3.58698e-08
6.43102e-07
4.04934e-08
6.07529e-07
6.50536e-08
5.85544e-07
9.41973e-08
5.37751e-07
1.69225e-07
4.49657e-07
1.79052e-07
4.38039e-07
4.28327e-08
4.29156e-07
9.66445e-09
4.30813e-07
-5.36785e-09
4.4404e-07
-1.39038e-08
4.59105e-07
-1.7594e-08
4.74437e-07
-1.73073e-08
4.88039e-07
-1.06974e-08
4.6789e-07
6.70002e-09
4.63297e-07
3.47301e-08
3.02266e-07
1.0317e-07
1.21504e-07
9.6768e-08
1.28177e-07
1.85797e-08
1.30424e-07
2.47241e-10
9.25201e-08
1.40698e-08
3.58003e-08
2.51642e-08
7.10227e-09
1.30487e-08
-4.26212e-10
5.26832e-08
-2.10779e-07
1.35883e-07
-1.55959e-07
2.29976e-07
-1.06695e-07
3.09371e-07
-6.03186e-08
3.7338e-07
-2.76549e-08
4.16609e-07
-7.05315e-09
4.49797e-07
6.10948e-09
4.6769e-07
1.83361e-08
4.82904e-07
3.08328e-08
4.98295e-07
5.23011e-08
5.26649e-07
7.76982e-08
5.96885e-07
1.08982e-07
6.39246e-07
1.17124e-07
6.37862e-07
5.34538e-08
6.43024e-07
9.39669e-09
6.5467e-07
-1.65975e-08
6.7292e-07
-3.23851e-08
6.96432e-07
-3.94619e-08
7.13868e-07
-3.7403e-08
7.32927e-07
-2.41589e-08
7.24496e-07
7.11827e-09
7.21087e-07
5.14515e-08
6.96124e-07
1.22485e-07
6.60016e-07
1.39424e-07
6.7879e-07
2.46051e-08
7.08839e-07
-2.27367e-08
7.45355e-07
-2.1951e-08
7.91289e-07
-1.70696e-08
8.38728e-07
-3.02214e-08
-2.27817e-08
7.03364e-08
-2.94288e-07
1.34858e-07
-2.29151e-07
1.95781e-07
-1.69808e-07
2.54178e-07
-1.19417e-07
3.04443e-07
-7.75336e-08
3.44585e-07
-4.60237e-08
3.76346e-07
-2.29785e-08
4.01645e-07
-3.96485e-09
4.23308e-07
1.29726e-08
4.50946e-07
3.01776e-08
4.87227e-07
4.54822e-08
5.47727e-07
5.36684e-08
6.08977e-07
4.95588e-08
6.41568e-07
2.28371e-08
6.66651e-07
-1.10618e-08
6.9209e-07
-3.89293e-08
7.19226e-07
-5.76466e-08
7.47131e-07
-6.61062e-08
7.7216e-07
-6.25004e-08
7.96193e-07
-4.648e-08
8.18259e-07
-1.48801e-08
8.53294e-07
2.28476e-08
9.25156e-07
5.72217e-08
1.00213e-06
4.80689e-08
1.06836e-06
-2.76235e-08
1.15739e-06
-9.52266e-08
1.28546e-06
-1.40396e-07
1.4507e-06
-1.80598e-07
1.59875e-06
-1.90825e-07
-1.0941e-07
7.72598e-08
-3.75419e-07
1.51558e-07
-3.01017e-07
2.24672e-07
-2.398e-07
2.90849e-07
-1.83152e-07
3.47822e-07
-1.32665e-07
3.94744e-07
-9.12078e-08
4.32292e-07
-5.8637e-08
4.6335e-07
-3.30146e-08
4.90641e-07
-1.28091e-08
5.20247e-07
1.98226e-09
5.56123e-07
9.92405e-09
6.00846e-07
8.50246e-09
6.50528e-07
-1.85977e-09
6.96115e-07
-2.19791e-08
7.37613e-07
-4.94647e-08
7.77091e-07
-7.58029e-08
8.1561e-07
-9.49294e-08
8.5386e-07
-1.04105e-07
8.93631e-07
-1.0193e-07
9.37204e-07
-8.93574e-08
9.94232e-07
-6.85828e-08
1.06945e-06
-4.98756e-08
1.17645e-06
-4.5859e-08
1.2955e-06
-7.23145e-08
1.40777e-06
-1.29861e-07
1.52668e-06
-2.0326e-07
1.67687e-06
-2.75715e-07
1.86291e-06
-3.59978e-07
2.07252e-06
-4.0214e-07
-3.11945e-07
1.21875e-07
-4.99969e-07
2.29209e-07
-3.9893e-07
3.2025e-07
-3.24334e-07
3.94107e-07
-2.5432e-07
4.53609e-07
-1.91017e-07
5.01942e-07
-1.38718e-07
5.42125e-07
-9.78041e-08
5.77607e-07
-6.72544e-08
6.11935e-07
-4.57753e-08
6.4858e-07
-3.33699e-08
6.89612e-07
-3.02461e-08
7.35316e-07
-3.6457e-08
7.84639e-07
-5.03225e-08
8.3372e-07
-7.03452e-08
8.79386e-07
-9.44222e-08
9.2143e-07
-1.17674e-07
9.62401e-07
-1.36107e-07
1.0051e-06
-1.47059e-07
1.05459e-06
-1.50574e-07
1.1143e-06
-1.47548e-07
1.19235e-06
-1.42871e-07
1.28807e-06
-1.42798e-07
1.40289e-06
-1.55958e-07
1.51596e-06
-1.8496e-07
1.62095e-06
-2.29107e-07
1.70751e-06
-2.87945e-07
1.80095e-06
-3.55274e-07
1.90288e-06
-4.49225e-07
2.07047e-06
-5.34975e-07
-6.68759e-07
2.31348e-07
-6.89652e-07
4.00473e-07
-5.48693e-07
4.96969e-07
-4.17745e-07
5.53585e-07
-3.11362e-07
5.91493e-07
-2.29541e-07
6.21435e-07
-1.68973e-07
6.48437e-07
-1.24629e-07
6.75572e-07
-9.38538e-08
7.04724e-07
-7.41865e-08
7.3707e-07
-6.50075e-08
7.72361e-07
-6.50764e-08
8.097e-07
-7.36081e-08
8.47415e-07
-8.83224e-08
8.83954e-07
-1.07549e-07
9.17491e-07
-1.28959e-07
9.49859e-07
-1.50456e-07
9.83857e-07
-1.70143e-07
1.02392e-06
-1.85887e-07
1.07317e-06
-1.98297e-07
1.13457e-06
-2.06309e-07
1.20824e-06
-2.14425e-07
1.29051e-06
-2.22812e-07
1.37419e-06
-2.38699e-07
1.44696e-06
-2.57364e-07
1.50629e-06
-2.86859e-07
1.53687e-06
-3.19132e-07
1.56772e-06
-3.7653e-07
1.56082e-06
-4.45798e-07
1.85203e-06
-6.78186e-07
-1.35247e-06
8.48578e-07
-6.62925e-07
7.72834e-07
-5.18635e-07
7.15032e-07
-3.81615e-07
6.75521e-07
-2.82119e-07
6.53434e-07
-2.12129e-07
6.45256e-07
-1.6297e-07
6.4749e-07
-1.27535e-07
6.57336e-07
-1.03879e-07
6.72998e-07
-8.95622e-08
6.92888e-07
-8.48135e-08
7.15765e-07
-8.77564e-08
7.40629e-07
-9.85792e-08
7.66864e-07
-1.14453e-07
7.95071e-07
-1.35554e-07
8.2559e-07
-1.58535e-07
8.60971e-07
-1.83954e-07
9.0174e-07
-2.08519e-07
9.50621e-07
-2.31657e-07
1.00635e-06
-2.51694e-07
1.06917e-06
-2.66331e-07
1.13185e-06
-2.76519e-07
1.19189e-06
-2.80796e-07
1.23637e-06
-2.8481e-07
1.27205e-06
-2.89395e-07
1.27877e-06
-2.9941e-07
1.28698e-06
-3.16511e-07
1.23966e-06
-3.48012e-07
1.22014e-06
-4.09881e-07
9.86855e-07
-6.06193e-07
-9.97444e-07
7.20433e-07
-4.59171e-07
6.01821e-07
-3.85229e-07
5.47765e-07
-3.1751e-07
5.32357e-07
-2.59089e-07
5.36041e-07
-2.0989e-07
5.483e-07
-1.71326e-07
5.65263e-07
-1.41445e-07
5.84713e-07
-1.21479e-07
6.06648e-07
-1.09582e-07
6.30272e-07
-1.07362e-07
6.56402e-07
-1.12217e-07
6.84719e-07
-1.25979e-07
7.16347e-07
-1.44212e-07
7.51737e-07
-1.69822e-07
7.91003e-07
-1.95836e-07
8.35144e-07
-2.27015e-07
8.82212e-07
-2.54395e-07
9.33477e-07
-2.82388e-07
9.85263e-07
-3.0348e-07
1.03315e-06
-3.14932e-07
1.07137e-06
-3.16106e-07
1.09165e-06
-3.0414e-07
1.09492e-06
-2.8889e-07
1.07214e-06
-2.70485e-07
1.04314e-06
-2.69673e-07
9.84878e-07
-2.73904e-07
8.87232e-07
-2.54326e-07
7.45147e-07
-3.04025e-07
3.766e-07
-3.06123e-07
-1.69423e-07
8.21944e-07
-3.64354e-07
7.72783e-07
-3.41307e-07
7.4603e-07
-3.01096e-07
7.31164e-07
-2.54293e-07
7.23219e-07
-2.09531e-07
7.18834e-07
-1.72911e-07
7.17778e-07
-1.44471e-07
7.18535e-07
-1.25927e-07
7.21873e-07
-1.1531e-07
7.26132e-07
-1.14484e-07
7.32893e-07
-1.2059e-07
7.4077e-07
-1.36559e-07
7.52472e-07
-1.56998e-07
7.67326e-07
-1.87357e-07
7.87459e-07
-2.16641e-07
8.13705e-07
-2.55639e-07
8.43182e-07
-2.8436e-07
8.78747e-07
-3.18846e-07
9.07788e-07
-3.33283e-07
9.27721e-07
-3.34704e-07
9.25579e-07
-3.16361e-07
9.09016e-07
-2.8791e-07
8.67107e-07
-2.53697e-07
8.00246e-07
-1.97557e-07
7.40278e-07
-2.08974e-07
6.47745e-07
-2.07374e-07
5.36711e-07
-1.34466e-07
3.74564e-07
-1.45558e-07
1.92853e-07
-9.9777e-08
-8.16367e-08
8.36721e-07
-2.86341e-07
7.67295e-07
-2.70101e-07
7.09742e-07
-2.42303e-07
6.6635e-07
-2.09881e-07
6.36275e-07
-1.77926e-07
6.16117e-07
-1.51148e-07
6.03784e-07
-1.29989e-07
5.96207e-07
-1.16614e-07
5.93163e-07
-1.09743e-07
5.92382e-07
-1.11812e-07
5.96086e-07
-1.20765e-07
6.02434e-07
-1.40379e-07
6.16505e-07
-1.6578e-07
6.35183e-07
-2.03201e-07
6.64894e-07
-2.39586e-07
6.98932e-07
-2.88187e-07
7.37959e-07
-3.17074e-07
7.75766e-07
-3.56566e-07
7.90241e-07
-3.44649e-07
7.81162e-07
-3.26206e-07
7.4132e-07
-2.76392e-07
6.97183e-07
-2.40799e-07
6.23664e-07
-2.07157e-07
5.40971e-07
-9.50288e-08
4.55899e-07
-1.16123e-07
3.52464e-07
-9.41898e-08
2.78944e-07
-3.87011e-08
1.29966e-07
-3.57542e-08
4.97857e-09
-3.26092e-09
-2.88817e-09
8.50699e-07
-2.22424e-07
7.95348e-07
-2.13297e-07
7.51048e-07
-1.97744e-07
7.18116e-07
-1.78249e-07
6.95333e-07
-1.56808e-07
6.79521e-07
-1.3751e-07
6.69199e-07
-1.21236e-07
6.61672e-07
-1.11039e-07
6.56983e-07
-1.06137e-07
6.53083e-07
-1.09688e-07
6.51685e-07
-1.20019e-07
6.51113e-07
-1.41613e-07
6.554e-07
-1.70333e-07
6.61519e-07
-2.11844e-07
6.77257e-07
-2.55037e-07
6.90898e-07
-3.07147e-07
7.13985e-07
-3.38689e-07
7.19002e-07
-3.72037e-07
6.80802e-07
-3.09401e-07
6.14252e-07
-2.67498e-07
5.3648e-07
-2.08875e-07
4.50445e-07
-1.39414e-07
3.53932e-07
-9.29949e-08
3.00978e-07
-1.98486e-08
1.64641e-07
-2.99696e-08
2.32808e-08
-5.98986e-09
3.08314e-09
-1.55924e-09
1.59697e-09
-2.05075e-09
8.10954e-10
-2.21027e-09
-3.12136e-09
8.60807e-07
-1.68996e-07
8.12185e-07
-1.63692e-07
7.69133e-07
-1.54135e-07
7.32279e-07
-1.41618e-07
7.02196e-07
-1.26996e-07
6.77344e-07
-1.13393e-07
6.57288e-07
-1.0138e-07
6.39687e-07
-9.40507e-08
6.24345e-07
-9.05495e-08
6.09014e-07
-9.45813e-08
5.94196e-07
-1.04173e-07
5.7912e-07
-1.25554e-07
5.65766e-07
-1.54187e-07
5.57311e-07
-1.99409e-07
5.5689e-07
-2.48861e-07
5.60875e-07
-3.0529e-07
5.79911e-07
-3.47561e-07
5.45706e-07
-3.48529e-07
4.6776e-07
-2.32553e-07
3.65288e-07
-1.50974e-07
2.79491e-07
-8.60958e-08
1.37324e-07
-3.50349e-08
3.26488e-09
-1.74541e-10
3.15893e-09
-8.23603e-10
2.48637e-09
-7.98634e-10
2.53975e-09
-7.7548e-10
2.18886e-09
-1.58498e-09
1.43799e-09
-2.12655e-09
7.20414e-10
-2.11005e-09
-2.28514e-09
8.67132e-07
-1.22136e-07
8.23108e-07
-1.18987e-07
7.82728e-07
-1.13152e-07
7.46477e-07
-1.05448e-07
7.15657e-07
-9.61619e-08
6.88831e-07
-8.73623e-08
6.66557e-07
-7.92912e-08
6.459e-07
-7.45636e-08
6.27749e-07
-7.2401e-08
6.08288e-07
-7.64803e-08
5.89263e-07
-8.47302e-08
5.67295e-07
-1.04611e-07
5.45117e-07
-1.3067e-07
5.25813e-07
-1.78775e-07
5.06241e-07
-2.27467e-07
5.01073e-07
-2.93985e-07
4.87021e-07
-3.34872e-07
3.78601e-07
-2.66171e-07
2.70063e-07
-9.89052e-08
1.29596e-07
-4.10757e-08
3.84821e-09
-2.88505e-10
3.1681e-09
-2.80111e-10
2.9969e-09
-4.3789e-11
2.79077e-09
-7.67891e-10
2.44252e-09
-8.42084e-10
2.19363e-09
-8.83102e-10
1.80521e-09
-1.17053e-09
1.24545e-09
-1.43865e-09
6.3271e-10
-1.54261e-09
-1.62402e-09
8.71113e-07
-7.94236e-08
8.30256e-07
-7.76291e-08
7.91908e-07
-7.4303e-08
7.56275e-07
-6.9826e-08
7.24681e-07
-6.44277e-08
6.95827e-07
-5.9139e-08
6.7081e-07
-5.43094e-08
6.46461e-07
-5.13891e-08
6.24469e-07
-5.02948e-08
5.99465e-07
-5.31899e-08
5.74584e-07
-5.92519e-08
5.4157e-07
-7.366e-08
5.06146e-07
-9.32609e-08
4.60737e-07
-1.33666e-07
4.13185e-07
-1.73777e-07
3.81439e-07
-2.51062e-07
2.88929e-07
-2.52591e-07
1.12655e-07
-1.00871e-07
6.09499e-09
-2.03313e-09
2.73488e-09
-3.74222e-10
2.8049e-09
1.14239e-10
2.89573e-09
-2.38251e-10
2.78261e-09
-2.16585e-10
2.58178e-09
-4.3437e-10
2.29931e-09
-5.44036e-10
1.98705e-09
-6.31069e-10
1.59291e-09
-7.75669e-10
1.10587e-09
-9.149e-10
5.64985e-10
-9.97729e-10
-1.04429e-09
8.73456e-07
-3.91499e-08
8.3454e-07
-3.83226e-08
7.97479e-07
-3.68265e-08
7.62413e-07
-3.47443e-08
7.30446e-07
-3.23047e-08
7.00595e-07
-2.97881e-08
6.73859e-07
-2.7616e-08
6.4753e-07
-2.61414e-08
6.23045e-07
-2.58413e-08
5.95216e-07
-2.7148e-08
5.66827e-07
-3.06168e-08
5.28159e-07
-3.76702e-08
4.84981e-07
-4.8841e-08
4.19398e-07
-7.10778e-08
3.49836e-07
-9.86983e-08
2.61078e-07
-1.59668e-07
9.75248e-08
-1.1506e-07
3.39108e-09
-2.06444e-09
2.86309e-09
-2.08483e-10
2.935e-09
-2.58239e-10
2.84729e-09
-5.24487e-11
2.78719e-09
-1.05891e-10
2.65603e-09
-1.32861e-10
2.45442e-09
-2.08964e-10
2.18591e-09
-2.68618e-10
1.86234e-09
-3.21465e-10
1.47352e-09
-3.86169e-10
1.02012e-09
-4.47543e-10
5.21369e-10
-4.89101e-10
-5.1113e-10
8.74509e-07
8.36591e-07
8.00045e-07
7.65449e-07
7.33123e-07
7.03135e-07
6.75142e-07
6.48414e-07
6.21877e-07
5.93698e-07
5.62152e-07
5.22781e-07
4.73228e-07
3.99616e-07
3.03232e-07
1.4003e-07
1.41487e-08
2.50732e-09
3.17503e-09
2.98919e-09
2.86206e-09
2.74972e-09
2.5999e-09
2.39397e-09
2.12759e-09
1.80288e-09
1.41871e-09
9.79735e-10
5.00369e-10
)
;

boundaryField
{
    inlet1
    {
        type            calculated;
        value           nonuniform List<scalar> 10(-1e-07 -1e-07 -1e-07 -1e-07 -1e-07 -1e-07 -1e-07 -1e-07 -1e-07 -1e-07);
    }
    inlet2
    {
        type            calculated;
        value           uniform 0;
    }
    inlet3
    {
        type            calculated;
        value           nonuniform List<scalar> 10(-9.13394e-07 -9.13394e-07 -9.13394e-07 -9.13394e-07 -9.13394e-07 -9.13394e-07 -9.13394e-07 -9.13394e-07 -9.13394e-07 -9.13394e-07);
    }
    output1
    {
        type            calculated;
        value           uniform 0;
    }
    output2
    {
        type            calculated;
        value           nonuniform List<scalar> 10(1.20505e-08 7.79681e-09 6.41372e-09 5.9237e-09 3.89197e-09 8.62879e-07 1.67808e-06 2.25073e-06 2.41297e-06 2.8932e-06);
    }
    output3
    {
        type            calculated;
        value           uniform -0;
    }
    up
    {
        type            calculated;
        value           uniform 0;
    }
    down
    {
        type            calculated;
        value           uniform 0;
    }
    emptyWalls
    {
        type            empty;
        value           nonuniform List<scalar> 0();
    }
}


// ************************************************************************* //
