/*--------------------------------*- C++ -*----------------------------------*\
  =========                 |
  \\      /  F ield         | OpenFOAM: The Open Source CFD Toolbox
   \\    /   O peration     | Website:  https://openfoam.org
    \\  /    A nd           | Version:  9
     \\/     M anipulation  |
\*---------------------------------------------------------------------------*/
FoamFile
{
    format      ascii;
    class       volScalarField;
    location    "18500";
    object      Sw;
}
// * * * * * * * * * * * * * * * * * * * * * * * * * * * * * * * * * * * * * //

dimensions      [0 0 0 0 0 0 0];

internalField   nonuniform List<scalar> 
900
(
0.810752
0.724891
0.520635
0.417945
0.15265
0.15
0.15
0.15
0.15
0.15
0.15
0.15
0.15
0.15
0.15
0.15
0.15
0.15
0.15
0.15
0.15
0.15
0.15
0.15
0.15
0.15
0.15
0.15
0.15
0.15
0.700506
0.5938
0.544077
0.584554
0.18172
0.15
0.15
0.15
0.15
0.15
0.15
0.15
0.15
0.15
0.15
0.15
0.15
0.15
0.15
0.15
0.15
0.15
0.15
0.15
0.15
0.15
0.15
0.15
0.15
0.15
0.765128
0.612433
0.602102
0.355339
0.150082
0.15
0.15
0.15
0.15
0.15
0.15
0.15
0.15
0.15
0.15
0.15
0.15
0.15
0.15
0.15
0.15
0.15
0.15
0.15
0.15
0.15
0.15
0.15
0.15
0.15
0.722367
0.621085
0.61648
0.294747
0.150012
0.15
0.15
0.15
0.15
0.15
0.15
0.15
0.15
0.15
0.15
0.15
0.15
0.15
0.15
0.15
0.15
0.15
0.15
0.15
0.15
0.15
0.15
0.15
0.15
0.15
0.765353
0.632833
0.587364
0.252962
0.150001
0.15
0.15
0.15
0.15
0.15
0.15
0.15
0.15
0.15
0.15
0.15
0.15
0.15
0.15
0.15
0.15
0.15
0.15
0.15
0.15
0.15
0.15
0.15
0.15
0.15
0.749426
0.629589
0.57522
0.200129
0.15
0.15
0.15
0.15
0.15
0.15
0.15
0.15
0.15
0.15
0.15
0.15
0.15
0.15
0.15
0.15
0.15
0.15
0.15
0.15
0.15
0.15
0.15
0.15
0.15
0.15
0.780349
0.65022
0.555487
0.168827
0.15
0.15
0.15
0.15
0.15
0.15
0.15
0.15
0.15
0.15
0.15
0.15
0.15
0.15
0.15
0.15
0.15
0.15
0.15
0.15
0.15
0.15
0.15
0.15
0.15
0.15
0.769879
0.641688
0.587032
0.154757
0.15
0.15
0.15
0.15
0.15
0.15
0.15
0.15
0.15
0.15
0.15
0.15
0.15
0.15
0.15
0.15
0.15
0.15
0.15
0.15
0.15
0.15
0.15
0.15
0.15
0.15
0.799299
0.649665
0.422228
0.150092
0.15
0.15
0.15
0.15
0.15
0.15
0.15
0.15
0.15
0.15
0.15
0.15
0.15
0.15
0.15
0.15
0.15
0.15
0.15
0.15
0.15
0.15
0.15
0.15
0.15
0.15
0.802431
0.645123
0.317732
0.150003
0.15
0.15
0.15
0.15
0.15
0.15
0.15
0.15
0.15
0.15
0.15
0.15
0.15
0.15
0.15
0.15
0.15
0.15
0.15
0.15
0.15
0.15
0.15
0.15
0.15
0.15
0.838115
0.698522
0.535893
0.195128
0.15
0.15
0.15
0.15
0.15
0.15
0.15
0.15
0.15
0.15
0.15
0.15
0.15
0.15
0.15
0.15
0.15
0.15
0.15
0.15
0.15
0.15
0.15
0.15
0.15
0.15
0.848863
0.670665
0.569416
0.537628
0.2994
0.150428
0.15
0.15
0.15
0.15
0.15
0.15
0.15
0.15
0.15
0.15
0.15
0.15
0.15
0.15
0.15
0.15
0.15
0.15
0.15
0.15
0.15
0.15
0.15
0.15
0.924068
0.781269
0.58668
0.530324
0.490985
0.469428
0.210152
0.150001
0.150001
0.150002
0.150001
0.150001
0.15
0.15
0.15
0.15
0.15
0.15
0.15
0.15
0.15
0.15
0.15
0.15
0.15
0.15
0.15
0.15
0.15
0.15
0.897706
0.809409
0.727028
0.672403
0.63885
0.619142
0.604364
0.595014
0.588107
0.585012
0.575339
0.579862
0.268657
0.152225
0.15371
0.155525
0.15532
0.153713
0.151929
0.150401
0.150001
0.150001
0.150001
0.150002
0.150356
0.150091
0.15
0.15
0.15
0.15
0.775839
0.690674
0.68838
0.666839
0.647666
0.637135
0.626777
0.624126
0.614016
0.61638
0.600889
0.599258
0.560231
0.549683
0.548484
0.549322
0.549926
0.552625
0.552991
0.555436
0.555098
0.550618
0.552319
0.456603
0.443488
0.455263
0.45115
0.415369
0.341301
0.236822
0.627002
0.617992
0.62048
0.615406
0.60998
0.605221
0.600696
0.599015
0.594287
0.59333
0.587464
0.585452
0.584476
0.577425
0.574333
0.574591
0.57499
0.576554
0.577341
0.577216
0.577058
0.569699
0.563047
0.541422
0.534073
0.534552
0.534748
0.532925
0.532854
0.534035
0.613075
0.60502
0.596681
0.594138
0.591741
0.589617
0.587498
0.585914
0.583722
0.581384
0.579871
0.578588
0.581823
0.58065
0.579238
0.579331
0.579947
0.580803
0.581039
0.580278
0.578281
0.573793
0.569303
0.566433
0.563129
0.562329
0.563285
0.565391
0.568702
0.570495
0.592259
0.587694
0.588875
0.590848
0.592244
0.592899
0.592587
0.591667
0.590182
0.588235
0.58695
0.586304
0.586993
0.587391
0.587531
0.58796
0.588458
0.588772
0.588561
0.587745
0.586056
0.584467
0.582734
0.583193
0.582271
0.581882
0.581032
0.581303
0.581159
0.583063
0.588393
0.588882
0.593554
0.598126
0.601132
0.602651
0.602992
0.60258
0.601736
0.600815
0.600188
0.6
0.600214
0.60057
0.6006
0.600349
0.599787
0.599091
0.598084
0.597111
0.59589
0.595426
0.594853
0.595332
0.594104
0.59331
0.589937
0.58697
0.579012
0.57483
0.5868
0.597202
0.605915
0.610285
0.611747
0.611862
0.611277
0.610418
0.609489
0.608669
0.608045
0.607539
0.607081
0.606414
0.605456
0.60399
0.602485
0.600793
0.599439
0.598076
0.597226
0.5964
0.595805
0.594731
0.592953
0.590708
0.586799
0.583735
0.569498
0.559514
0.60962
0.621314
0.621035
0.617343
0.613605
0.610815
0.608631
0.607121
0.605838
0.604969
0.604079
0.60337
0.602432
0.601488
0.600331
0.599138
0.598045
0.596902
0.596109
0.595052
0.59439
0.592873
0.591654
0.588604
0.586705
0.581442
0.580178
0.572479
0.586324
0.601389
0.596508
0.592987
0.592605
0.593361
0.594308
0.595531
0.596449
0.59749
0.598035
0.598805
0.598982
0.599495
0.599324
0.599568
0.59915
0.599024
0.598336
0.59755
0.59641
0.594787
0.592609
0.589798
0.585995
0.581824
0.575908
0.572322
0.565143
0.560963
0.553047
0.497224
0.598767
0.600567
0.604069
0.60714
0.608828
0.609782
0.609831
0.609905
0.60925
0.60896
0.60772
0.607081
0.605199
0.604267
0.601937
0.600793
0.598381
0.596608
0.594004
0.590384
0.586106
0.579951
0.574985
0.566817
0.559265
0.552471
0.542154
0.535361
0.512331
0.522532
0.599419
0.598642
0.59819
0.598035
0.597776
0.597635
0.597246
0.597186
0.596691
0.596728
0.595924
0.596044
0.59481
0.59528
0.593629
0.594566
0.59219
0.592207
0.588074
0.583073
0.574964
0.565393
0.557772
0.546489
0.53893
0.520237
0.509009
0.510683
0.355744
0.150009
0.599489
0.598884
0.598797
0.599425
0.600175
0.601198
0.601814
0.602693
0.602924
0.603622
0.603322
0.603717
0.602529
0.602427
0.599802
0.599301
0.59419
0.593118
0.583125
0.573465
0.558316
0.545953
0.523875
0.51442
0.518913
0.414848
0.150266
0.15
0.15
0.15
0.599641
0.59922
0.59898
0.599122
0.599267
0.599711
0.599829
0.600302
0.600175
0.600566
0.599956
0.599907
0.598306
0.597164
0.594357
0.591945
0.586564
0.58323
0.564243
0.551029
0.521651
0.521259
0.29334
0.15
0.15
0.15
0.15
0.15
0.15
0.15
0.599742
0.599441
0.599173
0.599237
0.599244
0.599709
0.599815
0.600577
0.600547
0.601581
0.601163
0.602273
0.60082
0.600894
0.597525
0.593381
0.587056
0.571614
0.53349
0.530204
0.334815
0.150003
0.15
0.15
0.15
0.15
0.15
0.15
0.15
0.15
0.599811
0.599584
0.599354
0.599372
0.599316
0.599682
0.599724
0.600476
0.600426
0.601685
0.601252
0.603143
0.601333
0.602885
0.596149
0.592088
0.579066
0.537882
0.371304
0.150018
0.15
0.15
0.15
0.15
0.15
0.15
0.15
0.15
0.15
0.15
0.599852
0.59967
0.599478
0.599473
0.599408
0.599693
0.599749
0.60043
0.600505
0.60178
0.601689
0.603961
0.602973
0.606362
0.599347
0.598732
0.561767
0.356999
0.150006
0.15
0.15
0.15
0.15
0.15
0.15
0.15
0.15
0.15
0.15
0.15
0.599882
0.599694
0.599563
0.59949
0.599516
0.599634
0.599887
0.600254
0.600788
0.60149
0.602397
0.603668
0.604948
0.60708
0.606387
0.60603
0.514238
0.152524
0.15
0.15
0.15
0.15
0.15
0.15
0.15
0.15
0.15
0.15
0.15
0.15
)
;

boundaryField
{
    inlet1
    {
        type            fixedValue;
        value           uniform 0.85;
    }
    inlet2
    {
        type            zeroGradient;
    }
    inlet3
    {
        type            fixedValue;
        value           uniform 0.6;
    }
    output1
    {
        type            zeroGradient;
    }
    output2
    {
        type            zeroGradient;
    }
    output3
    {
        type            zeroGradient;
    }
    up
    {
        type            zeroGradient;
    }
    down
    {
        type            zeroGradient;
    }
    emptyWalls
    {
        type            empty;
    }
}


// ************************************************************************* //
