/*--------------------------------*- C++ -*----------------------------------*\
  =========                 |
  \\      /  F ield         | OpenFOAM: The Open Source CFD Toolbox
   \\    /   O peration     | Website:  https://openfoam.org
    \\  /    A nd           | Version:  9
     \\/     M anipulation  |
\*---------------------------------------------------------------------------*/
FoamFile
{
    format      ascii;
    class       volVectorField;
    location    "18500";
    object      ut;
}
// * * * * * * * * * * * * * * * * * * * * * * * * * * * * * * * * * * * * * //

dimensions      [0 1 -1 0 0 0 0];

internalField   nonuniform List<vector> 
900
(
(5.78803e-06 5.20645e-06 -0)
(1.84465e-06 2.13712e-06 -0)
(3.35137e-07 2.56263e-07 -0)
(1.81386e-07 5.64145e-09 -0)
(1.00629e-07 -1.01218e-08 -0)
(1.76935e-07 3.25038e-09 -0)
(1.70165e-07 3.0092e-09 -0)
(1.65339e-07 1.81682e-09 -0)
(1.62688e-07 8.34185e-10 -0)
(1.61692e-07 1.62419e-10 -0)
(1.61791e-07 -2.61475e-10 -0)
(1.62551e-07 -4.98633e-10 -0)
(1.63639e-07 -5.89276e-10 -0)
(1.64786e-07 -5.57826e-10 -0)
(1.65762e-07 -4.18543e-10 -0)
(1.66359e-07 -1.78509e-10 -0)
(1.66377e-07 1.6113e-10 -0)
(1.65611e-07 6.04641e-10 -0)
(1.63845e-07 1.16096e-09 -0)
(1.60841e-07 1.8422e-09 -0)
(1.56338e-07 2.66122e-09 -0)
(1.50048e-07 3.628e-09 -0)
(1.41674e-07 4.74471e-09 -0)
(1.30928e-07 5.99937e-09 -0)
(1.17568e-07 7.35891e-09 -0)
(1.01445e-07 8.76285e-09 -0)
(8.25597e-08 1.01201e-08 -0)
(6.11246e-08 1.13127e-08 -0)
(3.75999e-08 1.22095e-08 -0)
(1.26945e-08 1.26932e-08 -0)
(1.70624e-06 6.10627e-06 -0)
(9.21703e-07 1.36739e-06 -0)
(4.58345e-07 7.46151e-07 -0)
(5.67562e-07 4.64548e-07 -0)
(9.10412e-08 2.46648e-08 -0)
(1.90182e-07 1.72622e-08 -0)
(1.68731e-07 9.97906e-09 -0)
(1.63164e-07 5.24082e-09 -0)
(1.61034e-07 2.19172e-09 -0)
(1.60596e-07 2.39373e-10 -0)
(1.6113e-07 -9.71174e-10 -0)
(1.62223e-07 -1.64243e-09 -0)
(1.6358e-07 -1.88991e-09 -0)
(1.64957e-07 -1.78131e-09 -0)
(1.66142e-07 -1.3564e-09 -0)
(1.66939e-07 -6.35214e-10 -0)
(1.6716e-07 3.79439e-10 -0)
(1.6661e-07 1.70107e-09 -0)
(1.65082e-07 3.35779e-09 -0)
(1.62342e-07 5.38837e-09 -0)
(1.58123e-07 7.83513e-09 -0)
(1.52131e-07 1.07332e-08 -0)
(1.44045e-07 1.40953e-08 -0)
(1.33542e-07 1.78925e-08 -0)
(1.20331e-07 2.20316e-08 -0)
(1.04206e-07 2.63342e-08 -0)
(8.51095e-08 3.05238e-08 -0)
(6.3214e-08 3.42324e-08 -0)
(3.89804e-08 3.70408e-08 -0)
(1.31782e-08 3.85635e-08 -0)
(4.39273e-06 2.50806e-05 -0)
(1.00507e-06 3.24051e-06 -0)
(4.35611e-07 2.15048e-06 -0)
(9.82808e-08 9.61447e-09 -0)
(1.17757e-07 6.41707e-08 -0)
(1.58577e-07 2.79789e-08 -0)
(1.58143e-07 1.44042e-08 -0)
(1.57551e-07 6.97575e-09 -0)
(1.57687e-07 2.45249e-09 -0)
(1.58529e-07 -4.25452e-10 -0)
(1.59909e-07 -2.22006e-09 -0)
(1.61632e-07 -3.20982e-09 -0)
(1.635e-07 -3.54641e-09 -0)
(1.6532e-07 -3.32092e-09 -0)
(1.66909e-07 -2.59043e-09 -0)
(1.68095e-07 -1.38537e-09 -0)
(1.68713e-07 2.90713e-10 -0)
(1.68589e-07 2.46229e-09 -0)
(1.67532e-07 5.1805e-09 -0)
(1.65319e-07 8.51776e-09 -0)
(1.61683e-07 1.25569e-08 -0)
(1.56308e-07 1.73735e-08 -0)
(1.48833e-07 2.30104e-08 -0)
(1.38864e-07 2.94434e-08 -0)
(1.2601e-07 3.65401e-08 -0)
(1.09937e-07 4.40175e-08 -0)
(9.04579e-08 5.14077e-08 -0)
(6.76416e-08 5.80516e-08 -0)
(4.1931e-08 6.31571e-08 -0)
(1.42173e-08 6.59569e-08 -0)
(2.87306e-06 1.97039e-05 -0)
(7.50213e-07 4.59939e-06 -0)
(4.0743e-07 3.5264e-06 -0)
(4.6236e-08 4.73312e-09 -0)
(1.28833e-07 3.72724e-08 -0)
(1.40393e-07 2.27836e-08 -0)
(1.47728e-07 1.2683e-08 -0)
(1.51212e-07 5.80542e-09 -0)
(1.53632e-07 1.06798e-09 -0)
(1.55923e-07 -2.17344e-09 -0)
(1.58345e-07 -4.27351e-09 -0)
(1.60897e-07 -5.43002e-09 -0)
(1.63469e-07 -5.76464e-09 -0)
(1.65913e-07 -5.36534e-09 -0)
(1.68077e-07 -4.29898e-09 -0)
(1.6982e-07 -2.60656e-09 -0)
(1.71007e-07 -2.93567e-10 -0)
(1.715e-07 2.67666e-09 -0)
(1.71138e-07 6.38382e-09 -0)
(1.69718e-07 1.09449e-08 -0)
(1.66979e-07 1.6501e-08 -0)
(1.62585e-07 2.31937e-08 -0)
(1.56115e-07 3.11299e-08 -0)
(1.47072e-07 4.03306e-08 -0)
(1.34906e-07 5.06676e-08 -0)
(1.19073e-07 6.17881e-08 -0)
(9.91435e-08 7.30383e-08 -0)
(7.49635e-08 8.34099e-08 -0)
(4.68857e-08 9.15798e-08 -0)
(1.5978e-08 9.61504e-08 -0)
(3.27299e-06 4.06405e-05 -0)
(2.10255e-07 6.61553e-06 -0)
(1.07579e-07 2.9777e-06 -0)
(4.58875e-08 5.1592e-09 -0)
(1.34298e-07 1.61337e-08 -0)
(1.33985e-07 1.3212e-08 -0)
(1.41165e-07 7.739e-09 -0)
(1.45936e-07 2.49495e-09 -0)
(1.49708e-07 -1.81241e-09 -0)
(1.53187e-07 -5.06251e-09 -0)
(1.56653e-07 -7.27021e-09 -0)
(1.60141e-07 -8.47183e-09 -0)
(1.63565e-07 -8.71668e-09 -0)
(1.66785e-07 -8.0768e-09 -0)
(1.69667e-07 -6.63367e-09 -0)
(1.72101e-07 -4.44847e-09 -0)
(1.73996e-07 -1.53532e-09 -0)
(1.75266e-07 2.15377e-09 -0)
(1.758e-07 6.73275e-09 -0)
(1.75436e-07 1.23767e-08 -0)
(1.73931e-07 1.93081e-08 -0)
(1.70937e-07 2.77706e-08 -0)
(1.6597e-07 3.79847e-08 -0)
(1.58402e-07 5.00815e-08 -0)
(1.47467e-07 6.40114e-08 -0)
(1.32307e-07 7.94294e-08 -0)
(1.1208e-07 9.5548e-08 -0)
(8.61831e-08 1.1097e-07 -0)
(5.46715e-08 1.23602e-07 -0)
(1.87878e-08 1.30915e-07 -0)
(2.78086e-06 3.70016e-05 -0)
(9.59952e-08 7.16069e-06 -0)
(6.90628e-08 3.03598e-06 -0)
(5.60198e-08 7.81954e-09 -0)
(1.34202e-07 6.85598e-09 -0)
(1.31998e-07 6.19314e-09 -0)
(1.37011e-07 2.56612e-09 -0)
(1.41661e-07 -1.7521e-09 -0)
(1.46075e-07 -5.74982e-09 -0)
(1.50466e-07 -8.99371e-09 -0)
(1.54936e-07 -1.12727e-08 -0)
(1.5945e-07 -1.24702e-08 -0)
(1.63864e-07 -1.25534e-08 -0)
(1.67996e-07 -1.15916e-08 -0)
(1.71706e-07 -9.71047e-09 -0)
(1.74919e-07 -7.01843e-09 -0)
(1.7761e-07 -3.55322e-09 -0)
(1.79768e-07 7.40625e-10 -0)
(1.81361e-07 6.0163e-09 -0)
(1.82293e-07 1.25208e-08 -0)
(1.82373e-07 2.05843e-08 -0)
(1.81261e-07 3.05961e-08 -0)
(1.78426e-07 4.29571e-08 -0)
(1.73099e-07 5.7999e-08 -0)
(1.64254e-07 7.58676e-08 -0)
(1.5061e-07 9.63708e-08 -0)
(1.30685e-07 1.18755e-07 -0)
(1.03018e-07 1.41322e-07 -0)
(6.68305e-08 1.60944e-07 -0)
(2.32909e-08 1.72993e-07 -0)
(3.34718e-06 5.80345e-05 -0)
(2.52823e-07 1.02825e-05 -0)
(1.3974e-07 2.1755e-06 -0)
(6.18997e-08 8.77813e-09 -0)
(1.30734e-07 4.63901e-09 -0)
(1.29696e-07 2.13865e-09 -0)
(1.3322e-07 -1.91551e-09 -0)
(1.3762e-07 -6.31947e-09 -0)
(1.42466e-07 -1.04408e-08 -0)
(1.47664e-07 -1.38895e-08 -0)
(1.53176e-07 -1.63567e-08 -0)
(1.58861e-07 -1.75826e-08 -0)
(1.64443e-07 -1.74354e-08 -0)
(1.69628e-07 -1.60257e-08 -0)
(1.7424e-07 -1.35983e-08 -0)
(1.78258e-07 -1.03616e-08 -0)
(1.81755e-07 -6.39993e-09 -0)
(1.84836e-07 -1.65462e-09 -0)
(1.8758e-07 4.07079e-09 -0)
(1.90004e-07 1.11061e-08 -0)
(1.92007e-07 1.99126e-08 -0)
(1.9331e-07 3.10727e-08 -0)
(1.93373e-07 4.52486e-08 -0)
(1.91313e-07 6.309e-08 -0)
(1.85839e-07 8.50898e-08 -0)
(1.75195e-07 1.11432e-07 -0)
(1.5703e-07 1.41779e-07 -0)
(1.28373e-07 1.74617e-07 -0)
(8.63427e-08 2.05861e-07 -0)
(3.08363e-08 2.27118e-07 -0)
(1.94105e-06 5.39461e-05 -0)
(-5.53963e-07 9.6163e-06 -0)
(-8.64363e-08 3.49292e-06 -0)
(6.36692e-08 1.61266e-08 -0)
(1.26815e-07 6.28274e-09 -0)
(1.25444e-07 -3.61959e-10 -0)
(1.28553e-07 -6.04726e-09 -0)
(1.33135e-07 -1.11693e-08 -0)
(1.38505e-07 -1.58043e-08 -0)
(1.4455e-07 -1.97666e-08 -0)
(1.51243e-07 -2.26822e-08 -0)
(1.58372e-07 -2.40685e-08 -0)
(1.65421e-07 -2.35801e-08 -0)
(1.71833e-07 -2.14776e-08 -0)
(1.7737e-07 -1.82956e-08 -0)
(1.82117e-07 -1.443e-08 -0)
(1.86317e-07 -1.00304e-08 -0)
(1.90239e-07 -5.03009e-09 -0)
(1.94121e-07 8.15648e-10 -0)
(1.98135e-07 7.92083e-09 -0)
(2.0234e-07 1.68881e-08 -0)
(2.06597e-07 2.85339e-08 -0)
(2.10443e-07 4.38748e-08 -0)
(2.1294e-07 6.40232e-08 -0)
(2.12596e-07 8.99705e-08 -0)
(2.07299e-07 1.22489e-07 -0)
(1.9387e-07 1.6231e-07 -0)
(1.671e-07 2.09509e-07 -0)
(1.19331e-07 2.60763e-07 -0)
(4.45482e-08 3.02502e-07 -0)
(2.27858e-06 7.66879e-05 -0)
(-1.64137e-06 1.1527e-05 -0)
(9.44252e-08 1.82605e-07 -0)
(6.44473e-08 3.00928e-08 -0)
(1.13913e-07 6.99674e-09 -0)
(1.17366e-07 -3.82186e-09 -0)
(1.22413e-07 -1.07422e-08 -0)
(1.27863e-07 -1.6506e-08 -0)
(1.33869e-07 -2.18405e-08 -0)
(1.40786e-07 -2.66906e-08 -0)
(1.48874e-07 -3.05374e-08 -0)
(1.57963e-07 -3.24294e-08 -0)
(1.67034e-07 -3.13392e-08 -0)
(1.74913e-07 -2.8009e-08 -0)
(1.81288e-07 -2.36765e-08 -0)
(1.86523e-07 -1.90324e-08 -0)
(1.91155e-07 -1.42615e-08 -0)
(1.95682e-07 -9.25073e-09 -0)
(2.00531e-07 -3.69824e-09 -0)
(2.06076e-07 2.8743e-09 -0)
(2.1262e-07 1.11857e-08 -0)
(2.20296e-07 2.22998e-08 -0)
(2.28862e-07 3.76936e-08 -0)
(2.37408e-07 5.91585e-08 -0)
(2.44305e-07 8.82805e-08 -0)
(2.47534e-07 1.26243e-07 -0)
(2.4405e-07 1.75463e-07 -0)
(2.26826e-07 2.40346e-07 -0)
(1.79336e-07 3.25179e-07 -0)
(7.25753e-08 4.19624e-07 -0)
(5.34873e-06 7.31359e-05 -0)
(1.02784e-06 9.88377e-06 -0)
(1.97392e-08 1.38233e-08 -0)
(5.93843e-08 1.21975e-08 -0)
(9.28888e-08 -3.92487e-09 -0)
(1.07705e-07 -1.118e-08 -0)
(1.15869e-07 -1.65936e-08 -0)
(1.22037e-07 -2.22722e-08 -0)
(1.2832e-07 -2.83616e-08 -0)
(1.35853e-07 -3.46182e-08 -0)
(1.45504e-07 -4.03477e-08 -0)
(1.5757e-07 -4.37728e-08 -0)
(1.69841e-07 -4.13387e-08 -0)
(1.79496e-07 -3.55427e-08 -0)
(1.86346e-07 -2.93691e-08 -0)
(1.91532e-07 -2.37614e-08 -0)
(1.96098e-07 -1.87323e-08 -0)
(2.00802e-07 -1.40124e-08 -0)
(2.06246e-07 -9.23132e-09 -0)
(2.13019e-07 -3.91048e-09 -0)
(2.21765e-07 2.68049e-09 -0)
(2.33105e-07 1.17861e-08 -0)
(2.47302e-07 2.54419e-08 -0)
(2.63527e-07 4.66371e-08 -0)
(2.79681e-07 7.77492e-08 -0)
(2.94481e-07 1.18741e-07 -0)
(3.07972e-07 1.72953e-07 -0)
(3.16817e-07 2.51232e-07 -0)
(2.98609e-07 3.79988e-07 -0)
(1.38992e-07 6.3119e-07 -0)
(2.05141e-06 8.90194e-05 -0)
(2.81626e-06 1.70375e-05 -0)
(1.34464e-06 1.60594e-06 -0)
(3.89389e-08 6.1953e-10 -0)
(9.05349e-08 -2.96917e-08 -0)
(1.04697e-07 -2.03912e-08 -0)
(1.1132e-07 -2.21803e-08 -0)
(1.16095e-07 -2.76278e-08 -0)
(1.21523e-07 -3.47157e-08 -0)
(1.288e-07 -4.30732e-08 -0)
(1.3972e-07 -5.2463e-08 -0)
(1.56972e-07 -6.09755e-08 -0)
(1.75264e-07 -5.47002e-08 -0)
(1.86882e-07 -4.34539e-08 -0)
(1.93069e-07 -3.44957e-08 -0)
(1.9716e-07 -2.79118e-08 -0)
(2.00904e-07 -2.28937e-08 -0)
(2.05183e-07 -1.88347e-08 -0)
(2.10633e-07 -1.53035e-08 -0)
(2.17988e-07 -1.19654e-08 -0)
(2.28316e-07 -8.33973e-09 -0)
(2.43058e-07 -3.27757e-09 -0)
(2.63713e-07 5.65176e-09 -0)
(2.89716e-07 2.41986e-08 -0)
(3.16409e-07 5.73367e-08 -0)
(3.42738e-07 9.80184e-08 -0)
(3.76541e-07 1.46376e-07 -0)
(4.33861e-07 2.11642e-07 -0)
(5.59294e-07 3.12351e-07 -0)
(9.26303e-07 4.91435e-07 -0)
(6.38319e-06 6.70662e-05 -0)
(3.9714e-06 8.60966e-06 -0)
(3.1739e-06 2.43796e-06 -0)
(3.2526e-06 2.75165e-06 -0)
(5.69254e-08 1.61071e-09 -0)
(1.15005e-07 -1.28749e-08 -0)
(1.08632e-07 -2.57304e-08 -0)
(1.09502e-07 -3.13436e-08 -0)
(1.12875e-07 -3.98003e-08 -0)
(1.18106e-07 -5.04964e-08 -0)
(1.27602e-07 -6.54557e-08 -0)
(1.55333e-07 -9.29661e-08 -0)
(1.87363e-07 -7.30327e-08 -0)
(1.997e-07 -4.90771e-08 -0)
(2.01888e-07 -3.72478e-08 -0)
(2.03134e-07 -3.04965e-08 -0)
(2.05175e-07 -2.60953e-08 -0)
(2.08392e-07 -2.31287e-08 -0)
(2.13116e-07 -2.11827e-08 -0)
(2.19983e-07 -2.03085e-08 -0)
(2.30453e-07 -2.07967e-08 -0)
(2.47097e-07 -2.22075e-08 -0)
(2.74778e-07 -2.37552e-08 -0)
(3.15212e-07 -1.28321e-08 -0)
(3.535e-07 2.93797e-08 -0)
(3.83521e-07 6.96221e-08 -0)
(4.21596e-07 1.02888e-07 -0)
(4.82792e-07 1.36611e-07 -0)
(5.78401e-07 1.66339e-07 -0)
(7.07916e-07 1.4092e-07 -0)
(2.34491e-05 7.71705e-05 -0)
(2.44278e-05 2.3498e-05 -0)
(7.27007e-06 3.01474e-06 -0)
(5.94399e-06 2.01713e-06 -0)
(4.10018e-06 1.90077e-06 -0)
(3.29105e-06 1.02181e-07 -0)
(7.11804e-08 -7.78669e-09 -0)
(1.02025e-07 -1.64236e-08 -0)
(1.02369e-07 -2.10428e-08 -0)
(1.03144e-07 -2.69723e-08 -0)
(9.72493e-08 -3.60809e-08 -0)
(1.49394e-07 -5.78474e-08 -0)
(2.19154e-07 -1.0663e-07 -0)
(2.22667e-07 -4.26559e-08 -0)
(2.1165e-07 -3.50502e-08 -0)
(2.08312e-07 -3.09101e-08 -0)
(2.08272e-07 -2.80238e-08 -0)
(2.10095e-07 -2.65127e-08 -0)
(2.13454e-07 -2.60485e-08 -0)
(2.18374e-07 -2.73023e-08 -0)
(2.26417e-07 -3.23306e-08 -0)
(2.40099e-07 -4.10001e-08 -0)
(2.73089e-07 -6.56338e-08 -0)
(3.4285e-07 -8.11525e-08 -0)
(3.98863e-07 3.3923e-09 -0)
(4.16246e-07 4.82087e-08 -0)
(4.4353e-07 5.89442e-08 -0)
(4.97312e-07 6.55729e-08 -0)
(5.63603e-07 7.54749e-08 -0)
(6.19044e-07 4.68277e-08 -0)
(3.4164e-05 1.91163e-05 -0)
(6.08157e-05 1.96984e-05 -0)
(6.10209e-05 2.27385e-05 -0)
(5.68501e-05 1.16045e-05 -0)
(5.25618e-05 6.9535e-06 -0)
(4.97735e-05 4.58441e-06 -0)
(4.62116e-05 3.65266e-06 -0)
(4.36716e-05 1.18055e-06 -0)
(4.05025e-05 1.05513e-06 -0)
(3.87669e-05 1.39968e-06 -0)
(3.09756e-05 2.21732e-06 -0)
(2.92751e-05 6.57827e-06 -0)
(1.32272e-07 -7.24387e-09 -0)
(2.68702e-07 -1.70065e-08 -0)
(2.10256e-07 -1.60495e-08 -0)
(2.05226e-07 -1.50573e-08 -0)
(2.04836e-07 -1.41495e-08 -0)
(2.07043e-07 -1.38985e-08 -0)
(2.10581e-07 -1.40925e-08 -0)
(2.13337e-07 -1.52192e-08 -0)
(2.16754e-07 -1.89281e-08 -0)
(2.13793e-07 -2.49498e-08 -0)
(2.34625e-07 -4.57062e-08 -0)
(3.84235e-07 -7.44992e-08 -0)
(4.82125e-07 -1.98684e-09 -0)
(4.38901e-07 2.32256e-08 -0)
(4.3896e-07 1.91629e-08 -0)
(4.99322e-07 1.24352e-08 -0)
(5.59656e-07 2.2597e-08 -0)
(5.85613e-07 1.87626e-08 -0)
(1.30926e-05 -1.68395e-05 -0)
(2.01787e-05 -3.61866e-06 -0)
(4.32569e-05 4.23642e-06 -0)
(5.41346e-05 7.23299e-06 -0)
(5.95544e-05 6.78492e-06 -0)
(6.47677e-05 5.88177e-06 -0)
(6.44567e-05 5.01166e-06 -0)
(6.82737e-05 4.34783e-06 -0)
(6.19209e-05 4.26843e-06 -0)
(6.66996e-05 6.74749e-06 -0)
(5.48063e-05 9.48149e-06 -0)
(6.23026e-05 1.9703e-05 -0)
(4.52476e-05 2.0016e-05 -0)
(4.46837e-05 2.15754e-06 -0)
(4.2924e-05 4.60363e-07 -0)
(4.29073e-05 -1.80372e-07 -0)
(4.32553e-05 -5.33447e-07 -0)
(4.55527e-05 -6.77928e-07 -0)
(4.62683e-05 -6.95734e-07 -0)
(4.86191e-05 -4.45177e-07 -0)
(4.89886e-05 2.49188e-07 -0)
(4.45894e-05 1.54997e-06 -0)
(4.80701e-05 6.26016e-06 -0)
(1.23831e-05 1.83536e-06 -0)
(1.19178e-05 3.41274e-07 -0)
(1.37175e-05 1.41202e-07 -0)
(1.23674e-05 4.9741e-07 -0)
(6.13661e-06 3.48668e-07 -0)
(1.02345e-06 3.93492e-08 -0)
(3.97006e-07 6.03545e-09 -0)
(2.08874e-06 -1.48511e-05 -0)
(8.4479e-06 -1.06422e-05 -0)
(1.87286e-05 -7.41682e-06 -0)
(2.72666e-05 -3.06344e-06 -0)
(3.46076e-05 -3.41426e-07 -0)
(4.00684e-05 1.11589e-06 -0)
(4.32535e-05 1.9359e-06 -0)
(4.67058e-05 2.82612e-06 -0)
(4.68321e-05 3.83026e-06 -0)
(4.97487e-05 6.26322e-06 -0)
(4.99103e-05 9.35797e-06 -0)
(5.54196e-05 1.4142e-05 -0)
(6.39574e-05 1.57943e-05 -0)
(6.38919e-05 6.409e-06 -0)
(6.36806e-05 1.47253e-06 -0)
(6.49242e-05 -8.93198e-07 -0)
(6.60098e-05 -2.24732e-06 -0)
(6.85741e-05 -2.84087e-06 -0)
(7.07123e-05 -2.76573e-06 -0)
(7.20612e-05 -1.69431e-06 -0)
(7.45242e-05 1.09082e-06 -0)
(7.03749e-05 5.39605e-06 -0)
(7.38424e-05 1.43738e-05 -0)
(6.53823e-05 1.75182e-05 -0)
(6.66209e-05 3.37466e-06 -0)
(6.91372e-05 -9.17536e-08 -0)
(7.26306e-05 2.31654e-06 -0)
(7.64405e-05 4.68417e-06 -0)
(8.18172e-05 2.57039e-06 -0)
(8.59283e-05 -9.12779e-08 -0)
(3.57007e-06 -2.73048e-05 -0)
(1.04972e-05 -2.05496e-05 -0)
(1.64743e-05 -1.39221e-05 -0)
(2.26819e-05 -9.00029e-06 -0)
(2.81536e-05 -5.18954e-06 -0)
(3.2735e-05 -2.52652e-06 -0)
(3.61821e-05 -7.13999e-07 -0)
(3.9087e-05 8.411e-07 -0)
(4.1242e-05 2.33629e-06 -0)
(4.34197e-05 4.19699e-06 -0)
(4.67695e-05 6.18168e-06 -0)
(5.06759e-05 7.65446e-06 -0)
(5.88695e-05 7.63043e-06 -0)
(6.29259e-05 4.28176e-06 -0)
(6.53877e-05 4.06812e-07 -0)
(6.79425e-05 -2.42631e-06 -0)
(7.04754e-05 -4.2297e-06 -0)
(7.33698e-05 -5.05151e-06 -0)
(7.60563e-05 -4.71487e-06 -0)
(7.83757e-05 -3.13747e-06 -0)
(8.08629e-05 3.32838e-07 -0)
(8.2789e-05 4.89426e-06 -0)
(8.78699e-05 1.01232e-05 -0)
(9.71613e-05 1.03665e-05 -0)
(0.000103264 1.54637e-06 -0)
(0.000110409 -4.45559e-06 -0)
(0.00012107 -6.70675e-06 -0)
(0.000136022 -8.09809e-06 -0)
(0.000154117 -8.61466e-06 -0)
(0.000165634 -4.46507e-06 -0)
(4.06955e-06 -3.15528e-05 -0)
(1.13824e-05 -2.52805e-05 -0)
(1.89291e-05 -2.00394e-05 -0)
(2.60053e-05 -1.4883e-05 -0)
(3.21645e-05 -1.03172e-05 -0)
(3.73999e-05 -6.67822e-06 -0)
(4.15489e-05 -3.8817e-06 -0)
(4.49094e-05 -1.63407e-06 -0)
(4.77605e-05 2.58235e-07 -0)
(5.03676e-05 1.83852e-06 -0)
(5.36817e-05 2.91476e-06 -0)
(5.75428e-05 3.07921e-06 -0)
(6.26264e-05 2.28133e-06 -0)
(6.74792e-05 2.85653e-07 -0)
(7.17438e-05 -2.61918e-06 -0)
(7.57789e-05 -5.35955e-06 -0)
(7.96394e-05 -7.29961e-06 -0)
(8.34827e-05 -8.16973e-06 -0)
(8.72893e-05 -7.78521e-06 -0)
(9.14369e-05 -6.15852e-06 -0)
(9.60038e-05 -3.30886e-06 -0)
(0.000102843 -3.24747e-07 -0)
(0.000111047 1.32116e-06 -0)
(0.000124243 -7.52707e-07 -0)
(0.000134858 -7.07107e-06 -0)
(0.000146696 -1.45897e-05 -0)
(0.000158639 -2.13724e-05 -0)
(0.000176734 -2.80214e-05 -0)
(0.000195849 -2.95504e-05 -0)
(0.000218654 -1.74168e-05 -0)
(6.45892e-06 -4.3531e-05 -0)
(1.79161e-05 -3.4923e-05 -0)
(2.79257e-05 -2.79206e-05 -0)
(3.61242e-05 -2.17474e-05 -0)
(4.26973e-05 -1.62158e-05 -0)
(4.80246e-05 -1.15633e-05 -0)
(5.23639e-05 -7.8457e-06 -0)
(5.60612e-05 -4.96886e-06 -0)
(5.94603e-05 -2.82005e-06 -0)
(6.29267e-05 -1.44207e-06 -0)
(6.67894e-05 -9.2995e-07 -0)
(7.11331e-05 -1.37872e-06 -0)
(7.59301e-05 -2.65328e-06 -0)
(8.09977e-05 -4.68147e-06 -0)
(8.57462e-05 -7.27377e-06 -0)
(9.01309e-05 -9.80103e-06 -0)
(9.41551e-05 -1.16863e-05 -0)
(9.83252e-05 -1.26512e-05 -0)
(0.000102695 -1.26009e-05 -0)
(0.000108222 -1.1713e-05 -0)
(0.000114638 -1.04077e-05 -0)
(0.000123832 -9.65037e-06 -0)
(0.000133782 -1.0493e-05 -0)
(0.000146796 -1.37102e-05 -0)
(0.000156395 -1.8901e-05 -0)
(0.000167794 -2.60622e-05 -0)
(0.000173709 -3.37706e-05 -0)
(0.000186481 -4.39742e-05 -0)
(0.000194095 -5.08775e-05 -0)
(0.000219999 -4.49721e-05 -0)
(1.23794e-05 -5.64629e-05 -0)
(3.38902e-05 -4.4863e-05 -0)
(4.62045e-05 -3.69463e-05 -0)
(5.31893e-05 -2.91165e-05 -0)
(5.75277e-05 -2.19876e-05 -0)
(6.07709e-05 -1.61802e-05 -0)
(6.3516e-05 -1.17151e-05 -0)
(6.61713e-05 -8.48202e-06 -0)
(6.89431e-05 -6.335e-06 -0)
(7.20018e-05 -5.2319e-06 -0)
(7.54122e-05 -5.11927e-06 -0)
(7.906e-05 -5.91268e-06 -0)
(8.288e-05 -7.41122e-06 -0)
(8.6603e-05 -9.38756e-06 -0)
(9.01878e-05 -1.16107e-05 -0)
(9.33103e-05 -1.37338e-05 -0)
(9.66614e-05 -1.55352e-05 -0)
(0.00010011 -1.67606e-05 -0)
(0.000104674 -1.75139e-05 -0)
(0.00010996 -1.77967e-05 -0)
(0.000116955 -1.81665e-05 -0)
(0.000124693 -1.89092e-05 -0)
(0.000133409 -2.06987e-05 -0)
(0.000141429 -2.32819e-05 -0)
(0.000147962 -2.69203e-05 -0)
(0.000153296 -3.15267e-05 -0)
(0.000154078 -3.72841e-05 -0)
(0.000159466 -4.58707e-05 -0)
(0.000152698 -5.61174e-05 -0)
(0.000217709 -8.87798e-05 -0)
(8.90687e-05 -8.14675e-05 -0)
(8.06469e-05 -6.48757e-05 -0)
(7.39198e-05 -4.66027e-05 -0)
(6.90866e-05 -3.3156e-05 -0)
(6.60176e-05 -2.39206e-05 -0)
(6.46692e-05 -1.76145e-05 -0)
(6.43819e-05 -1.32107e-05 -0)
(6.51161e-05 -1.02887e-05 -0)
(6.63512e-05 -8.5023e-06 -0)
(6.82485e-05 -7.7696e-06 -0)
(7.03291e-05 -7.89602e-06 -0)
(7.2824e-05 -8.80895e-06 -0)
(7.53018e-05 -1.02533e-05 -0)
(7.8071e-05 -1.21223e-05 -0)
(8.09432e-05 -1.4181e-05 -0)
(8.41748e-05 -1.63575e-05 -0)
(8.80195e-05 -1.84934e-05 -0)
(9.23286e-05 -2.04168e-05 -0)
(9.77957e-05 -2.21455e-05 -0)
(0.000103474 -2.34651e-05 -0)
(0.000110361 -2.47186e-05 -0)
(0.000116009 -2.56532e-05 -0)
(0.000122369 -2.7041e-05 -0)
(0.000124905 -2.81909e-05 -0)
(0.000129505 -3.04515e-05 -0)
(0.00012625 -3.22996e-05 -0)
(0.000131146 -3.80219e-05 -0)
(0.000116785 -4.32889e-05 -0)
(0.000127242 -7.95198e-05 -0)
(7.01289e-05 -0.000181714 -0)
(7.98868e-05 -5.11176e-05 -0)
(6.41997e-05 -3.88513e-05 -0)
(5.61645e-05 -2.97204e-05 -0)
(5.33886e-05 -2.32678e-05 -0)
(5.30828e-05 -1.85051e-05 -0)
(5.41255e-05 -1.49796e-05 -0)
(5.55345e-05 -1.22963e-05 -0)
(5.7518e-05 -1.0487e-05 -0)
(5.94245e-05 -9.41013e-06 -0)
(6.19051e-05 -9.1931e-06 -0)
(6.41492e-05 -9.65525e-06 -0)
(6.71312e-05 -1.09069e-05 -0)
(6.98126e-05 -1.26374e-05 -0)
(7.34567e-05 -1.49885e-05 -0)
(7.68907e-05 -1.7526e-05 -0)
(8.13099e-05 -2.04333e-05 -0)
(8.57189e-05 -2.32104e-05 -0)
(9.07235e-05 -2.59146e-05 -0)
(9.59719e-05 -2.81933e-05 -0)
(0.000101081 -2.98011e-05 -0)
(0.000105548 -3.05852e-05 -0)
(0.000108725 -3.05059e-05 -0)
(0.000109605 -2.9921e-05 -0)
(0.000109379 -2.96882e-05 -0)
(0.000105049 -2.94305e-05 -0)
(0.000103579 -3.10025e-05 -0)
(9.33966e-05 -3.15806e-05 -0)
(8.40498e-05 -3.86874e-05 -0)
(6.49796e-05 -4.17187e-05 -0)
(1.03403e-05 -1.77748e-05 -0)
(8.53395e-05 -4.07165e-05 -0)
(7.90492e-05 -3.81946e-05 -0)
(7.55073e-05 -3.37816e-05 -0)
(7.36987e-05 -2.855e-05 -0)
(7.25341e-05 -2.34728e-05 -0)
(7.21097e-05 -1.92857e-05 -0)
(7.16571e-05 -1.59926e-05 -0)
(7.18985e-05 -1.38088e-05 -0)
(7.18084e-05 -1.25063e-05 -0)
(7.25663e-05 -1.22793e-05 -0)
(7.26601e-05 -1.27881e-05 -0)
(7.39184e-05 -1.4289e-05 -0)
(7.42355e-05 -1.6205e-05 -0)
(7.62588e-05 -1.8976e-05 -0)
(7.72065e-05 -2.16412e-05 -0)
(8.02852e-05 -2.49696e-05 -0)
(8.24558e-05 -2.76686e-05 -0)
(8.61806e-05 -3.0563e-05 -0)
(8.95689e-05 -3.25027e-05 -0)
(9.19887e-05 -3.31854e-05 -0)
(9.35555e-05 -3.26361e-05 -0)
(9.15602e-05 -3.03221e-05 -0)
(9.02429e-05 -2.78571e-05 -0)
(8.31785e-05 -2.44088e-05 -0)
(7.68706e-05 -2.45042e-05 -0)
(7.1185e-05 -2.37783e-05 -0)
(5.83641e-05 -1.92847e-05 -0)
(4.89781e-05 -2.21176e-05 -0)
(2.59347e-05 -1.95058e-05 -0)
(1.26358e-05 -1.61098e-05 -0)
(8.73567e-05 -3.21543e-05 -0)
(7.99875e-05 -3.00668e-05 -0)
(7.34715e-05 -2.64375e-05 -0)
(6.84769e-05 -2.23087e-05 -0)
(6.47931e-05 -1.84334e-05 -0)
(6.2462e-05 -1.52966e-05 -0)
(6.07614e-05 -1.29015e-05 -0)
(5.99954e-05 -1.13767e-05 -0)
(5.92459e-05 -1.05556e-05 -0)
(5.93867e-05 -1.06175e-05 -0)
(5.90897e-05 -1.13298e-05 -0)
(6.01275e-05 -1.30229e-05 -0)
(6.03592e-05 -1.51945e-05 -0)
(6.29419e-05 -1.84954e-05 -0)
(6.40947e-05 -2.1687e-05 -0)
(6.88841e-05 -2.61582e-05 -0)
(7.09022e-05 -2.92034e-05 -0)
(7.66896e-05 -3.32062e-05 -0)
(7.84636e-05 -3.41539e-05 -0)
(7.95845e-05 -3.37555e-05 -0)
(7.6648e-05 -3.06362e-05 -0)
(7.1616e-05 -2.72599e-05 -0)
(6.78205e-05 -2.28824e-05 -0)
(5.69124e-05 -1.51026e-05 -0)
(5.12818e-05 -1.72905e-05 -0)
(3.9898e-05 -1.76965e-05 -0)
(3.05949e-05 -7.60843e-06 -0)
(2.51938e-05 -6.99391e-06 -0)
(7.99308e-07 -4.49555e-07 -0)
(1.96406e-07 -2.17506e-07 -0)
(8.8046e-05 -2.51138e-05 -0)
(8.20937e-05 -2.39535e-05 -0)
(7.69758e-05 -2.2023e-05 -0)
(7.32337e-05 -1.96676e-05 -0)
(7.03895e-05 -1.71518e-05 -0)
(6.86772e-05 -1.49331e-05 -0)
(6.7227e-05 -1.30962e-05 -0)
(6.66129e-05 -1.19461e-05 -0)
(6.57215e-05 -1.13931e-05 -0)
(6.56751e-05 -1.1745e-05 -0)
(6.49414e-05 -1.28231e-05 -0)
(6.53956e-05 -1.50528e-05 -0)
(6.4827e-05 -1.79615e-05 -0)
(6.62531e-05 -2.21448e-05 -0)
(6.60507e-05 -2.62303e-05 -0)
(6.94007e-05 -3.14792e-05 -0)
(6.87789e-05 -3.42114e-05 -0)
(7.4018e-05 -3.81071e-05 -0)
(6.97824e-05 -3.47759e-05 -0)
(6.63781e-05 -3.14858e-05 -0)
(5.64723e-05 -2.46423e-05 -0)
(5.08238e-05 -2.08999e-05 -0)
(3.92651e-05 -1.8549e-05 -0)
(3.15213e-05 -3.90313e-06 -0)
(2.86744e-05 -5.93414e-06 -0)
(4.25381e-06 -1.14142e-06 -0)
(4.02359e-07 -1.31799e-07 -0)
(2.14269e-07 -1.56935e-07 -0)
(1.05126e-07 -2.0263e-07 -0)
(5.70652e-08 -3.60128e-07 -0)
(8.85958e-05 -1.93711e-05 -0)
(8.35655e-05 -1.87058e-05 -0)
(7.88715e-05 -1.75259e-05 -0)
(7.49551e-05 -1.59823e-05 -0)
(7.15008e-05 -1.42099e-05 -0)
(6.89384e-05 -1.2569e-05 -0)
(6.65304e-05 -1.1151e-05 -0)
(6.49272e-05 -1.02617e-05 -0)
(6.30103e-05 -9.83442e-06 -0)
(6.18588e-05 -1.01927e-05 -0)
(5.9944e-05 -1.11808e-05 -0)
(5.88953e-05 -1.32698e-05 -0)
(5.69287e-05 -1.6105e-05 -0)
(5.62245e-05 -2.0224e-05 -0)
(5.52376e-05 -2.47771e-05 -0)
(5.61405e-05 -2.99501e-05 -0)
(5.60346e-05 -3.35265e-05 -0)
(5.99477e-05 -3.63003e-05 -0)
(4.91935e-05 -2.71043e-05 -0)
(4.43585e-05 -2.20138e-05 -0)
(2.86991e-05 -1.71326e-05 -0)
(2.7199e-05 -6.98289e-06 -0)
(2.65851e-07 -4.99619e-08 -0)
(3.87125e-07 -6.65961e-08 -0)
(2.44662e-07 -5.97688e-08 -0)
(2.52611e-07 -5.6551e-08 -0)
(2.55339e-07 -1.80049e-07 -0)
(1.82432e-07 -2.53215e-07 -0)
(1.05167e-07 -2.39425e-07 -0)
(3.89156e-08 -2.64145e-07 -0)
(8.89423e-05 -1.44281e-05 -0)
(8.4484e-05 -1.40325e-05 -0)
(8.01375e-05 -1.33012e-05 -0)
(7.64081e-05 -1.23413e-05 -0)
(7.28872e-05 -1.11893e-05 -0)
(7.02441e-05 -1.01095e-05 -0)
(6.75221e-05 -9.12506e-06 -0)
(6.57893e-05 -8.54843e-06 -0)
(6.33907e-05 -8.27549e-06 -0)
(6.2159e-05 -8.72354e-06 -0)
(5.94986e-05 -9.65384e-06 -0)
(5.8354e-05 -1.18411e-05 -0)
(5.51049e-05 -1.47323e-05 -0)
(5.39185e-05 -1.96577e-05 -0)
(5.12441e-05 -2.49951e-05 -0)
(5.00041e-05 -3.11079e-05 -0)
(5.02105e-05 -3.59857e-05 -0)
(4.71936e-05 -3.34055e-05 -0)
(2.85266e-05 -1.94063e-05 -0)
(2.5486e-05 -8.18096e-06 -0)
(4.33175e-07 -8.65497e-08 -0)
(3.36467e-07 -2.40944e-08 -0)
(2.97153e-07 1.50538e-08 -0)
(3.02226e-07 -9.81245e-08 -0)
(2.55927e-07 -9.99579e-08 -0)
(2.32577e-07 -9.85451e-08 -0)
(2.0615e-07 -1.36948e-07 -0)
(1.54893e-07 -1.72096e-07 -0)
(9.41962e-08 -1.82586e-07 -0)
(3.23458e-08 -1.92884e-07 -0)
(8.91665e-05 -9.999e-06 -0)
(8.50562e-05 -9.76498e-06 -0)
(8.0995e-05 -9.32928e-06 -0)
(7.73867e-05 -8.74823e-06 -0)
(7.38682e-05 -8.04306e-06 -0)
(7.10679e-05 -7.36292e-06 -0)
(6.80975e-05 -6.73319e-06 -0)
(6.60645e-05 -6.36429e-06 -0)
(6.32278e-05 -6.2047e-06 -0)
(6.1666e-05 -6.57253e-06 -0)
(5.8227e-05 -7.2922e-06 -0)
(5.66899e-05 -9.08107e-06 -0)
(5.16241e-05 -1.14016e-05 -0)
(4.96052e-05 -1.60972e-05 -0)
(4.25423e-05 -2.04983e-05 -0)
(4.00948e-05 -2.76891e-05 -0)
(3.6193e-05 -3.09887e-05 -0)
(2.15927e-05 -1.98287e-05 -0)
(9.38264e-07 -3.74722e-07 -0)
(2.80733e-07 -3.4185e-08 -0)
(2.66242e-07 2.88486e-08 -0)
(2.94738e-07 -3.19278e-08 -0)
(2.84408e-07 -2.38116e-08 -0)
(2.72114e-07 -5.54537e-08 -0)
(2.44242e-07 -6.84588e-08 -0)
(2.15621e-07 -7.80753e-08 -0)
(1.81789e-07 -9.71585e-08 -0)
(1.36794e-07 -1.15634e-07 -0)
(8.43794e-08 -1.25937e-07 -0)
(2.86176e-08 -1.3192e-07 -0)
(8.9298e-05 -5.88573e-06 -0)
(8.53932e-05 -5.76083e-06 -0)
(8.15149e-05 -5.53132e-06 -0)
(7.79809e-05 -5.21696e-06 -0)
(7.45018e-05 -4.84248e-06 -0)
(7.15874e-05 -4.46488e-06 -0)
(6.85316e-05 -4.1287e-06 -0)
(6.62402e-05 -3.91353e-06 -0)
(6.32658e-05 -3.85425e-06 -0)
(6.13432e-05 -4.06546e-06 -0)
(5.77e-05 -4.55819e-06 -0)
(5.56655e-05 -5.65092e-06 -0)
(4.99662e-05 -7.25054e-06 -0)
(4.70299e-05 -1.06359e-05 -0)
(3.68496e-05 -1.42571e-05 -0)
(3.31176e-05 -2.25232e-05 -0)
(1.9098e-05 -1.95295e-05 -0)
(4.06951e-07 -3.45553e-07 -0)
(2.71264e-07 -3.19032e-08 -0)
(3.01354e-07 -4.06595e-08 -0)
(2.85647e-07 -6.00067e-09 -0)
(2.83811e-07 -1.57224e-08 -0)
(2.73627e-07 -1.95053e-08 -0)
(2.57579e-07 -3.14202e-08 -0)
(2.33305e-07 -4.03484e-08 -0)
(2.03878e-07 -4.81385e-08 -0)
(1.6859e-07 -5.79753e-08 -0)
(1.26114e-07 -6.73455e-08 -0)
(7.79106e-08 -7.36084e-08 -0)
(2.63631e-08 -7.69385e-08 -0)
(8.93753e-05 -1.94425e-06 -0)
(8.55264e-05 -1.90369e-06 -0)
(8.17917e-05 -1.83399e-06 -0)
(7.82173e-05 -1.73189e-06 -0)
(7.48726e-05 -1.61846e-06 -0)
(7.1752e-05 -1.49273e-06 -0)
(6.88749e-05 -1.39451e-06 -0)
(6.61534e-05 -1.31476e-06 -0)
(6.35293e-05 -1.31402e-06 -0)
(6.08462e-05 -1.36414e-06 -0)
(5.78934e-05 -1.56517e-06 -0)
(5.45369e-05 -1.88313e-06 -0)
(5.00193e-05 -2.51765e-06 -0)
(4.46262e-05 -3.57965e-06 -0)
(3.5297e-05 -5.48254e-06 -0)
(2.53494e-05 -9.41049e-06 -0)
(2.65662e-06 -3.48252e-06 -0)
(1.73115e-07 -6.73354e-08 -0)
(3.28348e-07 -9.79329e-09 -0)
(3.06658e-07 -1.09884e-08 -0)
(2.91179e-07 -4.48906e-09 -0)
(2.81233e-07 -5.45582e-09 -0)
(2.6871e-07 -7.06686e-09 -0)
(2.51271e-07 -1.03726e-08 -0)
(2.27523e-07 -1.33752e-08 -0)
(1.97994e-07 -1.61544e-08 -0)
(1.62582e-07 -1.92585e-08 -0)
(1.21161e-07 -2.21632e-08 -0)
(7.47863e-08 -2.42118e-08 -0)
(2.52875e-08 -2.52875e-08 -0)
)
;

boundaryField
{
    inlet1
    {
        type            extrapolatedCalculated;
        value           nonuniform List<vector> 10((1e-05 8.00458e-06 -0) (1e-05 3.61403e-05 -0) (1e-05 6.55588e-05 -0) (1e-05 8.7644e-05 -0) (1e-05 0.000105921 -0) (1e-05 0.000117074 -0) (1e-05 0.000126558 -0) (1e-05 0.000133192 -0) (1e-05 0.000134251 -0) (1e-05 0.000123553 -0));
    }
    inlet2
    {
        type            extrapolatedCalculated;
        value           nonuniform List<vector> 10((-0 8.90194e-05 -0) (-0 6.70662e-05 -0) (-0 7.71705e-05 -0) (-0 1.91163e-05 -0) (-0 -1.68395e-05 -0) (-0 -1.48511e-05 -0) (-0 -2.73048e-05 -0) (-0 -3.15528e-05 -0) (-0 -4.3531e-05 -0) (-0 -5.64629e-05 -0));
    }
    inlet3
    {
        type            extrapolatedCalculated;
        value           nonuniform List<vector> 10((9.13394e-05 -6.99493e-05 -0) (9.13394e-05 -5.40652e-05 -0) (9.13394e-05 -4.15289e-05 -0) (9.13394e-05 -3.24545e-05 -0) (9.13394e-05 -2.53199e-05 -0) (9.13394e-05 -1.94828e-05 -0) (9.13394e-05 -1.44878e-05 -0) (9.13394e-05 -1.00292e-05 -0) (9.13394e-05 -5.89966e-06 -0) (9.13394e-05 -1.94793e-06 -0));
    }
    output1
    {
        type            extrapolatedCalculated;
        value           nonuniform List<vector> 10((-0 1.26932e-08 -0) (-0 3.85635e-08 -0) (-0 6.59569e-08 -0) (-0 9.61504e-08 -0) (-0 1.30915e-07 -0) (-0 1.72993e-07 -0) (-0 2.27118e-07 -0) (-0 3.02502e-07 -0) (-0 4.19624e-07 -0) (-0 6.3119e-07 -0));
    }
    output2
    {
        type            extrapolatedCalculated;
        value           nonuniform List<vector> 10((1.20505e-06 4.91435e-07 -0) (7.79681e-07 1.4092e-07 -0) (6.41372e-07 4.68277e-08 -0) (5.9237e-07 1.87626e-08 -0) (3.89197e-07 6.03545e-09 -0) (8.62879e-05 -9.12779e-08 -0) (0.000167808 -4.46507e-06 -0) (0.000225073 -1.74168e-05 -0) (0.000241297 -4.49721e-05 -0) (0.00028932 -8.87798e-05 -0));
    }
    output3
    {
        type            extrapolatedCalculated;
        value           nonuniform List<vector> 10((-0 -0.000181714 -0) (-0 -1.77748e-05 -0) (-0 -1.61098e-05 -0) (-0 -2.17506e-07 -0) (-0 -3.60128e-07 -0) (-0 -2.64145e-07 -0) (-0 -1.92884e-07 -0) (-0 -1.3192e-07 -0) (-0 -7.69385e-08 -0) (-0 -2.52875e-08 -0));
    }
    up
    {
        type            extrapolatedCalculated;
        value           nonuniform List<vector> 
30
(
(8.93753e-05 -0 -0)
(8.55264e-05 -0 -0)
(8.17917e-05 -0 -0)
(7.82173e-05 -0 -0)
(7.48726e-05 -0 -0)
(7.1752e-05 -0 -0)
(6.88749e-05 -0 -0)
(6.61534e-05 -0 -0)
(6.35293e-05 -0 -0)
(6.08462e-05 -0 -0)
(5.78934e-05 -0 -0)
(5.45369e-05 -0 -0)
(5.00193e-05 -0 -0)
(4.46262e-05 -0 -0)
(3.5297e-05 -0 -0)
(2.53494e-05 -0 -0)
(2.65662e-06 -0 -0)
(1.73115e-07 -0 -0)
(3.28348e-07 -0 -0)
(3.06658e-07 -0 -0)
(2.91179e-07 -0 -0)
(2.81233e-07 -0 -0)
(2.6871e-07 -0 -0)
(2.51271e-07 -0 -0)
(2.27523e-07 -0 -0)
(1.97994e-07 -0 -0)
(1.62582e-07 -0 -0)
(1.21161e-07 -0 -0)
(7.47863e-08 -0 -0)
(2.52875e-08 -0 -0)
)
;
    }
    down
    {
        type            extrapolatedCalculated;
        value           nonuniform List<vector> 
30
(
(5.78803e-06 -0 -0)
(1.84465e-06 -0 -0)
(3.35137e-07 -0 -0)
(1.81386e-07 -0 -0)
(1.00629e-07 -0 -0)
(1.76935e-07 -0 -0)
(1.70165e-07 -0 -0)
(1.65339e-07 -0 -0)
(1.62688e-07 -0 -0)
(1.61692e-07 -0 -0)
(1.61791e-07 -0 -0)
(1.62551e-07 -0 -0)
(1.63639e-07 -0 -0)
(1.64786e-07 -0 -0)
(1.65762e-07 -0 -0)
(1.66359e-07 -0 -0)
(1.66377e-07 -0 -0)
(1.65611e-07 -0 -0)
(1.63845e-07 -0 -0)
(1.60841e-07 -0 -0)
(1.56338e-07 -0 -0)
(1.50048e-07 -0 -0)
(1.41674e-07 -0 -0)
(1.30928e-07 -0 -0)
(1.17568e-07 -0 -0)
(1.01445e-07 -0 -0)
(8.25597e-08 -0 -0)
(6.11246e-08 -0 -0)
(3.75999e-08 -0 -0)
(1.26945e-08 -0 -0)
)
;
    }
    emptyWalls
    {
        type            empty;
    }
}


// ************************************************************************* //
