/*--------------------------------*- C++ -*----------------------------------*\
  =========                 |
  \\      /  F ield         | OpenFOAM: The Open Source CFD Toolbox
   \\    /   O peration     | Website:  https://openfoam.org
    \\  /    A nd           | Version:  9
     \\/     M anipulation  |
\*---------------------------------------------------------------------------*/
FoamFile
{
    format      ascii;
    class       volScalarField;
    location    "11000";
    object      fw;
}
// * * * * * * * * * * * * * * * * * * * * * * * * * * * * * * * * * * * * * //

dimensions      [0 0 0 0 0 0 0];

internalField   nonuniform List<scalar> 
900
(
0.890283
0.686447
0.676393
0.0202375
5.25029e-09
4.7991e-09
4.7991e-09
4.7991e-09
4.7991e-09
4.7991e-09
4.7991e-09
4.7991e-09
4.7991e-09
4.7991e-09
4.7991e-09
4.7991e-09
4.7991e-09
4.7991e-09
4.7991e-09
4.7991e-09
4.7991e-09
4.7991e-09
4.7991e-09
4.7991e-09
4.7991e-09
4.7991e-09
4.7991e-09
4.7991e-09
4.7991e-09
4.7991e-09
1.00001
1
0.835819
0.00232998
4.83956e-09
4.7991e-09
4.7991e-09
4.7991e-09
4.7991e-09
4.7991e-09
4.7991e-09
4.7991e-09
4.7991e-09
4.7991e-09
4.7991e-09
4.7991e-09
4.7991e-09
4.7991e-09
4.7991e-09
4.7991e-09
4.7991e-09
4.7991e-09
4.7991e-09
4.7991e-09
4.7991e-09
4.7991e-09
4.7991e-09
4.7991e-09
4.7991e-09
4.7991e-09
0.933479
0.842204
0.641303
0.000839614
4.81021e-09
4.7991e-09
4.7991e-09
4.7991e-09
4.7991e-09
4.7991e-09
4.7991e-09
4.7991e-09
4.7991e-09
4.7991e-09
4.7991e-09
4.7991e-09
4.7991e-09
4.7991e-09
4.7991e-09
4.7991e-09
4.7991e-09
4.7991e-09
4.7991e-09
4.7991e-09
4.7991e-09
4.7991e-09
4.7991e-09
4.7991e-09
4.7991e-09
4.7991e-09
0.999231
0.910641
0.705113
0.000114284
4.80043e-09
4.7991e-09
4.7991e-09
4.7991e-09
4.7991e-09
4.7991e-09
4.7991e-09
4.7991e-09
4.7991e-09
4.7991e-09
4.7991e-09
4.7991e-09
4.7991e-09
4.7991e-09
4.7991e-09
4.7991e-09
4.7991e-09
4.7991e-09
4.7991e-09
4.7991e-09
4.7991e-09
4.7991e-09
4.7991e-09
4.7991e-09
4.7991e-09
4.7991e-09
0.983101
0.868576
0.689069
6.24907e-06
4.79916e-09
4.7991e-09
4.7991e-09
4.7991e-09
4.7991e-09
4.7991e-09
4.7991e-09
4.7991e-09
4.7991e-09
4.7991e-09
4.7991e-09
4.7991e-09
4.7991e-09
4.7991e-09
4.7991e-09
4.7991e-09
4.7991e-09
4.7991e-09
4.7991e-09
4.7991e-09
4.7991e-09
4.7991e-09
4.7991e-09
4.7991e-09
4.7991e-09
4.7991e-09
0.99917
0.898656
0.847023
4.24319e-08
4.7991e-09
4.7991e-09
4.7991e-09
4.7991e-09
4.7991e-09
4.7991e-09
4.7991e-09
4.7991e-09
4.7991e-09
4.7991e-09
4.7991e-09
4.7991e-09
4.7991e-09
4.7991e-09
4.7991e-09
4.7991e-09
4.7991e-09
4.7991e-09
4.7991e-09
4.7991e-09
4.7991e-09
4.7991e-09
4.7991e-09
4.7991e-09
4.7991e-09
4.7991e-09
0.993673
0.785919
0.214987
5.68407e-09
4.7991e-09
4.7991e-09
4.7991e-09
4.7991e-09
4.7991e-09
4.7991e-09
4.7991e-09
4.7991e-09
4.7991e-09
4.7991e-09
4.7991e-09
4.7991e-09
4.7991e-09
4.7991e-09
4.7991e-09
4.7991e-09
4.7991e-09
4.7991e-09
4.7991e-09
4.7991e-09
4.7991e-09
4.7991e-09
4.7991e-09
4.7991e-09
4.7991e-09
4.7991e-09
0.999523
0.834243
0.00104672
4.82144e-09
4.7991e-09
4.7991e-09
4.7991e-09
4.7991e-09
4.7991e-09
4.7991e-09
4.7991e-09
4.7991e-09
4.7991e-09
4.7991e-09
4.7991e-09
4.7991e-09
4.7991e-09
4.7991e-09
4.7991e-09
4.7991e-09
4.7991e-09
4.7991e-09
4.7991e-09
4.7991e-09
4.7991e-09
4.7991e-09
4.7991e-09
4.7991e-09
4.7991e-09
4.7991e-09
0.997898
0.844138
4.72926e-05
4.79961e-09
4.7991e-09
4.7991e-09
4.7991e-09
4.7991e-09
4.7991e-09
4.7991e-09
4.7991e-09
4.7991e-09
4.7991e-09
4.7991e-09
4.7991e-09
4.7991e-09
4.7991e-09
4.7991e-09
4.7991e-09
4.7991e-09
4.7991e-09
4.7991e-09
4.7991e-09
4.7991e-09
4.7991e-09
4.7991e-09
4.7991e-09
4.7991e-09
4.7991e-09
4.7991e-09
0.99992
0.942623
5.82248e-06
4.79913e-09
4.7991e-09
4.7991e-09
4.7991e-09
4.7991e-09
4.7991e-09
4.7991e-09
4.7991e-09
4.7991e-09
4.7991e-09
4.7991e-09
4.7991e-09
4.7991e-09
4.7991e-09
4.7991e-09
4.7991e-09
4.7991e-09
4.7991e-09
4.7991e-09
4.7991e-09
4.7991e-09
4.7991e-09
4.7991e-09
4.7991e-09
4.7991e-09
4.7991e-09
4.79911e-09
0.99975
0.961339
0.0657469
5.13774e-09
4.7991e-09
4.7991e-09
4.7991e-09
4.7991e-09
4.7991e-09
4.7991e-09
4.7991e-09
4.7991e-09
4.7991e-09
4.7991e-09
4.7991e-09
4.7991e-09
4.7991e-09
4.7991e-09
4.7991e-09
4.7991e-09
4.7991e-09
4.7991e-09
4.7991e-09
4.7991e-09
4.7991e-09
4.7991e-09
4.7991e-09
4.7991e-09
4.79909e-09
4.79909e-09
1
0.988177
0.661804
0.0232184
5.0312e-09
4.79937e-09
4.7991e-09
4.7991e-09
4.7991e-09
4.7991e-09
4.7991e-09
4.7991e-09
4.7991e-09
4.7991e-09
4.7991e-09
4.7991e-09
4.7991e-09
4.7991e-09
4.7991e-09
4.7991e-09
4.7991e-09
4.7991e-09
4.7991e-09
4.7991e-09
4.7991e-09
4.7991e-09
4.7991e-09
4.7991e-09
4.7991e-09
4.7991e-09
1
0.995739
0.9256
0.760667
0.76735
0.000692287
4.79984e-09
4.7991e-09
4.7991e-09
4.7991e-09
4.7991e-09
4.7991e-09
4.7991e-09
4.7991e-09
4.7991e-09
4.7991e-09
4.7991e-09
4.7991e-09
4.7991e-09
4.7991e-09
4.7991e-09
4.7991e-09
4.7991e-09
4.7991e-09
4.7991e-09
4.7991e-09
4.7991e-09
4.7991e-09
4.7991e-09
4.7991e-09
1.00012
0.99677
0.751295
0.461777
0.418364
0.226763
5.83122e-08
4.80061e-09
4.80057e-09
4.7991e-09
4.7991e-09
4.7991e-09
4.7991e-09
4.7991e-09
4.7991e-09
4.7991e-09
4.7991e-09
4.7991e-09
4.7991e-09
4.7991e-09
4.7991e-09
4.7991e-09
4.7991e-09
4.7991e-09
4.7991e-09
4.7991e-09
4.7991e-09
4.7991e-09
4.7991e-09
4.7991e-09
1.00007
0.999984
0.997756
0.981145
0.924983
0.833749
0.746725
0.699194
0.736231
1.05579e-05
4.80088e-09
8.03464e-09
9.1942e-09
7.16835e-09
5.27991e-09
4.80434e-09
4.80749e-09
4.81018e-09
4.82608e-09
5.71512e-09
1.00126e-08
1.99268e-08
3.51381e-08
5.17428e-08
5.57058e-08
4.36883e-08
3.51111e-08
2.74233e-08
1.63744e-08
7.45987e-09
0.998592
0.997512
0.991802
0.973149
0.94718
0.914617
0.899792
0.862548
0.845136
0.713566
0.671877
0.674089
0.683951
0.687751
0.715212
0.681145
0.745934
0.251578
0.0291988
0.16474
0.268333
0.337548
0.388038
0.427555
0.460283
0.489028
0.516281
0.540458
0.562023
0.566878
0.944353
0.929274
0.91188
0.89836
0.88884
0.876586
0.86905
0.850397
0.836241
0.83395
0.817032
0.811859
0.820106
0.818865
0.830149
0.805004
0.787699
0.680188
0.631515
0.655156
0.687681
0.712354
0.730544
0.744843
0.756304
0.765815
0.774719
0.78257
0.79317
0.797997
0.920759
0.894979
0.883829
0.877133
0.872814
0.868126
0.861148
0.855218
0.850523
0.857281
0.857284
0.85831
0.861604
0.862753
0.860479
0.849353
0.832692
0.821647
0.816928
0.813987
0.818872
0.826254
0.831935
0.836416
0.838392
0.839946
0.838341
0.836325
0.833986
0.836896
0.876411
0.873831
0.885017
0.894256
0.898738
0.899491
0.898192
0.897319
0.897868
0.900619
0.902393
0.903112
0.902471
0.900722
0.896034
0.891239
0.885808
0.88642
0.884802
0.881319
0.878896
0.878118
0.87616
0.873607
0.868472
0.863829
0.853943
0.842048
0.816547
0.797118
0.881164
0.904221
0.921453
0.928692
0.930692
0.930274
0.928883
0.927528
0.926533
0.92544
0.923894
0.920971
0.917097
0.912257
0.907501
0.903411
0.901088
0.899547
0.896016
0.890334
0.88357
0.877629
0.869687
0.860553
0.848688
0.836979
0.818118
0.804639
0.741822
0.680338
0.93126
0.94846
0.948241
0.943307
0.938105
0.933369
0.929231
0.925632
0.922195
0.918624
0.914625
0.910035
0.905242
0.900635
0.896806
0.892765
0.889432
0.883737
0.876991
0.865468
0.852014
0.841129
0.826177
0.809509
0.794567
0.76841
0.744974
0.714621
0.728589
0.812857
0.905191
0.89749
0.897921
0.899417
0.901731
0.903444
0.905084
0.906115
0.906464
0.906037
0.904843
0.902683
0.899763
0.896359
0.89101
0.883731
0.873678
0.858542
0.846549
0.820517
0.791697
0.765965
0.736281
0.716659
0.701833
0.664605
0.624691
0.49986
0.480199
0.250785
0.910445
0.913414
0.92017
0.924712
0.927303
0.927293
0.92621
0.923908
0.920623
0.916853
0.912425
0.906436
0.899923
0.889839
0.874339
0.857494
0.82913
0.794779
0.768367
0.712828
0.673336
0.540941
0.50308
0.494373
0.485595
0.456657
0.450021
8.84912e-07
4.7991e-09
4.7991e-09
0.911919
0.909854
0.909329
0.908564
0.908507
0.906679
0.905315
0.902962
0.900023
0.898704
0.894234
0.889569
0.881791
0.857377
0.824908
0.784822
0.722222
0.677065
0.552017
0.483109
0.545422
0.00106275
4.80001e-09
4.7991e-09
4.7991e-09
4.7991e-09
4.7991e-09
4.7991e-09
4.7991e-09
4.7991e-09
0.912283
0.910737
0.911142
0.911738
0.914183
0.914184
0.915817
0.913667
0.91185
0.90893
0.898603
0.894013
0.870459
0.814348
0.748907
0.613725
0.505397
0.558353
0.0202124
4.84416e-09
4.79911e-09
4.7991e-09
4.7991e-09
4.7991e-09
4.7991e-09
4.7991e-09
4.7991e-09
4.7991e-09
4.7991e-09
4.7991e-09
0.912696
0.911826
0.911963
0.911761
0.9133
0.911707
0.913439
0.906953
0.906972
0.894462
0.881932
0.872469
0.796883
0.697932
0.553221
0.128039
6.04871e-09
4.79918e-09
4.79916e-09
4.7991e-09
4.7991e-09
4.7991e-09
4.7991e-09
4.7991e-09
4.7991e-09
4.7991e-09
4.7991e-09
4.7991e-09
4.7991e-09
4.7991e-09
0.912964
0.912669
0.912675
0.912895
0.914091
0.913709
0.916029
0.910567
0.913904
0.89223
0.889716
0.837926
0.623212
0.547564
1.08761e-05
4.79912e-09
4.7991e-09
4.7991e-09
4.7991e-09
4.7991e-09
4.7991e-09
4.7991e-09
4.7991e-09
4.7991e-09
4.7991e-09
4.7991e-09
4.7991e-09
4.7991e-09
4.7991e-09
4.7991e-09
0.913109
0.913334
0.913177
0.914149
0.914585
0.916221
0.917004
0.916047
0.915235
0.892322
0.891849
0.702844
0.110656
5.44612e-09
4.7991e-09
4.7991e-09
4.7991e-09
4.7991e-09
4.7991e-09
4.7991e-09
4.7991e-09
4.7991e-09
4.7991e-09
4.7991e-09
4.7991e-09
4.7991e-09
4.7991e-09
4.7991e-09
4.7991e-09
4.7991e-09
0.913218
0.913737
0.913552
0.915012
0.915041
0.918246
0.917988
0.92265
0.917579
0.911598
0.879895
0.295002
6.49815e-09
4.7991e-09
4.7991e-09
4.7991e-09
4.7991e-09
4.7991e-09
4.7991e-09
4.7991e-09
4.7991e-09
4.7991e-09
4.7991e-09
4.7991e-09
4.7991e-09
4.7991e-09
4.7991e-09
4.7991e-09
4.7991e-09
4.7991e-09
0.913275
0.913922
0.913767
0.915409
0.915383
0.919162
0.918829
0.926151
0.921279
0.931857
0.827926
7.2664e-07
4.7991e-09
4.7991e-09
4.7991e-09
4.7991e-09
4.7991e-09
4.7991e-09
4.7991e-09
4.7991e-09
4.7991e-09
4.7991e-09
4.7991e-09
4.7991e-09
4.7991e-09
4.7991e-09
4.7991e-09
4.7991e-09
4.7991e-09
4.7991e-09
)
;

boundaryField
{
    inlet1
    {
        type            calculated;
        value           uniform 1;
    }
    inlet2
    {
        type            calculated;
        value           nonuniform List<scalar> 10(0.99975 1 1 1.00012 1.00007 0.998592 0.944353 0.920759 0.876411 0.881164);
    }
    inlet3
    {
        type            calculated;
        value           uniform 0.913307;
    }
    output1
    {
        type            calculated;
        value           nonuniform List<scalar> 10(4.7991e-09 4.7991e-09 4.7991e-09 4.7991e-09 4.7991e-09 4.7991e-09 4.7991e-09 4.7991e-09 4.7991e-09 4.79911e-09);
    }
    output2
    {
        type            calculated;
        value           nonuniform List<scalar> 10(4.79909e-09 4.7991e-09 4.7991e-09 4.7991e-09 7.45987e-09 0.566878 0.797997 0.836896 0.797118 0.680338);
    }
    output3
    {
        type            calculated;
        value           nonuniform List<scalar> 10(0.812857 0.250785 4.7991e-09 4.7991e-09 4.7991e-09 4.7991e-09 4.7991e-09 4.7991e-09 4.7991e-09 4.7991e-09);
    }
    up
    {
        type            calculated;
        value           nonuniform List<scalar> 
30
(
0.913275
0.913922
0.913767
0.915409
0.915383
0.919162
0.918829
0.926151
0.921279
0.931857
0.827926
7.2664e-07
4.7991e-09
4.7991e-09
4.7991e-09
4.7991e-09
4.7991e-09
4.7991e-09
4.7991e-09
4.7991e-09
4.7991e-09
4.7991e-09
4.7991e-09
4.7991e-09
4.7991e-09
4.7991e-09
4.7991e-09
4.7991e-09
4.7991e-09
4.7991e-09
)
;
    }
    down
    {
        type            calculated;
        value           nonuniform List<scalar> 
30
(
0.890283
0.686447
0.676393
0.0202375
5.25029e-09
4.7991e-09
4.7991e-09
4.7991e-09
4.7991e-09
4.7991e-09
4.7991e-09
4.7991e-09
4.7991e-09
4.7991e-09
4.7991e-09
4.7991e-09
4.7991e-09
4.7991e-09
4.7991e-09
4.7991e-09
4.7991e-09
4.7991e-09
4.7991e-09
4.7991e-09
4.7991e-09
4.7991e-09
4.7991e-09
4.7991e-09
4.7991e-09
4.7991e-09
)
;
    }
    emptyWalls
    {
        type            empty;
    }
}


// ************************************************************************* //
