/*--------------------------------*- C++ -*----------------------------------*\
  =========                 |
  \\      /  F ield         | OpenFOAM: The Open Source CFD Toolbox
   \\    /   O peration     | Website:  https://openfoam.org
    \\  /    A nd           | Version:  9
     \\/     M anipulation  |
\*---------------------------------------------------------------------------*/
FoamFile
{
    format      ascii;
    class       surfaceScalarField;
    location    "11000";
    object      phi;
}
// * * * * * * * * * * * * * * * * * * * * * * * * * * * * * * * * * * * * * //

dimensions      [0 3 -1 0 0 0 0];

internalField   nonuniform List<scalar> 
1740
(
3.30289e-09
1.10079e-07
3.37036e-09
2.8265e-08
4.04594e-09
2.46593e-09
2.80761e-09
-4.41116e-11
2.53415e-09
5.29609e-10
2.85706e-09
2.25456e-10
2.70247e-09
1.01291e-10
2.63963e-09
4.3485e-11
2.61787e-09
1.33833e-11
2.61696e-09
-3.41515e-12
2.62701e-09
-1.27312e-11
2.64214e-09
-1.71038e-11
2.65818e-09
-1.7696e-11
2.67165e-09
-1.50268e-11
2.67938e-09
-9.27498e-12
2.6782e-09
-4.26395e-13
2.66487e-09
1.16428e-11
2.63597e-09
2.71094e-11
2.58794e-09
4.6161e-11
2.51704e-09
6.89637e-11
2.41946e-09
9.56301e-11
2.29143e-09
1.26173e-10
2.12939e-09
1.60428e-10
1.93037e-09
1.97919e-10
1.69238e-09
2.37694e-10
1.41512e-09
2.78147e-10
1.10064e-09
3.16898e-10
7.53986e-10
3.50799e-10
3.83404e-10
3.76264e-10
3.90001e-10
8.0381e-08
1.25428e-07
2.42674e-08
3.79135e-08
2.04722e-09
8.61467e-09
1.80675e-09
4.00839e-11
2.44988e-09
5.25144e-10
2.62221e-09
2.72123e-10
2.61164e-09
1.36225e-10
2.59855e-09
5.92687e-11
2.59703e-09
1.3468e-11
2.60601e-09
-1.4307e-11
2.62192e-09
-3.04005e-11
2.64124e-09
-3.79841e-11
2.66074e-09
-3.86522e-11
2.6774e-09
-3.31359e-11
2.68828e-09
-2.16473e-11
2.69035e-09
-4.07437e-12
2.68042e-09
1.98859e-11
2.65511e-09
5.0627e-11
2.61079e-09
8.85567e-11
2.5437e-09
1.34043e-10
2.44991e-09
1.87363e-10
2.32543e-09
2.48624e-10
2.16639e-09
3.17611e-10
1.96933e-09
3.9354e-10
1.73165e-09
4.74691e-10
1.45234e-09
5.57992e-10
1.13284e-09
6.38646e-10
7.77913e-10
7.10019e-10
3.96207e-10
7.64237e-10
7.93759e-10
3.78401e-09
2.35717e-07
5.65535e-09
3.81929e-08
3.20762e-09
1.67864e-08
1.71634e-09
6.86289e-11
2.4224e-09
3.02927e-10
2.48106e-09
2.02552e-10
2.52342e-09
1.12213e-10
2.5459e-09
4.38949e-11
2.5657e-09
-4.47428e-12
2.58811e-09
-3.68808e-11
2.61344e-09
-5.65803e-11
2.64016e-09
-6.57826e-11
2.66612e-09
-6.5798e-11
2.68893e-09
-5.72238e-11
2.70599e-09
-4.01102e-11
2.7145e-09
-1.41155e-11
2.71136e-09
2.13414e-11
2.69321e-09
6.69462e-11
2.65641e-09
1.23383e-10
2.59706e-09
1.91276e-10
2.51103e-09
2.71149e-10
2.39398e-09
3.63349e-10
2.24141e-09
4.6786e-10
2.0489e-09
5.83938e-10
1.81255e-09
7.0953e-10
1.52976e-09
8.40487e-10
1.20047e-09
9.69679e-10
8.28628e-10
1.08639e-09
4.2354e-10
1.17692e-09
1.22703e-09
1.95953e-08
3.0305e-07
6.24205e-09
5.36225e-08
2.7315e-09
2.19108e-08
1.64818e-09
7.86641e-11
2.40431e-09
1.46032e-10
2.39635e-09
1.23014e-10
2.45508e-09
6.61767e-11
2.49595e-09
8.56725e-12
2.53176e-09
-3.83837e-11
2.56731e-09
-7.2166e-11
2.60356e-09
-9.32632e-11
2.63982e-09
-1.02776e-10
2.67465e-09
-1.01544e-10
2.70619e-09
-8.98611e-11
2.73226e-09
-6.74622e-11
2.75029e-09
-3.36268e-11
2.7573e-09
1.26404e-11
2.74995e-09
7.24225e-11
2.72455e-09
1.46746e-10
2.67707e-09
2.36529e-10
2.60317e-09
3.42615e-10
2.49804e-09
4.65773e-10
2.35637e-09
6.06546e-10
2.17232e-09
7.64821e-10
1.93989e-09
9.3901e-10
1.65369e-09
1.12476e-09
1.31064e-09
1.31317e-09
9.12602e-10
1.48896e-09
4.69333e-10
1.63001e-09
1.7104e-09
9.77194e-09
4.06927e-07
5.51253e-09
5.94742e-08
2.65131e-09
2.88507e-08
1.70103e-09
1.2263e-10
2.387e-09
9.4736e-11
2.35755e-09
7.73089e-11
2.40463e-09
2.09083e-11
2.45104e-09
-3.74225e-11
2.49809e-09
-8.54652e-11
2.5458e-09
-1.20141e-10
2.59368e-09
-1.41537e-10
2.64092e-09
-1.50524e-10
2.68645e-09
-1.47748e-10
2.72893e-09
-1.33222e-10
2.76657e-09
-1.06255e-10
2.79708e-09
-6.55752e-11
2.81759e-09
-9.58253e-12
2.82474e-09
6.33494e-11
2.81475e-09
1.54643e-10
2.78352e-09
2.65484e-10
2.72654e-09
3.97021e-10
2.63866e-09
5.50591e-10
2.51369e-09
7.27727e-10
2.34413e-09
9.29779e-10
2.121e-09
1.15693e-09
1.83447e-09
1.40638e-09
1.47581e-09
1.66923e-09
1.04182e-09
1.92629e-09
5.41175e-10
2.14375e-09
2.27415e-09
4.02366e-09
4.95803e-07
-1.52069e-09
5.86152e-08
7.71427e-10
2.19191e-08
1.80431e-09
4.18772e-10
2.37002e-09
1.87355e-10
2.32556e-09
7.05766e-11
2.35486e-09
-2.24325e-11
2.40551e-09
-9.37036e-11
2.46376e-09
-1.45918e-10
2.52413e-09
-1.81404e-10
2.58443e-09
-2.02229e-10
2.6437e-09
-2.10044e-10
2.70131e-09
-2.05705e-10
2.75651e-09
-1.89026e-10
2.80802e-09
-1.58762e-10
2.85386e-09
-1.12838e-10
2.89123e-09
-4.87488e-11
2.91664e-09
3.59121e-11
2.92618e-09
1.42995e-10
2.91572e-09
2.73755e-10
2.88083e-09
4.29408e-10
2.81634e-09
6.11845e-10
2.7156e-09
8.23989e-10
2.5695e-09
1.06964e-09
2.36553e-09
1.35258e-09
2.08734e-09
1.67459e-09
1.71634e-09
2.03109e-09
1.2377e-09
2.40326e-09
6.53527e-10
2.74454e-09
2.9683e-09
-6.73768e-09
6.09408e-07
-4.71236e-09
5.63913e-08
1.44197e-09
4.09929e-09
1.81301e-09
7.184e-10
2.28187e-09
2.60323e-10
2.23977e-09
4.00739e-11
2.28375e-09
-8.75136e-11
2.35238e-09
-1.69045e-10
2.4273e-09
-2.23104e-10
2.50253e-09
-2.57336e-10
2.57622e-09
-2.75936e-10
2.64813e-09
-2.81719e-10
2.71859e-09
-2.76005e-10
2.78776e-09
-2.58411e-10
2.85514e-09
-2.26928e-10
2.9191e-09
-1.78268e-10
2.97681e-09
-1.08488e-10
3.02441e-09
-1.39451e-11
3.05763e-09
1.07678e-10
3.07236e-09
2.57145e-10
3.0647e-09
4.35022e-10
3.03026e-09
6.43391e-10
2.96286e-09
8.86752e-10
2.85275e-09
1.17222e-09
2.68426e-09
1.5092e-09
2.43302e-09
1.90825e-09
2.06455e-09
2.37733e-09
1.5391e-09
2.91112e-09
8.35228e-10
3.46284e-09
3.88623e-09
7.70333e-09
6.94956e-07
-1.96404e-09
6.25279e-08
9.06983e-10
1.83928e-10
1.58452e-09
4.66703e-10
1.91023e-09
1.15196e-10
2.06927e-09
-8.30909e-11
2.18798e-09
-1.98653e-10
2.29298e-09
-2.71864e-10
2.39053e-09
-3.20124e-10
2.48246e-09
-3.48903e-10
2.56978e-09
-3.62464e-10
2.65402e-09
-3.64888e-10
2.73714e-09
-3.58182e-10
2.82081e-09
-3.41684e-10
2.90566e-09
-3.12272e-10
2.9906e-09
-2.64815e-10
3.0725e-09
-1.92989e-10
3.14655e-09
-9.08772e-11
3.20756e-09
4.45267e-11
3.25139e-09
2.12134e-10
3.27534e-09
4.10155e-10
3.27712e-09
6.39949e-10
3.25282e-09
9.07419e-10
3.19441e-09
1.22331e-09
3.08573e-09
1.60378e-09
2.89597e-09
2.07186e-09
2.56973e-09
2.65889e-09
2.01891e-09
3.40104e-09
1.14828e-09
4.30946e-09
5.22755e-09
1.34482e-08
7.8255e-07
1.40171e-09
7.89931e-08
8.45127e-10
1.31261e-10
1.44137e-09
-5.87831e-11
1.71394e-09
-1.81813e-10
1.93911e-09
-2.88981e-10
2.10592e-09
-3.52147e-10
2.24103e-09
-3.99634e-10
2.3594e-09
-4.36627e-10
2.46699e-09
-4.55689e-10
2.56642e-09
-4.60128e-10
2.66105e-09
-4.57182e-10
2.75514e-09
-4.50149e-10
2.85268e-09
-4.3787e-10
2.95608e-09
-4.15661e-10
3.06513e-09
-3.7573e-10
3.17603e-09
-3.07775e-10
3.28175e-09
-2.01097e-10
3.37468e-09
-5.08202e-11
3.45028e-09
1.36722e-10
3.50816e-09
3.53526e-10
3.55004e-09
5.98839e-10
3.57691e-09
8.79695e-10
3.58632e-09
1.20982e-09
3.56823e-09
1.61075e-09
3.49541e-09
2.11651e-09
3.29953e-09
2.78535e-09
2.8185e-09
3.72466e-09
1.73897e-09
5.14641e-09
7.48698e-09
2.70531e-08
8.47844e-07
2.32064e-09
9.64397e-08
7.41292e-10
1.20693e-09
1.29801e-09
-2.62338e-10
1.61448e-09
-4.95077e-10
1.86731e-09
-5.38872e-10
2.05556e-09
-5.21319e-10
2.20582e-09
-5.37901e-10
2.33905e-09
-5.71059e-10
2.45967e-09
-5.77096e-10
2.56788e-09
-5.65175e-10
2.6686e-09
-5.53567e-10
2.7697e-09
-5.47363e-10
2.87867e-09
-5.43983e-10
3.00086e-09
-5.3677e-10
3.1378e-09
-5.14668e-10
3.28474e-09
-4.61286e-10
3.42974e-09
-3.54912e-10
3.55914e-09
-1.83424e-10
3.66691e-09
3.20598e-11
3.75696e-09
2.68397e-10
3.83796e-09
5.22199e-10
3.91848e-09
8.0271e-10
4.00575e-09
1.12558e-09
4.10542e-09
1.51283e-09
4.21788e-09
1.99812e-09
4.3145e-09
2.64136e-09
4.21658e-09
3.56581e-09
2.98913e-09
5.06456e-09
7.94036e-09
1.50657e-08
8.31028e-07
8.02876e-09
1.07068e-07
1.50006e-09
9.843e-09
1.12759e-09
2.14972e-10
1.60917e-09
-5.22625e-10
1.86008e-09
-8.82155e-10
2.0432e-09
-6.56357e-10
2.18765e-09
-6.59589e-10
2.33132e-09
-7.32608e-10
2.46478e-09
-7.16458e-10
2.57681e-09
-6.69911e-10
2.67577e-09
-6.4455e-10
2.77638e-09
-6.41753e-10
2.89144e-09
-6.53928e-10
3.0309e-09
-6.72763e-10
3.20045e-09
-6.84888e-10
3.39538e-09
-6.67788e-10
3.59334e-09
-5.73833e-10
3.76526e-09
-3.60006e-10
3.90123e-09
-9.34432e-11
4.01483e-09
1.65797e-10
4.12635e-09
4.1888e-10
4.25328e-09
6.83358e-10
4.41272e-09
9.77033e-10
4.62983e-09
1.31686e-09
4.95624e-09
1.7218e-09
5.52398e-09
2.21617e-09
6.74421e-09
2.83267e-09
1.01477e-08
3.6057e-09
4.50519e-09
4.08898e-08
7.84105e-07
2.89822e-08
1.15131e-07
1.1416e-08
2.84738e-08
1.66867e-09
1.69111e-08
1.41605e-09
1.92172e-08
1.92106e-09
-6.28767e-10
2.06951e-09
-6.27433e-10
2.17027e-09
-7.11488e-10
2.33382e-09
-9.83326e-10
2.4913e-09
-8.8622e-10
2.59883e-09
-7.53466e-10
2.68127e-09
-7.12969e-10
2.76863e-09
-7.21167e-10
2.87981e-09
-7.57209e-10
3.03084e-09
-8.15468e-10
3.23771e-09
-8.84334e-10
3.503e-09
-9.51139e-10
3.78299e-09
-9.12614e-10
4.00736e-09
-5.89313e-10
4.15792e-09
-2.11607e-10
4.27475e-09
6.9363e-11
4.39934e-09
3.04156e-10
4.55562e-09
5.34844e-10
4.762e-09
7.82296e-10
5.04488e-09
1.05581e-09
5.45327e-09
1.35609e-09
6.08095e-09
1.66885e-09
7.08863e-09
1.94305e-09
8.59515e-09
2.02041e-09
1.41686e-09
5.44539e-08
7.2789e-07
7.70011e-08
9.72805e-08
7.34202e-08
2.69151e-08
6.71979e-08
2.16286e-08
3.40335e-08
2.97495e-08
1.76186e-09
1.41683e-08
2.17556e-09
-2.98602e-10
2.09009e-09
-5.24217e-10
2.34239e-09
-9.18969e-10
2.56776e-09
-1.14564e-09
2.64593e-09
-7.44767e-10
2.68187e-09
-7.33905e-10
2.73706e-09
-7.74496e-10
2.82833e-09
-8.39472e-10
2.97494e-09
-9.47903e-10
3.21656e-09
-1.08584e-09
3.59595e-09
-1.33982e-09
4.02826e-09
-1.53618e-09
4.32325e-09
-8.73037e-10
4.44834e-09
-2.3311e-10
4.52693e-09
1.91943e-11
4.64067e-09
1.93958e-10
4.8078e-09
3.71033e-10
5.03475e-09
5.64445e-10
5.33444e-09
7.72468e-10
5.73103e-09
9.83043e-10
6.25793e-09
1.16542e-09
6.93421e-09
1.25496e-09
7.66627e-09
1.11858e-09
5.59038e-10
1.69186e-07
5.4613e-07
8.56858e-08
1.53542e-07
4.45036e-08
9.64797e-08
5.06089e-08
5.77636e-08
5.49979e-08
5.95718e-08
2.5842e-08
5.64399e-08
1.46085e-09
2.7149e-08
1.7372e-09
8.5471e-09
2.37788e-09
2.31562e-08
2.79142e-09
-7.13615e-10
2.73526e-09
-5.02348e-10
2.66323e-09
-5.40155e-10
2.66941e-09
-5.96805e-10
2.7215e-09
-6.61195e-10
2.82401e-09
-7.71752e-10
3.05765e-09
-9.08752e-10
3.63598e-09
-1.24188e-09
4.41089e-09
-1.65854e-09
4.80905e-09
-8.80554e-10
4.78525e-09
-1.12269e-10
4.74389e-09
1.49541e-11
4.82864e-09
9.35952e-11
5.0002e-09
1.91375e-10
5.23474e-09
3.06393e-10
5.5271e-09
4.30678e-10
5.87848e-09
5.52378e-10
6.28552e-09
6.45797e-10
6.724e-09
6.69197e-10
7.11308e-09
5.48498e-10
2.32612e-10
5.45584e-07
7.21206e-09
6.13281e-07
8.21335e-08
5.57835e-07
1.22683e-07
4.67352e-07
1.13931e-07
3.87019e-07
1.19635e-07
3.33133e-07
1.0363e-07
2.85103e-07
7.80061e-08
2.59675e-07
5.01773e-08
1.30582e-07
9.76805e-08
2.50166e-09
8.56626e-08
2.87375e-09
6.65482e-09
2.52448e-09
-6.8871e-10
2.52125e-09
-3.43854e-09
2.54999e-09
-4.44389e-09
2.54022e-09
-2.67288e-09
2.55427e-09
1.75756e-09
3.47922e-09
2.82965e-08
5.16965e-09
1.5622e-08
5.70388e-09
-1.95284e-11
5.07974e-09
-6.01141e-09
4.69201e-09
-8.74944e-09
4.69305e-09
-9.18676e-09
4.80785e-09
-9.40147e-09
4.99951e-09
-9.8824e-09
5.27757e-09
-1.07658e-08
5.60804e-09
-1.20194e-08
5.94329e-09
-1.31425e-08
6.28285e-09
-1.28827e-08
6.62064e-09
-9.69771e-09
-3.64865e-09
1.88195e-07
-1.75419e-07
3.74242e-07
-8.77611e-08
4.81906e-07
1.1366e-08
5.32685e-07
6.96497e-08
5.57081e-07
9.73483e-08
5.7381e-07
9.45341e-08
5.57485e-07
8.66144e-08
5.41802e-07
8.15388e-08
5.06194e-07
1.27699e-07
4.55677e-07
1.40685e-07
4.56773e-07
2.23674e-08
4.60747e-07
-5.70974e-09
4.69234e-07
-1.7501e-08
4.94684e-07
-2.07957e-08
4.85542e-07
-1.03805e-08
5.03718e-07
1.2779e-08
3.84471e-07
9.0243e-08
1.32837e-07
1.10497e-07
1.21603e-07
1.96955e-08
2.26051e-07
-5.7737e-08
2.95377e-07
-6.75544e-08
3.65901e-07
-6.73944e-08
4.34926e-07
-6.73318e-08
5.04814e-07
-6.96045e-08
5.78328e-07
-7.46099e-08
6.58089e-07
-8.24896e-08
7.41713e-07
-9.0464e-08
8.23695e-07
-9.16749e-08
8.81525e-07
-7.38882e-08
-3.03548e-08
6.09358e-08
-2.44479e-07
1.34788e-07
-1.63481e-07
2.27484e-07
-8.44463e-08
3.27001e-07
-2.01515e-08
4.10086e-07
2.03825e-08
4.73938e-07
3.88552e-08
5.16267e-07
4.92071e-08
5.50962e-07
5.88151e-08
6.14733e-07
7.42695e-08
6.66812e-07
6.95379e-08
6.85819e-07
1.19293e-08
7.1496e-07
-2.72744e-08
7.40985e-07
-4.64649e-08
7.76452e-07
-4.97723e-08
7.87021e-07
-2.79027e-08
7.97538e-07
1.53557e-08
7.91411e-07
9.90079e-08
7.68654e-07
1.39667e-07
8.1404e-07
8.4261e-09
8.75877e-07
-1.18491e-07
9.43965e-07
-1.48511e-07
1.02578e-06
-1.5621e-07
1.11673e-06
-1.59885e-07
1.2153e-06
-1.66708e-07
1.32248e-06
-1.7846e-07
1.44271e-06
-1.97899e-07
1.57472e-06
-2.19528e-07
1.71936e-06
-2.34835e-07
1.84396e-06
-2.10003e-07
-1.05009e-07
8.74006e-08
-3.47197e-07
1.68616e-07
-2.48982e-07
2.52238e-07
-1.65766e-07
3.33741e-07
-9.7967e-08
4.07739e-07
-5.02319e-08
4.70436e-07
-2.07e-08
5.27042e-07
-2.97526e-09
5.83871e-07
5.94284e-09
6.56843e-07
4.61764e-09
7.32873e-07
-1.10004e-08
7.9194e-07
-4.33028e-08
8.47118e-07
-7.66236e-08
8.98923e-07
-9.51916e-08
9.4709e-07
-9.48819e-08
9.90253e-07
-6.90353e-08
1.03811e-06
-2.64979e-08
1.12165e-06
1.92688e-08
1.23109e-06
1.76722e-08
1.31381e-06
-7.3829e-08
1.37281e-06
-1.67258e-07
1.44105e-06
-2.13767e-07
1.51756e-06
-2.32569e-07
1.59997e-06
-2.39844e-07
1.68517e-06
-2.48503e-07
1.77699e-06
-2.63858e-07
1.87709e-06
-2.92101e-07
1.99217e-06
-3.2453e-07
2.12973e-06
-3.64542e-07
2.28666e-06
-3.68422e-07
-2.63603e-07
1.20547e-07
-4.65817e-07
2.33178e-07
-3.49364e-07
3.38764e-07
-2.63554e-07
4.33638e-07
-1.89169e-07
5.17747e-07
-1.31823e-07
5.93256e-07
-9.35343e-08
6.66031e-07
-7.24168e-08
7.41724e-07
-6.67459e-08
8.24426e-07
-7.55148e-08
9.09711e-07
-9.49842e-08
9.89446e-07
-1.20914e-07
1.06132e-06
-1.46103e-07
1.12825e-06
-1.60069e-07
1.1922e-06
-1.57505e-07
1.26525e-06
-1.38995e-07
1.35704e-06
-1.14915e-07
1.48297e-06
-1.02963e-07
1.62133e-06
-1.23395e-07
1.72391e-06
-1.7678e-07
1.79471e-06
-2.33328e-07
1.85266e-06
-2.67631e-07
1.89938e-06
-2.78629e-07
1.93583e-06
-2.74666e-07
1.96163e-06
-2.73523e-07
1.98871e-06
-2.87343e-07
2.01437e-06
-3.18665e-07
2.04996e-06
-3.53595e-07
2.09589e-06
-4.00633e-07
2.19119e-06
-4.39623e-07
-5.36333e-07
2.41343e-07
-6.68895e-07
4.22006e-07
-5.1151e-07
5.38981e-07
-3.77559e-07
6.25086e-07
-2.75216e-07
6.98513e-07
-2.05017e-07
7.67375e-07
-1.61582e-07
8.36171e-07
-1.40145e-07
9.07209e-07
-1.36806e-07
9.79213e-07
-1.47235e-07
1.05001e-06
-1.65914e-07
1.1159e-06
-1.87527e-07
1.17623e-06
-2.06708e-07
1.23494e-06
-2.18769e-07
1.29973e-06
-2.21002e-07
1.37924e-06
-2.16467e-07
1.47834e-06
-2.11385e-07
1.59226e-06
-2.15905e-07
1.69844e-06
-2.30338e-07
1.77774e-06
-2.55022e-07
1.8262e-06
-2.78971e-07
1.85199e-06
-2.91004e-07
1.85249e-06
-2.79894e-07
1.82605e-06
-2.4641e-07
1.78155e-06
-2.26762e-07
1.73852e-06
-2.39453e-07
1.69038e-06
-2.73563e-07
1.66538e-06
-3.23691e-07
1.60372e-06
-3.54741e-07
1.71428e-06
-4.25619e-07
-8.92491e-07
8.54453e-07
-6.4572e-07
7.99005e-07
-4.98518e-07
7.70057e-07
-3.67848e-07
7.62598e-07
-2.76627e-07
7.73486e-07
-2.20076e-07
7.97848e-07
-1.88084e-07
8.32187e-07
-1.75573e-07
8.72991e-07
-1.7836e-07
9.17444e-07
-1.92146e-07
9.64376e-07
-2.12905e-07
1.01378e-06
-2.36383e-07
1.0677e-06
-2.58907e-07
1.12927e-06
-2.77566e-07
1.20169e-06
-2.89564e-07
1.28176e-06
-2.93081e-07
1.36653e-06
-2.9217e-07
1.44345e-06
-2.91349e-07
1.50418e-06
-2.88565e-07
1.54204e-06
-2.90654e-07
1.55266e-06
-2.84449e-07
1.55529e-06
-2.92089e-07
1.53329e-06
-2.64906e-07
1.46974e-06
-1.79721e-07
1.39619e-06
-1.45364e-07
1.31381e-06
-1.56209e-07
1.24427e-06
-1.92509e-07
1.17994e-06
-2.72368e-07
1.07715e-06
-2.99901e-07
7.97197e-07
-2.62355e-07
-5.71455e-07
7.34623e-07
-4.56059e-07
6.33883e-07
-3.84571e-07
5.96966e-07
-3.22982e-07
5.99398e-07
-2.7247e-07
6.23419e-07
-2.38665e-07
6.59244e-07
-2.1954e-07
7.03338e-07
-2.15859e-07
7.52933e-07
-2.24739e-07
8.07071e-07
-2.43158e-07
8.65901e-07
-2.68771e-07
9.29748e-07
-2.97285e-07
9.99112e-07
-3.25311e-07
1.07476e-06
-3.50386e-07
1.14932e-06
-3.62674e-07
1.21295e-06
-3.56107e-07
1.26012e-06
-3.38509e-07
1.27852e-06
-3.10551e-07
1.28719e-06
-2.96402e-07
1.26929e-06
-2.80324e-07
1.22262e-06
-2.28813e-07
1.19504e-06
-2.61535e-07
1.15099e-06
-2.60239e-07
1.0737e-06
-8.87735e-08
9.9579e-07
-6.23777e-08
8.995e-07
-6.78254e-08
8.12076e-07
-9.21276e-08
6.91305e-07
-1.6111e-07
5.48276e-07
-1.38472e-07
2.99993e-07
-5.55152e-08
-3.21075e-08
8.29207e-07
-3.68409e-07
7.87406e-07
-3.46883e-07
7.6907e-07
-3.14141e-07
7.65722e-07
-2.78047e-07
7.71957e-07
-2.52132e-07
7.84068e-07
-2.37444e-07
8.02221e-07
-2.38469e-07
8.24712e-07
-2.51554e-07
8.53155e-07
-2.74837e-07
8.89026e-07
-3.07673e-07
9.29853e-07
-3.40644e-07
9.77791e-07
-3.74389e-07
1.02704e-06
-4.01051e-07
1.0578e-06
-3.96876e-07
1.0702e-06
-3.71235e-07
1.04981e-06
-3.2399e-07
9.95816e-07
-2.53759e-07
9.56142e-07
-2.50946e-07
8.83462e-07
-2.42244e-07
8.05957e-07
-1.21917e-07
7.20381e-07
-1.5997e-07
6.3439e-07
-1.31563e-07
5.88884e-07
-1.91067e-08
5.32214e-07
-1.22426e-08
4.60613e-07
-1.35128e-08
3.91394e-07
-1.98414e-08
1.862e-07
-4.19113e-08
5.64521e-09
-2.20245e-09
4.03688e-09
-4.35003e-09
-5.36148e-09
8.42309e-07
-2.9588e-07
7.80549e-07
-2.82868e-07
7.31305e-07
-2.63983e-07
6.9775e-07
-2.4304e-07
6.7783e-07
-2.30733e-07
6.6941e-07
-2.26096e-07
6.72916e-07
-2.38026e-07
6.84898e-07
-2.59313e-07
7.11194e-07
-2.94433e-07
7.46416e-07
-3.3849e-07
7.86911e-07
-3.74754e-07
8.36424e-07
-4.17917e-07
8.60235e-07
-4.23105e-07
8.48431e-07
-3.81846e-07
8.19e-07
-3.42043e-07
7.41673e-07
-2.62858e-07
6.62054e-07
-1.58987e-07
5.79243e-07
-1.48594e-07
4.68739e-07
-1.14067e-07
4.17443e-07
-3.16785e-08
2.10845e-07
-4.3148e-08
6.37167e-09
-1.36966e-10
6.163e-09
-1.19297e-09
5.00522e-09
-1.5058e-09
4.52912e-09
-1.82664e-09
3.66768e-09
-2.20946e-09
3.08969e-09
-2.53229e-09
3.11181e-09
-2.75629e-09
2.1351e-09
-4.78814e-09
-5.67689e-09
8.53837e-07
-2.35272e-07
8.02519e-07
-2.29701e-07
7.60884e-07
-2.22666e-07
7.31933e-07
-2.14457e-07
7.11682e-07
-2.1291e-07
7.00954e-07
-2.16055e-07
6.97758e-07
-2.36936e-07
6.99838e-07
-2.62323e-07
7.164e-07
-3.11029e-07
7.29227e-07
-3.55834e-07
7.5535e-07
-3.98792e-07
7.74461e-07
-4.44627e-07
7.24223e-07
-3.84031e-07
6.53522e-07
-3.09321e-07
5.61138e-07
-2.64899e-07
4.32877e-07
-1.24722e-07
3.70609e-07
-5.58949e-08
1.99279e-07
-4.02531e-08
1.67056e-08
-2.3393e-09
4.68576e-09
-4.77401e-10
4.63165e-09
-1.5715e-10
5.24457e-09
1.53314e-10
5.11128e-09
-1.21395e-09
4.56438e-09
-1.6838e-09
4.03281e-09
-2.09448e-09
3.40068e-09
-2.51551e-09
2.81648e-09
-2.86622e-09
2.28129e-09
-2.91534e-09
1.3558e-09
-3.64478e-09
-4.10687e-09
8.61288e-07
-1.82594e-07
8.13568e-07
-1.80828e-07
7.69241e-07
-1.7853e-07
7.32025e-07
-1.76575e-07
6.96937e-07
-1.7934e-07
6.69742e-07
-1.86947e-07
6.42078e-07
-2.107e-07
6.23635e-07
-2.38478e-07
6.13008e-07
-2.98791e-07
6.00374e-07
-3.36791e-07
6.22189e-07
-4.07848e-07
5.85245e-07
-4.2014e-07
4.75091e-07
-2.79284e-07
3.75032e-07
-1.85283e-07
2.12515e-07
-1.04646e-07
5.14214e-08
-1.18298e-08
3.95969e-09
-2.64681e-10
3.96734e-09
-2.68191e-11
4.48725e-09
4.82072e-10
4.62363e-09
-2.44616e-10
4.55369e-09
-2.15937e-10
4.63557e-09
-3.25628e-10
4.48234e-09
-8.67785e-10
4.10823e-09
-1.27928e-09
3.63706e-09
-1.62938e-09
3.08576e-09
-1.94862e-09
2.49422e-09
-2.22003e-09
1.84107e-09
-2.42997e-09
1.00683e-09
-2.76879e-09
-2.99893e-09
8.65419e-07
-1.34311e-07
8.19404e-07
-1.34306e-07
7.74779e-07
-1.33973e-07
7.33914e-07
-1.35445e-07
6.92863e-07
-1.39526e-07
6.57264e-07
-1.50225e-07
6.15959e-07
-1.71737e-07
5.86761e-07
-2.04102e-07
5.48336e-07
-2.63858e-07
5.2723e-07
-3.03907e-07
5.23157e-07
-4.03309e-07
3.99597e-07
-3.24364e-07
2.71421e-07
-1.32651e-07
1.24523e-07
-5.94704e-08
3.38524e-09
9.70748e-11
4.29808e-09
1.5208e-10
4.10188e-09
4.09605e-11
4.11421e-09
1.80904e-11
4.27947e-09
2.27202e-10
4.3516e-09
-6.56282e-11
4.32389e-09
-1.98697e-10
4.26168e-09
-3.62931e-10
4.07431e-09
-6.52286e-10
3.74913e-09
-9.36161e-10
3.32142e-09
-1.19515e-09
2.81104e-09
-1.42957e-09
2.23356e-09
-1.63534e-09
1.58194e-09
-1.81572e-09
8.30456e-10
-2.00145e-09
-2.12113e-09
8.6777e-07
-8.84927e-08
8.22409e-07
-8.90473e-08
7.7795e-07
-8.93565e-08
7.33617e-07
-9.16833e-08
6.88741e-07
-9.50544e-08
6.42739e-07
-1.049e-07
5.89876e-07
-1.1978e-07
5.38106e-07
-1.50319e-07
4.66688e-07
-1.93558e-07
4.26296e-07
-2.4774e-07
3.41401e-07
-3.27482e-07
1.52491e-07
-1.57435e-07
2.96584e-08
-2.10337e-08
3.44757e-09
-3.09315e-10
3.84615e-09
3.15744e-10
4.0504e-09
1.35023e-10
4.07742e-09
6.35832e-11
4.1081e-09
4.08213e-11
4.16482e-09
5.87154e-11
4.17941e-09
-4.64318e-11
4.12859e-09
-1.50296e-10
4.01296e-09
-2.75115e-10
3.80408e-09
-4.4228e-10
3.49255e-09
-6.17953e-10
3.08845e-09
-7.85509e-10
2.6034e-09
-9.39186e-10
2.04704e-09
-1.07604e-09
1.42271e-09
-1.19609e-09
7.33068e-10
-1.30015e-09
-1.36299e-09
8.68998e-07
-4.39759e-08
8.23869e-07
-4.43915e-08
7.79491e-07
-4.47099e-08
7.32861e-07
-4.62181e-08
6.86068e-07
-4.81096e-08
6.3274e-07
-5.37658e-08
5.74525e-07
-6.1247e-08
5.01661e-07
-7.98218e-08
4.12314e-07
-1.02303e-07
3.23046e-07
-1.52972e-07
1.62073e-07
-1.7505e-07
2.55816e-08
-3.38772e-08
3.45047e-09
4.77847e-11
4.07e-09
-2.05617e-11
3.96221e-09
8.14578e-11
4.0128e-09
6.34925e-11
4.04928e-09
3.74899e-11
4.07597e-09
2.28954e-11
4.09229e-09
1.32712e-11
4.07262e-09
-2.85263e-11
3.9981e-09
-8.09444e-11
3.85747e-09
-1.44959e-10
3.63648e-09
-2.23778e-10
3.32854e-09
-3.07873e-10
2.93643e-09
-3.89754e-10
2.46706e-09
-4.6562e-10
1.92849e-09
-5.33525e-10
1.32879e-09
-5.92423e-10
6.79127e-10
-6.40067e-10
-6.67684e-10
8.695e-07
8.2449e-07
7.80047e-07
7.32464e-07
6.84615e-07
6.28164e-07
5.67503e-07
4.83454e-07
3.83467e-07
2.26421e-07
5.56925e-08
2.31004e-09
3.53148e-09
3.82114e-09
3.92422e-09
3.98932e-09
4.03094e-09
4.05422e-09
4.05573e-09
4.02069e-09
3.93371e-09
3.78234e-09
3.55583e-09
3.24868e-09
2.86168e-09
2.39994e-09
1.87109e-09
1.28485e-09
6.54659e-10
)
;

boundaryField
{
    inlet1
    {
        type            calculated;
        value           nonuniform List<scalar> 10(-1e-07 -1e-07 -1e-07 -1e-07 -1e-07 -1e-07 -1e-07 -1e-07 -1e-07 -1e-07);
    }
    inlet2
    {
        type            calculated;
        value           uniform 0;
    }
    inlet3
    {
        type            calculated;
        value           nonuniform List<scalar> 10(-9.13394e-07 -9.13394e-07 -9.13394e-07 -9.13394e-07 -9.13394e-07 -9.13394e-07 -9.13394e-07 -9.13394e-07 -9.13394e-07 -9.13394e-07);
    }
    output1
    {
        type            calculated;
        value           uniform 0;
    }
    output2
    {
        type            calculated;
        value           nonuniform List<scalar> 10(1.65866e-08 1.04708e-08 8.32628e-09 7.39626e-09 6.84705e-09 9.0763e-07 1.91331e-06 2.42561e-06 2.43893e-06 2.39883e-06);
    }
    output3
    {
        type            calculated;
        value           uniform -0;
    }
    up
    {
        type            calculated;
        value           uniform 0;
    }
    down
    {
        type            calculated;
        value           uniform 0;
    }
    emptyWalls
    {
        type            empty;
        value           nonuniform List<scalar> 0();
    }
}


// ************************************************************************* //
