/*--------------------------------*- C++ -*----------------------------------*\
  =========                 |
  \\      /  F ield         | OpenFOAM: The Open Source CFD Toolbox
   \\    /   O peration     | Website:  https://openfoam.org
    \\  /    A nd           | Version:  9
     \\/     M anipulation  |
\*---------------------------------------------------------------------------*/
FoamFile
{
    format      ascii;
    class       volScalarField;
    location    "11000";
    object      Sw;
}
// * * * * * * * * * * * * * * * * * * * * * * * * * * * * * * * * * * * * * //

dimensions      [0 0 0 0 0 0 0];

internalField   nonuniform List<scalar> 
900
(
0.590652
0.543441
0.541811
0.388619
0.15055
0.15
0.15
0.15
0.15
0.15
0.15
0.15
0.15
0.15
0.15
0.15
0.15
0.15
0.15
0.15
0.15
0.15
0.15
0.15
0.15
0.15
0.15
0.15
0.15
0.15
0.892775
0.875855
0.573917
0.329882
0.150051
0.15
0.15
0.15
0.15
0.15
0.15
0.15
0.15
0.15
0.15
0.15
0.15
0.15
0.15
0.15
0.15
0.15
0.15
0.15
0.15
0.15
0.15
0.15
0.15
0.15
0.61021
0.575596
0.536208
0.305776
0.150014
0.15
0.15
0.15
0.15
0.15
0.15
0.15
0.15
0.15
0.15
0.15
0.15
0.15
0.15
0.15
0.15
0.15
0.15
0.15
0.15
0.15
0.15
0.15
0.15
0.15
0.749222
0.598808
0.546648
0.264787
0.150002
0.15
0.15
0.15
0.15
0.15
0.15
0.15
0.15
0.15
0.15
0.15
0.15
0.15
0.15
0.15
0.15
0.15
0.15
0.15
0.15
0.15
0.15
0.15
0.15
0.15
0.659281
0.583285
0.543915
0.217947
0.15
0.15
0.15
0.15
0.15
0.15
0.15
0.15
0.15
0.15
0.15
0.15
0.15
0.15
0.15
0.15
0.15
0.15
0.15
0.15
0.15
0.15
0.15
0.15
0.15
0.15
0.74741
0.593844
0.576909
0.165124
0.15
0.15
0.15
0.15
0.15
0.15
0.15
0.15
0.15
0.15
0.15
0.15
0.15
0.15
0.15
0.15
0.15
0.15
0.15
0.15
0.15
0.15
0.15
0.15
0.15
0.15
0.691192
0.562103
0.470546
0.151041
0.15
0.15
0.15
0.15
0.15
0.15
0.15
0.15
0.15
0.15
0.15
0.15
0.15
0.15
0.15
0.15
0.15
0.15
0.15
0.15
0.15
0.15
0.15
0.15
0.15
0.15
0.760143
0.573471
0.310795
0.150028
0.15
0.15
0.15
0.15
0.15
0.15
0.15
0.15
0.15
0.15
0.15
0.15
0.15
0.15
0.15
0.15
0.15
0.15
0.15
0.15
0.15
0.15
0.15
0.15
0.15
0.15
0.723457
0.576109
0.249052
0.150001
0.15
0.15
0.15
0.15
0.15
0.15
0.15
0.15
0.15
0.15
0.15
0.15
0.15
0.15
0.15
0.15
0.15
0.15
0.15
0.15
0.15
0.15
0.15
0.15
0.15
0.15
0.793518
0.615786
0.216977
0.15
0.15
0.15
0.15
0.15
0.15
0.15
0.15
0.15
0.15
0.15
0.15
0.15
0.15
0.15
0.15
0.15
0.15
0.15
0.15
0.15
0.15
0.15
0.15
0.15
0.15
0.15
0.773604
0.630309
0.425946
0.150417
0.15
0.15
0.15
0.15
0.15
0.15
0.15
0.15
0.15
0.15
0.15
0.15
0.15
0.15
0.15
0.15
0.15
0.15
0.15
0.15
0.15
0.15
0.15
0.15
0.15
0.15
0.847132
0.671217
0.539455
0.392753
0.150288
0.15
0.15
0.15
0.15
0.15
0.15
0.15
0.15
0.15
0.15
0.15
0.15
0.15
0.15
0.15
0.15
0.15
0.15
0.15
0.15
0.15
0.15
0.15
0.15
0.15
0.83971
0.703217
0.605934
0.5569
0.558239
0.301513
0.150001
0.15
0.15
0.15
0.15
0.15
0.15
0.15
0.15
0.15
0.15
0.15
0.15
0.15
0.15
0.15
0.15
0.15
0.15
0.15
0.15
0.15
0.15
0.15
0.96872
0.711411
0.555076
0.510076
0.503866
0.472846
0.167679
0.150002
0.150002
0.15
0.15
0.15
0.15
0.15
0.15
0.15
0.15
0.15
0.15
0.15
0.15
0.15
0.15
0.15
0.15
0.15
0.15
0.15
0.15
0.15
0.941611
0.814529
0.721676
0.655595
0.60564
0.573356
0.554204
0.545625
0.552246
0.225569
0.150002
0.153235
0.154118
0.152507
0.150588
0.150007
0.150011
0.150014
0.150034
0.151076
0.154681
0.159442
0.163663
0.166708
0.167306
0.165364
0.163664
0.161791
0.158049
0.15276
0.734144
0.718742
0.683074
0.643325
0.618892
0.6006
0.594292
0.581415
0.576395
0.54813
0.541083
0.541439
0.543066
0.543686
0.548415
0.542589
0.554019
0.477941
0.399797
0.459472
0.480478
0.491829
0.499451
0.505194
0.509867
0.513943
0.517809
0.521257
0.524361
0.525066
0.616934
0.607864
0.599368
0.593717
0.590133
0.585875
0.583435
0.577858
0.573995
0.573396
0.56916
0.567921
0.569902
0.569598
0.57241
0.566343
0.562494
0.542506
0.534702
0.538386
0.543685
0.547911
0.551169
0.55383
0.556036
0.557922
0.559737
0.56138
0.563668
0.564738
0.603494
0.592413
0.588341
0.586055
0.584635
0.58314
0.580994
0.579239
0.57789
0.57984
0.57984
0.580142
0.581128
0.581479
0.580799
0.577574
0.573088
0.570288
0.569151
0.568442
0.569611
0.57143
0.572873
0.574039
0.574562
0.574977
0.574549
0.574016
0.573404
0.574166
0.585815
0.584966
0.588758
0.592136
0.593868
0.594165
0.593653
0.593312
0.593525
0.594612
0.595328
0.595622
0.595364
0.594661
0.592824
0.591015
0.589047
0.58926
0.588692
0.587479
0.58665
0.586386
0.585732
0.584894
0.583251
0.581811
0.578874
0.575547
0.569043
0.564543
0.587417
0.59608
0.603837
0.607556
0.608643
0.608414
0.607659
0.606936
0.606413
0.605846
0.605057
0.603603
0.601747
0.599533
0.597459
0.595747
0.594803
0.594186
0.592809
0.590674
0.588252
0.586223
0.583637
0.580822
0.577383
0.574197
0.569429
0.56625
0.553268
0.542465
0.608957
0.619785
0.619627
0.616234
0.612935
0.610143
0.607846
0.605945
0.604205
0.602467
0.600601
0.59855
0.596505
0.594622
0.593113
0.591572
0.59034
0.588306
0.586006
0.582313
0.57832
0.575302
0.571416
0.567381
0.563988
0.55846
0.553871
0.548323
0.550824
0.568157
0.596481
0.593379
0.593547
0.594136
0.595061
0.595759
0.596437
0.596869
0.597016
0.596837
0.596338
0.595449
0.594274
0.592941
0.590921
0.588305
0.584915
0.580215
0.576778
0.570007
0.56335
0.55796
0.552235
0.548679
0.546096
0.53991
0.533668
0.51549
0.512697
0.477347
0.598728
0.600048
0.60321
0.605472
0.606817
0.606813
0.606244
0.605064
0.60343
0.60163
0.599604
0.597004
0.594337
0.590492
0.585132
0.579905
0.572155
0.564024
0.558439
0.547996
0.541316
0.521323
0.515935
0.514701
0.513466
0.509355
0.50845
0.193857
0.15
0.15
0.599378
0.598469
0.598241
0.59791
0.597886
0.597107
0.596533
0.595563
0.594375
0.593855
0.592127
0.590393
0.587634
0.579875
0.571094
0.561862
0.549666
0.541923
0.522915
0.513098
0.521962
0.311373
0.150001
0.15
0.15
0.15
0.15
0.15
0.15
0.15
0.599541
0.598855
0.599034
0.599298
0.600397
0.600397
0.601147
0.600164
0.599347
0.59807
0.593813
0.592045
0.583878
0.568521
0.554613
0.532002
0.516255
0.523811
0.388794
0.150058
0.15
0.15
0.15
0.15
0.15
0.15
0.15
0.15
0.15
0.15
0.599725
0.599337
0.599398
0.599308
0.599997
0.599284
0.600061
0.597223
0.597232
0.592217
0.587681
0.584528
0.564491
0.545422
0.52308
0.449871
0.151441
0.15
0.15
0.15
0.15
0.15
0.15
0.15
0.15
0.15
0.15
0.15
0.15
0.15
0.599845
0.599713
0.599716
0.599814
0.600355
0.600181
0.601247
0.598781
0.600273
0.591377
0.590449
0.574453
0.533435
0.52227
0.225947
0.15
0.15
0.15
0.15
0.15
0.15
0.15
0.15
0.15
0.15
0.15
0.15
0.15
0.15
0.15
0.599911
0.600012
0.599941
0.600381
0.600581
0.601334
0.601701
0.601253
0.600882
0.591412
0.591241
0.54629
0.444428
0.150782
0.15
0.15
0.15
0.15
0.15
0.15
0.15
0.15
0.15
0.15
0.15
0.15
0.15
0.15
0.15
0.15
0.59996
0.600194
0.60011
0.600776
0.600789
0.602286
0.602164
0.60443
0.601972
0.599237
0.587002
0.485188
0.151893
0.15
0.15
0.15
0.15
0.15
0.15
0.15
0.15
0.15
0.15
0.15
0.15
0.15
0.15
0.15
0.15
0.15
0.599986
0.600278
0.600208
0.600958
0.600946
0.602723
0.602563
0.606213
0.603751
0.609289
0.571889
0.191615
0.15
0.15
0.15
0.15
0.15
0.15
0.15
0.15
0.15
0.15
0.15
0.15
0.15
0.15
0.15
0.15
0.15
0.15
)
;

boundaryField
{
    inlet1
    {
        type            fixedValue;
        value           uniform 0.85;
    }
    inlet2
    {
        type            zeroGradient;
    }
    inlet3
    {
        type            fixedValue;
        value           uniform 0.6;
    }
    output1
    {
        type            zeroGradient;
    }
    output2
    {
        type            zeroGradient;
    }
    output3
    {
        type            zeroGradient;
    }
    up
    {
        type            zeroGradient;
    }
    down
    {
        type            zeroGradient;
    }
    emptyWalls
    {
        type            empty;
    }
}


// ************************************************************************* //
