/*--------------------------------*- C++ -*----------------------------------*\
  =========                 |
  \\      /  F ield         | OpenFOAM: The Open Source CFD Toolbox
   \\    /   O peration     | Website:  https://openfoam.org
    \\  /    A nd           | Version:  9
     \\/     M anipulation  |
\*---------------------------------------------------------------------------*/
FoamFile
{
    format      ascii;
    class       volScalarField;
    location    "4000";
    object      alpha;
}
// * * * * * * * * * * * * * * * * * * * * * * * * * * * * * * * * * * * * * //

dimensions      [0 2 -1 0 0 0 0];

internalField   nonuniform List<scalar> 
900
(
-5.14478e-11
-9.79949e-12
-7.72384e-12
-2.93847e-14
-4.06508e-14
-4.0652e-14
-4.0652e-14
-4.0652e-14
-4.0652e-14
-4.0652e-14
-4.0652e-14
-4.0652e-14
-4.0652e-14
-4.0652e-14
-4.0652e-14
-4.0652e-14
-4.0652e-14
-4.0652e-14
-4.0652e-14
-4.0652e-14
-4.0652e-14
-4.0652e-14
-4.0652e-14
-4.0652e-14
-4.0652e-14
-4.0652e-14
-4.0652e-14
-4.0652e-14
-4.0652e-14
-4.0652e-14
-9.86741e-11
-1.14526e-11
-7.42015e-12
-2.70106e-14
-4.06519e-14
-4.0652e-14
-4.0652e-14
-4.0652e-14
-4.0652e-14
-4.0652e-14
-4.0652e-14
-4.0652e-14
-4.0652e-14
-4.0652e-14
-4.0652e-14
-4.0652e-14
-4.0652e-14
-4.0652e-14
-4.0652e-14
-4.0652e-14
-4.0652e-14
-4.0652e-14
-4.0652e-14
-4.0652e-14
-4.0652e-14
-4.0652e-14
-4.0652e-14
-4.0652e-14
-4.0652e-14
-4.0652e-14
-5.42963e-11
-9.42673e-12
-6.83235e-12
-2.92525e-14
-4.0652e-14
-4.0652e-14
-4.0652e-14
-4.0652e-14
-4.0652e-14
-4.0652e-14
-4.0652e-14
-4.0652e-14
-4.0652e-14
-4.0652e-14
-4.0652e-14
-4.0652e-14
-4.0652e-14
-4.0652e-14
-4.0652e-14
-4.0652e-14
-4.0652e-14
-4.0652e-14
-4.0652e-14
-4.0652e-14
-4.0652e-14
-4.0652e-14
-4.0652e-14
-4.0652e-14
-4.0652e-14
-4.0652e-14
-7.28856e-11
-8.79207e-12
-6.9483e-12
-3.42215e-14
-4.0652e-14
-4.0652e-14
-4.0652e-14
-4.0652e-14
-4.0652e-14
-4.0652e-14
-4.0652e-14
-4.0652e-14
-4.0652e-14
-4.0652e-14
-4.0652e-14
-4.0652e-14
-4.0652e-14
-4.0652e-14
-4.0652e-14
-4.0652e-14
-4.0652e-14
-4.0652e-14
-4.0652e-14
-4.0652e-14
-4.0652e-14
-4.0652e-14
-4.0652e-14
-4.0652e-14
-4.0652e-14
-4.0652e-14
-5.30776e-11
-7.2014e-12
-2.22718e-12
-3.95252e-14
-4.0652e-14
-4.0652e-14
-4.0652e-14
-4.0652e-14
-4.0652e-14
-4.0652e-14
-4.0652e-14
-4.0652e-14
-4.0652e-14
-4.0652e-14
-4.0652e-14
-4.0652e-14
-4.0652e-14
-4.0652e-14
-4.0652e-14
-4.0652e-14
-4.0652e-14
-4.0652e-14
-4.0652e-14
-4.0652e-14
-4.0652e-14
-4.0652e-14
-4.0652e-14
-4.0652e-14
-4.0652e-14
-4.0652e-14
-6.60521e-11
-7.07544e-12
-1.74392e-13
-4.05898e-14
-4.0652e-14
-4.0652e-14
-4.0652e-14
-4.0652e-14
-4.0652e-14
-4.0652e-14
-4.0652e-14
-4.0652e-14
-4.0652e-14
-4.0652e-14
-4.0652e-14
-4.0652e-14
-4.0652e-14
-4.0652e-14
-4.0652e-14
-4.0652e-14
-4.0652e-14
-4.0652e-14
-4.0652e-14
-4.0652e-14
-4.0652e-14
-4.0652e-14
-4.0652e-14
-4.0652e-14
-4.0652e-14
-4.0652e-14
-5.22381e-11
-7.35104e-12
-4.77581e-14
-4.06453e-14
-4.0652e-14
-4.0652e-14
-4.0652e-14
-4.0652e-14
-4.0652e-14
-4.0652e-14
-4.0652e-14
-4.0652e-14
-4.0652e-14
-4.0652e-14
-4.0652e-14
-4.0652e-14
-4.0652e-14
-4.0652e-14
-4.0652e-14
-4.0652e-14
-4.0652e-14
-4.0652e-14
-4.0652e-14
-4.0652e-14
-4.0652e-14
-4.0652e-14
-4.0652e-14
-4.0652e-14
-4.0652e-14
-4.0652e-14
-6.36471e-11
-8.14026e-12
-2.68663e-14
-4.06515e-14
-4.0652e-14
-4.0652e-14
-4.0652e-14
-4.0652e-14
-4.0652e-14
-4.0652e-14
-4.0652e-14
-4.0652e-14
-4.0652e-14
-4.0652e-14
-4.0652e-14
-4.0652e-14
-4.0652e-14
-4.0652e-14
-4.0652e-14
-4.0652e-14
-4.0652e-14
-4.0652e-14
-4.0652e-14
-4.0652e-14
-4.0652e-14
-4.0652e-14
-4.0652e-14
-4.0652e-14
-4.0652e-14
-4.0652e-14
-5.37925e-11
-8.31213e-12
-3.1994e-14
-4.0652e-14
-4.0652e-14
-4.0652e-14
-4.0652e-14
-4.0652e-14
-4.0652e-14
-4.0652e-14
-4.0652e-14
-4.0652e-14
-4.0652e-14
-4.0652e-14
-4.0652e-14
-4.0652e-14
-4.0652e-14
-4.0652e-14
-4.0652e-14
-4.0652e-14
-4.0652e-14
-4.0652e-14
-4.0652e-14
-4.0652e-14
-4.0652e-14
-4.0652e-14
-4.0652e-14
-4.0652e-14
-4.0652e-14
-4.0652e-14
-6.61499e-11
-8.14545e-12
-3.80225e-14
-4.0652e-14
-4.0652e-14
-4.0652e-14
-4.0652e-14
-4.0652e-14
-4.0652e-14
-4.0652e-14
-4.0652e-14
-4.0652e-14
-4.0652e-14
-4.0652e-14
-4.0652e-14
-4.0652e-14
-4.0652e-14
-4.0652e-14
-4.0652e-14
-4.0652e-14
-4.0652e-14
-4.0652e-14
-4.0652e-14
-4.0652e-14
-4.0652e-14
-4.0652e-14
-4.0652e-14
-4.0652e-14
-4.0652e-14
-4.0652e-14
-5.82326e-11
-9.3218e-12
-3.27111e-14
-4.0652e-14
-4.0652e-14
-4.0652e-14
-4.0652e-14
-4.0652e-14
-4.0652e-14
-4.0652e-14
-4.0652e-14
-4.0652e-14
-4.0652e-14
-4.0652e-14
-4.0652e-14
-4.0652e-14
-4.0652e-14
-4.0652e-14
-4.0652e-14
-4.0652e-14
-4.0652e-14
-4.0652e-14
-4.0652e-14
-4.0652e-14
-4.0652e-14
-4.0652e-14
-4.0652e-14
-4.0652e-14
-4.0652e-14
-4.0652e-14
-5.55216e-11
-1.07562e-11
-3.20895e-12
-2.83219e-14
-4.06516e-14
-4.0652e-14
-4.0652e-14
-4.0652e-14
-4.0652e-14
-4.0652e-14
-4.0652e-14
-4.0652e-14
-4.0652e-14
-4.0652e-14
-4.0652e-14
-4.0652e-14
-4.0652e-14
-4.0652e-14
-4.0652e-14
-4.0652e-14
-4.0652e-14
-4.0652e-14
-4.0652e-14
-4.0652e-14
-4.0652e-14
-4.0652e-14
-4.0652e-14
-4.0652e-14
-4.0652e-14
-4.0652e-14
-4.83135e-11
-1.16032e-11
-4.64978e-12
-2.27126e-12
-2.97524e-14
-4.0651e-14
-4.0652e-14
-4.0652e-14
-4.0652e-14
-4.0652e-14
-4.0652e-14
-4.0652e-14
-4.0652e-14
-4.0652e-14
-4.0652e-14
-4.0652e-14
-4.0652e-14
-4.0652e-14
-4.0652e-14
-4.0652e-14
-4.0652e-14
-4.0652e-14
-4.0652e-14
-4.0652e-14
-4.0652e-14
-4.0652e-14
-4.0652e-14
-4.0652e-14
-4.0652e-14
-4.0652e-14
-4.81899e-11
-1.29631e-11
-5.92089e-12
-3.61048e-12
-8.75484e-13
-4.02978e-14
-4.0652e-14
-4.0652e-14
-4.0652e-14
-4.0652e-14
-4.0652e-14
-4.0652e-14
-4.0652e-14
-4.0652e-14
-4.0652e-14
-4.0652e-14
-4.0652e-14
-4.0652e-14
-4.0652e-14
-4.0652e-14
-4.0652e-14
-4.0652e-14
-4.0652e-14
-4.0652e-14
-4.0652e-14
-4.0652e-14
-4.0652e-14
-4.0652e-14
-4.0652e-14
-4.0652e-14
-4.33249e-11
-1.37248e-11
-6.95831e-12
-5.36732e-12
-2.82661e-12
-3.5969e-14
-4.0652e-14
-4.0652e-14
-4.0652e-14
-4.0652e-14
-4.0652e-14
-4.0652e-14
-4.0652e-14
-4.0652e-14
-4.0652e-14
-4.0652e-14
-4.0652e-14
-4.0652e-14
-4.0652e-14
-4.0652e-14
-4.0652e-14
-4.0652e-14
-4.0652e-14
-4.0652e-14
-4.0652e-14
-4.0652e-14
-4.0652e-14
-4.0652e-14
-4.0652e-14
-4.0652e-14
-5.44237e-11
-1.81713e-11
-1.00036e-11
-6.68604e-12
-5.60252e-12
-1.27915e-13
-4.06488e-14
-4.0652e-14
-4.0652e-14
-4.0652e-14
-4.0652e-14
-4.0652e-14
-4.0652e-14
-4.06519e-14
-4.06516e-14
-4.05304e-14
-3.95929e-14
-3.86544e-14
-3.77315e-14
-3.57381e-14
-3.43522e-14
-3.17621e-14
-3.10968e-14
-2.93516e-14
-3.0703e-14
-3.16526e-14
-3.26303e-14
-3.40882e-14
-3.63174e-14
-3.91692e-14
-5.39147e-11
-2.49514e-11
-1.76011e-11
-1.16143e-11
-1.01623e-11
-5.95366e-12
-6.48969e-12
-2.69711e-14
-3.31042e-14
-2.94559e-14
-2.74554e-14
-2.65437e-14
-2.68308e-14
-2.93857e-14
-8.39299e-14
-1.46842e-12
-2.30441e-12
-2.79962e-12
-3.12713e-12
-3.39096e-12
-3.6539e-12
-3.94641e-12
-4.2649e-12
-4.57653e-12
-4.85137e-12
-5.0671e-12
-5.28418e-12
-5.49931e-12
-5.74497e-12
-5.75169e-12
-2.13159e-11
-1.66223e-11
-1.49063e-11
-1.22946e-11
-1.19136e-11
-9.83206e-12
-8.55543e-12
-5.72024e-12
-5.47808e-12
-5.81848e-12
-6.17911e-12
-6.49866e-12
-6.78475e-12
-7.11356e-12
-7.84553e-12
-8.66703e-12
-9.25039e-12
-9.56667e-12
-9.7412e-12
-9.86015e-12
-9.95882e-12
-1.00626e-11
-1.01847e-11
-1.03031e-11
-1.03752e-11
-1.02431e-11
-1.00897e-11
-9.90506e-12
-1.00354e-11
-9.72914e-12
-1.49579e-11
-1.38548e-11
-1.33627e-11
-1.30031e-11
-1.26235e-11
-1.2011e-11
-1.10064e-11
-1.09397e-11
-1.08323e-11
-1.12503e-11
-1.16652e-11
-1.20317e-11
-1.21667e-11
-1.25447e-11
-1.26335e-11
-1.26009e-11
-1.25602e-11
-1.2517e-11
-1.24702e-11
-1.24054e-11
-1.22502e-11
-1.20168e-11
-1.16706e-11
-1.13467e-11
-1.10243e-11
-1.04579e-11
-9.74041e-12
-9.00442e-12
-8.58987e-12
-7.99873e-12
-1.50171e-11
-1.64802e-11
-1.7274e-11
-1.75722e-11
-1.70424e-11
-1.66827e-11
-1.61662e-11
-1.63919e-11
-1.61275e-11
-1.59077e-11
-1.55426e-11
-1.50976e-11
-1.44125e-11
-1.37337e-11
-1.30973e-11
-1.25642e-11
-1.20806e-11
-1.18361e-11
-1.17205e-11
-1.16156e-11
-1.1371e-11
-1.09681e-11
-1.01877e-11
-9.34142e-12
-8.50621e-12
-7.8513e-12
-7.00957e-12
-6.34759e-12
-4.58917e-12
-4.15838e-12
-2.17884e-11
-2.44858e-11
-2.33414e-11
-2.18301e-11
-2.02658e-11
-1.9341e-11
-1.84775e-11
-1.79505e-11
-1.69002e-11
-1.57967e-11
-1.43633e-11
-1.32687e-11
-1.18678e-11
-1.06554e-11
-9.54462e-12
-8.73364e-12
-8.20542e-12
-8.07257e-12
-8.0487e-12
-8.01547e-12
-7.86744e-12
-7.64366e-12
-6.87561e-12
-6.00752e-12
-4.23479e-12
-3.93376e-12
-3.61027e-12
-4.23016e-12
-2.68723e-14
-4.0652e-14
-1.80573e-11
-1.74169e-11
-1.72095e-11
-1.7256e-11
-1.72768e-11
-1.7123e-11
-1.68722e-11
-1.63107e-11
-1.4982e-11
-1.31936e-11
-1.09509e-11
-9.56615e-12
-8.21907e-12
-7.34143e-12
-5.7687e-12
-4.35705e-12
-4.17351e-12
-4.26147e-12
-4.34421e-12
-4.35917e-12
-4.36625e-12
-4.30653e-12
-4.11616e-12
-4.03296e-12
-3.45508e-14
-4.0652e-14
-4.0652e-14
-4.0652e-14
-4.0652e-14
-4.0652e-14
-1.87468e-11
-1.93001e-11
-1.91632e-11
-1.96137e-11
-1.94483e-11
-1.84965e-11
-1.8063e-11
-1.61439e-11
-1.35737e-11
-1.03069e-11
-7.37352e-12
-5.07967e-12
-4.40111e-12
-4.8346e-12
-2.40032e-12
-3.47348e-14
-3.79668e-14
-3.96225e-14
-4.02872e-14
-4.05757e-14
-4.06489e-14
-4.0652e-14
-4.0652e-14
-4.0652e-14
-4.0652e-14
-4.0652e-14
-4.0652e-14
-4.0652e-14
-4.0652e-14
-4.0652e-14
-1.89368e-11
-1.90572e-11
-1.7832e-11
-1.86731e-11
-1.74782e-11
-1.70578e-11
-1.66898e-11
-1.32106e-11
-9.72008e-12
-5.41485e-12
-3.6456e-12
-3.73796e-14
-4.0652e-14
-4.0652e-14
-4.0652e-14
-4.0652e-14
-4.0652e-14
-4.0652e-14
-4.0652e-14
-4.0652e-14
-4.0652e-14
-4.0652e-14
-4.0652e-14
-4.0652e-14
-4.0652e-14
-4.0652e-14
-4.0652e-14
-4.0652e-14
-4.0652e-14
-4.0652e-14
-1.91699e-11
-1.9238e-11
-1.83157e-11
-1.9646e-11
-1.73052e-11
-1.83098e-11
-1.5788e-11
-1.04462e-11
-6.11617e-12
-3.17603e-14
-4.0652e-14
-4.0652e-14
-4.0652e-14
-4.0652e-14
-4.0652e-14
-4.0652e-14
-4.0652e-14
-4.0652e-14
-4.0652e-14
-4.0652e-14
-4.0652e-14
-4.0652e-14
-4.0652e-14
-4.0652e-14
-4.0652e-14
-4.0652e-14
-4.0652e-14
-4.0652e-14
-4.0652e-14
-4.0652e-14
-1.94561e-11
-1.92605e-11
-1.90161e-11
-1.93512e-11
-1.67902e-11
-1.827e-11
-1.16943e-11
-5.75324e-12
-2.77503e-14
-4.0652e-14
-4.0652e-14
-4.0652e-14
-4.0652e-14
-4.0652e-14
-4.0652e-14
-4.0652e-14
-4.0652e-14
-4.0652e-14
-4.0652e-14
-4.0652e-14
-4.0652e-14
-4.0652e-14
-4.0652e-14
-4.0652e-14
-4.0652e-14
-4.0652e-14
-4.0652e-14
-4.0652e-14
-4.0652e-14
-4.0652e-14
-1.96221e-11
-1.94362e-11
-1.97922e-11
-1.91752e-11
-1.79084e-11
-1.78917e-11
-7.41729e-12
-2.65248e-14
-4.0652e-14
-4.0652e-14
-4.0652e-14
-4.0652e-14
-4.0652e-14
-4.0652e-14
-4.0652e-14
-4.0652e-14
-4.0652e-14
-4.0652e-14
-4.0652e-14
-4.0652e-14
-4.0652e-14
-4.0652e-14
-4.0652e-14
-4.0652e-14
-4.0652e-14
-4.0652e-14
-4.0652e-14
-4.0652e-14
-4.0652e-14
-4.0652e-14
-1.97424e-11
-1.97414e-11
-2.03807e-11
-1.93359e-11
-1.95114e-11
-1.57641e-11
-1.5951e-12
-4.05378e-14
-4.0652e-14
-4.0652e-14
-4.0652e-14
-4.0652e-14
-4.0652e-14
-4.0652e-14
-4.0652e-14
-4.0652e-14
-4.0652e-14
-4.0652e-14
-4.0652e-14
-4.0652e-14
-4.0652e-14
-4.0652e-14
-4.0652e-14
-4.0652e-14
-4.0652e-14
-4.0652e-14
-4.0652e-14
-4.0652e-14
-4.0652e-14
-4.0652e-14
-1.98131e-11
-2.0088e-11
-2.07255e-11
-1.98951e-11
-2.08747e-11
-1.19339e-11
-2.64956e-14
-4.0652e-14
-4.0652e-14
-4.0652e-14
-4.0652e-14
-4.0652e-14
-4.0652e-14
-4.0652e-14
-4.0652e-14
-4.0652e-14
-4.0652e-14
-4.0652e-14
-4.0652e-14
-4.0652e-14
-4.0652e-14
-4.0652e-14
-4.0652e-14
-4.0652e-14
-4.0652e-14
-4.0652e-14
-4.0652e-14
-4.0652e-14
-4.0652e-14
-4.0652e-14
-1.97505e-11
-2.05268e-11
-2.06118e-11
-2.12416e-11
-1.84085e-11
-1.03548e-11
-2.84692e-14
-4.0652e-14
-4.0652e-14
-4.0652e-14
-4.0652e-14
-4.0652e-14
-4.0652e-14
-4.0652e-14
-4.0652e-14
-4.0652e-14
-4.0652e-14
-4.0652e-14
-4.0652e-14
-4.0652e-14
-4.0652e-14
-4.0652e-14
-4.0652e-14
-4.0652e-14
-4.0652e-14
-4.0652e-14
-4.0652e-14
-4.0652e-14
-4.0652e-14
-4.0652e-14
)
;

boundaryField
{
    inlet1
    {
        type            calculated;
        value           uniform -5e-10;
    }
    inlet2
    {
        type            calculated;
        value           nonuniform List<scalar> 10(-5.82326e-11 -5.55216e-11 -4.83135e-11 -4.81899e-11 -4.33249e-11 -5.44237e-11 -5.39147e-11 -2.13159e-11 -1.49579e-11 -1.50171e-11);
    }
    inlet3
    {
        type            calculated;
        value           uniform -1.95111e-11;
    }
    output1
    {
        type            calculated;
        value           nonuniform List<scalar> 10(-4.0652e-14 -4.0652e-14 -4.0652e-14 -4.0652e-14 -4.0652e-14 -4.0652e-14 -4.0652e-14 -4.0652e-14 -4.0652e-14 -4.0652e-14);
    }
    output2
    {
        type            calculated;
        value           nonuniform List<scalar> 10(-4.0652e-14 -4.0652e-14 -4.0652e-14 -4.0652e-14 -4.0652e-14 -3.91692e-14 -5.75169e-12 -9.72914e-12 -7.99873e-12 -4.15838e-12);
    }
    output3
    {
        type            calculated;
        value           nonuniform List<scalar> 10(-4.0652e-14 -4.0652e-14 -4.0652e-14 -4.0652e-14 -4.0652e-14 -4.0652e-14 -4.0652e-14 -4.0652e-14 -4.0652e-14 -4.0652e-14);
    }
    up
    {
        type            calculated;
        value           nonuniform List<scalar> 
30
(
-1.97505e-11
-2.05268e-11
-2.06118e-11
-2.12416e-11
-1.84085e-11
-1.03548e-11
-2.84692e-14
-4.0652e-14
-4.0652e-14
-4.0652e-14
-4.0652e-14
-4.0652e-14
-4.0652e-14
-4.0652e-14
-4.0652e-14
-4.0652e-14
-4.0652e-14
-4.0652e-14
-4.0652e-14
-4.0652e-14
-4.0652e-14
-4.0652e-14
-4.0652e-14
-4.0652e-14
-4.0652e-14
-4.0652e-14
-4.0652e-14
-4.0652e-14
-4.0652e-14
-4.0652e-14
)
;
    }
    down
    {
        type            calculated;
        value           nonuniform List<scalar> 
30
(
-5.14478e-11
-9.79949e-12
-7.72384e-12
-2.93847e-14
-4.06508e-14
-4.0652e-14
-4.0652e-14
-4.0652e-14
-4.0652e-14
-4.0652e-14
-4.0652e-14
-4.0652e-14
-4.0652e-14
-4.0652e-14
-4.0652e-14
-4.0652e-14
-4.0652e-14
-4.0652e-14
-4.0652e-14
-4.0652e-14
-4.0652e-14
-4.0652e-14
-4.0652e-14
-4.0652e-14
-4.0652e-14
-4.0652e-14
-4.0652e-14
-4.0652e-14
-4.0652e-14
-4.0652e-14
)
;
    }
    emptyWalls
    {
        type            empty;
    }
}


// ************************************************************************* //
