/*--------------------------------*- C++ -*----------------------------------*\
  =========                 |
  \\      /  F ield         | OpenFOAM: The Open Source CFD Toolbox
   \\    /   O peration     | Website:  https://openfoam.org
    \\  /    A nd           | Version:  9
     \\/     M anipulation  |
\*---------------------------------------------------------------------------*/
FoamFile
{
    format      ascii;
    class       volScalarField;
    location    "4000";
    object      p;
}
// * * * * * * * * * * * * * * * * * * * * * * * * * * * * * * * * * * * * * //

dimensions      [0 0 0 0 0 0 0];

internalField   nonuniform List<scalar> 
900
(
5.3248e+07
5.3241e+07
5.32265e+07
5.32103e+07
5.14316e+07
4.99184e+07
4.84161e+07
4.69228e+07
4.54367e+07
4.39564e+07
4.24805e+07
4.10085e+07
3.95411e+07
3.80796e+07
3.66266e+07
3.51856e+07
3.37612e+07
3.23593e+07
3.09868e+07
2.96523e+07
2.83655e+07
2.71381e+07
2.59833e+07
2.49161e+07
2.3953e+07
2.31115e+07
2.24096e+07
2.18647e+07
2.14918e+07
2.13023e+07
5.32376e+07
5.32326e+07
5.32179e+07
5.32016e+07
5.14125e+07
4.99075e+07
4.84072e+07
4.69155e+07
4.54311e+07
4.39519e+07
4.24765e+07
4.10041e+07
3.95351e+07
3.80712e+07
3.66146e+07
3.51689e+07
3.37388e+07
3.23298e+07
3.09489e+07
2.96044e+07
2.83061e+07
2.70655e+07
2.58958e+07
2.48121e+07
2.38313e+07
2.29719e+07
2.22527e+07
2.16927e+07
2.13084e+07
2.11128e+07
5.32178e+07
5.32115e+07
5.3198e+07
5.31798e+07
5.14096e+07
4.98919e+07
4.83898e+07
4.69008e+07
4.54201e+07
4.39438e+07
4.24694e+07
4.09961e+07
3.95243e+07
3.80553e+07
3.65917e+07
3.51368e+07
3.36952e+07
3.22722e+07
3.08747e+07
2.95105e+07
2.81891e+07
2.6922e+07
2.57222e+07
2.46051e+07
2.35884e+07
2.26919e+07
2.19368e+07
2.13448e+07
2.09364e+07
2.07277e+07
5.31813e+07
5.31777e+07
5.31703e+07
5.31508e+07
5.14024e+07
4.98606e+07
4.83592e+07
4.68779e+07
4.54048e+07
4.39336e+07
4.24613e+07
4.09867e+07
3.95105e+07
3.80341e+07
3.656e+07
3.50915e+07
3.36329e+07
3.21893e+07
3.0767e+07
2.93736e+07
2.8018e+07
2.67111e+07
2.54658e+07
2.42977e+07
2.32254e+07
2.22705e+07
2.14576e+07
2.08135e+07
2.03648e+07
2.01338e+07
5.3131e+07
5.31282e+07
5.31309e+07
5.30543e+07
5.13268e+07
4.9789e+07
4.83086e+07
4.68467e+07
4.53876e+07
4.39247e+07
4.24553e+07
4.09791e+07
3.94969e+07
3.80106e+07
3.65226e+07
3.50363e+07
3.35555e+07
3.20851e+07
3.06306e+07
2.91989e+07
2.77982e+07
2.64385e+07
2.51322e+07
2.38947e+07
2.2745e+07
2.1707e+07
2.08096e+07
2.00868e+07
1.95754e+07
1.93089e+07
5.30624e+07
5.30592e+07
5.30628e+07
5.25286e+07
5.10854e+07
4.96601e+07
4.82394e+07
4.68127e+07
4.53743e+07
4.39222e+07
4.24562e+07
4.09774e+07
3.94875e+07
3.79887e+07
3.64837e+07
3.49755e+07
3.34679e+07
3.19649e+07
3.04714e+07
2.89932e+07
2.75373e+07
2.61125e+07
2.47299e+07
2.34037e+07
2.2153e+07
2.10029e+07
1.9987e+07
1.91489e+07
1.85409e+07
1.82176e+07
5.29785e+07
5.29725e+07
5.29635e+07
5.20398e+07
5.08273e+07
4.95265e+07
4.81763e+07
4.67903e+07
4.53748e+07
4.39335e+07
4.24699e+07
4.09868e+07
3.94869e+07
3.7973e+07
3.64478e+07
3.49143e+07
3.33756e+07
3.18352e+07
3.02968e+07
2.87651e+07
2.72454e+07
2.57444e+07
2.4271e+07
2.28373e+07
2.14603e+07
2.01646e+07
1.89868e+07
1.79807e+07
1.72219e+07
1.68029e+07
5.28786e+07
5.28733e+07
5.28642e+07
5.17595e+07
5.06576e+07
4.94422e+07
4.81489e+07
4.67976e+07
4.54009e+07
4.39673e+07
4.25031e+07
4.1013e+07
3.95004e+07
3.79686e+07
3.64203e+07
3.48582e+07
3.32851e+07
3.17034e+07
3.01157e+07
2.85251e+07
2.69347e+07
2.53486e+07
2.37726e+07
2.22143e+07
2.06863e+07
1.92084e+07
1.78148e+07
1.65653e+07
1.5563e+07
1.49694e+07
5.27662e+07
5.27613e+07
5.27516e+07
5.16638e+07
5.06013e+07
4.94358e+07
4.81796e+07
4.68503e+07
4.54637e+07
4.40317e+07
4.25624e+07
4.10615e+07
3.95332e+07
3.79806e+07
3.64065e+07
3.48133e+07
3.32031e+07
3.15774e+07
2.99377e+07
2.82847e+07
2.66196e+07
2.4943e+07
2.32562e+07
2.15612e+07
1.98621e+07
1.81678e+07
1.64988e+07
1.49029e+07
1.34953e+07
1.25422e+07
5.2642e+07
5.26358e+07
5.26259e+07
5.16588e+07
5.06478e+07
4.95202e+07
4.82834e+07
4.69604e+07
4.55721e+07
4.41332e+07
4.26532e+07
4.11376e+07
3.95903e+07
3.80141e+07
3.64118e+07
3.47854e+07
3.31365e+07
3.14656e+07
2.97727e+07
2.80567e+07
2.63159e+07
2.45476e+07
2.27481e+07
2.09122e+07
1.90331e+07
1.71021e+07
1.51095e+07
1.30522e+07
1.09731e+07
9.1619e+06
5.25099e+07
5.24956e+07
5.24362e+07
5.1729e+07
5.0811e+07
4.97136e+07
4.84735e+07
4.71357e+07
4.57309e+07
4.42761e+07
4.27795e+07
4.12453e+07
3.96761e+07
3.80739e+07
3.64411e+07
3.478e+07
3.30918e+07
3.1376e+07
2.96308e+07
2.78534e+07
2.60396e+07
2.41834e+07
2.22763e+07
2.03064e+07
1.8256e+07
1.60979e+07
1.3785e+07
1.12232e+07
8.18309e+06
3.97041e+06
5.23739e+07
5.23534e+07
5.22766e+07
5.21419e+07
5.11534e+07
5.00499e+07
4.87613e+07
4.7378e+07
4.59399e+07
4.44606e+07
4.29433e+07
4.13882e+07
3.97948e+07
3.81642e+07
3.64987e+07
3.48018e+07
3.30746e+07
3.13156e+07
2.95212e+07
2.76867e+07
2.58058e+07
2.387e+07
2.18674e+07
1.9781e+07
1.75867e+07
1.52485e+07
1.27095e+07
9.87249e+06
6.56568e+06
2.50704e+06
5.22381e+07
5.22127e+07
5.21299e+07
5.19942e+07
5.18546e+07
5.05714e+07
4.91437e+07
4.76752e+07
4.61901e+07
4.46829e+07
4.31451e+07
4.15693e+07
3.99509e+07
3.82892e+07
3.65879e+07
3.48538e+07
3.30894e+07
3.12906e+07
2.94517e+07
2.75662e+07
2.56269e+07
2.36235e+07
2.15422e+07
1.93635e+07
1.70613e+07
1.46001e+07
1.19318e+07
8.99164e+06
5.70008e+06
1.99911e+06
5.21077e+07
5.20775e+07
5.19823e+07
5.18315e+07
5.1654e+07
5.14131e+07
4.9567e+07
4.79889e+07
4.64623e+07
4.49358e+07
4.33849e+07
4.1793e+07
4.01502e+07
3.84537e+07
3.67099e+07
3.49361e+07
3.31384e+07
3.13059e+07
2.94286e+07
2.74997e+07
2.55119e+07
2.34551e+07
2.13143e+07
1.90696e+07
1.66948e+07
1.41587e+07
1.14261e+07
8.46217e+06
5.2439e+06
1.78842e+06
5.19903e+07
5.19513e+07
5.18332e+07
5.16535e+07
5.14494e+07
5.13734e+07
4.97303e+07
4.82511e+07
4.67345e+07
4.52133e+07
4.36656e+07
4.20677e+07
4.04034e+07
3.86654e+07
3.68619e+07
3.50421e+07
3.32224e+07
3.13658e+07
2.94572e+07
2.7492e+07
2.54661e+07
2.33705e+07
2.11905e+07
1.89056e+07
1.64896e+07
1.39139e+07
1.11518e+07
8.18701e+06
5.02494e+06
1.69909e+06
5.19031e+07
5.18527e+07
5.17065e+07
5.14758e+07
5.1187e+07
5.07956e+07
4.98246e+07
4.85505e+07
4.70112e+07
4.55172e+07
4.39963e+07
4.24088e+07
4.07302e+07
3.89425e+07
3.70303e+07
3.51483e+07
3.33451e+07
3.14804e+07
2.95456e+07
2.75484e+07
2.54921e+07
2.33702e+07
2.11693e+07
1.88674e+07
1.64379e+07
1.38482e+07
1.10723e+07
8.10229e+06
4.96664e+06
1.68177e+06
5.18583e+07
5.17904e+07
5.16189e+07
5.13424e+07
5.09638e+07
5.04381e+07
4.98166e+07
4.92294e+07
4.72665e+07
4.59006e+07
4.44709e+07
4.29317e+07
4.12553e+07
3.94087e+07
3.71187e+07
3.51485e+07
3.33499e+07
3.14842e+07
2.95474e+07
2.75489e+07
2.54916e+07
2.33697e+07
2.11691e+07
1.88683e+07
1.64403e+07
1.38506e+07
1.10749e+07
8.10523e+06
4.97057e+06
1.68421e+06
5.18649e+07
5.17726e+07
5.15683e+07
5.12473e+07
5.08147e+07
5.02536e+07
4.95534e+07
4.85921e+07
4.7264e+07
4.59045e+07
4.44764e+07
4.29381e+07
4.12626e+07
3.9435e+07
3.74731e+07
3.55163e+07
3.35877e+07
3.16433e+07
2.96682e+07
2.76597e+07
2.56115e+07
2.35082e+07
2.13263e+07
1.90398e+07
1.66246e+07
1.40505e+07
1.12899e+07
8.31553e+06
5.13267e+06
1.74753e+06
5.1975e+07
5.1845e+07
5.15913e+07
5.12262e+07
5.0751e+07
5.01512e+07
4.93942e+07
4.84413e+07
4.72929e+07
4.601e+07
4.46109e+07
4.3089e+07
4.14311e+07
3.96455e+07
3.77549e+07
3.5797e+07
3.38068e+07
3.18026e+07
2.97936e+07
2.77807e+07
2.57533e+07
2.36896e+07
2.15525e+07
1.93006e+07
1.69022e+07
1.43458e+07
1.16252e+07
8.69815e+06
5.45458e+06
1.86501e+06
5.22331e+07
5.20217e+07
5.17013e+07
5.12922e+07
5.0786e+07
5.01655e+07
4.94079e+07
4.84991e+07
4.74338e+07
4.62135e+07
4.48465e+07
4.33413e+07
4.17021e+07
3.99352e+07
3.80494e+07
3.60609e+07
3.40081e+07
3.19446e+07
2.99034e+07
2.78894e+07
2.58906e+07
2.38876e+07
2.18339e+07
1.96615e+07
1.72711e+07
1.46815e+07
1.20171e+07
9.31284e+06
6.09753e+06
2.04661e+06
5.26243e+07
5.22541e+07
5.18689e+07
5.14263e+07
5.09052e+07
5.02868e+07
4.95545e+07
4.86921e+07
4.76836e+07
4.65109e+07
4.51653e+07
4.3662e+07
4.2028e+07
4.02829e+07
3.84031e+07
3.63523e+07
3.41916e+07
3.20546e+07
2.99829e+07
2.79687e+07
2.59968e+07
2.40625e+07
2.21343e+07
2.01634e+07
1.78127e+07
1.49687e+07
1.23078e+07
1.01146e+07
7.99177e+06
2.24058e+06
5.29571e+07
5.25122e+07
5.20755e+07
5.16112e+07
5.10917e+07
5.04943e+07
4.98034e+07
4.89946e+07
4.80427e+07
4.69135e+07
4.55795e+07
4.40403e+07
4.23662e+07
4.06799e+07
3.88945e+07
3.67585e+07
3.43458e+07
3.21195e+07
3.00255e+07
2.80109e+07
2.6056e+07
2.4167e+07
2.23636e+07
2.08e+07
1.92308e+07
1.50259e+07
1.23654e+07
1.01902e+07
9.39974e+06
7.48179e+06
5.32498e+07
5.27887e+07
5.23302e+07
5.18596e+07
5.13533e+07
5.07894e+07
5.0151e+07
4.94047e+07
4.85147e+07
4.74269e+07
4.61174e+07
4.45066e+07
4.26243e+07
4.10339e+07
3.95981e+07
3.77309e+07
3.43708e+07
3.21295e+07
3.00352e+07
2.8021e+07
2.60673e+07
2.418e+07
2.23809e+07
2.0808e+07
1.90695e+07
1.65905e+07
1.44629e+07
1.27766e+07
1.16966e+07
1.0805e+07
5.35165e+07
5.30557e+07
5.25973e+07
5.21388e+07
5.16574e+07
5.11397e+07
5.05635e+07
4.98895e+07
4.90732e+07
4.80146e+07
4.6731e+07
4.54089e+07
4.26473e+07
4.10358e+07
3.95601e+07
3.73053e+07
3.48142e+07
3.25836e+07
3.05028e+07
2.85202e+07
2.6616e+07
2.47874e+07
2.30396e+07
2.1374e+07
1.96607e+07
1.78036e+07
1.61192e+07
1.47566e+07
1.38049e+07
1.32368e+07
5.37603e+07
5.33074e+07
5.2866e+07
5.24352e+07
5.19939e+07
5.1536e+07
5.10266e+07
5.04304e+07
4.97243e+07
4.89047e+07
4.67315e+07
4.49365e+07
4.28607e+07
4.10141e+07
3.91982e+07
3.71469e+07
3.49823e+07
3.28822e+07
3.087e+07
2.89406e+07
2.70889e+07
2.5314e+07
2.3616e+07
2.19877e+07
2.03958e+07
1.88441e+07
1.74537e+07
1.63257e+07
1.55295e+07
1.51004e+07
5.39782e+07
5.35365e+07
5.31202e+07
5.27251e+07
5.23371e+07
5.19484e+07
5.15111e+07
5.09769e+07
5.03189e+07
4.8446e+07
4.66105e+07
4.47641e+07
4.28449e+07
4.09616e+07
3.90716e+07
3.71019e+07
3.5086e+07
3.30928e+07
3.11545e+07
2.92833e+07
2.74849e+07
2.57636e+07
2.4123e+07
2.25649e+07
2.10906e+07
1.97233e+07
1.85258e+07
1.75629e+07
1.68872e+07
1.65349e+07
5.41637e+07
5.37344e+07
5.33447e+07
5.29892e+07
5.2663e+07
5.23509e+07
5.20097e+07
5.15542e+07
4.99909e+07
4.82972e+07
4.65006e+07
4.46643e+07
4.27934e+07
4.09159e+07
3.90245e+07
3.71032e+07
3.51671e+07
3.32484e+07
3.13718e+07
2.95533e+07
2.78039e+07
2.61324e+07
2.45474e+07
2.30582e+07
2.16783e+07
2.0433e+07
1.93631e+07
1.85131e+07
1.79215e+07
1.7617e+07
5.43098e+07
5.3892e+07
5.35259e+07
5.32077e+07
5.29404e+07
5.27081e+07
5.24853e+07
5.23095e+07
5.0117e+07
4.82514e+07
4.64302e+07
4.45992e+07
4.27484e+07
4.08841e+07
3.90075e+07
3.71192e+07
3.52309e+07
3.33618e+07
3.1531e+07
2.97543e+07
2.80449e+07
2.64148e+07
2.4876e+07
2.34424e+07
2.21314e+07
2.09671e+07
1.99807e+07
1.92048e+07
1.86688e+07
1.83947e+07
5.44104e+07
5.40016e+07
5.3653e+07
5.33648e+07
5.31433e+07
5.29858e+07
5.29202e+07
5.15844e+07
4.99193e+07
4.8161e+07
4.63698e+07
4.45539e+07
4.27168e+07
4.08645e+07
3.9002e+07
3.71353e+07
3.52753e+07
3.34369e+07
3.16361e+07
2.98879e+07
2.82066e+07
2.66057e+07
2.50996e+07
2.37039e+07
2.24377e+07
2.13235e+07
2.03876e+07
1.96566e+07
1.91542e+07
1.88982e+07
5.44614e+07
5.40579e+07
5.37185e+07
5.34496e+07
5.32536e+07
5.31342e+07
5.31218e+07
5.14222e+07
4.9815e+07
4.81034e+07
4.63343e+07
4.45296e+07
4.27005e+07
4.08552e+07
3.90007e+07
3.71447e+07
3.52982e+07
3.34745e+07
3.16884e+07
2.99547e+07
2.82878e+07
2.6702e+07
2.52126e+07
2.38361e+07
2.25918e+07
2.15017e+07
2.05897e+07
1.98799e+07
1.93933e+07
1.91457e+07
)
;

boundaryField
{
    inlet1
    {
        type            fixedGradient;
        gradient        uniform 20000;
    }
    inlet2
    {
        type            zeroGradient;
    }
    inlet3
    {
        type            fixedGradient;
        gradient        uniform 4.68141e+06;
    }
    output1
    {
        type            zeroGradient;
    }
    output2
    {
        type            fixedValue;
        value           uniform 0;
    }
    output3
    {
        type            zeroGradient;
    }
    up
    {
        type            zeroGradient;
    }
    down
    {
        type            zeroGradient;
    }
    emptyWalls
    {
        type            empty;
    }
}


// ************************************************************************* //
