/*--------------------------------*- C++ -*----------------------------------*\
  =========                 |
  \\      /  F ield         | OpenFOAM: The Open Source CFD Toolbox
   \\    /   O peration     | Website:  https://openfoam.org
    \\  /    A nd           | Version:  9
     \\/     M anipulation  |
\*---------------------------------------------------------------------------*/
FoamFile
{
    format      ascii;
    class       surfaceScalarField;
    location    "4000";
    object      phi;
}
// * * * * * * * * * * * * * * * * * * * * * * * * * * * * * * * * * * * * * //

dimensions      [0 3 -1 0 0 0 0];

internalField   nonuniform List<scalar> 
1740
(
1.69017e-08
8.80555e-08
1.11923e-08
1.04639e-08
7.23373e-09
6.93215e-09
4.66404e-09
2.70141e-11
6.4101e-09
4.16973e-11
6.10906e-09
3.80186e-11
6.07243e-09
3.58313e-11
6.04274e-09
2.97498e-11
6.01924e-09
2.2658e-11
6.00035e-09
1.733e-11
5.98314e-09
1.52892e-11
5.96393e-09
1.71692e-11
5.93868e-09
2.31632e-11
5.90322e-09
3.33201e-11
5.8533e-09
4.77051e-11
5.78447e-09
6.6476e-11
5.69199e-09
8.9912e-11
5.57077e-09
1.18416e-10
5.4152e-09
1.52491e-10
5.21917e-09
1.92698e-10
4.97612e-09
2.39569e-10
4.67919e-09
2.93478e-10
4.32164e-09
3.54444e-10
3.89751e-09
4.21856e-10
3.40257e-09
4.94136e-10
2.83563e-09
5.68373e-10
2.19993e-09
6.40067e-10
1.50439e-09
7.03185e-10
7.64181e-10
7.50814e-10
7.76587e-10
2.26663e-08
1.50921e-07
1.13754e-08
2.13615e-08
6.97945e-09
1.34221e-08
4.5669e-09
5.77269e-11
6.40206e-09
3.26323e-11
6.09511e-09
7.45872e-11
6.0655e-09
7.55549e-11
6.03655e-09
6.05082e-11
6.01463e-09
4.35511e-11
5.99866e-09
3.13713e-11
5.98516e-09
2.66567e-11
5.96997e-09
3.02232e-11
5.94888e-09
4.21612e-11
5.91769e-09
6.2409e-11
5.87221e-09
9.10204e-11
5.8081e-09
1.28282e-10
5.72074e-09
1.74751e-10
5.60511e-09
2.31254e-10
5.45565e-09
2.98848e-10
5.26621e-09
3.78733e-10
5.03e-09
4.72103e-10
4.73981e-09
5.79902e-10
4.38822e-09
7.0244e-10
3.96831e-09
8.38842e-10
3.47457e-09
9.86311e-10
2.9044e-09
1.13929e-09
2.25976e-09
1.28871e-09
1.54904e-09
1.42184e-09
7.88147e-10
1.52347e-09
1.57897e-09
1.58151e-08
2.34365e-07
1.00794e-08
3.12521e-08
6.72292e-09
1.97908e-08
4.6494e-09
1.44522e-10
6.4106e-09
9.44531e-11
6.10888e-09
1.52169e-10
6.05791e-09
1.31294e-10
6.02333e-09
9.31791e-11
6.00406e-09
5.96695e-11
5.99451e-09
3.79496e-11
5.98885e-09
2.97451e-11
5.98192e-09
3.49067e-11
5.96917e-09
5.28498e-11
5.94645e-09
8.31338e-11
5.90975e-09
1.25685e-10
5.85498e-09
1.80879e-10
5.77776e-09
2.49555e-10
5.67329e-09
3.33005e-10
5.5361e-09
4.32919e-10
5.36e-09
5.51288e-10
5.13789e-09
6.90215e-10
4.86182e-09
8.51591e-10
4.52313e-09
1.03657e-09
4.11292e-09
1.24476e-09
3.62302e-09
1.47298e-09
3.04761e-09
1.71376e-09
2.38565e-09
1.95363e-09
1.64388e-09
2.172e-09
8.39391e-10
2.34228e-09
2.43685e-09
1.26127e-08
3.15834e-07
7.10253e-09
3.96608e-08
6.19167e-09
1.76396e-08
4.85633e-09
7.2217e-10
6.43658e-09
4.06281e-10
6.12414e-09
3.08346e-10
6.03393e-09
2.04278e-10
5.99481e-09
1.21249e-10
5.98377e-09
6.40018e-11
5.98646e-09
3.10151e-11
5.99381e-09
1.94694e-11
5.99968e-09
2.68102e-11
5.99943e-09
5.11992e-11
5.9892e-09
9.15926e-11
5.96537e-09
1.47711e-10
5.92429e-09
2.19999e-10
5.86204e-09
3.09594e-10
5.77417e-09
4.183e-10
5.65548e-09
5.48545e-10
5.49981e-09
7.03295e-10
5.29974e-09
8.8588e-10
5.04645e-09
1.09967e-09
4.72954e-09
1.3475e-09
4.33721e-09
1.63063e-09
3.85697e-09
1.94709e-09
3.27737e-09
2.28917e-09
2.59135e-09
2.64003e-09
1.80144e-09
2.97026e-09
9.25555e-10
3.23681e-09
3.3893e-09
6.39131e-09
4.09675e-07
4.14071e-09
4.88858e-08
5.89709e-09
6.71421e-09
5.10116e-09
1.64424e-09
6.38593e-09
8.29783e-10
6.0577e-09
4.7066e-10
5.95887e-09
2.56225e-10
5.93822e-09
1.23539e-10
5.94976e-09
4.40744e-11
5.97374e-09
2.63978e-12
6.00026e-09
-9.69333e-12
6.02354e-09
1.66492e-12
6.03968e-09
3.35449e-11
6.04553e-09
8.43287e-11
6.03822e-09
1.53572e-10
6.01478e-09
2.4182e-10
5.97195e-09
3.50531e-10
5.90588e-09
4.82066e-10
5.81186e-09
6.39675e-10
5.684e-09
8.27471e-10
5.51482e-09
1.05034e-09
5.2947e-09
1.31371e-09
5.01138e-09
1.62312e-09
4.64942e-09
1.98317e-09
4.19028e-09
2.39559e-09
3.61352e-09
2.85579e-09
2.90095e-09
3.34705e-09
2.04498e-09
3.8322e-09
1.0614e-09
4.2454e-09
4.49423e-09
8.60595e-09
4.92023e-07
2.24259e-09
6.17033e-08
4.31961e-09
9.66923e-10
4.92187e-09
1.81097e-09
5.80772e-09
9.42491e-10
5.78621e-09
4.88287e-10
5.80561e-09
2.26421e-10
5.84942e-09
7.26059e-11
5.90331e-09
-1.38849e-11
5.95849e-09
-5.4839e-11
6.00993e-09
-6.255e-11
6.05456e-09
-4.40031e-11
6.09022e-09
-3.0119e-12
6.11504e-09
5.86096e-11
6.12719e-09
1.40438e-10
6.12467e-09
2.43187e-10
6.10511e-09
3.68655e-10
6.06553e-09
5.19766e-10
6.00206e-09
7.00624e-10
5.90952e-09
9.16574e-10
5.78082e-09
1.17427e-09
5.60615e-09
1.48172e-09
5.37184e-09
1.84811e-09
5.05883e-09
2.28332e-09
4.64118e-09
2.79628e-09
4.08548e-09
3.39134e-09
3.35393e-09
4.06018e-09
2.41616e-09
4.7661e-09
1.27507e-09
5.41834e-09
5.84799e-09
1.31323e-08
5.77921e-07
3.86993e-09
7.71529e-08
3.28423e-09
3.79443e-10
4.72496e-09
1.16363e-09
5.24855e-09
6.64567e-10
5.47495e-09
3.13577e-10
5.62792e-09
8.85661e-11
5.75056e-09
-4.56539e-11
5.85556e-09
-1.17384e-10
5.94697e-09
-1.45563e-10
6.0264e-09
-1.41666e-10
6.09456e-09
-1.12113e-10
6.15159e-09
-6.01935e-11
6.19721e-09
1.26923e-11
6.23084e-09
1.06395e-10
6.25161e-09
2.21846e-10
6.25828e-09
3.61145e-10
6.24907e-09
5.27726e-10
6.22134e-09
7.26483e-10
6.17119e-09
9.63927e-10
6.09277e-09
1.24846e-09
5.97724e-09
1.59076e-09
5.81099e-09
2.00429e-09
5.57288e-09
2.50571e-09
5.23014e-09
3.11487e-09
4.73328e-09
3.8531e-09
4.01313e-09
4.73623e-09
2.99064e-09
5.75367e-09
1.62274e-09
6.81386e-09
7.6314e-09
1.44998e-08
6.55934e-07
3.6622e-09
9.23462e-08
2.99067e-09
3.32973e-10
4.59773e-09
4.84463e-10
4.90464e-09
2.39653e-10
5.23722e-09
1.28865e-11
5.48056e-09
-1.40081e-10
5.66933e-09
-2.26406e-10
5.8214e-09
-2.64433e-10
5.94743e-09
-2.68364e-10
6.05415e-09
-2.46433e-10
6.1457e-09
-2.02581e-10
6.22437e-09
-1.38329e-10
6.29138e-09
-5.40292e-11
6.34736e-09
5.06194e-11
6.39264e-09
1.76666e-10
6.42733e-09
3.2636e-10
6.45112e-09
5.03516e-10
6.46303e-09
7.13656e-10
6.46112e-09
9.64195e-10
6.44184e-09
1.26488e-09
6.39905e-09
1.62859e-09
6.322e-09
2.07258e-09
6.19156e-09
2.62035e-09
5.97323e-09
3.3044e-09
5.60437e-09
4.16995e-09
4.97466e-09
5.27801e-09
3.91055e-09
6.69846e-09
2.22527e-09
8.45203e-09
1.02324e-08
1.23138e-08
7.41972e-07
3.9172e-09
1.03455e-07
3.06314e-09
4.90391e-10
4.44969e-09
3.60712e-11
4.72544e-09
-2.032e-10
5.08872e-09
-3.61606e-10
5.38778e-09
-4.3537e-10
5.62479e-09
-4.55456e-10
5.81328e-09
-4.45574e-10
5.9672e-09
-4.17021e-10
6.0971e-09
-3.73112e-10
6.2097e-09
-3.13433e-10
6.30883e-09
-2.36497e-10
6.3966e-09
-1.41084e-10
6.47457e-09
-2.6543e-11
6.54427e-09
1.07848e-10
6.60728e-09
2.6412e-10
6.66502e-09
4.46326e-10
6.71855e-09
6.60435e-10
6.7684e-09
9.14323e-10
6.81441e-09
1.21829e-09
6.85512e-09
1.58615e-09
6.88637e-09
2.03709e-09
6.89813e-09
2.5987e-09
6.86685e-09
3.3124e-09
6.73632e-09
4.24428e-09
6.37059e-09
5.50739e-09
5.45161e-09
7.31013e-09
3.36782e-09
1.00635e-08
1.46136e-08
1.6887e-08
8.14108e-07
4.20535e-09
1.19909e-07
2.93899e-09
5.85403e-10
4.18387e-09
-5.5719e-10
4.57644e-09
-7.26913e-10
5.00442e-09
-8.20742e-10
5.35706e-09
-7.84338e-10
5.62878e-09
-7.14469e-10
5.83972e-09
-6.4538e-10
6.01099e-09
-5.81022e-10
6.15735e-09
-5.15544e-10
6.28721e-09
-4.41526e-10
6.40463e-09
-3.53126e-10
6.51164e-09
-2.47257e-10
6.61006e-09
-1.23549e-10
6.70257e-09
1.71551e-11
6.79248e-09
1.7595e-10
6.88314e-09
3.57235e-10
6.97773e-09
5.67441e-10
7.07953e-09
8.14383e-10
7.19229e-09
1.10779e-09
7.32063e-09
1.46062e-09
7.4702e-09
1.89095e-09
7.64774e-09
2.42494e-09
7.85974e-09
3.10223e-09
8.10346e-09
3.9874e-09
8.31975e-09
5.19713e-09
8.1575e-09
6.97118e-09
5.79442e-09
9.87806e-09
1.54748e-08
3.79462e-08
7.67577e-07
1.7799e-08
1.41894e-07
2.27862e-09
2.48605e-08
3.69999e-09
-6.78666e-10
4.4238e-09
-1.5744e-09
4.99549e-09
-1.41012e-09
5.40724e-09
-1.16677e-09
5.69357e-09
-9.72691e-10
5.90585e-09
-8.40443e-10
6.07969e-09
-7.46126e-10
6.23411e-09
-6.66503e-10
6.37716e-09
-5.83985e-10
6.51087e-09
-4.87217e-10
6.63524e-09
-3.71261e-10
6.75147e-09
-2.3755e-10
6.86348e-09
-9.16278e-11
6.97692e-09
6.52908e-11
7.09731e-09
2.39221e-10
7.2297e-09
4.37708e-10
7.37967e-09
6.67975e-10
7.55459e-09
9.37864e-10
7.76489e-09
1.25757e-09
8.02603e-09
1.64112e-09
8.36286e-09
2.10787e-09
8.82092e-09
2.68417e-09
9.49805e-09
3.40598e-09
1.06474e-08
4.32254e-09
1.30642e-08
5.49942e-09
1.97226e-08
7.00276e-09
8.76677e-09
5.46843e-08
6.98904e-07
4.31338e-08
1.56108e-07
1.77629e-08
5.87873e-08
2.92135e-09
1.74364e-08
4.55708e-09
-1.43298e-09
5.1465e-09
-2.25708e-09
5.58283e-09
-1.49995e-09
5.83241e-09
-1.16907e-09
6.01043e-09
-9.97564e-10
6.16782e-09
-8.96522e-10
6.32225e-09
-8.20345e-10
6.47644e-09
-7.40686e-10
6.62644e-09
-6.40494e-10
6.76699e-09
-5.13021e-10
6.89708e-09
-3.63765e-10
7.02294e-09
-2.1141e-10
7.1544e-09
-6.2385e-11
7.29948e-09
9.66465e-11
7.46407e-09
2.76191e-10
7.65484e-09
4.81934e-10
7.8815e-09
7.18113e-10
8.15833e-09
9.90665e-10
8.50614e-09
1.3081e-09
8.95676e-09
1.68124e-09
9.56304e-09
2.12065e-09
1.04204e-08
2.6298e-09
1.17076e-08
3.18764e-09
1.37295e-08
3.70123e-09
1.67061e-08
3.86681e-09
2.73376e-09
6.20444e-08
6.20115e-07
5.67792e-08
1.64721e-07
4.10274e-08
7.81296e-08
1.66903e-08
4.83811e-08
3.81329e-09
8.49598e-09
5.69841e-09
-2.1933e-09
5.94521e-09
-1.41503e-09
6.04283e-09
-1.20609e-09
6.13565e-09
-1.08421e-09
6.25893e-09
-1.02205e-09
6.41063e-09
-9.77661e-10
6.57993e-09
-9.17923e-10
6.75145e-09
-8.21054e-10
6.90919e-09
-6.76568e-10
7.04692e-09
-4.93082e-10
7.1768e-09
-3.27868e-10
7.31826e-09
-2.00073e-10
7.48214e-09
-6.64483e-11
7.67226e-09
8.84718e-11
7.8941e-09
2.65439e-10
8.15823e-09
4.61982e-10
8.48076e-09
6.78862e-10
8.88344e-09
9.19393e-10
9.395e-09
1.18836e-09
1.00541e-08
1.48739e-09
1.09129e-08
1.80493e-09
1.20332e-08
2.09699e-09
1.34399e-08
2.25106e-09
1.49312e-08
2.02947e-09
1.03525e-09
7.69541e-08
5.20035e-07
7.70422e-08
1.61826e-07
6.60518e-08
9.18958e-08
3.87936e-08
7.84813e-08
1.12602e-08
4.18681e-08
5.58251e-09
-2.5268e-10
6.63529e-09
-8.57994e-10
6.25809e-09
-1.15603e-09
6.23041e-09
-1.11112e-09
6.32163e-09
-1.1298e-09
6.48141e-09
-1.15033e-09
6.68119e-09
-1.1323e-09
6.89025e-09
-1.04924e-09
7.07138e-09
-8.79123e-10
7.20462e-09
-6.04133e-10
7.31906e-09
-4.07079e-10
7.4597e-09
-3.4523e-10
7.63852e-09
-2.53711e-10
7.84872e-09
-1.24523e-10
8.09106e-09
2.58938e-11
8.37658e-09
1.83478e-10
8.72303e-09
3.43436e-10
9.15185e-09
5.0481e-10
9.68572e-09
6.70833e-10
1.03454e-08
8.42081e-10
1.1144e-08
1.01291e-09
1.20724e-08
1.15233e-09
1.30656e-08
1.1835e-09
1.39295e-08
9.6793e-10
4.13302e-10
9.60932e-08
4.01112e-07
1.05722e-07
1.50231e-07
1.03315e-07
1.01579e-07
7.129e-08
9.97187e-08
2.13374e-08
1.01014e-07
4.71904e-09
3.54622e-09
6.21795e-09
-3.4941e-10
6.13203e-09
-1.56505e-09
6.20626e-09
-1.09855e-09
6.31579e-09
-1.28936e-09
6.5122e-09
-1.43987e-09
6.77315e-09
-1.50392e-09
7.05697e-09
-1.4552e-09
7.28147e-09
-1.25221e-09
7.3811e-09
-5.86587e-10
7.43511e-09
-3.23401e-10
7.56293e-09
-3.3611e-10
7.76353e-09
-2.91831e-10
7.99302e-09
-2.0402e-10
8.24482e-09
-1.0037e-10
8.53399e-09
-1.75034e-12
8.88296e-09
8.69138e-11
9.31522e-09
1.64135e-10
9.8506e-09
2.32895e-10
1.04979e-08
2.98998e-10
1.12451e-08
3.65624e-10
1.2047e-08
4.22306e-10
1.28204e-08
4.35448e-10
1.34273e-08
3.31144e-10
1.22958e-10
1.57936e-07
2.31174e-07
1.8359e-07
1.23047e-07
1.81095e-07
1.1439e-07
1.82115e-07
1.18345e-07
9.96348e-08
1.62591e-07
6.63822e-09
8.36548e-08
5.1407e-09
4.39184e-08
5.942e-09
-1.02235e-09
6.14681e-09
-7.49891e-10
6.22307e-09
-9.83818e-10
6.47844e-09
-1.14793e-09
6.84223e-09
-1.22935e-09
7.28299e-09
-1.22296e-09
7.6162e-09
-1.11728e-09
7.59014e-09
-1.18996e-09
7.36468e-09
-1.36168e-08
7.30223e-09
-1.41026e-08
7.38061e-09
-1.15209e-08
7.33052e-09
-9.66847e-09
7.20987e-09
-9.48767e-09
7.02089e-09
-1.09272e-08
6.93318e-09
-1.36164e-08
6.97243e-09
-1.67314e-08
7.3244e-09
-1.96967e-08
8.09839e-09
-2.26128e-08
8.93315e-09
-2.55649e-08
9.8906e-09
-2.86843e-08
1.10327e-08
-2.92476e-08
1.23397e-08
-2.37956e-08
-9.44209e-09
2.40835e-07
-1.05856e-08
3.46492e-07
2.7283e-08
3.87343e-07
7.10658e-08
4.19949e-07
1.02063e-07
4.00501e-07
1.57941e-07
3.66858e-07
1.51185e-07
1.97822e-07
1.34348e-07
4.47436e-09
1.12673e-07
4.81358e-09
-3.82791e-09
4.09648e-09
-1.61902e-08
4.17163e-09
-2.19668e-08
4.49699e-09
-2.58959e-08
5.40209e-09
-3.01824e-08
1.19779e-08
-4.24807e-08
1.47294e-07
-1.2572e-07
3.49454e-07
-1.54033e-07
4.77231e-07
-1.19639e-07
5.73788e-07
-8.75503e-08
6.51484e-07
-6.9526e-08
7.25591e-07
-6.65819e-08
8.08225e-07
-7.60655e-08
9.06416e-07
-9.41069e-08
1.02099e-06
-1.14362e-07
1.14959e-06
-1.31075e-07
1.28823e-06
-1.42462e-07
1.43867e-06
-1.52407e-07
1.59824e-06
-1.67547e-07
1.76146e-06
-1.76141e-07
1.87912e-06
-1.45276e-07
-5.34329e-08
1.72367e-07
-1.99881e-07
3.18994e-07
-1.08938e-07
4.27408e-07
-3.41355e-08
5.27596e-07
2.11192e-08
6.06001e-07
7.24149e-08
6.65416e-07
9.69821e-08
6.82763e-07
1.30362e-07
6.95461e-07
1.38146e-07
7.73567e-07
-4.96071e-08
8.63744e-07
-1.02813e-07
9.80375e-07
-1.29575e-07
1.11631e-06
-1.46827e-07
1.26811e-06
-1.63515e-07
1.44255e-06
-1.98987e-07
1.6105e-06
-3.06833e-07
1.73752e-06
-3.12108e-07
1.83306e-06
-2.37683e-07
1.90754e-06
-1.70415e-07
1.97011e-06
-1.33274e-07
2.03359e-06
-1.28373e-07
2.11161e-06
-1.50637e-07
2.21575e-06
-1.94477e-07
2.34881e-06
-2.45692e-07
2.50519e-06
-2.87711e-07
2.66022e-06
-2.97983e-07
2.81268e-06
-2.91783e-07
2.97129e-06
-3.15864e-07
3.17252e-06
-3.71329e-07
3.32128e-06
-3.28632e-07
-1.03782e-07
1.81503e-07
-3.81497e-07
3.39592e-07
-2.54855e-07
4.79844e-07
-1.64305e-07
6.12403e-07
-1.02489e-07
7.46695e-07
-5.66166e-08
8.77927e-07
-3.00785e-08
1.04518e-06
-2.47686e-08
1.23311e-06
-7.73391e-08
1.41275e-06
-2.03528e-07
1.60618e-06
-2.86143e-07
1.80831e-06
-3.23331e-07
2.00384e-06
-3.37589e-07
2.20031e-06
-3.48735e-07
2.36842e-06
-3.75703e-07
2.45925e-06
-3.94288e-07
2.49803e-06
-3.45987e-07
2.5101e-06
-2.4824e-07
2.50966e-06
-1.68826e-07
2.50686e-06
-1.28794e-07
2.50594e-06
-1.25816e-07
2.51494e-06
-1.54679e-07
2.54261e-06
-2.1623e-07
2.59971e-06
-2.96263e-07
2.6847e-06
-3.77876e-07
2.74524e-06
-3.71789e-07
2.75492e-06
-2.87261e-07
2.76432e-06
-2.96692e-07
2.85646e-06
-4.49289e-07
2.93108e-06
-4.98291e-07
-9.88498e-08
2.9849e-07
-6.38126e-07
5.34171e-07
-4.68816e-07
7.1712e-07
-3.38288e-07
8.82114e-07
-2.6197e-07
1.05481e-06
-2.2051e-07
1.24826e-06
-2.1554e-07
1.48247e-06
-2.47458e-07
1.73048e-06
-3.2515e-07
1.95047e-06
-4.14802e-07
2.14502e-06
-4.75676e-07
2.30285e-06
-4.78602e-07
2.41405e-06
-4.48164e-07
2.48138e-06
-4.12055e-07
2.5227e-06
-4.17194e-07
2.53798e-06
-4.13898e-07
2.5126e-06
-3.26709e-07
2.45779e-06
-1.85487e-07
2.40282e-06
-1.09856e-07
2.3535e-06
-8.00363e-08
2.30288e-06
-7.89292e-08
2.24998e-06
-1.0173e-07
2.18875e-06
-1.55636e-07
2.14194e-06
-2.39239e-07
2.12458e-06
-3.7251e-07
2.09029e-06
-4.01092e-07
1.97208e-06
-1.56134e-07
1.88017e-06
-1.51065e-07
1.77302e-06
-3.17572e-07
1.68031e-06
-2.93308e-07
-4.45675e-08
9.19053e-07
-6.76709e-07
9.45481e-07
-5.32996e-07
1.00904e-06
-4.16878e-07
1.1033e-06
-3.61017e-07
1.23043e-06
-3.48404e-07
1.38971e-06
-3.74173e-07
1.57618e-06
-4.34291e-07
1.76113e-06
-5.12936e-07
1.91611e-06
-5.68546e-07
2.01754e-06
-5.7856e-07
2.06369e-06
-5.23865e-07
2.04328e-06
-4.33841e-07
1.96818e-06
-3.1955e-07
1.90351e-06
-3.36197e-07
1.85747e-06
-3.73991e-07
1.80117e-06
-3.02473e-07
1.73099e-06
-8.79618e-08
1.67152e-06
-4.32859e-08
1.6209e-06
-3.0253e-08
1.56706e-06
-3.00436e-08
1.50639e-06
-4.02278e-08
1.4083e-06
-6.6046e-08
1.31926e-06
-1.16428e-07
1.19902e-06
-2.3598e-07
1.09133e-06
-2.0856e-07
9.7948e-07
-3.55119e-08
8.94554e-07
-3.36274e-08
4.61732e-07
-9.5494e-08
1.11348e-08
-5.98363e-09
-1.42278e-08
7.96009e-07
-5.44546e-07
7.71499e-07
-4.94983e-07
8.12105e-07
-4.48461e-07
9.06828e-07
-4.45674e-07
1.03387e-06
-4.68621e-07
1.18409e-06
-5.13587e-07
1.35053e-06
-5.94876e-07
1.49738e-06
-6.51758e-07
1.59193e-06
-6.60956e-07
1.59909e-06
-5.85836e-07
1.5551e-06
-4.72929e-07
1.45896e-06
-3.7579e-07
1.32765e-06
-1.53471e-07
1.2027e-06
-1.80858e-07
1.06101e-06
-2.12281e-07
9.79501e-07
-1.50643e-07
9.44287e-07
-1.91393e-08
9.06485e-07
-8.44423e-09
8.78814e-07
-6.16065e-09
8.52175e-07
-6.21885e-09
8.17118e-07
-8.26878e-09
7.4402e-07
-1.32837e-08
6.6234e-07
-2.60625e-08
3.20847e-07
-6.55694e-08
1.19649e-08
-1.52248e-09
1.18918e-08
-4.47121e-09
7.9284e-09
-6.0052e-09
5.76657e-09
-7.34608e-09
4.70183e-09
-8.24209e-09
-1.45528e-08
8.79202e-07
-5.03849e-07
8.88777e-07
-5.09349e-07
9.24126e-07
-4.88808e-07
9.99381e-07
-5.27405e-07
1.0763e-06
-5.54951e-07
1.18125e-06
-6.16808e-07
1.28569e-06
-7.08604e-07
1.33156e-06
-6.99949e-07
1.28889e-06
-6.43592e-07
1.15605e-06
-4.83769e-07
9.81902e-07
-2.68241e-07
8.25682e-07
-1.74208e-07
7.47859e-07
-3.11707e-08
5.6397e-07
-4.30001e-08
2.02747e-07
-3.95351e-08
9.85595e-09
1.18635e-10
9.61132e-09
-1.06613e-09
8.43263e-09
-1.22466e-09
8.16293e-09
-1.32915e-09
7.92828e-09
-1.45123e-09
7.64984e-09
-1.60725e-09
7.17354e-09
-1.78287e-09
6.79241e-09
-1.94232e-09
7.65168e-09
-1.78222e-09
8.96795e-09
-1.78483e-09
8.55772e-09
-5.11341e-09
6.6875e-09
-6.85456e-09
4.81511e-09
-8.24774e-09
2.90972e-09
-8.37238e-09
-1.02142e-08
8.77702e-07
-4.62943e-07
8.46643e-07
-4.7839e-07
8.47521e-07
-4.78244e-07
8.75371e-07
-5.56633e-07
9.03067e-07
-5.73951e-07
9.88117e-07
-6.88568e-07
1.01383e-06
-7.3936e-07
9.47803e-07
-6.22745e-07
7.72664e-07
-4.84395e-07
5.54543e-07
-2.00394e-07
2.413e-07
-5.58461e-08
8.26061e-09
2.53598e-10
7.58184e-09
-4.41109e-10
6.92878e-09
9.55215e-11
8.61467e-09
9.03007e-10
9.622e-09
8.00108e-10
9.18031e-09
-8.9788e-10
8.51127e-09
-1.28244e-09
8.0798e-09
-1.5108e-09
7.74387e-09
-1.71013e-09
7.42836e-09
-1.92134e-09
7.10373e-09
-2.14451e-09
6.903e-09
-2.35636e-09
7.06252e-09
-2.40918e-09
7.22781e-09
-2.80108e-09
6.69595e-09
-4.24141e-09
5.44877e-09
-5.48535e-09
3.89665e-09
-6.45908e-09
2.12195e-09
-7.02807e-09
-7.71725e-09
8.71515e-07
-4.17498e-07
8.29496e-07
-4.36868e-07
8.27729e-07
-4.6699e-07
8.17331e-07
-5.5598e-07
8.31729e-07
-5.74922e-07
8.7912e-07
-7.42367e-07
7.76501e-07
-6.61424e-07
5.73416e-07
-4.45612e-07
2.35669e-07
-1.90661e-07
6.40915e-09
2.74875e-10
7.9667e-09
3.57128e-10
7.92025e-09
9.32006e-10
7.70862e-09
-1.32472e-10
7.65241e-09
1.75159e-10
8.21474e-09
6.73e-10
8.61884e-09
2.51092e-10
8.51362e-09
-4.64131e-10
8.18518e-09
-8.89643e-10
7.84862e-09
-1.17229e-09
7.52856e-09
-1.39827e-09
7.2152e-09
-1.60981e-09
6.90997e-09
-1.82389e-09
6.65331e-09
-2.04762e-09
6.46759e-09
-2.29832e-09
6.18483e-09
-2.7566e-09
5.5495e-09
-3.56579e-09
4.51498e-09
-4.38637e-09
3.20078e-09
-5.07518e-09
1.68141e-09
-5.5636e-09
-5.90954e-09
8.55675e-07
-3.58886e-07
7.9888e-07
-3.78326e-07
7.64592e-07
-4.28318e-07
7.04895e-07
-4.99373e-07
7.03328e-07
-5.50982e-07
6.61295e-07
-7.12009e-07
4.55483e-07
-4.6806e-07
1.73227e-07
-1.62513e-07
5.52467e-09
2.02121e-11
7.51076e-09
8.15204e-10
7.5689e-09
4.17883e-10
7.6914e-09
4.4424e-10
7.69932e-09
1.66577e-10
7.75747e-09
1.78598e-10
7.97309e-09
2.41644e-10
8.12501e-09
2.68956e-11
8.07017e-09
-3.34981e-10
7.86719e-09
-6.4556e-10
7.60092e-09
-8.92596e-10
7.30654e-09
-1.10132e-09
6.9939e-09
-1.29577e-09
6.66761e-09
-1.49361e-09
6.3327e-09
-1.7119e-09
5.96968e-09
-1.97987e-09
5.49443e-09
-2.3612e-09
4.80222e-09
-2.87882e-09
3.86089e-09
-3.41917e-09
2.71009e-09
-3.89169e-09
1.40291e-09
-4.24162e-09
-4.44778e-09
8.38216e-07
-2.84398e-07
7.66692e-07
-3.04628e-07
6.95533e-07
-3.57852e-07
6.12557e-07
-4.12946e-07
5.77946e-07
-5.04438e-07
4.3993e-07
-5.90024e-07
1.49077e-07
-2.16956e-07
4.6488e-09
-9.1427e-10
6.85731e-09
2.77921e-10
7.23936e-09
3.3624e-10
7.45974e-09
3.16085e-10
7.57713e-09
2.79823e-10
7.63979e-09
1.75955e-10
7.70512e-09
1.31024e-10
7.79513e-09
8.80795e-11
7.83796e-09
-5.01791e-11
7.77486e-09
-2.57144e-10
7.61248e-09
-4.65027e-10
7.38135e-09
-6.51214e-10
7.10275e-09
-8.18651e-10
6.78624e-09
-9.78345e-10
6.43385e-09
-1.14286e-09
6.0402e-09
-1.3265e-09
5.58397e-09
-1.54806e-09
5.02096e-09
-1.82952e-09
4.30407e-09
-2.16913e-09
3.41626e-09
-2.51982e-09
2.37576e-09
-2.8308e-09
1.22014e-09
-3.06342e-09
-3.1922e-09
8.24139e-07
-1.96828e-07
7.35522e-07
-2.15244e-07
6.31654e-07
-2.56928e-07
5.26728e-07
-3.01896e-07
4.23098e-07
-3.97778e-07
1.95276e-07
-3.77339e-07
1.82956e-08
-3.67311e-08
6.52437e-09
8.71138e-10
7.87112e-09
3.79674e-10
7.45856e-09
2.88795e-10
7.45359e-09
2.30393e-10
7.51757e-09
1.83014e-10
7.57758e-09
1.26404e-10
7.62812e-09
8.14943e-11
7.66437e-09
2.98195e-11
7.65681e-09
-5.85588e-11
7.57886e-09
-1.78387e-10
7.42651e-09
-3.06189e-10
7.20925e-09
-4.28586e-10
6.93688e-09
-5.43729e-10
6.61445e-09
-6.56104e-10
6.24133e-09
-7.7298e-10
5.81025e-09
-9.03168e-10
5.30503e-09
-1.05635e-09
4.70137e-09
-1.23971e-09
3.97681e-09
-1.44835e-09
3.12431e-09
-1.66021e-09
2.15657e-09
-1.84826e-09
1.10192e-09
-1.98908e-09
-2.06539e-09
8.14651e-07
-1.00283e-07
7.10273e-07
-1.12233e-07
5.83468e-07
-1.3356e-07
4.51322e-07
-1.65312e-07
2.64365e-07
-2.14225e-07
6.74865e-08
-1.65544e-07
3.97809e-09
-5.65096e-10
6.52905e-09
1.06664e-09
7.08659e-09
4.13018e-10
7.2733e-09
2.08876e-10
7.3785e-09
1.33681e-10
7.46202e-09
9.54581e-11
7.52485e-09
6.51489e-11
7.5654e-09
3.87309e-11
7.57742e-09
8.26577e-12
7.54608e-09
-3.54866e-11
7.45726e-09
-9.16568e-11
7.30546e-09
-1.52766e-10
7.09226e-09
-2.13228e-10
6.82107e-09
-2.71579e-10
6.49333e-09
-3.29369e-10
6.10677e-09
-3.89798e-10
5.65442e-09
-4.56853e-10
5.12452e-09
-5.34457e-10
4.50265e-09
-6.24628e-10
3.7775e-09
-7.24342e-10
2.94758e-09
-8.24383e-10
2.02429e-09
-9.12974e-10
1.03096e-09
-9.79237e-10
-1.01488e-09
8.11559e-07
6.94684e-07
5.60348e-07
3.92023e-07
1.79281e-07
3.53477e-08
4.57923e-09
6.7336e-09
6.91031e-09
7.16956e-09
7.32507e-09
7.42717e-09
7.49441e-09
7.53121e-09
7.53382e-09
7.49285e-09
7.39863e-09
7.24579e-09
7.03328e-09
6.7618e-09
6.43104e-09
6.03798e-09
5.57612e-09
5.03595e-09
4.40719e-09
3.68297e-09
2.8642e-09
1.96205e-09
9.97664e-10
)
;

boundaryField
{
    inlet1
    {
        type            calculated;
        value           nonuniform List<scalar> 10(-1e-07 -1e-07 -1e-07 -1e-07 -1e-07 -1e-07 -1e-07 -1e-07 -1e-07 -1e-07);
    }
    inlet2
    {
        type            calculated;
        value           uniform 0;
    }
    inlet3
    {
        type            calculated;
        value           nonuniform List<scalar> 10(-9.13394e-07 -9.13394e-07 -9.13394e-07 -9.13394e-07 -9.13394e-07 -9.13394e-07 -9.13394e-07 -9.13394e-07 -9.13394e-07 -9.13394e-07);
    }
    output1
    {
        type            calculated;
        value           uniform 0;
    }
    output2
    {
        type            calculated;
        value           nonuniform List<scalar> 10(3.2281e-08 2.03833e-08 1.62536e-08 1.45406e-08 1.38143e-08 1.31747e-08 1.93741e-06 3.4004e-06 2.98355e-06 1.70212e-06);
    }
    output3
    {
        type            calculated;
        value           uniform -0;
    }
    up
    {
        type            calculated;
        value           uniform 0;
    }
    down
    {
        type            calculated;
        value           uniform 0;
    }
    emptyWalls
    {
        type            empty;
        value           nonuniform List<scalar> 0();
    }
}


// ************************************************************************* //
