/*--------------------------------*- C++ -*----------------------------------*\
  =========                 |
  \\      /  F ield         | OpenFOAM: The Open Source CFD Toolbox
   \\    /   O peration     | Website:  https://openfoam.org
    \\  /    A nd           | Version:  9
     \\/     M anipulation  |
\*---------------------------------------------------------------------------*/
FoamFile
{
    format      ascii;
    class       volScalarField;
    location    "4000";
    object      Sw;
}
// * * * * * * * * * * * * * * * * * * * * * * * * * * * * * * * * * * * * * //

dimensions      [0 0 0 0 0 0 0];

internalField   nonuniform List<scalar> 
900
(
0.664423
0.558748
0.54529
0.290368
0.150007
0.15
0.15
0.15
0.15
0.15
0.15
0.15
0.15
0.15
0.15
0.15
0.15
0.15
0.15
0.15
0.15
0.15
0.15
0.15
0.15
0.15
0.15
0.15
0.15
0.15
0.712329
0.567787
0.543064
0.247949
0.150001
0.15
0.15
0.15
0.15
0.15
0.15
0.15
0.15
0.15
0.15
0.15
0.15
0.15
0.15
0.15
0.15
0.15
0.15
0.15
0.15
0.15
0.15
0.15
0.15
0.15
0.668252
0.556532
0.538512
0.224845
0.15
0.15
0.15
0.15
0.15
0.15
0.15
0.15
0.15
0.15
0.15
0.15
0.15
0.15
0.15
0.15
0.15
0.15
0.15
0.15
0.15
0.15
0.15
0.15
0.15
0.15
0.689559
0.55257
0.539442
0.189183
0.15
0.15
0.15
0.15
0.15
0.15
0.15
0.15
0.15
0.15
0.15
0.15
0.15
0.15
0.15
0.15
0.15
0.15
0.15
0.15
0.15
0.15
0.15
0.15
0.15
0.15
0.666641
0.541408
0.4811
0.156534
0.15
0.15
0.15
0.15
0.15
0.15
0.15
0.15
0.15
0.15
0.15
0.15
0.15
0.15
0.15
0.15
0.15
0.15
0.15
0.15
0.15
0.15
0.15
0.15
0.15
0.15
0.682354
0.540433
0.374648
0.150358
0.15
0.15
0.15
0.15
0.15
0.15
0.15
0.15
0.15
0.15
0.15
0.15
0.15
0.15
0.15
0.15
0.15
0.15
0.15
0.15
0.15
0.15
0.15
0.15
0.15
0.15
0.665517
0.542544
0.322872
0.150039
0.15
0.15
0.15
0.15
0.15
0.15
0.15
0.15
0.15
0.15
0.15
0.15
0.15
0.15
0.15
0.15
0.15
0.15
0.15
0.15
0.15
0.15
0.15
0.15
0.15
0.15
0.679656
0.548224
0.274277
0.150003
0.15
0.15
0.15
0.15
0.15
0.15
0.15
0.15
0.15
0.15
0.15
0.15
0.15
0.15
0.15
0.15
0.15
0.15
0.15
0.15
0.15
0.15
0.15
0.15
0.15
0.15
0.667594
0.549401
0.204183
0.15
0.15
0.15
0.15
0.15
0.15
0.15
0.15
0.15
0.15
0.15
0.15
0.15
0.15
0.15
0.15
0.15
0.15
0.15
0.15
0.15
0.15
0.15
0.15
0.15
0.15
0.15
0.682462
0.548268
0.165446
0.15
0.15
0.15
0.15
0.15
0.15
0.15
0.15
0.15
0.15
0.15
0.15
0.15
0.15
0.15
0.15
0.15
0.15
0.15
0.15
0.15
0.15
0.15
0.15
0.15
0.15
0.15
0.67326
0.555895
0.199255
0.15
0.15
0.15
0.15
0.15
0.15
0.15
0.15
0.15
0.15
0.15
0.15
0.15
0.15
0.15
0.15
0.15
0.15
0.15
0.15
0.15
0.15
0.15
0.15
0.15
0.15
0.15
0.669862
0.564129
0.498941
0.233064
0.150003
0.15
0.15
0.15
0.15
0.15
0.15
0.15
0.15
0.15
0.15
0.15
0.15
0.15
0.15
0.15
0.15
0.15
0.15
0.15
0.15
0.15
0.15
0.15
0.15
0.15
0.660051
0.568553
0.517911
0.482023
0.29178
0.150006
0.15
0.15
0.15
0.15
0.15
0.15
0.15
0.15
0.15
0.15
0.15
0.15
0.15
0.15
0.15
0.15
0.15
0.15
0.15
0.15
0.15
0.15
0.15
0.15
0.659879
0.5751
0.530747
0.504874
0.438834
0.152042
0.15
0.15
0.15
0.15
0.15
0.15
0.15
0.15
0.15
0.15
0.15
0.15
0.15
0.15
0.15
0.15
0.15
0.15
0.15
0.15
0.15
0.15
0.15
0.15
0.652484
0.578509
0.539537
0.525479
0.492645
0.178039
0.15
0.15
0.15
0.15
0.15
0.15
0.15
0.15
0.15
0.15
0.15
0.15
0.15
0.15
0.15
0.15
0.15
0.15
0.15
0.15
0.15
0.15
0.15
0.15
0.668429
0.595587
0.55994
0.537332
0.527758
0.363087
0.150019
0.15
0.15
0.15
0.15
0.15
0.15
0.150001
0.150002
0.150704
0.156142
0.161672
0.1672
0.179481
0.188334
0.205819
0.210591
0.224036
0.213498
0.20661
0.199812
0.190079
0.175882
0.158631
0.667745
0.615606
0.593608
0.568598
0.560842
0.531022
0.535721
0.24879
0.196573
0.223179
0.242121
0.257512
0.273839
0.290419
0.347014
0.461752
0.482737
0.492172
0.497643
0.501698
0.505473
0.509402
0.513401
0.517067
0.520125
0.52242
0.524643
0.526768
0.529107
0.529168
0.60557
0.590072
0.583461
0.571947
0.570099
0.558942
0.551035
0.528882
0.526565
0.529793
0.533037
0.535775
0.538129
0.540731
0.54617
0.551763
0.555456
0.557371
0.558405
0.559101
0.559674
0.56027
0.560965
0.561632
0.562036
0.561296
0.560427
0.559364
0.560116
0.558336
0.583661
0.579051
0.576892
0.575266
0.573512
0.570576
0.565464
0.56511
0.564533
0.566736
0.568853
0.570671
0.571327
0.573135
0.573547
0.573395
0.573207
0.573004
0.572782
0.572476
0.571734
0.570603
0.568887
0.56724
0.56556
0.562498
0.558404
0.553921
0.551254
0.547249
0.583899
0.589558
0.592448
0.593502
0.591619
0.590308
0.588385
0.589231
0.588236
0.587397
0.585984
0.584223
0.581421
0.578523
0.575686
0.573222
0.570905
0.569703
0.569129
0.568606
0.567363
0.565266
0.560994
0.556025
0.550715
0.546216
0.539926
0.534499
0.517214
0.5121
0.606949
0.6144
0.611334
0.60707
0.602384
0.599454
0.596616
0.594819
0.591107
0.586977
0.58122
0.576475
0.569876
0.563583
0.557239
0.552187
0.548663
0.547747
0.547584
0.54736
0.546321
0.544725
0.538872
0.531548
0.513058
0.509256
0.504868
0.512987
0.250575
0.15
0.595183
0.592953
0.592216
0.592379
0.592459
0.591901
0.591006
0.588924
0.583774
0.576142
0.565185
0.55738
0.548784
0.542476
0.529377
0.514509
0.512261
0.513339
0.51434
0.514528
0.514612
0.513919
0.511559
0.510624
0.187337
0.15
0.15
0.15
0.15
0.15
0.597509
0.59932
0.598877
0.600327
0.599801
0.59667
0.59521
0.588293
0.577849
0.561669
0.542773
0.522566
0.515043
0.519892
0.48503
0.185971
0.165775
0.155962
0.152101
0.150438
0.150018
0.15
0.15
0.15
0.15
0.15
0.15
0.15
0.15
0.15
0.598136
0.598531
0.594406
0.597262
0.593169
0.591669
0.590333
0.576208
0.558306
0.525936
0.505557
0.169533
0.15
0.15
0.15
0.15
0.15
0.15
0.15
0.15
0.15
0.15
0.15
0.15
0.15
0.15
0.15
0.15
0.15
0.15
0.598898
0.59912
0.596063
0.60043
0.592557
0.59604
0.58694
0.562442
0.532495
0.298367
0.150001
0.15
0.15
0.15
0.15
0.15
0.15
0.15
0.15
0.15
0.15
0.15
0.15
0.15
0.15
0.15
0.15
0.15
0.15
0.15
0.599824
0.599193
0.598396
0.599487
0.590701
0.595906
0.569014
0.52919
0.238987
0.15
0.15
0.15
0.15
0.15
0.15
0.15
0.15
0.15
0.15
0.15
0.15
0.15
0.15
0.15
0.15
0.15
0.15
0.15
0.15
0.15
0.600355
0.599759
0.600895
0.598916
0.594674
0.594617
0.543074
0.267905
0.15
0.15
0.15
0.15
0.15
0.15
0.15
0.15
0.15
0.15
0.15
0.15
0.15
0.15
0.15
0.15
0.15
0.15
0.15
0.15
0.15
0.15
0.600738
0.600734
0.602733
0.599437
0.600001
0.586857
0.465687
0.150664
0.15
0.15
0.15
0.15
0.15
0.15
0.15
0.15
0.15
0.15
0.15
0.15
0.15
0.15
0.15
0.15
0.15
0.15
0.15
0.15
0.15
0.15
0.600961
0.601825
0.603789
0.601221
0.604234
0.57021
0.266624
0.15
0.15
0.15
0.15
0.15
0.15
0.15
0.15
0.15
0.15
0.15
0.15
0.15
0.15
0.15
0.15
0.15
0.15
0.15
0.15
0.15
0.15
0.15
0.600763
0.603183
0.603443
0.605342
0.59639
0.56193
0.231732
0.15
0.15
0.15
0.15
0.15
0.15
0.15
0.15
0.15
0.15
0.15
0.15
0.15
0.15
0.15
0.15
0.15
0.15
0.15
0.15
0.15
0.15
0.15
)
;

boundaryField
{
    inlet1
    {
        type            fixedValue;
        value           uniform 0.85;
    }
    inlet2
    {
        type            zeroGradient;
    }
    inlet3
    {
        type            fixedValue;
        value           uniform 0.6;
    }
    output1
    {
        type            zeroGradient;
    }
    output2
    {
        type            zeroGradient;
    }
    output3
    {
        type            zeroGradient;
    }
    up
    {
        type            zeroGradient;
    }
    down
    {
        type            zeroGradient;
    }
    emptyWalls
    {
        type            empty;
    }
}


// ************************************************************************* //
