/*--------------------------------*- C++ -*----------------------------------*\
  =========                 |
  \\      /  F ield         | OpenFOAM: The Open Source CFD Toolbox
   \\    /   O peration     | Website:  https://openfoam.org
    \\  /    A nd           | Version:  9
     \\/     M anipulation  |
\*---------------------------------------------------------------------------*/
FoamFile
{
    format      ascii;
    class       volVectorField;
    location    "4000";
    object      ut;
}
// * * * * * * * * * * * * * * * * * * * * * * * * * * * * * * * * * * * * * //

dimensions      [0 1 -1 0 0 0 0];

internalField   nonuniform List<vector> 
900
(
(2.32491e-06 2.68844e-06 -0)
(1.05542e-06 4.07921e-07 -0)
(1.18304e-06 3.29127e-07 -0)
(2.6371e-07 1.28474e-09 -0)
(6.69098e-07 3.87315e-09 -0)
(6.12921e-07 2.21401e-09 -0)
(6.08891e-07 1.81106e-09 -0)
(6.05594e-07 1.48586e-09 -0)
(6.02954e-07 1.15385e-09 -0)
(6.00894e-07 9.0538e-10 -0)
(5.99176e-07 8.12138e-10 -0)
(5.97453e-07 9.09403e-10 -0)
(5.95333e-07 1.21025e-09 -0)
(5.92403e-07 1.7192e-09 -0)
(5.88242e-07 2.44056e-09 -0)
(5.82418e-07 3.38263e-09 -0)
(5.74475e-07 4.55941e-09 -0)
(5.63924e-07 5.99073e-09 -0)
(5.5023e-07 7.7012e-09 -0)
(5.3281e-07 9.71771e-09 -0)
(5.11025e-07 1.20652e-08 -0)
(4.84199e-07 1.47601e-08 -0)
(4.51639e-07 1.77998e-08 -0)
(4.12689e-07 2.11497e-08 -0)
(3.66812e-07 2.47267e-08 -0)
(3.13702e-07 2.83827e-08 -0)
(2.53424e-07 3.18941e-08 -0)
(1.86561e-07 3.4968e-08 -0)
(1.14316e-07 3.72752e-08 -0)
(3.852e-08 3.85181e-08 -0)
(3.41025e-06 1.49227e-05 -0)
(1.12301e-06 1.68485e-06 -0)
(1.15206e-06 1.0573e-06 -0)
(2.43826e-07 4.11807e-09 -0)
(6.69553e-07 4.46631e-09 -0)
(6.10859e-07 5.3897e-09 -0)
(6.08163e-07 5.35519e-09 -0)
(6.04937e-07 4.4641e-09 -0)
(6.02373e-07 3.37775e-09 -0)
(6.00552e-07 2.56061e-09 -0)
(5.9918e-07 2.24569e-09 -0)
(5.97851e-07 2.52443e-09 -0)
(5.96143e-07 3.42238e-09 -0)
(5.93633e-07 4.94482e-09 -0)
(5.89906e-07 7.10047e-09 -0)
(5.84537e-07 9.91257e-09 -0)
(5.77083e-07 1.3423e-08 -0)
(5.67065e-07 1.76924e-08 -0)
(5.53957e-07 2.2797e-08 -0)
(5.37174e-07 2.88219e-08 -0)
(5.16068e-07 3.58485e-08 -0)
(4.89933e-07 4.39355e-08 -0)
(4.58028e-07 5.3089e-08 -0)
(4.19616e-07 6.32216e-08 -0)
(3.74045e-07 7.41006e-08 -0)
(3.2087e-07 8.5292e-08 -0)
(2.60009e-07 9.61193e-08 -0)
(1.91942e-07 1.05669e-07 -0)
(1.17866e-07 1.12888e-07 -0)
(3.9763e-08 1.16799e-07 -0)
(2.23014e-06 1.52616e-05 -0)
(9.32871e-07 2.58744e-06 -0)
(1.08301e-06 1.62712e-06 -0)
(2.61569e-07 7.4273e-09 -0)
(6.6831e-07 2.06015e-09 -0)
(6.1381e-07 9.52774e-09 -0)
(6.07966e-07 9.75579e-09 -0)
(6.03617e-07 7.63753e-09 -0)
(6.0105e-07 5.33247e-09 -0)
(5.99762e-07 3.71365e-09 -0)
(5.99139e-07 3.08564e-09 -0)
(5.9863e-07 3.52021e-09 -0)
(5.97753e-07 5.00986e-09 -0)
(5.96081e-07 7.53697e-09 -0)
(5.9321e-07 1.11036e-08 -0)
(5.88741e-07 1.57438e-08 -0)
(5.82255e-07 2.15272e-08 -0)
(5.73298e-07 2.85585e-08 -0)
(5.6136e-07 3.69726e-08 -0)
(5.45861e-07 4.69246e-08 -0)
(5.26139e-07 5.85721e-08 -0)
(5.01439e-07 7.20449e-08 -0)
(4.70925e-07 8.73991e-08 -0)
(4.337e-07 1.04547e-07 -0)
(3.88883e-07 1.23162e-07 -0)
(3.35721e-07 1.42566e-07 -0)
(2.73801e-07 1.61622e-07 -0)
(2.03329e-07 1.787e-07 -0)
(1.25446e-07 1.91807e-07 -0)
(4.24317e-08 1.98994e-07 -0)
(2.03787e-06 3.16114e-05 -0)
(4.84674e-07 3.66298e-06 -0)
(9.35831e-07 2.33103e-06 -0)
(3.02504e-07 2.1477e-08 -0)
(6.68761e-07 1.68305e-08 -0)
(6.18555e-07 2.0906e-08 -0)
(6.06273e-07 1.65031e-08 -0)
(6.00514e-07 1.09983e-08 -0)
(5.98449e-07 6.60144e-09 -0)
(5.98305e-07 3.87627e-09 -0)
(5.98986e-07 2.86337e-09 -0)
(5.99776e-07 3.46113e-09 -0)
(6.00159e-07 5.5601e-09 -0)
(5.99727e-07 9.08978e-09 -0)
(5.98112e-07 1.40335e-08 -0)
(5.94961e-07 2.04321e-08 -0)
(5.89898e-07 2.83839e-08 -0)
(5.82511e-07 3.80425e-08 -0)
(5.72323e-07 4.96112e-08 -0)
(5.58773e-07 6.3333e-08 -0)
(5.41188e-07 7.94709e-08 -0)
(5.1876e-07 9.82733e-08 -0)
(4.9053e-07 1.19916e-07 -0)
(4.55378e-07 1.44405e-07 -0)
(4.12064e-07 1.71434e-07 -0)
(3.5933e-07 2.00187e-07 -0)
(2.96144e-07 2.29103e-07 -0)
(2.22127e-07 2.55701e-07 -0)
(1.38161e-07 2.76649e-07 -0)
(4.69502e-08 2.88376e-07 -0)
(1.27301e-06 3.15555e-05 -0)
(5.25332e-09 4.26918e-06 -0)
(8.22889e-07 1.19688e-06 -0)
(3.56529e-07 1.22957e-07 -0)
(6.63704e-07 6.44258e-08 -0)
(6.13483e-07 4.07633e-08 -0)
(5.98058e-07 2.43525e-08 -0)
(5.93715e-07 1.32515e-08 -0)
(5.93928e-07 6.19893e-09 -0)
(5.96024e-07 2.32674e-09 -0)
(5.98724e-07 1.03051e-09 -0)
(6.01327e-07 1.9009e-09 -0)
(6.03382e-07 4.67975e-09 -0)
(6.04554e-07 9.22875e-09 -0)
(6.04552e-07 1.55088e-08 -0)
(6.03091e-07 2.35677e-08 -0)
(5.99865e-07 3.35348e-08 -0)
(5.94525e-07 4.56174e-08 -0)
(5.8665e-07 6.00978e-08 -0)
(5.75721e-07 7.7326e-08 -0)
(5.61079e-07 9.77052e-08 -0)
(5.41884e-07 1.21661e-07 -0)
(5.17056e-07 1.49585e-07 -0)
(4.85219e-07 1.81722e-07 -0)
(4.44665e-07 2.17984e-07 -0)
(3.9339e-07 2.57646e-07 -0)
(3.29315e-07 2.98902e-07 -0)
(2.50875e-07 3.38351e-07 -0)
(1.58122e-07 3.70713e-07 -0)
(5.41585e-08 3.89484e-07 -0)
(1.73528e-06 5.03795e-05 -0)
(-1.40925e-08 5.50798e-06 -0)
(4.62611e-07 1.45964e-07 -0)
(4.01311e-07 2.05891e-07 -0)
(5.83062e-07 1.01531e-07 -0)
(5.78482e-07 5.33688e-08 -0)
(5.78761e-07 2.68924e-08 -0)
(5.8236e-07 1.14562e-08 -0)
(5.87525e-07 2.61595e-09 -0)
(5.93137e-07 -1.79879e-09 -0)
(5.9856e-07 -2.96917e-09 -0)
(6.03425e-07 -1.56792e-09 -0)
(6.07487e-07 2.02924e-09 -0)
(6.10556e-07 7.637e-09 -0)
(6.12451e-07 1.52057e-08 -0)
(6.12987e-07 2.47962e-08 -0)
(6.11948e-07 3.65713e-08 -0)
(6.09074e-07 5.07957e-08 -0)
(6.04032e-07 6.78372e-08 -0)
(5.96381e-07 8.81681e-08 -0)
(5.85523e-07 1.12362e-07 -0)
(5.7064e-07 1.41081e-07 -0)
(5.5059e-07 1.7504e-07 -0)
(5.23778e-07 2.14912e-07 -0)
(4.87989e-07 2.61133e-07 -0)
(4.40248e-07 3.13511e-07 -0)
(3.76848e-07 3.70507e-07 -0)
(2.93938e-07 4.28089e-07 -0)
(1.89293e-07 4.78367e-07 -0)
(6.57208e-08 5.09362e-07 -0)
(2.07519e-06 4.80251e-05 -0)
(5.51267e-07 6.83268e-06 -0)
(2.2272e-07 4.7421e-08 -0)
(4.34127e-07 1.56302e-07 -0)
(5.10866e-07 8.69676e-08 -0)
(5.38845e-07 4.42887e-08 -0)
(5.56146e-07 1.83919e-08 -0)
(5.69439e-07 3.06494e-09 -0)
(5.80673e-07 -5.39292e-09 -0)
(5.90439e-07 -9.16901e-09 -0)
(5.98955e-07 -9.54083e-09 -0)
(6.06325e-07 -7.2327e-09 -0)
(6.12587e-07 -2.63162e-09 -0)
(6.17731e-07 4.08492e-09 -0)
(6.21711e-07 1.28819e-08 -0)
(6.24457e-07 2.38411e-08 -0)
(6.25865e-07 3.71596e-08 -0)
(6.25791e-07 5.31576e-08 -0)
(6.24023e-07 7.22876e-08 -0)
(6.20246e-07 9.51468e-08 -0)
(6.13992e-07 1.22493e-07 -0)
(6.04562e-07 1.55262e-07 -0)
(5.90886e-07 1.94582e-07 -0)
(5.71312e-07 2.41752e-07 -0)
(5.43265e-07 2.98124e-07 -0)
(5.02764e-07 3.64757e-07 -0)
(4.43892e-07 4.41528e-07 -0)
(3.58734e-07 5.2513e-07 -0)
(2.39395e-07 6.05301e-07 -0)
(8.51537e-08 6.60236e-07 -0)
(2.31712e-06 6.75592e-05 -0)
(5.82829e-07 8.59791e-06 -0)
(1.49611e-07 2.84677e-08 -0)
(4.48523e-07 7.64231e-08 -0)
(4.71023e-07 4.59458e-08 -0)
(5.09906e-07 1.84267e-08 -0)
(5.37538e-07 -6.78662e-10 -0)
(5.58575e-07 -1.21957e-08 -0)
(5.75291e-07 -1.80838e-08 -0)
(5.88989e-07 -1.99437e-08 -0)
(6.00497e-07 -1.87924e-08 -0)
(6.10334e-07 -1.51899e-08 -0)
(6.18805e-07 -9.40708e-09 -0)
(6.26069e-07 -1.54647e-09 -0)
(6.32208e-07 8.39718e-09 -0)
(6.37264e-07 2.0528e-08 -0)
(6.41264e-07 3.50693e-08 -0)
(6.44202e-07 5.23877e-08 -0)
(6.46021e-07 7.3009e-08 -0)
(6.46585e-07 9.76387e-08 -0)
(6.45638e-07 1.27199e-07 -0)
(6.4273e-07 1.62891e-07 -0)
(6.3708e-07 2.06275e-07 -0)
(6.27319e-07 2.5939e-07 -0)
(6.10994e-07 3.24851e-07 -0)
(5.83652e-07 4.05863e-07 -0)
(5.37222e-07 5.05719e-07 -0)
(4.57711e-07 6.25603e-07 -0)
(3.24399e-07 7.57471e-07 -0)
(1.20656e-07 8.66045e-07 -0)
(1.85489e-06 6.36277e-05 -0)
(6.07881e-07 9.87133e-06 -0)
(1.75558e-07 3.8127e-08 -0)
(4.3707e-07 2.04695e-08 -0)
(4.52868e-07 1.98485e-09 -0)
(4.9222e-07 -1.58494e-08 -0)
(5.25523e-07 -2.73375e-08 -0)
(5.52033e-07 -3.30855e-08 -0)
(5.72925e-07 -3.48028e-08 -0)
(5.8973e-07 -3.37292e-08 -0)
(6.03709e-07 -3.04943e-08 -0)
(6.1571e-07 -2.53262e-08 -0)
(6.2623e-07 -1.82588e-08 -0)
(6.35535e-07 -9.25938e-09 -0)
(6.43786e-07 1.72671e-09 -0)
(6.51129e-07 1.48053e-08 -0)
(6.57725e-07 3.02027e-08 -0)
(6.63731e-07 4.83155e-08 -0)
(6.69274e-07 6.97222e-08 -0)
(6.74436e-07 9.52002e-08 -0)
(6.79244e-07 1.25777e-07 -0)
(6.83638e-07 1.62827e-07 -0)
(6.87385e-07 2.0824e-07 -0)
(6.89888e-07 2.6468e-07 -0)
(6.89738e-07 3.36028e-07 -0)
(6.83632e-07 4.28126e-07 -0)
(6.63632e-07 5.49883e-07 -0)
(6.10486e-07 7.1409e-07 -0)
(4.79837e-07 9.32936e-07 -0)
(1.93728e-07 1.18043e-06 -0)
(2.72205e-06 8.47668e-05 -0)
(6.55342e-07 1.08196e-05 -0)
(1.85728e-07 5.99513e-08 -0)
(4.02069e-07 -1.32552e-08 -0)
(4.34704e-07 -4.26249e-08 -0)
(4.80583e-07 -5.64719e-08 -0)
(5.20301e-07 -5.97366e-08 -0)
(5.5111e-07 -5.80057e-08 -0)
(5.74647e-07 -5.43121e-08 -0)
(5.93297e-07 -4.9675e-08 -0)
(6.089e-07 -4.41281e-08 -0)
(6.2257e-07 -3.73604e-08 -0)
(6.34872e-07 -2.90406e-08 -0)
(6.46055e-07 -1.89575e-08 -0)
(6.56272e-07 -7.0353e-09 -0)
(6.6574e-07 6.76441e-09 -0)
(6.74774e-07 2.26213e-08 -0)
(6.83721e-07 4.09497e-08 -0)
(6.92906e-07 6.23649e-08 -0)
(7.0264e-07 8.76644e-08 -0)
(7.13265e-07 1.1788e-07 -0)
(7.25193e-07 1.54402e-07 -0)
(7.38933e-07 1.99178e-07 -0)
(7.55107e-07 2.5506e-07 -0)
(7.7444e-07 3.26453e-07 -0)
(7.97507e-07 4.20731e-07 -0)
(8.23186e-07 5.51595e-07 -0)
(8.40764e-07 7.47935e-07 -0)
(7.90737e-07 1.07976e-06 -0)
(3.68147e-07 1.7423e-06 -0)
(4.15482e-06 7.80549e-05 -0)
(3.43442e-06 1.31621e-05 -0)
(1.25377e-07 5.71293e-08 -0)
(3.30347e-07 -9.81829e-08 -0)
(4.09652e-07 -1.02758e-07 -0)
(4.75108e-07 -1.07676e-07 -0)
(5.23989e-07 -9.71311e-08 -0)
(5.57458e-07 -8.4888e-08 -0)
(5.81256e-07 -7.47639e-08 -0)
(5.99914e-07 -6.65293e-08 -0)
(6.16024e-07 -5.89808e-08 -0)
(6.30798e-07 -5.09448e-08 -0)
(6.44633e-07 -4.15846e-08 -0)
(6.5754e-07 -3.04938e-08 -0)
(6.69508e-07 -1.76745e-08 -0)
(6.80786e-07 -3.33338e-09 -0)
(6.9191e-07 1.25687e-08 -0)
(7.03474e-07 3.04973e-08 -0)
(7.15988e-07 5.11233e-08 -0)
(7.29952e-07 7.52121e-08 -0)
(7.45982e-07 1.03677e-07 -0)
(7.64936e-07 1.37721e-07 -0)
(7.88043e-07 1.79011e-07 -0)
(8.17163e-07 2.29927e-07 -0)
(8.55409e-07 2.93992e-07 -0)
(9.08774e-07 3.7675e-07 -0)
(9.90836e-07 4.87831e-07 -0)
(1.13865e-06 6.46301e-07 -0)
(1.4742e-06 8.95855e-07 -0)
(2.47032e-06 1.35267e-06 -0)
(5.7036e-06 7.54606e-05 -0)
(5.23326e-06 1.52167e-05 -0)
(3.39351e-06 4.91496e-06 -0)
(1.59064e-07 -3.75503e-08 -0)
(4.25206e-07 -2.12123e-07 -0)
(4.8621e-07 -1.74347e-07 -0)
(5.4309e-07 -1.36223e-07 -0)
(5.73477e-07 -1.0965e-07 -0)
(5.93006e-07 -9.33248e-08 -0)
(6.09081e-07 -8.26959e-08 -0)
(6.24484e-07 -7.43197e-08 -0)
(6.39966e-07 -6.58522e-08 -0)
(6.55323e-07 -5.58588e-08 -0)
(6.69965e-07 -4.37584e-08 -0)
(6.83433e-07 -2.98355e-08 -0)
(6.95984e-07 -1.49922e-08 -0)
(7.08605e-07 4.89429e-10 -0)
(7.22276e-07 1.73469e-08 -0)
(7.37621e-07 3.64182e-08 -0)
(7.55194e-07 5.83828e-08 -0)
(7.75774e-07 8.38953e-08 -0)
(8.00526e-07 1.13793e-07 -0)
(8.31139e-07 1.49214e-07 -0)
(8.70089e-07 1.91647e-07 -0)
(9.21262e-07 2.42842e-07 -0)
(9.91346e-07 3.04446e-07 -0)
(1.09274e-06 3.76678e-07 -0)
(1.24879e-06 4.53584e-07 -0)
(1.4971e-06 5.04697e-07 -0)
(1.84412e-06 4.00686e-07 -0)
(6.13214e-06 6.43202e-05 -0)
(6.27674e-06 1.60049e-05 -0)
(5.07909e-06 6.84249e-06 -0)
(3.12639e-06 3.52483e-06 -0)
(2.11661e-07 -7.44722e-08 -0)
(5.50996e-07 -2.77068e-07 -0)
(5.88686e-07 -1.63767e-07 -0)
(6.00356e-07 -1.24165e-07 -0)
(6.0821e-07 -1.06188e-07 -0)
(6.18919e-07 -9.66085e-08 -0)
(6.32867e-07 -8.97492e-08 -0)
(6.49259e-07 -8.22851e-08 -0)
(6.66727e-07 -7.224e-08 -0)
(6.83564e-07 -5.88458e-08 -0)
(6.98274e-07 -4.29174e-08 -0)
(7.11111e-07 -2.72898e-08 -0)
(7.24249e-07 -1.29664e-08 -0)
(7.39403e-07 1.98237e-09 -0)
(7.57024e-07 1.882e-08 -0)
(7.77429e-07 3.8004e-08 -0)
(8.01392e-07 5.97272e-08 -0)
(8.30255e-07 8.43401e-08 -0)
(8.65897e-07 1.12407e-07 -0)
(9.10791e-07 1.44602e-07 -0)
(9.68208e-07 1.81287e-07 -0)
(1.04261e-06 2.21514e-07 -0)
(1.13997e-06 2.6085e-07 -0)
(1.26667e-06 2.86662e-07 -0)
(1.4213e-06 2.68664e-07 -0)
(1.56494e-06 1.46067e-07 -0)
(7.26559e-06 5.97028e-05 -0)
(8.12524e-06 1.69393e-05 -0)
(7.2832e-06 8.78343e-06 -0)
(5.92716e-06 6.15139e-06 -0)
(1.83155e-06 1.77367e-06 -0)
(4.20501e-07 -1.61592e-07 -0)
(6.96001e-07 -1.1924e-07 -0)
(6.31056e-07 -1.17053e-07 -0)
(6.20562e-07 -1.10653e-07 -0)
(6.25519e-07 -1.07801e-07 -0)
(6.38807e-07 -1.05783e-07 -0)
(6.57475e-07 -1.01299e-07 -0)
(6.78762e-07 -9.19707e-08 -0)
(6.99288e-07 -7.64678e-08 -0)
(7.14989e-07 -5.5699e-08 -0)
(7.25935e-07 -3.82839e-08 -0)
(7.37877e-07 -2.70482e-08 -0)
(7.54062e-07 -1.5272e-08 -0)
(7.73642e-07 -1.12563e-09 -0)
(7.96101e-07 1.50837e-08 -0)
(8.2211e-07 3.26692e-08 -0)
(8.53205e-07 5.14324e-08 -0)
(8.91401e-07 7.14722e-08 -0)
(9.38969e-07 9.30695e-08 -0)
(9.98174e-07 1.16191e-07 -0)
(1.07091e-06 1.39471e-07 -0)
(1.15788e-06 1.58549e-07 -0)
(1.2566e-06 1.6355e-07 -0)
(1.35651e-06 1.3723e-07 -0)
(1.42939e-06 6.09823e-08 -0)
(8.43771e-06 4.43042e-05 -0)
(1.07809e-05 1.54259e-05 -0)
(1.03634e-05 9.59572e-06 -0)
(1.02997e-05 9.54487e-06 -0)
(3.95831e-06 6.59996e-06 -0)
(3.09162e-07 1.11056e-07 -0)
(6.34647e-07 -5.2359e-08 -0)
(6.08943e-07 -1.14153e-07 -0)
(6.17462e-07 -1.11571e-07 -0)
(6.23789e-07 -1.18159e-07 -0)
(6.39369e-07 -1.24284e-07 -0)
(6.63071e-07 -1.2516e-07 -0)
(6.91559e-07 -1.17876e-07 -0)
(7.19835e-07 -9.93567e-08 -0)
(7.36458e-07 -6.51276e-08 -0)
(7.39761e-07 -4.31319e-08 -0)
(7.47261e-07 -4.19979e-08 -0)
(7.65326e-07 -3.54701e-08 -0)
(7.8738e-07 -2.37789e-08 -0)
(8.11223e-07 -9.90499e-09 -0)
(8.37741e-07 4.02636e-09 -0)
(8.69058e-07 1.72549e-08 -0)
(9.07534e-07 2.94898e-08 -0)
(9.55509e-07 4.10971e-08 -0)
(1.01461e-06 5.22253e-08 -0)
(1.08497e-06 6.31101e-08 -0)
(1.16405e-06 7.1918e-08 -0)
(1.24535e-06 7.31506e-08 -0)
(1.31874e-06 5.63561e-08 -0)
(1.36673e-06 2.16781e-08 -0)
(1.37207e-05 3.59182e-05 -0)
(1.78665e-05 1.46202e-05 -0)
(1.88516e-05 1.07201e-05 -0)
(1.73674e-05 1.03989e-05 -0)
(1.90556e-05 1.36028e-05 -0)
(8.71347e-07 5.98188e-07 -0)
(4.56297e-07 -1.7523e-08 -0)
(5.71844e-07 -1.98858e-07 -0)
(6.16556e-07 -1.08138e-07 -0)
(6.12807e-07 -1.39714e-07 -0)
(6.31807e-07 -1.63691e-07 -0)
(6.63882e-07 -1.75624e-07 -0)
(7.04564e-07 -1.73164e-07 -0)
(7.52035e-07 -1.51085e-07 -0)
(7.71206e-07 -5.21897e-08 -0)
(7.46822e-07 -2.15483e-08 -0)
(7.26115e-07 -2.52241e-08 -0)
(7.34332e-07 -2.2896e-08 -0)
(7.4179e-07 -1.70251e-08 -0)
(7.24315e-07 -1.0169e-08 -0)
(7.17659e-07 -4.37643e-09 -0)
(6.86518e-07 1.27828e-10 -0)
(7.00117e-07 3.33713e-09 -0)
(6.94369e-07 5.48188e-09 -0)
(7.70511e-07 7.57433e-09 -0)
(8.49167e-07 1.00147e-08 -0)
(9.37462e-07 1.25432e-08 -0)
(1.04066e-06 1.39391e-08 -0)
(1.16588e-06 9.87263e-09 -0)
(1.30206e-06 2.91355e-09 -0)
(1.82965e-05 1.03166e-05 -0)
(2.98706e-05 9.98916e-06 -0)
(3.94279e-05 1.21579e-05 -0)
(3.80408e-05 1.32701e-05 -0)
(4.59491e-05 1.89153e-05 -0)
(3.41511e-05 1.61328e-05 -0)
(3.92206e-05 8.8012e-06 -0)
(3.43892e-07 -5.61231e-09 -0)
(5.5098e-07 -4.18401e-08 -0)
(4.11736e-07 -5.70499e-08 -0)
(4.07561e-07 -6.58957e-08 -0)
(4.26765e-07 -7.02464e-08 -0)
(4.72632e-07 -7.14286e-08 -0)
(6.07787e-07 -7.23704e-08 -0)
(1.78779e-06 -1.85801e-07 -0)
(2.76711e-05 -2.70181e-06 -0)
(4.22197e-05 -2.79529e-06 -0)
(5.32266e-05 -2.28128e-06 -0)
(6.15311e-05 -1.91667e-06 -0)
(6.87657e-05 -1.88737e-06 -0)
(7.63524e-05 -2.18106e-06 -0)
(8.52925e-05 -2.72341e-06 -0)
(9.59908e-05 -3.34961e-06 -0)
(0.000108207 -3.94482e-06 -0)
(0.000121711 -4.53014e-06 -0)
(0.000135934 -5.12299e-06 -0)
(0.000151799 -5.74941e-06 -0)
(0.000167849 -5.86346e-06 -0)
(0.000184443 -4.76899e-06 -0)
(0.000191381 -1.89133e-06 -0)
(9.82883e-06 -1.24337e-05 -0)
(2.46446e-05 -4.53256e-06 -0)
(3.91541e-05 2.05522e-06 -0)
(4.63276e-05 7.1426e-06 -0)
(5.91916e-05 1.26729e-05 -0)
(6.20086e-05 1.41042e-05 -0)
(7.10745e-05 1.80685e-05 -0)
(6.5478e-05 2.25401e-05 -0)
(7.36141e-05 -7.23742e-07 -0)
(8.10993e-05 -3.18099e-06 -0)
(9.16495e-05 -4.32746e-06 -0)
(0.000104425 -5.10893e-06 -0)
(0.000118837 -5.96506e-06 -0)
(0.000134786 -8.42378e-06 -0)
(0.000153725 -2.49582e-05 -0)
(0.000168374 -2.81048e-05 -0)
(0.00017913 -2.11326e-05 -0)
(0.000187482 -1.52288e-05 -0)
(0.000194025 -1.19885e-05 -0)
(0.000199996 -1.1429e-05 -0)
(0.000206722 -1.3032e-05 -0)
(0.000215601 -1.6098e-05 -0)
(0.000227549 -1.95229e-05 -0)
(0.000242212 -2.22702e-05 -0)
(0.000258826 -2.39622e-05 -0)
(0.000273218 -2.53585e-05 -0)
(0.000289318 -2.77599e-05 -0)
(0.00030494 -2.93647e-05 -0)
(0.000329563 -2.42863e-05 -0)
(0.000334692 -8.79524e-06 -0)
(9.72247e-06 -2.75424e-05 -0)
(2.6578e-05 -1.7255e-05 -0)
(4.13403e-05 -8.88231e-06 -0)
(5.46284e-05 -2.91876e-06 -0)
(6.78523e-05 1.81005e-06 -0)
(8.14868e-05 5.29226e-06 -0)
(9.40987e-05 8.00387e-06 -0)
(0.000114936 5.08912e-06 -0)
(0.000131686 -9.19769e-06 -0)
(0.000150864 -1.73817e-05 -0)
(0.000170371 -2.15876e-05 -0)
(0.000191292 -2.42564e-05 -0)
(0.000209477 -2.6738e-05 -0)
(0.000230584 -3.13735e-05 -0)
(0.000243099 -3.64083e-05 -0)
(0.000248751 -3.43167e-05 -0)
(0.000250854 -2.64041e-05 -0)
(0.000251166 -1.88541e-05 -0)
(0.000250767 -1.46662e-05 -0)
(0.000250604 -1.42456e-05 -0)
(0.000250583 -1.70953e-05 -0)
(0.000252405 -2.27974e-05 -0)
(0.000256117 -2.96154e-05 -0)
(0.000263826 -3.5272e-05 -0)
(0.000273115 -3.56343e-05 -0)
(0.000275932 -3.29981e-05 -0)
(0.000275051 -3.54128e-05 -0)
(0.000277814 -4.49011e-05 -0)
(0.000293479 -4.14402e-05 -0)
(0.000292737 -1.19612e-05 -0)
(1.58732e-05 -4.87571e-05 -0)
(4.38248e-05 -3.37159e-05 -0)
(6.30094e-05 -2.39788e-05 -0)
(8.04146e-05 -1.7579e-05 -0)
(9.60083e-05 -1.31334e-05 -0)
(0.000114954 -1.1308e-05 -0)
(0.000134698 -1.29576e-05 -0)
(0.000161795 -2.05569e-05 -0)
(0.000184301 -3.15078e-05 -0)
(0.000205794 -3.98469e-05 -0)
(0.000223209 -4.30786e-05 -0)
(0.00023736 -4.32613e-05 -0)
(0.00024545 -4.3009e-05 -0)
(0.000250826 -4.37671e-05 -0)
(0.000253714 -4.24492e-05 -0)
(0.000253881 -3.48808e-05 -0)
(0.000248639 -2.32439e-05 -0)
(0.00024292 -1.4911e-05 -0)
(0.000237644 -1.10926e-05 -0)
(0.000233055 -1.09176e-05 -0)
(0.000227521 -1.38405e-05 -0)
(0.000222476 -2.04486e-05 -0)
(0.000215275 -2.96372e-05 -0)
(0.000213114 -4.03032e-05 -0)
(0.000211803 -3.87235e-05 -0)
(0.000206255 -2.44541e-05 -0)
(0.00018816 -2.39256e-05 -0)
(0.000187874 -4.49567e-05 -0)
(0.00016673 -5.82179e-05 -0)
(0.000169332 -7.80874e-06 -0)
(9.13286e-05 -7.88682e-05 -0)
(9.24819e-05 -6.00473e-05 -0)
(9.66143e-05 -4.36789e-05 -0)
(0.000105193 -3.4815e-05 -0)
(0.000115467 -3.09687e-05 -0)
(0.000130619 -3.18e-05 -0)
(0.000147324 -3.6534e-05 -0)
(0.000167912 -4.4473e-05 -0)
(0.000184313 -5.14526e-05 -0)
(0.00019891 -5.52883e-05 -0)
(0.000204598 -5.26418e-05 -0)
(0.00020814 -4.63715e-05 -0)
(0.000200517 -3.9402e-05 -0)
(0.00019312 -3.96717e-05 -0)
(0.000187582 -4.03304e-05 -0)
(0.000183912 -3.0461e-05 -0)
(0.000176322 -1.38534e-05 -0)
(0.000169876 -7.06027e-06 -0)
(0.000164428 -4.91462e-06 -0)
(0.000159752 -4.86828e-06 -0)
(0.000153659 -6.5056e-06 -0)
(0.000147618 -1.06786e-05 -0)
(0.000134043 -1.82106e-05 -0)
(0.00012981 -3.41989e-05 -0)
(0.000109993 -4.14949e-05 -0)
(0.000108274 -6.77275e-06 -0)
(8.76223e-05 -6.28744e-06 -0)
(9.12884e-05 -1.85577e-05 -0)
(1.05797e-06 -4.43691e-07 -0)
(1.16899e-06 -1.10475e-06 -0)
(8.24337e-05 -5.64736e-05 -0)
(7.6768e-05 -4.65519e-05 -0)
(7.75317e-05 -3.96968e-05 -0)
(8.48893e-05 -3.73885e-05 -0)
(9.64763e-05 -3.87121e-05 -0)
(0.000110298 -4.30346e-05 -0)
(0.00012652 -5.03242e-05 -0)
(0.000143585 -5.81141e-05 -0)
(0.000155892 -6.22565e-05 -0)
(0.000162495 -6.04237e-05 -0)
(0.000157324 -5.21313e-05 -0)
(0.000153696 -4.03967e-05 -0)
(0.000138097 -2.45081e-05 -0)
(0.000127434 -2.75676e-05 -0)
(0.000113106 -3.44679e-05 -0)
(9.9096e-05 -3.00336e-05 -0)
(9.68041e-05 -3.73895e-06 -0)
(9.20533e-05 -1.5969e-06 -0)
(8.92438e-05 -1.13599e-06 -0)
(8.65191e-05 -1.14044e-06 -0)
(8.39159e-05 -1.53995e-06 -0)
(7.95077e-05 -2.53064e-06 -0)
(6.92962e-05 -5.07509e-06 -0)
(6.31718e-05 -1.29972e-05 -0)
(9.97507e-07 -2.17114e-07 -0)
(1.39547e-06 -3.29636e-07 -0)
(9.82888e-07 -4.38036e-07 -0)
(6.02792e-07 -5.41062e-07 -0)
(5.50521e-07 -7.53035e-07 -0)
(3.89844e-07 -1.74081e-06 -0)
(8.71033e-05 -5.24356e-05 -0)
(8.8737e-05 -5.24448e-05 -0)
(8.90183e-05 -4.99955e-05 -0)
(9.5807e-05 -5.17463e-05 -0)
(0.000104069 -5.50121e-05 -0)
(0.000111191 -5.96827e-05 -0)
(0.000125059 -6.8651e-05 -0)
(0.00013208 -7.22375e-05 -0)
(0.000134231 -6.99348e-05 -0)
(0.000123547 -5.67435e-05 -0)
(0.000107663 -4.24545e-05 -0)
(8.87169e-05 -3.47612e-05 -0)
(7.64194e-05 -6.18609e-06 -0)
(7.31524e-05 -8.60405e-06 -0)
(3.96415e-05 -7.98832e-06 -0)
(9.07861e-07 -9.49646e-08 -0)
(1.06333e-06 -8.89157e-08 -0)
(8.58934e-07 -9.19412e-08 -0)
(8.27592e-07 -9.61384e-08 -0)
(8.04994e-07 -1.03334e-07 -0)
(7.80663e-07 -1.13808e-07 -0)
(7.49304e-07 -1.26092e-07 -0)
(6.85403e-07 -1.37404e-07 -0)
(6.73079e-07 -1.16666e-07 -0)
(8.57258e-07 -8.73826e-08 -0)
(9.36332e-07 -5.64607e-07 -0)
(7.75212e-07 -7.63004e-07 -0)
(5.62287e-07 -9.28153e-07 -0)
(4.00734e-07 -8.95384e-07 -0)
(1.8121e-07 -1.16976e-06 -0)
(8.7958e-05 -4.83342e-05 -0)
(8.75825e-05 -4.94249e-05 -0)
(8.17461e-05 -4.77662e-05 -0)
(8.77582e-05 -5.37348e-05 -0)
(8.73159e-05 -5.59781e-05 -0)
(9.32976e-05 -6.3679e-05 -0)
(0.000104326 -7.30698e-05 -0)
(9.84397e-05 -6.77523e-05 -0)
(9.11209e-05 -5.87837e-05 -0)
(6.34119e-05 -4.00103e-05 -0)
(4.74967e-05 -1.11937e-05 -0)
(7.63245e-07 -8.03483e-08 -0)
(8.88877e-07 -4.80426e-08 -0)
(6.27491e-07 4.02791e-09 -0)
(7.58264e-07 8.12966e-08 -0)
(9.64669e-07 1.18692e-07 -0)
(9.59731e-07 -1.2431e-07 -0)
(8.76331e-07 -1.52991e-07 -0)
(8.25923e-07 -1.69693e-07 -0)
(7.90037e-07 -1.86912e-07 -0)
(7.58736e-07 -2.07641e-07 -0)
(7.26936e-07 -2.30482e-07 -0)
(6.93809e-07 -2.5106e-07 -0)
(6.8679e-07 -2.39779e-07 -0)
(7.25714e-07 -2.69583e-07 -0)
(7.19848e-07 -4.58076e-07 -0)
(6.19341e-07 -6.07909e-07 -0)
(4.70412e-07 -7.21394e-07 -0)
(3.08918e-07 -7.79093e-07 -0)
(1.15472e-07 -8.73075e-07 -0)
(8.82809e-05 -4.42544e-05 -0)
(8.60222e-05 -4.62532e-05 -0)
(7.9877e-05 -4.78827e-05 -0)
(8.56688e-05 -5.75919e-05 -0)
(7.77975e-05 -5.88121e-05 -0)
(8.85484e-05 -7.40347e-05 -0)
(8.72756e-05 -7.48021e-05 -0)
(6.80246e-05 -5.67966e-05 -0)
(4.66585e-05 -3.80953e-05 -0)
(4.75262e-07 -6.85049e-08 -0)
(8.06569e-07 2.44939e-08 -0)
(7.86771e-07 1.31068e-07 -0)
(7.97279e-07 -4.01792e-08 -0)
(7.44446e-07 1.50764e-08 -0)
(7.86036e-07 9.93048e-08 -0)
(8.56913e-07 4.133e-08 -0)
(8.66854e-07 -5.52657e-08 -0)
(8.3587e-07 -1.03497e-07 -0)
(8.01165e-07 -1.32467e-07 -0)
(7.68558e-07 -1.55113e-07 -0)
(7.37153e-07 -1.76627e-07 -0)
(7.05887e-07 -1.9842e-07 -0)
(6.76106e-07 -2.20212e-07 -0)
(6.54557e-07 -2.42058e-07 -0)
(6.38961e-07 -2.90633e-07 -0)
(5.98005e-07 -3.90206e-07 -0)
(5.11894e-07 -4.89162e-07 -0)
(3.91103e-07 -5.70422e-07 -0)
(2.49054e-07 -6.26521e-07 -0)
(8.72286e-08 -6.70376e-07 -0)
(8.85075e-05 -3.92452e-05 -0)
(8.26275e-05 -4.11203e-05 -0)
(7.71484e-05 -4.55154e-05 -0)
(7.57699e-05 -5.36042e-05 -0)
(6.5209e-05 -5.61723e-05 -0)
(7.54566e-05 -7.44387e-05 -0)
(5.68024e-05 -5.74826e-05 -0)
(3.42942e-05 -3.23259e-05 -0)
(3.51169e-07 -3.69965e-08 -0)
(7.53766e-07 1.2348e-07 -0)
(7.48387e-07 4.69317e-08 -0)
(7.65392e-07 5.53334e-08 -0)
(7.72887e-07 1.36848e-08 -0)
(7.66976e-07 1.99555e-08 -0)
(7.84519e-07 3.52952e-08 -0)
(8.10098e-07 8.88851e-09 -0)
(8.14904e-07 -3.75605e-08 -0)
(7.9913e-07 -7.44319e-08 -0)
(7.74307e-07 -1.01992e-07 -0)
(7.45878e-07 -1.24541e-07 -0)
(7.1543e-07 -1.45336e-07 -0)
(6.8335e-07 -1.66358e-07 -0)
(6.50171e-07 -1.89311e-07 -0)
(6.16369e-07 -2.17606e-07 -0)
(5.77566e-07 -2.60686e-07 -0)
(5.21319e-07 -3.22953e-07 -0)
(4.39125e-07 -3.88112e-07 -0)
(3.33053e-07 -4.44613e-07 -0)
(2.08965e-07 -4.86198e-07 -0)
(7.16174e-08 -5.11532e-07 -0)
(8.80508e-05 -3.25321e-05 -0)
(7.95924e-05 -3.4545e-05 -0)
(7.3746e-05 -4.01481e-05 -0)
(6.53605e-05 -4.62704e-05 -0)
(5.71509e-05 -5.40241e-05 -0)
(5.84383e-05 -6.7963e-05 -0)
(2.95477e-05 -3.61294e-05 -0)
(2.67745e-07 -1.7673e-07 -0)
(6.62015e-07 4.10389e-08 -0)
(7.09447e-07 3.95609e-08 -0)
(7.38424e-07 3.6645e-08 -0)
(7.53524e-07 3.35147e-08 -0)
(7.61901e-07 1.96305e-08 -0)
(7.66056e-07 1.57641e-08 -0)
(7.74969e-07 1.30336e-08 -0)
(7.84057e-07 -3.50939e-09 -0)
(7.83534e-07 -2.94357e-08 -0)
(7.71439e-07 -5.46802e-08 -0)
(7.51056e-07 -7.65275e-08 -0)
(7.25214e-07 -9.57231e-08 -0)
(6.95336e-07 -1.13818e-07 -0)
(6.61912e-07 -1.32363e-07 -0)
(6.24858e-07 -1.53068e-07 -0)
(5.83182e-07 -1.78368e-07 -0)
(5.33613e-07 -2.11554e-07 -0)
(4.70579e-07 -2.52811e-07 -0)
(3.90234e-07 -2.95722e-07 -0)
(2.93018e-07 -3.33724e-07 -0)
(1.82135e-07 -3.62126e-07 -0)
(6.1894e-08 -3.78024e-07 -0)
(8.74522e-05 -2.43476e-05 -0)
(7.73755e-05 -2.63806e-05 -0)
(6.97288e-05 -3.14224e-05 -0)
(5.6602e-05 -3.63188e-05 -0)
(4.87435e-05 -4.68635e-05 -0)
(3.58761e-05 -5.00418e-05 -0)
(3.1791e-06 -7.2619e-06 -0)
(4.80022e-07 -6.12431e-09 -0)
(8.24853e-07 1.45454e-08 -0)
(7.49372e-07 2.76872e-08 -0)
(7.42341e-07 2.65721e-08 -0)
(7.48378e-07 2.24498e-08 -0)
(7.55137e-07 1.55604e-08 -0)
(7.60379e-07 1.04407e-08 -0)
(7.65245e-07 4.58234e-09 -0)
(7.67629e-07 -6.52642e-09 -0)
(7.63734e-07 -2.19931e-08 -0)
(7.52038e-07 -3.83251e-08 -0)
(7.33264e-07 -5.37152e-08 -0)
(7.08587e-07 -6.8007e-08 -0)
(6.7879e-07 -8.18507e-08 -0)
(6.441e-07 -9.62081e-08 -0)
(6.04167e-07 -1.12231e-07 -0)
(5.57884e-07 -1.31244e-07 -0)
(5.03123e-07 -1.54351e-07 -0)
(4.37151e-07 -1.81015e-07 -0)
(3.58212e-07 -2.08243e-07 -0)
(2.66649e-07 -2.32435e-07 -0)
(1.64664e-07 -2.50558e-07 -0)
(5.57188e-08 -2.60415e-07 -0)
(8.68662e-05 -1.50181e-05 -0)
(7.60641e-05 -1.66682e-05 -0)
(6.59905e-05 -1.99631e-05 -0)
(5.07031e-05 -2.40604e-05 -0)
(3.95613e-05 -3.2692e-05 -0)
(1.33116e-05 -2.5426e-05 -0)
(1.85654e-07 -8.43283e-08 -0)
(6.09965e-07 1.80352e-07 -0)
(6.95844e-07 6.13895e-08 -0)
(7.21473e-07 3.00718e-08 -0)
(7.33187e-07 1.95065e-08 -0)
(7.42512e-07 1.41531e-08 -0)
(7.49892e-07 9.7205e-09 -0)
(7.55078e-07 5.8582e-09 -0)
(7.58002e-07 1.38155e-09 -0)
(7.57482e-07 -5.18534e-09 -0)
(7.51735e-07 -1.36843e-08 -0)
(7.39717e-07 -2.29126e-08 -0)
(7.21374e-07 -3.2002e-08 -0)
(6.97079e-07 -4.07388e-08 -0)
(6.67135e-07 -4.93701e-08 -0)
(6.31531e-07 -5.83879e-08 -0)
(5.89823e-07 -6.84028e-08 -0)
(5.41062e-07 -8.00259e-08 -0)
(4.83842e-07 -9.35915e-08 -0)
(4.16688e-07 -1.08655e-07 -0)
(3.38813e-07 -1.23799e-07 -0)
(2.50702e-07 -1.37217e-07 -0)
(1.54155e-07 -1.47257e-07 -0)
(5.20373e-08 -1.52663e-07 -0)
(8.60704e-05 -5.03849e-06 -0)
(7.62414e-05 -5.77827e-06 -0)
(6.26954e-05 -6.74881e-06 -0)
(4.93741e-05 -9.00204e-06 -0)
(2.90305e-05 -1.0153e-05 -0)
(6.82584e-06 -7.68287e-06 -0)
(2.43699e-07 -2.86909e-08 -0)
(6.72148e-07 3.29755e-08 -0)
(6.74572e-07 2.12141e-08 -0)
(7.07489e-07 1.17034e-08 -0)
(7.26422e-07 7.22977e-09 -0)
(7.38592e-07 4.93852e-09 -0)
(7.46842e-07 3.30928e-09 -0)
(7.5204e-07 1.88798e-09 -0)
(7.54202e-07 2.71601e-10 -0)
(7.52563e-07 -1.91198e-09 -0)
(7.46006e-07 -4.64709e-09 -0)
(7.33721e-07 -7.64055e-09 -0)
(7.15438e-07 -1.06437e-08 -0)
(6.91219e-07 -1.3577e-08 -0)
(6.61141e-07 -1.65036e-08 -0)
(6.25067e-07 -1.95717e-08 -0)
(5.82529e-07 -2.29678e-08 -0)
(5.32695e-07 -2.68654e-08 -0)
(4.74494e-07 -3.13341e-08 -0)
(4.06944e-07 -3.62135e-08 -0)
(3.29649e-07 -4.10781e-08 -0)
(2.4319e-07 -4.53773e-08 -0)
(1.49219e-07 -4.859e-08 -0)
(5.03136e-08 -5.03136e-08 -0)
)
;

boundaryField
{
    inlet1
    {
        type            extrapolatedCalculated;
        value           nonuniform List<vector> 10((1e-05 2.61279e-05 -0) (1e-05 7.56159e-05 -0) (1e-05 0.00014054 -0) (1e-05 0.000216857 -0) (1e-05 0.000297258 -0) (1e-05 0.000381362 -0) (1e-05 0.000459675 -0) (1e-05 0.000530732 -0) (1e-05 0.000591418 -0) (1e-05 0.000640717 -0));
    }
    inlet2
    {
        type            extrapolatedCalculated;
        value           nonuniform List<vector> 10((-0 7.80549e-05 -0) (-0 7.54606e-05 -0) (-0 6.43202e-05 -0) (-0 5.97028e-05 -0) (-0 4.43042e-05 -0) (-0 3.59182e-05 -0) (-0 1.03166e-05 -0) (-0 -1.24337e-05 -0) (-0 -2.75424e-05 -0) (-0 -4.87571e-05 -0));
    }
    inlet3
    {
        type            extrapolatedCalculated;
        value           nonuniform List<vector> 10((9.13394e-05 -7.0625e-05 -0) (9.13394e-05 -6.10202e-05 -0) (9.13394e-05 -5.45731e-05 -0) (9.13394e-05 -4.97999e-05 -0) (9.13394e-05 -4.50419e-05 -0) (9.13394e-05 -3.9356e-05 -0) (9.13394e-05 -3.2348e-05 -0) (9.13394e-05 -2.40623e-05 -0) (9.13394e-05 -1.47892e-05 -0) (9.13394e-05 -4.97741e-06 -0));
    }
    output1
    {
        type            extrapolatedCalculated;
        value           nonuniform List<vector> 10((-0 3.85181e-08 -0) (-0 1.16799e-07 -0) (-0 1.98994e-07 -0) (-0 2.88376e-07 -0) (-0 3.89484e-07 -0) (-0 5.09362e-07 -0) (-0 6.60236e-07 -0) (-0 8.66045e-07 -0) (-0 1.18043e-06 -0) (-0 1.7423e-06 -0));
    }
    output2
    {
        type            extrapolatedCalculated;
        value           nonuniform List<vector> 10((3.2281e-06 1.35267e-06 -0) (2.03833e-06 4.00686e-07 -0) (1.62536e-06 1.46067e-07 -0) (1.45406e-06 6.09823e-08 -0) (1.38143e-06 2.16781e-08 -0) (1.31747e-06 2.91355e-09 -0) (0.000193741 -1.89133e-06 -0) (0.00034004 -8.79524e-06 -0) (0.000298355 -1.19612e-05 -0) (0.000170212 -7.80874e-06 -0));
    }
    output3
    {
        type            extrapolatedCalculated;
        value           nonuniform List<vector> 10((-0 -1.10475e-06 -0) (-0 -1.74081e-06 -0) (-0 -1.16976e-06 -0) (-0 -8.73075e-07 -0) (-0 -6.70376e-07 -0) (-0 -5.11532e-07 -0) (-0 -3.78024e-07 -0) (-0 -2.60415e-07 -0) (-0 -1.52663e-07 -0) (-0 -5.03136e-08 -0));
    }
    up
    {
        type            extrapolatedCalculated;
        value           nonuniform List<vector> 
30
(
(8.60704e-05 -0 -0)
(7.62414e-05 -0 -0)
(6.26954e-05 -0 -0)
(4.93741e-05 -0 -0)
(2.90305e-05 -0 -0)
(6.82584e-06 -0 -0)
(2.43699e-07 -0 -0)
(6.72148e-07 -0 -0)
(6.74572e-07 -0 -0)
(7.07489e-07 -0 -0)
(7.26422e-07 -0 -0)
(7.38592e-07 -0 -0)
(7.46842e-07 -0 -0)
(7.5204e-07 -0 -0)
(7.54202e-07 -0 -0)
(7.52563e-07 -0 -0)
(7.46006e-07 -0 -0)
(7.33721e-07 -0 -0)
(7.15438e-07 -0 -0)
(6.91219e-07 -0 -0)
(6.61141e-07 -0 -0)
(6.25067e-07 -0 -0)
(5.82529e-07 -0 -0)
(5.32695e-07 -0 -0)
(4.74494e-07 -0 -0)
(4.06944e-07 -0 -0)
(3.29649e-07 -0 -0)
(2.4319e-07 -0 -0)
(1.49219e-07 -0 -0)
(5.03136e-08 -0 -0)
)
;
    }
    down
    {
        type            extrapolatedCalculated;
        value           nonuniform List<vector> 
30
(
(2.32491e-06 -0 -0)
(1.05542e-06 -0 -0)
(1.18304e-06 -0 -0)
(2.6371e-07 -0 -0)
(6.69098e-07 -0 -0)
(6.12921e-07 -0 -0)
(6.08891e-07 -0 -0)
(6.05594e-07 -0 -0)
(6.02954e-07 -0 -0)
(6.00894e-07 -0 -0)
(5.99176e-07 -0 -0)
(5.97453e-07 -0 -0)
(5.95333e-07 -0 -0)
(5.92403e-07 -0 -0)
(5.88242e-07 -0 -0)
(5.82418e-07 -0 -0)
(5.74475e-07 -0 -0)
(5.63924e-07 -0 -0)
(5.5023e-07 -0 -0)
(5.3281e-07 -0 -0)
(5.11025e-07 -0 -0)
(4.84199e-07 -0 -0)
(4.51639e-07 -0 -0)
(4.12689e-07 -0 -0)
(3.66812e-07 -0 -0)
(3.13702e-07 -0 -0)
(2.53424e-07 -0 -0)
(1.86561e-07 -0 -0)
(1.14316e-07 -0 -0)
(3.852e-08 -0 -0)
)
;
    }
    emptyWalls
    {
        type            empty;
    }
}


// ************************************************************************* //
