/*--------------------------------*- C++ -*----------------------------------*\
  =========                 |
  \\      /  F ield         | OpenFOAM: The Open Source CFD Toolbox
   \\    /   O peration     | Website:  https://openfoam.org
    \\  /    A nd           | Version:  9
     \\/     M anipulation  |
\*---------------------------------------------------------------------------*/
FoamFile
{
    format      ascii;
    class       volScalarField;
    location    "12500";
    object      fw;
}
// * * * * * * * * * * * * * * * * * * * * * * * * * * * * * * * * * * * * * //

dimensions      [0 0 0 0 0 0 0];

internalField   nonuniform List<scalar> 
900
(
0.927201
0.243365
0.513491
0.0307757
5.60319e-09
4.7991e-09
4.7991e-09
4.7991e-09
4.7991e-09
4.7991e-09
4.7991e-09
4.7991e-09
4.7991e-09
4.7991e-09
4.7991e-09
4.7991e-09
4.7991e-09
4.7991e-09
4.7991e-09
4.7991e-09
4.7991e-09
4.7991e-09
4.7991e-09
4.7991e-09
4.7991e-09
4.7991e-09
4.7991e-09
4.7991e-09
4.7991e-09
4.7991e-09
1
1.0001
0.998599
0.00383707
4.86321e-09
4.7991e-09
4.7991e-09
4.7991e-09
4.7991e-09
4.7991e-09
4.7991e-09
4.7991e-09
4.7991e-09
4.7991e-09
4.7991e-09
4.7991e-09
4.7991e-09
4.7991e-09
4.7991e-09
4.7991e-09
4.7991e-09
4.7991e-09
4.7991e-09
4.7991e-09
4.7991e-09
4.7991e-09
4.7991e-09
4.7991e-09
4.7991e-09
4.7991e-09
0.973236
0.933948
0.67917
0.001287
4.81818e-09
4.7991e-09
4.7991e-09
4.7991e-09
4.7991e-09
4.7991e-09
4.7991e-09
4.7991e-09
4.7991e-09
4.7991e-09
4.7991e-09
4.7991e-09
4.7991e-09
4.7991e-09
4.7991e-09
4.7991e-09
4.7991e-09
4.7991e-09
4.7991e-09
4.7991e-09
4.7991e-09
4.7991e-09
4.7991e-09
4.7991e-09
4.7991e-09
4.7991e-09
0.996308
0.892689
0.65046
0.000190782
4.8015e-09
4.7991e-09
4.7991e-09
4.7991e-09
4.7991e-09
4.7991e-09
4.7991e-09
4.7991e-09
4.7991e-09
4.7991e-09
4.7991e-09
4.7991e-09
4.7991e-09
4.7991e-09
4.7991e-09
4.7991e-09
4.7991e-09
4.7991e-09
4.7991e-09
4.7991e-09
4.7991e-09
4.7991e-09
4.7991e-09
4.7991e-09
4.7991e-09
4.7991e-09
0.992841
0.875944
0.659299
1.27687e-05
4.79922e-09
4.7991e-09
4.7991e-09
4.7991e-09
4.7991e-09
4.7991e-09
4.7991e-09
4.7991e-09
4.7991e-09
4.7991e-09
4.7991e-09
4.7991e-09
4.7991e-09
4.7991e-09
4.7991e-09
4.7991e-09
4.7991e-09
4.7991e-09
4.7991e-09
4.7991e-09
4.7991e-09
4.7991e-09
4.7991e-09
4.7991e-09
4.7991e-09
4.7991e-09
0.997489
0.898657
0.767113
9.72473e-08
4.7991e-09
4.7991e-09
4.7991e-09
4.7991e-09
4.7991e-09
4.7991e-09
4.7991e-09
4.7991e-09
4.7991e-09
4.7991e-09
4.7991e-09
4.7991e-09
4.7991e-09
4.7991e-09
4.7991e-09
4.7991e-09
4.7991e-09
4.7991e-09
4.7991e-09
4.7991e-09
4.7991e-09
4.7991e-09
4.7991e-09
4.7991e-09
4.7991e-09
4.7991e-09
0.99689
0.885276
0.759966
7.08992e-09
4.7991e-09
4.7991e-09
4.7991e-09
4.7991e-09
4.7991e-09
4.7991e-09
4.7991e-09
4.7991e-09
4.7991e-09
4.7991e-09
4.7991e-09
4.7991e-09
4.7991e-09
4.7991e-09
4.7991e-09
4.7991e-09
4.7991e-09
4.7991e-09
4.7991e-09
4.7991e-09
4.7991e-09
4.7991e-09
4.7991e-09
4.7991e-09
4.7991e-09
4.7991e-09
0.998595
0.852673
0.00426012
4.8286e-09
4.7991e-09
4.7991e-09
4.7991e-09
4.7991e-09
4.7991e-09
4.7991e-09
4.7991e-09
4.7991e-09
4.7991e-09
4.7991e-09
4.7991e-09
4.7991e-09
4.7991e-09
4.7991e-09
4.7991e-09
4.7991e-09
4.7991e-09
4.7991e-09
4.7991e-09
4.7991e-09
4.7991e-09
4.7991e-09
4.7991e-09
4.7991e-09
4.7991e-09
4.7991e-09
0.999074
0.818356
6.57853e-05
4.7998e-09
4.7991e-09
4.7991e-09
4.7991e-09
4.7991e-09
4.7991e-09
4.7991e-09
4.7991e-09
4.7991e-09
4.7991e-09
4.7991e-09
4.7991e-09
4.7991e-09
4.7991e-09
4.7991e-09
4.7991e-09
4.7991e-09
4.7991e-09
4.7991e-09
4.7991e-09
4.7991e-09
4.7991e-09
4.7991e-09
4.7991e-09
4.7991e-09
4.7991e-09
4.7991e-09
0.999757
0.960342
1.37461e-05
4.79916e-09
4.7991e-09
4.7991e-09
4.7991e-09
4.7991e-09
4.7991e-09
4.7991e-09
4.7991e-09
4.7991e-09
4.7991e-09
4.7991e-09
4.7991e-09
4.7991e-09
4.7991e-09
4.7991e-09
4.7991e-09
4.7991e-09
4.7991e-09
4.7991e-09
4.7991e-09
4.7991e-09
4.7991e-09
4.7991e-09
4.7991e-09
4.7991e-09
4.7991e-09
4.79911e-09
0.999979
0.926906
0.164326
6.13792e-09
4.7991e-09
4.7991e-09
4.7991e-09
4.7991e-09
4.7991e-09
4.7991e-09
4.7991e-09
4.7991e-09
4.7991e-09
4.7991e-09
4.7991e-09
4.7991e-09
4.7991e-09
4.7991e-09
4.7991e-09
4.7991e-09
4.7991e-09
4.7991e-09
4.7991e-09
4.7991e-09
4.7991e-09
4.7991e-09
4.7991e-09
4.7991e-09
4.79909e-09
4.79909e-09
1
0.996767
0.8087
0.123654
5.9549e-09
4.8035e-09
4.7991e-09
4.7991e-09
4.7991e-09
4.7991e-09
4.7991e-09
4.7991e-09
4.7991e-09
4.7991e-09
4.7991e-09
4.7991e-09
4.7991e-09
4.7991e-09
4.7991e-09
4.7991e-09
4.7991e-09
4.7991e-09
4.7991e-09
4.7991e-09
4.7991e-09
4.7991e-09
4.7991e-09
4.7991e-09
4.7991e-09
4.7991e-09
1.00006
0.830898
0.500423
0.499303
0.665477
0.182702
5.95535e-09
4.7991e-09
4.7991e-09
4.7991e-09
4.7991e-09
4.7991e-09
4.7991e-09
4.7991e-09
4.7991e-09
4.7991e-09
4.7991e-09
4.7991e-09
4.7991e-09
4.7991e-09
4.7991e-09
4.7991e-09
4.7991e-09
4.7991e-09
4.7991e-09
4.7991e-09
4.7991e-09
4.7991e-09
4.7991e-09
4.7991e-09
1.00019
1
0.999815
0.921935
0.552627
0.313954
3.14927e-06
4.80062e-09
4.80057e-09
4.80055e-09
4.80018e-09
4.7991e-09
4.7991e-09
4.7991e-09
4.7991e-09
4.7991e-09
4.7991e-09
4.7991e-09
4.7991e-09
4.7991e-09
4.7991e-09
4.7991e-09
4.7991e-09
4.7991e-09
4.7991e-09
4.7991e-09
4.7991e-09
4.7991e-09
4.7991e-09
4.7991e-09
1.00002
0.999955
0.999136
0.993291
0.961604
0.902712
0.827972
0.815594
0.81485
0.806854
0.813687
1.04971e-05
2.81439e-08
8.50363e-08
1.37056e-07
1.60611e-07
1.70591e-07
1.6767e-07
1.54244e-07
1.55838e-07
2.19999e-07
3.57975e-07
5.79885e-07
9.33719e-07
1.42253e-06
2.05183e-06
3.17208e-06
3.21718e-06
1.07141e-06
5.73291e-08
0.986475
0.976673
0.947474
0.970793
0.95465
0.932216
0.917028
0.900945
0.90105
0.869523
0.851918
0.69214
0.638118
0.638591
0.652001
0.668379
0.682811
0.693753
0.701603
0.707343
0.711717
0.715072
0.717687
0.719497
0.721367
0.723337
0.727955
0.733658
0.742762
0.744706
0.9399
0.929377
0.890758
0.90256
0.906193
0.902208
0.895904
0.88344
0.873294
0.852885
0.839578
0.830006
0.805811
0.802356
0.809171
0.81825
0.826159
0.832181
0.836479
0.839696
0.842164
0.844086
0.845515
0.846189
0.846627
0.846236
0.847092
0.848082
0.853528
0.856055
0.90801
0.883068
0.885522
0.884313
0.887249
0.887051
0.882965
0.874137
0.864102
0.855442
0.850364
0.856101
0.854486
0.855972
0.860799
0.866464
0.871173
0.874837
0.877224
0.879081
0.880071
0.881035
0.881047
0.880889
0.879292
0.877189
0.873021
0.86864
0.865185
0.86679
0.878542
0.880097
0.890738
0.900456
0.906695
0.908728
0.907395
0.903744
0.899493
0.897018
0.896738
0.899771
0.901918
0.90308
0.903882
0.904497
0.904547
0.904122
0.90291
0.90138
0.898995
0.896913
0.893816
0.891193
0.886409
0.881612
0.872267
0.860426
0.83769
0.818614
0.880584
0.90441
0.922854
0.930419
0.932756
0.932264
0.930409
0.927777
0.925286
0.923799
0.923195
0.923155
0.922365
0.920393
0.917372
0.913895
0.909993
0.905498
0.900478
0.894658
0.88797
0.881076
0.873242
0.866962
0.857171
0.848756
0.833243
0.821653
0.769981
0.710083
0.931599
0.94938
0.949162
0.943929
0.938462
0.933139
0.928931
0.924947
0.922101
0.919788
0.918065
0.91634
0.913877
0.91094
0.906936
0.902554
0.8968
0.889603
0.88114
0.870483
0.859279
0.844263
0.828879
0.816326
0.800939
0.784279
0.76956
0.749451
0.779931
0.846786
0.905273
0.897235
0.89684
0.898211
0.900632
0.902056
0.904759
0.905547
0.907919
0.908225
0.909433
0.90901
0.908054
0.906183
0.902176
0.896546
0.886722
0.874911
0.858229
0.838048
0.818938
0.787035
0.75277
0.723695
0.691976
0.678855
0.655569
0.635604
0.536497
0.255103
0.910397
0.913909
0.920729
0.925855
0.928752
0.928897
0.929027
0.926305
0.925401
0.920667
0.918787
0.913118
0.909161
0.902649
0.89363
0.879508
0.857787
0.836498
0.800632
0.761639
0.725532
0.663927
0.612081
0.485753
0.448867
0.450963
0.430831
0.464183
0.0126915
4.82277e-09
0.911848
0.910244
0.909081
0.909078
0.908298
0.907547
0.906584
0.904109
0.904229
0.899142
0.901127
0.893095
0.892381
0.881146
0.865854
0.834233
0.791814
0.753497
0.688629
0.639049
0.5044
0.447163
0.467471
1.97364e-06
4.7991e-09
4.7991e-09
4.7991e-09
4.7991e-09
4.7991e-09
4.7991e-09
0.912122
0.911049
0.910605
0.912512
0.913525
0.916164
0.916377
0.917416
0.916669
0.913168
0.912601
0.898709
0.89612
0.866683
0.830205
0.757134
0.687641
0.548125
0.487508
0.519842
8.83696e-06
4.7991e-09
4.7991e-09
4.7991e-09
4.7991e-09
4.7991e-09
4.7991e-09
4.7991e-09
4.7991e-09
4.7991e-09
0.912545
0.911975
0.911293
0.9124
0.911995
0.9143
0.912152
0.914384
0.908268
0.907753
0.898062
0.883513
0.876299
0.80375
0.719717
0.524187
0.516982
1.1886e-05
4.79917e-09
4.79913e-09
4.7991e-09
4.7991e-09
4.7991e-09
4.7991e-09
4.7991e-09
4.7991e-09
4.7991e-09
4.7991e-09
4.7991e-09
4.7991e-09
0.912908
0.912483
0.912162
0.912801
0.912867
0.914977
0.913998
0.917437
0.911693
0.91582
0.898341
0.894704
0.859976
0.710858
0.5498
0.00146029
4.80036e-09
4.7991e-09
4.7991e-09
4.7991e-09
4.7991e-09
4.7991e-09
4.7991e-09
4.7991e-09
4.7991e-09
4.7991e-09
4.7991e-09
4.7991e-09
4.7991e-09
4.7991e-09
0.913171
0.912784
0.912951
0.913102
0.913977
0.915055
0.916112
0.918108
0.915914
0.917606
0.896069
0.895241
0.781159
0.46357
4.80387e-08
4.7991e-09
4.7991e-09
4.7991e-09
4.7991e-09
4.7991e-09
4.7991e-09
4.7991e-09
4.7991e-09
4.7991e-09
4.7991e-09
4.7991e-09
4.7991e-09
4.7991e-09
4.7991e-09
4.7991e-09
0.91333
0.912971
0.913474
0.91333
0.914834
0.915132
0.918027
0.918626
0.921836
0.92029
0.909949
0.892526
0.618214
9.06822e-08
4.7991e-09
4.7991e-09
4.7991e-09
4.7991e-09
4.7991e-09
4.7991e-09
4.7991e-09
4.7991e-09
4.7991e-09
4.7991e-09
4.7991e-09
4.7991e-09
4.7991e-09
4.7991e-09
4.7991e-09
4.7991e-09
0.91339
0.913085
0.913698
0.913501
0.915223
0.915268
0.918963
0.918926
0.925392
0.92257
0.929318
0.881955
2.87284e-05
4.79911e-09
4.7991e-09
4.7991e-09
4.7991e-09
4.7991e-09
4.7991e-09
4.7991e-09
4.7991e-09
4.7991e-09
4.7991e-09
4.7991e-09
4.7991e-09
4.7991e-09
4.7991e-09
4.7991e-09
4.7991e-09
4.7991e-09
)
;

boundaryField
{
    inlet1
    {
        type            calculated;
        value           uniform 1;
    }
    inlet2
    {
        type            calculated;
        value           nonuniform List<scalar> 10(0.999979 1 1.00006 1.00019 1.00002 0.986475 0.9399 0.90801 0.878542 0.880584);
    }
    inlet3
    {
        type            calculated;
        value           uniform 0.913307;
    }
    output1
    {
        type            calculated;
        value           nonuniform List<scalar> 10(4.7991e-09 4.7991e-09 4.7991e-09 4.7991e-09 4.7991e-09 4.7991e-09 4.7991e-09 4.7991e-09 4.7991e-09 4.79911e-09);
    }
    output2
    {
        type            calculated;
        value           nonuniform List<scalar> 10(4.79909e-09 4.7991e-09 4.7991e-09 4.7991e-09 5.73291e-08 0.744706 0.856055 0.86679 0.818614 0.710083);
    }
    output3
    {
        type            calculated;
        value           nonuniform List<scalar> 10(0.846786 0.255103 4.82277e-09 4.7991e-09 4.7991e-09 4.7991e-09 4.7991e-09 4.7991e-09 4.7991e-09 4.7991e-09);
    }
    up
    {
        type            calculated;
        value           nonuniform List<scalar> 
30
(
0.91339
0.913085
0.913698
0.913501
0.915223
0.915268
0.918963
0.918926
0.925392
0.92257
0.929318
0.881955
2.87284e-05
4.79911e-09
4.7991e-09
4.7991e-09
4.7991e-09
4.7991e-09
4.7991e-09
4.7991e-09
4.7991e-09
4.7991e-09
4.7991e-09
4.7991e-09
4.7991e-09
4.7991e-09
4.7991e-09
4.7991e-09
4.7991e-09
4.7991e-09
)
;
    }
    down
    {
        type            calculated;
        value           nonuniform List<scalar> 
30
(
0.927201
0.243365
0.513491
0.0307757
5.60319e-09
4.7991e-09
4.7991e-09
4.7991e-09
4.7991e-09
4.7991e-09
4.7991e-09
4.7991e-09
4.7991e-09
4.7991e-09
4.7991e-09
4.7991e-09
4.7991e-09
4.7991e-09
4.7991e-09
4.7991e-09
4.7991e-09
4.7991e-09
4.7991e-09
4.7991e-09
4.7991e-09
4.7991e-09
4.7991e-09
4.7991e-09
4.7991e-09
4.7991e-09
)
;
    }
    emptyWalls
    {
        type            empty;
    }
}


// ************************************************************************* //
