/*--------------------------------*- C++ -*----------------------------------*\
  =========                 |
  \\      /  F ield         | OpenFOAM: The Open Source CFD Toolbox
   \\    /   O peration     | Website:  https://openfoam.org
    \\  /    A nd           | Version:  9
     \\/     M anipulation  |
\*---------------------------------------------------------------------------*/
FoamFile
{
    format      ascii;
    class       volScalarField;
    location    "12500";
    object      Sw;
}
// * * * * * * * * * * * * * * * * * * * * * * * * * * * * * * * * * * * * * //

dimensions      [0 0 0 0 0 0 0];

internalField   nonuniform List<scalar> 
900
(
0.606785
0.475971
0.517396
0.40137
0.150952
0.15
0.15
0.15
0.15
0.15
0.15
0.15
0.15
0.15
0.15
0.15
0.15
0.15
0.15
0.15
0.15
0.15
0.15
0.15
0.15
0.15
0.15
0.15
0.15
0.15
0.847982
0.958343
0.73437
0.342482
0.150081
0.15
0.15
0.15
0.15
0.15
0.15
0.15
0.15
0.15
0.15
0.15
0.15
0.15
0.15
0.15
0.15
0.15
0.15
0.15
0.15
0.15
0.15
0.15
0.15
0.15
0.643508
0.610497
0.542278
0.315595
0.150024
0.15
0.15
0.15
0.15
0.15
0.15
0.15
0.15
0.15
0.15
0.15
0.15
0.15
0.15
0.15
0.15
0.15
0.15
0.15
0.15
0.15
0.15
0.15
0.15
0.15
0.707422
0.591538
0.537641
0.274579
0.150003
0.15
0.15
0.15
0.15
0.15
0.15
0.15
0.15
0.15
0.15
0.15
0.15
0.15
0.15
0.15
0.15
0.15
0.15
0.15
0.15
0.15
0.15
0.15
0.15
0.15
0.687353
0.585663
0.539047
0.228179
0.15
0.15
0.15
0.15
0.15
0.15
0.15
0.15
0.15
0.15
0.15
0.15
0.15
0.15
0.15
0.15
0.15
0.15
0.15
0.15
0.15
0.15
0.15
0.15
0.15
0.15
0.718502
0.593834
0.558177
0.171967
0.15
0.15
0.15
0.15
0.15
0.15
0.15
0.15
0.15
0.15
0.15
0.15
0.15
0.15
0.15
0.15
0.15
0.15
0.15
0.15
0.15
0.15
0.15
0.15
0.15
0.15
0.712473
0.588855
0.556778
0.152431
0.15
0.15
0.15
0.15
0.15
0.15
0.15
0.15
0.15
0.15
0.15
0.15
0.15
0.15
0.15
0.15
0.15
0.15
0.15
0.15
0.15
0.15
0.15
0.15
0.15
0.15
0.734216
0.578507
0.345212
0.150037
0.15
0.15
0.15
0.15
0.15
0.15
0.15
0.15
0.15
0.15
0.15
0.15
0.15
0.15
0.15
0.15
0.15
0.15
0.15
0.15
0.15
0.15
0.15
0.15
0.15
0.15
0.74475
0.569479
0.254773
0.150001
0.15
0.15
0.15
0.15
0.15
0.15
0.15
0.15
0.15
0.15
0.15
0.15
0.15
0.15
0.15
0.15
0.15
0.15
0.15
0.15
0.15
0.15
0.15
0.15
0.15
0.15
0.774129
0.629396
0.229281
0.15
0.15
0.15
0.15
0.15
0.15
0.15
0.15
0.15
0.15
0.15
0.15
0.15
0.15
0.15
0.15
0.15
0.15
0.15
0.15
0.15
0.15
0.15
0.15
0.15
0.15
0.15
0.811532
0.606608
0.459372
0.15152
0.15
0.15
0.15
0.15
0.15
0.15
0.15
0.15
0.15
0.15
0.15
0.15
0.15
0.15
0.15
0.15
0.15
0.15
0.15
0.15
0.15
0.15
0.15
0.15
0.15
0.15
0.848374
0.711335
0.567184
0.448389
0.151331
0.150006
0.15
0.15
0.15
0.15
0.15
0.15
0.15
0.15
0.15
0.15
0.15
0.15
0.15
0.15
0.15
0.15
0.15
0.15
0.15
0.15
0.15
0.15
0.15
0.15
0.934298
0.572654
0.5155
0.515355
0.540014
0.463699
0.151333
0.15
0.15
0.15
0.15
0.15
0.15
0.15
0.15
0.15
0.15
0.15
0.15
0.15
0.15
0.15
0.15
0.15
0.15
0.15
0.15
0.15
0.15
0.15
1.00213
0.844613
0.779318
0.604238
0.523047
0.488124
0.208864
0.150002
0.150002
0.150002
0.150001
0.15
0.15
0.15
0.15
0.15
0.15
0.15
0.15
0.15
0.15
0.15
0.15
0.15
0.15
0.15
0.15
0.15
0.15
0.15
0.897817
0.801943
0.746401
0.6894
0.630583
0.595455
0.571855
0.568795
0.568644
0.566741
0.568421
0.225546
0.161971
0.170814
0.174999
0.176442
0.176998
0.17684
0.176076
0.17617
0.179382
0.184137
0.189115
0.194303
0.199125
0.203509
0.208957
0.209139
0.195856
0.167536
0.666742
0.648262
0.619033
0.640322
0.624516
0.609486
0.601717
0.594736
0.594798
0.583581
0.578314
0.544453
0.535728
0.535792
0.537883
0.540499
0.542866
0.544702
0.546042
0.547036
0.547801
0.548391
0.548855
0.549177
0.549511
0.549864
0.550699
0.551743
0.55344
0.553807
0.614051
0.607918
0.590828
0.595384
0.596906
0.595256
0.592774
0.588207
0.584798
0.578571
0.574885
0.572387
0.566518
0.56572
0.567285
0.569445
0.571397
0.572933
0.574056
0.574912
0.575578
0.576101
0.576494
0.57668
0.576801
0.576692
0.57693
0.577206
0.578751
0.579484
0.597668
0.588074
0.588936
0.58851
0.589553
0.589484
0.588044
0.585069
0.581894
0.579308
0.577847
0.579497
0.579024
0.579454
0.580884
0.582618
0.584106
0.585296
0.586087
0.586711
0.587046
0.587375
0.587378
0.587323
0.586779
0.586072
0.584701
0.5833
0.582223
0.582721
0.586528
0.587053
0.590822
0.594549
0.597114
0.597982
0.597412
0.595885
0.594167
0.593196
0.593086
0.594273
0.595135
0.595609
0.595941
0.596196
0.596217
0.59604
0.595542
0.594921
0.593969
0.593154
0.591968
0.590987
0.589249
0.587569
0.584455
0.580774
0.574375
0.56954
0.587219
0.596157
0.604532
0.608493
0.609796
0.609518
0.608489
0.607068
0.605766
0.605006
0.604702
0.604682
0.60429
0.603321
0.601877
0.60027
0.598532
0.596611
0.594558
0.592289
0.589812
0.587388
0.584774
0.582775
0.57981
0.577392
0.573209
0.57028
0.558764
0.547511
0.609146
0.620452
0.620293
0.616647
0.613154
0.610013
0.607685
0.605592
0.604156
0.603024
0.6022
0.601391
0.60026
0.598947
0.597217
0.595397
0.593113
0.590406
0.587411
0.583888
0.580438
0.576152
0.572094
0.568991
0.565402
0.561744
0.558679
0.554708
0.560819
0.576834
0.596516
0.59328
0.593126
0.59366
0.594619
0.595193
0.596302
0.59663
0.597633
0.597764
0.598286
0.598103
0.597691
0.596897
0.595242
0.593014
0.589366
0.585322
0.580128
0.574477
0.569627
0.562341
0.555358
0.549934
0.54441
0.542219
0.538451
0.53532
0.520682
0.478125
0.598706
0.600272
0.603482
0.60606
0.607589
0.607666
0.607737
0.606294
0.605826
0.603452
0.602543
0.599914
0.598167
0.595433
0.5919
0.586855
0.579995
0.574067
0.565338
0.557097
0.550269
0.539798
0.531748
0.513484
0.508246
0.50854
0.50566
0.510411
0.375132
0.15003
0.599347
0.598639
0.598134
0.598132
0.597796
0.597475
0.597067
0.596033
0.596083
0.594027
0.594818
0.591698
0.591429
0.58741
0.582432
0.57347
0.563373
0.555498
0.54385
0.535868
0.516128
0.508003
0.510913
0.203165
0.15
0.15
0.15
0.15
0.15
0.15
0.599468
0.598993
0.598797
0.599643
0.600099
0.601308
0.601408
0.601893
0.601544
0.599938
0.599685
0.59386
0.592848
0.58269
0.572432
0.556202
0.54368
0.522356
0.513729
0.518328
0.222961
0.15
0.15
0.15
0.15
0.15
0.15
0.15
0.15
0.15
0.599658
0.599403
0.599101
0.599593
0.599412
0.60045
0.599482
0.600488
0.597785
0.597564
0.593606
0.588235
0.58578
0.566055
0.549225
0.518928
0.517912
0.227263
0.15
0.15
0.15
0.15
0.15
0.15
0.15
0.15
0.15
0.15
0.15
0.15
0.59982
0.59963
0.599486
0.599772
0.599802
0.60076
0.600313
0.601903
0.599279
0.601148
0.593717
0.592311
0.580657
0.547693
0.522603
0.318703
0.150002
0.15
0.15
0.15
0.15
0.15
0.15
0.15
0.15
0.15
0.15
0.15
0.15
0.15
0.599939
0.599765
0.599839
0.599907
0.600303
0.600796
0.601283
0.602221
0.601191
0.601984
0.592833
0.592512
0.561116
0.510419
0.166176
0.15
0.15
0.15
0.15
0.15
0.15
0.15
0.15
0.15
0.15
0.15
0.15
0.15
0.15
0.15
0.60001
0.599849
0.600075
0.60001
0.600694
0.600831
0.602181
0.602468
0.604024
0.603271
0.598508
0.591492
0.532719
0.171442
0.15
0.15
0.15
0.15
0.15
0.15
0.15
0.15
0.15
0.15
0.15
0.15
0.15
0.15
0.15
0.15
0.600037
0.5999
0.600177
0.600088
0.600872
0.600893
0.602627
0.60261
0.605819
0.604392
0.607889
0.587725
0.240922
0.15
0.15
0.15
0.15
0.15
0.15
0.15
0.15
0.15
0.15
0.15
0.15
0.15
0.15
0.15
0.15
0.15
)
;

boundaryField
{
    inlet1
    {
        type            fixedValue;
        value           uniform 0.85;
    }
    inlet2
    {
        type            zeroGradient;
    }
    inlet3
    {
        type            fixedValue;
        value           uniform 0.6;
    }
    output1
    {
        type            zeroGradient;
    }
    output2
    {
        type            zeroGradient;
    }
    output3
    {
        type            zeroGradient;
    }
    up
    {
        type            zeroGradient;
    }
    down
    {
        type            zeroGradient;
    }
    emptyWalls
    {
        type            empty;
    }
}


// ************************************************************************* //
