/*--------------------------------*- C++ -*----------------------------------*\
  =========                 |
  \\      /  F ield         | OpenFOAM: The Open Source CFD Toolbox
   \\    /   O peration     | Website:  https://openfoam.org
    \\  /    A nd           | Version:  9
     \\/     M anipulation  |
\*---------------------------------------------------------------------------*/
FoamFile
{
    format      ascii;
    class       volVectorField;
    location    "12500";
    object      ut;
}
// * * * * * * * * * * * * * * * * * * * * * * * * * * * * * * * * * * * * * //

dimensions      [0 1 -1 0 0 0 0];

internalField   nonuniform List<vector> 
900
(
(7.19285e-07 4.01592e-07 -0)
(5.4637e-08 7.06564e-10 -0)
(3.12124e-07 -9.76929e-09 -0)
(3.2907e-07 -2.23757e-08 -0)
(1.71151e-07 3.50564e-08 -0)
(2.58434e-07 1.38289e-08 -0)
(2.38312e-07 6.01528e-09 -0)
(2.29648e-07 2.64883e-09 -0)
(2.25998e-07 1.00127e-09 -0)
(2.24863e-07 1.33637e-10 -0)
(2.25044e-07 -3.15693e-10 -0)
(2.25862e-07 -5.02224e-10 -0)
(2.26864e-07 -4.99886e-10 -0)
(2.2771e-07 -3.4655e-10 -0)
(2.28118e-07 -6.19558e-11 -0)
(2.27835e-07 3.44788e-10 -0)
(2.26618e-07 8.71749e-10 -0)
(2.24224e-07 1.5222e-09 -0)
(2.20399e-07 2.30304e-09 -0)
(2.14873e-07 3.22302e-09 -0)
(2.07359e-07 4.29046e-09 -0)
(1.97558e-07 5.51003e-09 -0)
(1.8517e-07 6.87836e-09 -0)
(1.69913e-07 8.37822e-09 -0)
(1.51563e-07 9.97153e-09 -0)
(1.29999e-07 1.15924e-08 -0)
(1.05264e-07 1.3143e-08 -0)
(7.76246e-08 1.4496e-08 -0)
(4.76191e-08 1.55093e-08 -0)
(1.60549e-08 1.60547e-08 -0)
(7.33238e-06 1.80424e-05 -0)
(9.86653e-06 7.91935e-06 -0)
(4.66835e-07 1.84311e-06 -0)
(1.35824e-07 -1.65959e-09 -0)
(1.8821e-07 5.99452e-08 -0)
(2.29249e-07 2.81867e-08 -0)
(2.27132e-07 1.35987e-08 -0)
(2.24634e-07 6.22757e-09 -0)
(2.23482e-07 2.22374e-09 -0)
(2.23546e-07 -1.75188e-11 -0)
(2.24409e-07 -1.21e-09 -0)
(2.25678e-07 -1.69565e-09 -0)
(2.2702e-07 -1.65072e-09 -0)
(2.28148e-07 -1.17095e-09 -0)
(2.28809e-07 -3.08071e-10 -0)
(2.28769e-07 9.14074e-10 -0)
(2.27796e-07 2.49167e-09 -0)
(2.25655e-07 4.43613e-09 -0)
(2.221e-07 6.7699e-09 -0)
(2.1686e-07 9.52155e-09 -0)
(2.09646e-07 1.27192e-08 -0)
(2.00146e-07 1.63813e-08 -0)
(1.88038e-07 2.05035e-08 -0)
(1.73006e-07 2.50411e-08 -0)
(1.54778e-07 2.98869e-08 -0)
(1.33171e-07 3.48476e-08 -0)
(1.08167e-07 3.96266e-08 -0)
(7.99908e-08 4.38275e-08 -0)
(4.91779e-08 4.69955e-08 -0)
(1.66003e-08 4.87097e-08 -0)
(6.21806e-08 6.57381e-06 -0)
(1.0459e-07 3.91861e-06 -0)
(2.9478e-07 1.38418e-06 -0)
(9.93496e-08 8.84535e-09 -0)
(2.00914e-07 4.23634e-08 -0)
(2.12066e-07 2.5625e-08 -0)
(2.16353e-07 1.39654e-08 -0)
(2.18273e-07 6.43899e-09 -0)
(2.19753e-07 1.68361e-09 -0)
(2.21429e-07 -1.21748e-09 -0)
(2.23366e-07 -2.81111e-09 -0)
(2.25421e-07 -3.4196e-09 -0)
(2.27389e-07 -3.23634e-09 -0)
(2.29053e-07 -2.37851e-09 -0)
(2.30203e-07 -9.13574e-10 -0)
(2.30635e-07 1.12773e-09 -0)
(2.3014e-07 3.74455e-09 -0)
(2.28502e-07 6.96064e-09 -0)
(2.25484e-07 1.08188e-08 -0)
(2.20822e-07 1.53741e-08 -0)
(2.14219e-07 2.06835e-08 -0)
(2.05343e-07 2.67925e-08 -0)
(1.9383e-07 3.37133e-08 -0)
(1.79297e-07 4.13959e-08 -0)
(1.6137e-07 4.96874e-08 -0)
(1.39739e-07 5.82843e-08 -0)
(1.14244e-07 6.66884e-08 -0)
(8.49934e-08 7.4192e-08 -0)
(5.25013e-08 7.99355e-08 -0)
(1.77691e-08 8.30791e-08 -0)
(1.11847e-06 3.13178e-05 -0)
(3.89624e-07 6.13732e-06 -0)
(3.16628e-07 2.51907e-06 -0)
(7.15222e-08 1.00511e-08 -0)
(2.05211e-07 2.59819e-08 -0)
(2.00847e-07 1.79996e-08 -0)
(2.07946e-07 1.0199e-08 -0)
(2.12352e-07 3.87944e-09 -0)
(2.15826e-07 -7.10645e-10 -0)
(2.19051e-07 -3.72475e-09 -0)
(2.22206e-07 -5.39718e-09 -0)
(2.25253e-07 -5.93499e-09 -0)
(2.28061e-07 -5.49628e-09 -0)
(2.30471e-07 -4.19308e-09 -0)
(2.32316e-07 -2.09557e-09 -0)
(2.33427e-07 7.65709e-10 -0)
(2.33629e-07 4.39802e-09 -0)
(2.3273e-07 8.84294e-09 -0)
(2.30513e-07 1.41707e-08 -0)
(2.26725e-07 2.04725e-08 -0)
(2.21065e-07 2.78485e-08 -0)
(2.13176e-07 3.63917e-08 -0)
(2.02642e-07 4.61613e-08 -0)
(1.8898e-07 5.71417e-08 -0)
(1.71666e-07 6.91825e-08 -0)
(1.50172e-07 8.19141e-08 -0)
(1.24075e-07 9.46509e-08 -0)
(9.32378e-08 1.06317e-07 -0)
(5.8065e-08 1.15476e-07 -0)
(1.9744e-08 1.20592e-07 -0)
(1.69619e-06 2.84088e-05 -0)
(6.33008e-07 6.26387e-06 -0)
(3.69506e-07 2.70569e-06 -0)
(7.68945e-08 1.1148e-08 -0)
(2.03739e-07 1.19327e-08 -0)
(1.96283e-07 1.01977e-08 -0)
(2.02233e-07 4.95155e-09 -0)
(2.07363e-07 -4.09531e-10 -0)
(2.12148e-07 -4.68079e-09 -0)
(2.16742e-07 -7.57363e-09 -0)
(2.21156e-07 -9.11792e-09 -0)
(2.25322e-07 -9.42675e-09 -0)
(2.2913e-07 -8.62041e-09 -0)
(2.32453e-07 -6.80165e-09 -0)
(2.35162e-07 -4.04121e-09 -0)
(2.37128e-07 -3.67364e-10 -0)
(2.38218e-07 4.23881e-09 -0)
(2.38275e-07 9.84227e-09 -0)
(2.37114e-07 1.65487e-08 -0)
(2.345e-07 2.44966e-08 -0)
(2.30138e-07 3.38464e-08 -0)
(2.23656e-07 4.47648e-08 -0)
(2.1458e-07 5.73983e-08 -0)
(2.02318e-07 7.18273e-08 -0)
(1.86142e-07 8.79868e-08 -0)
(1.65207e-07 1.05539e-07 -0)
(1.38646e-07 1.23684e-07 -0)
(1.05818e-07 1.40949e-07 -0)
(6.67768e-08 1.55058e-07 -0)
(2.28858e-08 1.63222e-07 -0)
(1.67083e-06 4.83208e-05 -0)
(2.37152e-07 7.57488e-06 -0)
(2.73466e-07 3.45955e-06 -0)
(9.4628e-08 1.32533e-08 -0)
(1.99709e-07 9.26385e-09 -0)
(1.93866e-07 5.9078e-09 -0)
(1.97339e-07 -1.81077e-10 -0)
(2.0272e-07 -5.78837e-09 -0)
(2.08662e-07 -1.00294e-08 -0)
(2.14614e-07 -1.27712e-08 -0)
(2.20353e-07 -1.40745e-08 -0)
(2.2575e-07 -1.40338e-08 -0)
(2.30686e-07 -1.27568e-08 -0)
(2.3505e-07 -1.03515e-08 -0)
(2.3875e-07 -6.89988e-09 -0)
(2.41707e-07 -2.43251e-09 -0)
(2.43838e-07 3.08241e-09 -0)
(2.4504e-07 9.73864e-09 -0)
(2.45167e-07 1.76852e-08 -0)
(2.44023e-07 2.71188e-08 -0)
(2.41333e-07 3.82757e-08 -0)
(2.36728e-07 5.14229e-08 -0)
(2.29704e-07 6.68401e-08 -0)
(2.19569e-07 8.47823e-08 -0)
(2.05377e-07 1.05399e-07 -0)
(1.85869e-07 1.28569e-07 -0)
(1.59485e-07 1.53599e-07 -0)
(1.24611e-07 1.78736e-07 -0)
(8.03383e-08 2.00586e-07 -0)
(2.79081e-08 2.14016e-07 -0)
(1.06051e-07 4.85325e-05 -0)
(-8.82714e-07 7.67655e-06 -0)
(-1.55874e-07 3.29621e-06 -0)
(1.02014e-07 4.89619e-08 -0)
(1.95065e-07 1.96561e-08 -0)
(1.86838e-07 4.35065e-09 -0)
(1.90537e-07 -5.79543e-09 -0)
(1.97515e-07 -1.25336e-08 -0)
(2.05166e-07 -1.68773e-08 -0)
(2.12697e-07 -1.94076e-08 -0)
(2.19893e-07 -2.03755e-08 -0)
(2.2664e-07 -1.98779e-08 -0)
(2.32813e-07 -1.80215e-08 -0)
(2.3831e-07 -1.49476e-08 -0)
(2.43081e-07 -1.0774e-08 -0)
(2.47111e-07 -5.54483e-09 -0)
(2.50389e-07 7.85049e-10 -0)
(2.52878e-07 8.34479e-09 -0)
(2.54494e-07 1.73348e-08 -0)
(2.5509e-07 2.80176e-08 -0)
(2.54442e-07 4.0715e-08 -0)
(2.5222e-07 5.58111e-08 -0)
(2.47939e-07 7.37569e-08 -0)
(2.40877e-07 9.50632e-08 -0)
(2.29929e-07 1.20257e-07 -0)
(2.13408e-07 1.49739e-07 -0)
(1.88813e-07 1.83408e-07 -0)
(1.52804e-07 2.1981e-07 -0)
(1.02057e-07 2.54532e-07 -0)
(3.63165e-08 2.78241e-07 -0)
(-5.29375e-07 6.68774e-05 -0)
(-1.77399e-06 7.30142e-06 -0)
(6.22901e-08 4.67123e-08 -0)
(1.09597e-07 6.49344e-08 -0)
(1.54584e-07 2.02347e-08 -0)
(1.68414e-07 -2.36609e-09 -0)
(1.80454e-07 -1.48179e-08 -0)
(1.91638e-07 -2.16737e-08 -0)
(2.01788e-07 -2.55384e-08 -0)
(2.11116e-07 -2.76064e-08 -0)
(2.19883e-07 -2.81426e-08 -0)
(2.28104e-07 -2.70813e-08 -0)
(2.35616e-07 -2.45041e-08 -0)
(2.42297e-07 -2.06437e-08 -0)
(2.48153e-07 -1.57034e-08 -0)
(2.53266e-07 -9.75769e-09 -0)
(2.57728e-07 -2.74186e-09 -0)
(2.61589e-07 5.52089e-09 -0)
(2.6484e-07 1.52917e-08 -0)
(2.67403e-07 2.69019e-08 -0)
(2.69126e-07 4.07556e-08 -0)
(2.6977e-07 5.735e-08 -0)
(2.68956e-07 7.73133e-08 -0)
(2.66069e-07 1.01456e-07 -0)
(2.60054e-07 1.30828e-07 -0)
(2.4902e-07 1.66723e-07 -0)
(2.29556e-07 2.10484e-07 -0)
(1.95735e-07 2.62564e-07 -0)
(1.38769e-07 3.19491e-07 -0)
(5.16171e-08 3.66174e-07 -0)
(3.18173e-06 7.05504e-05 -0)
(1.73322e-07 5.76383e-06 -0)
(2.79516e-08 1.63795e-08 -0)
(9.9722e-08 2.3096e-08 -0)
(1.27754e-07 -7.67215e-10 -0)
(1.51786e-07 -1.92319e-08 -0)
(1.71229e-07 -2.94362e-08 -0)
(1.86794e-07 -3.38055e-08 -0)
(1.99233e-07 -3.59951e-08 -0)
(2.10093e-07 -3.73361e-08 -0)
(2.20418e-07 -3.75065e-08 -0)
(2.30278e-07 -3.58005e-08 -0)
(2.3925e-07 -3.227e-08 -0)
(2.47111e-07 -2.74198e-08 -0)
(2.53967e-07 -2.16385e-08 -0)
(2.60072e-07 -1.50407e-08 -0)
(2.65667e-07 -7.51556e-09 -0)
(2.70912e-07 1.18902e-09 -0)
(2.75875e-07 1.14094e-08 -0)
(2.80554e-07 2.35429e-08 -0)
(2.8489e-07 3.80554e-08 -0)
(2.88778e-07 5.552e-08 -0)
(2.92045e-07 7.66901e-08 -0)
(2.94391e-07 1.02621e-07 -0)
(2.95196e-07 1.34873e-07 -0)
(2.93065e-07 1.75842e-07 -0)
(2.84654e-07 2.29241e-07 -0)
(2.61811e-07 3.0047e-07 -0)
(2.05668e-07 3.94694e-07 -0)
(8.29998e-08 5.00791e-07 -0)
(2.49271e-06 8.16435e-05 -0)
(3.86055e-07 1.17339e-05 -0)
(2.45181e-08 1.2028e-08 -0)
(8.38512e-08 -1.93614e-08 -0)
(1.12256e-07 -2.71618e-08 -0)
(1.39745e-07 -4.4358e-08 -0)
(1.65881e-07 -4.9889e-08 -0)
(1.85079e-07 -4.81176e-08 -0)
(1.98257e-07 -4.72988e-08 -0)
(2.09604e-07 -4.82347e-08 -0)
(2.21419e-07 -4.87456e-08 -0)
(2.33341e-07 -4.63435e-08 -0)
(2.43997e-07 -4.13551e-08 -0)
(2.52929e-07 -3.51268e-08 -0)
(2.60532e-07 -2.83905e-08 -0)
(2.67389e-07 -2.12511e-08 -0)
(2.73957e-07 -1.34688e-08 -0)
(2.80514e-07 -4.65862e-09 -0)
(2.87194e-07 5.6142e-09 -0)
(2.94049e-07 1.78048e-08 -0)
(3.01103e-07 3.24031e-08 -0)
(3.08405e-07 4.99848e-08 -0)
(3.16057e-07 7.13058e-08 -0)
(3.24253e-07 9.7465e-08 -0)
(3.33274e-07 1.30204e-07 -0)
(3.43388e-07 1.72529e-07 -0)
(3.54184e-07 2.30169e-07 -0)
(3.61188e-07 3.15379e-07 -0)
(3.39091e-07 4.58025e-07 -0)
(1.57714e-07 7.41505e-07 -0)
(2.92311e-06 8.8232e-05 -0)
(1.08477e-06 5.7478e-06 -0)
(2.68386e-07 3.93567e-07 -0)
(5.51833e-08 -1.69573e-08 -0)
(1.02758e-07 -4.43896e-08 -0)
(1.29058e-07 -8.11497e-08 -0)
(1.67469e-07 -7.76429e-08 -0)
(1.89385e-07 -6.14779e-08 -0)
(1.99116e-07 -5.685e-08 -0)
(2.08646e-07 -5.95591e-08 -0)
(2.2231e-07 -6.28977e-08 -0)
(2.37669e-07 -5.94729e-08 -0)
(2.50467e-07 -5.16803e-08 -0)
(2.60075e-07 -4.33418e-08 -0)
(2.67843e-07 -3.55458e-08 -0)
(2.74994e-07 -2.81043e-08 -0)
(2.8226e-07 -2.04499e-08 -0)
(2.89995e-07 -1.19687e-08 -0)
(2.98338e-07 -2.09861e-09 -0)
(3.07343e-07 9.65925e-09 -0)
(3.1707e-07 2.37676e-08 -0)
(3.2768e-07 4.07101e-08 -0)
(3.39526e-07 6.10835e-08 -0)
(3.53289e-07 8.57294e-08 -0)
(3.7026e-07 1.15947e-07 -0)
(3.9303e-07 1.53901e-07 -0)
(4.27504e-07 2.03527e-07 -0)
(4.89667e-07 2.72854e-07 -0)
(6.31794e-07 3.8052e-07 -0)
(1.05588e-06 5.76302e-07 -0)
(-9.79141e-07 7.7116e-05 -0)
(2.48282e-06 1.53472e-05 -0)
(1.90649e-06 2.53102e-06 -0)
(7.51605e-07 3.14543e-07 -0)
(4.79004e-08 -2.11712e-08 -0)
(1.06489e-07 -5.72464e-08 -0)
(1.85553e-07 -1.18261e-07 -0)
(2.05872e-07 -6.33002e-08 -0)
(2.00176e-07 -5.90653e-08 -0)
(2.03556e-07 -7.02557e-08 -0)
(2.21505e-07 -8.3814e-08 -0)
(2.44558e-07 -7.69701e-08 -0)
(2.60128e-07 -6.25518e-08 -0)
(2.69063e-07 -5.10138e-08 -0)
(2.75769e-07 -4.23463e-08 -0)
(2.82485e-07 -3.51702e-08 -0)
(2.90093e-07 -2.82578e-08 -0)
(2.98866e-07 -2.06678e-08 -0)
(3.08822e-07 -1.16992e-08 -0)
(3.19915e-07 -8.36804e-10 -0)
(3.32154e-07 1.22976e-08 -0)
(3.45721e-07 2.80046e-08 -0)
(3.61076e-07 4.65884e-08 -0)
(3.79117e-07 6.84218e-08 -0)
(4.01445e-07 9.39553e-08 -0)
(4.30968e-07 1.236e-07 -0)
(4.73137e-07 1.57186e-07 -0)
(5.38181e-07 1.91988e-07 -0)
(6.4254e-07 2.14899e-07 -0)
(7.89509e-07 1.70869e-07 -0)
(1.1145e-05 8.7648e-05 -0)
(1.44717e-06 1.21471e-06 -0)
(1.43584e-06 6.77856e-07 -0)
(2.74477e-06 7.06484e-07 -0)
(5.83914e-06 1.37084e-06 -0)
(1.21136e-06 8.68031e-07 -0)
(1.60498e-07 4.54318e-09 -0)
(2.48581e-07 -1.48124e-08 -0)
(1.9216e-07 -4.5854e-08 -0)
(1.83898e-07 -7.85839e-08 -0)
(2.15595e-07 -1.25132e-07 -0)
(2.58931e-07 -1.02041e-07 -0)
(2.76423e-07 -7.05429e-08 -0)
(2.80281e-07 -5.58157e-08 -0)
(2.83686e-07 -4.76548e-08 -0)
(2.89082e-07 -4.19726e-08 -0)
(2.96762e-07 -3.67432e-08 -0)
(3.06553e-07 -3.0746e-08 -0)
(3.1817e-07 -2.31937e-08 -0)
(3.3134e-07 -1.36052e-08 -0)
(3.45912e-07 -1.74508e-09 -0)
(3.61971e-07 1.2422e-08 -0)
(3.79943e-07 2.88433e-08 -0)
(4.00656e-07 4.74141e-08 -0)
(4.25437e-07 6.78525e-08 -0)
(4.56261e-07 8.93559e-08 -0)
(4.95893e-07 1.0963e-07 -0)
(5.4738e-07 1.23015e-07 -0)
(6.10675e-07 1.16219e-07 -0)
(6.7011e-07 6.31458e-08 -0)
(4.58691e-05 6.37989e-05 -0)
(4.87672e-05 2.51239e-05 -0)
(5.20236e-05 1.594e-05 -0)
(1.523e-05 3.18467e-06 -0)
(8.15258e-06 1.86767e-06 -0)
(6.53576e-06 2.63277e-06 -0)
(1.13888e-07 6.86769e-08 -0)
(1.55447e-07 1.49656e-08 -0)
(1.36403e-07 -1.72496e-08 -0)
(1.24277e-07 -4.11653e-08 -0)
(1.98046e-07 -7.78887e-08 -0)
(2.99148e-07 -1.48153e-07 -0)
(3.06353e-07 -6.24146e-08 -0)
(2.91951e-07 -5.52044e-08 -0)
(2.89612e-07 -5.18776e-08 -0)
(2.93396e-07 -4.98024e-08 -0)
(3.0132e-07 -4.74921e-08 -0)
(3.12415e-07 -4.38009e-08 -0)
(3.25963e-07 -3.79744e-08 -0)
(3.41363e-07 -2.96924e-08 -0)
(3.58182e-07 -1.89544e-08 -0)
(3.76309e-07 -5.96805e-09 -0)
(3.96068e-07 8.88828e-09 -0)
(4.18126e-07 2.51628e-08 -0)
(4.43387e-07 4.21489e-08 -0)
(4.72746e-07 5.87268e-08 -0)
(5.06795e-07 7.22496e-08 -0)
(5.44769e-07 7.77642e-08 -0)
(5.82671e-07 6.61137e-08 -0)
(6.10145e-07 2.90082e-08 -0)
(2.74819e-05 -1.09444e-05 -0)
(4.64415e-05 2.69643e-06 -0)
(6.43883e-05 1.90543e-05 -0)
(6.64204e-05 3.0798e-05 -0)
(5.33225e-05 1.76256e-05 -0)
(4.74573e-05 1.19592e-05 -0)
(4.07209e-05 6.92166e-06 -0)
(4.07851e-05 1.18664e-06 -0)
(3.88867e-05 9.51275e-07 -0)
(3.41212e-05 2.24378e-06 -0)
(3.09011e-05 7.40004e-06 -0)
(1.97088e-07 -9.97457e-09 -0)
(3.50752e-07 -2.4273e-08 -0)
(2.65663e-07 -2.45663e-08 -0)
(2.59251e-07 -2.44714e-08 -0)
(2.61503e-07 -2.45042e-08 -0)
(2.69124e-07 -2.42251e-08 -0)
(2.81151e-07 -2.31847e-08 -0)
(2.96572e-07 -2.1041e-08 -0)
(3.12581e-07 -1.75559e-08 -0)
(3.25107e-07 -1.27183e-08 -0)
(3.35658e-07 -6.96492e-09 -0)
(3.46163e-07 -6.92193e-10 -0)
(3.56988e-07 5.79866e-09 -0)
(3.69539e-07 1.21513e-08 -0)
(3.83955e-07 1.79871e-08 -0)
(3.96765e-07 2.21929e-08 -0)
(4.16705e-07 2.379e-08 -0)
(4.5909e-07 2.04729e-08 -0)
(5.32892e-07 9.22101e-09 -0)
(2.31095e-06 -1.58182e-05 -0)
(9.84991e-06 -8.56835e-06 -0)
(1.69604e-05 -2.73884e-07 -0)
(4.24129e-05 1.04056e-05 -0)
(5.22701e-05 1.47986e-05 -0)
(5.75714e-05 1.27904e-05 -0)
(6.16959e-05 8.40824e-06 -0)
(5.99207e-05 4.05872e-06 -0)
(6.19543e-05 4.62797e-06 -0)
(5.4002e-05 8.15942e-06 -0)
(5.92439e-05 1.8146e-05 -0)
(4.63194e-05 2.01763e-05 -0)
(4.68427e-05 1.65075e-06 -0)
(4.64064e-05 -1.47865e-07 -0)
(4.80222e-05 -9.54148e-07 -0)
(5.1139e-05 -1.40599e-06 -0)
(5.50718e-05 -1.66335e-06 -0)
(5.94287e-05 -1.80047e-06 -0)
(6.4004e-05 -1.8648e-06 -0)
(6.87043e-05 -1.88784e-06 -0)
(7.34822e-05 -1.88988e-06 -0)
(7.83123e-05 -1.89694e-06 -0)
(8.32662e-05 -1.93678e-06 -0)
(8.83957e-05 -2.05115e-06 -0)
(9.40619e-05 -2.28213e-06 -0)
(0.00010029 -2.62846e-06 -0)
(0.000107742 -2.98687e-06 -0)
(0.00011532 -3.04602e-06 -0)
(0.000123375 -2.42129e-06 -0)
(0.000127142 -9.67735e-07 -0)
(2.94089e-06 -2.20654e-05 -0)
(9.8408e-06 -1.57744e-05 -0)
(1.54737e-05 -7.04262e-06 -0)
(2.61127e-05 -1.85885e-06 -0)
(3.67119e-05 3.09217e-06 -0)
(4.55299e-05 4.88772e-06 -0)
(5.17326e-05 4.37439e-06 -0)
(5.37991e-05 3.59759e-06 -0)
(5.58696e-05 5.09734e-06 -0)
(5.63552e-05 8.35147e-06 -0)
(6.17308e-05 1.33285e-05 -0)
(7.03193e-05 1.39491e-05 -0)
(7.18452e-05 4.03395e-06 -0)
(7.47206e-05 -1.47729e-06 -0)
(7.87729e-05 -4.54832e-06 -0)
(8.40865e-05 -6.38036e-06 -0)
(9.02748e-05 -7.4451e-06 -0)
(9.70396e-05 -8.03496e-06 -0)
(0.000104126 -8.3436e-06 -0)
(0.000111458 -8.50822e-06 -0)
(0.000118914 -8.58292e-06 -0)
(0.000126433 -8.65747e-06 -0)
(0.000134024 -8.82571e-06 -0)
(0.000141615 -9.2899e-06 -0)
(0.000149775 -1.02328e-05 -0)
(0.000158317 -1.1778e-05 -0)
(0.000168871 -1.36201e-05 -0)
(0.000179933 -1.45789e-05 -0)
(0.000193917 -1.24632e-05 -0)
(0.000202675 -5.38241e-06 -0)
(4.44883e-06 -3.11057e-05 -0)
(1.17302e-05 -2.20105e-05 -0)
(2.0467e-05 -1.55716e-05 -0)
(2.84078e-05 -9.40781e-06 -0)
(3.62542e-05 -4.52278e-06 -0)
(4.3191e-05 -1.45372e-06 -0)
(4.8705e-05 1.96582e-07 -0)
(5.24252e-05 1.29133e-06 -0)
(5.57427e-05 2.84855e-06 -0)
(6.00004e-05 4.68439e-06 -0)
(6.58505e-05 5.96581e-06 -0)
(7.56332e-05 4.7785e-06 -0)
(8.24902e-05 -1.90478e-07 -0)
(8.89839e-05 -5.6252e-06 -0)
(9.57364e-05 -9.76825e-06 -0)
(0.000103026 -1.25775e-05 -0)
(0.000110696 -1.43412e-05 -0)
(0.000118816 -1.54136e-05 -0)
(0.000127035 -1.60336e-05 -0)
(0.000135575 -1.64131e-05 -0)
(0.000143886 -1.65587e-05 -0)
(0.0001524 -1.66191e-05 -0)
(0.000160202 -1.66263e-05 -0)
(0.000168017 -1.70516e-05 -0)
(0.000174908 -1.81236e-05 -0)
(0.00018234 -2.04674e-05 -0)
(0.000189691 -2.38331e-05 -0)
(0.000199594 -2.7513e-05 -0)
(0.000212044 -2.70264e-05 -0)
(0.000227352 -1.50439e-05 -0)
(6.38721e-06 -4.00613e-05 -0)
(1.81137e-05 -3.13839e-05 -0)
(2.87228e-05 -2.35226e-05 -0)
(3.79116e-05 -1.70395e-05 -0)
(4.60096e-05 -1.16905e-05 -0)
(5.2989e-05 -7.58475e-06 -0)
(5.89958e-05 -4.70615e-06 -0)
(6.43084e-05 -2.77578e-06 -0)
(6.96006e-05 -1.48931e-06 -0)
(7.59547e-05 -9.67191e-07 -0)
(8.35028e-05 -1.73227e-06 -0)
(9.29733e-05 -4.15101e-06 -0)
(0.00010222 -8.33419e-06 -0)
(0.000110698 -1.33359e-05 -0)
(0.000118509 -1.76957e-05 -0)
(0.000126044 -2.08788e-05 -0)
(0.00013335 -2.2948e-05 -0)
(0.000140673 -2.41926e-05 -0)
(0.00014769 -2.48446e-05 -0)
(0.000154736 -2.51292e-05 -0)
(0.000161049 -2.50367e-05 -0)
(0.000167562 -2.46809e-05 -0)
(0.000172586 -2.38994e-05 -0)
(0.000177634 -2.34323e-05 -0)
(0.000180107 -2.35102e-05 -0)
(0.000183008 -2.53593e-05 -0)
(0.000183293 -2.90079e-05 -0)
(0.000186939 -3.54357e-05 -0)
(0.000190811 -4.06052e-05 -0)
(0.000205298 -3.49065e-05 -0)
(1.28042e-05 -5.55486e-05 -0)
(3.45902e-05 -4.23308e-05 -0)
(4.79257e-05 -3.3913e-05 -0)
(5.63513e-05 -2.60084e-05 -0)
(6.27055e-05 -1.9361e-05 -0)
(6.80661e-05 -1.42574e-05 -0)
(7.32025e-05 -1.0774e-05 -0)
(7.84128e-05 -8.73806e-06 -0)
(8.41332e-05 -8.06319e-06 -0)
(9.07923e-05 -8.7072e-06 -0)
(9.82324e-05 -1.06869e-05 -0)
(0.00010628 -1.37632e-05 -0)
(0.000113978 -1.75142e-05 -0)
(0.000120807 -2.14591e-05 -0)
(0.000126598 -2.48842e-05 -0)
(0.000131783 -2.74342e-05 -0)
(0.000136492 -2.90387e-05 -0)
(0.000140686 -2.9827e-05 -0)
(0.000144504 -3.00323e-05 -0)
(0.000147725 -2.97372e-05 -0)
(0.00015031 -2.91896e-05 -0)
(0.000152748 -2.82286e-05 -0)
(0.000153841 -2.65098e-05 -0)
(0.000155297 -2.46144e-05 -0)
(0.000153041 -2.28136e-05 -0)
(0.0001514 -2.31652e-05 -0)
(0.000145324 -2.59602e-05 -0)
(0.000145429 -3.26726e-05 -0)
(0.000137678 -4.14747e-05 -0)
(0.000173325 -6.584e-05 -0)
(8.89243e-05 -7.95471e-05 -0)
(8.14745e-05 -6.2506e-05 -0)
(7.64415e-05 -4.47018e-05 -0)
(7.32385e-05 -3.18368e-05 -0)
(7.22011e-05 -2.34808e-05 -0)
(7.25304e-05 -1.8032e-05 -0)
(7.45066e-05 -1.48754e-05 -0)
(7.73499e-05 -1.33802e-05 -0)
(8.14399e-05 -1.34658e-05 -0)
(8.62558e-05 -1.47725e-05 -0)
(9.17722e-05 -1.71119e-05 -0)
(9.7644e-05 -2.00554e-05 -0)
(0.000103377 -2.31886e-05 -0)
(0.000109135 -2.62965e-05 -0)
(0.00011431 -2.89289e-05 -0)
(0.00011925 -3.09001e-05 -0)
(0.000123086 -3.18416e-05 -0)
(0.00012578 -3.20238e-05 -0)
(0.000127608 -3.16551e-05 -0)
(0.000127945 -3.06748e-05 -0)
(0.000128266 -2.97353e-05 -0)
(0.00012687 -2.82178e-05 -0)
(0.000125384 -2.63779e-05 -0)
(0.000124444 -2.31219e-05 -0)
(0.000120226 -1.86905e-05 -0)
(0.000113872 -1.74722e-05 -0)
(0.000108442 -2.07971e-05 -0)
(9.99459e-05 -2.86503e-05 -0)
(9.58804e-05 -4.79497e-05 -0)
(5.40879e-05 -0.000107946 -0)
(8.02567e-05 -5.05584e-05 -0)
(6.5588e-05 -3.86216e-05 -0)
(5.85875e-05 -2.98081e-05 -0)
(5.6607e-05 -2.36592e-05 -0)
(5.75974e-05 -1.95948e-05 -0)
(5.96543e-05 -1.69206e-05 -0)
(6.32569e-05 -1.57405e-05 -0)
(6.69294e-05 -1.56015e-05 -0)
(7.21347e-05 -1.68889e-05 -0)
(7.71045e-05 -1.89764e-05 -0)
(8.32872e-05 -2.20933e-05 -0)
(8.9314e-05 -2.5471e-05 -0)
(9.57128e-05 -2.90132e-05 -0)
(0.000102206 -3.2257e-05 -0)
(0.000107773 -3.45706e-05 -0)
(0.000112494 -3.56745e-05 -0)
(0.000114196 -3.49176e-05 -0)
(0.000114495 -3.35522e-05 -0)
(0.000112235 -3.16344e-05 -0)
(0.000108623 -2.9802e-05 -0)
(0.00010622 -2.78679e-05 -0)
(9.97109e-05 -2.48208e-05 -0)
(9.47239e-05 -2.4438e-05 -0)
(9.20946e-05 -2.09285e-05 -0)
(8.50786e-05 -1.18139e-05 -0)
(7.8995e-05 -9.9839e-06 -0)
(6.91006e-05 -1.23771e-05 -0)
(6.16969e-05 -2.16213e-05 -0)
(4.46139e-05 -2.54621e-05 -0)
(9.17812e-06 -6.27412e-06 -0)
(8.55614e-05 -4.05733e-05 -0)
(7.96373e-05 -3.80868e-05 -0)
(7.6576e-05 -3.3965e-05 -0)
(7.51997e-05 -2.9346e-05 -0)
(7.51059e-05 -2.54313e-05 -0)
(7.517e-05 -2.26355e-05 -0)
(7.6615e-05 -2.15015e-05 -0)
(7.72859e-05 -2.14522e-05 -0)
(8.01097e-05 -2.31848e-05 -0)
(8.13839e-05 -2.53179e-05 -0)
(8.54138e-05 -2.8971e-05 -0)
(8.79815e-05 -3.21131e-05 -0)
(9.25481e-05 -3.57743e-05 -0)
(9.64412e-05 -3.81937e-05 -0)
(9.96098e-05 -3.90241e-05 -0)
(0.000100408 -3.74895e-05 -0)
(9.72904e-05 -3.38671e-05 -0)
(9.44207e-05 -3.01453e-05 -0)
(8.65404e-05 -2.57897e-05 -0)
(8.00305e-05 -2.49226e-05 -0)
(7.58721e-05 -2.23655e-05 -0)
(6.52065e-05 -1.54845e-05 -0)
(6.06814e-05 -1.88306e-05 -0)
(5.01269e-05 -2.03199e-05 -0)
(4.65346e-05 -3.18231e-06 -0)
(4.17968e-05 -2.47494e-06 -0)
(3.33397e-05 -3.1616e-06 -0)
(3.04579e-05 -6.96256e-06 -0)
(1.72382e-06 -8.20961e-07 -0)
(2.53888e-07 -3.07328e-07 -0)
(8.74555e-05 -3.23813e-05 -0)
(8.06007e-05 -3.05482e-05 -0)
(7.44572e-05 -2.73325e-05 -0)
(7.01442e-05 -2.40028e-05 -0)
(6.70026e-05 -2.11268e-05 -0)
(6.52768e-05 -1.94315e-05 -0)
(6.46435e-05 -1.89487e-05 -0)
(6.43023e-05 -1.96584e-05 -0)
(6.60805e-05 -2.19513e-05 -0)
(6.65207e-05 -2.46499e-05 -0)
(7.1223e-05 -2.94588e-05 -0)
(7.26408e-05 -3.28716e-05 -0)
(7.87062e-05 -3.79222e-05 -0)
(8.13819e-05 -3.96783e-05 -0)
(8.34163e-05 -3.90092e-05 -0)
(7.97976e-05 -3.40352e-05 -0)
(7.39344e-05 -2.90733e-05 -0)
(6.94819e-05 -2.38095e-05 -0)
(5.79814e-05 -1.57225e-05 -0)
(5.31387e-05 -1.84167e-05 -0)
(4.22057e-05 -1.92812e-05 -0)
(3.48979e-05 -4.12581e-06 -0)
(3.13366e-05 -6.75444e-06 -0)
(4.26851e-07 -8.19667e-08 -0)
(6.22448e-07 -1.20754e-07 -0)
(4.37922e-07 -1.46917e-07 -0)
(3.67203e-07 -1.8026e-07 -0)
(2.34559e-07 -2.1077e-07 -0)
(1.32813e-07 -2.73389e-07 -0)
(6.04922e-08 -4.82002e-07 -0)
(8.81003e-05 -2.56383e-05 -0)
(8.2509e-05 -2.47486e-05 -0)
(7.74249e-05 -2.32294e-05 -0)
(7.41423e-05 -2.17162e-05 -0)
(7.11904e-05 -2.0232e-05 -0)
(7.00288e-05 -1.97761e-05 -0)
(6.85674e-05 -2.00256e-05 -0)
(6.84507e-05 -2.19012e-05 -0)
(6.85033e-05 -2.48396e-05 -0)
(6.83164e-05 -2.88641e-05 -0)
(7.1209e-05 -3.45323e-05 -0)
(6.93647e-05 -3.78102e-05 -0)
(7.50645e-05 -4.38861e-05 -0)
(7.19691e-05 -4.20075e-05 -0)
(6.95828e-05 -3.77745e-05 -0)
(5.89745e-05 -2.76301e-05 -0)
(5.28088e-05 -2.22377e-05 -0)
(4.07856e-05 -1.92941e-05 -0)
(3.27131e-05 -4.1708e-06 -0)
(2.90836e-05 -6.66132e-06 -0)
(3.16951e-07 -4.51849e-08 -0)
(4.85879e-07 -5.43122e-08 -0)
(3.48999e-07 -3.19592e-08 -0)
(4.23949e-07 1.5881e-09 -0)
(4.47053e-07 -1.95816e-07 -0)
(3.78367e-07 -2.54066e-07 -0)
(3.05691e-07 -3.10936e-07 -0)
(2.14473e-07 -3.58547e-07 -0)
(1.26942e-07 -3.54794e-07 -0)
(4.53074e-08 -3.76185e-07 -0)
(8.85946e-05 -2.00494e-05 -0)
(8.3749e-05 -1.96304e-05 -0)
(7.88845e-05 -1.88541e-05 -0)
(7.52644e-05 -1.80896e-05 -0)
(7.12124e-05 -1.72521e-05 -0)
(6.90897e-05 -1.72795e-05 -0)
(6.53331e-05 -1.76406e-05 -0)
(6.4379e-05 -1.98867e-05 -0)
(6.05375e-05 -2.22887e-05 -0)
(6.03538e-05 -2.72812e-05 -0)
(5.82454e-05 -3.16686e-05 -0)
(5.66267e-05 -3.61563e-05 -0)
(6.06795e-05 -4.20111e-05 -0)
(5.10395e-05 -3.50027e-05 -0)
(4.6375e-05 -2.912e-05 -0)
(3.03939e-05 -1.92163e-05 -0)
(2.83623e-05 -7.17583e-06 -0)
(2.75276e-07 -3.9994e-08 -0)
(4.10423e-07 -3.64112e-08 -0)
(3.09134e-07 1.17817e-10 -0)
(3.85251e-07 5.88598e-08 -0)
(3.998e-07 -7.39332e-08 -0)
(3.69518e-07 -6.09995e-08 -0)
(3.757e-07 -6.93594e-08 -0)
(3.66794e-07 -1.42411e-07 -0)
(3.22802e-07 -1.94792e-07 -0)
(2.62722e-07 -2.37454e-07 -0)
(1.90701e-07 -2.68789e-07 -0)
(1.15175e-07 -2.81493e-07 -0)
(3.91014e-08 -2.91776e-07 -0)
(8.8938e-05 -1.51293e-05 -0)
(8.43813e-05 -1.49176e-05 -0)
(7.98824e-05 -1.45783e-05 -0)
(7.60019e-05 -1.42228e-05 -0)
(7.19028e-05 -1.39541e-05 -0)
(6.90417e-05 -1.42295e-05 -0)
(6.47903e-05 -1.49729e-05 -0)
(6.29901e-05 -1.73051e-05 -0)
(5.75302e-05 -2.0011e-05 -0)
(5.74191e-05 -2.61199e-05 -0)
(5.07845e-05 -2.99465e-05 -0)
(5.19062e-05 -3.79978e-05 -0)
(4.85235e-05 -3.92204e-05 -0)
(3.29276e-05 -2.65311e-05 -0)
(2.39469e-05 -1.81669e-05 -0)
(3.61965e-07 -8.72381e-08 -0)
(3.94756e-07 -1.98765e-08 -0)
(3.53928e-07 4.58379e-08 -0)
(3.66085e-07 -4.44762e-08 -0)
(3.47538e-07 -5.83471e-09 -0)
(3.62732e-07 -1.41098e-09 -0)
(3.6602e-07 -3.89654e-08 -0)
(3.53572e-07 -5.32361e-08 -0)
(3.42538e-07 -7.22694e-08 -0)
(3.2162e-07 -1.09677e-07 -0)
(2.83324e-07 -1.45238e-07 -0)
(2.31694e-07 -1.753e-07 -0)
(1.70435e-07 -1.97664e-07 -0)
(1.03955e-07 -2.10614e-07 -0)
(3.50241e-08 -2.17651e-07 -0)
(8.91605e-05 -1.05964e-05 -0)
(8.47079e-05 -1.04896e-05 -0)
(8.05531e-05 -1.03781e-05 -0)
(7.63437e-05 -1.02164e-05 -0)
(7.24531e-05 -1.02458e-05 -0)
(6.85606e-05 -1.04989e-05 -0)
(6.44559e-05 -1.13708e-05 -0)
(6.06444e-05 -1.30985e-05 -0)
(5.49057e-05 -1.59077e-05 -0)
(5.14699e-05 -2.09907e-05 -0)
(4.20446e-05 -2.48289e-05 -0)
(4.24215e-05 -3.39494e-05 -0)
(2.88728e-05 -2.67122e-05 -0)
(1.5168e-05 -1.32793e-05 -0)
(2.61549e-07 -4.19926e-08 -0)
(3.85927e-07 3.32051e-08 -0)
(3.74733e-07 -1.97809e-08 -0)
(3.61508e-07 7.50486e-10 -0)
(3.58751e-07 -1.50879e-08 -0)
(3.522e-07 -1.01244e-08 -0)
(3.52121e-07 -1.22365e-08 -0)
(3.47975e-07 -2.72813e-08 -0)
(3.36214e-07 -4.07098e-08 -0)
(3.19259e-07 -5.68054e-08 -0)
(2.93825e-07 -7.8789e-08 -0)
(2.57179e-07 -1.01182e-07 -0)
(2.10297e-07 -1.20843e-07 -0)
(1.55387e-07 -1.35951e-07 -0)
(9.51874e-08 -1.45648e-07 -0)
(3.20642e-08 -1.50563e-07 -0)
(8.92864e-05 -6.28292e-06 -0)
(8.48786e-05 -6.23541e-06 -0)
(8.09367e-05 -6.21401e-06 -0)
(7.65003e-05 -6.15022e-06 -0)
(7.27994e-05 -6.25225e-06 -0)
(6.81642e-05 -6.41764e-06 -0)
(6.43954e-05 -7.09104e-06 -0)
(5.8911e-05 -8.08087e-06 -0)
(5.38508e-05 -1.03291e-05 -0)
(4.64723e-05 -1.35177e-05 -0)
(3.73252e-05 -1.84247e-05 -0)
(3.09969e-05 -2.50475e-05 -0)
(1.26981e-05 -1.42346e-05 -0)
(2.07335e-07 -2.19644e-08 -0)
(3.59024e-07 3.92046e-08 -0)
(3.61186e-07 1.8388e-08 -0)
(3.62304e-07 -4.53069e-10 -0)
(3.58621e-07 -1.66756e-09 -0)
(3.5521e-07 -6.50151e-09 -0)
(3.50389e-07 -7.33798e-09 -0)
(3.45575e-07 -1.01297e-08 -0)
(3.37547e-07 -1.72136e-08 -0)
(3.24048e-07 -2.55166e-08 -0)
(3.04459e-07 -3.54537e-08 -0)
(2.77243e-07 -4.74913e-08 -0)
(2.4127e-07 -5.98592e-08 -0)
(1.96926e-07 -7.09384e-08 -0)
(1.45629e-07 -7.96495e-08 -0)
(8.93436e-08 -8.5464e-08 -0)
(3.01094e-08 -8.83887e-08 -0)
(8.93327e-05 -2.0824e-06 -0)
(8.49666e-05 -2.06998e-06 -0)
(8.10902e-05 -2.06869e-06 -0)
(7.65876e-05 -2.05423e-06 -0)
(7.29292e-05 -2.09971e-06 -0)
(6.79935e-05 -2.15897e-06 -0)
(6.43545e-05 -2.40468e-06 -0)
(5.80621e-05 -2.71841e-06 -0)
(5.35421e-05 -3.5644e-06 -0)
(4.36304e-05 -4.61678e-06 -0)
(3.5466e-05 -7.56975e-06 -0)
(1.75941e-05 -9.20998e-06 -0)
(1.02259e-07 -2.93408e-08 -0)
(2.86945e-07 4.32409e-08 -0)
(3.22943e-07 1.61648e-08 -0)
(3.46269e-07 7.16013e-09 -0)
(3.54678e-07 1.24817e-09 -0)
(3.5546e-07 -4.6638e-10 -0)
(3.5308e-07 -1.91279e-09 -0)
(3.48572e-07 -2.59627e-09 -0)
(3.42245e-07 -3.73057e-09 -0)
(3.32588e-07 -5.92667e-09 -0)
(3.17974e-07 -8.68894e-09 -0)
(2.97284e-07 -1.20012e-08 -0)
(2.6942e-07 -1.58634e-08 -0)
(2.33732e-07 -1.98247e-08 -0)
(1.90506e-07 -2.34014e-08 -0)
(1.40861e-07 -2.62441e-08 -0)
(8.64482e-08 -2.81695e-08 -0)
(2.91395e-08 -2.91395e-08 -0)
)
;

boundaryField
{
    inlet1
    {
        type            extrapolatedCalculated;
        value           nonuniform List<vector> 10((1e-05 9.24269e-06 -0) (1e-05 1.84261e-05 -0) (1e-05 8.65235e-05 -0) (1e-05 0.00016909 -0) (1e-05 0.000200819 -0) (1e-05 0.00022582 -0) (1e-05 0.000245445 -0) (1e-05 0.000255775 -0) (1e-05 0.000236569 -0) (1e-05 0.000191617 -0));
    }
    inlet2
    {
        type            extrapolatedCalculated;
        value           nonuniform List<vector> 10((-0 8.8232e-05 -0) (-0 7.7116e-05 -0) (-0 8.7648e-05 -0) (-0 6.37989e-05 -0) (-0 -1.09444e-05 -0) (-0 -1.58182e-05 -0) (-0 -2.20654e-05 -0) (-0 -3.11057e-05 -0) (-0 -4.00613e-05 -0) (-0 -5.55486e-05 -0));
    }
    inlet3
    {
        type            extrapolatedCalculated;
        value           nonuniform List<vector> 10((9.13394e-05 -6.88109e-05 -0) (9.13394e-05 -5.34668e-05 -0) (9.13394e-05 -4.14228e-05 -0) (9.13394e-05 -3.27218e-05 -0) (9.13394e-05 -2.58573e-05 -0) (9.13394e-05 -2.01596e-05 -0) (9.13394e-05 -1.51728e-05 -0) (9.13394e-05 -1.06068e-05 -0) (9.13394e-05 -6.28187e-06 -0) (9.13394e-05 -2.08115e-06 -0));
    }
    output1
    {
        type            extrapolatedCalculated;
        value           nonuniform List<vector> 10((-0 1.60547e-08 -0) (-0 4.87097e-08 -0) (-0 8.30791e-08 -0) (-0 1.20592e-07 -0) (-0 1.63222e-07 -0) (-0 2.14016e-07 -0) (-0 2.78241e-07 -0) (-0 3.66174e-07 -0) (-0 5.00791e-07 -0) (-0 7.41505e-07 -0));
    }
    output2
    {
        type            extrapolatedCalculated;
        value           nonuniform List<vector> 10((1.3788e-06 5.76302e-07 -0) (8.72025e-07 1.70869e-07 -0) (6.95318e-07 6.31458e-08 -0) (6.19442e-07 2.90082e-08 -0) (5.36875e-07 9.22101e-09 -0) (0.000128139 -9.67735e-07 -0) (0.000204874 -5.38241e-06 -0) (0.000232711 -1.50439e-05 -0) (0.000221488 -3.49065e-05 -0) (0.000222087 -6.584e-05 -0));
    }
    output3
    {
        type            extrapolatedCalculated;
        value           nonuniform List<vector> 10((-0 -0.000107946 -0) (-0 -6.27412e-06 -0) (-0 -3.07328e-07 -0) (-0 -4.82002e-07 -0) (-0 -3.76185e-07 -0) (-0 -2.91776e-07 -0) (-0 -2.17651e-07 -0) (-0 -1.50563e-07 -0) (-0 -8.83887e-08 -0) (-0 -2.91395e-08 -0));
    }
    up
    {
        type            extrapolatedCalculated;
        value           nonuniform List<vector> 
30
(
(8.93327e-05 -0 -0)
(8.49666e-05 -0 -0)
(8.10902e-05 -0 -0)
(7.65876e-05 -0 -0)
(7.29292e-05 -0 -0)
(6.79935e-05 -0 -0)
(6.43545e-05 -0 -0)
(5.80621e-05 -0 -0)
(5.35421e-05 -0 -0)
(4.36304e-05 -0 -0)
(3.5466e-05 -0 -0)
(1.75941e-05 -0 -0)
(1.02259e-07 -0 -0)
(2.86945e-07 -0 -0)
(3.22943e-07 -0 -0)
(3.46269e-07 -0 -0)
(3.54678e-07 -0 -0)
(3.5546e-07 -0 -0)
(3.5308e-07 -0 -0)
(3.48572e-07 -0 -0)
(3.42245e-07 -0 -0)
(3.32588e-07 -0 -0)
(3.17974e-07 -0 -0)
(2.97284e-07 -0 -0)
(2.6942e-07 -0 -0)
(2.33732e-07 -0 -0)
(1.90506e-07 -0 -0)
(1.40861e-07 -0 -0)
(8.64482e-08 -0 -0)
(2.91395e-08 -0 -0)
)
;
    }
    down
    {
        type            extrapolatedCalculated;
        value           nonuniform List<vector> 
30
(
(7.19285e-07 -0 -0)
(5.4637e-08 -0 -0)
(3.12124e-07 -0 -0)
(3.2907e-07 -0 -0)
(1.71151e-07 -0 -0)
(2.58434e-07 -0 -0)
(2.38312e-07 -0 -0)
(2.29648e-07 -0 -0)
(2.25998e-07 -0 -0)
(2.24863e-07 -0 -0)
(2.25044e-07 -0 -0)
(2.25862e-07 -0 -0)
(2.26864e-07 -0 -0)
(2.2771e-07 -0 -0)
(2.28118e-07 -0 -0)
(2.27835e-07 -0 -0)
(2.26618e-07 -0 -0)
(2.24224e-07 -0 -0)
(2.20399e-07 -0 -0)
(2.14873e-07 -0 -0)
(2.07359e-07 -0 -0)
(1.97558e-07 -0 -0)
(1.8517e-07 -0 -0)
(1.69913e-07 -0 -0)
(1.51563e-07 -0 -0)
(1.29999e-07 -0 -0)
(1.05264e-07 -0 -0)
(7.76246e-08 -0 -0)
(4.76191e-08 -0 -0)
(1.60549e-08 -0 -0)
)
;
    }
    emptyWalls
    {
        type            empty;
    }
}


// ************************************************************************* //
