/*--------------------------------*- C++ -*----------------------------------*\
  =========                 |
  \\      /  F ield         | OpenFOAM: The Open Source CFD Toolbox
   \\    /   O peration     | Website:  https://openfoam.org
    \\  /    A nd           | Version:  9
     \\/     M anipulation  |
\*---------------------------------------------------------------------------*/
FoamFile
{
    format      ascii;
    class       volVectorField;
    location    "1000";
    object      ut;
}
// * * * * * * * * * * * * * * * * * * * * * * * * * * * * * * * * * * * * * //

dimensions      [0 1 -1 0 0 0 0];

internalField   nonuniform List<vector> 
100
(
(1.0488e-05 -0 -0)
(8.78918e-06 -0 -0)
(1.01694e-05 -0 -0)
(9.9561e-06 -0 -0)
(8.90055e-06 -0 -0)
(1.1045e-05 -0 -0)
(8.11909e-06 -0 -0)
(1.5386e-05 -0 -0)
(4.79748e-06 -0 -0)
(1.02469e-05 -0 -0)
(1.00002e-05 -0 -0)
(1e-05 -0 -0)
(1e-05 -0 -0)
(1e-05 -0 -0)
(1e-05 -0 -0)
(1e-05 -0 -0)
(1e-05 -0 -0)
(1e-05 -0 -0)
(1e-05 -0 -0)
(1e-05 -0 -0)
(1e-05 -0 -0)
(1e-05 -0 -0)
(1e-05 -0 -0)
(1e-05 -0 -0)
(1e-05 -0 -0)
(1e-05 -0 -0)
(1e-05 -0 -0)
(1e-05 -0 -0)
(1e-05 -0 -0)
(1e-05 -0 -0)
(1e-05 -0 -0)
(1e-05 -0 -0)
(1e-05 -0 -0)
(1e-05 -0 -0)
(1e-05 -0 -0)
(1e-05 -0 -0)
(1e-05 -0 -0)
(1e-05 -0 -0)
(1e-05 -0 -0)
(1e-05 -0 -0)
(1e-05 -0 -0)
(1e-05 -0 -0)
(1e-05 -0 -0)
(1e-05 -0 -0)
(1e-05 -0 -0)
(1e-05 -0 -0)
(1e-05 -0 -0)
(1e-05 -0 -0)
(1e-05 -0 -0)
(1e-05 -0 -0)
(1e-05 -0 -0)
(1e-05 -0 -0)
(1e-05 -0 -0)
(1e-05 -0 -0)
(1e-05 -0 -0)
(1e-05 -0 -0)
(1e-05 -0 -0)
(1e-05 -0 -0)
(1e-05 -0 -0)
(1e-05 -0 -0)
(1e-05 -0 -0)
(1e-05 -0 -0)
(1e-05 -0 -0)
(1e-05 -0 -0)
(1e-05 -0 -0)
(1e-05 -0 -0)
(1e-05 -0 -0)
(1e-05 -0 -0)
(1e-05 -0 -0)
(1e-05 -0 -0)
(1e-05 -0 -0)
(1e-05 -0 -0)
(1e-05 -0 -0)
(1e-05 -0 -0)
(1e-05 -0 -0)
(1e-05 -0 -0)
(1e-05 -0 -0)
(1e-05 -0 -0)
(1e-05 -0 -0)
(1e-05 -0 -0)
(1e-05 -0 -0)
(1e-05 -0 -0)
(1e-05 -0 -0)
(1e-05 -0 -0)
(1e-05 -0 -0)
(1e-05 -0 -0)
(1e-05 -0 -0)
(1e-05 -0 -0)
(1e-05 -0 -0)
(1e-05 -0 -0)
(1e-05 -0 -0)
(1e-05 -0 -0)
(1e-05 -0 -0)
(1e-05 -0 -0)
(1e-05 -0 -0)
(1e-05 -0 -0)
(1e-05 -0 -0)
(1e-05 -0 -0)
(1e-05 -0 -0)
(1e-05 -0 -0)
)
;

boundaryField
{
    left
    {
        type            extrapolatedCalculated;
        value           uniform (1e-05 -0 -0);
    }
    right
    {
        type            extrapolatedCalculated;
        value           uniform (1e-05 -0 -0);
    }
    emptyFaces1D
    {
        type            empty;
    }
}


// ************************************************************************* //
