/*--------------------------------*- C++ -*----------------------------------*\
  =========                 |
  \\      /  F ield         | OpenFOAM: The Open Source CFD Toolbox
   \\    /   O peration     | Website:  https://openfoam.org
    \\  /    A nd           | Version:  9
     \\/     M anipulation  |
\*---------------------------------------------------------------------------*/
FoamFile
{
    format      ascii;
    class       volScalarField;
    location    "32000";
    object      alpha;
}
// * * * * * * * * * * * * * * * * * * * * * * * * * * * * * * * * * * * * * //

dimensions      [0 2 -1 0 0 0 0];

internalField   nonuniform List<scalar> 
900
(
-1.96093e-10
-7.45156e-11
-6.00767e-12
-7.08127e-12
-3.62834e-14
-4.0652e-14
-4.0652e-14
-4.0652e-14
-4.0652e-14
-4.0652e-14
-4.0652e-14
-4.0652e-14
-4.0652e-14
-4.0652e-14
-4.0652e-14
-4.0652e-14
-4.0652e-14
-4.0652e-14
-4.0652e-14
-4.0652e-14
-4.0652e-14
-4.0652e-14
-4.0652e-14
-4.0652e-14
-4.0652e-14
-4.0652e-14
-4.0652e-14
-4.0652e-14
-4.0652e-14
-4.0652e-14
-3.54446e-10
-1.91084e-11
-8.73271e-11
-5.50418e-11
-2.65887e-14
-4.06519e-14
-4.0652e-14
-4.0652e-14
-4.0652e-14
-4.0652e-14
-4.0652e-14
-4.0652e-14
-4.0652e-14
-4.0652e-14
-4.0652e-14
-4.0652e-14
-4.0652e-14
-4.0652e-14
-4.0652e-14
-4.0652e-14
-4.0652e-14
-4.0652e-14
-4.0652e-14
-4.0652e-14
-4.0652e-14
-4.0652e-14
-4.0652e-14
-4.0652e-14
-4.0652e-14
-4.0652e-14
-2.4108e-10
-1.48446e-10
-4.67968e-11
-2.07862e-12
-3.95415e-14
-4.0652e-14
-4.0652e-14
-4.0652e-14
-4.0652e-14
-4.0652e-14
-4.0652e-14
-4.0652e-14
-4.0652e-14
-4.0652e-14
-4.0652e-14
-4.0652e-14
-4.0652e-14
-4.0652e-14
-4.0652e-14
-4.0652e-14
-4.0652e-14
-4.0652e-14
-4.0652e-14
-4.0652e-14
-4.0652e-14
-4.0652e-14
-4.0652e-14
-4.0652e-14
-4.0652e-14
-4.0652e-14
-2.25837e-10
-3.63045e-11
-1.34446e-11
-7.48668e-14
-4.06341e-14
-4.0652e-14
-4.0652e-14
-4.0652e-14
-4.0652e-14
-4.0652e-14
-4.0652e-14
-4.0652e-14
-4.0652e-14
-4.0652e-14
-4.0652e-14
-4.0652e-14
-4.0652e-14
-4.0652e-14
-4.0652e-14
-4.0652e-14
-4.0652e-14
-4.0652e-14
-4.0652e-14
-4.0652e-14
-4.0652e-14
-4.0652e-14
-4.0652e-14
-4.0652e-14
-4.0652e-14
-4.0652e-14
-2.27285e-10
-5.70693e-11
-1.28867e-11
-3.82305e-14
-4.0649e-14
-4.0652e-14
-4.0652e-14
-4.0652e-14
-4.0652e-14
-4.0652e-14
-4.0652e-14
-4.0652e-14
-4.0652e-14
-4.0652e-14
-4.0652e-14
-4.0652e-14
-4.0652e-14
-4.0652e-14
-4.0652e-14
-4.0652e-14
-4.0652e-14
-4.0652e-14
-4.0652e-14
-4.0652e-14
-4.0652e-14
-4.0652e-14
-4.0652e-14
-4.0652e-14
-4.0652e-14
-4.0652e-14
-2.59357e-10
-5.62949e-11
-1.97458e-11
-2.65448e-14
-4.06519e-14
-4.0652e-14
-4.0652e-14
-4.0652e-14
-4.0652e-14
-4.0652e-14
-4.0652e-14
-4.0652e-14
-4.0652e-14
-4.0652e-14
-4.0652e-14
-4.0652e-14
-4.0652e-14
-4.0652e-14
-4.0652e-14
-4.0652e-14
-4.0652e-14
-4.0652e-14
-4.0652e-14
-4.0652e-14
-4.0652e-14
-4.0652e-14
-4.0652e-14
-4.0652e-14
-4.0652e-14
-4.0652e-14
-3.17512e-10
-1.22307e-10
-1.55402e-11
-2.89543e-14
-4.0652e-14
-4.0652e-14
-4.0652e-14
-4.0652e-14
-4.0652e-14
-4.0652e-14
-4.0652e-14
-4.0652e-14
-4.0652e-14
-4.0652e-14
-4.0652e-14
-4.0652e-14
-4.0652e-14
-4.0652e-14
-4.0652e-14
-4.0652e-14
-4.0652e-14
-4.0652e-14
-4.0652e-14
-4.0652e-14
-4.0652e-14
-4.0652e-14
-4.0652e-14
-4.0652e-14
-4.0652e-14
-4.0652e-14
-4.07412e-10
-1.08277e-10
-3.60558e-11
-3.29318e-14
-4.0652e-14
-4.0652e-14
-4.0652e-14
-4.0652e-14
-4.0652e-14
-4.0652e-14
-4.0652e-14
-4.0652e-14
-4.0652e-14
-4.0652e-14
-4.0652e-14
-4.0652e-14
-4.0652e-14
-4.0652e-14
-4.0652e-14
-4.0652e-14
-4.0652e-14
-4.0652e-14
-4.0652e-14
-4.0652e-14
-4.0652e-14
-4.0652e-14
-4.0652e-14
-4.0652e-14
-4.0652e-14
-4.0652e-14
-5.43483e-10
-1.9106e-10
-3.39457e-11
-3.54361e-14
-4.0652e-14
-4.0652e-14
-4.0652e-14
-4.0652e-14
-4.0652e-14
-4.0652e-14
-4.0652e-14
-4.0652e-14
-4.0652e-14
-4.0652e-14
-4.0652e-14
-4.0652e-14
-4.0652e-14
-4.0652e-14
-4.0652e-14
-4.0652e-14
-4.0652e-14
-4.0652e-14
-4.0652e-14
-4.0652e-14
-4.0652e-14
-4.0652e-14
-4.0652e-14
-4.0652e-14
-4.0652e-14
-4.0652e-14
-7.61062e-10
-2.68911e-10
-2.34573e-11
-3.05239e-14
-4.0652e-14
-4.0652e-14
-4.0652e-14
-4.0652e-14
-4.0652e-14
-4.0652e-14
-4.0652e-14
-4.0652e-14
-4.0652e-14
-4.0652e-14
-4.0652e-14
-4.0652e-14
-4.0652e-14
-4.0652e-14
-4.0652e-14
-4.0652e-14
-4.0652e-14
-4.0652e-14
-4.0652e-14
-4.0652e-14
-4.0652e-14
-4.0652e-14
-4.0652e-14
-4.0652e-14
-4.0652e-14
-4.0652e-14
-8.84525e-10
-5.32927e-10
-1.93882e-10
-9.78422e-12
-3.00131e-14
-4.06517e-14
-4.06518e-14
-4.06518e-14
-4.0652e-14
-4.0652e-14
-4.0652e-14
-4.0652e-14
-4.0652e-14
-4.0652e-14
-4.0652e-14
-4.0652e-14
-4.0652e-14
-4.0652e-14
-4.0652e-14
-4.0652e-14
-4.0652e-14
-4.0652e-14
-4.0652e-14
-4.0652e-14
-4.0652e-14
-4.0652e-14
-4.0652e-14
-4.0652e-14
-4.0652e-14
-4.0652e-14
-4.49163e-10
-3.28643e-10
-2.72581e-10
-1.50278e-10
-5.98745e-11
-2.14114e-11
-1.31623e-11
-2.336e-13
-4.06486e-14
-4.06515e-14
-4.06519e-14
-4.06519e-14
-4.06519e-14
-4.06519e-14
-4.06519e-14
-4.0652e-14
-4.0652e-14
-4.0652e-14
-4.0652e-14
-4.0652e-14
-4.0652e-14
-4.0652e-14
-4.0652e-14
-4.0652e-14
-4.0652e-14
-4.0652e-14
-4.0652e-14
-4.0652e-14
-4.0652e-14
-4.0652e-14
-9.34599e-11
-5.0103e-11
-1.05915e-10
-9.93397e-11
-8.67706e-11
-4.61848e-11
-3.27212e-11
-1.44496e-11
-1.08746e-11
-1.05482e-11
-1.06834e-11
-1.10266e-11
-1.08018e-11
-1.12841e-11
-9.85942e-12
-1.17123e-11
-7.19639e-14
-3.42349e-14
-3.3028e-14
-3.16998e-14
-3.04209e-14
-2.926e-14
-2.81559e-14
-2.72837e-14
-2.67245e-14
-2.66411e-14
-2.69698e-14
-2.87826e-14
-3.25803e-14
-3.7888e-14
-3.43292e-11
-2.28241e-11
-3.37539e-11
-3.20815e-11
-3.9647e-11
-3.52638e-11
-2.92356e-11
-2.50793e-11
-2.04699e-11
-1.93095e-11
-1.8527e-11
-1.93334e-11
-1.82935e-11
-1.93462e-11
-1.59761e-11
-1.51954e-11
-8.43874e-12
-7.08081e-12
-6.87956e-12
-6.79732e-12
-6.80067e-12
-6.91421e-12
-7.11727e-12
-7.36861e-12
-7.6443e-12
-7.91715e-12
-8.21616e-12
-8.46694e-12
-8.70003e-12
-8.7374e-12
-2.35973e-11
-2.30721e-11
-1.95334e-11
-1.87051e-11
-1.82296e-11
-2.01564e-11
-1.97588e-11
-2.08473e-11
-1.96024e-11
-1.86172e-11
-1.78631e-11
-1.78511e-11
-1.73225e-11
-1.71805e-11
-1.5812e-11
-1.48532e-11
-1.41224e-11
-1.24926e-11
-1.18246e-11
-1.16673e-11
-1.16981e-11
-1.18753e-11
-1.21333e-11
-1.24367e-11
-1.27691e-11
-1.3072e-11
-1.3504e-11
-1.38666e-11
-1.43841e-11
-1.44498e-11
-2.04805e-11
-1.73437e-11
-1.64527e-11
-1.619e-11
-1.58679e-11
-1.61072e-11
-1.6281e-11
-1.67615e-11
-1.66034e-11
-1.61276e-11
-1.56336e-11
-1.53377e-11
-1.5042e-11
-1.47176e-11
-1.44704e-11
-1.41958e-11
-1.46235e-11
-1.41849e-11
-1.37348e-11
-1.36648e-11
-1.37332e-11
-1.40307e-11
-1.42662e-11
-1.46342e-11
-1.48643e-11
-1.51303e-11
-1.54606e-11
-1.58076e-11
-1.65704e-11
-1.68059e-11
-1.81318e-11
-1.64492e-11
-1.5672e-11
-1.55367e-11
-1.57376e-11
-1.60419e-11
-1.63228e-11
-1.64627e-11
-1.63882e-11
-1.61156e-11
-1.57694e-11
-1.54578e-11
-1.51858e-11
-1.49401e-11
-1.4824e-11
-1.48229e-11
-1.49897e-11
-1.50687e-11
-1.49472e-11
-1.51688e-11
-1.52774e-11
-1.58553e-11
-1.59889e-11
-1.66899e-11
-1.66556e-11
-1.71772e-11
-1.69808e-11
-1.72213e-11
-1.76676e-11
-1.82028e-11
-1.6801e-11
-1.53833e-11
-1.55455e-11
-1.62161e-11
-1.69631e-11
-1.75978e-11
-1.80619e-11
-1.83224e-11
-1.83947e-11
-1.83087e-11
-1.80992e-11
-1.78576e-11
-1.76074e-11
-1.74398e-11
-1.73142e-11
-1.73583e-11
-1.73786e-11
-1.76171e-11
-1.7668e-11
-1.80763e-11
-1.81153e-11
-1.8811e-11
-1.86116e-11
-1.95902e-11
-1.88846e-11
-1.99351e-11
-1.83678e-11
-1.85042e-11
-1.69989e-11
-1.71805e-11
-1.56353e-11
-1.57859e-11
-1.7215e-11
-1.86909e-11
-1.98307e-11
-2.0572e-11
-2.10494e-11
-2.12873e-11
-2.14021e-11
-2.1352e-11
-2.12477e-11
-2.1047e-11
-2.09115e-11
-2.07441e-11
-2.07407e-11
-2.06977e-11
-2.08537e-11
-2.08874e-11
-2.10875e-11
-2.10463e-11
-2.11157e-11
-2.10475e-11
-2.08045e-11
-2.10173e-11
-2.00724e-11
-2.11286e-11
-1.85912e-11
-1.97005e-11
-1.44466e-11
-1.3618e-11
-1.58352e-11
-1.87357e-11
-2.14876e-11
-2.29535e-11
-2.34765e-11
-2.35434e-11
-2.34651e-11
-2.3311e-11
-2.31853e-11
-2.29898e-11
-2.28568e-11
-2.26267e-11
-2.25466e-11
-2.23485e-11
-2.23988e-11
-2.22128e-11
-2.23588e-11
-2.2024e-11
-2.21666e-11
-2.14535e-11
-2.16096e-11
-2.04688e-11
-2.08884e-11
-1.9475e-11
-2.01485e-11
-1.92321e-11
-1.92218e-11
-2.18268e-11
-1.41392e-11
-1.54729e-11
-2.26833e-11
-2.70834e-11
-2.68758e-11
-2.52662e-11
-2.37849e-11
-2.27365e-11
-2.20284e-11
-2.15876e-11
-2.12739e-11
-2.10813e-11
-2.08999e-11
-2.07996e-11
-2.06721e-11
-2.06453e-11
-2.05512e-11
-2.05596e-11
-2.04204e-11
-2.03607e-11
-2.01136e-11
-1.99053e-11
-1.9706e-11
-1.92994e-11
-1.96213e-11
-1.85787e-11
-2.02899e-11
-1.74446e-11
-2.23253e-11
-1.76237e-11
-3.63358e-11
-6.71691e-11
-1.84503e-11
-1.74231e-11
-1.73225e-11
-1.7513e-11
-1.7822e-11
-1.81663e-11
-1.85104e-11
-1.88077e-11
-1.90501e-11
-1.9245e-11
-1.93792e-11
-1.95125e-11
-1.95858e-11
-1.97262e-11
-1.97683e-11
-1.99508e-11
-1.99218e-11
-2.01559e-11
-1.99788e-11
-2.03303e-11
-1.99065e-11
-2.04916e-11
-1.96129e-11
-2.05624e-11
-1.90974e-11
-2.06943e-11
-1.96078e-11
-2.18291e-11
-2.39184e-11
-4.31584e-12
-1.91378e-11
-1.96938e-11
-2.08489e-11
-2.18677e-11
-2.25083e-11
-2.28117e-11
-2.293e-11
-2.29244e-11
-2.28939e-11
-2.2813e-11
-2.2762e-11
-2.26671e-11
-2.26255e-11
-2.25161e-11
-2.24727e-11
-2.23059e-11
-2.22194e-11
-2.19228e-11
-2.17534e-11
-2.12525e-11
-2.10019e-11
-2.02536e-11
-2.00905e-11
-1.92114e-11
-1.95585e-11
-1.88306e-11
-1.92696e-11
-1.89703e-11
-1.28276e-11
-1.42635e-11
-1.93366e-11
-1.90918e-11
-1.89584e-11
-1.88821e-11
-1.88047e-11
-1.87097e-11
-1.86163e-11
-1.85397e-11
-1.84876e-11
-1.84613e-11
-1.84478e-11
-1.84577e-11
-1.84541e-11
-1.8482e-11
-1.84559e-11
-1.84966e-11
-1.84154e-11
-1.84934e-11
-1.83246e-11
-1.85251e-11
-1.82454e-11
-1.87603e-11
-1.83633e-11
-1.92506e-11
-1.86997e-11
-1.8749e-11
-1.81325e-11
-1.32846e-11
-1.01478e-11
-3.76919e-12
-1.93579e-11
-1.91566e-11
-1.91447e-11
-1.9304e-11
-1.95616e-11
-1.9817e-11
-2.00583e-11
-2.02355e-11
-2.04099e-11
-2.0515e-11
-2.06561e-11
-2.07121e-11
-2.085e-11
-2.08666e-11
-2.10276e-11
-2.10066e-11
-2.12168e-11
-2.11484e-11
-2.14089e-11
-2.12597e-11
-2.14671e-11
-2.11946e-11
-2.09238e-11
-2.05697e-11
-1.88781e-11
-1.83764e-11
-1.44404e-11
-1.04926e-11
-6.48998e-12
-3.93163e-12
-1.94009e-11
-1.92556e-11
-1.91884e-11
-1.91984e-11
-1.92535e-11
-1.93253e-11
-1.9388e-11
-1.94371e-11
-1.94756e-11
-1.95026e-11
-1.95346e-11
-1.95501e-11
-1.9588e-11
-1.95883e-11
-1.96407e-11
-1.96109e-11
-1.96895e-11
-1.95885e-11
-1.96949e-11
-1.94118e-11
-1.95034e-11
-1.885e-11
-1.88213e-11
-1.78665e-11
-1.70843e-11
-1.59494e-11
-1.15522e-11
-7.12837e-12
-3.89713e-12
-2.88693e-14
-1.94317e-11
-1.93154e-11
-1.92422e-11
-1.9216e-11
-1.92382e-11
-1.92908e-11
-1.93648e-11
-1.94374e-11
-1.95177e-11
-1.95817e-11
-1.9662e-11
-1.97142e-11
-1.98056e-11
-1.98464e-11
-1.99711e-11
-1.99991e-11
-2.01947e-11
-2.01943e-11
-2.05134e-11
-2.04066e-11
-2.08854e-11
-2.03968e-11
-2.09087e-11
-1.93732e-11
-1.85163e-11
-1.53638e-11
-8.61126e-12
-4.50132e-12
-3.11771e-14
-4.0652e-14
-1.94495e-11
-1.93569e-11
-1.92879e-11
-1.92512e-11
-1.92439e-11
-1.9269e-11
-1.93102e-11
-1.93683e-11
-1.94262e-11
-1.94919e-11
-1.95527e-11
-1.96196e-11
-1.96872e-11
-1.97575e-11
-1.98474e-11
-1.99242e-11
-2.00656e-11
-2.01397e-11
-2.0378e-11
-2.03685e-11
-2.07269e-11
-2.01813e-11
-2.03903e-11
-1.75803e-11
-1.69491e-11
-1.09591e-11
-4.5588e-12
-3.69593e-14
-4.0652e-14
-4.0652e-14
-1.94604e-11
-1.93815e-11
-1.93191e-11
-1.92785e-11
-1.92591e-11
-1.92673e-11
-1.92923e-11
-1.93396e-11
-1.93893e-11
-1.94565e-11
-1.9514e-11
-1.95933e-11
-1.96552e-11
-1.97521e-11
-1.98262e-11
-1.99554e-11
-2.00596e-11
-2.02412e-11
-2.04066e-11
-2.06411e-11
-2.08929e-11
-2.09555e-11
-2.10884e-11
-1.91086e-11
-1.82866e-11
-7.60976e-12
-3.26738e-14
-4.0652e-14
-4.0652e-14
-4.0652e-14
-1.94653e-11
-1.93932e-11
-1.93341e-11
-1.92933e-11
-1.92691e-11
-1.92705e-11
-1.9287e-11
-1.93287e-11
-1.93729e-11
-1.94404e-11
-1.94946e-11
-1.95805e-11
-1.9637e-11
-1.97493e-11
-1.98092e-11
-1.99715e-11
-2.00398e-11
-2.02964e-11
-2.03755e-11
-2.07986e-11
-2.08489e-11
-2.15013e-11
-2.11779e-11
-2.1414e-11
-1.69586e-11
-3.61711e-14
-4.0652e-14
-4.0652e-14
-4.0652e-14
-4.0652e-14
)
;

boundaryField
{
    inlet1
    {
        type            calculated;
        value           uniform -5e-10;
    }
    inlet2
    {
        type            calculated;
        value           nonuniform List<scalar> 10(-8.84525e-10 -4.49163e-10 -9.34599e-11 -3.43292e-11 -2.35973e-11 -2.04805e-11 -1.81318e-11 -1.6801e-11 -1.56353e-11 -1.58352e-11);
    }
    inlet3
    {
        type            calculated;
        value           uniform -1.95111e-11;
    }
    output1
    {
        type            calculated;
        value           nonuniform List<scalar> 10(-4.0652e-14 -4.0652e-14 -4.0652e-14 -4.0652e-14 -4.0652e-14 -4.0652e-14 -4.0652e-14 -4.0652e-14 -4.0652e-14 -4.0652e-14);
    }
    output2
    {
        type            calculated;
        value           nonuniform List<scalar> 10(-4.0652e-14 -4.0652e-14 -3.7888e-14 -8.7374e-12 -1.44498e-11 -1.68059e-11 -1.82028e-11 -1.71805e-11 -1.3618e-11 -1.54729e-11);
    }
    output3
    {
        type            calculated;
        value           nonuniform List<scalar> 10(-6.71691e-11 -4.31584e-12 -1.42635e-11 -3.76919e-12 -3.93163e-12 -2.88693e-14 -4.0652e-14 -4.0652e-14 -4.0652e-14 -4.0652e-14);
    }
    up
    {
        type            calculated;
        value           nonuniform List<scalar> 
30
(
-1.94653e-11
-1.93932e-11
-1.93341e-11
-1.92933e-11
-1.92691e-11
-1.92705e-11
-1.9287e-11
-1.93287e-11
-1.93729e-11
-1.94404e-11
-1.94946e-11
-1.95805e-11
-1.9637e-11
-1.97493e-11
-1.98092e-11
-1.99715e-11
-2.00398e-11
-2.02964e-11
-2.03755e-11
-2.07986e-11
-2.08489e-11
-2.15013e-11
-2.11779e-11
-2.1414e-11
-1.69586e-11
-3.61711e-14
-4.0652e-14
-4.0652e-14
-4.0652e-14
-4.0652e-14
)
;
    }
    down
    {
        type            calculated;
        value           nonuniform List<scalar> 
30
(
-1.96093e-10
-7.45156e-11
-6.00767e-12
-7.08127e-12
-3.62834e-14
-4.0652e-14
-4.0652e-14
-4.0652e-14
-4.0652e-14
-4.0652e-14
-4.0652e-14
-4.0652e-14
-4.0652e-14
-4.0652e-14
-4.0652e-14
-4.0652e-14
-4.0652e-14
-4.0652e-14
-4.0652e-14
-4.0652e-14
-4.0652e-14
-4.0652e-14
-4.0652e-14
-4.0652e-14
-4.0652e-14
-4.0652e-14
-4.0652e-14
-4.0652e-14
-4.0652e-14
-4.0652e-14
)
;
    }
    emptyWalls
    {
        type            empty;
    }
}


// ************************************************************************* //
