/*--------------------------------*- C++ -*----------------------------------*\
  =========                 |
  \\      /  F ield         | OpenFOAM: The Open Source CFD Toolbox
   \\    /   O peration     | Website:  https://openfoam.org
    \\  /    A nd           | Version:  9
     \\/     M anipulation  |
\*---------------------------------------------------------------------------*/
FoamFile
{
    format      ascii;
    class       volScalarField;
    location    "32000";
    object      fw;
}
// * * * * * * * * * * * * * * * * * * * * * * * * * * * * * * * * * * * * * //

dimensions      [0 0 0 0 0 0 0];

internalField   nonuniform List<scalar> 
900
(
0.999657
0.993669
0.610603
0.668208
1.54276e-07
4.7991e-09
4.7991e-09
4.7991e-09
4.7991e-09
4.7991e-09
4.7991e-09
4.7991e-09
4.7991e-09
4.7991e-09
4.7991e-09
4.7991e-09
4.7991e-09
4.7991e-09
4.7991e-09
4.7991e-09
4.7991e-09
4.7991e-09
4.7991e-09
4.7991e-09
4.7991e-09
4.7991e-09
4.7991e-09
4.7991e-09
4.7991e-09
4.7991e-09
0.999989
0.910378
0.995709
0.987437
7.08211e-05
4.79985e-09
4.7991e-09
4.7991e-09
4.7991e-09
4.7991e-09
4.7991e-09
4.7991e-09
4.7991e-09
4.7991e-09
4.7991e-09
4.7991e-09
4.7991e-09
4.7991e-09
4.7991e-09
4.7991e-09
4.7991e-09
4.7991e-09
4.7991e-09
4.7991e-09
4.7991e-09
4.7991e-09
4.7991e-09
4.7991e-09
4.7991e-09
4.7991e-09
0.999863
0.99906
0.982331
0.25324
1.29967e-08
4.7991e-09
4.7991e-09
4.7991e-09
4.7991e-09
4.7991e-09
4.7991e-09
4.7991e-09
4.7991e-09
4.7991e-09
4.7991e-09
4.7991e-09
4.7991e-09
4.7991e-09
4.7991e-09
4.7991e-09
4.7991e-09
4.7991e-09
4.7991e-09
4.7991e-09
4.7991e-09
4.7991e-09
4.7991e-09
4.7991e-09
4.7991e-09
4.7991e-09
0.999813
0.9708
0.848253
0.0038128
4.8809e-09
4.7991e-09
4.7991e-09
4.7991e-09
4.7991e-09
4.7991e-09
4.7991e-09
4.7991e-09
4.7991e-09
4.7991e-09
4.7991e-09
4.7991e-09
4.7991e-09
4.7991e-09
4.7991e-09
4.7991e-09
4.7991e-09
4.7991e-09
4.7991e-09
4.7991e-09
4.7991e-09
4.7991e-09
4.7991e-09
4.7991e-09
4.7991e-09
4.7991e-09
0.999818
0.988383
0.839019
0.00105972
4.81274e-09
4.7991e-09
4.7991e-09
4.7991e-09
4.7991e-09
4.7991e-09
4.7991e-09
4.7991e-09
4.7991e-09
4.7991e-09
4.7991e-09
4.7991e-09
4.7991e-09
4.7991e-09
4.7991e-09
4.7991e-09
4.7991e-09
4.7991e-09
4.7991e-09
4.7991e-09
4.7991e-09
4.7991e-09
4.7991e-09
4.7991e-09
4.7991e-09
4.7991e-09
0.999906
0.988033
0.914952
7.64605e-05
4.79979e-09
4.7991e-09
4.7991e-09
4.7991e-09
4.7991e-09
4.7991e-09
4.7991e-09
4.7991e-09
4.7991e-09
4.7991e-09
4.7991e-09
4.7991e-09
4.7991e-09
4.7991e-09
4.7991e-09
4.7991e-09
4.7991e-09
4.7991e-09
4.7991e-09
4.7991e-09
4.7991e-09
4.7991e-09
4.7991e-09
4.7991e-09
4.7991e-09
4.7991e-09
0.999974
0.998284
0.876897
1.20858e-05
4.79918e-09
4.7991e-09
4.7991e-09
4.7991e-09
4.7991e-09
4.7991e-09
4.7991e-09
4.7991e-09
4.7991e-09
4.7991e-09
4.7991e-09
4.7991e-09
4.7991e-09
4.7991e-09
4.7991e-09
4.7991e-09
4.7991e-09
4.7991e-09
4.7991e-09
4.7991e-09
4.7991e-09
4.7991e-09
4.7991e-09
4.7991e-09
4.7991e-09
4.7991e-09
0.999998
0.997571
0.970414
1.26375e-06
4.7991e-09
4.7991e-09
4.7991e-09
4.7991e-09
4.7991e-09
4.7991e-09
4.7991e-09
4.7991e-09
4.7991e-09
4.7991e-09
4.7991e-09
4.7991e-09
4.7991e-09
4.7991e-09
4.7991e-09
4.7991e-09
4.7991e-09
4.7991e-09
4.7991e-09
4.7991e-09
4.7991e-09
4.7991e-09
4.7991e-09
4.7991e-09
4.7991e-09
4.7991e-09
1
0.999619
0.966843
2.71147e-07
4.7991e-09
4.7991e-09
4.7991e-09
4.7991e-09
4.7991e-09
4.7991e-09
4.7991e-09
4.7991e-09
4.7991e-09
4.7991e-09
4.7991e-09
4.7991e-09
4.7991e-09
4.7991e-09
4.7991e-09
4.7991e-09
4.7991e-09
4.7991e-09
4.7991e-09
4.7991e-09
4.7991e-09
4.7991e-09
4.7991e-09
4.7991e-09
4.7991e-09
4.7991e-09
1.00001
0.999923
0.93596
0.000501648
4.79943e-09
4.7991e-09
4.7991e-09
4.7991e-09
4.7991e-09
4.7991e-09
4.7991e-09
4.7991e-09
4.7991e-09
4.7991e-09
4.7991e-09
4.7991e-09
4.7991e-09
4.7991e-09
4.7991e-09
4.7991e-09
4.7991e-09
4.7991e-09
4.7991e-09
4.7991e-09
4.7991e-09
4.7991e-09
4.7991e-09
4.7991e-09
4.7991e-09
4.79911e-09
1.00002
1
0.999641
0.769445
6.61088e-06
4.80062e-09
4.80032e-09
4.80028e-09
4.7991e-09
4.7991e-09
4.7991e-09
4.7991e-09
4.7991e-09
4.7991e-09
4.7991e-09
4.7991e-09
4.7991e-09
4.7991e-09
4.7991e-09
4.7991e-09
4.7991e-09
4.7991e-09
4.7991e-09
4.7991e-09
4.7991e-09
4.7991e-09
4.7991e-09
4.7991e-09
4.79909e-09
4.79909e-09
1
0.99998
0.999929
0.999097
0.989544
0.925436
0.843678
0.0183498
4.81489e-09
4.80156e-09
4.79974e-09
4.79975e-09
4.79964e-09
4.79967e-09
4.79956e-09
4.79949e-09
4.79931e-09
4.7991e-09
4.7991e-09
4.7991e-09
4.7991e-09
4.7991e-09
4.7991e-09
4.7991e-09
4.7991e-09
4.7991e-09
4.7991e-09
4.7991e-09
4.7991e-09
4.7991e-09
0.996394
0.984662
0.997418
0.996929
0.99564
0.981849
0.964492
0.863065
0.798085
0.79007
0.793443
0.801669
0.796335
0.807537
0.7716
0.816757
0.00358394
5.79188e-07
1.19454e-06
2.56488e-06
5.25996e-06
1.01289e-05
1.95327e-05
3.5421e-05
5.89871e-05
6.55546e-05
4.59493e-05
1.33637e-05
1.55032e-06
4.89135e-08
0.967535
0.932942
0.966489
0.96317
0.97537
0.969139
0.95638
0.942863
0.919753
0.911858
0.905893
0.912032
0.904001
0.912125
0.881866
0.87275
0.72548
0.668186
0.658317
0.654169
0.654339
0.660045
0.669932
0.681629
0.69381
0.705237
0.717088
0.726518
0.734893
0.736202
0.936601
0.934147
0.913465
0.907301
0.903474
0.917723
0.915041
0.922103
0.913952
0.90661
0.900368
0.900264
0.895519
0.894189
0.88003
0.868433
0.858479
0.832004
0.819071
0.815819
0.816461
0.820102
0.825219
0.830974
0.83697
0.842174
0.849191
0.85474
0.862164
0.863067
0.919821
0.895715
0.886978
0.8842
0.88066
0.883305
0.885173
0.890121
0.888527
0.883527
0.877987
0.874485
0.87084
0.866664
0.86335
0.859527
0.865415
0.859373
0.852757
0.851688
0.852733
0.857155
0.860522
0.865558
0.868575
0.871944
0.875957
0.87998
0.88819
0.890563
0.902658
0.886941
0.87843
0.876856
0.879184
0.882592
0.885616
0.887081
0.886305
0.883397
0.879547
0.875923
0.872631
0.869548
0.868054
0.86804
0.870179
0.871175
0.869639
0.872421
0.873754
0.880518
0.882008
0.889404
0.889058
0.894158
0.892277
0.894574
0.898652
0.903252
0.890514
0.875034
0.876958
0.884481
0.892106
0.89803
0.90207
0.904238
0.904828
0.904126
0.902385
0.900321
0.898116
0.8966
0.895442
0.895851
0.896038
0.898203
0.898656
0.902192
0.902521
0.908123
0.906565
0.913867
0.908689
0.916245
0.904609
0.905711
0.892453
0.894189
0.878006
0.879734
0.894515
0.907189
0.915536
0.920398
0.923321
0.924721
0.925383
0.925095
0.92449
0.923307
0.922493
0.92147
0.92145
0.921183
0.922142
0.922347
0.923548
0.923303
0.923715
0.92331
0.921842
0.92313
0.917167
0.923791
0.906404
0.914638
0.863024
0.850968
0.880292
0.90754
0.925871
0.933575
0.936048
0.936355
0.935996
0.93528
0.934687
0.93375
0.933102
0.931959
0.931555
0.93054
0.9308
0.929832
0.930593
0.928831
0.929589
0.925677
0.926559
0.919746
0.922353
0.91305
0.917671
0.911293
0.911217
0.927763
0.85872
0.876102
0.932243
0.950023
0.949342
0.94359
0.937446
0.932508
0.928855
0.926436
0.924643
0.923511
0.922423
0.921812
0.921025
0.920857
0.920267
0.920321
0.919437
0.919054
0.91744
0.916044
0.914676
0.911785
0.914085
0.906305
0.918596
0.896644
0.93042
0.898262
0.970848
0.99193
0.905278
0.896447
0.895519
0.897265
0.900011
0.902948
0.905761
0.908098
0.909942
0.911387
0.912363
0.913317
0.913836
0.914816
0.915107
0.916352
0.916156
0.917719
0.91654
0.918858
0.916052
0.919891
0.914026
0.920338
0.910296
0.921162
0.91399
0.927775
0.938038
0.489564
0.910597
0.914591
0.922113
0.927986
0.93136
0.93288
0.93346
0.933433
0.933284
0.932887
0.932635
0.932162
0.931954
0.9314
0.931179
0.930319
0.929867
0.928285
0.927359
0.924518
0.923037
0.91836
0.917287
0.911141
0.913643
0.908275
0.911568
0.909341
0.837995
0.860484
0.912055
0.910254
0.909251
0.908669
0.908074
0.907337
0.906602
0.905994
0.905577
0.905366
0.905257
0.905337
0.905308
0.905533
0.905323
0.90565
0.904996
0.905624
0.904257
0.905878
0.903605
0.907731
0.904573
0.911429
0.907258
0.907642
0.902664
0.845683
0.779603
0.44055
0.912209
0.910737
0.910648
0.911819
0.913665
0.915442
0.917073
0.918242
0.91937
0.920039
0.920925
0.921272
0.92212
0.922221
0.923191
0.923066
0.92431
0.923908
0.925422
0.92456
0.925754
0.92418
0.922567
0.920384
0.908639
0.904679
0.862939
0.78866
0.63804
0.455682
0.912519
0.911465
0.910971
0.911045
0.91145
0.911973
0.912427
0.91278
0.913055
0.913247
0.913474
0.913583
0.913851
0.913853
0.914221
0.914012
0.914562
0.913854
0.914599
0.912598
0.913253
0.908423
0.908202
0.900398
0.893275
0.88157
0.813386
0.670461
0.452509
0.000373401
0.91274
0.911901
0.911367
0.911174
0.911337
0.911722
0.912259
0.912782
0.913354
0.913807
0.91437
0.914733
0.915364
0.915643
0.916489
0.916677
0.917975
0.917972
0.920029
0.919349
0.922335
0.919286
0.922476
0.91232
0.905808
0.874799
0.731746
0.504995
0.000550465
4.7992e-09
0.912869
0.912202
0.911701
0.911433
0.91138
0.911563
0.911864
0.912285
0.912701
0.913171
0.913602
0.914073
0.914545
0.915032
0.91565
0.916172
0.917121
0.917613
0.919165
0.919104
0.921364
0.917887
0.919244
0.897873
0.891969
0.800088
0.509659
9.644e-08
4.7991e-09
4.7991e-09
0.912946
0.91238
0.911928
0.911632
0.911491
0.911551
0.911733
0.912077
0.912436
0.912919
0.913328
0.913889
0.914322
0.914995
0.915504
0.916383
0.917081
0.918279
0.919349
0.920831
0.922381
0.922759
0.923553
0.910379
0.903944
0.69232
1.46861e-06
4.7991e-09
4.7991e-09
4.7991e-09
0.912981
0.912464
0.912037
0.911741
0.911564
0.911574
0.911694
0.911998
0.912318
0.912803
0.91319
0.913798
0.914195
0.914976
0.915388
0.916491
0.916949
0.918639
0.919149
0.921805
0.922113
0.925949
0.924082
0.925451
0.892062
0.000912263
4.79929e-09
4.7991e-09
4.7991e-09
4.7991e-09
)
;

boundaryField
{
    inlet1
    {
        type            calculated;
        value           uniform 1;
    }
    inlet2
    {
        type            calculated;
        value           nonuniform List<scalar> 10(1.00002 1 0.996394 0.967535 0.936601 0.919821 0.902658 0.890514 0.878006 0.880292);
    }
    inlet3
    {
        type            calculated;
        value           uniform 0.913307;
    }
    output1
    {
        type            calculated;
        value           nonuniform List<scalar> 10(4.7991e-09 4.7991e-09 4.7991e-09 4.7991e-09 4.7991e-09 4.7991e-09 4.7991e-09 4.7991e-09 4.7991e-09 4.79911e-09);
    }
    output2
    {
        type            calculated;
        value           nonuniform List<scalar> 10(4.79909e-09 4.7991e-09 4.89135e-08 0.736202 0.863067 0.890563 0.903252 0.894189 0.850968 0.876102);
    }
    output3
    {
        type            calculated;
        value           nonuniform List<scalar> 10(0.99193 0.489564 0.860484 0.44055 0.455682 0.000373401 4.7992e-09 4.7991e-09 4.7991e-09 4.7991e-09);
    }
    up
    {
        type            calculated;
        value           nonuniform List<scalar> 
30
(
0.912981
0.912464
0.912037
0.911741
0.911564
0.911574
0.911694
0.911998
0.912318
0.912803
0.91319
0.913798
0.914195
0.914976
0.915388
0.916491
0.916949
0.918639
0.919149
0.921805
0.922113
0.925949
0.924082
0.925451
0.892062
0.000912263
4.79929e-09
4.7991e-09
4.7991e-09
4.7991e-09
)
;
    }
    down
    {
        type            calculated;
        value           nonuniform List<scalar> 
30
(
0.999657
0.993669
0.610603
0.668208
1.54276e-07
4.7991e-09
4.7991e-09
4.7991e-09
4.7991e-09
4.7991e-09
4.7991e-09
4.7991e-09
4.7991e-09
4.7991e-09
4.7991e-09
4.7991e-09
4.7991e-09
4.7991e-09
4.7991e-09
4.7991e-09
4.7991e-09
4.7991e-09
4.7991e-09
4.7991e-09
4.7991e-09
4.7991e-09
4.7991e-09
4.7991e-09
4.7991e-09
4.7991e-09
)
;
    }
    emptyWalls
    {
        type            empty;
    }
}


// ************************************************************************* //
