/*--------------------------------*- C++ -*----------------------------------*\
  =========                 |
  \\      /  F ield         | OpenFOAM: The Open Source CFD Toolbox
   \\    /   O peration     | Website:  https://openfoam.org
    \\  /    A nd           | Version:  9
     \\/     M anipulation  |
\*---------------------------------------------------------------------------*/
FoamFile
{
    format      ascii;
    class       volScalarField;
    location    "32000";
    object      p;
}
// * * * * * * * * * * * * * * * * * * * * * * * * * * * * * * * * * * * * * //

dimensions      [0 0 0 0 0 0 0];

internalField   nonuniform List<scalar> 
900
(
1.01287e+07
1.01268e+07
1.0124e+07
1.01213e+07
1.01179e+07
9.80069e+06
9.5141e+06
9.23469e+06
8.95909e+06
8.68499e+06
8.41082e+06
8.13561e+06
7.8589e+06
7.58063e+06
7.3011e+06
7.02095e+06
6.74119e+06
6.46317e+06
6.18864e+06
5.9197e+06
5.65881e+06
5.40878e+06
5.17273e+06
4.9541e+06
4.75654e+06
4.58385e+06
4.43983e+06
4.32804e+06
4.25158e+06
4.21274e+06
1.0126e+07
1.0124e+07
1.01218e+07
1.01212e+07
1.01207e+07
9.78708e+06
9.50693e+06
9.23087e+06
8.95759e+06
8.68507e+06
8.41186e+06
8.13712e+06
7.86047e+06
7.58189e+06
7.30171e+06
7.02056e+06
6.73944e+06
6.45969e+06
6.18306e+06
5.91165e+06
5.64795e+06
5.39479e+06
5.15532e+06
4.93303e+06
4.73167e+06
4.55519e+06
4.40759e+06
4.29272e+06
4.21397e+06
4.17389e+06
1.01213e+07
1.01196e+07
1.01193e+07
1.01198e+07
1.01032e+07
9.77769e+06
9.49565e+06
9.22427e+06
8.95534e+06
8.68583e+06
8.41442e+06
8.14053e+06
7.86395e+06
7.58476e+06
7.30329e+06
7.02016e+06
6.73631e+06
6.45309e+06
6.17224e+06
5.8959e+06
5.62656e+06
5.3671e+06
5.12073e+06
4.89104e+06
4.68193e+06
4.49765e+06
4.34262e+06
4.22128e+06
4.13767e+06
4.09498e+06
1.01124e+07
1.01122e+07
1.01122e+07
1.01121e+07
9.97642e+06
9.72923e+06
9.47371e+06
9.21524e+06
8.95366e+06
8.68849e+06
8.41948e+06
8.14663e+06
7.87005e+06
7.58991e+06
7.30654e+06
7.02046e+06
6.73256e+06
6.44413e+06
6.15693e+06
5.87313e+06
5.5953e+06
5.32632e+06
5.06948e+06
4.82845e+06
4.60736e+06
4.41084e+06
4.24398e+06
4.11211e+06
4.02046e+06
3.97336e+06
1.00991e+07
1.00972e+07
1.00959e+07
1.00949e+07
9.90572e+06
9.68914e+06
9.45472e+06
9.2093e+06
8.95559e+06
8.69497e+06
8.42837e+06
8.15647e+06
7.8797e+06
7.5983e+06
7.31249e+06
7.0226e+06
6.72934e+06
6.43394e+06
6.13821e+06
5.84441e+06
5.55517e+06
5.27341e+06
5.00241e+06
4.74591e+06
4.50822e+06
4.29439e+06
4.11033e+06
3.96273e+06
3.8587e+06
3.80465e+06
1.00835e+07
1.00811e+07
1.00805e+07
1.00798e+07
9.86808e+06
9.66692e+06
9.44673e+06
9.21165e+06
8.96443e+06
8.70743e+06
8.44257e+06
8.17119e+06
7.89397e+06
7.61111e+06
7.32251e+06
7.0281e+06
6.72825e+06
6.42408e+06
6.11756e+06
5.81114e+06
5.50755e+06
5.20972e+06
4.92085e+06
4.64457e+06
4.38522e+06
4.14818e+06
3.94021e+06
3.7698e+06
3.64695e+06
3.5819e+06
1.00683e+07
1.00667e+07
1.00654e+07
1.00645e+07
9.85662e+06
9.66373e+06
9.45363e+06
9.22615e+06
8.98305e+06
8.72774e+06
8.4633e+06
8.19174e+06
7.91389e+06
7.62966e+06
7.33835e+06
7.03906e+06
6.73146e+06
6.41659e+06
6.09682e+06
5.77504e+06
5.45417e+06
5.13709e+06
4.8267e+06
4.5263e+06
4.23992e+06
3.97288e+06
3.73254e+06
3.5293e+06
3.37739e+06
3.2941e+06
1.00545e+07
1.00531e+07
1.00521e+07
1.00517e+07
9.86007e+06
9.67773e+06
9.47792e+06
9.25626e+06
9.0139e+06
8.75717e+06
8.49116e+06
8.21858e+06
7.94018e+06
7.6553e+06
7.36216e+06
7.05832e+06
6.74194e+06
6.414e+06
6.07808e+06
5.73801e+06
5.39703e+06
5.05775e+06
4.72256e+06
4.39402e+06
4.07528e+06
3.77087e+06
3.48777e+06
3.23747e+06
3.03924e+06
2.92299e+06
1.00426e+07
1.00408e+07
1.00403e+07
1.00399e+07
9.87244e+06
9.70921e+06
9.52406e+06
9.30709e+06
9.0591e+06
8.79588e+06
8.52561e+06
8.25123e+06
7.97295e+06
7.68922e+06
7.39666e+06
7.09012e+06
6.76398e+06
6.41941e+06
6.06348e+06
5.70191e+06
5.33817e+06
4.97432e+06
4.61179e+06
4.25191e+06
3.89633e+06
3.54756e+06
3.21018e+06
2.89358e+06
2.6191e+06
2.43565e+06
1.00333e+07
1.00303e+07
1.00243e+07
1.00153e+07
9.8913e+06
9.76262e+06
9.602e+06
9.38893e+06
9.11952e+06
8.84163e+06
8.56416e+06
8.28779e+06
8.01117e+06
7.73195e+06
7.44513e+06
7.14152e+06
6.80445e+06
6.43618e+06
6.05451e+06
5.66797e+06
5.27943e+06
4.88957e+06
4.49837e+06
4.10551e+06
3.71055e+06
3.31287e+06
2.91182e+06
2.50758e+06
2.10792e+06
1.76485e+06
1.00267e+07
1.00225e+07
1.00129e+07
9.99474e+06
9.9361e+06
9.84795e+06
9.73242e+06
9.5271e+06
9.18845e+06
8.88695e+06
8.60161e+06
8.32458e+06
8.05201e+06
7.78229e+06
7.5104e+06
7.2264e+06
6.87611e+06
6.46635e+06
6.05042e+06
5.63603e+06
5.22199e+06
4.80618e+06
4.38661e+06
3.96123e+06
3.52747e+06
3.08156e+06
2.61665e+06
2.11699e+06
1.54015e+06
750982
1.0023e+07
1.00163e+07
1.00007e+07
9.97393e+06
9.92665e+06
9.84842e+06
9.73377e+06
9.6076e+06
9.2202e+06
8.91612e+06
8.63075e+06
8.35692e+06
8.08997e+06
7.83482e+06
7.58779e+06
7.37755e+06
7.00722e+06
6.50272e+06
6.04478e+06
5.60373e+06
5.16634e+06
4.72653e+06
4.28066e+06
3.82532e+06
3.35654e+06
2.86925e+06
2.35622e+06
1.80357e+06
1.18472e+06
449913
1.00236e+07
1.00132e+07
9.99082e+06
9.95503e+06
9.8984e+06
9.81314e+06
9.68461e+06
9.50123e+06
9.21297e+06
8.9162e+06
8.63089e+06
8.35711e+06
8.09017e+06
7.83513e+06
7.58812e+06
7.3797e+06
7.19875e+06
6.49165e+06
6.0199e+06
5.56334e+06
5.10544e+06
4.64096e+06
4.16667e+06
3.67874e+06
3.17262e+06
2.64385e+06
2.09075e+06
1.51409e+06
918842
309077
1.0038e+07
1.00241e+07
9.99166e+06
9.94343e+06
9.87191e+06
9.76921e+06
9.62411e+06
9.42756e+06
9.1804e+06
8.90618e+06
8.62703e+06
8.35334e+06
8.08357e+06
7.82187e+06
7.56011e+06
7.2928e+06
6.95956e+06
6.48544e+06
6.01932e+06
5.56275e+06
5.1047e+06
4.64003e+06
4.16554e+06
3.67743e+06
3.17112e+06
2.64212e+06
2.08888e+06
1.51224e+06
917350
308258
1.00835e+07
1.00642e+07
1.0019e+07
9.95191e+06
9.85836e+06
9.73471e+06
9.57449e+06
9.37685e+06
9.14618e+06
8.88916e+06
8.61845e+06
8.34456e+06
8.06974e+06
7.7942e+06
7.50861e+06
7.19979e+06
6.84639e+06
6.4397e+06
6.00507e+06
5.56168e+06
5.11223e+06
4.65484e+06
4.18658e+06
3.70373e+06
3.20146e+06
2.6745e+06
2.12014e+06
1.53806e+06
934482
314524
1.01636e+07
1.01351e+07
1.00772e+07
9.98979e+06
9.8732e+06
9.72744e+06
9.55228e+06
9.3496e+06
9.12191e+06
8.87209e+06
8.60633e+06
8.33125e+06
8.0496e+06
7.75987e+06
7.45612e+06
7.1301e+06
6.77787e+06
6.3966e+06
5.98864e+06
5.56427e+06
5.12874e+06
4.68334e+06
4.22544e+06
3.75241e+06
3.25851e+06
2.73816e+06
2.18498e+06
1.59524e+06
973883
328880
1.02831e+07
1.02459e+07
1.01701e+07
1.00594e+07
9.91842e+06
9.75074e+06
9.55912e+06
9.34586e+06
9.11285e+06
8.8619e+06
8.59589e+06
8.31811e+06
8.0302e+06
7.73118e+06
7.41823e+06
7.08809e+06
6.73948e+06
6.37117e+06
5.98228e+06
5.57713e+06
5.15816e+06
4.72783e+06
4.28294e+06
3.82315e+06
3.34146e+06
2.83444e+06
2.28964e+06
1.69741e+06
1.05068e+06
358284
1.04518e+07
1.03997e+07
1.02986e+07
1.01589e+07
9.99028e+06
9.79894e+06
9.58857e+06
9.36135e+06
9.1187e+06
8.86179e+06
8.59191e+06
8.31041e+06
8.01798e+06
7.71436e+06
7.39839e+06
7.06904e+06
6.72529e+06
6.36683e+06
5.99291e+06
5.60495e+06
5.20293e+06
4.78839e+06
4.35804e+06
3.9128e+06
3.44575e+06
2.95747e+06
2.43226e+06
1.85649e+06
1.19207e+06
422727
1.06852e+07
1.06035e+07
1.04609e+07
1.02825e+07
1.00818e+07
9.86472e+06
9.63404e+06
9.39116e+06
9.13688e+06
8.87168e+06
8.59601e+06
8.31022e+06
8.0146e+06
7.70899e+06
7.39318e+06
7.06661e+06
6.72908e+06
6.38e+06
6.01923e+06
5.64605e+06
5.26033e+06
4.86106e+06
4.4469e+06
4.01654e+06
3.56618e+06
3.09697e+06
2.59878e+06
2.06698e+06
1.43404e+06
586209
1.10074e+07
1.08492e+07
1.06422e+07
1.04181e+07
1.01836e+07
9.94043e+06
9.68932e+06
9.43047e+06
9.16396e+06
8.88965e+06
8.60748e+06
8.31728e+06
8.01913e+06
7.71283e+06
7.39857e+06
7.07593e+06
6.74508e+06
6.40515e+06
6.05623e+06
5.69657e+06
5.32643e+06
4.94285e+06
4.54685e+06
4.13311e+06
3.70338e+06
3.25019e+06
2.77676e+06
2.29073e+06
1.7765e+06
1.03903e+06
1.14126e+07
1.10968e+07
1.08212e+07
1.05544e+07
1.02884e+07
1.00206e+07
9.75006e+06
9.47584e+06
9.19728e+06
8.91386e+06
8.62506e+06
8.33059e+06
8.03021e+06
7.72393e+06
7.41168e+06
7.09354e+06
6.76919e+06
6.43843e+06
6.10047e+06
5.75455e+06
5.39964e+06
5.03421e+06
4.65766e+06
4.26575e+06
3.86011e+06
3.42857e+06
2.98077e+06
2.48933e+06
2.0367e+06
1.71231e+06
1.173e+07
1.13326e+07
1.09952e+07
1.06879e+07
1.03931e+07
1.0103e+07
9.81449e+06
9.52575e+06
9.23563e+06
8.94328e+06
8.64799e+06
8.34935e+06
8.047e+06
7.74094e+06
7.431e+06
7.11737e+06
6.79965e+06
6.47794e+06
6.15121e+06
5.81951e+06
5.48093e+06
5.13563e+06
4.78013e+06
4.41502e+06
4.03417e+06
3.6401e+06
3.22637e+06
2.80935e+06
2.40655e+06
2.021e+06
1.19707e+07
1.15473e+07
1.11698e+07
1.08257e+07
1.05016e+07
1.01887e+07
9.88218e+06
9.57906e+06
9.27757e+06
8.97647e+06
8.67488e+06
8.37218e+06
8.068e+06
7.76214e+06
7.45456e+06
7.14523e+06
6.83417e+06
6.52118e+06
6.20614e+06
5.88844e+06
5.5676e+06
5.24222e+06
4.91149e+06
4.5729e+06
4.22642e+06
3.86935e+06
3.50687e+06
3.14694e+06
2.80776e+06
2.6228e+06
1.21584e+07
1.17233e+07
1.13222e+07
1.09511e+07
1.06026e+07
1.02696e+07
9.94675e+06
9.63062e+06
9.31885e+06
9.00985e+06
8.70255e+06
8.3962e+06
8.09033e+06
7.78471e+06
7.47923e+06
7.17403e+06
6.86911e+06
6.56481e+06
6.26093e+06
5.95783e+06
5.65455e+06
5.35146e+06
5.04619e+06
4.73944e+06
4.42783e+06
4.11321e+06
3.79719e+06
3.48159e+06
3.19814e+06
2.96496e+06
1.2305e+07
1.18636e+07
1.14495e+07
1.10611e+07
1.06946e+07
1.03452e+07
1.00083e+07
9.68055e+06
9.35949e+06
9.04329e+06
8.73079e+06
8.42103e+06
8.11361e+06
7.8081e+06
7.50465e+06
7.2032e+06
6.90435e+06
6.60822e+06
6.31571e+06
6.02677e+06
5.74212e+06
5.46105e+06
5.18325e+06
4.90753e+06
4.63173e+06
4.35663e+06
4.07714e+06
3.79789e+06
3.53307e+06
3.34478e+06
1.24187e+07
1.19735e+07
1.15518e+07
1.11524e+07
1.07732e+07
1.04111e+07
1.00629e+07
9.7254e+06
9.39639e+06
9.07401e+06
8.75696e+06
8.44427e+06
8.13544e+06
7.83007e+06
7.52832e+06
7.23027e+06
6.93671e+06
6.64807e+06
6.36575e+06
6.0901e+06
5.82282e+06
5.56314e+06
5.31218e+06
5.06708e+06
4.82725e+06
4.58854e+06
4.34297e+06
4.08478e+06
3.82548e+06
3.58782e+06
1.25048e+07
1.20574e+07
1.16308e+07
1.12243e+07
1.08366e+07
1.04655e+07
1.01086e+07
9.76346e+06
9.42807e+06
9.10062e+06
8.77983e+06
8.4647e+06
8.15468e+06
7.84943e+06
7.54911e+06
7.25394e+06
6.96489e+06
6.68267e+06
6.40916e+06
6.14531e+06
5.89372e+06
5.65445e+06
5.42953e+06
5.21539e+06
5.0108e+06
4.80662e+06
4.58988e+06
4.3506e+06
4.10839e+06
4.01302e+06
1.25669e+07
1.2118e+07
1.16883e+07
1.12774e+07
1.08841e+07
1.05069e+07
1.01439e+07
9.79322e+06
9.45304e+06
9.12176e+06
8.79809e+06
8.48108e+06
8.17015e+06
7.865e+06
7.56579e+06
7.27291e+06
6.98736e+06
6.71024e+06
6.4436e+06
6.18921e+06
5.95027e+06
5.72827e+06
5.52635e+06
5.34117e+06
5.17152e+06
5.00066e+06
4.8116e+06
4.58232e+06
4.39271e+06
4.29233e+06
1.26072e+07
1.21574e+07
1.17259e+07
1.13123e+07
1.09156e+07
1.05347e+07
1.01678e+07
9.81359e+06
9.47026e+06
9.13642e+06
8.8108e+06
8.49253e+06
8.18096e+06
7.8759e+06
7.57744e+06
7.28616e+06
7.00298e+06
6.72941e+06
6.4674e+06
6.21954e+06
5.98909e+06
5.77946e+06
5.59477e+06
5.43588e+06
5.30237e+06
5.1769e+06
5.03813e+06
4.74402e+06
4.56328e+06
4.47126e+06
1.2627e+07
1.21768e+07
1.17445e+07
1.13296e+07
1.09314e+07
1.05486e+07
1.01799e+07
9.82393e+06
9.47904e+06
9.14391e+06
8.81732e+06
8.4984e+06
8.18651e+06
7.88151e+06
7.58342e+06
7.29297e+06
7.01099e+06
6.73924e+06
6.47953e+06
6.235e+06
6.00865e+06
5.80533e+06
5.62932e+06
5.48722e+06
5.38372e+06
5.31871e+06
5.05248e+06
4.81387e+06
4.64511e+06
4.55819e+06
)
;

boundaryField
{
    inlet1
    {
        type            fixedGradient;
        gradient        uniform 20000;
    }
    inlet2
    {
        type            zeroGradient;
    }
    inlet3
    {
        type            fixedGradient;
        gradient        uniform 4.68141e+06;
    }
    output1
    {
        type            zeroGradient;
    }
    output2
    {
        type            fixedValue;
        value           uniform 0;
    }
    output3
    {
        type            zeroGradient;
    }
    up
    {
        type            zeroGradient;
    }
    down
    {
        type            zeroGradient;
    }
    emptyWalls
    {
        type            empty;
    }
}


// ************************************************************************* //
