/*--------------------------------*- C++ -*----------------------------------*\
  =========                 |
  \\      /  F ield         | OpenFOAM: The Open Source CFD Toolbox
   \\    /   O peration     | Website:  https://openfoam.org
    \\  /    A nd           | Version:  9
     \\/     M anipulation  |
\*---------------------------------------------------------------------------*/
FoamFile
{
    format      ascii;
    class       surfaceScalarField;
    location    "32000";
    object      phi;
}
// * * * * * * * * * * * * * * * * * * * * * * * * * * * * * * * * * * * * * //

dimensions      [0 3 -1 0 0 0 0];

internalField   nonuniform List<scalar> 
1740
(
2.76168e-08
7.90201e-08
9.63836e-09
8.72301e-09
1.89255e-09
1.05348e-08
1.35619e-09
2.12866e-09
9.04531e-10
7.22212e-12
1.18891e-09
3.72094e-11
1.13929e-09
2.60467e-11
1.12271e-09
1.44635e-11
1.11586e-09
5.33579e-12
1.11554e-09
-9.2548e-13
1.11925e-09
-4.71489e-12
1.12495e-09
-6.52636e-12
1.13093e-09
-6.72042e-12
1.13571e-09
-5.48277e-12
1.13784e-09
-2.85732e-12
1.13591e-09
1.19412e-12
1.12842e-09
6.72966e-12
1.11388e-09
1.37824e-11
1.0908e-09
2.23438e-11
1.05772e-09
3.23727e-11
1.01325e-09
4.38089e-11
9.56085e-10
5.65728e-11
8.85059e-10
7.0543e-11
7.99258e-10
8.55091e-11
6.9816e-10
1.01106e-10
5.81856e-10
1.16744e-10
4.51295e-10
1.31555e-10
3.08501e-10
1.44402e-10
1.56664e-10
1.53998e-10
1.5916e-10
3.6732e-08
1.47021e-07
8.19844e-09
4.71946e-08
7.70722e-09
2.14766e-08
1.70355e-09
2.57095e-09
8.45903e-10
1.52443e-10
1.18911e-09
8.21807e-11
1.12357e-09
5.25128e-11
1.11299e-09
2.64714e-11
1.10933e-09
7.80503e-12
1.11151e-09
-4.32304e-12
1.11726e-09
-1.14082e-11
1.12466e-09
-1.46706e-11
1.13214e-09
-1.48729e-11
1.13834e-09
-1.23537e-11
1.14192e-09
-7.14116e-12
1.14145e-09
9.0332e-13
1.13547e-09
1.19414e-11
1.12242e-09
2.6055e-11
1.1008e-09
4.32191e-11
1.06912e-09
6.33376e-11
1.02595e-09
8.62896e-11
9.69942e-10
1.11939e-10
8.99835e-10
1.4009e-10
8.14555e-10
1.70387e-10
7.13366e-10
2.02171e-10
5.96114e-10
2.34314e-10
4.63529e-10
2.65072e-10
3.17545e-10
2.92054e-10
1.61491e-10
3.12429e-10
3.23481e-10
2.97535e-08
2.06842e-07
7.14622e-09
6.39972e-08
5.51355e-10
1.91023e-08
1.17173e-09
5.17455e-10
9.55694e-10
3.43321e-10
1.17992e-09
1.48786e-10
1.11155e-09
7.53532e-11
1.09634e-09
3.11046e-11
1.09695e-09
3.73648e-12
1.10392e-09
-1.2763e-11
1.11363e-09
-2.19235e-11
1.12427e-09
-2.58744e-11
1.13463e-09
-2.57454e-11
1.14361e-09
-2.19161e-11
1.15003e-09
-1.42553e-11
1.15253e-09
-2.38032e-12
1.14957e-09
1.4078e-11
1.13954e-09
3.52777e-11
1.12086e-09
6.11404e-11
1.092e-09
9.14697e-11
1.05149e-09
1.26074e-10
9.97898e-10
1.64805e-10
9.29783e-10
2.07491e-10
8.45759e-10
2.53778e-10
7.44637e-10
3.02878e-10
6.25705e-10
3.53268e-10
4.89163e-10
4.02364e-10
3.36659e-10
4.46315e-10
1.71757e-10
4.80181e-10
4.98855e-10
1.26473e-08
2.89715e-07
2.72527e-10
6.47632e-08
2.97974e-10
1.80482e-08
6.43091e-10
7.75776e-11
8.9987e-10
3.10748e-10
1.03328e-09
1.53307e-10
1.05089e-09
6.901e-11
1.06386e-09
1.88578e-11
1.07823e-09
-1.12002e-11
1.09358e-09
-2.85413e-11
1.10907e-09
-3.76479e-11
1.12418e-09
-4.1158e-11
1.13849e-09
-4.03165e-11
1.15143e-09
-3.53071e-11
1.16207e-09
-2.55808e-11
1.16906e-09
-1.02449e-11
1.17074e-09
1.14747e-11
1.16532e-09
3.98385e-11
1.1511e-09
7.45962e-11
1.12652e-09
1.15328e-10
1.09012e-09
1.61733e-10
1.04038e-09
2.13718e-10
9.7564e-10
2.71296e-10
8.94062e-10
3.34357e-10
7.93717e-10
4.02295e-10
6.72907e-10
4.73518e-10
5.30759e-10
5.44802e-10
3.68171e-10
6.10659e-10
1.88878e-10
6.63124e-10
6.92902e-10
2.61731e-08
3.63425e-07
5.19527e-09
8.7477e-08
9.42537e-10
2.52678e-08
5.94123e-10
5.10337e-11
8.70653e-10
1.59994e-10
9.46011e-10
8.91528e-11
9.94932e-10
2.85222e-11
1.02998e-09
-1.34836e-11
1.05853e-09
-3.88541e-11
1.08308e-09
-5.25544e-11
1.10489e-09
-5.89695e-11
1.12489e-09
-6.07952e-11
1.14373e-09
-5.90564e-11
1.16155e-09
-5.34136e-11
1.17775e-09
-4.25134e-11
1.19091e-09
-2.4491e-11
1.19901e-09
2.22875e-12
1.1999e-09
3.80059e-11
1.19169e-09
8.20786e-11
1.17286e-09
1.33512e-10
1.14208e-09
1.91813e-10
1.09785e-09
2.57037e-10
1.03834e-09
3.29622e-10
9.61129e-10
4.1006e-10
8.63263e-10
4.98431e-10
7.41445e-10
5.93706e-10
5.92796e-10
6.92668e-10
4.16389e-10
7.88396e-10
2.15584e-10
8.68753e-10
9.16727e-10
3.32532e-08
4.29791e-07
4.88855e-09
1.28451e-07
7.67834e-10
2.61031e-08
5.60582e-10
4.04861e-11
8.47824e-10
5.80315e-11
8.90904e-10
1.48426e-11
9.52851e-10
-3.0591e-11
1.00261e-09
-6.24611e-11
1.04281e-09
-7.81795e-11
1.07535e-09
-8.38539e-11
1.10252e-09
-8.48816e-11
1.12675e-09
-8.40004e-11
1.14998e-09
-8.17043e-11
1.17329e-09
-7.67792e-11
1.19647e-09
-6.65682e-11
1.21782e-09
-4.74336e-11
1.2345e-09
-1.60739e-11
1.24357e-09
2.78778e-11
1.24289e-09
8.21996e-11
1.23118e-09
1.4483e-10
1.20748e-09
2.14965e-10
1.17062e-09
2.92994e-10
1.11872e-09
3.80096e-10
1.04885e-09
4.77832e-10
9.56759e-10
5.87665e-10
8.36815e-10
7.1021e-10
6.82589e-10
8.43767e-10
4.89005e-10
9.81503e-10
2.57071e-10
1.10676e-09
1.18853e-09
3.78908e-08
4.93139e-07
9.70842e-09
1.5547e-07
9.93737e-10
3.36828e-08
5.58473e-10
4.05864e-11
8.16876e-10
-7.94132e-12
8.54266e-10
-5.7215e-11
9.22959e-10
-1.03269e-10
9.84787e-10
-1.27591e-10
1.03476e-09
-1.2755e-10
1.07296e-09
-1.19799e-10
1.10311e-09
-1.12702e-10
1.12961e-09
-1.08621e-10
1.15616e-09
-1.06984e-10
1.18516e-09
-1.05434e-10
1.21702e-09
-9.95481e-11
1.2494e-09
-8.26019e-11
1.2776e-09
-4.69689e-11
1.297e-09
7.37896e-12
1.30513e-09
7.40118e-11
1.30147e-09
1.48641e-10
1.28605e-09
2.30222e-10
1.25844e-09
3.19872e-10
1.21708e-09
4.19935e-10
1.15879e-09
5.33507e-10
1.0781e-09
6.64189e-10
9.66463e-10
8.157e-10
8.1174e-10
9.9069e-10
5.99972e-10
1.18709e-09
3.23697e-10
1.38828e-09
1.54209e-09
4.07774e-08
5.50044e-07
7.77448e-09
1.79183e-07
1.44081e-09
4.62498e-08
5.38145e-10
5.24459e-11
7.68443e-10
-4.78101e-11
8.16723e-10
-1.32493e-10
8.99931e-10
-1.97677e-10
9.78821e-10
-2.17084e-10
1.03848e-09
-1.8463e-10
1.07862e-09
-1.55083e-10
1.10734e-09
-1.37502e-10
1.13242e-09
-1.30796e-10
1.1599e-09
-1.32176e-10
1.19416e-09
-1.38424e-10
1.23704e-09
-1.4359e-10
1.28514e-09
-1.36458e-10
1.3295e-09
-9.65789e-11
1.3617e-09
-2.54049e-11
1.37917e-09
5.78295e-11
1.3835e-09
1.45503e-10
1.37681e-09
2.37411e-10
1.36001e-09
3.36335e-10
1.33238e-09
4.4626e-10
1.29113e-09
5.72069e-10
1.2304e-09
7.19882e-10
1.13919e-09
8.97713e-10
9.97936e-10
1.11621e-09
7.75444e-10
1.38788e-09
4.37745e-10
1.71716e-09
2.04947e-09
6.16154e-08
5.89382e-07
1.1469e-08
2.32544e-07
9.07907e-10
3.96772e-08
4.8483e-10
6.66813e-11
6.90166e-10
-9.6431e-11
7.62744e-10
-2.27269e-10
8.81221e-10
-3.37863e-10
9.92084e-10
-3.58433e-10
1.06173e-09
-2.38809e-10
1.09571e-09
-1.78393e-10
1.11519e-09
-1.51424e-10
1.13284e-09
-1.44882e-10
1.15686e-09
-1.52496e-10
1.19455e-09
-1.72496e-10
1.25185e-09
-1.99931e-10
1.32463e-09
-2.23061e-10
1.39356e-09
-1.77482e-10
1.44112e-09
-7.02482e-11
1.46633e-09
3.72192e-11
1.47658e-09
1.38135e-10
1.47766e-09
2.37587e-10
1.4724e-09
3.41801e-10
1.46131e-09
4.567e-10
1.44296e-09
5.88627e-10
1.41316e-09
7.45554e-10
1.36197e-09
9.39065e-10
1.26537e-09
1.18854e-09
1.06612e-09
1.53105e-09
6.51841e-10
2.04303e-09
2.88915e-09
1.57164e-07
5.29614e-07
6.96351e-08
3.09508e-07
8.84852e-09
1.30251e-07
3.58321e-10
1.01654e-08
5.50861e-10
-9.12254e-11
6.73787e-10
-2.28207e-10
8.70125e-10
-3.45671e-10
1.04657e-09
-4.45838e-10
1.12064e-09
-2.33782e-10
1.12729e-09
-1.68265e-10
1.12487e-09
-1.44921e-10
1.12689e-09
-1.44813e-10
1.14016e-09
-1.60429e-10
1.17532e-09
-1.99134e-10
1.25118e-09
-2.60577e-10
1.36797e-09
-3.7837e-10
1.479e-09
-3.20034e-10
1.54289e-09
-1.15333e-10
1.56846e-09
2.31668e-11
1.57881e-09
1.32234e-10
1.58487e-09
2.33e-10
1.59063e-09
3.36585e-10
1.59751e-09
4.50114e-10
1.60623e-09
5.80186e-10
1.61731e-09
7.34644e-10
1.63017e-09
9.24448e-10
1.63543e-09
1.16786e-09
1.57184e-09
1.50474e-09
1.1035e-09
2.03478e-09
3.0485e-09
2.77148e-07
2.62112e-07
3.17932e-07
2.62541e-07
1.53187e-07
2.64804e-07
1.89014e-08
1.59313e-07
3.17142e-10
5.64104e-08
5.33081e-10
1.85461e-08
8.78911e-10
1.55978e-08
1.20342e-09
-7.11374e-11
1.24699e-09
-1.27247e-10
1.16794e-09
-1.05432e-10
1.1301e-09
-9.74325e-11
1.10969e-09
-1.03326e-10
1.10156e-09
-1.1887e-10
1.11539e-09
-1.58239e-10
1.2096e-09
-2.23959e-10
1.41707e-09
-3.95678e-10
1.61158e-09
-5.33986e-10
1.68301e-09
-9.33316e-11
1.68579e-09
4.09061e-11
1.68531e-09
1.39151e-10
1.69238e-09
2.33382e-10
1.70772e-09
3.33611e-10
1.73187e-09
4.4479e-10
1.76715e-09
5.71854e-10
1.81968e-09
7.20406e-10
1.90597e-09
8.957e-10
2.07434e-09
1.09912e-09
2.48232e-09
1.3282e-09
3.71675e-09
1.56969e-09
1.78548e-09
2.58921e-07
-6.92041e-10
4.72016e-07
6.66126e-08
5.66912e-07
1.74588e-07
4.66104e-07
2.24927e-07
2.91115e-07
1.75177e-07
1.8249e-07
1.10089e-07
8.22435e-08
1.05435e-07
3.70193e-09
6.51879e-08
1.30175e-09
1.07976e-08
1.16736e-09
2.59169e-09
1.1179e-09
9.64036e-10
1.08021e-09
9.56284e-10
1.04099e-09
1.69114e-09
9.75091e-10
3.59822e-09
1.05475e-09
6.7422e-09
1.47911e-09
2.46583e-08
1.86722e-09
-2.42164e-10
1.89177e-09
-1.09173e-11
1.8064e-09
5.20276e-11
1.78426e-09
1.06346e-10
1.79162e-09
1.65332e-10
1.81602e-09
2.3119e-10
1.85509e-09
3.04563e-10
1.91083e-09
3.87962e-10
1.98827e-09
4.84514e-10
2.09968e-09
5.96131e-10
2.27366e-09
7.14727e-10
2.56633e-09
8.22351e-10
3.037e-09
8.49211e-10
5.83285e-10
6.55811e-08
-8.63922e-08
1.95046e-07
-3.89078e-08
3.8347e-07
2.09778e-10
5.37327e-07
7.82446e-08
5.5464e-07
1.58428e-07
5.01999e-07
1.60603e-07
4.25526e-07
1.70186e-07
3.29423e-07
1.43025e-07
3.12548e-07
4.50054e-08
3.02822e-07
1.56745e-08
2.9838e-07
6.75384e-09
2.90013e-07
7.05608e-09
2.82587e-07
1.10725e-08
2.53887e-07
2.34482e-08
2.26266e-07
3.85768e-08
1.15607e-07
9.31584e-08
2.60664e-09
7.44239e-08
1.77544e-09
9.21053e-09
1.49121e-09
2.57317e-09
1.4262e-09
3.15547e-10
1.38821e-09
-1.10741e-09
1.36402e-09
-2.33594e-09
1.35533e-09
-3.46174e-09
1.36946e-09
-4.50305e-09
1.41198e-09
-5.38773e-09
1.48228e-09
-5.91676e-09
1.60499e-09
-5.85602e-09
1.82476e-09
-4.86451e-09
2.14458e-09
-3.18401e-09
-1.05565e-09
3.83934e-08
-1.25445e-07
9.45373e-08
-9.31321e-08
1.64121e-07
-6.55104e-08
2.6872e-07
-1.91798e-08
3.9114e-07
3.91013e-08
4.68169e-07
9.01969e-08
5.27914e-07
1.15968e-07
5.45022e-07
1.18619e-07
5.33947e-07
6.28445e-08
5.23193e-07
2.89174e-08
5.18738e-07
1.50062e-08
5.05734e-07
1.59228e-08
4.96231e-07
2.40533e-08
4.64482e-07
4.64242e-08
4.3945e-07
7.28641e-08
3.98468e-07
1.2876e-07
3.36769e-07
1.38487e-07
3.25133e-07
3.69431e-08
3.14116e-07
1.16229e-08
3.12304e-07
-1.59352e-10
3.19218e-07
-8.18561e-09
3.33614e-07
-1.52589e-08
3.54463e-07
-2.17122e-08
3.81044e-07
-2.79141e-08
4.12064e-07
-3.34078e-08
4.46288e-07
-3.74566e-08
4.80062e-07
-3.84792e-08
5.09848e-07
-3.38457e-08
5.29583e-07
-2.37311e-08
-8.63939e-09
4.85776e-08
-1.76282e-07
9.20308e-08
-1.4282e-07
1.29939e-07
-1.0393e-07
1.74099e-07
-6.51775e-08
2.42031e-07
-2.4414e-08
3.19816e-07
1.45969e-08
4.00005e-07
4.1744e-08
4.62226e-07
5.3614e-08
4.84616e-07
4.24943e-08
4.88827e-07
2.68547e-08
4.88083e-07
1.80619e-08
4.83216e-07
1.99981e-08
4.79351e-07
2.95802e-08
4.75982e-07
4.98177e-08
4.80873e-07
7.38061e-08
5.14262e-07
1.00058e-07
5.31115e-07
1.03234e-07
5.22315e-07
5.20511e-08
5.19983e-07
1.68934e-08
5.25632e-07
-5.72044e-09
5.40018e-07
-2.2801e-08
5.63313e-07
-3.84628e-08
5.94792e-07
-5.25394e-08
6.34848e-07
-6.69982e-08
6.81936e-07
-7.99208e-08
7.3704e-07
-9.18866e-08
7.94689e-07
-9.79573e-08
8.51015e-07
-9.17437e-08
8.91184e-07
-6.84636e-08
-2.58353e-08
5.20931e-08
-2.3282e-07
9.72573e-08
-1.87632e-07
1.42318e-07
-1.48933e-07
1.86626e-07
-1.09175e-07
2.33305e-07
-6.98891e-08
2.83018e-07
-3.51288e-08
3.34129e-07
-8.5525e-09
3.78548e-07
8.14843e-09
4.06086e-07
1.51476e-08
4.19262e-07
1.51423e-08
4.24857e-07
1.44989e-08
4.2834e-07
1.81957e-08
4.33232e-07
2.68718e-08
4.46192e-07
4.01908e-08
4.68534e-07
5.40899e-08
5.08868e-07
6.22716e-08
5.48039e-07
5.87877e-08
5.65674e-07
3.55181e-08
5.79552e-07
6.22708e-09
5.96206e-07
-2.07057e-08
6.19297e-07
-4.41027e-08
6.48872e-07
-6.7241e-08
6.85781e-07
-8.73717e-08
7.30657e-07
-1.1061e-07
7.82972e-07
-1.2999e-07
8.47832e-07
-1.54675e-07
9.20371e-07
-1.70492e-07
1.00321e-06
-1.75448e-07
1.07195e-06
-1.44507e-07
-6.10928e-08
6.32568e-08
-2.99549e-07
1.19522e-07
-2.46325e-07
1.70865e-07
-1.99756e-07
2.19208e-07
-1.56149e-07
2.65532e-07
-1.15354e-07
3.09314e-07
-7.88213e-08
3.48883e-07
-4.8645e-08
3.8195e-07
-2.55843e-08
4.0656e-07
-9.73619e-09
4.2266e-07
-3.23396e-10
4.32991e-07
5.62887e-09
4.41435e-07
1.15769e-08
4.514e-07
1.88689e-08
4.669e-07
2.66762e-08
4.89852e-07
3.22351e-08
5.20187e-07
3.19531e-08
5.53911e-07
2.42202e-08
5.81966e-07
7.32548e-09
6.09241e-07
-1.79156e-08
6.369e-07
-4.65747e-08
6.71297e-07
-7.46049e-08
7.08542e-07
-1.04293e-07
7.54453e-07
-1.29288e-07
8.0452e-07
-1.61639e-07
8.63372e-07
-1.84059e-07
9.34375e-07
-2.25014e-07
1.0161e-06
-2.46934e-07
1.12489e-06
-2.83442e-07
1.23265e-06
-2.59292e-07
-1.40603e-07
8.0795e-08
-3.86088e-07
1.52535e-07
-3.14884e-07
2.18596e-07
-2.60901e-07
2.77632e-07
-2.11593e-07
3.29371e-07
-1.65127e-07
3.74321e-07
-1.22914e-07
4.12822e-07
-8.68487e-08
4.44961e-07
-5.75342e-08
4.70853e-07
-3.52658e-08
4.90609e-07
-1.93466e-08
5.05713e-07
-8.32553e-09
5.186e-07
-9.26581e-11
5.32512e-07
6.26915e-09
5.49468e-07
1.0465e-08
5.71429e-07
1.07533e-08
5.97184e-07
5.75661e-09
6.27647e-07
-5.79767e-09
6.59081e-07
-2.38981e-08
6.9352e-07
-4.9703e-08
7.2681e-07
-7.93526e-08
7.67139e-07
-1.11469e-07
8.04734e-07
-1.43934e-07
8.54203e-07
-1.74488e-07
8.97821e-07
-2.10477e-07
9.56121e-07
-2.35376e-07
1.01066e-06
-2.85456e-07
1.07928e-06
-3.02073e-07
1.18303e-06
-3.84834e-07
1.30288e-06
-3.73995e-07
-3.07715e-07
1.20477e-07
-5.05133e-07
2.2663e-07
-4.08458e-07
3.15248e-07
-3.41422e-07
3.84284e-07
-2.77116e-07
4.37435e-07
-2.17053e-07
4.7949e-07
-1.64539e-07
5.13782e-07
-1.21074e-07
5.42533e-07
-8.61334e-08
5.66668e-07
-5.92233e-08
5.86959e-07
-3.91128e-08
6.04168e-07
-2.48664e-08
6.20242e-07
-1.514e-08
6.36589e-07
-9.39456e-09
6.55358e-07
-7.56188e-09
6.76716e-07
-1.04529e-08
7.01591e-07
-1.85214e-08
7.28633e-07
-3.27366e-08
7.576e-07
-5.2182e-08
7.86228e-07
-7.84011e-08
8.13691e-07
-1.06399e-07
8.42409e-07
-1.40457e-07
8.67264e-07
-1.69884e-07
9.02003e-07
-2.08266e-07
9.2421e-07
-2.37092e-07
9.72448e-07
-2.77341e-07
9.89714e-07
-3.14054e-07
1.05237e-06
-3.43678e-07
1.10845e-06
-4.44329e-07
1.2226e-06
-4.24103e-07
-6.45422e-07
2.33658e-07
-6.97757e-07
4.02643e-07
-5.58376e-07
4.94796e-07
-4.30647e-07
5.4354e-07
-3.26423e-07
5.71264e-07
-2.45781e-07
5.90075e-07
-1.84183e-07
6.05323e-07
-1.36996e-07
6.19644e-07
-1.00773e-07
6.33308e-07
-7.31298e-08
6.46891e-07
-5.25061e-08
6.59875e-07
-3.77604e-08
6.73521e-07
-2.81987e-08
6.87421e-07
-2.32031e-08
7.03362e-07
-2.28583e-08
7.19544e-07
-2.70284e-08
7.37843e-07
-3.6257e-08
7.54225e-07
-5.02844e-08
7.71946e-07
-6.92238e-08
7.84088e-07
-9.27778e-08
7.98609e-07
-1.19371e-07
8.06117e-07
-1.51372e-07
8.21786e-07
-1.81615e-07
8.33519e-07
-2.24495e-07
8.55399e-07
-2.52273e-07
8.90259e-07
-3.15849e-07
9.06587e-07
-3.29482e-07
1.00688e-06
-4.34505e-07
9.88261e-07
-4.58965e-07
1.53156e-06
-7.85356e-07
-2.08456e-06
8.45033e-07
-6.67224e-07
7.64886e-07
-5.23531e-07
7.00975e-07
-3.88128e-07
6.5393e-07
-2.8922e-07
6.23353e-07
-2.19573e-07
6.05994e-07
-1.68756e-07
5.98355e-07
-1.30076e-07
5.97222e-07
-9.99541e-08
6.00472e-07
-7.63597e-08
6.06336e-07
-5.83889e-08
6.1407e-07
-4.53063e-08
6.22837e-07
-3.69617e-08
6.32762e-07
-3.29122e-08
6.43125e-07
-3.33458e-08
6.54119e-07
-3.78564e-08
6.64674e-07
-4.70829e-08
6.74833e-07
-6.02221e-08
6.84273e-07
-7.87489e-08
6.92634e-07
-1.00542e-07
7.03629e-07
-1.29226e-07
7.12869e-07
-1.59699e-07
7.34951e-07
-1.99566e-07
7.47394e-07
-2.38887e-07
7.95093e-07
-2.88836e-07
8.08154e-07
-3.42677e-07
9.07721e-07
-3.98088e-07
9.40173e-07
-5.0884e-07
1.12178e-06
-5.87379e-07
1.25055e-06
-1.0334e-06
-1.7472e-06
7.19341e-07
-4.6236e-07
5.99307e-07
-3.88553e-07
5.42818e-07
-3.21475e-07
5.24211e-07
-2.62682e-07
5.23364e-07
-2.12914e-07
5.29895e-07
-1.7133e-07
5.39307e-07
-1.36959e-07
5.49581e-07
-1.0863e-07
5.60135e-07
-8.58657e-08
5.70476e-07
-6.80948e-08
5.80917e-07
-5.519e-08
5.91076e-07
-4.68385e-08
6.01687e-07
-4.30139e-08
6.11951e-07
-4.34761e-08
6.23067e-07
-4.82863e-08
6.33367e-07
-5.73737e-08
6.45216e-07
-7.09432e-08
6.55611e-07
-8.93138e-08
6.69543e-07
-1.1245e-07
6.81021e-07
-1.4154e-07
6.99355e-07
-1.74751e-07
7.12339e-07
-2.15842e-07
7.36793e-07
-2.58088e-07
7.53441e-07
-3.13708e-07
7.87894e-07
-3.67372e-07
8.25149e-07
-4.50765e-07
8.54631e-07
-5.32883e-07
9.18803e-07
-6.77689e-07
5.13e-07
-7.14924e-07
-4.34841e-07
8.20868e-07
-3.66528e-07
7.70392e-07
-3.4329e-07
7.41418e-07
-3.0301e-07
7.23757e-07
-2.55021e-07
7.11676e-07
-2.08661e-07
7.02744e-07
-1.68152e-07
6.96009e-07
-1.34508e-07
6.91399e-07
-1.07139e-07
6.88617e-07
-8.54892e-08
6.87599e-07
-6.8813e-08
6.87776e-07
-5.68319e-08
6.88968e-07
-4.90955e-08
6.90369e-07
-4.55481e-08
6.91898e-07
-4.58762e-08
6.92554e-07
-5.02063e-08
6.9261e-07
-5.84014e-08
6.90848e-07
-7.08956e-08
6.88306e-07
-8.78562e-08
6.83371e-07
-1.09861e-07
6.78564e-07
-1.37555e-07
6.71515e-07
-1.70768e-07
6.68388e-07
-2.1192e-07
6.65202e-07
-2.58393e-07
6.73039e-07
-3.16859e-07
6.82746e-07
-3.81968e-07
6.86753e-07
-4.51124e-07
6.79575e-07
-5.33497e-07
4.99644e-07
-5.35004e-07
2.34042e-07
-4.37862e-07
-4.04635e-07
8.35731e-07
-2.87562e-07
7.65062e-07
-2.70822e-07
7.05673e-07
-2.42397e-07
6.60105e-07
-2.08268e-07
6.27169e-07
-1.742e-07
6.04135e-07
-1.43308e-07
5.88401e-07
-1.1691e-07
5.77941e-07
-9.49862e-08
5.7135e-07
-7.74285e-08
5.67452e-07
-6.37457e-08
5.65519e-07
-5.38784e-08
5.64623e-07
-4.74346e-08
5.64474e-07
-4.45528e-08
5.64123e-07
-4.49043e-08
5.63891e-07
-4.8916e-08
5.626e-07
-5.6343e-08
5.61659e-07
-6.81654e-08
5.59254e-07
-8.42567e-08
5.58899e-07
-1.06293e-07
5.57417e-07
-1.34365e-07
5.61917e-07
-1.69906e-07
5.66297e-07
-2.14799e-07
5.7856e-07
-2.639e-07
5.90351e-07
-3.29532e-07
5.88353e-07
-3.77989e-07
5.81916e-07
-4.46773e-07
4.85275e-07
-4.55539e-07
3.30019e-07
-3.74418e-07
1.53038e-07
-2.8579e-07
-1.29253e-07
8.49893e-07
-2.22886e-07
7.9377e-07
-2.1315e-07
7.48341e-07
-1.96818e-07
7.14424e-07
-1.75458e-07
6.90179e-07
-1.51765e-07
6.73314e-07
-1.28269e-07
6.61493e-07
-1.06827e-07
6.53375e-07
-8.82392e-08
6.47602e-07
-7.29555e-08
6.43783e-07
-6.08536e-08
6.40914e-07
-5.20458e-08
6.39067e-07
-4.62306e-08
6.37162e-07
-4.36262e-08
6.35664e-07
-4.39007e-08
6.33251e-07
-4.76344e-08
6.3085e-07
-5.44105e-08
6.26812e-07
-6.56535e-08
6.22427e-07
-8.04764e-08
6.16064e-07
-1.02113e-07
6.08466e-07
-1.27831e-07
5.99735e-07
-1.64221e-07
5.8567e-07
-2.03302e-07
5.73154e-07
-2.55026e-07
5.43609e-07
-3.05993e-07
5.14782e-07
-3.50408e-07
4.56497e-07
-3.97797e-07
3.44432e-07
-3.45112e-07
2.16237e-07
-2.56726e-07
9.20246e-08
-1.57838e-07
-6.17041e-08
8.60273e-07
-1.68935e-07
8.11234e-07
-1.63036e-07
7.67579e-07
-1.52654e-07
7.30453e-07
-1.3837e-07
6.99989e-07
-1.21636e-07
6.75583e-07
-1.04284e-07
6.56238e-07
-8.78286e-08
6.41009e-07
-7.32497e-08
6.28917e-07
-6.10313e-08
6.19304e-07
-5.13268e-08
6.11312e-07
-4.41688e-08
6.04546e-07
-3.94824e-08
5.98085e-07
-3.73019e-08
5.91824e-07
-3.75662e-08
5.84563e-07
-4.05391e-08
5.76631e-07
-4.61955e-08
5.66189e-07
-5.53706e-08
5.54334e-07
-6.78484e-08
5.38207e-07
-8.59412e-08
5.20419e-07
-1.08088e-07
4.97574e-07
-1.40468e-07
4.7405e-07
-1.75338e-07
4.50013e-07
-2.27838e-07
4.20988e-07
-2.70257e-07
3.97488e-07
-3.21266e-07
3.38588e-07
-3.37716e-07
2.37709e-07
-2.48971e-07
1.40639e-07
-1.54487e-07
4.85895e-08
-5.64953e-08
-1.19828e-09
8.66851e-07
-1.21807e-07
8.22805e-07
-1.18151e-07
7.82258e-07
-1.11582e-07
7.46485e-07
-1.02398e-07
7.16068e-07
-9.13451e-08
6.90957e-07
-7.94823e-08
6.70535e-07
-6.78391e-08
6.54109e-07
-5.72286e-08
6.4077e-07
-4.81353e-08
6.29929e-07
-4.08202e-08
6.20694e-07
-3.5359e-08
6.12751e-07
-3.1793e-08
6.05106e-07
-3.012e-08
5.97774e-07
-3.04066e-08
5.89411e-07
-3.27648e-08
5.80513e-07
-3.73686e-08
5.68979e-07
-4.46794e-08
5.56141e-07
-5.49192e-08
5.38535e-07
-6.95978e-08
5.19255e-07
-8.83573e-08
4.92996e-07
-1.15965e-07
4.66204e-07
-1.47275e-07
4.32311e-07
-1.96185e-07
3.92027e-07
-2.29659e-07
3.5089e-07
-2.82912e-07
2.59842e-07
-2.59739e-07
1.52356e-07
-1.51975e-07
5.44466e-08
-5.63522e-08
3.60052e-10
-9.04412e-10
-1.18171e-09
8.71082e-07
-7.90496e-08
8.30495e-07
-7.69109e-08
7.92397e-07
-7.30087e-08
7.5777e-07
-6.75178e-08
7.27274e-07
-6.07952e-08
7.01084e-07
-5.34304e-08
6.79019e-07
-4.60109e-08
6.60603e-07
-3.91212e-08
6.4525e-07
-3.30963e-08
6.32329e-07
-2.82184e-08
6.21174e-07
-2.45203e-08
6.11224e-07
-2.21336e-08
6.01739e-07
-2.09741e-08
5.92301e-07
-2.12266e-08
5.81906e-07
-2.27961e-08
5.70378e-07
-2.60564e-08
5.56034e-07
-3.09595e-08
5.39215e-07
-3.82047e-08
5.1665e-07
-4.79987e-08
4.90058e-07
-6.14287e-08
4.52727e-07
-7.99086e-08
4.11205e-07
-1.03447e-07
3.53278e-07
-1.38516e-07
3.00238e-07
-1.66679e-07
2.42895e-07
-2.20556e-07
1.46287e-07
-1.61958e-07
4.80652e-08
-5.1283e-08
6.8176e-10
-5.98839e-10
3.96726e-10
-7.18812e-10
-7.35907e-10
8.73618e-07
-3.89112e-08
8.35174e-07
-3.79187e-08
7.9868e-07
-3.60951e-08
7.64948e-07
-3.35184e-08
7.34619e-07
-3.03422e-08
7.0797e-07
-2.68223e-08
6.85046e-07
-2.32275e-08
6.65522e-07
-1.98461e-08
6.49018e-07
-1.68551e-08
6.34891e-07
-1.44178e-08
6.2264e-07
-1.25558e-08
6.11517e-07
-1.13599e-08
6.01018e-07
-1.07697e-08
5.90327e-07
-1.09191e-08
5.78894e-07
-1.17046e-08
5.65793e-07
-1.3409e-08
5.50227e-07
-1.5862e-08
5.31139e-07
-1.96628e-08
5.06939e-07
-2.4508e-08
4.76683e-07
-3.16743e-08
4.36437e-07
-4.06892e-08
3.87715e-07
-5.42789e-08
3.20824e-07
-7.25724e-08
2.5808e-07
-9.72541e-08
1.68665e-07
-1.31496e-07
5.06243e-08
-6.06369e-08
8.36192e-10
-2.11347e-10
7.59791e-10
-3.0632e-10
3.7071e-10
-3.39686e-10
-3.58531e-10
8.74809e-07
8.37388e-07
8.01687e-07
7.68433e-07
7.38242e-07
7.11418e-07
6.88101e-07
6.68035e-07
6.50951e-07
6.36202e-07
6.23386e-07
6.11637e-07
6.00616e-07
5.89226e-07
5.7727e-07
5.63227e-07
5.47085e-07
5.26518e-07
5.01691e-07
4.68796e-07
4.27859e-07
3.72327e-07
2.99906e-07
2.02923e-07
7.17404e-08
8.12601e-10
9.27081e-10
6.73859e-10
3.4819e-10
)
;

boundaryField
{
    inlet1
    {
        type            calculated;
        value           nonuniform List<scalar> 10(-1e-07 -1e-07 -1e-07 -1e-07 -1e-07 -1e-07 -1e-07 -1e-07 -1e-07 -1e-07);
    }
    inlet2
    {
        type            calculated;
        value           uniform 0;
    }
    inlet3
    {
        type            calculated;
        value           nonuniform List<scalar> 10(-9.13394e-07 -9.13394e-07 -9.13394e-07 -9.13394e-07 -9.13394e-07 -9.13394e-07 -9.13394e-07 -9.13394e-07 -9.13394e-07 -9.13394e-07);
    }
    output1
    {
        type            calculated;
        value           uniform 0;
    }
    output2
    {
        type            calculated;
        value           nonuniform List<scalar> 10(6.1058e-09 3.65798e-09 2.34206e-09 5.38674e-07 9.08959e-07 1.10543e-06 1.30436e-06 1.45253e-06 1.5966e-06 3.21535e-06);
    }
    output3
    {
        type            calculated;
        value           uniform -0;
    }
    up
    {
        type            calculated;
        value           uniform 0;
    }
    down
    {
        type            calculated;
        value           uniform 0;
    }
    emptyWalls
    {
        type            empty;
        value           nonuniform List<scalar> 0();
    }
}


// ************************************************************************* //
