/*--------------------------------*- C++ -*----------------------------------*\
  =========                 |
  \\      /  F ield         | OpenFOAM: The Open Source CFD Toolbox
   \\    /   O peration     | Website:  https://openfoam.org
    \\  /    A nd           | Version:  9
     \\/     M anipulation  |
\*---------------------------------------------------------------------------*/
FoamFile
{
    format      ascii;
    class       volScalarField;
    location    "32000";
    object      Sw;
}
// * * * * * * * * * * * * * * * * * * * * * * * * * * * * * * * * * * * * * //

dimensions      [0 0 0 0 0 0 0];

internalField   nonuniform List<scalar> 
900
(
0.767174
0.6912
0.531517
0.540478
0.176066
0.15
0.15
0.15
0.15
0.15
0.15
0.15
0.15
0.15
0.15
0.15
0.15
0.15
0.15
0.15
0.15
0.15
0.15
0.15
0.15
0.15
0.15
0.15
0.15
0.15
0.818419
0.598688
0.702992
0.669224
0.256079
0.150001
0.15
0.15
0.15
0.15
0.15
0.15
0.15
0.15
0.15
0.15
0.15
0.15
0.15
0.15
0.15
0.15
0.15
0.15
0.15
0.15
0.15
0.15
0.15
0.15
0.784658
0.744374
0.657802
0.477797
0.156436
0.15
0.15
0.15
0.15
0.15
0.15
0.15
0.15
0.15
0.15
0.15
0.15
0.15
0.15
0.15
0.15
0.15
0.15
0.15
0.15
0.15
0.15
0.15
0.15
0.15
0.779079
0.640387
0.57726
0.342313
0.150103
0.15
0.15
0.15
0.15
0.15
0.15
0.15
0.15
0.15
0.15
0.15
0.15
0.15
0.15
0.15
0.15
0.15
0.15
0.15
0.15
0.15
0.15
0.15
0.15
0.15
0.779613
0.671789
0.574727
0.311079
0.150017
0.15
0.15
0.15
0.15
0.15
0.15
0.15
0.15
0.15
0.15
0.15
0.15
0.15
0.15
0.15
0.15
0.15
0.15
0.15
0.15
0.15
0.15
0.15
0.15
0.15
0.79092
0.670794
0.600751
0.257444
0.150001
0.15
0.15
0.15
0.15
0.15
0.15
0.15
0.15
0.15
0.15
0.15
0.15
0.15
0.15
0.15
0.15
0.15
0.15
0.15
0.15
0.15
0.15
0.15
0.15
0.15
0.808612
0.728958
0.585982
0.227363
0.15
0.15
0.15
0.15
0.15
0.15
0.15
0.15
0.15
0.15
0.15
0.15
0.15
0.15
0.15
0.15
0.15
0.15
0.15
0.15
0.15
0.15
0.15
0.15
0.15
0.15
0.83105
0.71947
0.639878
0.197734
0.15
0.15
0.15
0.15
0.15
0.15
0.15
0.15
0.15
0.15
0.15
0.15
0.15
0.15
0.15
0.15
0.15
0.15
0.15
0.15
0.15
0.15
0.15
0.15
0.15
0.15
0.857857
0.765015
0.635876
0.18138
0.15
0.15
0.15
0.15
0.15
0.15
0.15
0.15
0.15
0.15
0.15
0.15
0.15
0.15
0.15
0.15
0.15
0.15
0.15
0.15
0.15
0.15
0.15
0.15
0.15
0.15
0.890443
0.794072
0.611603
0.294448
0.15
0.15
0.15
0.15
0.15
0.15
0.15
0.15
0.15
0.15
0.15
0.15
0.15
0.15
0.15
0.15
0.15
0.15
0.15
0.15
0.15
0.15
0.15
0.15
0.15
0.15
0.905412
0.856015
0.766286
0.558691
0.21875
0.150002
0.150002
0.150002
0.15
0.15
0.15
0.15
0.15
0.15
0.15
0.15
0.15
0.15
0.15
0.15
0.15
0.15
0.15
0.15
0.15
0.15
0.15
0.15
0.15
0.15
0.840023
0.811639
0.795218
0.745358
0.675243
0.605878
0.576009
0.385843
0.15002
0.150003
0.150001
0.150001
0.150001
0.150001
0.150001
0.15
0.15
0.15
0.15
0.15
0.15
0.15
0.15
0.15
0.15
0.15
0.15
0.15
0.15
0.15
0.708195
0.662517
0.717713
0.712803
0.702539
0.656874
0.633401
0.581582
0.564757
0.562987
0.563723
0.565564
0.564366
0.566915
0.559099
0.5691
0.340908
0.189088
0.197081
0.206247
0.215593
0.224777
0.234647
0.2442
0.252866
0.254717
0.248567
0.228862
0.200126
0.16625
0.636588
0.6099
0.635441
0.632062
0.646336
0.638395
0.625933
0.615948
0.60301
0.599351
0.596773
0.599428
0.595988
0.599473
0.587663
0.584621
0.550257
0.540482
0.538897
0.538237
0.538261
0.539166
0.540757
0.542674
0.544713
0.546669
0.548746
0.550437
0.55197
0.552212
0.612027
0.610591
0.600071
0.597372
0.595769
0.602036
0.60079
0.604163
0.600297
0.597081
0.594516
0.594474
0.59262
0.592114
0.587034
0.58324
0.580202
0.572896
0.569657
0.56887
0.569022
0.569902
0.571165
0.572622
0.574183
0.575576
0.577514
0.5791
0.5813
0.581574
0.603041
0.592692
0.589454
0.588469
0.587244
0.588158
0.588813
0.590596
0.590016
0.588238
0.586342
0.58518
0.584001
0.582683
0.581662
0.580509
0.582297
0.580464
0.57853
0.578223
0.57852
0.579802
0.580802
0.582336
0.583278
0.584352
0.585662
0.587013
0.589891
0.590756
0.595437
0.589442
0.58649
0.585963
0.586744
0.587911
0.588971
0.589493
0.589216
0.588191
0.586867
0.585652
0.584575
0.583588
0.583116
0.583112
0.583788
0.584106
0.583615
0.584504
0.584936
0.587193
0.587705
0.59033
0.590205
0.592099
0.591392
0.592257
0.593834
0.59568
0.590739
0.585359
0.585996
0.588569
0.591328
0.59359
0.595199
0.596086
0.596331
0.59604
0.595326
0.594494
0.593622
0.593032
0.592587
0.592744
0.592815
0.593655
0.593833
0.595246
0.59538
0.597721
0.597058
0.600254
0.597965
0.601346
0.59624
0.596699
0.591458
0.592111
0.586346
0.58693
0.592235
0.597323
0.601017
0.603321
0.604766
0.605476
0.605816
0.605668
0.605358
0.604759
0.604352
0.603845
0.603835
0.603703
0.604177
0.604278
0.60488
0.604757
0.604965
0.604762
0.604029
0.604671
0.601776
0.605004
0.59699
0.600605
0.581562
0.578019
0.58712
0.597472
0.606068
0.610261
0.6117
0.611882
0.611669
0.611247
0.610902
0.610361
0.609991
0.609347
0.609121
0.60856
0.608703
0.608172
0.608589
0.607631
0.608041
0.605969
0.606428
0.603005
0.604282
0.599884
0.602013
0.5991
0.599067
0.607062
0.580268
0.585713
0.609506
0.620925
0.620424
0.616421
0.612535
0.609655
0.607643
0.606362
0.605436
0.604862
0.604317
0.604014
0.603627
0.603545
0.603257
0.603283
0.602856
0.602672
0.601906
0.601253
0.600623
0.599318
0.600353
0.596948
0.602453
0.59305
0.608494
0.59368
0.64042
0.683564
0.596518
0.592975
0.592618
0.593292
0.594372
0.595556
0.59672
0.59771
0.598508
0.599142
0.599576
0.600005
0.600239
0.600686
0.600819
0.601395
0.601304
0.602037
0.601483
0.602578
0.601256
0.603074
0.600326
0.603292
0.598662
0.603694
0.600309
0.607067
0.612896
0.514016
0.598794
0.600583
0.604163
0.607179
0.609013
0.609866
0.610196
0.61018
0.610095
0.609869
0.609727
0.60946
0.609344
0.609035
0.608912
0.608439
0.608192
0.607339
0.606847
0.605373
0.604625
0.602341
0.601834
0.599033
0.600152
0.597786
0.599222
0.598249
0.574459
0.580795
0.599439
0.598644
0.598207
0.597956
0.5977
0.597385
0.597074
0.596818
0.596643
0.596555
0.596509
0.596543
0.596531
0.596625
0.596537
0.596673
0.5964
0.596663
0.596094
0.596769
0.595825
0.597553
0.596225
0.59916
0.597354
0.597516
0.595444
0.576543
0.560758
0.507054
0.599508
0.598855
0.598817
0.599334
0.600162
0.600973
0.601732
0.602284
0.602823
0.603146
0.603578
0.603748
0.604166
0.604216
0.604701
0.604638
0.605267
0.605063
0.605836
0.605394
0.606008
0.605201
0.60439
0.603315
0.597947
0.596271
0.581543
0.562693
0.535704
0.50921
0.599646
0.599177
0.598959
0.598991
0.59917
0.599402
0.599605
0.599763
0.599886
0.599973
0.600075
0.600125
0.600246
0.600247
0.600414
0.600319
0.600569
0.600247
0.600587
0.599681
0.599976
0.59785
0.597756
0.594527
0.59177
0.58756
0.568299
0.540856
0.508761
0.288217
0.599745
0.59937
0.599133
0.599048
0.59912
0.599291
0.59953
0.599764
0.600021
0.600226
0.600482
0.600648
0.600938
0.601066
0.601459
0.601547
0.602157
0.602156
0.603141
0.602813
0.604273
0.602783
0.604343
0.599559
0.596742
0.585288
0.551414
0.516214
0.296491
0.15
0.599803
0.599504
0.599282
0.599163
0.599139
0.59922
0.599354
0.599541
0.599727
0.599938
0.600133
0.600347
0.600562
0.600785
0.601069
0.601311
0.601755
0.601986
0.602725
0.602695
0.603793
0.602116
0.602763
0.59353
0.591277
0.565217
0.516894
0.171941
0.15
0.15
0.599838
0.599584
0.599382
0.599251
0.599188
0.599215
0.599296
0.599449
0.599609
0.599825
0.600009
0.600263
0.60046
0.600768
0.601002
0.601409
0.601736
0.602302
0.602813
0.603531
0.604296
0.604484
0.604884
0.598698
0.595966
0.544475
0.199553
0.15
0.15
0.15
0.599853
0.599621
0.599431
0.599299
0.599221
0.599225
0.599278
0.599413
0.599556
0.599773
0.599947
0.600222
0.600402
0.600759
0.600949
0.60146
0.601674
0.602473
0.602717
0.60401
0.604163
0.606108
0.605152
0.60585
0.591325
0.307778
0.15
0.15
0.15
0.15
)
;

boundaryField
{
    inlet1
    {
        type            fixedValue;
        value           uniform 0.85;
    }
    inlet2
    {
        type            zeroGradient;
    }
    inlet3
    {
        type            fixedValue;
        value           uniform 0.6;
    }
    output1
    {
        type            zeroGradient;
    }
    output2
    {
        type            zeroGradient;
    }
    output3
    {
        type            zeroGradient;
    }
    up
    {
        type            zeroGradient;
    }
    down
    {
        type            zeroGradient;
    }
    emptyWalls
    {
        type            empty;
    }
}


// ************************************************************************* //
