/*--------------------------------*- C++ -*----------------------------------*\
  =========                 |
  \\      /  F ield         | OpenFOAM: The Open Source CFD Toolbox
   \\    /   O peration     | Website:  https://openfoam.org
    \\  /    A nd           | Version:  9
     \\/     M anipulation  |
\*---------------------------------------------------------------------------*/
FoamFile
{
    format      ascii;
    class       volScalarField;
    location    "28000";
    object      alpha;
}
// * * * * * * * * * * * * * * * * * * * * * * * * * * * * * * * * * * * * * //

dimensions      [0 2 -1 0 0 0 0];

internalField   nonuniform List<scalar> 
900
(
-2.49024e-10
-5.40908e-12
-4.3686e-11
-5.85135e-12
-3.84088e-14
-4.0652e-14
-4.0652e-14
-4.0652e-14
-4.0652e-14
-4.0652e-14
-4.0652e-14
-4.0652e-14
-4.0652e-14
-4.0652e-14
-4.0652e-14
-4.0652e-14
-4.0652e-14
-4.0652e-14
-4.0652e-14
-4.0652e-14
-4.0652e-14
-4.0652e-14
-4.0652e-14
-4.0652e-14
-4.0652e-14
-4.0652e-14
-4.0652e-14
-4.0652e-14
-4.0652e-14
-4.0652e-14
-1.63681e-10
-2.09427e-10
-1.03616e-10
-9.66134e-12
-2.77487e-14
-4.0652e-14
-4.0652e-14
-4.0652e-14
-4.0652e-14
-4.0652e-14
-4.0652e-14
-4.0652e-14
-4.0652e-14
-4.0652e-14
-4.0652e-14
-4.0652e-14
-4.0652e-14
-4.0652e-14
-4.0652e-14
-4.0652e-14
-4.0652e-14
-4.0652e-14
-4.0652e-14
-4.0652e-14
-4.0652e-14
-4.0652e-14
-4.0652e-14
-4.0652e-14
-4.0652e-14
-4.0652e-14
-2.12034e-10
-1.37658e-11
-9.55438e-12
-1.13649e-12
-4.01761e-14
-4.0652e-14
-4.0652e-14
-4.0652e-14
-4.0652e-14
-4.0652e-14
-4.0652e-14
-4.0652e-14
-4.0652e-14
-4.0652e-14
-4.0652e-14
-4.0652e-14
-4.0652e-14
-4.0652e-14
-4.0652e-14
-4.0652e-14
-4.0652e-14
-4.0652e-14
-4.0652e-14
-4.0652e-14
-4.0652e-14
-4.0652e-14
-4.0652e-14
-4.0652e-14
-4.0652e-14
-4.0652e-14
-2.63329e-10
-1.30953e-10
-1.40532e-11
-6.59274e-14
-4.06407e-14
-4.0652e-14
-4.0652e-14
-4.0652e-14
-4.0652e-14
-4.0652e-14
-4.0652e-14
-4.0652e-14
-4.0652e-14
-4.0652e-14
-4.0652e-14
-4.0652e-14
-4.0652e-14
-4.0652e-14
-4.0652e-14
-4.0652e-14
-4.0652e-14
-4.0652e-14
-4.0652e-14
-4.0652e-14
-4.0652e-14
-4.0652e-14
-4.0652e-14
-4.0652e-14
-4.0652e-14
-4.0652e-14
-2.65422e-10
-2.55783e-11
-1.02199e-11
-3.20558e-14
-4.06505e-14
-4.0652e-14
-4.0652e-14
-4.0652e-14
-4.0652e-14
-4.0652e-14
-4.0652e-14
-4.0652e-14
-4.0652e-14
-4.0652e-14
-4.0652e-14
-4.0652e-14
-4.0652e-14
-4.0652e-14
-4.0652e-14
-4.0652e-14
-4.0652e-14
-4.0652e-14
-4.0652e-14
-4.0652e-14
-4.0652e-14
-4.0652e-14
-4.0652e-14
-4.0652e-14
-4.0652e-14
-4.0652e-14
-3.06181e-10
-7.94086e-11
-1.81129e-11
-2.73568e-14
-4.0652e-14
-4.0652e-14
-4.0652e-14
-4.0652e-14
-4.0652e-14
-4.0652e-14
-4.0652e-14
-4.0652e-14
-4.0652e-14
-4.0652e-14
-4.0652e-14
-4.0652e-14
-4.0652e-14
-4.0652e-14
-4.0652e-14
-4.0652e-14
-4.0652e-14
-4.0652e-14
-4.0652e-14
-4.0652e-14
-4.0652e-14
-4.0652e-14
-4.0652e-14
-4.0652e-14
-4.0652e-14
-4.0652e-14
-2.82239e-10
-1.17329e-10
-1.39935e-11
-3.08714e-14
-4.0652e-14
-4.0652e-14
-4.0652e-14
-4.0652e-14
-4.0652e-14
-4.0652e-14
-4.0652e-14
-4.0652e-14
-4.0652e-14
-4.0652e-14
-4.0652e-14
-4.0652e-14
-4.0652e-14
-4.0652e-14
-4.0652e-14
-4.0652e-14
-4.0652e-14
-4.0652e-14
-4.0652e-14
-4.0652e-14
-4.0652e-14
-4.0652e-14
-4.0652e-14
-4.0652e-14
-4.0652e-14
-4.0652e-14
-3.56933e-10
-8.6223e-11
-1.78265e-11
-3.48847e-14
-4.0652e-14
-4.0652e-14
-4.0652e-14
-4.0652e-14
-4.0652e-14
-4.0652e-14
-4.0652e-14
-4.0652e-14
-4.0652e-14
-4.0652e-14
-4.0652e-14
-4.0652e-14
-4.0652e-14
-4.0652e-14
-4.0652e-14
-4.0652e-14
-4.0652e-14
-4.0652e-14
-4.0652e-14
-4.0652e-14
-4.0652e-14
-4.0652e-14
-4.0652e-14
-4.0652e-14
-4.0652e-14
-4.0652e-14
-3.81396e-10
-1.33618e-10
-1.39345e-11
-3.76489e-14
-4.0652e-14
-4.0652e-14
-4.0652e-14
-4.0652e-14
-4.0652e-14
-4.0652e-14
-4.0652e-14
-4.0652e-14
-4.0652e-14
-4.0652e-14
-4.0652e-14
-4.0652e-14
-4.0652e-14
-4.0652e-14
-4.0652e-14
-4.0652e-14
-4.0652e-14
-4.0652e-14
-4.0652e-14
-4.0652e-14
-4.0652e-14
-4.0652e-14
-4.0652e-14
-4.0652e-14
-4.0652e-14
-4.0652e-14
-5.20674e-10
-1.93959e-10
-4.63692e-11
-3.65404e-14
-4.0652e-14
-4.0652e-14
-4.0652e-14
-4.0652e-14
-4.0652e-14
-4.0652e-14
-4.0652e-14
-4.0652e-14
-4.0652e-14
-4.0652e-14
-4.0652e-14
-4.0652e-14
-4.0652e-14
-4.0652e-14
-4.0652e-14
-4.0652e-14
-4.0652e-14
-4.0652e-14
-4.0652e-14
-4.0652e-14
-4.0652e-14
-4.0652e-14
-4.0652e-14
-4.0652e-14
-4.0652e-14
-4.0652e-14
-6.80964e-10
-2.3576e-10
-1.49874e-11
-1.3992e-12
-4.03813e-14
-4.0652e-14
-4.0652e-14
-4.0652e-14
-4.0652e-14
-4.0652e-14
-4.0652e-14
-4.0652e-14
-4.0652e-14
-4.0652e-14
-4.0652e-14
-4.0652e-14
-4.0652e-14
-4.0652e-14
-4.0652e-14
-4.0652e-14
-4.0652e-14
-4.0652e-14
-4.0652e-14
-4.0652e-14
-4.0652e-14
-4.0652e-14
-4.0652e-14
-4.0652e-14
-4.0652e-14
-4.0652e-14
-7.11103e-10
-3.99955e-10
-1.33654e-10
-2.71097e-11
-1.04636e-11
-2.70703e-14
-4.06517e-14
-4.06518e-14
-4.06519e-14
-4.06519e-14
-4.06519e-14
-4.06519e-14
-4.0652e-14
-4.0652e-14
-4.0652e-14
-4.0652e-14
-4.0652e-14
-4.0652e-14
-4.0652e-14
-4.0652e-14
-4.0652e-14
-4.0652e-14
-4.0652e-14
-4.0652e-14
-4.0652e-14
-4.0652e-14
-4.0652e-14
-4.0652e-14
-4.0652e-14
-4.0652e-14
-5.31255e-10
-2.25061e-10
-1.7782e-10
-8.53262e-11
-4.99851e-11
-2.01188e-11
-1.4581e-11
-1.32641e-11
-1.48721e-11
-1.33786e-11
-1.49246e-11
-6.77849e-12
-3.47318e-14
-3.68979e-14
-3.63603e-14
-3.59585e-14
-3.5666e-14
-3.55217e-14
-3.55049e-14
-3.55372e-14
-3.55096e-14
-3.54777e-14
-3.54152e-14
-3.54688e-14
-3.55935e-14
-3.61715e-14
-3.6884e-14
-3.78507e-14
-3.89547e-14
-4.01186e-14
-1.04085e-10
-5.20741e-11
-7.38688e-11
-5.40475e-11
-4.35489e-11
-3.15937e-11
-2.72215e-11
-2.35831e-11
-2.53662e-11
-2.33897e-11
-2.19754e-11
-1.59364e-11
-8.8273e-12
-7.72781e-12
-7.94506e-12
-8.22116e-12
-8.34934e-12
-8.37608e-12
-8.38948e-12
-8.44131e-12
-8.54941e-12
-8.69554e-12
-8.87185e-12
-9.04745e-12
-9.24954e-12
-9.44262e-12
-9.68476e-12
-9.86459e-12
-1.00568e-11
-1.0032e-11
-2.86991e-11
-2.52766e-11
-2.42064e-11
-2.20482e-11
-2.2336e-11
-2.23084e-11
-2.20497e-11
-2.05351e-11
-2.03528e-11
-1.92731e-11
-1.8109e-11
-1.71988e-11
-1.56307e-11
-1.40573e-11
-1.37596e-11
-1.38483e-11
-1.39072e-11
-1.38876e-11
-1.38648e-11
-1.38787e-11
-1.39628e-11
-1.40704e-11
-1.42283e-11
-1.4346e-11
-1.45435e-11
-1.46823e-11
-1.50215e-11
-1.52514e-11
-1.56864e-11
-1.56322e-11
-2.35001e-11
-1.98659e-11
-1.79597e-11
-1.73904e-11
-1.72181e-11
-1.75474e-11
-1.7517e-11
-1.70394e-11
-1.62727e-11
-1.5809e-11
-1.54007e-11
-1.57256e-11
-1.62464e-11
-1.57136e-11
-1.52362e-11
-1.50181e-11
-1.49379e-11
-1.49215e-11
-1.49429e-11
-1.50194e-11
-1.51272e-11
-1.52756e-11
-1.54257e-11
-1.55701e-11
-1.57369e-11
-1.58563e-11
-1.61862e-11
-1.64532e-11
-1.71454e-11
-1.72279e-11
-1.84082e-11
-1.66863e-11
-1.60545e-11
-1.61057e-11
-1.63682e-11
-1.65483e-11
-1.64388e-11
-1.6094e-11
-1.55507e-11
-1.52162e-11
-1.5086e-11
-1.52845e-11
-1.56113e-11
-1.54903e-11
-1.51843e-11
-1.50188e-11
-1.5051e-11
-1.52271e-11
-1.54767e-11
-1.58034e-11
-1.61116e-11
-1.6509e-11
-1.67786e-11
-1.71712e-11
-1.73005e-11
-1.75328e-11
-1.75246e-11
-1.76566e-11
-1.8144e-11
-1.85165e-11
-1.72063e-11
-1.5695e-11
-1.57857e-11
-1.64198e-11
-1.70977e-11
-1.75463e-11
-1.77312e-11
-1.7675e-11
-1.75184e-11
-1.73664e-11
-1.73195e-11
-1.73215e-11
-1.73664e-11
-1.73016e-11
-1.72462e-11
-1.72547e-11
-1.74857e-11
-1.7779e-11
-1.82141e-11
-1.8583e-11
-1.89819e-11
-1.93038e-11
-1.94903e-11
-1.97474e-11
-1.95065e-11
-1.95718e-11
-1.8576e-11
-1.81815e-11
-1.71678e-11
-1.752e-11
-1.56063e-11
-1.57315e-11
-1.71577e-11
-1.86461e-11
-1.97482e-11
-2.04025e-11
-2.07235e-11
-2.08105e-11
-2.08166e-11
-2.07676e-11
-2.07779e-11
-2.07425e-11
-2.07761e-11
-2.07484e-11
-2.08219e-11
-2.08108e-11
-2.10076e-11
-2.10301e-11
-2.12863e-11
-2.1143e-11
-2.13074e-11
-2.08977e-11
-2.09188e-11
-2.03393e-11
-2.00719e-11
-1.95281e-11
-1.83486e-11
-1.75379e-11
-1.45332e-11
-1.3873e-11
-1.58632e-11
-1.87444e-11
-2.151e-11
-2.29965e-11
-2.3512e-11
-2.35541e-11
-2.34055e-11
-2.32188e-11
-2.30435e-11
-2.2909e-11
-2.28055e-11
-2.27271e-11
-2.26586e-11
-2.25937e-11
-2.24903e-11
-2.23207e-11
-2.21038e-11
-2.17761e-11
-2.14747e-11
-2.09561e-11
-2.0701e-11
-2.00019e-11
-2.00335e-11
-1.90959e-11
-1.95168e-11
-1.82788e-11
-1.87476e-11
-1.76815e-11
-1.43658e-11
-1.26294e-11
-2.26715e-11
-2.70973e-11
-2.6941e-11
-2.53703e-11
-2.39082e-11
-2.28509e-11
-2.21361e-11
-2.16816e-11
-2.13798e-11
-2.12065e-11
-2.10712e-11
-2.10099e-11
-2.09081e-11
-2.08539e-11
-2.06629e-11
-2.05175e-11
-2.01733e-11
-1.99822e-11
-1.95989e-11
-1.95155e-11
-1.92615e-11
-1.9304e-11
-1.92551e-11
-1.90753e-11
-1.93508e-11
-1.80886e-11
-1.94807e-11
-1.65e-11
-2.55316e-11
-3.24276e-11
-1.84618e-11
-1.74641e-11
-1.73687e-11
-1.75477e-11
-1.78281e-11
-1.81501e-11
-1.84753e-11
-1.87713e-11
-1.90322e-11
-1.9261e-11
-1.94565e-11
-1.96398e-11
-1.97781e-11
-1.99176e-11
-1.99696e-11
-2.00583e-11
-2.00129e-11
-2.01097e-11
-2.00006e-11
-2.01583e-11
-1.99267e-11
-2.00648e-11
-1.95371e-11
-1.96594e-11
-1.85626e-11
-1.89407e-11
-1.70447e-11
-1.73543e-11
-1.4297e-11
-3.96197e-12
-1.91374e-11
-1.96786e-11
-2.08131e-11
-2.18162e-11
-2.24456e-11
-2.27533e-11
-2.28756e-11
-2.28943e-11
-2.28748e-11
-2.28284e-11
-2.27747e-11
-2.27031e-11
-2.26038e-11
-2.24758e-11
-2.22716e-11
-2.20463e-11
-2.16781e-11
-2.13482e-11
-2.07833e-11
-2.03732e-11
-1.96791e-11
-1.92282e-11
-1.87496e-11
-1.80847e-11
-1.79422e-11
-1.66134e-11
-1.533e-11
-1.27339e-11
-9.45259e-12
-8.58021e-12
-1.93345e-11
-1.90911e-11
-1.89671e-11
-1.89034e-11
-1.88441e-11
-1.87632e-11
-1.86922e-11
-1.86253e-11
-1.85969e-11
-1.8565e-11
-1.85704e-11
-1.85442e-11
-1.85518e-11
-1.85048e-11
-1.84914e-11
-1.84296e-11
-1.83739e-11
-1.83562e-11
-1.82017e-11
-1.83833e-11
-1.79983e-11
-1.85175e-11
-1.7676e-11
-1.78931e-11
-1.65815e-11
-1.48571e-11
-1.19197e-11
-9.05846e-12
-6.55473e-12
-2.7259e-12
-1.93574e-11
-1.91576e-11
-1.91442e-11
-1.93034e-11
-1.95577e-11
-1.98141e-11
-2.00571e-11
-2.024e-11
-2.04253e-11
-2.05369e-11
-2.06989e-11
-2.07559e-11
-2.09286e-11
-2.09352e-11
-2.11455e-11
-2.1082e-11
-2.13114e-11
-2.11021e-11
-2.11938e-11
-2.07419e-11
-2.02637e-11
-1.96595e-11
-1.79442e-11
-1.72895e-11
-1.44021e-11
-1.13492e-11
-8.1569e-12
-6.12246e-12
-3.71054e-12
-1.53109e-12
-1.94013e-11
-1.92567e-11
-1.9191e-11
-1.92039e-11
-1.92647e-11
-1.93432e-11
-1.94164e-11
-1.9472e-11
-1.95238e-11
-1.95492e-11
-1.9598e-11
-1.95964e-11
-1.96625e-11
-1.96161e-11
-1.97125e-11
-1.95568e-11
-1.967e-11
-1.92512e-11
-1.93203e-11
-1.84411e-11
-1.83248e-11
-1.71868e-11
-1.60325e-11
-1.52696e-11
-1.07897e-11
-7.7349e-12
-4.59867e-12
-3.70991e-12
-3.13685e-14
-4.0652e-14
-1.94321e-11
-1.93185e-11
-1.92464e-11
-1.92249e-11
-1.92494e-11
-1.93097e-11
-1.93872e-11
-1.94694e-11
-1.95547e-11
-1.96296e-11
-1.97206e-11
-1.97847e-11
-1.99008e-11
-1.9948e-11
-2.01213e-11
-2.01188e-11
-2.04004e-11
-2.0233e-11
-2.06851e-11
-1.99622e-11
-2.0519e-11
-1.83493e-11
-1.76804e-11
-1.40769e-11
-7.58334e-12
-4.64335e-12
-7.06079e-13
-4.05616e-14
-4.0652e-14
-4.0652e-14
-1.94506e-11
-1.9361e-11
-1.92938e-11
-1.92619e-11
-1.92565e-11
-1.92896e-11
-1.93323e-11
-1.94033e-11
-1.94605e-11
-1.95473e-11
-1.9604e-11
-1.97057e-11
-1.97637e-11
-1.98892e-11
-1.99605e-11
-2.01157e-11
-2.02264e-11
-2.03551e-11
-2.04964e-11
-2.01203e-11
-2.00146e-11
-1.71997e-11
-1.668e-11
-9.77089e-12
-3.52495e-12
-3.86135e-14
-4.0652e-14
-4.0652e-14
-4.0652e-14
-4.0652e-14
-1.94618e-11
-1.93864e-11
-1.93259e-11
-1.92901e-11
-1.92726e-11
-1.92886e-11
-1.93148e-11
-1.93751e-11
-1.94238e-11
-1.95134e-11
-1.9565e-11
-1.96842e-11
-1.97314e-11
-1.99011e-11
-1.99475e-11
-2.02106e-11
-2.02667e-11
-2.06709e-11
-2.07066e-11
-2.11037e-11
-2.07196e-11
-1.92514e-11
-1.73972e-11
-6.25185e-12
-3.71465e-14
-4.0652e-14
-4.0652e-14
-4.0652e-14
-4.0652e-14
-4.0652e-14
-1.94669e-11
-1.93983e-11
-1.93416e-11
-1.93052e-11
-1.92834e-11
-1.92918e-11
-1.93103e-11
-1.93638e-11
-1.94085e-11
-1.94964e-11
-1.95471e-11
-1.96701e-11
-1.97164e-11
-1.99004e-11
-1.99408e-11
-2.02466e-11
-2.02752e-11
-2.0814e-11
-2.07662e-11
-2.16987e-11
-2.10584e-11
-2.18846e-11
-1.5055e-11
-2.8247e-14
-4.0652e-14
-4.0652e-14
-4.0652e-14
-4.0652e-14
-4.0652e-14
-4.0652e-14
)
;

boundaryField
{
    inlet1
    {
        type            calculated;
        value           uniform -5e-10;
    }
    inlet2
    {
        type            calculated;
        value           nonuniform List<scalar> 10(-6.80964e-10 -7.11103e-10 -5.31255e-10 -1.04085e-10 -2.86991e-11 -2.35001e-11 -1.84082e-11 -1.72063e-11 -1.56063e-11 -1.58632e-11);
    }
    inlet3
    {
        type            calculated;
        value           uniform -1.95111e-11;
    }
    output1
    {
        type            calculated;
        value           nonuniform List<scalar> 10(-4.0652e-14 -4.0652e-14 -4.0652e-14 -4.0652e-14 -4.0652e-14 -4.0652e-14 -4.0652e-14 -4.0652e-14 -4.0652e-14 -4.0652e-14);
    }
    output2
    {
        type            calculated;
        value           nonuniform List<scalar> 10(-4.0652e-14 -4.0652e-14 -4.01186e-14 -1.0032e-11 -1.56322e-11 -1.72279e-11 -1.85165e-11 -1.752e-11 -1.3873e-11 -1.26294e-11);
    }
    output3
    {
        type            calculated;
        value           nonuniform List<scalar> 10(-3.24276e-11 -3.96197e-12 -8.58021e-12 -2.7259e-12 -1.53109e-12 -4.0652e-14 -4.0652e-14 -4.0652e-14 -4.0652e-14 -4.0652e-14);
    }
    up
    {
        type            calculated;
        value           nonuniform List<scalar> 
30
(
-1.94669e-11
-1.93983e-11
-1.93416e-11
-1.93052e-11
-1.92834e-11
-1.92918e-11
-1.93103e-11
-1.93638e-11
-1.94085e-11
-1.94964e-11
-1.95471e-11
-1.96701e-11
-1.97164e-11
-1.99004e-11
-1.99408e-11
-2.02466e-11
-2.02752e-11
-2.0814e-11
-2.07662e-11
-2.16987e-11
-2.10584e-11
-2.18846e-11
-1.5055e-11
-2.8247e-14
-4.0652e-14
-4.0652e-14
-4.0652e-14
-4.0652e-14
-4.0652e-14
-4.0652e-14
)
;
    }
    down
    {
        type            calculated;
        value           nonuniform List<scalar> 
30
(
-2.49024e-10
-5.40908e-12
-4.3686e-11
-5.85135e-12
-3.84088e-14
-4.0652e-14
-4.0652e-14
-4.0652e-14
-4.0652e-14
-4.0652e-14
-4.0652e-14
-4.0652e-14
-4.0652e-14
-4.0652e-14
-4.0652e-14
-4.0652e-14
-4.0652e-14
-4.0652e-14
-4.0652e-14
-4.0652e-14
-4.0652e-14
-4.0652e-14
-4.0652e-14
-4.0652e-14
-4.0652e-14
-4.0652e-14
-4.0652e-14
-4.0652e-14
-4.0652e-14
-4.0652e-14
)
;
    }
    emptyWalls
    {
        type            empty;
    }
}


// ************************************************************************* //
