/*--------------------------------*- C++ -*----------------------------------*\
  =========                 |
  \\      /  F ield         | OpenFOAM: The Open Source CFD Toolbox
   \\    /   O peration     | Website:  https://openfoam.org
    \\  /    A nd           | Version:  9
     \\/     M anipulation  |
\*---------------------------------------------------------------------------*/
FoamFile
{
    format      ascii;
    class       volScalarField;
    location    "28000";
    object      fw;
}
// * * * * * * * * * * * * * * * * * * * * * * * * * * * * * * * * * * * * * //

dimensions      [0 0 0 0 0 0 0];

internalField   nonuniform List<scalar> 
900
(
0.999883
0.572538
0.979682
0.601113
3.27908e-08
4.7991e-09
4.7991e-09
4.7991e-09
4.7991e-09
4.7991e-09
4.7991e-09
4.7991e-09
4.7991e-09
4.7991e-09
4.7991e-09
4.7991e-09
4.7991e-09
4.7991e-09
4.7991e-09
4.7991e-09
4.7991e-09
4.7991e-09
4.7991e-09
4.7991e-09
4.7991e-09
4.7991e-09
4.7991e-09
4.7991e-09
4.7991e-09
4.7991e-09
0.999325
0.999739
0.997259
0.765861
2.54207e-05
4.79938e-09
4.7991e-09
4.7991e-09
4.7991e-09
4.7991e-09
4.7991e-09
4.7991e-09
4.7991e-09
4.7991e-09
4.7991e-09
4.7991e-09
4.7991e-09
4.7991e-09
4.7991e-09
4.7991e-09
4.7991e-09
4.7991e-09
4.7991e-09
4.7991e-09
4.7991e-09
4.7991e-09
4.7991e-09
4.7991e-09
4.7991e-09
4.7991e-09
0.999752
0.853227
0.762677
0.129689
7.44449e-09
4.7991e-09
4.7991e-09
4.7991e-09
4.7991e-09
4.7991e-09
4.7991e-09
4.7991e-09
4.7991e-09
4.7991e-09
4.7991e-09
4.7991e-09
4.7991e-09
4.7991e-09
4.7991e-09
4.7991e-09
4.7991e-09
4.7991e-09
4.7991e-09
4.7991e-09
4.7991e-09
4.7991e-09
4.7991e-09
4.7991e-09
4.7991e-09
4.7991e-09
0.999913
0.998602
0.857482
0.00311381
4.85089e-09
4.7991e-09
4.7991e-09
4.7991e-09
4.7991e-09
4.7991e-09
4.7991e-09
4.7991e-09
4.7991e-09
4.7991e-09
4.7991e-09
4.7991e-09
4.7991e-09
4.7991e-09
4.7991e-09
4.7991e-09
4.7991e-09
4.7991e-09
4.7991e-09
4.7991e-09
4.7991e-09
4.7991e-09
4.7991e-09
4.7991e-09
4.7991e-09
4.7991e-09
0.999917
0.944775
0.781543
0.000615233
4.80622e-09
4.7991e-09
4.7991e-09
4.7991e-09
4.7991e-09
4.7991e-09
4.7991e-09
4.7991e-09
4.7991e-09
4.7991e-09
4.7991e-09
4.7991e-09
4.7991e-09
4.7991e-09
4.7991e-09
4.7991e-09
4.7991e-09
4.7991e-09
4.7991e-09
4.7991e-09
4.7991e-09
4.7991e-09
4.7991e-09
4.7991e-09
4.7991e-09
4.7991e-09
0.999966
0.994568
0.9025
3.35149e-05
4.79939e-09
4.7991e-09
4.7991e-09
4.7991e-09
4.7991e-09
4.7991e-09
4.7991e-09
4.7991e-09
4.7991e-09
4.7991e-09
4.7991e-09
4.7991e-09
4.7991e-09
4.7991e-09
4.7991e-09
4.7991e-09
4.7991e-09
4.7991e-09
4.7991e-09
4.7991e-09
4.7991e-09
4.7991e-09
4.7991e-09
4.7991e-09
4.7991e-09
4.7991e-09
0.999942
0.998064
0.856613
4.08758e-06
4.79912e-09
4.7991e-09
4.7991e-09
4.7991e-09
4.7991e-09
4.7991e-09
4.7991e-09
4.7991e-09
4.7991e-09
4.7991e-09
4.7991e-09
4.7991e-09
4.7991e-09
4.7991e-09
4.7991e-09
4.7991e-09
4.7991e-09
4.7991e-09
4.7991e-09
4.7991e-09
4.7991e-09
4.7991e-09
4.7991e-09
4.7991e-09
4.7991e-09
4.7991e-09
0.99999
0.995569
0.90005
3.86245e-07
4.7991e-09
4.7991e-09
4.7991e-09
4.7991e-09
4.7991e-09
4.7991e-09
4.7991e-09
4.7991e-09
4.7991e-09
4.7991e-09
4.7991e-09
4.7991e-09
4.7991e-09
4.7991e-09
4.7991e-09
4.7991e-09
4.7991e-09
4.7991e-09
4.7991e-09
4.7991e-09
4.7991e-09
4.7991e-09
4.7991e-09
4.7991e-09
4.7991e-09
4.7991e-09
0.999995
0.998686
0.855746
5.84897e-08
4.7991e-09
4.7991e-09
4.7991e-09
4.7991e-09
4.7991e-09
4.7991e-09
4.7991e-09
4.7991e-09
4.7991e-09
4.7991e-09
4.7991e-09
4.7991e-09
4.7991e-09
4.7991e-09
4.7991e-09
4.7991e-09
4.7991e-09
4.7991e-09
4.7991e-09
4.7991e-09
4.7991e-09
4.7991e-09
4.7991e-09
4.7991e-09
4.7991e-09
4.7991e-09
1
0.999642
0.981996
1.29325e-07
4.7991e-09
4.7991e-09
4.7991e-09
4.7991e-09
4.7991e-09
4.7991e-09
4.7991e-09
4.7991e-09
4.7991e-09
4.7991e-09
4.7991e-09
4.7991e-09
4.7991e-09
4.7991e-09
4.7991e-09
4.7991e-09
4.7991e-09
4.7991e-09
4.7991e-09
4.7991e-09
4.7991e-09
4.7991e-09
4.7991e-09
4.7991e-09
4.7991e-09
4.79911e-09
1
0.999847
0.87015
0.164715
6.17538e-09
4.79911e-09
4.7991e-09
4.7991e-09
4.7991e-09
4.7991e-09
4.7991e-09
4.7991e-09
4.7991e-09
4.7991e-09
4.7991e-09
4.7991e-09
4.7991e-09
4.7991e-09
4.7991e-09
4.7991e-09
4.7991e-09
4.7991e-09
4.7991e-09
4.7991e-09
4.7991e-09
4.7991e-09
4.7991e-09
4.7991e-09
4.79909e-09
4.79909e-09
1.00001
0.999997
0.998687
0.950108
0.787919
0.000211576
4.80087e-09
4.80008e-09
4.79984e-09
4.79986e-09
4.79974e-09
4.79975e-09
4.7991e-09
4.7991e-09
4.7991e-09
4.7991e-09
4.7991e-09
4.7991e-09
4.7991e-09
4.7991e-09
4.7991e-09
4.7991e-09
4.7991e-09
4.7991e-09
4.7991e-09
4.7991e-09
4.7991e-09
4.7991e-09
4.7991e-09
4.7991e-09
1
0.99981
0.999499
0.995452
0.984586
0.917474
0.864847
0.84535
0.868676
0.847201
0.86935
0.653209
4.25338e-07
1.00727e-07
1.4638e-07
1.92117e-07
2.33278e-07
2.56428e-07
2.59254e-07
2.53842e-07
2.58459e-07
2.63906e-07
2.74863e-07
2.65432e-07
2.44648e-07
1.6646e-07
1.01724e-07
5.03074e-08
2.12074e-08
7.84006e-09
0.997292
0.985858
0.993536
0.986935
0.979553
0.962117
0.950468
0.936536
0.943974
0.935647
0.92857
0.881426
0.739313
0.697372
0.706372
0.71728
0.722152
0.723153
0.723653
0.725575
0.729523
0.734735
0.740836
0.746718
0.753257
0.759283
0.76655
0.771747
0.777121
0.776438
0.954907
0.94363
0.939287
0.92896
0.930475
0.930332
0.928968
0.920166
0.919003
0.911593
0.902467
0.894362
0.877952
0.857541
0.853133
0.854467
0.855343
0.855052
0.854713
0.85492
0.856163
0.857731
0.859988
0.861636
0.864341
0.866196
0.870582
0.873437
0.878596
0.877969
0.936157
0.915776
0.901201
0.896146
0.894544
0.897577
0.897302
0.892844
0.885085
0.879996
0.875242
0.879046
0.884805
0.878909
0.87325
0.870539
0.86952
0.86931
0.869584
0.870555
0.871905
0.873731
0.875541
0.877246
0.879175
0.88053
0.884159
0.886982
0.893857
0.894636
0.904937
0.889367
0.88273
0.883288
0.886095
0.887964
0.886832
0.883162
0.877019
0.873005
0.871392
0.87384
0.877727
0.876308
0.872612
0.870547
0.870953
0.873138
0.876147
0.879932
0.883353
0.88756
0.890291
0.894101
0.895314
0.897445
0.89737
0.898554
0.902761
0.905809
0.894433
0.878695
0.879732
0.886635
0.893403
0.897566
0.899216
0.898718
0.897314
0.895925
0.895491
0.89551
0.895926
0.895324
0.894808
0.894887
0.897018
0.899636
0.903345
0.906339
0.909429
0.911817
0.913159
0.914963
0.913275
0.913737
0.906283
0.903074
0.894069
0.897329
0.877669
0.879114
0.893974
0.906837
0.914968
0.919322
0.921343
0.921878
0.921916
0.921615
0.921678
0.92146
0.921667
0.921496
0.921948
0.92188
0.923071
0.923206
0.924715
0.923876
0.924837
0.922409
0.922537
0.918916
0.917163
0.913428
0.904452
0.897491
0.864202
0.854835
0.880607
0.907607
0.925998
0.933783
0.936211
0.936404
0.93572
0.934846
0.93401
0.933358
0.93285
0.932462
0.93212
0.931793
0.931269
0.930396
0.929257
0.927484
0.925798
0.922762
0.921204
0.916695
0.916907
0.910285
0.913348
0.903881
0.907632
0.898775
0.861911
0.834488
0.932184
0.950068
0.949557
0.943989
0.937993
0.933074
0.929428
0.926961
0.925255
0.92425
0.923451
0.923085
0.922473
0.922143
0.920967
0.920055
0.917834
0.916563
0.913928
0.913338
0.911508
0.911819
0.911461
0.910131
0.912158
0.902296
0.913091
0.887467
0.9446
0.963894
0.905371
0.896821
0.895946
0.897579
0.900064
0.902812
0.905479
0.907816
0.909808
0.911505
0.912918
0.914215
0.915175
0.916127
0.916478
0.917073
0.916769
0.917415
0.916687
0.917735
0.916189
0.917116
0.913492
0.914352
0.906177
0.909117
0.892895
0.895814
0.860954
0.458454
0.910594
0.914486
0.921894
0.927704
0.93104
0.932592
0.933195
0.933286
0.933191
0.932963
0.932698
0.932342
0.931844
0.931195
0.93014
0.92895
0.926942
0.925073
0.921711
0.919135
0.914489
0.911264
0.907647
0.902263
0.901051
0.888629
0.874392
0.836349
0.759589
0.730634
0.91204
0.910249
0.909317
0.908833
0.908378
0.907753
0.907199
0.906674
0.906449
0.906196
0.906239
0.90603
0.906091
0.905715
0.905608
0.90511
0.904659
0.904515
0.903242
0.904736
0.90153
0.905817
0.898727
0.900627
0.888304
0.868483
0.820998
0.747081
0.641522
0.331331
0.912206
0.910743
0.910644
0.911814
0.913637
0.915422
0.917065
0.918272
0.919469
0.920178
0.921191
0.921543
0.922596
0.922636
0.923891
0.923515
0.92486
0.923635
0.924175
0.921457
0.918426
0.914352
0.901068
0.895212
0.862413
0.808981
0.714793
0.617381
0.434965
0.182238
0.912522
0.911473
0.91099
0.911085
0.911532
0.912103
0.912631
0.913029
0.913397
0.913578
0.913921
0.91391
0.914374
0.914049
0.914721
0.913631
0.914426
0.911433
0.911937
0.905204
0.904258
0.894249
0.882489
0.873658
0.796043
0.697672
0.512861
0.434905
3.09229e-06
4.7991e-09
0.912744
0.911924
0.911397
0.91124
0.91142
0.91186
0.912421
0.91301
0.913617
0.914143
0.914777
0.91522
0.916014
0.916333
0.917491
0.917475
0.919309
0.918225
0.921105
0.916429
0.920064
0.904459
0.898766
0.857825
0.691173
0.516419
0.0734206
5.22435e-09
4.7991e-09
4.7991e-09
0.912876
0.912232
0.911744
0.911511
0.911472
0.911714
0.912024
0.912537
0.912947
0.913564
0.913964
0.914674
0.915075
0.915934
0.916417
0.917454
0.918183
0.919018
0.919921
0.917485
0.916781
0.894371
0.889303
0.76906
0.416864
2.79057e-08
4.7991e-09
4.7991e-09
4.7991e-09
4.7991e-09
0.912956
0.912415
0.911977
0.911717
0.91159
0.911706
0.911897
0.912334
0.912684
0.913324
0.913689
0.914525
0.914852
0.916015
0.916329
0.91808
0.918446
0.921017
0.921239
0.923644
0.921319
0.911434
0.896209
0.624832
8.43812e-08
4.7991e-09
4.7991e-09
4.7991e-09
4.7991e-09
4.7991e-09
0.912993
0.912501
0.912091
0.911827
0.911668
0.911729
0.911865
0.912252
0.912574
0.913203
0.913563
0.914426
0.914748
0.916011
0.916284
0.918314
0.918501
0.9219
0.921606
0.927056
0.923375
0.928078
0.871003
1.84551e-05
4.7991e-09
4.7991e-09
4.7991e-09
4.7991e-09
4.7991e-09
4.7991e-09
)
;

boundaryField
{
    inlet1
    {
        type            calculated;
        value           uniform 1;
    }
    inlet2
    {
        type            calculated;
        value           nonuniform List<scalar> 10(1 1.00001 1 0.997292 0.954907 0.936157 0.904937 0.894433 0.877669 0.880607);
    }
    inlet3
    {
        type            calculated;
        value           uniform 0.913307;
    }
    output1
    {
        type            calculated;
        value           nonuniform List<scalar> 10(4.7991e-09 4.7991e-09 4.7991e-09 4.7991e-09 4.7991e-09 4.7991e-09 4.7991e-09 4.7991e-09 4.7991e-09 4.79911e-09);
    }
    output2
    {
        type            calculated;
        value           nonuniform List<scalar> 10(4.79909e-09 4.7991e-09 7.84006e-09 0.776438 0.877969 0.894636 0.905809 0.897329 0.854835 0.834488);
    }
    output3
    {
        type            calculated;
        value           nonuniform List<scalar> 10(0.963894 0.458454 0.730634 0.331331 0.182238 4.7991e-09 4.7991e-09 4.7991e-09 4.7991e-09 4.7991e-09);
    }
    up
    {
        type            calculated;
        value           nonuniform List<scalar> 
30
(
0.912993
0.912501
0.912091
0.911827
0.911668
0.911729
0.911865
0.912252
0.912574
0.913203
0.913563
0.914426
0.914748
0.916011
0.916284
0.918314
0.918501
0.9219
0.921606
0.927056
0.923375
0.928078
0.871003
1.84551e-05
4.7991e-09
4.7991e-09
4.7991e-09
4.7991e-09
4.7991e-09
4.7991e-09
)
;
    }
    down
    {
        type            calculated;
        value           nonuniform List<scalar> 
30
(
0.999883
0.572538
0.979682
0.601113
3.27908e-08
4.7991e-09
4.7991e-09
4.7991e-09
4.7991e-09
4.7991e-09
4.7991e-09
4.7991e-09
4.7991e-09
4.7991e-09
4.7991e-09
4.7991e-09
4.7991e-09
4.7991e-09
4.7991e-09
4.7991e-09
4.7991e-09
4.7991e-09
4.7991e-09
4.7991e-09
4.7991e-09
4.7991e-09
4.7991e-09
4.7991e-09
4.7991e-09
4.7991e-09
)
;
    }
    emptyWalls
    {
        type            empty;
    }
}


// ************************************************************************* //
