/*--------------------------------*- C++ -*----------------------------------*\
  =========                 |
  \\      /  F ield         | OpenFOAM: The Open Source CFD Toolbox
   \\    /   O peration     | Website:  https://openfoam.org
    \\  /    A nd           | Version:  9
     \\/     M anipulation  |
\*---------------------------------------------------------------------------*/
FoamFile
{
    format      ascii;
    class       volScalarField;
    location    "28000";
    object      p;
}
// * * * * * * * * * * * * * * * * * * * * * * * * * * * * * * * * * * * * * //

dimensions      [0 0 0 0 0 0 0];

internalField   nonuniform List<scalar> 
900
(
1.08653e+07
1.08625e+07
1.08598e+07
1.08591e+07
1.08544e+07
1.0504e+07
1.01822e+07
9.87057e+06
9.56482e+06
9.26196e+06
8.96001e+06
8.65777e+06
8.35468e+06
8.05074e+06
7.74639e+06
7.44248e+06
7.14019e+06
6.84104e+06
6.54686e+06
6.25976e+06
5.98218e+06
5.71689e+06
5.46698e+06
5.23588e+06
5.02728e+06
4.84508e+06
4.69319e+06
4.57533e+06
4.49472e+06
4.45377e+06
1.08622e+07
1.08599e+07
1.08591e+07
1.08586e+07
1.08557e+07
1.04852e+07
1.01719e+07
9.86473e+06
9.56194e+06
9.26105e+06
8.96029e+06
8.65861e+06
8.35554e+06
8.05115e+06
7.74596e+06
7.44085e+06
7.13705e+06
6.83608e+06
6.53978e+06
6.25024e+06
5.9699e+06
5.7015e+06
5.44817e+06
5.21337e+06
5.00089e+06
4.81477e+06
4.65916e+06
4.53807e+06
4.45506e+06
4.41282e+06
1.08556e+07
1.08548e+07
1.08563e+07
1.08551e+07
1.0823e+07
1.0468e+07
1.01554e+07
9.85454e+06
9.55715e+06
9.26001e+06
8.96151e+06
8.66083e+06
8.35772e+06
8.05238e+06
7.74544e+06
7.43791e+06
7.13106e+06
6.82646e+06
6.52592e+06
6.23153e+06
5.94566e+06
5.67106e+06
5.41084e+06
5.16854e+06
4.94813e+06
4.75394e+06
4.5906e+06
4.46274e+06
4.37463e+06
4.32963e+06
1.08466e+07
1.08456e+07
1.08452e+07
1.08448e+07
1.06834e+07
1.04106e+07
1.01272e+07
9.84087e+06
9.55211e+06
9.26032e+06
8.9649e+06
8.6655e+06
8.36212e+06
8.05519e+06
7.74553e+06
7.43428e+06
7.12284e+06
6.81279e+06
6.50593e+06
6.20428e+06
5.91016e+06
5.62623e+06
5.35559e+06
5.10183e+06
4.86914e+06
4.66228e+06
4.48657e+06
4.34767e+06
4.25109e+06
4.20145e+06
1.08354e+07
1.0835e+07
1.08323e+07
1.08308e+07
1.06057e+07
1.03637e+07
1.0102e+07
9.82964e+06
9.55008e+06
9.26425e+06
8.97228e+06
8.67415e+06
8.37007e+06
8.06073e+06
7.74719e+06
7.43085e+06
7.11321e+06
6.79592e+06
6.48072e+06
6.16951e+06
5.86447e+06
5.56812e+06
5.28344e+06
5.01406e+06
4.76431e+06
4.53946e+06
4.34574e+06
4.19027e+06
4.08061e+06
4.02362e+06
1.08217e+07
1.0819e+07
1.08184e+07
1.08174e+07
1.05687e+07
1.03366e+07
1.00873e+07
9.82566e+06
9.55433e+06
9.27433e+06
8.98583e+06
8.68873e+06
8.3833e+06
8.07045e+06
7.75168e+06
7.4287e+06
7.10324e+06
6.77697e+06
6.45151e+06
6.12858e+06
5.8101e+06
5.49832e+06
5.19601e+06
4.90664e+06
4.63459e+06
4.38552e+06
4.16664e+06
3.98706e+06
3.85746e+06
3.7888e+06
1.08069e+07
1.08054e+07
1.08048e+07
1.08035e+07
1.05558e+07
1.03268e+07
1.00849e+07
9.83137e+06
9.56725e+06
9.29293e+06
9.00796e+06
8.71165e+06
8.40394e+06
8.08611e+06
7.76037e+06
7.42903e+06
7.09409e+06
6.7572e+06
6.41978e+06
6.0832e+06
5.74901e+06
5.41905e+06
5.09565e+06
4.78189e+06
4.4819e+06
4.20137e+06
3.94827e+06
3.73385e+06
3.57338e+06
3.48533e+06
1.0791e+07
1.07898e+07
1.0789e+07
1.0788e+07
1.0554e+07
1.03297e+07
1.00943e+07
9.84764e+06
9.59038e+06
9.32216e+06
9.04143e+06
8.74598e+06
8.4347e+06
8.10968e+06
7.77465e+06
7.43295e+06
7.0869e+06
6.73797e+06
6.38719e+06
6.03544e+06
5.68371e+06
5.33322e+06
4.98566e+06
4.64338e+06
4.30975e+06
3.98978e+06
3.69123e+06
3.42669e+06
3.2169e+06
3.09379e+06
1.07753e+07
1.07732e+07
1.07714e+07
1.07702e+07
1.0559e+07
1.03438e+07
1.01148e+07
9.87455e+06
9.62447e+06
9.3639e+06
9.08961e+06
8.79615e+06
8.47919e+06
8.14325e+06
7.79562e+06
7.44124e+06
7.08257e+06
6.72058e+06
6.35557e+06
5.98768e+06
5.61715e+06
5.24445e+06
4.87038e+06
4.49622e+06
4.12395e+06
3.75676e+06
3.40017e+06
3.06478e+06
2.77373e+06
2.57915e+06
1.07613e+07
1.07596e+07
1.0758e+07
1.07562e+07
1.05758e+07
1.03716e+07
1.01467e+07
9.91125e+06
9.66904e+06
9.41938e+06
9.15695e+06
8.86981e+06
8.54267e+06
8.18853e+06
7.82332e+06
7.45381e+06
7.08158e+06
6.70622e+06
6.32683e+06
5.94255e+06
5.55276e+06
5.15705e+06
4.7552e+06
4.34716e+06
3.93305e+06
3.51317e+06
3.0879e+06
2.65854e+06
2.23409e+06
1.86992e+06
1.07503e+07
1.07473e+07
1.07399e+07
1.0708e+07
1.06256e+07
1.04202e+07
1.01892e+07
9.95471e+06
9.72107e+06
9.48761e+06
9.24903e+06
8.98346e+06
8.63315e+06
8.24485e+06
7.85535e+06
7.46909e+06
7.0837e+06
6.6959e+06
6.30297e+06
5.90293e+06
5.49429e+06
5.0758e+06
4.64621e+06
4.20415e+06
3.74795e+06
3.27497e+06
2.77971e+06
2.24739e+06
1.63417e+06
796528
1.07426e+07
1.07376e+07
1.07236e+07
1.06913e+07
1.06162e+07
1.051e+07
1.02351e+07
9.99732e+06
9.77291e+06
9.56098e+06
9.36808e+06
9.18184e+06
8.76163e+06
8.30239e+06
7.88413e+06
7.4835e+06
7.08823e+06
6.69071e+06
6.28624e+06
5.8719e+06
5.44566e+06
5.00564e+06
4.5497e+06
4.0753e+06
3.57961e+06
3.05904e+06
2.5086e+06
1.91712e+06
1.25868e+06
478550
1.07385e+07
1.07309e+07
1.07083e+07
1.06661e+07
1.05864e+07
1.0456e+07
1.02354e+07
9.9975e+06
9.77312e+06
9.56131e+06
9.36869e+06
9.18699e+06
8.94231e+06
8.31975e+06
7.89589e+06
7.49311e+06
7.09544e+06
6.6926e+06
6.27891e+06
5.85149e+06
5.40848e+06
4.9477e+06
4.46629e+06
3.96042e+06
3.42663e+06
2.86213e+06
2.26734e+06
1.64444e+06
999448
336614
1.07396e+07
1.07279e+07
1.06975e+07
1.06433e+07
1.05494e+07
1.04061e+07
1.0211e+07
9.98908e+06
9.76502e+06
9.54695e+06
9.32807e+06
9.08832e+06
8.76076e+06
8.31818e+06
7.89576e+06
7.49312e+06
7.09553e+06
6.6927e+06
6.27896e+06
5.85143e+06
5.40829e+06
4.94736e+06
4.46577e+06
3.95968e+06
3.42565e+06
2.86084e+06
2.26573e+06
1.64258e+06
997688
335636
1.07584e+07
1.0743e+07
1.07014e+07
1.0631e+07
1.05214e+07
1.03713e+07
1.01862e+07
9.97511e+06
9.75055e+06
9.51811e+06
9.2697e+06
8.99118e+06
8.6629e+06
8.28519e+06
7.89058e+06
7.49671e+06
7.10227e+06
6.70168e+06
6.29063e+06
5.86636e+06
5.42685e+06
4.9697e+06
4.49192e+06
3.98942e+06
3.45831e+06
2.89455e+06
2.29746e+06
1.66832e+06
1.01458e+06
341819
1.0822e+07
1.07963e+07
1.07387e+07
1.06477e+07
1.05214e+07
1.03622e+07
1.01749e+07
9.96385e+06
9.73327e+06
9.48519e+06
9.21625e+06
8.92208e+06
8.60149e+06
8.25311e+06
7.88314e+06
7.50203e+06
7.11393e+06
6.71811e+06
6.31223e+06
5.89401e+06
5.46112e+06
5.01106e+06
4.54054e+06
4.0456e+06
3.5214e+06
2.96242e+06
2.36454e+06
1.72592e+06
1.05356e+06
355884
1.09277e+07
1.08913e+07
1.08154e+07
1.07021e+07
1.0556e+07
1.03817e+07
1.01831e+07
9.96282e+06
9.72212e+06
9.46197e+06
9.1825e+06
8.88397e+06
8.56779e+06
8.23263e+06
7.87869e+06
7.51031e+06
7.13159e+06
6.74383e+06
6.34616e+06
5.93679e+06
5.51329e+06
5.07323e+06
4.61311e+06
4.12961e+06
3.61703e+06
3.06934e+06
2.47669e+06
1.83064e+06
1.12923e+06
384010
1.1088e+07
1.10358e+07
1.09337e+07
1.0792e+07
1.06203e+07
1.0425e+07
1.02094e+07
9.97512e+06
9.7231e+06
9.45412e+06
9.1692e+06
8.86927e+06
8.55512e+06
8.22633e+06
7.88282e+06
7.52614e+06
7.15871e+06
6.78153e+06
6.39447e+06
5.9958e+06
5.58363e+06
5.15526e+06
4.70781e+06
4.23813e+06
3.74111e+06
3.21134e+06
2.6355e+06
1.99676e+06
1.26744e+06
443039
1.13144e+07
1.12323e+07
1.1089e+07
1.09092e+07
1.07063e+07
1.0486e+07
1.02506e+07
1.00009e+07
9.73733e+06
9.46052e+06
9.17121e+06
8.86999e+06
8.55733e+06
8.23321e+06
7.89785e+06
7.55163e+06
7.19557e+06
6.82983e+06
6.45436e+06
6.06737e+06
5.66766e+06
5.25216e+06
4.81932e+06
4.36502e+06
3.88665e+06
3.37842e+06
2.8317e+06
2.2279e+06
1.51019e+06
588895
1.16321e+07
1.14736e+07
1.12658e+07
1.10404e+07
1.08039e+07
1.05577e+07
1.03021e+07
1.00369e+07
9.76212e+06
9.47776e+06
9.18413e+06
8.88156e+06
8.57024e+06
8.25038e+06
7.922e+06
7.58513e+06
7.23975e+06
6.8856e+06
6.52211e+06
6.14791e+06
5.76179e+06
5.36119e+06
4.94507e+06
4.50892e+06
4.05221e+06
3.56663e+06
3.05287e+06
2.50064e+06
1.88557e+06
1.00725e+06
1.20339e+07
1.17178e+07
1.14414e+07
1.11734e+07
1.09054e+07
1.06347e+07
1.03599e+07
1.00801e+07
9.79454e+06
9.50289e+06
9.20505e+06
8.9011e+06
8.59106e+06
8.27509e+06
7.95298e+06
7.62465e+06
7.28945e+06
6.94712e+06
6.59645e+06
6.23682e+06
5.86627e+06
5.48364e+06
5.08649e+06
4.67249e+06
4.2393e+06
3.7807e+06
3.29613e+06
2.76979e+06
2.25771e+06
1.8564e+06
1.23488e+07
1.19511e+07
1.16128e+07
1.13042e+07
1.10074e+07
1.07146e+07
1.04224e+07
1.01289e+07
9.83321e+06
9.53455e+06
9.23258e+06
8.92718e+06
8.61824e+06
8.30578e+06
7.98952e+06
7.66929e+06
7.34441e+06
7.01451e+06
6.6783e+06
6.3351e+06
5.98272e+06
5.62006e+06
5.24404e+06
4.85372e+06
4.44492e+06
4.01891e+06
3.5708e+06
3.11789e+06
2.67408e+06
2.26864e+06
1.25874e+07
1.21636e+07
1.17854e+07
1.144e+07
1.1114e+07
1.07988e+07
1.04891e+07
1.01823e+07
9.87664e+06
9.57103e+06
9.26489e+06
8.95783e+06
8.64967e+06
8.34028e+06
8.02947e+06
7.71708e+06
7.40261e+06
7.08568e+06
6.76504e+06
6.43977e+06
6.10748e+06
5.7666e+06
5.41433e+06
5.04836e+06
4.6681e+06
4.2712e+06
3.86384e+06
3.45863e+06
3.09259e+06
2.87443e+06
1.27733e+07
1.23378e+07
1.19361e+07
1.15638e+07
1.12138e+07
1.08788e+07
1.05535e+07
1.02347e+07
9.91995e+06
9.60798e+06
9.29795e+06
8.98925e+06
8.68168e+06
8.37501e+06
8.06931e+06
7.76445e+06
7.46037e+06
7.15677e+06
6.85266e+06
6.54721e+06
6.2374e+06
5.92223e+06
5.5961e+06
5.25864e+06
4.90454e+06
4.53388e+06
4.15177e+06
3.77993e+06
3.45192e+06
3.1985e+06
1.29185e+07
1.24768e+07
1.20621e+07
1.16728e+07
1.1305e+07
1.0954e+07
1.06154e+07
1.02858e+07
9.96288e+06
9.64505e+06
9.33135e+06
9.02101e+06
8.7139e+06
8.40972e+06
8.10891e+06
7.81133e+06
7.51767e+06
7.22746e+06
6.94083e+06
6.65612e+06
6.37152e+06
6.08384e+06
5.78757e+06
5.4795e+06
5.1501e+06
4.79507e+06
4.42151e+06
4.06466e+06
3.74248e+06
3.50671e+06
1.30311e+07
1.25857e+07
1.21634e+07
1.17633e+07
1.13832e+07
1.102e+07
1.06705e+07
1.03319e+07
1.0002e+07
9.67911e+06
9.36215e+06
9.05036e+06
8.74358e+06
8.44162e+06
8.14507e+06
7.85404e+06
7.56974e+06
7.29198e+06
7.02202e+06
6.75799e+06
6.49972e+06
6.24192e+06
5.97989e+06
5.70541e+06
5.40063e+06
5.05652e+06
4.67426e+06
4.30825e+06
4.02322e+06
3.55522e+06
1.31164e+07
1.26688e+07
1.22418e+07
1.18347e+07
1.14463e+07
1.10745e+07
1.07169e+07
1.03713e+07
1.00357e+07
9.70863e+06
9.38895e+06
9.07594e+06
8.76941e+06
8.4693e+06
8.17627e+06
7.89081e+06
7.61446e+06
7.34785e+06
7.09316e+06
6.84958e+06
6.61829e+06
6.39317e+06
6.17037e+06
5.9339e+06
5.65882e+06
5.32551e+06
4.96653e+06
4.42032e+06
4.27052e+06
4.0784e+06
1.31779e+07
1.27288e+07
1.22989e+07
1.18875e+07
1.14938e+07
1.11161e+07
1.07528e+07
1.04021e+07
1.00623e+07
9.73208e+06
9.4103e+06
9.09637e+06
8.78998e+06
8.49134e+06
8.20094e+06
7.91988e+06
7.64962e+06
7.39205e+06
7.14964e+06
6.92391e+06
6.71681e+06
6.52404e+06
6.34219e+06
6.15003e+06
5.91636e+06
5.57638e+06
5.01732e+06
4.7239e+06
4.53207e+06
4.40948e+06
1.32179e+07
1.27679e+07
1.23362e+07
1.19223e+07
1.15253e+07
1.11441e+07
1.07772e+07
1.04233e+07
1.00807e+07
9.74835e+06
9.42514e+06
9.11058e+06
8.80428e+06
8.50661e+06
8.218e+06
7.93992e+06
7.67378e+06
7.42236e+06
7.18827e+06
6.97542e+06
6.78688e+06
6.62388e+06
6.48379e+06
6.34838e+06
6.18745e+06
5.66861e+06
5.23223e+06
4.92555e+06
4.7244e+06
4.61795e+06
1.32375e+07
1.27872e+07
1.23547e+07
1.19395e+07
1.15411e+07
1.11582e+07
1.07896e+07
1.0434e+07
1.00901e+07
9.75666e+06
9.43275e+06
9.11786e+06
8.81161e+06
8.51442e+06
8.22672e+06
7.95014e+06
7.68606e+06
7.43773e+06
7.20767e+06
7.00135e+06
6.8224e+06
6.67879e+06
6.57297e+06
6.50567e+06
6.10923e+06
5.69842e+06
5.31744e+06
5.02167e+06
4.82201e+06
4.71998e+06
)
;

boundaryField
{
    inlet1
    {
        type            fixedGradient;
        gradient        uniform 20000;
    }
    inlet2
    {
        type            zeroGradient;
    }
    inlet3
    {
        type            fixedGradient;
        gradient        uniform 4.68141e+06;
    }
    output1
    {
        type            zeroGradient;
    }
    output2
    {
        type            fixedValue;
        value           uniform 0;
    }
    output3
    {
        type            zeroGradient;
    }
    up
    {
        type            zeroGradient;
    }
    down
    {
        type            zeroGradient;
    }
    emptyWalls
    {
        type            empty;
    }
}


// ************************************************************************* //
