/*--------------------------------*- C++ -*----------------------------------*\
  =========                 |
  \\      /  F ield         | OpenFOAM: The Open Source CFD Toolbox
   \\    /   O peration     | Website:  https://openfoam.org
    \\  /    A nd           | Version:  9
     \\/     M anipulation  |
\*---------------------------------------------------------------------------*/
FoamFile
{
    format      ascii;
    class       volScalarField;
    location    "28000";
    object      Sw;
}
// * * * * * * * * * * * * * * * * * * * * * * * * * * * * * * * * * * * * * //

dimensions      [0 0 0 0 0 0 0];

internalField   nonuniform List<scalar> 
900
(
0.787437
0.525892
0.652986
0.530098
0.163128
0.15
0.15
0.15
0.15
0.15
0.15
0.15
0.15
0.15
0.15
0.15
0.15
0.15
0.15
0.15
0.15
0.15
0.15
0.15
0.15
0.15
0.15
0.15
0.15
0.15
0.752296
0.77268
0.716079
0.55794
0.238799
0.15
0.15
0.15
0.15
0.15
0.15
0.15
0.15
0.15
0.15
0.15
0.15
0.15
0.15
0.15
0.15
0.15
0.15
0.15
0.15
0.15
0.15
0.15
0.15
0.15
0.773722
0.578664
0.557302
0.450168
0.152743
0.15
0.15
0.15
0.15
0.15
0.15
0.15
0.15
0.15
0.15
0.15
0.15
0.15
0.15
0.15
0.15
0.15
0.15
0.15
0.15
0.15
0.15
0.15
0.15
0.15
0.792221
0.734345
0.579903
0.337136
0.150065
0.15
0.15
0.15
0.15
0.15
0.15
0.15
0.15
0.15
0.15
0.15
0.15
0.15
0.15
0.15
0.15
0.15
0.15
0.15
0.15
0.15
0.15
0.15
0.15
0.15
0.792913
0.617265
0.561164
0.298863
0.150009
0.15
0.15
0.15
0.15
0.15
0.15
0.15
0.15
0.15
0.15
0.15
0.15
0.15
0.15
0.15
0.15
0.15
0.15
0.15
0.15
0.15
0.15
0.15
0.15
0.15
0.805413
0.695827
0.595376
0.243283
0.15
0.15
0.15
0.15
0.15
0.15
0.15
0.15
0.15
0.15
0.15
0.15
0.15
0.15
0.15
0.15
0.15
0.15
0.15
0.15
0.15
0.15
0.15
0.15
0.15
0.15
0.798271
0.725724
0.579657
0.212228
0.15
0.15
0.15
0.15
0.15
0.15
0.15
0.15
0.15
0.15
0.15
0.15
0.15
0.15
0.15
0.15
0.15
0.15
0.15
0.15
0.15
0.15
0.15
0.15
0.15
0.15
0.81906
0.702091
0.594392
0.184892
0.15
0.15
0.15
0.15
0.15
0.15
0.15
0.15
0.15
0.15
0.15
0.15
0.15
0.15
0.15
0.15
0.15
0.15
0.15
0.15
0.15
0.15
0.15
0.15
0.15
0.15
0.82505
0.735912
0.579385
0.167695
0.15
0.15
0.15
0.15
0.15
0.15
0.15
0.15
0.15
0.15
0.15
0.15
0.15
0.15
0.15
0.15
0.15
0.15
0.15
0.15
0.15
0.15
0.15
0.15
0.15
0.15
0.853807
0.766306
0.65716
0.174479
0.15
0.15
0.15
0.15
0.15
0.15
0.15
0.15
0.15
0.15
0.15
0.15
0.15
0.15
0.15
0.15
0.15
0.15
0.15
0.15
0.15
0.15
0.15
0.15
0.15
0.15
0.879538
0.782724
0.583789
0.459481
0.151559
0.15
0.15
0.15
0.15
0.15
0.15
0.15
0.15
0.15
0.15
0.15
0.15
0.15
0.15
0.15
0.15
0.15
0.15
0.15
0.15
0.15
0.15
0.15
0.15
0.15
0.883756
0.829377
0.735971
0.620976
0.562531
0.276689
0.150002
0.150001
0.150001
0.150001
0.150001
0.150001
0.15
0.15
0.15
0.15
0.15
0.15
0.15
0.15
0.15
0.15
0.15
0.15
0.15
0.15
0.15
0.15
0.15
0.15
0.855684
0.778762
0.759084
0.701283
0.662419
0.601936
0.582123
0.576441
0.5833
0.57696
0.583503
0.53823
0.185967
0.172269
0.175587
0.178092
0.179929
0.180839
0.180946
0.180743
0.180919
0.181122
0.181519
0.181181
0.180394
0.176772
0.172366
0.166482
0.159891
0.153078
0.71642
0.665227
0.690525
0.667932
0.652801
0.631065
0.621249
0.61199
0.616655
0.611473
0.607478
0.587556
0.552809
0.545317
0.546859
0.548776
0.54965
0.549832
0.549922
0.550268
0.550984
0.551939
0.553075
0.554187
0.555444
0.556623
0.558071
0.559127
0.560236
0.560094
0.624708
0.616445
0.613659
0.607709
0.608528
0.608448
0.6077
0.603205
0.60264
0.599238
0.595359
0.592178
0.586334
0.579917
0.578632
0.579019
0.579277
0.579194
0.579095
0.579154
0.579515
0.579974
0.580644
0.581139
0.581963
0.582536
0.583916
0.584836
0.586544
0.586334
0.611763
0.60113
0.594846
0.592857
0.592243
0.59341
0.593304
0.591603
0.588783
0.587019
0.585429
0.58669
0.588683
0.586652
0.584778
0.583906
0.583581
0.583514
0.5836
0.583908
0.58434
0.584931
0.585524
0.586091
0.586739
0.5872
0.588456
0.589457
0.591985
0.592281
0.596376
0.590317
0.587957
0.588151
0.589139
0.58981
0.589405
0.58811
0.586019
0.584698
0.584177
0.584967
0.586254
0.585784
0.584573
0.583907
0.584035
0.584739
0.585725
0.586995
0.588173
0.589663
0.590656
0.592078
0.59254
0.593362
0.593333
0.593796
0.59548
0.596741
0.592203
0.586578
0.586929
0.589333
0.591814
0.593409
0.594057
0.593861
0.593311
0.592773
0.592607
0.592614
0.592775
0.592544
0.592346
0.592375
0.593194
0.59422
0.595717
0.596962
0.598284
0.599333
0.599934
0.600754
0.599986
0.600195
0.59694
0.595608
0.592066
0.593317
0.586234
0.586719
0.592029
0.597173
0.600756
0.602801
0.603783
0.604047
0.604065
0.603917
0.603948
0.603841
0.603943
0.603858
0.604081
0.604046
0.60464
0.604707
0.605473
0.605047
0.605537
0.604311
0.604375
0.602606
0.601775
0.600055
0.596175
0.59338
0.581922
0.579129
0.587227
0.597501
0.606134
0.61038
0.611797
0.611911
0.611507
0.610995
0.610511
0.610137
0.609848
0.609629
0.609436
0.609253
0.608961
0.60848
0.60786
0.606913
0.606031
0.604487
0.603715
0.601556
0.601655
0.598657
0.600018
0.595939
0.597512
0.593884
0.581225
0.573536
0.609473
0.620958
0.620582
0.616687
0.612867
0.609975
0.607953
0.606637
0.60575
0.605236
0.604831
0.604647
0.604341
0.604178
0.603598
0.603154
0.602092
0.601495
0.600282
0.600014
0.599196
0.599333
0.599174
0.59859
0.599485
0.595291
0.599904
0.589631
0.617098
0.632789
0.596557
0.593119
0.592782
0.593414
0.594393
0.595501
0.596602
0.597589
0.598449
0.599194
0.599825
0.600411
0.60085
0.601291
0.601454
0.601733
0.60159
0.601893
0.601551
0.602044
0.601319
0.601752
0.600083
0.600474
0.596894
0.598149
0.591623
0.592731
0.580937
0.509605
0.598793
0.600535
0.604054
0.607029
0.608835
0.609703
0.610044
0.610096
0.610042
0.609912
0.609762
0.609562
0.609283
0.608921
0.608341
0.607696
0.606627
0.605657
0.603964
0.602711
0.600537
0.599088
0.597518
0.595276
0.594786
0.59005
0.585148
0.574023
0.556686
0.55119
0.599432
0.598642
0.598235
0.598026
0.597831
0.597563
0.597327
0.597104
0.597009
0.596903
0.596921
0.596833
0.596858
0.596701
0.596656
0.596448
0.59626
0.596201
0.595676
0.596293
0.594981
0.596743
0.593864
0.594616
0.589932
0.583252
0.570121
0.554258
0.536245
0.490863
0.599506
0.598858
0.598815
0.599331
0.600149
0.600964
0.601728
0.602298
0.602871
0.603213
0.603708
0.603881
0.604403
0.604423
0.605054
0.604864
0.605548
0.604925
0.605199
0.60384
0.602373
0.600476
0.594797
0.5925
0.581379
0.56725
0.548339
0.532535
0.506256
0.463589
0.599647
0.59918
0.598967
0.599009
0.599206
0.59946
0.599696
0.599875
0.600041
0.600122
0.600278
0.600273
0.600484
0.600336
0.600643
0.600146
0.600508
0.599163
0.599387
0.596488
0.596095
0.592137
0.587878
0.584913
0.564316
0.545377
0.517321
0.506245
0.208663
0.15
0.599747
0.59938
0.599147
0.599077
0.599157
0.599352
0.599602
0.599866
0.60014
0.600379
0.600668
0.600871
0.601238
0.601386
0.601929
0.601921
0.602794
0.602276
0.603666
0.601432
0.603159
0.596182
0.593883
0.580016
0.544303
0.517826
0.429785
0.150522
0.15
0.15
0.599806
0.599518
0.5993
0.599197
0.59918
0.599287
0.599425
0.599654
0.599838
0.600116
0.600297
0.600621
0.600805
0.601201
0.601426
0.601911
0.602256
0.602654
0.60309
0.601925
0.601597
0.592183
0.590297
0.558605
0.503728
0.16195
0.15
0.15
0.15
0.15
0.599842
0.599599
0.599404
0.599288
0.599232
0.599284
0.599369
0.599563
0.59972
0.600007
0.600173
0.600553
0.600703
0.601239
0.601385
0.602207
0.602381
0.603622
0.603732
0.604927
0.603774
0.59916
0.592889
0.533712
0.170805
0.15
0.15
0.15
0.15
0.15
0.599858
0.599638
0.599455
0.599337
0.599267
0.599294
0.599354
0.599527
0.59967
0.599953
0.600115
0.600508
0.600655
0.601237
0.601364
0.602318
0.602407
0.604057
0.603912
0.606686
0.604795
0.607225
0.584079
0.233877
0.15
0.15
0.15
0.15
0.15
0.15
)
;

boundaryField
{
    inlet1
    {
        type            fixedValue;
        value           uniform 0.85;
    }
    inlet2
    {
        type            zeroGradient;
    }
    inlet3
    {
        type            fixedValue;
        value           uniform 0.6;
    }
    output1
    {
        type            zeroGradient;
    }
    output2
    {
        type            zeroGradient;
    }
    output3
    {
        type            zeroGradient;
    }
    up
    {
        type            zeroGradient;
    }
    down
    {
        type            zeroGradient;
    }
    emptyWalls
    {
        type            empty;
    }
}


// ************************************************************************* //
