/*--------------------------------*- C++ -*----------------------------------*\
  =========                 |
  \\      /  F ield         | OpenFOAM: The Open Source CFD Toolbox
   \\    /   O peration     | Website:  https://openfoam.org
    \\  /    A nd           | Version:  9
     \\/     M anipulation  |
\*---------------------------------------------------------------------------*/
FoamFile
{
    format      ascii;
    class       volScalarField;
    location    "18000";
    object      alpha;
}
// * * * * * * * * * * * * * * * * * * * * * * * * * * * * * * * * * * * * * //

dimensions      [0 2 -1 0 0 0 0];

internalField   nonuniform List<scalar> 
900
(
-3.09818e-10
-8.90825e-11
-3.78485e-12
-5.04408e-13
-4.02169e-14
-4.0652e-14
-4.0652e-14
-4.0652e-14
-4.0652e-14
-4.0652e-14
-4.0652e-14
-4.0652e-14
-4.0652e-14
-4.0652e-14
-4.0652e-14
-4.0652e-14
-4.0652e-14
-4.0652e-14
-4.0652e-14
-4.0652e-14
-4.0652e-14
-4.0652e-14
-4.0652e-14
-4.0652e-14
-4.0652e-14
-4.0652e-14
-4.0652e-14
-4.0652e-14
-4.0652e-14
-4.0652e-14
-1.00534e-10
-1.51143e-11
-9.62226e-12
-1.55315e-11
-3.63142e-14
-4.0652e-14
-4.0652e-14
-4.0652e-14
-4.0652e-14
-4.0652e-14
-4.0652e-14
-4.0652e-14
-4.0652e-14
-4.0652e-14
-4.0652e-14
-4.0652e-14
-4.0652e-14
-4.0652e-14
-4.0652e-14
-4.0652e-14
-4.0652e-14
-4.0652e-14
-4.0652e-14
-4.0652e-14
-4.0652e-14
-4.0652e-14
-4.0652e-14
-4.0652e-14
-4.0652e-14
-4.0652e-14
-1.57089e-10
-2.23694e-11
-2.9114e-11
-8.16695e-14
-4.06397e-14
-4.0652e-14
-4.0652e-14
-4.0652e-14
-4.0652e-14
-4.0652e-14
-4.0652e-14
-4.0652e-14
-4.0652e-14
-4.0652e-14
-4.0652e-14
-4.0652e-14
-4.0652e-14
-4.0652e-14
-4.0652e-14
-4.0652e-14
-4.0652e-14
-4.0652e-14
-4.0652e-14
-4.0652e-14
-4.0652e-14
-4.0652e-14
-4.0652e-14
-4.0652e-14
-4.0652e-14
-4.0652e-14
-1.23109e-10
-3.03591e-11
-2.44164e-11
-2.96647e-14
-4.06502e-14
-4.0652e-14
-4.0652e-14
-4.0652e-14
-4.0652e-14
-4.0652e-14
-4.0652e-14
-4.0652e-14
-4.0652e-14
-4.0652e-14
-4.0652e-14
-4.0652e-14
-4.0652e-14
-4.0652e-14
-4.0652e-14
-4.0652e-14
-4.0652e-14
-4.0652e-14
-4.0652e-14
-4.0652e-14
-4.0652e-14
-4.0652e-14
-4.0652e-14
-4.0652e-14
-4.0652e-14
-4.0652e-14
-2.09336e-10
-2.96405e-11
-1.32851e-11
-2.67726e-14
-4.06519e-14
-4.0652e-14
-4.0652e-14
-4.0652e-14
-4.0652e-14
-4.0652e-14
-4.0652e-14
-4.0652e-14
-4.0652e-14
-4.0652e-14
-4.0652e-14
-4.0652e-14
-4.0652e-14
-4.0652e-14
-4.0652e-14
-4.0652e-14
-4.0652e-14
-4.0652e-14
-4.0652e-14
-4.0652e-14
-4.0652e-14
-4.0652e-14
-4.0652e-14
-4.0652e-14
-4.0652e-14
-4.0652e-14
-1.72833e-10
-3.41114e-11
-1.12898e-11
-3.27565e-14
-4.0652e-14
-4.0652e-14
-4.0652e-14
-4.0652e-14
-4.0652e-14
-4.0652e-14
-4.0652e-14
-4.0652e-14
-4.0652e-14
-4.0652e-14
-4.0652e-14
-4.0652e-14
-4.0652e-14
-4.0652e-14
-4.0652e-14
-4.0652e-14
-4.0652e-14
-4.0652e-14
-4.0652e-14
-4.0652e-14
-4.0652e-14
-4.0652e-14
-4.0652e-14
-4.0652e-14
-4.0652e-14
-4.0652e-14
-2.26686e-10
-3.58965e-11
-8.86429e-12
-3.77362e-14
-4.0652e-14
-4.0652e-14
-4.0652e-14
-4.0652e-14
-4.0652e-14
-4.0652e-14
-4.0652e-14
-4.0652e-14
-4.0652e-14
-4.0652e-14
-4.0652e-14
-4.0652e-14
-4.0652e-14
-4.0652e-14
-4.0652e-14
-4.0652e-14
-4.0652e-14
-4.0652e-14
-4.0652e-14
-4.0652e-14
-4.0652e-14
-4.0652e-14
-4.0652e-14
-4.0652e-14
-4.0652e-14
-4.0652e-14
-1.89135e-10
-3.60097e-11
-1.43709e-11
-3.98348e-14
-4.0652e-14
-4.0652e-14
-4.0652e-14
-4.0652e-14
-4.0652e-14
-4.0652e-14
-4.0652e-14
-4.0652e-14
-4.0652e-14
-4.0652e-14
-4.0652e-14
-4.0652e-14
-4.0652e-14
-4.0652e-14
-4.0652e-14
-4.0652e-14
-4.0652e-14
-4.0652e-14
-4.0652e-14
-4.0652e-14
-4.0652e-14
-4.0652e-14
-4.0652e-14
-4.0652e-14
-4.0652e-14
-4.0652e-14
-2.64234e-10
-4.12471e-11
-2.75974e-13
-4.06463e-14
-4.0652e-14
-4.0652e-14
-4.0652e-14
-4.0652e-14
-4.0652e-14
-4.0652e-14
-4.0652e-14
-4.0652e-14
-4.0652e-14
-4.0652e-14
-4.0652e-14
-4.0652e-14
-4.0652e-14
-4.0652e-14
-4.0652e-14
-4.0652e-14
-4.0652e-14
-4.0652e-14
-4.0652e-14
-4.0652e-14
-4.0652e-14
-4.0652e-14
-4.0652e-14
-4.0652e-14
-4.0652e-14
-4.0652e-14
-2.67384e-10
-3.71073e-11
-3.60073e-14
-4.06517e-14
-4.0652e-14
-4.0652e-14
-4.0652e-14
-4.0652e-14
-4.0652e-14
-4.0652e-14
-4.0652e-14
-4.0652e-14
-4.0652e-14
-4.0652e-14
-4.0652e-14
-4.0652e-14
-4.0652e-14
-4.0652e-14
-4.0652e-14
-4.0652e-14
-4.0652e-14
-4.0652e-14
-4.0652e-14
-4.0652e-14
-4.0652e-14
-4.0652e-14
-4.0652e-14
-4.0652e-14
-4.0652e-14
-4.0652e-14
-4.04974e-10
-7.66025e-11
-5.8287e-12
-3.45656e-14
-4.0652e-14
-4.0652e-14
-4.0652e-14
-4.0652e-14
-4.0652e-14
-4.0652e-14
-4.0652e-14
-4.0652e-14
-4.0652e-14
-4.0652e-14
-4.0652e-14
-4.0652e-14
-4.0652e-14
-4.0652e-14
-4.0652e-14
-4.0652e-14
-4.0652e-14
-4.0652e-14
-4.0652e-14
-4.0652e-14
-4.0652e-14
-4.0652e-14
-4.0652e-14
-4.0652e-14
-4.0652e-14
-4.0652e-14
-4.30243e-10
-6.0735e-11
-1.11285e-11
-6.78206e-12
-2.73598e-14
-4.05776e-14
-4.0652e-14
-4.0652e-14
-4.0652e-14
-4.0652e-14
-4.0652e-14
-4.0652e-14
-4.0652e-14
-4.0652e-14
-4.0652e-14
-4.0652e-14
-4.0652e-14
-4.0652e-14
-4.0652e-14
-4.0652e-14
-4.0652e-14
-4.0652e-14
-4.0652e-14
-4.0652e-14
-4.0652e-14
-4.0652e-14
-4.0652e-14
-4.0652e-14
-4.0652e-14
-4.0652e-14
-9.75724e-10
-1.40718e-10
-1.3576e-11
-5.53568e-12
-2.47476e-12
-1.52692e-12
-3.20069e-14
-4.06518e-14
-4.06518e-14
-4.06518e-14
-4.06518e-14
-4.06518e-14
-4.0652e-14
-4.0652e-14
-4.0652e-14
-4.0652e-14
-4.0652e-14
-4.0652e-14
-4.0652e-14
-4.0652e-14
-4.0652e-14
-4.0652e-14
-4.0652e-14
-4.0652e-14
-4.0652e-14
-4.0652e-14
-4.0652e-14
-4.0652e-14
-4.0652e-14
-4.0652e-14
-9.05398e-10
-3.60212e-10
-1.39242e-10
-6.6967e-11
-3.52396e-11
-2.25674e-11
-1.68851e-11
-1.4437e-11
-1.53154e-11
-1.36679e-11
-1.74643e-11
-3.21842e-13
-4.0529e-14
-4.02658e-14
-4.00335e-14
-4.01099e-14
-4.03118e-14
-4.05775e-14
-4.06519e-14
-4.06519e-14
-4.06519e-14
-4.06519e-14
-4.0652e-14
-4.0652e-14
-4.06339e-14
-4.06375e-14
-4.0652e-14
-4.0652e-14
-4.0652e-14
-4.0652e-14
-1.96942e-10
-1.24771e-10
-1.07346e-10
-6.04489e-11
-4.56981e-11
-3.12601e-11
-2.98598e-11
-2.40973e-11
-2.70829e-11
-2.11711e-11
-2.27779e-11
-1.16395e-11
-9.22496e-12
-9.01446e-12
-9.00237e-12
-8.8859e-12
-8.91945e-12
-8.68363e-12
-9.35814e-12
-8.44405e-12
-1.07214e-11
-7.80152e-13
-4.21897e-14
-1.93963e-13
-8.18819e-13
-1.14267e-12
-8.70825e-13
-3.50973e-13
-6.91622e-14
-2.80923e-14
-3.34686e-11
-2.94732e-11
-2.84425e-11
-2.26604e-11
-2.19143e-11
-1.95588e-11
-1.93933e-11
-1.78815e-11
-1.77033e-11
-1.60708e-11
-1.58165e-11
-1.61431e-11
-1.44076e-11
-1.35235e-11
-1.33812e-11
-1.30655e-11
-1.33447e-11
-1.28402e-11
-1.35306e-11
-1.16932e-11
-1.12397e-11
-7.02925e-12
-5.90495e-12
-6.16633e-12
-6.62542e-12
-6.85936e-12
-6.87417e-12
-6.75452e-12
-6.91134e-12
-7.06375e-12
-2.45356e-11
-2.04304e-11
-1.85664e-11
-1.76505e-11
-1.6995e-11
-1.65404e-11
-1.60749e-11
-1.55251e-11
-1.47246e-11
-1.43475e-11
-1.38769e-11
-1.48641e-11
-1.46543e-11
-1.41393e-11
-1.39206e-11
-1.38193e-11
-1.39185e-11
-1.37647e-11
-1.35825e-11
-1.26587e-11
-1.1861e-11
-1.13621e-11
-1.07512e-11
-1.05158e-11
-1.05473e-11
-1.0714e-11
-1.10065e-11
-1.14234e-11
-1.20722e-11
-1.24593e-11
-1.73823e-11
-1.62878e-11
-1.63578e-11
-1.68527e-11
-1.72052e-11
-1.73463e-11
-1.71517e-11
-1.67834e-11
-1.62228e-11
-1.58516e-11
-1.55956e-11
-1.57179e-11
-1.57214e-11
-1.55763e-11
-1.55425e-11
-1.56205e-11
-1.57226e-11
-1.56837e-11
-1.53936e-11
-1.50144e-11
-1.45761e-11
-1.46943e-11
-1.45487e-11
-1.43551e-11
-1.42214e-11
-1.43344e-11
-1.43092e-11
-1.43897e-11
-1.43645e-11
-1.47902e-11
-1.61849e-11
-1.61205e-11
-1.74932e-11
-1.88762e-11
-1.98266e-11
-2.0257e-11
-2.02817e-11
-2.00566e-11
-1.97339e-11
-1.94742e-11
-1.93282e-11
-1.92806e-11
-1.93192e-11
-1.93212e-11
-1.9334e-11
-1.93197e-11
-1.92431e-11
-1.90391e-11
-1.87485e-11
-1.85248e-11
-1.84062e-11
-1.84805e-11
-1.83161e-11
-1.80653e-11
-1.76227e-11
-1.73756e-11
-1.66019e-11
-1.5747e-11
-1.38408e-11
-1.28281e-11
-1.57154e-11
-1.86944e-11
-2.15008e-11
-2.29901e-11
-2.35383e-11
-2.35168e-11
-2.32641e-11
-2.28817e-11
-2.25263e-11
-2.22037e-11
-2.1979e-11
-2.17724e-11
-2.1635e-11
-2.14199e-11
-2.11537e-11
-2.07462e-11
-2.03303e-11
-1.98591e-11
-1.95489e-11
-1.93016e-11
-1.92491e-11
-1.90556e-11
-1.88144e-11
-1.82664e-11
-1.76736e-11
-1.6909e-11
-1.59505e-11
-1.49182e-11
-1.18525e-11
-9.76998e-12
-2.27394e-11
-2.72244e-11
-2.71343e-11
-2.56191e-11
-2.42384e-11
-2.31642e-11
-2.24199e-11
-2.18253e-11
-2.14119e-11
-2.10445e-11
-2.07764e-11
-2.04935e-11
-2.0249e-11
-1.99311e-11
-1.95915e-11
-1.91832e-11
-1.88403e-11
-1.85301e-11
-1.83748e-11
-1.82115e-11
-1.81033e-11
-1.77228e-11
-1.73374e-11
-1.64989e-11
-1.59419e-11
-1.46484e-11
-1.42572e-11
-1.24802e-11
-1.55327e-11
-1.88898e-11
-1.84384e-11
-1.74212e-11
-1.73396e-11
-1.75358e-11
-1.78396e-11
-1.813e-11
-1.84504e-11
-1.86671e-11
-1.89117e-11
-1.90379e-11
-1.92041e-11
-1.92447e-11
-1.93005e-11
-1.92168e-11
-1.91173e-11
-1.8907e-11
-1.87088e-11
-1.84197e-11
-1.81171e-11
-1.76627e-11
-1.70308e-11
-1.62811e-11
-1.53082e-11
-1.43664e-11
-1.31408e-11
-1.2499e-11
-1.10513e-11
-1.02922e-11
-8.7088e-12
-3.06021e-12
-1.91295e-11
-1.96798e-11
-2.08115e-11
-2.18158e-11
-2.2438e-11
-2.2711e-11
-2.28117e-11
-2.27246e-11
-2.26225e-11
-2.2344e-11
-2.20762e-11
-2.16009e-11
-2.11319e-11
-2.04926e-11
-1.98904e-11
-1.9223e-11
-1.86022e-11
-1.78378e-11
-1.70621e-11
-1.5843e-11
-1.45989e-11
-1.3151e-11
-1.20755e-11
-1.06962e-11
-9.60959e-12
-8.74322e-12
-7.35796e-12
-6.45655e-12
-4.13181e-12
-4.69937e-12
-1.93266e-11
-1.90922e-11
-1.89496e-11
-1.8917e-11
-1.88435e-11
-1.88061e-11
-1.87123e-11
-1.8659e-11
-1.85638e-11
-1.84638e-11
-1.8328e-11
-1.81481e-11
-1.79802e-11
-1.77876e-11
-1.76063e-11
-1.7408e-11
-1.69601e-11
-1.63711e-11
-1.52012e-11
-1.33474e-11
-1.14728e-11
-9.59623e-12
-8.46572e-12
-7.18524e-12
-6.52754e-12
-4.63112e-12
-4.00279e-12
-4.06248e-12
-2.79269e-14
-4.0652e-14
-1.9352e-11
-1.91664e-11
-1.91371e-11
-1.9337e-11
-1.95622e-11
-1.98948e-11
-2.00819e-11
-2.03676e-11
-2.04393e-11
-2.06367e-11
-2.05604e-11
-2.05911e-11
-2.03043e-11
-2.00251e-11
-1.94244e-11
-1.8678e-11
-1.74513e-11
-1.61847e-11
-1.36041e-11
-1.06997e-11
-8.23855e-12
-6.14029e-12
-4.42453e-12
-3.90285e-12
-4.63158e-12
-2.65856e-14
-4.0652e-14
-4.0652e-14
-4.0652e-14
-4.0652e-14
-1.93996e-11
-1.92707e-11
-1.91952e-11
-1.92481e-11
-1.92844e-11
-1.94474e-11
-1.94575e-11
-1.96526e-11
-1.9549e-11
-1.97449e-11
-1.94307e-11
-1.9519e-11
-1.88391e-11
-1.86039e-11
-1.76149e-11
-1.67751e-11
-1.542e-11
-1.35178e-11
-9.76216e-12
-6.99407e-12
-4.35174e-12
-3.03767e-12
-3.75818e-14
-4.0652e-14
-4.0652e-14
-4.0652e-14
-4.0652e-14
-4.0652e-14
-4.0652e-14
-4.0652e-14
-1.94354e-11
-1.93342e-11
-1.92645e-11
-1.92737e-11
-1.9294e-11
-1.94282e-11
-1.94776e-11
-1.97141e-11
-1.97032e-11
-2.00546e-11
-1.98584e-11
-2.03039e-11
-1.96079e-11
-1.99022e-11
-1.83204e-11
-1.75874e-11
-1.51667e-11
-1.10102e-11
-5.67289e-12
-4.59218e-12
-3.38047e-14
-4.0652e-14
-4.0652e-14
-4.0652e-14
-4.0652e-14
-4.0652e-14
-4.0652e-14
-4.0652e-14
-4.0652e-14
-4.0652e-14
-1.94589e-11
-1.93757e-11
-1.93264e-11
-1.93085e-11
-1.93296e-11
-1.94027e-11
-1.94791e-11
-1.96504e-11
-1.9729e-11
-2.00365e-11
-2.00102e-11
-2.05046e-11
-1.99311e-11
-2.03562e-11
-1.77649e-11
-1.71805e-11
-1.23465e-11
-6.19867e-12
-2.82681e-14
-4.0652e-14
-4.0652e-14
-4.0652e-14
-4.0652e-14
-4.0652e-14
-4.0652e-14
-4.0652e-14
-4.0652e-14
-4.0652e-14
-4.0652e-14
-4.0652e-14
-1.94726e-11
-1.94014e-11
-1.93671e-11
-1.9337e-11
-1.93638e-11
-1.93995e-11
-1.9501e-11
-1.96221e-11
-1.9789e-11
-2.00408e-11
-2.02372e-11
-2.07231e-11
-2.06783e-11
-2.13393e-11
-1.88845e-11
-1.82047e-11
-7.92786e-12
-2.8863e-14
-4.0652e-14
-4.0652e-14
-4.0652e-14
-4.0652e-14
-4.0652e-14
-4.0652e-14
-4.0652e-14
-4.0652e-14
-4.0652e-14
-4.0652e-14
-4.0652e-14
-4.0652e-14
-1.94791e-11
-1.94132e-11
-1.93878e-11
-1.93509e-11
-1.93861e-11
-1.9397e-11
-1.95247e-11
-1.95956e-11
-1.98488e-11
-1.99957e-11
-2.04351e-11
-2.06887e-11
-2.13793e-11
-2.16272e-11
-2.1927e-11
-1.94874e-11
-4.92589e-14
-4.06519e-14
-4.0652e-14
-4.0652e-14
-4.0652e-14
-4.0652e-14
-4.0652e-14
-4.0652e-14
-4.0652e-14
-4.0652e-14
-4.0652e-14
-4.0652e-14
-4.0652e-14
-4.0652e-14
)
;

boundaryField
{
    inlet1
    {
        type            calculated;
        value           uniform -5e-10;
    }
    inlet2
    {
        type            calculated;
        value           nonuniform List<scalar> 10(-4.04974e-10 -4.30243e-10 -9.75724e-10 -9.05398e-10 -1.96942e-10 -3.34686e-11 -2.45356e-11 -1.73823e-11 -1.61849e-11 -1.57154e-11);
    }
    inlet3
    {
        type            calculated;
        value           uniform -1.95111e-11;
    }
    output1
    {
        type            calculated;
        value           nonuniform List<scalar> 10(-4.0652e-14 -4.0652e-14 -4.0652e-14 -4.0652e-14 -4.0652e-14 -4.0652e-14 -4.0652e-14 -4.0652e-14 -4.0652e-14 -4.0652e-14);
    }
    output2
    {
        type            calculated;
        value           nonuniform List<scalar> 10(-4.0652e-14 -4.0652e-14 -4.0652e-14 -4.0652e-14 -2.80923e-14 -7.06375e-12 -1.24593e-11 -1.47902e-11 -1.28281e-11 -9.76998e-12);
    }
    output3
    {
        type            calculated;
        value           nonuniform List<scalar> 10(-1.88898e-11 -3.06021e-12 -4.69937e-12 -4.0652e-14 -4.0652e-14 -4.0652e-14 -4.0652e-14 -4.0652e-14 -4.0652e-14 -4.0652e-14);
    }
    up
    {
        type            calculated;
        value           nonuniform List<scalar> 
30
(
-1.94791e-11
-1.94132e-11
-1.93878e-11
-1.93509e-11
-1.93861e-11
-1.9397e-11
-1.95247e-11
-1.95956e-11
-1.98488e-11
-1.99957e-11
-2.04351e-11
-2.06887e-11
-2.13793e-11
-2.16272e-11
-2.1927e-11
-1.94874e-11
-4.92589e-14
-4.06519e-14
-4.0652e-14
-4.0652e-14
-4.0652e-14
-4.0652e-14
-4.0652e-14
-4.0652e-14
-4.0652e-14
-4.0652e-14
-4.0652e-14
-4.0652e-14
-4.0652e-14
-4.0652e-14
)
;
    }
    down
    {
        type            calculated;
        value           nonuniform List<scalar> 
30
(
-3.09818e-10
-8.90825e-11
-3.78485e-12
-5.04408e-13
-4.02169e-14
-4.0652e-14
-4.0652e-14
-4.0652e-14
-4.0652e-14
-4.0652e-14
-4.0652e-14
-4.0652e-14
-4.0652e-14
-4.0652e-14
-4.0652e-14
-4.0652e-14
-4.0652e-14
-4.0652e-14
-4.0652e-14
-4.0652e-14
-4.0652e-14
-4.0652e-14
-4.0652e-14
-4.0652e-14
-4.0652e-14
-4.0652e-14
-4.0652e-14
-4.0652e-14
-4.0652e-14
-4.0652e-14
)
;
    }
    emptyWalls
    {
        type            empty;
    }
}


// ************************************************************************* //
