/*--------------------------------*- C++ -*----------------------------------*\
  =========                 |
  \\      /  F ield         | OpenFOAM: The Open Source CFD Toolbox
   \\    /   O peration     | Website:  https://openfoam.org
    \\  /    A nd           | Version:  9
     \\/     M anipulation  |
\*---------------------------------------------------------------------------*/
FoamFile
{
    format      ascii;
    class       volScalarField;
    location    "18000";
    object      fw;
}
// * * * * * * * * * * * * * * * * * * * * * * * * * * * * * * * * * * * * * //

dimensions      [0 0 0 0 0 0 0];

internalField   nonuniform List<scalar> 
900
(
0.999968
0.995921
0.44203
0.0485338
7.1748e-09
4.7991e-09
4.7991e-09
4.7991e-09
4.7991e-09
4.7991e-09
4.7991e-09
4.7991e-09
4.7991e-09
4.7991e-09
4.7991e-09
4.7991e-09
4.7991e-09
4.7991e-09
4.7991e-09
4.7991e-09
4.7991e-09
4.7991e-09
4.7991e-09
4.7991e-09
4.7991e-09
4.7991e-09
4.7991e-09
4.7991e-09
4.7991e-09
4.7991e-09
0.997026
0.871745
0.764705
0.876794
1.51075e-07
4.7991e-09
4.7991e-09
4.7991e-09
4.7991e-09
4.7991e-09
4.7991e-09
4.7991e-09
4.7991e-09
4.7991e-09
4.7991e-09
4.7991e-09
4.7991e-09
4.7991e-09
4.7991e-09
4.7991e-09
4.7991e-09
4.7991e-09
4.7991e-09
4.7991e-09
4.7991e-09
4.7991e-09
4.7991e-09
4.7991e-09
4.7991e-09
4.7991e-09
0.999222
0.930648
0.956052
0.00435594
4.85518e-09
4.7991e-09
4.7991e-09
4.7991e-09
4.7991e-09
4.7991e-09
4.7991e-09
4.7991e-09
4.7991e-09
4.7991e-09
4.7991e-09
4.7991e-09
4.7991e-09
4.7991e-09
4.7991e-09
4.7991e-09
4.7991e-09
4.7991e-09
4.7991e-09
4.7991e-09
4.7991e-09
4.7991e-09
4.7991e-09
4.7991e-09
4.7991e-09
4.7991e-09
0.998317
0.959254
0.940176
0.000436131
4.80757e-09
4.7991e-09
4.7991e-09
4.7991e-09
4.7991e-09
4.7991e-09
4.7991e-09
4.7991e-09
4.7991e-09
4.7991e-09
4.7991e-09
4.7991e-09
4.7991e-09
4.7991e-09
4.7991e-09
4.7991e-09
4.7991e-09
4.7991e-09
4.7991e-09
4.7991e-09
4.7991e-09
4.7991e-09
4.7991e-09
4.7991e-09
4.7991e-09
4.7991e-09
0.999738
0.957448
0.845693
5.58577e-05
4.79988e-09
4.7991e-09
4.7991e-09
4.7991e-09
4.7991e-09
4.7991e-09
4.7991e-09
4.7991e-09
4.7991e-09
4.7991e-09
4.7991e-09
4.7991e-09
4.7991e-09
4.7991e-09
4.7991e-09
4.7991e-09
4.7991e-09
4.7991e-09
4.7991e-09
4.7991e-09
4.7991e-09
4.7991e-09
4.7991e-09
4.7991e-09
4.7991e-09
4.7991e-09
0.999444
0.967144
0.807665
1.39977e-06
4.79911e-09
4.7991e-09
4.7991e-09
4.7991e-09
4.7991e-09
4.7991e-09
4.7991e-09
4.7991e-09
4.7991e-09
4.7991e-09
4.7991e-09
4.7991e-09
4.7991e-09
4.7991e-09
4.7991e-09
4.7991e-09
4.7991e-09
4.7991e-09
4.7991e-09
4.7991e-09
4.7991e-09
4.7991e-09
4.7991e-09
4.7991e-09
4.7991e-09
4.7991e-09
0.999816
0.970164
0.740579
5.48113e-08
4.7991e-09
4.7991e-09
4.7991e-09
4.7991e-09
4.7991e-09
4.7991e-09
4.7991e-09
4.7991e-09
4.7991e-09
4.7991e-09
4.7991e-09
4.7991e-09
4.7991e-09
4.7991e-09
4.7991e-09
4.7991e-09
4.7991e-09
4.7991e-09
4.7991e-09
4.7991e-09
4.7991e-09
4.7991e-09
4.7991e-09
4.7991e-09
4.7991e-09
4.7991e-09
0.999604
0.970342
0.861981
1.00838e-08
4.7991e-09
4.7991e-09
4.7991e-09
4.7991e-09
4.7991e-09
4.7991e-09
4.7991e-09
4.7991e-09
4.7991e-09
4.7991e-09
4.7991e-09
4.7991e-09
4.7991e-09
4.7991e-09
4.7991e-09
4.7991e-09
4.7991e-09
4.7991e-09
4.7991e-09
4.7991e-09
4.7991e-09
4.7991e-09
4.7991e-09
4.7991e-09
4.7991e-09
4.7991e-09
0.999915
0.977215
0.0227229
4.82522e-09
4.7991e-09
4.7991e-09
4.7991e-09
4.7991e-09
4.7991e-09
4.7991e-09
4.7991e-09
4.7991e-09
4.7991e-09
4.7991e-09
4.7991e-09
4.7991e-09
4.7991e-09
4.7991e-09
4.7991e-09
4.7991e-09
4.7991e-09
4.7991e-09
4.7991e-09
4.7991e-09
4.7991e-09
4.7991e-09
4.7991e-09
4.7991e-09
4.7991e-09
4.7991e-09
0.99992
0.971997
0.000900534
4.80048e-09
4.7991e-09
4.7991e-09
4.7991e-09
4.7991e-09
4.7991e-09
4.7991e-09
4.7991e-09
4.7991e-09
4.7991e-09
4.7991e-09
4.7991e-09
4.7991e-09
4.7991e-09
4.7991e-09
4.7991e-09
4.7991e-09
4.7991e-09
4.7991e-09
4.7991e-09
4.7991e-09
4.7991e-09
4.7991e-09
4.7991e-09
4.7991e-09
4.7991e-09
4.79911e-09
0.999998
0.994074
0.599712
4.71966e-07
4.79917e-09
4.7991e-09
4.7991e-09
4.7991e-09
4.7991e-09
4.7991e-09
4.7991e-09
4.7991e-09
4.7991e-09
4.7991e-09
4.7991e-09
4.7991e-09
4.7991e-09
4.7991e-09
4.7991e-09
4.7991e-09
4.7991e-09
4.7991e-09
4.7991e-09
4.7991e-09
4.7991e-09
4.7991e-09
4.7991e-09
4.7991e-09
4.79909e-09
4.79909e-09
0.999999
0.98987
0.804021
0.653391
0.000241627
5.14703e-09
4.7991e-09
4.7991e-09
4.7991e-09
4.7991e-09
4.7991e-09
4.7991e-09
4.7991e-09
4.7991e-09
4.7991e-09
4.7991e-09
4.7991e-09
4.7991e-09
4.7991e-09
4.7991e-09
4.7991e-09
4.7991e-09
4.7991e-09
4.7991e-09
4.7991e-09
4.7991e-09
4.7991e-09
4.7991e-09
4.7991e-09
4.7991e-09
1.00003
0.998883
0.850316
0.580987
0.301915
0.181685
2.15442e-06
4.80005e-09
4.80025e-09
4.80028e-09
4.80023e-09
4.80007e-09
4.7991e-09
4.7991e-09
4.7991e-09
4.7991e-09
4.7991e-09
4.7991e-09
4.7991e-09
4.7991e-09
4.7991e-09
4.7991e-09
4.7991e-09
4.7991e-09
4.7991e-09
4.7991e-09
4.7991e-09
4.7991e-09
4.7991e-09
4.7991e-09
1.00003
0.999991
0.998845
0.991874
0.969099
0.93166
0.891344
0.862892
0.874215
0.851736
0.896823
0.0276282
5.38617e-09
6.8634e-09
8.46002e-09
7.90151e-09
6.58159e-09
5.14752e-09
4.7999e-09
4.79987e-09
4.79987e-09
4.79987e-09
4.79915e-09
4.79935e-09
4.88174e-09
4.86541e-09
4.7991e-09
4.7991e-09
4.7991e-09
4.7991e-09
0.999663
0.998383
0.997512
0.989763
0.981452
0.961372
0.958011
0.938818
0.950021
0.924042
0.932714
0.815234
0.752475
0.745628
0.745227
0.741314
0.74245
0.734315
0.756673
0.725676
0.794378
0.0828788
0.00134395
0.0144174
0.0878667
0.130512
0.0946216
0.0308261
0.00336476
2.03305e-05
0.965953
0.957011
0.954177
0.932129
0.928239
0.913645
0.912465
0.900528
0.898969
0.882908
0.880081
0.883694
0.862488
0.849497
0.847242
0.842065
0.846656
0.838213
0.849608
0.816359
0.806544
0.665696
0.604401
0.619929
0.645271
0.657305
0.658048
0.651982
0.659902
0.667365
0.940672
0.919501
0.906207
0.8985
0.892416
0.887883
0.882953
0.876719
0.866756
0.861658
0.854894
0.868573
0.865826
0.858721
0.855541
0.854032
0.85551
0.853211
0.850417
0.835013
0.819811
0.809264
0.795108
0.78925
0.790048
0.794198
0.801201
0.810608
0.824026
0.831392
0.896072
0.885246
0.885985
0.891025
0.894423
0.89574
0.893917
0.890339
0.884552
0.880477
0.877544
0.878958
0.878998
0.877319
0.876923
0.877834
0.879012
0.878566
0.875157
0.870492
0.864781
0.866356
0.864411
0.861762
0.85989
0.861475
0.861124
0.862242
0.861894
0.867614
0.884146
0.883449
0.897086
0.908624
0.915508
0.918382
0.918543
0.917061
0.91487
0.913045
0.911994
0.911647
0.911929
0.911943
0.912036
0.911933
0.911373
0.90986
0.907639
0.905875
0.904921
0.905521
0.904187
0.902099
0.898252
0.89601
0.888512
0.879291
0.854355
0.838003
0.87893
0.907217
0.925946
0.933752
0.936332
0.936234
0.93506
0.933224
0.931452
0.929785
0.928589
0.927464
0.926702
0.925485
0.923939
0.921483
0.918858
0.915729
0.913575
0.911801
0.911418
0.909984
0.908149
0.903778
0.898706
0.891579
0.881583
0.869269
0.81964
0.769034
0.932522
0.950478
0.950188
0.944927
0.939424
0.934587
0.930908
0.927754
0.925439
0.923292
0.921669
0.919903
0.91833
0.916219
0.913875
0.910933
0.908349
0.905918
0.904666
0.903324
0.902419
0.899141
0.895657
0.887456
0.881487
0.865747
0.860395
0.831777
0.876809
0.908728
0.905182
0.896429
0.895677
0.897471
0.900164
0.902644
0.905278
0.907003
0.908896
0.909851
0.911087
0.911385
0.911793
0.91118
0.910444
0.90886
0.907329
0.905031
0.902535
0.898609
0.892761
0.885174
0.874128
0.861919
0.843322
0.832121
0.802244
0.783462
0.7352
0.368626
0.910535
0.914494
0.921884
0.927702
0.931001
0.932382
0.932881
0.932449
0.931939
0.930517
0.92911
0.926511
0.923811
0.919897
0.915943
0.911226
0.906491
0.900148
0.893061
0.88038
0.865087
0.843491
0.824091
0.79376
0.764328
0.736404
0.681146
0.636224
0.473665
0.520834
0.911983
0.910258
0.909184
0.908936
0.908374
0.908085
0.907357
0.906939
0.906187
0.905387
0.904284
0.902795
0.901376
0.899711
0.898106
0.896308
0.892077
0.886126
0.87282
0.8467
0.811681
0.76393
0.726473
0.673153
0.640065
0.515448
0.462158
0.467518
2.26026e-05
4.7991e-09
0.912167
0.910809
0.910592
0.912058
0.91367
0.915973
0.91723
0.919098
0.919558
0.920804
0.920326
0.920519
0.91869
0.916851
0.912688
0.907089
0.896704
0.884144
0.850753
0.793846
0.717948
0.618419
0.498678
0.453037
0.515485
0.000146474
4.79919e-09
4.7991e-09
4.7991e-09
4.7991e-09
0.91251
0.911576
0.911021
0.91141
0.911676
0.912853
0.912925
0.914304
0.913576
0.914945
0.912734
0.913364
0.90834
0.906505
0.898183
0.890256
0.875473
0.849408
0.768807
0.663982
0.492597
0.366179
6.14649e-08
4.7991e-09
4.7991e-09
4.7991e-09
4.7991e-09
4.7991e-09
4.7991e-09
4.7991e-09
0.912767
0.912038
0.91153
0.911598
0.911745
0.912716
0.913069
0.914732
0.914657
0.917048
0.915725
0.918687
0.913991
0.916023
0.904222
0.897937
0.872395
0.801288
0.589896
0.512342
7.52595e-07
4.7991e-09
4.7991e-09
4.7991e-09
4.7991e-09
4.7991e-09
4.7991e-09
4.7991e-09
4.7991e-09
4.7991e-09
0.912936
0.912338
0.911981
0.911851
0.912005
0.912533
0.91308
0.914289
0.914836
0.916928
0.916751
0.919973
0.916219
0.919025
0.899511
0.894189
0.829291
0.621794
1.8216e-05
4.79911e-09
4.7991e-09
4.7991e-09
4.7991e-09
4.7991e-09
4.7991e-09
4.7991e-09
4.7991e-09
4.7991e-09
4.7991e-09
4.7991e-09
0.913034
0.912523
0.912276
0.912058
0.912252
0.91251
0.913235
0.914091
0.91525
0.916956
0.918253
0.921341
0.921063
0.925022
0.908688
0.903267
0.705674
1.27474e-05
4.7991e-09
4.7991e-09
4.7991e-09
4.7991e-09
4.7991e-09
4.7991e-09
4.7991e-09
4.7991e-09
4.7991e-09
4.7991e-09
4.7991e-09
4.7991e-09
0.91308
0.912608
0.912425
0.912159
0.912413
0.912492
0.913404
0.913905
0.915659
0.916654
0.919531
0.921128
0.925252
0.926658
0.928308
0.913139
0.00185799
4.79974e-09
4.7991e-09
4.7991e-09
4.7991e-09
4.7991e-09
4.7991e-09
4.7991e-09
4.7991e-09
4.7991e-09
4.7991e-09
4.7991e-09
4.7991e-09
4.7991e-09
)
;

boundaryField
{
    inlet1
    {
        type            calculated;
        value           uniform 1;
    }
    inlet2
    {
        type            calculated;
        value           nonuniform List<scalar> 10(0.999998 0.999999 1.00003 1.00003 0.999663 0.965953 0.940672 0.896072 0.884146 0.87893);
    }
    inlet3
    {
        type            calculated;
        value           uniform 0.913307;
    }
    output1
    {
        type            calculated;
        value           nonuniform List<scalar> 10(4.7991e-09 4.7991e-09 4.7991e-09 4.7991e-09 4.7991e-09 4.7991e-09 4.7991e-09 4.7991e-09 4.7991e-09 4.79911e-09);
    }
    output2
    {
        type            calculated;
        value           nonuniform List<scalar> 10(4.79909e-09 4.7991e-09 4.7991e-09 4.7991e-09 2.03305e-05 0.667365 0.831392 0.867614 0.838003 0.769034);
    }
    output3
    {
        type            calculated;
        value           nonuniform List<scalar> 10(0.908728 0.368626 0.520834 4.7991e-09 4.7991e-09 4.7991e-09 4.7991e-09 4.7991e-09 4.7991e-09 4.7991e-09);
    }
    up
    {
        type            calculated;
        value           nonuniform List<scalar> 
30
(
0.91308
0.912608
0.912425
0.912159
0.912413
0.912492
0.913404
0.913905
0.915659
0.916654
0.919531
0.921128
0.925252
0.926658
0.928308
0.913139
0.00185799
4.79974e-09
4.7991e-09
4.7991e-09
4.7991e-09
4.7991e-09
4.7991e-09
4.7991e-09
4.7991e-09
4.7991e-09
4.7991e-09
4.7991e-09
4.7991e-09
4.7991e-09
)
;
    }
    down
    {
        type            calculated;
        value           nonuniform List<scalar> 
30
(
0.999968
0.995921
0.44203
0.0485338
7.1748e-09
4.7991e-09
4.7991e-09
4.7991e-09
4.7991e-09
4.7991e-09
4.7991e-09
4.7991e-09
4.7991e-09
4.7991e-09
4.7991e-09
4.7991e-09
4.7991e-09
4.7991e-09
4.7991e-09
4.7991e-09
4.7991e-09
4.7991e-09
4.7991e-09
4.7991e-09
4.7991e-09
4.7991e-09
4.7991e-09
4.7991e-09
4.7991e-09
4.7991e-09
)
;
    }
    emptyWalls
    {
        type            empty;
    }
}


// ************************************************************************* //
