/*--------------------------------*- C++ -*----------------------------------*\
  =========                 |
  \\      /  F ield         | OpenFOAM: The Open Source CFD Toolbox
   \\    /   O peration     | Website:  https://openfoam.org
    \\  /    A nd           | Version:  9
     \\/     M anipulation  |
\*---------------------------------------------------------------------------*/
FoamFile
{
    format      ascii;
    class       volScalarField;
    location    "18000";
    object      p;
}
// * * * * * * * * * * * * * * * * * * * * * * * * * * * * * * * * * * * * * //

dimensions      [0 0 0 0 0 0 0];

internalField   nonuniform List<scalar> 
900
(
1.68006e+07
1.6799e+07
1.67967e+07
1.67833e+07
1.67233e+07
1.62679e+07
1.58302e+07
1.54077e+07
1.49943e+07
1.45849e+07
1.41761e+07
1.37657e+07
1.33525e+07
1.29359e+07
1.25163e+07
1.20941e+07
1.16706e+07
1.12475e+07
1.08271e+07
1.04122e+07
1.00065e+07
9.61417e+06
9.24036e+06
8.89088e+06
8.57221e+06
8.2913e+06
8.05528e+06
7.87096e+06
7.74431e+06
7.67978e+06
1.67973e+07
1.67949e+07
1.67852e+07
1.67817e+07
1.67778e+07
1.62525e+07
1.58151e+07
1.53986e+07
1.49902e+07
1.45843e+07
1.41776e+07
1.37685e+07
1.33557e+07
1.29391e+07
1.25188e+07
1.20954e+07
1.16702e+07
1.12448e+07
1.08215e+07
1.04031e+07
9.99305e+06
9.59567e+06
9.21604e+06
8.86008e+06
8.53445e+06
8.24643e+06
8.00358e+06
7.8133e+06
7.68219e+06
7.61526e+06
1.67854e+07
1.67822e+07
1.67774e+07
1.67783e+07
1.65691e+07
1.61774e+07
1.5779e+07
1.53814e+07
1.49837e+07
1.45844e+07
1.41818e+07
1.37748e+07
1.3363e+07
1.2946e+07
1.25243e+07
1.20985e+07
1.16699e+07
1.12401e+07
1.08111e+07
1.03856e+07
9.96697e+06
9.55943e+06
9.16807e+06
8.79894e+06
8.45908e+06
8.15638e+06
7.89931e+06
7.69648e+06
7.55588e+06
7.48381e+06
1.67693e+07
1.67673e+07
1.67665e+07
1.67656e+07
1.64488e+07
1.61088e+07
1.57423e+07
1.53642e+07
1.4979e+07
1.45877e+07
1.41902e+07
1.37861e+07
1.33752e+07
1.29577e+07
1.25338e+07
1.21046e+07
1.1671e+07
1.12345e+07
1.07971e+07
1.03612e+07
9.92982e+06
9.50703e+06
9.09786e+06
8.70854e+06
8.34657e+06
8.02069e+06
7.7408e+06
7.51745e+06
7.36105e+06
7.28029e+06
1.67507e+07
1.67496e+07
1.67505e+07
1.67487e+07
1.63944e+07
1.60667e+07
1.57173e+07
1.5354e+07
1.49802e+07
1.45972e+07
1.42053e+07
1.38043e+07
1.33942e+07
1.29755e+07
1.25488e+07
1.21149e+07
1.16749e+07
1.12299e+07
1.07817e+07
1.03322e+07
9.88409e+06
9.44101e+06
9.00781e+06
8.59081e+06
8.19796e+06
7.83904e+06
7.52573e+06
7.27148e+06
7.09057e+06
6.99601e+06
1.67299e+07
1.67284e+07
1.67286e+07
1.67263e+07
1.63738e+07
1.60463e+07
1.57063e+07
1.53542e+07
1.49907e+07
1.46158e+07
1.42294e+07
1.38314e+07
1.34219e+07
1.30015e+07
1.2571e+07
1.21314e+07
1.16836e+07
1.12287e+07
1.07676e+07
1.03019e+07
9.83334e+06
9.3651e+06
8.90156e+06
8.44892e+06
8.01542e+06
7.61176e+06
7.25162e+06
6.95217e+06
6.73375e+06
6.61718e+06
1.67058e+07
1.67046e+07
1.67035e+07
1.67006e+07
1.63626e+07
1.60384e+07
1.57074e+07
1.5366e+07
1.50124e+07
1.46458e+07
1.42652e+07
1.387e+07
1.34605e+07
1.30375e+07
1.26022e+07
1.2156e+07
1.16995e+07
1.12335e+07
1.07583e+07
1.02742e+07
9.78231e+06
9.28449e+06
8.78443e+06
8.28789e+06
7.80306e+06
7.34097e+06
6.91682e+06
6.55183e+06
6.27508e+06
6.12178e+06
1.66785e+07
1.66779e+07
1.66809e+07
1.66787e+07
1.63498e+07
1.60371e+07
1.5719e+07
1.53899e+07
1.50473e+07
1.46898e+07
1.43155e+07
1.39231e+07
1.35126e+07
1.30857e+07
1.26445e+07
1.21907e+07
1.17251e+07
1.12476e+07
1.07577e+07
1.02545e+07
9.73718e+06
9.20614e+06
8.66376e+06
8.11517e+06
7.56794e+06
7.03226e+06
6.52285e+06
6.06327e+06
5.69295e+06
5.47307e+06
1.66493e+07
1.66496e+07
1.66572e+07
1.65914e+07
1.63242e+07
1.60411e+07
1.57418e+07
1.54271e+07
1.50972e+07
1.47505e+07
1.43839e+07
1.39942e+07
1.35811e+07
1.31482e+07
1.26995e+07
1.22373e+07
1.17624e+07
1.12741e+07
1.07705e+07
1.02488e+07
9.7058e+06
9.13912e+06
8.54932e+06
7.9411e+06
7.32126e+06
6.6973e+06
6.07904e+06
5.48545e+06
4.96042e+06
4.60446e+06
1.66206e+07
1.66189e+07
1.66149e+07
1.65162e+07
1.63143e+07
1.60615e+07
1.57797e+07
1.54796e+07
1.5164e+07
1.48311e+07
1.44753e+07
1.40887e+07
1.36694e+07
1.32266e+07
1.27679e+07
1.22967e+07
1.18132e+07
1.13158e+07
1.08013e+07
1.02644e+07
9.69811e+06
9.09522e+06
8.45331e+06
7.77863e+06
7.0787e+06
6.35663e+06
5.61058e+06
4.83908e+06
4.0588e+06
3.3799e+06
1.65956e+07
1.65945e+07
1.65886e+07
1.65525e+07
1.63554e+07
1.61109e+07
1.58361e+07
1.55475e+07
1.52481e+07
1.49346e+07
1.45974e+07
1.4216e+07
1.3781e+07
1.33209e+07
1.2849e+07
1.23683e+07
1.18778e+07
1.13747e+07
1.08546e+07
1.03094e+07
9.72702e+06
9.09037e+06
8.39006e+06
7.64143e+06
6.85829e+06
6.03995e+06
5.16753e+06
4.20154e+06
3.05579e+06
1.47645e+06
1.6576e+07
1.65744e+07
1.6563e+07
1.65241e+07
1.64787e+07
1.61908e+07
1.59063e+07
1.56261e+07
1.53463e+07
1.50619e+07
1.47637e+07
1.4397e+07
1.39177e+07
1.3427e+07
1.29388e+07
1.24496e+07
1.1955e+07
1.14508e+07
1.09327e+07
1.03918e+07
9.81015e+06
9.14917e+06
8.37514e+06
7.53873e+06
6.67309e+06
5.77736e+06
4.81805e+06
3.74377e+06
2.48635e+06
946564
1.6565e+07
1.65606e+07
1.65408e+07
1.64769e+07
1.63664e+07
1.61972e+07
1.59801e+07
1.57043e+07
1.54491e+07
1.5203e+07
1.49985e+07
1.46906e+07
1.40659e+07
1.35306e+07
1.30294e+07
1.25365e+07
1.20418e+07
1.15407e+07
1.10338e+07
1.05149e+07
9.97262e+06
9.32101e+06
8.42261e+06
7.46528e+06
6.51799e+06
5.57831e+06
4.58357e+06
3.46912e+06
2.1993e+06
770014
1.65594e+07
1.65513e+07
1.65252e+07
1.64642e+07
1.63535e+07
1.61836e+07
1.59616e+07
1.57048e+07
1.54496e+07
1.52036e+07
1.50001e+07
1.48275e+07
1.41249e+07
1.36003e+07
1.31126e+07
1.26257e+07
1.21353e+07
1.16365e+07
1.11469e+07
1.06613e+07
1.02444e+07
9.73963e+06
8.529e+06
7.38179e+06
6.35524e+06
5.43429e+06
4.46881e+06
3.34985e+06
2.0717e+06
704214
1.65593e+07
1.65472e+07
1.65136e+07
1.64472e+07
1.63289e+07
1.61577e+07
1.59397e+07
1.56932e+07
1.54388e+07
1.51811e+07
1.49196e+07
1.45963e+07
1.41025e+07
1.36006e+07
1.31133e+07
1.26265e+07
1.21363e+07
1.16373e+07
1.11479e+07
1.0662e+07
1.02471e+07
9.85102e+06
8.57116e+06
7.31097e+06
6.32985e+06
5.42747e+06
4.47228e+06
3.35814e+06
2.04336e+06
674823
1.65753e+07
1.65596e+07
1.65175e+07
1.64378e+07
1.63089e+07
1.6133e+07
1.59186e+07
1.5676e+07
1.54154e+07
1.51349e+07
1.48262e+07
1.4467e+07
1.40453e+07
1.3584e+07
1.31103e+07
1.26279e+07
1.21391e+07
1.16398e+07
1.11404e+07
1.06277e+07
1.00939e+07
9.41408e+06
8.44482e+06
7.4178e+06
6.4312e+06
5.44561e+06
4.40012e+06
3.24476e+06
1.98285e+06
666463
1.66559e+07
1.66274e+07
1.65632e+07
1.64601e+07
1.63137e+07
1.61278e+07
1.59085e+07
1.56614e+07
1.53893e+07
1.50905e+07
1.47598e+07
1.43965e+07
1.39987e+07
1.35656e+07
1.31084e+07
1.26346e+07
1.21475e+07
1.16453e+07
1.11254e+07
1.0571e+07
9.95575e+06
9.23494e+06
8.39135e+06
7.47188e+06
6.51417e+06
5.51463e+06
4.44648e+06
3.28291e+06
2.02126e+06
685673
1.67979e+07
1.67528e+07
1.666e+07
1.6525e+07
1.63532e+07
1.61493e+07
1.59173e+07
1.56596e+07
1.53765e+07
1.50672e+07
1.47305e+07
1.43675e+07
1.3978e+07
1.35604e+07
1.31175e+07
1.26531e+07
1.21685e+07
1.16609e+07
1.11227e+07
1.05407e+07
9.89757e+06
9.18201e+06
8.39173e+06
7.53299e+06
6.61528e+06
5.64087e+06
4.59369e+06
3.4471e+06
2.16687e+06
751115
1.70205e+07
1.69415e+07
1.68028e+07
1.66259e+07
1.64218e+07
1.61943e+07
1.5945e+07
1.56742e+07
1.53815e+07
1.50661e+07
1.4728e+07
1.43673e+07
1.39837e+07
1.35763e+07
1.31449e+07
1.26892e+07
1.22078e+07
1.16967e+07
1.11488e+07
1.05555e+07
9.90896e+06
9.20571e+06
8.44406e+06
7.62319e+06
6.74417e+06
5.80902e+06
4.80844e+06
3.71733e+06
2.46162e+06
930124
1.73347e+07
1.71779e+07
1.69721e+07
1.67472e+07
1.65083e+07
1.62555e+07
1.59877e+07
1.57037e+07
1.54026e+07
1.50834e+07
1.47455e+07
1.43885e+07
1.40114e+07
1.36131e+07
1.31915e+07
1.27443e+07
1.2268e+07
1.1758e+07
1.12088e+07
1.06152e+07
9.97374e+06
9.28223e+06
8.53987e+06
7.74514e+06
6.89891e+06
6.00157e+06
5.05224e+06
4.04349e+06
2.92879e+06
1.45351e+06
1.77356e+07
1.74198e+07
1.71435e+07
1.68745e+07
1.66033e+07
1.63263e+07
1.60408e+07
1.57448e+07
1.54367e+07
1.5115e+07
1.47787e+07
1.44267e+07
1.40573e+07
1.36685e+07
1.32574e+07
1.28202e+07
1.23526e+07
1.18498e+07
1.13069e+07
1.07198e+07
1.00861e+07
9.4045e+06
8.6758e+06
7.89975e+06
7.0798e+06
6.21588e+06
5.31312e+06
4.36119e+06
3.44224e+06
2.73514e+06
1.80497e+07
1.76515e+07
1.73124e+07
1.70021e+07
1.6702e+07
1.64035e+07
1.61024e+07
1.57958e+07
1.5482e+07
1.51592e+07
1.48259e+07
1.44803e+07
1.41203e+07
1.3743e+07
1.33448e+07
1.29215e+07
1.2468e+07
1.19788e+07
1.14486e+07
1.0872e+07
1.02457e+07
9.56993e+06
8.84807e+06
8.08494e+06
7.28298e+06
6.45274e+06
5.59912e+06
4.75618e+06
3.96441e+06
3.29964e+06
1.82876e+07
1.78633e+07
1.74841e+07
1.71369e+07
1.68081e+07
1.64884e+07
1.61721e+07
1.58558e+07
1.55371e+07
1.5214e+07
1.48847e+07
1.4547e+07
1.41982e+07
1.38349e+07
1.3453e+07
1.30479e+07
1.26135e+07
1.21438e+07
1.16312e+07
1.10676e+07
1.04478e+07
9.77096e+06
9.04768e+06
8.28964e+06
7.50874e+06
6.6997e+06
5.87759e+06
5.11729e+06
4.38788e+06
3.88825e+06
1.84732e+07
1.80373e+07
1.76347e+07
1.72611e+07
1.69089e+07
1.65709e+07
1.62415e+07
1.59169e+07
1.55944e+07
1.52721e+07
1.49479e+07
1.46195e+07
1.42841e+07
1.39382e+07
1.35769e+07
1.31953e+07
1.27856e+07
1.23411e+07
1.18507e+07
1.13031e+07
1.06897e+07
1.00075e+07
9.26588e+06
8.49798e+06
7.76452e+06
6.97145e+06
6.08821e+06
5.42799e+06
4.89911e+06
3.92095e+06
1.86183e+07
1.81764e+07
1.77611e+07
1.73711e+07
1.70023e+07
1.66501e+07
1.63098e+07
1.59784e+07
1.56532e+07
1.53327e+07
1.50146e+07
1.46976e+07
1.43784e+07
1.40537e+07
1.37179e+07
1.33648e+07
1.29848e+07
1.2569e+07
1.21019e+07
1.15719e+07
1.09664e+07
1.02874e+07
9.50675e+06
8.65716e+06
8.02612e+06
7.48903e+06
6.11093e+06
5.454e+06
5.34098e+06
5.00231e+06
1.87311e+07
1.82857e+07
1.78633e+07
1.74632e+07
1.70831e+07
1.67204e+07
1.63718e+07
1.60351e+07
1.5708e+07
1.53896e+07
1.50782e+07
1.47732e+07
1.44715e+07
1.41709e+07
1.38644e+07
1.35452e+07
1.32011e+07
1.28164e+07
1.23673e+07
1.18572e+07
1.12642e+07
1.06019e+07
9.93991e+06
8.67636e+06
8.03373e+06
7.51169e+06
6.75826e+06
6.22253e+06
5.93936e+06
5.74498e+06
1.88167e+07
1.83692e+07
1.79426e+07
1.75362e+07
1.71489e+07
1.67791e+07
1.64246e+07
1.60841e+07
1.57558e+07
1.54397e+07
1.51346e+07
1.48416e+07
1.45583e+07
1.42843e+07
1.40119e+07
1.37344e+07
1.34351e+07
1.30883e+07
1.26457e+07
1.21361e+07
1.17011e+07
1.06115e+07
9.88547e+06
9.03449e+06
8.35047e+06
7.76181e+06
7.18788e+06
6.7385e+06
6.44895e+06
6.29328e+06
1.88786e+07
1.84298e+07
1.80006e+07
1.75905e+07
1.71987e+07
1.68243e+07
1.64659e+07
1.61228e+07
1.57939e+07
1.54797e+07
1.51799e+07
1.4897e+07
1.46304e+07
1.43826e+07
1.41465e+07
1.39167e+07
1.36691e+07
1.33773e+07
1.30218e+07
1.21384e+07
1.14968e+07
1.07e+07
9.95807e+06
9.22566e+06
8.57185e+06
7.99721e+06
7.49294e+06
7.09463e+06
6.82464e+06
6.68592e+06
1.89188e+07
1.84693e+07
1.80386e+07
1.76263e+07
1.7232e+07
1.68549e+07
1.64942e+07
1.61495e+07
1.58203e+07
1.55074e+07
1.52114e+07
1.49353e+07
1.46811e+07
1.44539e+07
1.42524e+07
1.40756e+07
1.38929e+07
1.36622e+07
1.28992e+07
1.21675e+07
1.14647e+07
1.07338e+07
1.00211e+07
9.33825e+06
8.71406e+06
8.16222e+06
7.69205e+06
7.32245e+06
7.06904e+06
6.93983e+06
1.89387e+07
1.84888e+07
1.80574e+07
1.76441e+07
1.72486e+07
1.68703e+07
1.65086e+07
1.61631e+07
1.58339e+07
1.55215e+07
1.52276e+07
1.49546e+07
1.47067e+07
1.44894e+07
1.43098e+07
1.41774e+07
1.40931e+07
1.35572e+07
1.28747e+07
1.21676e+07
1.14606e+07
1.07496e+07
1.00543e+07
9.39215e+06
8.78393e+06
8.24558e+06
7.79057e+06
7.43408e+06
7.18922e+06
7.06452e+06
)
;

boundaryField
{
    inlet1
    {
        type            fixedGradient;
        gradient        uniform 20000;
    }
    inlet2
    {
        type            zeroGradient;
    }
    inlet3
    {
        type            fixedGradient;
        gradient        uniform 4.68141e+06;
    }
    output1
    {
        type            zeroGradient;
    }
    output2
    {
        type            fixedValue;
        value           uniform 0;
    }
    output3
    {
        type            zeroGradient;
    }
    up
    {
        type            zeroGradient;
    }
    down
    {
        type            zeroGradient;
    }
    emptyWalls
    {
        type            empty;
    }
}


// ************************************************************************* //
