/*--------------------------------*- C++ -*----------------------------------*\
  =========                 |
  \\      /  F ield         | OpenFOAM: The Open Source CFD Toolbox
   \\    /   O peration     | Website:  https://openfoam.org
    \\  /    A nd           | Version:  9
     \\/     M anipulation  |
\*---------------------------------------------------------------------------*/
FoamFile
{
    format      ascii;
    class       surfaceScalarField;
    location    "18000";
    object      phi;
}
// * * * * * * * * * * * * * * * * * * * * * * * * * * * * * * * * * * * * * //

dimensions      [0 3 -1 0 0 0 0];

internalField   nonuniform List<scalar> 
1740
(
3.66549e-08
6.39226e-08
1.01702e-08
1.55527e-08
2.41785e-09
5.75039e-09
1.44436e-09
1.95802e-09
1.42582e-09
8.51442e-11
1.78182e-09
1.07569e-10
1.72378e-09
6.73724e-11
1.68583e-09
3.59744e-11
1.66778e-09
1.4804e-11
1.6641e-09
1.10165e-12
1.66959e-09
-7.41802e-12
1.68028e-09
-1.21827e-11
1.69307e-09
-1.40305e-11
1.70541e-09
-1.3447e-11
1.71505e-09
-1.06949e-11
1.71985e-09
-5.87453e-12
1.71766e-09
1.04955e-12
1.70616e-09
1.02287e-11
1.68287e-09
2.18991e-11
1.64502e-09
3.63351e-11
1.58964e-09
5.37906e-11
1.51367e-09
7.44218e-11
1.41412e-09
9.81871e-11
1.2884e-09
1.24746e-10
1.13471e-09
1.5335e-10
9.52547e-10
1.82738e-10
7.43232e-10
2.11062e-10
5.10339e-10
2.35926e-10
2.59878e-10
2.54638e-10
2.64741e-10
1.57346e-08
1.48375e-07
7.7486e-09
2.17896e-08
6.05951e-09
1.8294e-08
3.36501e-09
1.97109e-09
1.45879e-09
4.74229e-10
1.84623e-09
2.38053e-10
1.70617e-09
1.25951e-10
1.66593e-09
6.17249e-11
1.65342e-09
2.21429e-11
1.65492e-09
-2.97763e-12
1.6644e-09
-1.85909e-11
1.67818e-09
-2.72842e-11
1.69351e-09
-3.04966e-11
1.70811e-09
-2.90673e-11
1.71989e-09
-2.34631e-11
1.72685e-09
-1.38575e-11
1.72695e-09
-1.58685e-13
1.71796e-09
1.79641e-11
1.69742e-09
4.10258e-11
1.66254e-09
6.96444e-11
1.61024e-09
1.04405e-10
1.53725e-09
1.4571e-10
1.44029e-09
1.93579e-10
1.31636e-09
2.47444e-10
1.16318e-09
3.05916e-10
9.79707e-10
3.66541e-10
7.66815e-10
4.25583e-10
5.27902e-10
4.77999e-10
2.69289e-10
5.17874e-10
5.39597e-10
2.47358e-08
2.16952e-07
7.38099e-09
4.02145e-08
3.31547e-09
3.00214e-08
1.03564e-09
5.47826e-11
1.41349e-09
5.11893e-10
1.61192e-09
2.58536e-10
1.61723e-09
1.36656e-10
1.61829e-09
6.28314e-11
1.62505e-09
1.50192e-11
1.63777e-09
-1.65665e-11
1.65489e-09
-3.66877e-11
1.67451e-09
-4.7872e-11
1.6947e-09
-5.16104e-11
1.71362e-09
-4.88672e-11
1.72953e-09
-4.02345e-11
1.7407e-09
-2.59335e-11
1.74532e-09
-5.78947e-12
1.74132e-09
2.07616e-11
1.72632e-09
5.46001e-11
1.69748e-09
9.68138e-11
1.65153e-09
1.48482e-10
1.5848e-09
2.10441e-10
1.49343e-09
2.82982e-10
1.37359e-09
3.65535e-10
1.22194e-09
4.56325e-10
1.03629e-09
5.51926e-10
8.16413e-10
6.46732e-10
5.65165e-10
7.32607e-10
2.89385e-10
7.99269e-10
8.36184e-10
1.45535e-08
3.13198e-07
3.14818e-09
5.35655e-08
1.25212e-09
2.89805e-08
9.03112e-10
4.82697e-11
1.38543e-09
2.53767e-10
1.47471e-09
1.75966e-10
1.53259e-09
9.93039e-11
1.56495e-09
3.79222e-11
1.59072e-09
-8.33556e-12
1.61621e-09
-4.16253e-11
1.64288e-09
-6.37278e-11
1.67026e-09
-7.59117e-11
1.69714e-09
-7.921e-11
1.72214e-09
-7.45586e-11
1.74392e-09
-6.26742e-11
1.76112e-09
-4.38506e-11
1.77229e-09
-1.7823e-11
1.77567e-09
1.62708e-11
1.76904e-09
5.9807e-11
1.74953e-09
1.14533e-10
1.7136e-09
1.82278e-10
1.65702e-09
2.646e-10
1.57504e-09
3.62371e-10
1.4626e-09
4.75383e-10
1.31471e-09
6.01922e-10
1.12709e-09
7.3811e-10
8.97384e-10
8.76816e-10
6.26965e-10
1.00643e-09
3.23102e-10
1.11042e-09
1.16968e-09
1.61181e-08
4.00345e-07
4.13792e-10
6.71654e-08
5.41762e-10
2.58512e-08
9.31467e-10
6.57399e-11
1.38117e-09
1.08443e-10
1.4124e-09
9.23139e-11
1.47347e-09
4.66687e-11
1.51823e-09
-2.11533e-12
1.55665e-09
-4.46637e-11
1.59347e-09
-7.78767e-11
1.63017e-09
-1.00691e-10
1.6665e-09
-1.12841e-10
1.70145e-09
-1.14761e-10
1.7339e-09
-1.07484e-10
1.76288e-09
-9.20541e-11
1.78757e-09
-6.89753e-11
1.80705e-09
-3.79207e-11
1.82005e-09
2.33369e-12
1.82464e-09
5.38309e-11
1.818e-09
1.19236e-10
1.7963e-09
2.01499e-10
1.75463e-09
3.0331e-10
1.68711e-09
4.26521e-10
1.58708e-09
5.71705e-10
1.44721e-09
7.3788e-10
1.25999e-09
9.21778e-10
1.01906e-09
1.11599e-09
7.22215e-10
1.30587e-09
3.76065e-10
1.46631e-09
1.5624e-09
1.61321e-08
4.85253e-07
1.71579e-09
8.36444e-08
8.97419e-10
2.38296e-08
9.81535e-10
8.42898e-11
1.36941e-09
5.6698e-11
1.38172e-09
3.81833e-11
1.43066e-09
-2.832e-12
1.47783e-09
-4.83938e-11
1.52418e-09
-9.03317e-11
1.57083e-09
-1.2453e-10
1.61783e-09
-1.48322e-10
1.66413e-09
-1.6e-10
1.70827e-09
-1.59511e-10
1.74911e-09
-1.48562e-10
1.78613e-09
-1.29083e-10
1.81923e-09
-1.02077e-10
1.84831e-09
-6.72168e-11
1.87284e-09
-2.28471e-11
1.89145e-09
3.39439e-11
1.90154e-09
1.0709e-10
1.89898e-09
2.01173e-10
1.87807e-09
3.20622e-10
1.8317e-09
4.68702e-10
1.75139e-09
6.47042e-10
1.62706e-09
8.56122e-10
1.4466e-09
1.09513e-09
1.19666e-09
1.35949e-09
8.66767e-10
1.63476e-09
4.58925e-10
1.88655e-09
2.05124e-09
1.98019e-08
5.57963e-07
2.88666e-09
9.4767e-08
1.21691e-09
2.72256e-08
9.94641e-10
1.53587e-10
1.33887e-09
6.34846e-11
1.34918e-09
6.55037e-12
1.38963e-09
-4.77911e-11
1.43826e-09
-9.83013e-11
1.4914e-09
-1.43742e-10
1.54785e-09
-1.81593e-10
1.60619e-09
-2.08065e-10
1.66392e-09
-2.19325e-10
1.71838e-09
-2.14719e-10
1.76814e-09
-1.98166e-10
1.81331e-09
-1.73634e-10
1.85491e-09
-1.43029e-10
1.8941e-09
-1.06029e-10
1.93154e-09
-6.04368e-11
1.96679e-09
-2.30368e-12
1.99773e-09
7.40077e-11
2.02001e-09
1.75488e-10
2.02699e-09
3.093e-10
2.01021e-09
4.80618e-10
1.95972e-09
6.91643e-10
1.86304e-09
9.44436e-10
1.70269e-09
1.24311e-09
1.45421e-09
1.59208e-09
1.08927e-09
1.98715e-09
5.9286e-10
2.39385e-09
2.70481e-09
9.87312e-09
6.4948e-07
-2.40886e-09
1.10393e-07
6.97313e-11
1.71103e-08
9.81752e-10
2.73791e-10
1.29311e-09
7.51243e-11
1.29883e-09
-2.76786e-11
1.34042e-09
-9.65847e-11
1.39416e-09
-1.53281e-10
1.4553e-09
-2.04742e-10
1.52299e-09
-2.50036e-10
1.59516e-09
-2.83019e-10
1.66697e-09
-2.9451e-10
1.7332e-09
-2.81868e-10
1.79177e-09
-2.5574e-10
1.84405e-09
-2.24258e-10
1.89299e-09
-1.90368e-10
1.94165e-09
-1.53445e-10
1.99244e-09
-1.10564e-10
2.04646e-09
-5.67266e-11
2.10258e-09
1.57497e-11
2.15633e-09
1.17463e-10
2.19966e-09
2.60465e-10
2.22244e-09
4.52824e-10
2.21425e-09
6.94476e-10
2.16268e-09
9.86866e-10
2.04691e-09
1.34081e-09
1.82821e-09
1.77858e-09
1.44325e-09
2.32791e-09
8.23293e-10
2.99688e-09
3.66934e-09
3.17259e-09
7.42204e-07
-7.67931e-09
1.12013e-07
7.40051e-10
5.17034e-10
8.97647e-10
2.04597e-10
1.15117e-09
4.30157e-12
1.21595e-09
-9.58057e-11
1.27907e-09
-1.57588e-10
1.34268e-09
-2.13498e-10
1.41266e-09
-2.71907e-10
1.49364e-09
-3.30787e-10
1.58448e-09
-3.7946e-10
1.67559e-09
-3.93823e-10
1.75569e-09
-3.62496e-10
1.8217e-09
-3.18667e-10
1.87813e-09
-2.7729e-10
1.93134e-09
-2.40743e-10
1.98708e-09
-2.06813e-10
2.05011e-09
-1.71662e-10
2.12402e-09
-1.29794e-10
2.20978e-09
-7.17559e-11
2.30308e-09
1.81364e-11
2.39288e-09
1.62267e-10
2.46563e-09
3.7574e-10
2.51215e-09
6.46577e-10
2.52653e-09
9.67723e-10
2.49406e-09
1.35471e-09
2.36846e-09
1.85352e-09
2.03221e-09
2.54899e-09
1.25711e-09
3.59647e-09
5.30629e-09
2.97546e-08
8.10086e-07
5.34775e-09
1.36356e-07
3.97884e-10
7.61583e-09
7.67532e-10
3.26671e-11
1.00538e-09
-1.98846e-10
1.13475e-09
-2.02331e-10
1.21722e-09
-2.24463e-10
1.28483e-09
-2.71212e-10
1.35901e-09
-3.38598e-10
1.45445e-09
-4.21742e-10
1.57354e-09
-5.10208e-10
1.69522e-09
-5.38825e-10
1.79227e-09
-4.55623e-10
1.8612e-09
-3.79142e-10
1.91542e-09
-3.25491e-10
1.96717e-09
-2.88509e-10
2.0252e-09
-2.61397e-10
2.0969e-09
-2.39482e-10
2.18974e-09
-2.19038e-10
2.30943e-09
-1.91121e-10
2.45334e-09
-1.35433e-10
2.60315e-09
-5.2738e-12
2.73507e-09
2.41297e-10
2.8422e-09
5.48362e-10
2.93724e-09
8.82734e-10
3.03434e-09
1.25678e-09
3.11936e-09
1.73181e-09
3.06003e-09
2.41801e-09
2.17293e-09
3.53376e-09
5.65201e-09
2.37048e-08
7.79087e-07
1.94708e-08
1.36799e-07
6.32096e-09
2.08568e-08
6.50302e-10
1.28241e-08
9.76574e-10
-1.74625e-10
1.10044e-09
-2.18896e-10
1.17025e-09
-2.74967e-10
1.22041e-09
-3.08288e-10
1.28411e-09
-3.89529e-10
1.39159e-09
-5.07373e-10
1.56002e-09
-7.00802e-10
1.73946e-09
-7.95648e-10
1.85699e-09
-5.42027e-10
1.9154e-09
-4.16782e-10
1.95516e-09
-3.57022e-10
1.99672e-09
-3.26401e-10
2.04963e-09
-3.10789e-10
2.12257e-09
-3.05825e-10
2.22858e-09
-3.15751e-10
2.38488e-09
-3.38256e-10
2.5977e-09
-3.6347e-10
2.83131e-09
-2.89221e-10
3.02929e-09
4.63652e-11
3.18432e-09
4.22831e-10
3.34591e-09
7.58075e-10
3.5867e-09
1.05788e-09
4.01454e-09
1.39892e-09
4.91568e-09
1.85753e-09
7.37563e-09
2.46853e-09
3.19096e-09
3.76995e-08
7.33718e-07
3.37157e-08
1.32858e-07
2.82745e-08
2.6158e-08
1.45216e-08
2.11229e-08
8.08735e-10
7.74324e-09
1.15469e-09
1.88679e-10
1.14302e-09
-1.90714e-10
1.14244e-09
-2.39393e-10
1.16542e-09
-3.09226e-10
1.2678e-09
-4.168e-10
1.5355e-09
-6.47867e-10
1.84561e-09
-9.19784e-10
1.9808e-09
-5.00149e-10
1.98826e-09
-3.89273e-10
1.99311e-09
-3.60057e-10
2.01491e-09
-3.49886e-10
2.05403e-09
-3.49928e-10
2.11516e-09
-3.5736e-10
2.21714e-09
-3.99879e-10
2.40379e-09
-4.82679e-10
2.72129e-09
-6.90965e-10
3.09508e-09
-8.34494e-10
3.36648e-09
-1.89438e-10
3.51989e-09
3.38527e-10
3.67536e-09
6.6888e-10
3.95201e-09
8.17829e-10
4.43645e-09
9.48418e-10
5.21251e-09
1.1447e-09
6.33168e-09
1.29187e-09
9.64253e-10
1.93548e-07
5.35962e-07
1.13721e-07
2.0209e-07
5.25434e-08
1.07365e-07
4.14315e-08
5.80451e-08
3.20473e-08
4.07826e-08
1.51397e-08
2.258e-08
9.3413e-10
1.70088e-08
1.04915e-09
3.91057e-09
9.67331e-10
3.83471e-09
9.78685e-10
7.34009e-09
1.46856e-09
3.42185e-08
2.1267e-09
3.21467e-10
2.23233e-09
-2.47649e-10
2.06373e-09
-2.46619e-10
2.01409e-09
-2.60553e-10
2.01579e-09
-2.69227e-10
2.03641e-09
-2.78507e-10
2.06692e-09
-2.86702e-10
2.12103e-09
-3.33643e-10
2.29184e-09
-4.23454e-10
2.78862e-09
-7.20366e-10
3.46126e-09
-1.13874e-09
3.82164e-09
-3.07342e-10
3.8534e-09
3.16331e-10
3.88368e-09
5.14148e-10
4.10952e-09
5.0191e-10
4.56671e-09
4.68049e-10
5.16625e-09
5.13129e-10
5.76082e-09
5.79894e-10
3.43043e-10
4.93419e-07
5.27151e-08
6.11579e-07
9.4641e-08
5.90515e-07
1.15174e-07
5.34691e-07
8.96465e-08
4.68288e-07
8.39845e-08
4.23167e-07
6.1794e-08
3.86924e-07
4.92136e-08
3.76703e-07
2.1311e-08
3.45474e-07
2.70766e-08
3.17811e-07
4.38636e-08
1.71265e-07
1.33501e-07
8.28499e-09
1.0566e-07
2.2625e-09
1.83346e-08
1.99457e-09
3.60025e-09
1.95539e-09
4.17212e-10
1.97684e-09
-5.8042e-10
1.99957e-09
-9.36106e-10
1.9937e-09
-8.12619e-10
1.90828e-09
1.41362e-09
1.85392e-09
6.93919e-09
2.68008e-09
4.00788e-08
4.13967e-09
5.8109e-09
4.60547e-09
-6.21923e-11
4.18755e-09
-1.7791e-11
3.89486e-09
-1.36385e-09
4.03491e-09
-1.70196e-10
4.5546e-09
1.60848e-09
5.12495e-09
1.03488e-09
5.50993e-09
3.121e-10
1.23256e-10
2.01766e-07
-1.58829e-07
4.10743e-07
-8.52524e-08
5.47553e-07
-1.4588e-08
6.09829e-07
3.25516e-08
6.34852e-07
5.92973e-08
6.50844e-07
5.41042e-08
6.48489e-07
4.73254e-08
6.48524e-07
3.15372e-08
6.21532e-07
4.50638e-08
6.07843e-07
7.28078e-08
5.70796e-07
1.6224e-07
4.67381e-07
1.85542e-07
4.52572e-07
5.5791e-08
4.42164e-07
1.55134e-08
4.36263e-07
2.12422e-09
4.37627e-07
-3.11331e-09
4.35154e-07
-4.58377e-09
4.42729e-07
-3.27135e-09
4.18312e-07
9.14737e-09
4.07534e-07
3.36902e-08
2.50072e-07
1.22239e-07
3.53672e-08
1.14613e-07
1.35474e-08
2.66329e-08
4.94245e-08
-2.49801e-08
9.16208e-08
-3.2086e-08
9.81151e-08
-1.52707e-08
6.63626e-08
5.9289e-09
2.59517e-08
1.36256e-08
6.54861e-09
3.97303e-09
-1.88949e-09
5.56674e-08
-2.1739e-07
1.29224e-07
-1.57771e-07
2.0481e-07
-1.01407e-07
2.85141e-07
-4.58126e-08
3.57811e-07
-1.04744e-08
4.12416e-07
7.87965e-09
4.46499e-07
1.566e-08
4.64429e-07
2.05988e-08
4.76238e-07
3.62634e-08
5.00834e-07
6.0725e-08
5.79248e-07
9.63973e-08
6.33184e-07
1.17617e-07
6.34126e-07
6.2058e-08
6.35955e-07
2.02068e-08
6.37104e-07
-8.58721e-10
6.46897e-07
-1.13226e-08
6.50237e-07
-1.39679e-08
6.62918e-07
-9.82382e-09
6.48274e-07
1.36434e-08
6.46964e-07
5.41367e-08
6.30814e-07
1.40086e-07
5.84487e-07
1.74182e-07
6.05114e-07
4.08141e-08
6.37079e-07
-5.50901e-08
6.74963e-07
-7.90685e-08
7.26524e-07
-6.72482e-08
7.86413e-07
-4.88304e-08
8.53675e-07
-4.50802e-08
9.13339e-07
-5.1719e-08
-2.82838e-08
6.47802e-08
-2.9502e-07
1.2497e-07
-2.26582e-07
1.87745e-07
-1.64137e-07
2.51292e-07
-1.08336e-07
3.0876e-07
-6.52957e-08
3.54979e-07
-3.55702e-08
3.88936e-07
-1.51845e-08
4.11708e-07
1.01388e-09
4.35972e-07
1.74981e-08
4.66553e-07
3.3944e-08
5.23597e-07
4.55766e-08
5.87238e-07
4.84445e-08
6.19086e-07
3.05116e-08
6.38683e-07
4.16517e-09
6.5599e-07
-1.66326e-08
6.76229e-07
-3.00189e-08
6.95969e-07
-3.39411e-08
7.16488e-07
-2.74414e-08
7.3491e-07
-2.97732e-09
7.66336e-07
3.33761e-08
8.40556e-07
7.52551e-08
9.18247e-07
7.66582e-08
9.67378e-07
-4.8987e-09
1.00959e-06
-8.45869e-08
1.06993e-06
-1.30307e-07
1.16792e-06
-1.578e-07
1.30669e-06
-1.82747e-07
1.47647e-06
-2.14063e-07
1.62702e-06
-2.1368e-07
-1.16755e-07
7.57484e-08
-3.75667e-07
1.4932e-07
-2.99248e-07
2.22442e-07
-2.34483e-07
2.90858e-07
-1.74735e-07
3.50582e-07
-1.23392e-07
3.98994e-07
-8.25843e-08
4.36933e-07
-5.13378e-08
4.67214e-07
-2.7494e-08
4.96274e-07
-9.72707e-09
5.28793e-07
1.75249e-09
5.68467e-07
5.09559e-09
6.12898e-07
1.35631e-09
6.52333e-07
-1.02655e-08
6.87655e-07
-2.96529e-08
7.23135e-07
-4.99484e-08
7.60583e-07
-6.537e-08
8.00052e-07
-7.15919e-08
8.41141e-07
-6.6385e-08
8.90937e-07
-4.93841e-08
9.54969e-07
-2.86555e-08
1.0483e-06
-1.79992e-08
1.15296e-06
-3.55631e-08
1.2373e-06
-8.70048e-08
1.31024e-06
-1.50116e-07
1.39717e-06
-2.06727e-07
1.50923e-06
-2.62181e-07
1.65781e-06
-3.19801e-07
1.84119e-06
-3.91066e-07
2.0471e-06
-4.2178e-07
-3.15646e-07
1.19688e-07
-4.98174e-07
2.25763e-07
-3.94853e-07
3.17844e-07
-3.19653e-07
3.93773e-07
-2.47712e-07
4.55374e-07
-1.83771e-07
5.05107e-07
-1.31365e-07
5.46274e-07
-9.13825e-08
5.82599e-07
-6.25094e-08
6.18137e-07
-4.39779e-08
6.55811e-07
-3.50197e-08
6.96453e-07
-3.51444e-08
7.40771e-07
-4.24337e-08
7.87202e-07
-5.59286e-08
8.34022e-07
-7.47942e-08
8.81399e-07
-9.53033e-08
9.30019e-07
-1.12013e-07
9.81529e-07
-1.21481e-07
1.03899e-06
-1.22215e-07
1.10909e-06
-1.17686e-07
1.19529e-06
-1.13802e-07
1.29791e-06
-1.20315e-07
1.40145e-06
-1.41004e-07
1.49237e-06
-1.76837e-07
1.56699e-06
-2.22106e-07
1.64013e-06
-2.73256e-07
1.70901e-06
-3.2867e-07
1.79203e-06
-3.91568e-07
1.88831e-06
-4.74917e-07
2.05217e-06
-5.54208e-07
-6.66132e-07
2.31056e-07
-6.87405e-07
4.00977e-07
-5.45872e-07
4.98082e-07
-4.14012e-07
5.55939e-07
-3.06116e-07
5.95492e-07
-2.24225e-07
6.27008e-07
-1.63349e-07
6.55576e-07
-1.20021e-07
6.84038e-07
-9.06468e-08
7.14075e-07
-7.36145e-08
7.46554e-07
-6.70287e-08
7.81414e-07
-6.96152e-08
8.18977e-07
-7.93914e-08
8.58456e-07
-9.49089e-08
8.98522e-07
-1.14093e-07
9.38451e-07
-1.34598e-07
9.80287e-07
-1.52946e-07
1.02715e-06
-1.67785e-07
1.08435e-06
-1.78317e-07
1.15447e-06
-1.87437e-07
1.23744e-06
-1.96207e-07
1.32454e-06
-2.08357e-07
1.40607e-06
-2.22175e-07
1.47235e-06
-2.42584e-07
1.51974e-06
-2.66451e-07
1.55102e-06
-3.01368e-07
1.56144e-06
-3.37211e-07
1.57276e-06
-3.96175e-07
1.5594e-06
-4.62495e-07
1.83782e-06
-6.92721e-07
-1.3127e-06
8.48675e-07
-6.6086e-07
7.72941e-07
-5.155e-07
7.15927e-07
-3.78475e-07
6.78147e-07
-2.78333e-07
6.57902e-07
-2.08706e-07
6.51653e-07
-1.59187e-07
6.55576e-07
-1.2483e-07
6.66816e-07
-1.02038e-07
6.83296e-07
-9.00082e-08
7.03669e-07
-8.70481e-08
7.27153e-07
-9.26451e-08
7.53434e-07
-1.04981e-07
7.82387e-07
-1.23097e-07
8.14064e-07
-1.44717e-07
8.4937e-07
-1.68605e-07
8.9095e-07
-1.92596e-07
9.41487e-07
-2.16193e-07
1.00349e-06
-2.37683e-07
1.07489e-06
-2.56993e-07
1.15111e-06
-2.70446e-07
1.22018e-06
-2.77071e-07
1.2771e-06
-2.76632e-07
1.31052e-06
-2.75905e-07
1.32941e-06
-2.80193e-07
1.31808e-06
-2.93983e-07
1.30804e-06
-3.16404e-07
1.24479e-06
-3.50878e-07
1.21516e-06
-4.16913e-07
9.65351e-07
-6.08037e-07
-9.60047e-07
7.20387e-07
-4.56965e-07
6.02588e-07
-3.82953e-07
5.49116e-07
-3.15257e-07
5.34589e-07
-2.56285e-07
5.38777e-07
-2.07386e-07
5.52083e-07
-1.68508e-07
5.6979e-07
-1.3986e-07
5.90489e-07
-1.20543e-07
6.1326e-07
-1.11054e-07
6.38202e-07
-1.10212e-07
6.65411e-07
-1.18187e-07
6.95247e-07
-1.33065e-07
7.2832e-07
-1.54481e-07
7.652e-07
-1.79952e-07
8.07129e-07
-2.08915e-07
8.55379e-07
-2.39199e-07
9.10317e-07
-2.69733e-07
9.70744e-07
-2.96933e-07
1.03246e-06
-3.18402e-07
1.08551e-06
-3.24291e-07
1.12325e-06
-3.16009e-07
1.1372e-06
-2.93024e-07
1.13043e-06
-2.68454e-07
1.09833e-06
-2.50484e-07
1.06237e-06
-2.56599e-07
9.94892e-07
-2.64561e-07
8.89348e-07
-2.45922e-07
7.37736e-07
-3.02987e-07
3.67976e-07
-3.02435e-07
-1.61213e-07
8.22126e-07
-3.62339e-07
7.73262e-07
-3.39224e-07
7.46575e-07
-2.98897e-07
7.32454e-07
-2.51981e-07
7.24941e-07
-2.07519e-07
7.21896e-07
-1.71074e-07
7.21509e-07
-1.43753e-07
7.23688e-07
-1.25986e-07
7.27345e-07
-1.17469e-07
7.32534e-07
-1.17816e-07
7.38895e-07
-1.26805e-07
7.46962e-07
-1.4346e-07
7.57941e-07
-1.675e-07
7.73127e-07
-1.97287e-07
7.94833e-07
-2.31991e-07
8.23903e-07
-2.69534e-07
8.58511e-07
-3.0514e-07
8.97113e-07
-3.35602e-07
9.27773e-07
-3.50421e-07
9.41943e-07
-3.39026e-07
9.33546e-07
-3.10768e-07
9.07514e-07
-2.6775e-07
8.58713e-07
-2.2329e-07
7.93489e-07
-1.76467e-07
7.38505e-07
-2.00116e-07
6.47618e-07
-2.04768e-07
5.31542e-07
-1.13319e-07
3.67415e-07
-1.42635e-07
1.85653e-07
-9.72148e-08
-7.41256e-08
8.37008e-07
-2.84573e-07
7.67963e-07
-2.68426e-07
7.10962e-07
-2.40628e-07
6.68353e-07
-2.08443e-07
6.38922e-07
-1.76651e-07
6.19756e-07
-1.50368e-07
6.07786e-07
-1.29859e-07
6.01058e-07
-1.17429e-07
5.97689e-07
-1.11927e-07
5.97484e-07
-1.15366e-07
6.00194e-07
-1.26484e-07
6.07425e-07
-1.4741e-07
6.20715e-07
-1.76168e-07
6.41454e-07
-2.13791e-07
6.7138e-07
-2.56193e-07
7.06555e-07
-3.01355e-07
7.44793e-07
-3.38676e-07
7.77112e-07
-3.66335e-07
7.81919e-07
-3.54581e-07
7.5902e-07
-3.16518e-07
7.13168e-07
-2.67076e-07
6.61057e-07
-2.15134e-07
5.89172e-07
-1.71716e-07
5.18803e-07
-8.34227e-08
4.43192e-07
-1.15603e-07
3.48533e-07
-9.17466e-08
2.75222e-07
-2.40316e-08
1.2182e-07
-3.50037e-08
2.04628e-09
-1.72264e-09
-2.98599e-09
8.51044e-07
-2.20996e-07
7.95991e-07
-2.1192e-07
7.52084e-07
-1.96443e-07
7.19467e-07
-1.77139e-07
6.97064e-07
-1.55872e-07
6.81616e-07
-1.37089e-07
6.71508e-07
-1.21282e-07
6.64306e-07
-1.12124e-07
6.59455e-07
-1.08152e-07
6.55902e-07
-1.13454e-07
6.53964e-07
-1.25252e-07
6.54353e-07
-1.49371e-07
6.57461e-07
-1.79912e-07
6.6518e-07
-2.23739e-07
6.76874e-07
-2.69084e-07
6.89542e-07
-3.18404e-07
7.0444e-07
-3.54866e-07
6.96358e-07
-3.67785e-07
6.42873e-07
-3.08417e-07
5.6831e-07
-2.46888e-07
4.88625e-07
-1.98271e-07
4.04382e-07
-1.15863e-07
3.24787e-07
-7.49129e-08
2.79724e-07
-1.77883e-08
1.36531e-07
-3.1502e-08
3.34112e-09
-6.36291e-10
2.85071e-09
-1.77546e-09
1.24156e-09
-2.11293e-09
8.03251e-10
-2.18324e-09
-3.16579e-09
8.61145e-07
-1.67898e-07
8.12794e-07
-1.626e-07
7.70138e-07
-1.53201e-07
7.33518e-07
-1.40798e-07
7.03902e-07
-1.26464e-07
6.79149e-07
-1.13201e-07
6.59473e-07
-1.01682e-07
6.41618e-07
-9.51049e-08
6.26386e-07
-9.24246e-08
6.10354e-07
-9.79762e-08
5.95458e-07
-1.08812e-07
5.79677e-07
-1.3313e-07
5.66048e-07
-1.62626e-07
5.57901e-07
-2.1258e-07
5.53713e-07
-2.58673e-07
5.59171e-07
-3.18333e-07
5.62726e-07
-3.51075e-07
5.15827e-07
-3.29877e-07
4.2696e-07
-2.25531e-07
3.2945e-07
-1.30932e-07
2.3714e-07
-8.01293e-08
1.0238e-07
-2.47132e-08
3.74642e-09
-3.74281e-10
3.12091e-09
-9.41735e-10
2.47993e-09
-8.76524e-10
2.60644e-09
-7.70661e-10
2.14242e-09
-1.84116e-09
1.31757e-09
-2.19176e-09
6.82872e-10
-2.02573e-09
-2.2683e-09
8.67422e-07
-1.21353e-07
8.23718e-07
-1.1817e-07
7.83593e-07
-1.12538e-07
7.476e-07
-1.04837e-07
7.16996e-07
-9.59135e-08
6.90232e-07
-8.72062e-08
6.68063e-07
-7.97263e-08
6.47057e-07
-7.53073e-08
6.28868e-07
-7.41287e-08
6.08381e-07
-7.90405e-08
5.89466e-07
-8.89753e-08
5.65693e-07
-1.10929e-07
5.45004e-07
-1.39076e-07
5.23707e-07
-1.91607e-07
5.05476e-07
-2.36002e-07
4.98606e-07
-3.09873e-07
4.62294e-07
-3.18753e-07
3.52344e-07
-2.43335e-07
2.43491e-07
-9.29946e-08
1.09734e-07
-3.23148e-08
3.13367e-09
4.3749e-11
3.44789e-09
-2.24072e-10
3.1627e-09
-1.56309e-10
2.85345e-09
-8.66961e-10
2.47497e-09
-9.16406e-10
2.22154e-09
-9.00376e-10
1.79097e-09
-1.25906e-09
1.20345e-09
-1.4798e-09
6.10668e-10
-1.52991e-09
-1.61336e-09
8.71352e-07
-7.89172e-08
8.30852e-07
-7.70984e-08
7.92623e-07
-7.39229e-08
7.57325e-07
-6.94351e-08
7.25699e-07
-6.43153e-08
6.9707e-07
-5.90416e-08
6.71773e-07
-5.46858e-08
6.47357e-07
-5.18669e-08
6.24733e-07
-5.16122e-08
5.98995e-07
-5.48498e-08
5.73154e-07
-6.25463e-08
5.38019e-07
-7.79059e-08
5.02619e-07
-1.00644e-07
4.53187e-07
-1.43242e-07
4.11944e-07
-1.839e-07
3.71554e-07
-2.65166e-07
2.66821e-07
-2.25333e-07
1.01186e-07
-8.90762e-08
2.42537e-09
-2.96389e-11
3.01175e-09
-6.1554e-11
3.02563e-09
2.76996e-10
3.06217e-09
-1.74734e-10
2.90722e-09
-2.35632e-10
2.6573e-09
-4.77909e-10
2.34498e-09
-5.85056e-10
2.01378e-09
-6.59361e-10
1.59649e-09
-8.14874e-10
1.09458e-09
-9.38458e-10
5.56357e-10
-1.00072e-09
-1.04186e-09
8.73666e-07
-3.88983e-08
8.3511e-07
-3.80686e-08
7.98102e-07
-3.66367e-08
7.63393e-07
-3.45659e-08
7.31271e-07
-3.22473e-08
7.01714e-07
-2.97618e-08
6.74483e-07
-2.78024e-08
6.48247e-07
-2.64073e-08
6.22724e-07
-2.6511e-08
5.94459e-07
-2.80038e-08
5.64158e-07
-3.2354e-08
5.23669e-07
-3.9805e-08
4.77595e-07
-5.3164e-08
4.07273e-07
-7.61696e-08
3.42227e-07
-1.08521e-07
2.45562e-07
-1.68224e-07
8.26395e-08
-8.42921e-08
2.23613e-09
-2.30526e-11
2.97706e-09
1.74483e-10
2.91493e-09
-2.97223e-11
2.92409e-09
4.08606e-11
2.88545e-09
-6.63413e-11
2.74671e-09
-1.31489e-10
2.52355e-09
-2.23987e-10
2.23386e-09
-2.86546e-10
1.89213e-09
-3.37131e-10
1.48663e-09
-4.0261e-10
1.02203e-09
-4.58431e-10
5.20177e-10
-4.92662e-10
-5.11502e-10
8.74734e-07
8.37107e-07
8.00673e-07
7.66324e-07
7.33942e-07
7.04082e-07
6.75736e-07
6.48895e-07
6.21439e-07
5.9267e-07
5.5898e-07
5.18053e-07
4.63307e-07
3.85666e-07
2.76562e-07
1.063e-07
2.00209e-09
2.65059e-09
2.84935e-09
2.87822e-09
2.87038e-09
2.80881e-09
2.67061e-09
2.45632e-09
2.17482e-09
1.83427e-09
1.43588e-09
9.86744e-10
5.02312e-10
)
;

boundaryField
{
    inlet1
    {
        type            calculated;
        value           nonuniform List<scalar> 10(-1e-07 -1e-07 -1e-07 -1e-07 -1e-07 -1e-07 -1e-07 -1e-07 -1e-07 -1e-07);
    }
    inlet2
    {
        type            calculated;
        value           uniform 0;
    }
    inlet3
    {
        type            calculated;
        value           nonuniform List<scalar> 10(-9.13394e-07 -9.13394e-07 -9.13394e-07 -9.13394e-07 -9.13394e-07 -9.13394e-07 -9.13394e-07 -9.13394e-07 -9.13394e-07 -9.13394e-07);
    }
    output1
    {
        type            calculated;
        value           uniform 0;
    }
    output2
    {
        type            calculated;
        value           nonuniform List<scalar> 10(1.20042e-08 7.69595e-09 6.26053e-09 5.72555e-09 3.79147e-09 9.41546e-07 1.70861e-06 2.22183e-06 2.38634e-06 2.84015e-06);
    }
    output3
    {
        type            calculated;
        value           uniform -0;
    }
    up
    {
        type            calculated;
        value           uniform 0;
    }
    down
    {
        type            calculated;
        value           uniform 0;
    }
    emptyWalls
    {
        type            empty;
        value           nonuniform List<scalar> 0();
    }
}


// ************************************************************************* //
