/*--------------------------------*- C++ -*----------------------------------*\
  =========                 |
  \\      /  F ield         | OpenFOAM: The Open Source CFD Toolbox
   \\    /   O peration     | Website:  https://openfoam.org
    \\  /    A nd           | Version:  9
     \\/     M anipulation  |
\*---------------------------------------------------------------------------*/
FoamFile
{
    format      ascii;
    class       volScalarField;
    location    "18000";
    object      Sw;
}
// * * * * * * * * * * * * * * * * * * * * * * * * * * * * * * * * * * * * * //

dimensions      [0 0 0 0 0 0 0];

internalField   nonuniform List<scalar> 
900
(
0.806444
0.704546
0.507279
0.415854
0.152507
0.15
0.15
0.15
0.15
0.15
0.15
0.15
0.15
0.15
0.15
0.15
0.15
0.15
0.15
0.15
0.15
0.15
0.15
0.15
0.15
0.15
0.15
0.15
0.15
0.15
0.713733
0.584301
0.557684
0.585942
0.175879
0.15
0.15
0.15
0.15
0.15
0.15
0.15
0.15
0.15
0.15
0.15
0.15
0.15
0.15
0.15
0.15
0.15
0.15
0.15
0.15
0.15
0.15
0.15
0.15
0.15
0.748958
0.608618
0.625632
0.345776
0.150071
0.15
0.15
0.15
0.15
0.15
0.15
0.15
0.15
0.15
0.15
0.15
0.15
0.15
0.15
0.15
0.15
0.15
0.15
0.15
0.15
0.15
0.15
0.15
0.15
0.15
0.729451
0.628409
0.614224
0.291445
0.150011
0.15
0.15
0.15
0.15
0.15
0.15
0.15
0.15
0.15
0.15
0.15
0.15
0.15
0.15
0.15
0.15
0.15
0.15
0.15
0.15
0.15
0.15
0.15
0.15
0.15
0.772652
0.626839
0.576552
0.251912
0.150001
0.15
0.15
0.15
0.15
0.15
0.15
0.15
0.15
0.15
0.15
0.15
0.15
0.15
0.15
0.15
0.15
0.15
0.15
0.15
0.15
0.15
0.15
0.15
0.15
0.15
0.756738
0.636163
0.566949
0.198921
0.15
0.15
0.15
0.15
0.15
0.15
0.15
0.15
0.15
0.15
0.15
0.15
0.15
0.15
0.15
0.15
0.15
0.15
0.15
0.15
0.15
0.15
0.15
0.15
0.15
0.15
0.779403
0.639609
0.553031
0.167166
0.15
0.15
0.15
0.15
0.15
0.15
0.15
0.15
0.15
0.15
0.15
0.15
0.15
0.15
0.15
0.15
0.15
0.15
0.15
0.15
0.15
0.15
0.15
0.15
0.15
0.15
0.764179
0.639803
0.581252
0.154724
0.15
0.15
0.15
0.15
0.15
0.15
0.15
0.15
0.15
0.15
0.15
0.15
0.15
0.15
0.15
0.15
0.15
0.15
0.15
0.15
0.15
0.15
0.15
0.15
0.15
0.15
0.792538
0.649053
0.392116
0.150033
0.15
0.15
0.15
0.15
0.15
0.15
0.15
0.15
0.15
0.15
0.15
0.15
0.15
0.15
0.15
0.15
0.15
0.15
0.15
0.15
0.15
0.15
0.15
0.15
0.15
0.15
0.793561
0.641843
0.307367
0.150002
0.15
0.15
0.15
0.15
0.15
0.15
0.15
0.15
0.15
0.15
0.15
0.15
0.15
0.15
0.15
0.15
0.15
0.15
0.15
0.15
0.15
0.15
0.15
0.15
0.15
0.15
0.830512
0.693228
0.529889
0.18695
0.15
0.15
0.15
0.15
0.15
0.15
0.15
0.15
0.15
0.15
0.15
0.15
0.15
0.15
0.15
0.15
0.15
0.15
0.15
0.15
0.15
0.15
0.15
0.15
0.15
0.15
0.83606
0.676279
0.566106
0.538107
0.279279
0.150428
0.15
0.15
0.15
0.15
0.15
0.15
0.15
0.15
0.15
0.15
0.15
0.15
0.15
0.15
0.15
0.15
0.15
0.15
0.15
0.15
0.15
0.15
0.15
0.15
0.915381
0.740098
0.577831
0.527119
0.486154
0.463437
0.204092
0.150001
0.150001
0.150002
0.150001
0.150001
0.15
0.15
0.15
0.15
0.15
0.15
0.15
0.15
0.15
0.15
0.15
0.15
0.15
0.15
0.15
0.15
0.15
0.15
0.907763
0.819858
0.739232
0.683349
0.638368
0.609192
0.591056
0.581525
0.58509
0.578225
0.593115
0.398336
0.150708
0.152224
0.153569
0.153127
0.15196
0.15043
0.150001
0.150001
0.150001
0.150001
0.15
0.15
0.150104
0.150084
0.15
0.15
0.15
0.15
0.767556
0.730463
0.718769
0.67592
0.656137
0.630355
0.627325
0.613375
0.620922
0.605128
0.609767
0.568732
0.555292
0.553981
0.553912
0.553173
0.55339
0.551865
0.556115
0.550279
0.563935
0.434271
0.316615
0.378683
0.435979
0.450415
0.438594
0.401428
0.339107
0.235269
0.634889
0.626448
0.624136
0.609448
0.607316
0.600153
0.599623
0.594578
0.593959
0.588019
0.587045
0.588289
0.581401
0.577605
0.576977
0.575554
0.576813
0.574517
0.577634
0.569002
0.566689
0.540101
0.53058
0.53292
0.536832
0.538733
0.538848
0.537881
0.539137
0.540338
0.614528
0.602889
0.596904
0.593774
0.591442
0.589779
0.588035
0.585917
0.582712
0.581148
0.579146
0.583279
0.582424
0.580271
0.579336
0.578897
0.579325
0.578659
0.577863
0.573675
0.569837
0.567314
0.564102
0.562817
0.562989
0.563896
0.565458
0.567626
0.570866
0.572729
0.59283
0.588838
0.589101
0.590927
0.5922
0.592703
0.592009
0.590676
0.588597
0.587185
0.586194
0.586669
0.586683
0.586118
0.585985
0.586288
0.586685
0.586536
0.585403
0.583893
0.582105
0.582591
0.581993
0.581185
0.580619
0.581093
0.580986
0.581323
0.581218
0.582979
0.588452
0.588209
0.593222
0.597936
0.601004
0.602351
0.602428
0.601728
0.600712
0.599884
0.599413
0.599258
0.599382
0.599388
0.599429
0.599383
0.599136
0.598473
0.597517
0.596771
0.596372
0.596622
0.596068
0.595213
0.593677
0.592806
0.590008
0.586781
0.578991
0.574463
0.586658
0.597334
0.606107
0.610363
0.611869
0.61181
0.61112
0.610062
0.609065
0.608147
0.607501
0.606901
0.6065
0.605867
0.605077
0.603851
0.602578
0.601107
0.600122
0.599326
0.599155
0.598524
0.59773
0.595895
0.593855
0.591133
0.587564
0.583506
0.569795
0.558581
0.609663
0.621263
0.621047
0.617318
0.613747
0.610844
0.608763
0.607056
0.605845
0.604752
0.603943
0.60308
0.602325
0.601333
0.600257
0.598942
0.597818
0.596785
0.596261
0.595706
0.595336
0.594023
0.592668
0.589625
0.587529
0.582399
0.580772
0.572836
0.585954
0.597996
0.596478
0.592968
0.592678
0.593372
0.594433
0.595432
0.596518
0.597244
0.598053
0.598468
0.599009
0.599142
0.599322
0.599052
0.598728
0.598039
0.597382
0.596414
0.595386
0.593815
0.59157
0.588811
0.58506
0.581224
0.575889
0.57292
0.565698
0.561574
0.552035
0.496568
0.598767
0.600539
0.60405
0.607028
0.608814
0.609584
0.609866
0.609622
0.609335
0.608548
0.607781
0.606403
0.605014
0.603079
0.601206
0.599073
0.597027
0.594428
0.591687
0.587151
0.582195
0.575936
0.570885
0.563794
0.557621
0.552247
0.542597
0.535425
0.511768
0.518459
0.599407
0.598645
0.598178
0.598071
0.597829
0.597705
0.597394
0.597216
0.596899
0.596564
0.596105
0.595495
0.594918
0.594254
0.593619
0.592924
0.591318
0.589156
0.584641
0.576829
0.567889
0.557552
0.550431
0.54128
0.536011
0.517683
0.510131
0.510899
0.237044
0.15
0.599489
0.598887
0.598792
0.59944
0.600164
0.601219
0.601806
0.602693
0.602914
0.603519
0.603285
0.60338
0.602497
0.60163
0.599722
0.597285
0.593076
0.58846
0.577966
0.563835
0.548913
0.532713
0.515312
0.508829
0.517685
0.269605
0.15
0.15
0.15
0.15
0.599642
0.599226
0.598981
0.599152
0.59927
0.599796
0.599828
0.600452
0.600122
0.600745
0.599743
0.600025
0.597815
0.597033
0.593651
0.590648
0.585506
0.57759
0.558541
0.539824
0.514454
0.496273
0.168173
0.15
0.15
0.15
0.15
0.15
0.15
0.15
0.599757
0.599431
0.599206
0.599236
0.599301
0.599734
0.599892
0.600647
0.600613
0.60172
0.601104
0.602496
0.60031
0.601242
0.596081
0.593555
0.584504
0.565496
0.528439
0.517285
0.192018
0.15
0.15
0.15
0.15
0.15
0.15
0.15
0.15
0.15
0.599833
0.599565
0.599406
0.599348
0.599416
0.599652
0.599897
0.600445
0.600694
0.601664
0.601581
0.603115
0.601333
0.602659
0.594175
0.592113
0.572207
0.53322
0.233687
0.15
0.15
0.15
0.15
0.15
0.15
0.15
0.15
0.15
0.15
0.15
0.599877
0.599648
0.599537
0.59944
0.599526
0.599642
0.599967
0.600355
0.600884
0.601678
0.602288
0.603782
0.603643
0.605633
0.597963
0.595693
0.546757
0.228268
0.15
0.15
0.15
0.15
0.15
0.15
0.15
0.15
0.15
0.15
0.15
0.15
0.599898
0.599686
0.599604
0.599485
0.599598
0.599634
0.600043
0.600271
0.601073
0.601536
0.6029
0.603677
0.605748
0.60648
0.60735
0.599936
0.324535
0.150001
0.15
0.15
0.15
0.15
0.15
0.15
0.15
0.15
0.15
0.15
0.15
0.15
)
;

boundaryField
{
    inlet1
    {
        type            fixedValue;
        value           uniform 0.85;
    }
    inlet2
    {
        type            zeroGradient;
    }
    inlet3
    {
        type            fixedValue;
        value           uniform 0.6;
    }
    output1
    {
        type            zeroGradient;
    }
    output2
    {
        type            zeroGradient;
    }
    output3
    {
        type            zeroGradient;
    }
    up
    {
        type            zeroGradient;
    }
    down
    {
        type            zeroGradient;
    }
    emptyWalls
    {
        type            empty;
    }
}


// ************************************************************************* //
