/*--------------------------------*- C++ -*----------------------------------*\
  =========                 |
  \\      /  F ield         | OpenFOAM: The Open Source CFD Toolbox
   \\    /   O peration     | Website:  https://openfoam.org
    \\  /    A nd           | Version:  9
     \\/     M anipulation  |
\*---------------------------------------------------------------------------*/
FoamFile
{
    format      ascii;
    class       volVectorField;
    location    "18000";
    object      ut;
}
// * * * * * * * * * * * * * * * * * * * * * * * * * * * * * * * * * * * * * //

dimensions      [0 1 -1 0 0 0 0];

internalField   nonuniform List<vector> 
900
(
(5.59526e-06 5.12266e-06 -0)
(1.73571e-06 1.84203e-06 -0)
(2.98336e-07 2.179e-07 -0)
(1.85234e-07 3.95694e-09 -0)
(1.03637e-07 -1.09597e-08 -0)
(1.81526e-07 3.11823e-09 -0)
(1.74839e-07 3.07338e-09 -0)
(1.69917e-07 1.84821e-09 -0)
(1.67248e-07 8.21407e-10 -0)
(1.66308e-07 1.19809e-10 -0)
(1.66512e-07 -3.22588e-10 -0)
(1.67407e-07 -5.71575e-10 -0)
(1.68649e-07 -6.70345e-10 -0)
(1.69965e-07 -6.44616e-10 -0)
(1.71118e-07 -5.08342e-10 -0)
(1.71892e-07 -2.66946e-10 -0)
(1.72078e-07 8.10245e-11 -0)
(1.71453e-07 5.42824e-10 -0)
(1.6978e-07 1.12971e-09 -0)
(1.66795e-07 1.85436e-09 -0)
(1.6221e-07 2.72863e-09 -0)
(1.55719e-07 3.7594e-09 -0)
(1.47015e-07 4.94321e-09 -0)
(1.35809e-07 6.26146e-09 -0)
(1.21871e-07 7.6756e-09 -0)
(1.05071e-07 9.12204e-09 -0)
(8.54384e-08 1.05092e-08 -0)
(6.3208e-08 1.17204e-08 -0)
(3.88597e-08 1.26274e-08 -0)
(1.3116e-08 1.31149e-08 -0)
(2.23218e-06 7.66186e-06 -0)
(9.14741e-07 1.2685e-06 -0)
(6.3498e-07 9.32178e-07 -0)
(5.76922e-07 3.87647e-07 -0)
(9.60807e-08 2.79885e-08 -0)
(1.95678e-07 1.83956e-08 -0)
(1.73569e-07 1.04011e-08 -0)
(1.67665e-07 5.34667e-09 -0)
(1.6552e-07 2.13939e-09 -0)
(1.65164e-07 1.00521e-10 -0)
(1.6582e-07 -1.16101e-09 -0)
(1.67059e-07 -1.86496e-09 -0)
(1.68576e-07 -2.13576e-09 -0)
(1.70127e-07 -2.04477e-09 -0)
(1.71495e-07 -1.63064e-09 -0)
(1.72482e-07 -9.0796e-10 -0)
(1.72888e-07 1.28885e-10 -0)
(1.72502e-07 1.50291e-09 -0)
(1.71091e-07 3.25012e-09 -0)
(1.68393e-07 5.41267e-09 -0)
(1.64115e-07 8.02949e-09 -0)
(1.57933e-07 1.1125e-08 -0)
(1.49517e-07 1.46942e-08 -0)
(1.38541e-07 1.86877e-08 -0)
(1.24731e-07 2.29944e-08 -0)
(1.07905e-07 2.74256e-08 -0)
(8.80368e-08 3.17032e-08 -0)
(6.53263e-08 3.54648e-08 -0)
(4.02542e-08 3.83002e-08 -0)
(1.36036e-08 3.98332e-08 -0)
(4.04904e-06 2.20131e-05 -0)
(8.9813e-07 3.08941e-06 -0)
(5.78068e-07 2.72663e-06 -0)
(8.50251e-08 6.56984e-09 -0)
(1.22103e-07 6.68572e-08 -0)
(1.60595e-07 2.9215e-08 -0)
(1.6179e-07 1.47892e-08 -0)
(1.61656e-07 6.99831e-09 -0)
(1.62002e-07 2.28918e-09 -0)
(1.63007e-07 -6.96048e-10 -0)
(1.64546e-07 -2.55717e-09 -0)
(1.66432e-07 -3.59187e-09 -0)
(1.68469e-07 -3.96356e-09 -0)
(1.7047e-07 -3.76869e-09 -0)
(1.72254e-07 -3.06198e-09 -0)
(1.73652e-07 -1.86354e-09 -0)
(1.74489e-07 -1.60622e-10 -0)
(1.74574e-07 2.08991e-09 -0)
(1.73689e-07 4.95505e-09 -0)
(1.71574e-07 8.51621e-09 -0)
(1.67922e-07 1.28515e-08 -0)
(1.62384e-07 1.8017e-08 -0)
(1.54577e-07 2.40216e-08 -0)
(1.44109e-07 3.08011e-08 -0)
(1.30608e-07 3.81887e-08 -0)
(1.1378e-07 4.58825e-08 -0)
(9.34776e-08 5.34134e-08 -0)
(6.9805e-08 6.01349e-08 -0)
(4.32281e-08 6.52747e-08 -0)
(1.4649e-08 6.80861e-08 -0)
(2.48436e-06 2.13772e-05 -0)
(4.26338e-07 4.95349e-06 -0)
(2.03298e-07 3.27766e-06 -0)
(4.71257e-08 4.38668e-09 -0)
(1.33497e-07 3.55215e-08 -0)
(1.43589e-07 2.24923e-08 -0)
(1.51352e-07 1.25421e-08 -0)
(1.55165e-07 5.56797e-09 -0)
(1.57825e-07 7.14664e-10 -0)
(1.60318e-07 -2.61725e-09 -0)
(1.62924e-07 -4.78038e-09 -0)
(1.65652e-07 -5.98253e-09 -0)
(1.68399e-07 -6.35852e-09 -0)
(1.71028e-07 -6.00475e-09 -0)
(1.734e-07 -4.98492e-09 -0)
(1.75383e-07 -3.32315e-09 -0)
(1.76841e-07 -9.97273e-10 -0)
(1.77618e-07 2.06241e-09 -0)
(1.77517e-07 5.96496e-09 -0)
(1.7629e-07 1.08466e-08 -0)
(1.73616e-07 1.68449e-08 -0)
(1.69104e-07 2.40712e-08 -0)
(1.62301e-07 3.25747e-08 -0)
(1.52708e-07 4.23059e-08 -0)
(1.39813e-07 5.30763e-08 -0)
(1.23129e-07 6.45026e-08 -0)
(1.02289e-07 7.59331e-08 -0)
(7.71876e-08 8.63866e-08 -0)
(4.82055e-08 9.4579e-08 -0)
(1.6415e-08 9.91507e-08 -0)
(3.20154e-06 4.12623e-05 -0)
(2.20793e-08 5.75961e-06 -0)
(6.0679e-08 2.51845e-06 -0)
(4.76734e-08 5.26726e-09 -0)
(1.3862e-07 1.5232e-08 -0)
(1.37614e-07 1.27009e-08 -0)
(1.44865e-07 7.3187e-09 -0)
(1.49828e-07 2.01646e-09 -0)
(1.53817e-07 -2.38178e-09 -0)
(1.57512e-07 -5.70782e-09 -0)
(1.61181e-07 -7.96518e-09 -0)
(1.64854e-07 -9.19981e-09 -0)
(1.68447e-07 -9.48348e-09 -0)
(1.71843e-07 -8.90697e-09 -0)
(1.74936e-07 -7.54991e-09 -0)
(1.7764e-07 -5.44697e-09 -0)
(1.79874e-07 -2.56732e-09 -0)
(1.81537e-07 1.19176e-09 -0)
(1.82473e-07 5.99644e-09 -0)
(1.82454e-07 1.20601e-08 -0)
(1.81147e-07 1.96108e-08 -0)
(1.78113e-07 2.88487e-08 -0)
(1.72812e-07 3.98995e-08 -0)
(1.64611e-07 5.27707e-08 -0)
(1.52805e-07 6.73082e-08 -0)
(1.36637e-07 8.31193e-08 -0)
(1.15362e-07 9.943e-08 -0)
(8.84509e-08 1.14899e-07 -0)
(5.59922e-08 1.27505e-07 -0)
(1.92207e-08 1.34784e-07 -0)
(3.00465e-06 3.88067e-05 -0)
(2.21776e-07 7.67347e-06 -0)
(1.21382e-07 2.65179e-06 -0)
(5.81014e-08 7.88073e-09 -0)
(1.38206e-07 6.45663e-09 -0)
(1.35676e-07 5.76189e-09 -0)
(1.40668e-07 2.01503e-09 -0)
(1.45465e-07 -2.43953e-09 -0)
(1.50101e-07 -6.55095e-09 -0)
(1.54734e-07 -9.86752e-09 -0)
(1.59432e-07 -1.2173e-08 -0)
(1.64134e-07 -1.33683e-08 -0)
(1.68692e-07 -1.34687e-08 -0)
(1.72962e-07 -1.25898e-08 -0)
(1.7686e-07 -1.08609e-08 -0)
(1.80366e-07 -8.34809e-09 -0)
(1.8348e-07 -5.01682e-09 -0)
(1.86181e-07 -7.2502e-10 -0)
(1.88386e-07 4.76974e-09 -0)
(1.89904e-07 1.17872e-08 -0)
(1.90404e-07 2.0689e-08 -0)
(1.89392e-07 3.18133e-08 -0)
(1.86223e-07 4.54047e-08 -0)
(1.80117e-07 6.15703e-08 -0)
(1.70161e-07 8.02678e-08 -0)
(1.55251e-07 1.01236e-07 -0)
(1.34069e-07 1.23768e-07 -0)
(1.05263e-07 1.46275e-07 -0)
(6.80907e-08 1.65758e-07 -0)
(2.36943e-08 1.77696e-07 -0)
(3.5621e-06 5.8244e-05 -0)
(3.98276e-07 9.05541e-06 -0)
(1.79056e-07 2.11413e-06 -0)
(6.4326e-08 8.97724e-09 -0)
(1.34602e-07 4.88298e-09 -0)
(1.33173e-07 1.87478e-09 -0)
(1.36664e-07 -2.58143e-09 -0)
(1.41262e-07 -7.23923e-09 -0)
(1.46389e-07 -1.15154e-08 -0)
(1.5189e-07 -1.50385e-08 -0)
(1.5768e-07 -1.74913e-08 -0)
(1.63558e-07 -1.86316e-08 -0)
(1.69226e-07 -1.84334e-08 -0)
(1.74451e-07 -1.71225e-08 -0)
(1.79178e-07 -1.49556e-08 -0)
(1.83484e-07 -1.20674e-08 -0)
(1.87497e-07 -8.42655e-09 -0)
(1.91323e-07 -3.8444e-09 -0)
(1.94986e-07 2.01903e-09 -0)
(1.98373e-07 9.63078e-09 -0)
(2.01173e-07 1.95456e-08 -0)
(2.02829e-07 3.2311e-08 -0)
(2.02569e-07 4.83356e-08 -0)
(1.99474e-07 6.78382e-08 -0)
(1.92471e-07 9.09565e-08 -0)
(1.80137e-07 1.17789e-07 -0)
(1.60401e-07 1.4813e-07 -0)
(1.30441e-07 1.80677e-07 -0)
(8.7413e-08 2.11552e-07 -0)
(3.1159e-08 2.32551e-07 -0)
(2.4044e-06 5.33487e-05 -0)
(-4.29778e-07 9.89799e-06 -0)
(-5.19944e-08 3.33099e-06 -0)
(6.59407e-08 2.17401e-08 -0)
(1.3041e-07 7.81395e-09 -0)
(1.28211e-07 -5.64703e-10 -0)
(1.31554e-07 -6.97678e-09 -0)
(1.36531e-07 -1.2421e-08 -0)
(1.42302e-07 -1.7233e-08 -0)
(1.48758e-07 -2.12801e-08 -0)
(1.55839e-07 -2.41217e-08 -0)
(1.63192e-07 -2.52333e-08 -0)
(1.70201e-07 -2.45104e-08 -0)
(1.76439e-07 -2.25106e-08 -0)
(1.81915e-07 -1.97711e-08 -0)
(1.86895e-07 -1.65385e-08 -0)
(1.91703e-07 -1.27793e-08 -0)
(1.96627e-07 -8.24296e-09 -0)
(2.01861e-07 -2.47977e-09 -0)
(2.07431e-07 5.17077e-09 -0)
(2.13084e-07 1.55519e-08 -0)
(2.18182e-07 2.9549e-08 -0)
(2.2175e-07 4.7788e-08 -0)
(2.22738e-07 7.04903e-08 -0)
(2.20112e-07 9.79308e-08 -0)
(2.12424e-07 1.30834e-07 -0)
(1.96957e-07 1.70287e-07 -0)
(1.68685e-07 2.16753e-07 -0)
(1.19965e-07 2.67217e-07 -0)
(4.46935e-08 3.0841e-07 -0)
(2.25071e-06 7.65473e-05 -0)
(-1.61619e-06 1.21806e-05 -0)
(8.0332e-08 9.10592e-08 -0)
(6.76782e-08 3.30182e-08 -0)
(1.11851e-07 7.21091e-09 -0)
(1.18382e-07 -4.97102e-09 -0)
(1.24808e-07 -1.23402e-08 -0)
(1.31006e-07 -1.82353e-08 -0)
(1.3753e-07 -2.37154e-08 -0)
(1.45002e-07 -2.8727e-08 -0)
(1.53727e-07 -3.2482e-08 -0)
(1.63169e-07 -3.36688e-08 -0)
(1.71948e-07 -3.18632e-08 -0)
(1.7919e-07 -2.86375e-08 -0)
(1.8515e-07 -2.50804e-08 -0)
(1.90476e-07 -2.15351e-08 -0)
(1.95793e-07 -1.79097e-08 -0)
(2.01623e-07 -1.38698e-08 -0)
(2.08399e-07 -8.86556e-09 -0)
(2.16405e-07 -2.02084e-09 -0)
(2.25551e-07 7.94066e-09 -0)
(2.35065e-07 2.2544e-08 -0)
(2.4351e-07 4.27769e-08 -0)
(2.49617e-07 6.8405e-08 -0)
(2.52814e-07 9.94423e-08 -0)
(2.52493e-07 1.37329e-07 -0)
(2.4632e-07 1.8543e-07 -0)
(2.27372e-07 2.4883e-07 -0)
(1.7907e-07 3.32158e-07 -0)
(7.23517e-08 4.25457e-07 -0)
(4.89985e-06 7.18936e-05 -0)
(1.05106e-06 1.0222e-05 -0)
(1.84863e-08 1.23476e-08 -0)
(6.10906e-08 7.90124e-09 -0)
(9.24158e-08 -6.35059e-09 -0)
(1.0866e-07 -1.41901e-08 -0)
(1.18289e-07 -1.91774e-08 -0)
(1.25156e-07 -2.44643e-08 -0)
(1.3181e-07 -3.0666e-08 -0)
(1.39992e-07 -3.74304e-08 -0)
(1.50898e-07 -4.34101e-08 -0)
(1.63811e-07 -4.50959e-08 -0)
(1.75233e-07 -4.06359e-08 -0)
(1.83222e-07 -3.50959e-08 -0)
(1.89018e-07 -3.03777e-08 -0)
(1.94066e-07 -2.66135e-08 -0)
(1.99368e-07 -2.34529e-08 -0)
(2.05671e-07 -2.04626e-08 -0)
(2.1371e-07 -1.70932e-08 -0)
(2.24237e-07 -1.23303e-08 -0)
(2.37649e-07 -4.31338e-09 -0)
(2.53019e-07 9.90933e-09 -0)
(2.67611e-07 3.23712e-08 -0)
(2.79403e-07 6.09104e-08 -0)
(2.89036e-07 9.41022e-08 -0)
(2.98411e-07 1.33613e-07 -0)
(3.08457e-07 1.85274e-07 -0)
(3.15414e-07 2.60968e-07 -0)
(2.96593e-07 3.87136e-07 -0)
(1.37993e-07 6.35801e-07 -0)
(2.07069e-06 9.01237e-05 -0)
(2.67028e-06 1.70492e-05 -0)
(1.22389e-06 1.51082e-06 -0)
(4.03005e-08 -1.36782e-09 -0)
(8.97599e-08 -3.34186e-08 -0)
(1.05555e-07 -2.62762e-08 -0)
(1.14534e-07 -2.57151e-08 -0)
(1.19517e-07 -2.97782e-08 -0)
(1.24564e-07 -3.70537e-08 -0)
(1.32258e-07 -4.69181e-08 -0)
(1.46061e-07 -5.86315e-08 -0)
(1.65944e-07 -6.26691e-08 -0)
(1.81948e-07 -5.04886e-08 -0)
(1.89449e-07 -4.07324e-08 -0)
(1.93632e-07 -3.47205e-08 -0)
(1.974e-07 -3.10884e-08 -0)
(2.01944e-07 -2.88265e-08 -0)
(2.07982e-07 -2.74337e-08 -0)
(2.16532e-07 -2.67143e-08 -0)
(2.29185e-07 -2.58939e-08 -0)
(2.47791e-07 -2.27731e-08 -0)
(2.7175e-07 -1.09641e-08 -0)
(2.94511e-07 1.58881e-08 -0)
(3.11348e-07 4.87621e-08 -0)
(3.25517e-07 8.24445e-08 -0)
(3.43664e-07 1.17743e-07 -0)
(3.73675e-07 1.61088e-07 -0)
(4.29234e-07 2.22634e-07 -0)
(5.53902e-07 3.19616e-07 -0)
(9.21224e-07 4.94601e-07 -0)
(3.59294e-06 6.56937e-05 -0)
(3.94696e-06 1.03106e-05 -0)
(2.79618e-06 2.66055e-06 -0)
(2.85872e-06 2.56618e-06 -0)
(4.55961e-08 -1.50635e-09 -0)
(1.16151e-07 -1.75031e-08 -0)
(1.14787e-07 -2.92784e-08 -0)
(1.13817e-07 -3.18794e-08 -0)
(1.1467e-07 -4.08522e-08 -0)
(1.18414e-07 -5.45565e-08 -0)
(1.35147e-07 -8.15289e-08 -0)
(1.71954e-07 -9.64604e-08 -0)
(1.97169e-07 -5.79168e-08 -0)
(1.9899e-07 -4.26239e-08 -0)
(1.98662e-07 -3.6684e-08 -0)
(1.9996e-07 -3.41919e-08 -0)
(2.03023e-07 -3.33313e-08 -0)
(2.07783e-07 -3.37312e-08 -0)
(2.1525e-07 -3.64358e-08 -0)
(2.28178e-07 -4.17573e-08 -0)
(2.52579e-07 -4.99208e-08 -0)
(2.9168e-07 -4.68802e-08 -0)
(3.27337e-07 -6.6151e-09 -0)
(3.4596e-07 3.58041e-08 -0)
(3.58017e-07 6.91705e-08 -0)
(3.77055e-07 9.38332e-08 -0)
(4.13348e-07 1.18696e-07 -0)
(4.73942e-07 1.48872e-07 -0)
(5.68561e-07 1.74091e-07 -0)
(6.97776e-07 1.43591e-07 -0)
(2.16483e-05 8.10499e-05 -0)
(1.70614e-05 1.62611e-05 -0)
(5.68277e-06 2.57104e-06 -0)
(4.8259e-06 1.6584e-06 -0)
(3.46039e-06 1.55015e-06 -0)
(2.94906e-06 5.52388e-08 -0)
(7.88828e-08 -8.86427e-09 -0)
(1.07943e-07 -1.59991e-08 -0)
(1.01886e-07 -2.09931e-08 -0)
(9.15802e-08 -2.88035e-08 -0)
(1.04157e-07 -4.80444e-08 -0)
(1.89555e-07 -8.74964e-08 -0)
(2.35785e-07 -4.2113e-08 -0)
(2.10681e-07 -3.52308e-08 -0)
(2.02064e-07 -3.53275e-08 -0)
(2.00753e-07 -3.57853e-08 -0)
(2.02404e-07 -3.66543e-08 -0)
(2.04878e-07 -3.77409e-08 -0)
(2.08506e-07 -4.35401e-08 -0)
(2.15699e-07 -5.47784e-08 -0)
(2.42668e-07 -8.82721e-08 -0)
(3.15056e-07 -1.20019e-07 -0)
(3.77196e-07 -3.12725e-08 -0)
(3.87133e-07 3.19012e-08 -0)
(3.83546e-07 6.46056e-08 -0)
(3.9319e-07 6.97327e-08 -0)
(4.28714e-07 7.09879e-08 -0)
(4.84628e-07 8.00677e-08 -0)
(5.48621e-07 8.42833e-08 -0)
(6.03543e-07 4.92601e-08 -0)
(3.69787e-05 2.61426e-05 -0)
(6.17051e-05 2.41569e-05 -0)
(6.06108e-05 1.8902e-05 -0)
(5.74923e-05 9.95062e-06 -0)
(4.94459e-05 6.60636e-06 -0)
(4.42118e-05 4.46076e-06 -0)
(4.04216e-05 3.41063e-06 -0)
(3.69633e-05 7.98113e-07 -0)
(3.83772e-05 7.87934e-07 -0)
(3.07175e-05 1.49682e-06 -0)
(3.28446e-05 6.89175e-06 -0)
(1.40832e-06 1.5179e-07 -0)
(2.4868e-07 -7.4168e-09 -0)
(2.03821e-07 -1.40931e-08 -0)
(1.95093e-07 -1.67831e-08 -0)
(1.95984e-07 -1.806e-08 -0)
(1.99384e-07 -1.90472e-08 -0)
(2.00529e-07 -1.95994e-08 -0)
(1.98211e-07 -2.31885e-08 -0)
(1.83446e-07 -2.99124e-08 -0)
(1.87338e-07 -5.5801e-08 -0)
(3.48678e-07 -1.07729e-07 -0)
(4.79257e-07 -3.01958e-08 -0)
(4.41837e-07 3.13651e-08 -0)
(3.95672e-07 3.82241e-08 -0)
(3.833e-07 3.06494e-08 -0)
(4.23683e-07 2.26219e-08 -0)
(4.87237e-07 2.25581e-08 -0)
(5.37753e-07 3.16956e-08 -0)
(5.64232e-07 1.93486e-08 -0)
(1.18905e-05 -1.55996e-05 -0)
(2.84627e-05 -5.22871e-06 -0)
(5.36859e-05 4.13274e-06 -0)
(5.58247e-05 7.97867e-06 -0)
(6.61412e-05 1.01905e-05 -0)
(6.08291e-05 7.89804e-06 -0)
(6.93398e-05 6.43208e-06 -0)
(6.03581e-05 3.46409e-06 -0)
(6.93468e-05 4.62739e-06 -0)
(5.49596e-05 7.2759e-06 -0)
(6.66091e-05 1.98084e-05 -0)
(4.75502e-05 2.09802e-05 -0)
(4.5926e-05 3.67433e-06 -0)
(4.45885e-05 7.34143e-07 -0)
(4.38444e-05 1.00226e-07 -0)
(4.34081e-05 -9.80239e-08 -0)
(4.41174e-05 -1.68174e-07 -0)
(4.29134e-05 -1.42924e-07 -0)
(4.56324e-05 3.05912e-07 -0)
(3.80299e-05 1.41775e-06 -0)
(4.34768e-05 8.07157e-06 -0)
(6.53761e-06 1.26991e-06 -0)
(5.35819e-07 1.77573e-08 -0)
(2.17366e-06 -3.49233e-08 -0)
(7.71124e-06 -3.10995e-07 -0)
(1.06129e-05 -6.46886e-08 -0)
(9.0101e-06 2.99074e-07 -0)
(4.26242e-06 1.84418e-07 -0)
(9.27921e-07 3.07244e-08 -0)
(3.81801e-07 5.30253e-09 -0)
(2.61541e-06 -1.61662e-05 -0)
(8.51807e-06 -1.18218e-05 -0)
(1.73268e-05 -7.05035e-06 -0)
(2.36351e-05 -1.46836e-06 -0)
(3.3393e-05 1.66892e-06 -0)
(3.81692e-05 2.9228e-06 -0)
(4.43139e-05 3.033e-06 -0)
(4.49859e-05 2.84334e-06 -0)
(4.79e-05 4.38538e-06 -0)
(4.73476e-05 7.28566e-06 -0)
(5.28193e-05 1.26396e-05 -0)
(6.30303e-05 1.61282e-05 -0)
(6.36066e-05 7.48387e-06 -0)
(6.32186e-05 2.36854e-06 -0)
(6.39724e-05 3.24619e-07 -0)
(6.34485e-05 -5.24639e-07 -0)
(6.5931e-05 -7.4858e-07 -0)
(6.41164e-05 -5.11346e-07 -0)
(6.84672e-05 1.52356e-06 -0)
(6.11876e-05 5.32028e-06 -0)
(6.82052e-05 1.63762e-05 -0)
(5.79577e-05 2.16526e-05 -0)
(5.89398e-05 5.30881e-06 -0)
(6.20831e-05 -4.9611e-06 -0)
(6.53328e-05 -6.10621e-06 -0)
(6.96597e-05 -2.98946e-06 -0)
(7.5645e-05 8.86706e-07 -0)
(8.16375e-05 2.5407e-06 -0)
(8.90974e-05 7.63881e-07 -0)
(9.35704e-05 -3.83201e-07 -0)
(3.49139e-06 -2.73117e-05 -0)
(9.46465e-06 -1.97324e-05 -0)
(1.55294e-05 -1.32311e-05 -0)
(2.20196e-05 -7.69416e-06 -0)
(2.82387e-05 -3.7638e-06 -0)
(3.35132e-05 -1.34687e-06 -0)
(3.74826e-05 9.90071e-08 -0)
(4.03045e-05 1.27642e-06 -0)
(4.2037e-05 2.8673e-06 -0)
(4.51573e-05 4.85933e-06 -0)
(4.81532e-05 6.63988e-06 -0)
(5.65662e-05 7.39514e-06 -0)
(6.08814e-05 4.92773e-06 -0)
(6.29359e-05 1.67283e-06 -0)
(6.48007e-05 -4.96363e-07 -0)
(6.63974e-05 -1.73988e-06 -0)
(6.88483e-05 -2.04499e-06 -0)
(7.03455e-05 -1.45342e-06 -0)
(7.29521e-05 1.20511e-06 -0)
(7.40299e-05 5.50705e-06 -0)
(7.92374e-05 1.16409e-05 -0)
(8.88739e-05 1.31839e-05 -0)
(9.47754e-05 2.854e-06 -0)
(9.87001e-05 -6.05691e-06 -0)
(0.000103218 -9.70749e-06 -0)
(0.000110767 -1.04602e-05 -0)
(0.000122817 -1.06528e-05 -0)
(0.000138521 -1.15567e-05 -0)
(0.000156772 -1.11077e-05 -0)
(0.000168633 -5.27356e-06 -0)
(3.91887e-06 -3.16922e-05 -0)
(1.12308e-05 -2.5584e-05 -0)
(1.86333e-05 -1.95962e-05 -0)
(2.58551e-05 -1.3973e-05 -0)
(3.23164e-05 -9.29533e-06 -0)
(3.78001e-05 -5.76717e-06 -0)
(4.19986e-05 -3.13591e-06 -0)
(4.5388e-05 -1.07365e-06 -0)
(4.80549e-05 6.32329e-07 -0)
(5.12e-05 1.92946e-06 -0)
(5.45587e-05 2.47544e-06 -0)
(5.91347e-05 2.29375e-06 -0)
(6.3445e-05 1.17459e-06 -0)
(6.70216e-05 -8.39796e-07 -0)
(7.05093e-05 -2.83015e-06 -0)
(7.41178e-05 -4.26389e-06 -0)
(7.79989e-05 -4.74323e-06 -0)
(8.20115e-05 -4.03486e-06 -0)
(8.62168e-05 -1.80057e-06 -0)
(9.19707e-05 1.16818e-06 -0)
(9.90231e-05 3.41008e-06 -0)
(0.000110637 2.14777e-06 -0)
(0.000119955 -3.83374e-06 -0)
(0.000127505 -1.08605e-05 -0)
(0.000134543 -1.63539e-05 -0)
(0.000144891 -2.10997e-05 -0)
(0.000156956 -2.58966e-05 -0)
(0.000174606 -3.12559e-05 -0)
(0.000193633 -3.16282e-05 -0)
(0.000215788 -1.80774e-05 -0)
(6.38986e-06 -4.34411e-05 -0)
(1.75478e-05 -3.42657e-05 -0)
(2.76049e-05 -2.73005e-05 -0)
(3.59639e-05 -2.09739e-05 -0)
(4.27907e-05 -1.5383e-05 -0)
(4.8284e-05 -1.07497e-05 -0)
(5.27375e-05 -7.13164e-06 -0)
(5.65174e-05 -4.42516e-06 -0)
(6.00024e-05 -2.57774e-06 -0)
(6.36251e-05 -1.57897e-06 -0)
(6.75371e-05 -1.45633e-06 -0)
(7.17535e-05 -2.02249e-06 -0)
(7.64008e-05 -3.22768e-06 -0)
(8.10397e-05 -5.09079e-06 -0)
(8.57648e-05 -7.15953e-06 -0)
(9.05151e-05 -8.81012e-06 -0)
(9.54887e-05 -9.57515e-06 -0)
(0.000100817 -9.24215e-06 -0)
(0.000106981 -8.07625e-06 -0)
(0.000114836 -6.89928e-06 -0)
(0.000124221 -7.00991e-06 -0)
(0.000135361 -9.26038e-06 -0)
(0.000144928 -1.35672e-05 -0)
(0.000153546 -1.91627e-05 -0)
(0.000159852 -2.49916e-05 -0)
(0.000168173 -3.13365e-05 -0)
(0.00017363 -3.80636e-05 -0)
(0.000184777 -4.69573e-05 -0)
(0.000192886 -5.27278e-05 -0)
(0.000217548 -4.50517e-05 -0)
(1.23194e-05 -5.61937e-05 -0)
(3.38918e-05 -4.47049e-05 -0)
(4.63035e-05 -3.66302e-05 -0)
(5.33128e-05 -2.85685e-05 -0)
(5.7875e-05 -2.13712e-05 -0)
(6.12234e-05 -1.55232e-05 -0)
(6.41783e-05 -1.11449e-05 -0)
(6.69369e-05 -8.07673e-06 -0)
(6.98708e-05 -6.21783e-06 -0)
(7.29442e-05 -5.42498e-06 -0)
(7.63665e-05 -5.57255e-06 -0)
(7.99162e-05 -6.46425e-06 -0)
(8.38791e-05 -7.95804e-06 -0)
(8.78121e-05 -9.86806e-06 -0)
(9.18922e-05 -1.19011e-05 -0)
(9.57981e-05 -1.35925e-05 -0)
(0.000100259 -1.4721e-05 -0)
(0.000105172 -1.52009e-05 -0)
(0.000111699 -1.5461e-05 -0)
(0.000119195 -1.58611e-05 -0)
(0.000128293 -1.7053e-05 -0)
(0.000136616 -1.89404e-05 -0)
(0.000144597 -2.18002e-05 -0)
(0.000149872 -2.52585e-05 -0)
(0.000154076 -2.96597e-05 -0)
(0.000156127 -3.43976e-05 -0)
(0.000156162 -4.025e-05 -0)
(0.000158391 -4.80262e-05 -0)
(0.000153489 -5.81138e-05 -0)
(0.000214075 -8.81746e-05 -0)
(8.91351e-05 -8.12873e-05 -0)
(8.05999e-05 -6.44694e-05 -0)
(7.39884e-05 -4.61723e-05 -0)
(6.9197e-05 -3.26546e-05 -0)
(6.64324e-05 -2.34738e-05 -0)
(6.51479e-05 -1.71465e-05 -0)
(6.51827e-05 -1.28594e-05 -0)
(6.59326e-05 -1.00526e-05 -0)
(6.74307e-05 -8.50508e-06 -0)
(6.92285e-05 -7.98076e-06 -0)
(7.15053e-05 -8.35048e-06 -0)
(7.39253e-05 -9.41403e-06 -0)
(7.67615e-05 -1.10237e-05 -0)
(7.9716e-05 -1.29505e-05 -0)
(8.30968e-05 -1.50185e-05 -0)
(8.67773e-05 -1.69968e-05 -0)
(9.14127e-05 -1.88361e-05 -0)
(9.68846e-05 -2.04626e-05 -0)
(0.000103814 -2.20265e-05 -0)
(0.000111164 -2.33803e-05 -0)
(0.000119059 -2.46185e-05 -0)
(0.000124976 -2.54945e-05 -0)
(0.000130443 -2.67165e-05 -0)
(0.000131661 -2.80318e-05 -0)
(0.000134221 -3.06139e-05 -0)
(0.000129395 -3.30446e-05 -0)
(0.000132213 -3.89849e-05 -0)
(0.000116746 -4.44728e-05 -0)
(0.000126285 -8.04304e-05 -0)
(6.67848e-05 -0.000174366 -0)
(7.98619e-05 -5.08846e-05 -0)
(6.42155e-05 -3.86306e-05 -0)
(5.63021e-05 -2.95227e-05 -0)
(5.3521e-05 -2.30119e-05 -0)
(5.33967e-05 -1.82673e-05 -0)
(5.43586e-05 -1.46908e-05 -0)
(5.6058e-05 -1.21066e-05 -0)
(5.79e-05 -1.03549e-05 -0)
(6.01978e-05 -9.49656e-06 -0)
(6.24542e-05 -9.42886e-06 -0)
(6.51862e-05 -1.01785e-05 -0)
(6.78961e-05 -1.15821e-05 -0)
(7.11533e-05 -1.35956e-05 -0)
(7.45107e-05 -1.59929e-05 -0)
(7.85293e-05 -1.87025e-05 -0)
(8.28966e-05 -2.15224e-05 -0)
(8.81793e-05 -2.44026e-05 -0)
(9.38841e-05 -2.70739e-05 -0)
(0.000100265 -2.93721e-05 -0)
(0.000106228 -3.07088e-05 -0)
(0.000110873 -3.07956e-05 -0)
(0.000113776 -2.98319e-05 -0)
(0.000113663 -2.84644e-05 -0)
(0.000112424 -2.80069e-05 -0)
(0.000107242 -2.81827e-05 -0)
(0.000105232 -3.02361e-05 -0)
(9.3746e-05 -3.11907e-05 -0)
(8.41236e-05 -3.89097e-05 -0)
(6.34235e-05 -4.1177e-05 -0)
(1.01716e-05 -1.76438e-05 -0)
(8.53583e-05 -4.05084e-05 -0)
(7.9067e-05 -3.796e-05 -0)
(7.55855e-05 -3.35286e-05 -0)
(7.37294e-05 -2.82451e-05 -0)
(7.27614e-05 -2.32099e-05 -0)
(7.22267e-05 -1.90108e-05 -0)
(7.21524e-05 -1.58654e-05 -0)
(7.21494e-05 -1.37537e-05 -0)
(7.25882e-05 -1.27143e-05 -0)
(7.28809e-05 -1.26135e-05 -0)
(7.3626e-05 -1.34588e-05 -0)
(7.41529e-05 -1.50309e-05 -0)
(7.52394e-05 -1.73006e-05 -0)
(7.63489e-05 -1.99976e-05 -0)
(7.82766e-05 -2.30806e-05 -0)
(8.06901e-05 -2.63175e-05 -0)
(8.40906e-05 -2.95441e-05 -0)
(8.76117e-05 -3.23126e-05 -0)
(9.18109e-05 -3.43083e-05 -0)
(9.37437e-05 -3.41494e-05 -0)
(9.4645e-05 -3.24061e-05 -0)
(9.20641e-05 -2.8773e-05 -0)
(8.94386e-05 -2.52263e-05 -0)
(8.2304e-05 -2.20898e-05 -0)
(7.63937e-05 -2.31371e-05 -0)
(7.13074e-05 -2.26761e-05 -0)
(5.82163e-05 -1.79936e-05 -0)
(4.80921e-05 -2.16877e-05 -0)
(2.53909e-05 -1.93099e-05 -0)
(1.17397e-05 -1.45987e-05 -0)
(8.73559e-05 -3.19595e-05 -0)
(8.00457e-05 -2.98847e-05 -0)
(7.35469e-05 -2.62508e-05 -0)
(6.86455e-05 -2.21511e-05 -0)
(6.50252e-05 -1.8294e-05 -0)
(6.27593e-05 -1.52041e-05 -0)
(6.1192e-05 -1.28851e-05 -0)
(6.03652e-05 -1.14434e-05 -0)
(5.98464e-05 -1.07795e-05 -0)
(5.96914e-05 -1.09496e-05 -0)
(5.98053e-05 -1.19021e-05 -0)
(6.02335e-05 -1.36612e-05 -0)
(6.12514e-05 -1.61995e-05 -0)
(6.28915e-05 -1.94598e-05 -0)
(6.53993e-05 -2.33177e-05 -0)
(6.88768e-05 -2.75893e-05 -0)
(7.24343e-05 -3.1484e-05 -0)
(7.65244e-05 -3.48077e-05 -0)
(7.8898e-05 -3.57759e-05 -0)
(7.74857e-05 -3.36558e-05 -0)
(7.43183e-05 -2.97475e-05 -0)
(6.83152e-05 -2.47769e-05 -0)
(6.38962e-05 -1.94318e-05 -0)
(5.39381e-05 -1.32036e-05 -0)
(4.98226e-05 -1.68862e-05 -0)
(3.88159e-05 -1.82775e-05 -0)
(3.08908e-05 -4.67012e-06 -0)
(2.41536e-05 -6.83925e-06 -0)
(2.10435e-07 -1.33086e-07 -0)
(1.9882e-07 -2.26443e-07 -0)
(8.80611e-05 -2.4955e-05 -0)
(8.21476e-05 -2.38004e-05 -0)
(7.70506e-05 -2.18748e-05 -0)
(7.33662e-05 -1.95376e-05 -0)
(7.05272e-05 -1.70363e-05 -0)
(6.88856e-05 -1.48695e-05 -0)
(6.74375e-05 -1.30866e-05 -0)
(6.68641e-05 -1.20425e-05 -0)
(6.59971e-05 -1.16059e-05 -0)
(6.58939e-05 -1.21236e-05 -0)
(6.52865e-05 -1.33948e-05 -0)
(6.55064e-05 -1.58207e-05 -0)
(6.53641e-05 -1.90342e-05 -0)
(6.61281e-05 -2.32984e-05 -0)
(6.69079e-05 -2.79209e-05 -0)
(6.84668e-05 -3.26817e-05 -0)
(6.94416e-05 -3.62512e-05 -0)
(7.14464e-05 -3.84594e-05 -0)
(6.78252e-05 -3.51404e-05 -0)
(6.07493e-05 -2.96478e-05 -0)
(5.29127e-05 -2.36677e-05 -0)
(4.48122e-05 -1.82499e-05 -0)
(3.60641e-05 -1.49114e-05 -0)
(2.88933e-05 -3.48097e-06 -0)
(2.70515e-05 -6.23447e-06 -0)
(2.54582e-07 -7.18127e-08 -0)
(4.13641e-07 -1.36193e-07 -0)
(1.56501e-07 -1.61498e-07 -0)
(9.18107e-08 -2.11442e-07 -0)
(6.88394e-08 -3.70754e-07 -0)
(8.86123e-05 -1.92443e-05 -0)
(8.36168e-05 -1.85836e-05 -0)
(7.89419e-05 -1.74138e-05 -0)
(7.50857e-05 -1.58902e-05 -0)
(7.16178e-05 -1.41381e-05 -0)
(6.91626e-05 -1.25483e-05 -0)
(6.66671e-05 -1.11698e-05 -0)
(6.52274e-05 -1.03823e-05 -0)
(6.30962e-05 -1.00246e-05 -0)
(6.2181e-05 -1.05671e-05 -0)
(5.98897e-05 -1.16557e-05 -0)
(5.92019e-05 -1.40536e-05 -0)
(5.67335e-05 -1.69483e-05 -0)
(5.64762e-05 -2.14495e-05 -0)
(5.51039e-05 -2.58959e-05 -0)
(5.56387e-05 -3.0999e-05 -0)
(5.61955e-05 -3.47221e-05 -0)
(5.63497e-05 -3.50975e-05 -0)
(4.68157e-05 -2.65431e-05 -0)
(3.85763e-05 -1.97298e-05 -0)
(2.73138e-05 -1.59866e-05 -0)
(2.01142e-05 -4.92271e-06 -0)
(3.61834e-07 -7.1165e-08 -0)
(3.8745e-07 -7.6696e-08 -0)
(2.36732e-07 -6.59272e-08 -0)
(2.59254e-07 -5.54454e-08 -0)
(2.62035e-07 -2.18899e-07 -0)
(1.66449e-07 -2.61088e-07 -0)
(9.70655e-08 -2.25205e-07 -0)
(3.95089e-08 -2.62405e-07 -0)
(8.8978e-05 -1.43354e-05 -0)
(8.45063e-05 -1.39364e-05 -0)
(8.02373e-05 -1.32265e-05 -0)
(7.64812e-05 -1.22694e-05 -0)
(7.30389e-05 -1.11546e-05 -0)
(7.03604e-05 -1.0092e-05 -0)
(6.7686e-05 -9.16649e-06 -0)
(6.59266e-05 -8.63868e-06 -0)
(6.34847e-05 -8.46034e-06 -0)
(6.2289e-05 -9.02816e-06 -0)
(5.93873e-05 -1.01067e-05 -0)
(5.8506e-05 -1.25724e-05 -0)
(5.46326e-05 -1.55769e-05 -0)
(5.43683e-05 -2.10666e-05 -0)
(5.03731e-05 -2.58386e-05 -0)
(5.07221e-05 -3.26675e-05 -0)
(4.89991e-05 -3.5493e-05 -0)
(4.34597e-05 -3.08778e-05 -0)
(2.70092e-05 -1.85631e-05 -0)
(2.16891e-05 -6.45658e-06 -0)
(2.57692e-07 -3.93028e-08 -0)
(3.69042e-07 -1.99382e-08 -0)
(3.20536e-07 -3.69126e-09 -0)
(3.12004e-07 -1.11651e-07 -0)
(2.58685e-07 -1.09378e-07 -0)
(2.36309e-07 -9.86868e-08 -0)
(2.07999e-07 -1.49333e-07 -0)
(1.50195e-07 -1.77265e-07 -0)
(9.04939e-08 -1.79941e-07 -0)
(3.16397e-08 -1.91255e-07 -0)
(8.92097e-05 -9.93523e-06 -0)
(8.50608e-05 -9.69769e-06 -0)
(8.11095e-05 -9.28116e-06 -0)
(7.74152e-05 -8.69804e-06 -0)
(7.40499e-05 -8.02811e-06 -0)
(7.10899e-05 -7.34925e-06 -0)
(6.83241e-05 -6.77876e-06 -0)
(6.60305e-05 -6.42277e-06 -0)
(6.3441e-05 -6.3654e-06 -0)
(6.15057e-05 -6.77995e-06 -0)
(5.82933e-05 -7.68841e-06 -0)
(5.63374e-05 -9.61344e-06 -0)
(5.12664e-05 -1.22383e-05 -0)
(4.92573e-05 -1.72548e-05 -0)
(4.13802e-05 -2.13619e-05 -0)
(4.10087e-05 -2.93072e-05 -0)
(3.33021e-05 -2.82575e-05 -0)
(2.0062e-05 -1.77893e-05 -0)
(1.75096e-07 -3.58332e-08 -0)
(3.09979e-07 -6.3876e-09 -0)
(2.92371e-07 4.80526e-08 -0)
(3.12754e-07 -2.48761e-08 -0)
(2.99681e-07 -2.75705e-08 -0)
(2.81763e-07 -6.17413e-08 -0)
(2.49696e-07 -7.39036e-08 -0)
(2.19299e-07 -8.13883e-08 -0)
(1.83457e-07 -1.02478e-07 -0)
(1.3584e-07 -1.18695e-07 -0)
(8.30756e-08 -1.2604e-07 -0)
(2.81958e-08 -1.31417e-07 -0)
(8.93446e-05 -5.84821e-06 -0)
(8.53887e-05 -5.72199e-06 -0)
(8.16333e-05 -5.50342e-06 -0)
(7.79871e-05 -5.18899e-06 -0)
(7.46914e-05 -4.83496e-06 -0)
(7.15627e-05 -4.45907e-06 -0)
(6.878e-05 -4.1584e-06 -0)
(6.61165e-05 -3.95062e-06 -0)
(6.35329e-05 -3.95704e-06 -0)
(6.10119e-05 -4.19001e-06 -0)
(5.78799e-05 -4.82085e-06 -0)
(5.49517e-05 -5.96773e-06 -0)
(4.97821e-05 -7.89056e-06 -0)
(4.5737e-05 -1.13935e-05 -0)
(3.57176e-05 -1.54181e-05 -0)
(3.27278e-05 -2.3726e-05 -0)
(1.63845e-05 -1.68091e-05 -0)
(1.434e-07 -2.59651e-08 -0)
(3.03826e-07 2.99055e-08 -0)
(2.91586e-07 -5.92321e-09 -0)
(2.914e-07 7.34668e-09 -0)
(2.93419e-07 -1.00707e-08 -0)
(2.8367e-07 -1.95558e-08 -0)
(2.65671e-07 -3.38405e-08 -0)
(2.39038e-07 -4.31076e-08 -0)
(2.07734e-07 -5.04839e-08 -0)
(1.70692e-07 -6.04963e-08 -0)
(1.26634e-07 -6.89965e-08 -0)
(7.77725e-08 -7.41046e-08 -0)
(2.62629e-08 -7.69551e-08 -0)
(8.94077e-05 -1.93145e-06 -0)
(8.55391e-05 -1.89173e-06 -0)
(8.18823e-05 -1.82392e-06 -0)
(7.82523e-05 -1.72419e-06 -0)
(7.50125e-05 -1.61451e-06 -0)
(7.17759e-05 -1.49329e-06 -0)
(6.90406e-05 -1.40208e-06 -0)
(6.61065e-05 -1.33084e-06 -0)
(6.36725e-05 -1.34516e-06 -0)
(6.06152e-05 -1.41075e-06 -0)
(5.79187e-05 -1.64995e-06 -0)
(5.38773e-05 -1.99327e-06 -0)
(4.97333e-05 -2.74223e-06 -0)
(4.29281e-05 -3.84039e-06 -0)
(3.42052e-05 -6.28601e-06 -0)
(2.11072e-05 -9.91875e-06 -0)
(1.52751e-07 -4.93244e-08 -0)
(2.47668e-07 2.13546e-08 -0)
(2.8245e-07 4.99108e-09 -0)
(2.8742e-07 -2.12455e-11 -0)
(2.88224e-07 8.25438e-10 -0)
(2.85851e-07 -3.19759e-09 -0)
(2.75911e-07 -6.742e-09 -0)
(2.58211e-07 -1.09569e-08 -0)
(2.33053e-07 -1.42016e-08 -0)
(2.0191e-07 -1.69423e-08 -0)
(1.64945e-07 -2.00256e-08 -0)
(1.22232e-07 -2.26898e-08 -0)
(7.5117e-08 -2.44277e-08 -0)
(2.53453e-08 -2.53453e-08 -0)
)
;

boundaryField
{
    inlet1
    {
        type            extrapolatedCalculated;
        value           nonuniform List<vector> 10((1e-05 8.2672e-06 -0) (1e-05 3.81058e-05 -0) (1e-05 7.00659e-05 -0) (1e-05 8.68225e-05 -0) (1e-05 9.85555e-05 -0) (1e-05 0.000112267 -0) (1e-05 0.000128468 -0) (1e-05 0.000141033 -0) (1e-05 0.000144848 -0) (1e-05 0.000134439 -0));
    }
    inlet2
    {
        type            extrapolatedCalculated;
        value           nonuniform List<vector> 10((-0 9.01237e-05 -0) (-0 6.56937e-05 -0) (-0 8.10499e-05 -0) (-0 2.61426e-05 -0) (-0 -1.55996e-05 -0) (-0 -1.61662e-05 -0) (-0 -2.73117e-05 -0) (-0 -3.16922e-05 -0) (-0 -4.34411e-05 -0) (-0 -5.61937e-05 -0));
    }
    inlet3
    {
        type            extrapolatedCalculated;
        value           nonuniform List<vector> 10((9.13394e-05 -6.9747e-05 -0) (9.13394e-05 -5.38449e-05 -0) (9.13394e-05 -4.13163e-05 -0) (9.13394e-05 -3.22646e-05 -0) (9.13394e-05 -2.51601e-05 -0) (9.13394e-05 -1.93549e-05 -0) (9.13394e-05 -1.43912e-05 -0) (9.13394e-05 -9.96186e-06 -0) (9.13394e-05 -5.85975e-06 -0) (9.13394e-05 -1.93462e-06 -0));
    }
    output1
    {
        type            extrapolatedCalculated;
        value           nonuniform List<vector> 10((-0 1.31149e-08 -0) (-0 3.98332e-08 -0) (-0 6.80861e-08 -0) (-0 9.91507e-08 -0) (-0 1.34784e-07 -0) (-0 1.77696e-07 -0) (-0 2.32551e-07 -0) (-0 3.0841e-07 -0) (-0 4.25457e-07 -0) (-0 6.35801e-07 -0));
    }
    output2
    {
        type            extrapolatedCalculated;
        value           nonuniform List<vector> 10((1.20042e-06 4.94601e-07 -0) (7.69595e-07 1.43591e-07 -0) (6.26053e-07 4.92601e-08 -0) (5.72555e-07 1.93486e-08 -0) (3.79147e-07 5.30253e-09 -0) (9.41546e-05 -3.83201e-07 -0) (0.000170861 -5.27356e-06 -0) (0.000222183 -1.80774e-05 -0) (0.000238634 -4.50517e-05 -0) (0.000284015 -8.81746e-05 -0));
    }
    output3
    {
        type            extrapolatedCalculated;
        value           nonuniform List<vector> 10((-0 -0.000174366 -0) (-0 -1.76438e-05 -0) (-0 -1.45987e-05 -0) (-0 -2.26443e-07 -0) (-0 -3.70754e-07 -0) (-0 -2.62405e-07 -0) (-0 -1.91255e-07 -0) (-0 -1.31417e-07 -0) (-0 -7.69551e-08 -0) (-0 -2.53453e-08 -0));
    }
    up
    {
        type            extrapolatedCalculated;
        value           nonuniform List<vector> 
30
(
(8.94077e-05 -0 -0)
(8.55391e-05 -0 -0)
(8.18823e-05 -0 -0)
(7.82523e-05 -0 -0)
(7.50125e-05 -0 -0)
(7.17759e-05 -0 -0)
(6.90406e-05 -0 -0)
(6.61065e-05 -0 -0)
(6.36725e-05 -0 -0)
(6.06152e-05 -0 -0)
(5.79187e-05 -0 -0)
(5.38773e-05 -0 -0)
(4.97333e-05 -0 -0)
(4.29281e-05 -0 -0)
(3.42052e-05 -0 -0)
(2.11072e-05 -0 -0)
(1.52751e-07 -0 -0)
(2.47668e-07 -0 -0)
(2.8245e-07 -0 -0)
(2.8742e-07 -0 -0)
(2.88224e-07 -0 -0)
(2.85851e-07 -0 -0)
(2.75911e-07 -0 -0)
(2.58211e-07 -0 -0)
(2.33053e-07 -0 -0)
(2.0191e-07 -0 -0)
(1.64945e-07 -0 -0)
(1.22232e-07 -0 -0)
(7.5117e-08 -0 -0)
(2.53453e-08 -0 -0)
)
;
    }
    down
    {
        type            extrapolatedCalculated;
        value           nonuniform List<vector> 
30
(
(5.59526e-06 -0 -0)
(1.73571e-06 -0 -0)
(2.98336e-07 -0 -0)
(1.85234e-07 -0 -0)
(1.03637e-07 -0 -0)
(1.81526e-07 -0 -0)
(1.74839e-07 -0 -0)
(1.69917e-07 -0 -0)
(1.67248e-07 -0 -0)
(1.66308e-07 -0 -0)
(1.66512e-07 -0 -0)
(1.67407e-07 -0 -0)
(1.68649e-07 -0 -0)
(1.69965e-07 -0 -0)
(1.71118e-07 -0 -0)
(1.71892e-07 -0 -0)
(1.72078e-07 -0 -0)
(1.71453e-07 -0 -0)
(1.6978e-07 -0 -0)
(1.66795e-07 -0 -0)
(1.6221e-07 -0 -0)
(1.55719e-07 -0 -0)
(1.47015e-07 -0 -0)
(1.35809e-07 -0 -0)
(1.21871e-07 -0 -0)
(1.05071e-07 -0 -0)
(8.54384e-08 -0 -0)
(6.3208e-08 -0 -0)
(3.88597e-08 -0 -0)
(1.3116e-08 -0 -0)
)
;
    }
    emptyWalls
    {
        type            empty;
    }
}


// ************************************************************************* //
