/*--------------------------------*- C++ -*----------------------------------*\
  =========                 |
  \\      /  F ield         | OpenFOAM: The Open Source CFD Toolbox
   \\    /   O peration     | Website:  https://openfoam.org
    \\  /    A nd           | Version:  9
     \\/     M anipulation  |
\*---------------------------------------------------------------------------*/
FoamFile
{
    format      ascii;
    class       volScalarField;
    location    "28500";
    object      alpha;
}
// * * * * * * * * * * * * * * * * * * * * * * * * * * * * * * * * * * * * * //

dimensions      [0 2 -1 0 0 0 0];

internalField   nonuniform List<scalar> 
900
(
-2.92448e-10
-6.50503e-12
-3.09747e-11
-6.51456e-12
-3.81726e-14
-4.0652e-14
-4.0652e-14
-4.0652e-14
-4.0652e-14
-4.0652e-14
-4.0652e-14
-4.0652e-14
-4.0652e-14
-4.0652e-14
-4.0652e-14
-4.0652e-14
-4.0652e-14
-4.0652e-14
-4.0652e-14
-4.0652e-14
-4.0652e-14
-4.0652e-14
-4.0652e-14
-4.0652e-14
-4.0652e-14
-4.0652e-14
-4.0652e-14
-4.0652e-14
-4.0652e-14
-4.0652e-14
-1.83789e-10
-1.80664e-10
-1.38839e-10
-1.1024e-11
-2.75978e-14
-4.0652e-14
-4.0652e-14
-4.0652e-14
-4.0652e-14
-4.0652e-14
-4.0652e-14
-4.0652e-14
-4.0652e-14
-4.0652e-14
-4.0652e-14
-4.0652e-14
-4.0652e-14
-4.0652e-14
-4.0652e-14
-4.0652e-14
-4.0652e-14
-4.0652e-14
-4.0652e-14
-4.0652e-14
-4.0652e-14
-4.0652e-14
-4.0652e-14
-4.0652e-14
-4.0652e-14
-4.0652e-14
-1.93407e-10
-1.46678e-11
-1.05477e-11
-1.21403e-12
-4.01141e-14
-4.0652e-14
-4.0652e-14
-4.0652e-14
-4.0652e-14
-4.0652e-14
-4.0652e-14
-4.0652e-14
-4.0652e-14
-4.0652e-14
-4.0652e-14
-4.0652e-14
-4.0652e-14
-4.0652e-14
-4.0652e-14
-4.0652e-14
-4.0652e-14
-4.0652e-14
-4.0652e-14
-4.0652e-14
-4.0652e-14
-4.0652e-14
-4.0652e-14
-4.0652e-14
-4.0652e-14
-4.0652e-14
-2.27985e-10
-9.43457e-11
-1.39996e-11
-6.74022e-14
-4.06399e-14
-4.0652e-14
-4.0652e-14
-4.0652e-14
-4.0652e-14
-4.0652e-14
-4.0652e-14
-4.0652e-14
-4.0652e-14
-4.0652e-14
-4.0652e-14
-4.0652e-14
-4.0652e-14
-4.0652e-14
-4.0652e-14
-4.0652e-14
-4.0652e-14
-4.0652e-14
-4.0652e-14
-4.0652e-14
-4.0652e-14
-4.0652e-14
-4.0652e-14
-4.0652e-14
-4.0652e-14
-4.0652e-14
-2.45346e-10
-6.32094e-11
-1.0356e-11
-3.27978e-14
-4.06503e-14
-4.0652e-14
-4.0652e-14
-4.0652e-14
-4.0652e-14
-4.0652e-14
-4.0652e-14
-4.0652e-14
-4.0652e-14
-4.0652e-14
-4.0652e-14
-4.0652e-14
-4.0652e-14
-4.0652e-14
-4.0652e-14
-4.0652e-14
-4.0652e-14
-4.0652e-14
-4.0652e-14
-4.0652e-14
-4.0652e-14
-4.0652e-14
-4.0652e-14
-4.0652e-14
-4.0652e-14
-4.0652e-14
-2.89137e-10
-4.80739e-11
-1.73498e-11
-2.7218e-14
-4.0652e-14
-4.0652e-14
-4.0652e-14
-4.0652e-14
-4.0652e-14
-4.0652e-14
-4.0652e-14
-4.0652e-14
-4.0652e-14
-4.0652e-14
-4.0652e-14
-4.0652e-14
-4.0652e-14
-4.0652e-14
-4.0652e-14
-4.0652e-14
-4.0652e-14
-4.0652e-14
-4.0652e-14
-4.0652e-14
-4.0652e-14
-4.0652e-14
-4.0652e-14
-4.0652e-14
-4.0652e-14
-4.0652e-14
-3.28824e-10
-8.21009e-11
-1.6544e-11
-3.06906e-14
-4.0652e-14
-4.0652e-14
-4.0652e-14
-4.0652e-14
-4.0652e-14
-4.0652e-14
-4.0652e-14
-4.0652e-14
-4.0652e-14
-4.0652e-14
-4.0652e-14
-4.0652e-14
-4.0652e-14
-4.0652e-14
-4.0652e-14
-4.0652e-14
-4.0652e-14
-4.0652e-14
-4.0652e-14
-4.0652e-14
-4.0652e-14
-4.0652e-14
-4.0652e-14
-4.0652e-14
-4.0652e-14
-4.0652e-14
-3.76157e-10
-1.5092e-10
-2.09287e-11
-3.46199e-14
-4.0652e-14
-4.0652e-14
-4.0652e-14
-4.0652e-14
-4.0652e-14
-4.0652e-14
-4.0652e-14
-4.0652e-14
-4.0652e-14
-4.0652e-14
-4.0652e-14
-4.0652e-14
-4.0652e-14
-4.0652e-14
-4.0652e-14
-4.0652e-14
-4.0652e-14
-4.0652e-14
-4.0652e-14
-4.0652e-14
-4.0652e-14
-4.0652e-14
-4.0652e-14
-4.0652e-14
-4.0652e-14
-4.0652e-14
-4.52665e-10
-1.13677e-10
-1.11936e-11
-3.72839e-14
-4.0652e-14
-4.0652e-14
-4.0652e-14
-4.0652e-14
-4.0652e-14
-4.0652e-14
-4.0652e-14
-4.0652e-14
-4.0652e-14
-4.0652e-14
-4.0652e-14
-4.0652e-14
-4.0652e-14
-4.0652e-14
-4.0652e-14
-4.0652e-14
-4.0652e-14
-4.0652e-14
-4.0652e-14
-4.0652e-14
-4.0652e-14
-4.0652e-14
-4.0652e-14
-4.0652e-14
-4.0652e-14
-4.0652e-14
-5.27463e-10
-2.08432e-10
-5.86076e-11
-3.50279e-14
-4.0652e-14
-4.0652e-14
-4.0652e-14
-4.0652e-14
-4.0652e-14
-4.0652e-14
-4.0652e-14
-4.0652e-14
-4.0652e-14
-4.0652e-14
-4.0652e-14
-4.0652e-14
-4.0652e-14
-4.0652e-14
-4.0652e-14
-4.0652e-14
-4.0652e-14
-4.0652e-14
-4.0652e-14
-4.0652e-14
-4.0652e-14
-4.0652e-14
-4.0652e-14
-4.0652e-14
-4.0652e-14
-4.0652e-14
-7.53219e-10
-2.51102e-10
-1.42415e-11
-2.08052e-12
-3.99983e-14
-4.06519e-14
-4.0652e-14
-4.0652e-14
-4.0652e-14
-4.0652e-14
-4.0652e-14
-4.0652e-14
-4.0652e-14
-4.0652e-14
-4.0652e-14
-4.0652e-14
-4.0652e-14
-4.0652e-14
-4.0652e-14
-4.0652e-14
-4.0652e-14
-4.0652e-14
-4.0652e-14
-4.0652e-14
-4.0652e-14
-4.0652e-14
-4.0652e-14
-4.0652e-14
-4.0652e-14
-4.0652e-14
-6.61767e-10
-4.57103e-10
-1.72802e-10
-2.83546e-11
-1.02814e-11
-9.67303e-14
-4.0651e-14
-4.06518e-14
-4.06519e-14
-4.06519e-14
-4.06519e-14
-4.06519e-14
-4.06519e-14
-4.0652e-14
-4.0652e-14
-4.0652e-14
-4.0652e-14
-4.0652e-14
-4.0652e-14
-4.0652e-14
-4.0652e-14
-4.0652e-14
-4.0652e-14
-4.0652e-14
-4.0652e-14
-4.0652e-14
-4.0652e-14
-4.0652e-14
-4.0652e-14
-4.0652e-14
-5.21892e-10
-1.54085e-10
-1.72114e-10
-8.57608e-11
-5.51714e-11
-2.46151e-11
-1.67627e-11
-1.48086e-11
-1.34224e-11
-1.38605e-11
-1.22132e-11
-1.50953e-11
-1.52499e-13
-3.68968e-14
-3.63603e-14
-3.59105e-14
-3.53996e-14
-3.50766e-14
-3.49186e-14
-3.48184e-14
-3.46486e-14
-3.44534e-14
-3.4202e-14
-3.40522e-14
-3.39812e-14
-3.44385e-14
-3.5183e-14
-3.64411e-14
-3.80282e-14
-3.98059e-14
-1.19729e-10
-3.33014e-11
-4.59876e-11
-5.63288e-11
-4.41902e-11
-3.79293e-11
-2.79549e-11
-2.61104e-11
-2.22387e-11
-2.41185e-11
-1.92563e-11
-1.98092e-11
-1.03684e-11
-8.47074e-12
-8.27797e-12
-8.21426e-12
-8.14364e-12
-8.13298e-12
-8.21121e-12
-8.34826e-12
-8.49911e-12
-8.62803e-12
-8.74291e-12
-8.84803e-12
-8.99178e-12
-9.15525e-12
-9.38635e-12
-9.57996e-12
-9.78424e-12
-9.79133e-12
-2.56318e-11
-2.69905e-11
-2.03831e-11
-2.4601e-11
-2.29484e-11
-2.46601e-11
-2.23664e-11
-2.11741e-11
-1.94252e-11
-1.9168e-11
-1.75288e-11
-1.69203e-11
-1.66669e-11
-1.47512e-11
-1.39386e-11
-1.36711e-11
-1.35727e-11
-1.35568e-11
-1.36228e-11
-1.37352e-11
-1.3866e-11
-1.39616e-11
-1.40598e-11
-1.41157e-11
-1.42608e-11
-1.43873e-11
-1.47262e-11
-1.49906e-11
-1.54448e-11
-1.54365e-11
-2.38916e-11
-1.97374e-11
-1.81738e-11
-1.73397e-11
-1.69833e-11
-1.72128e-11
-1.70553e-11
-1.65914e-11
-1.60322e-11
-1.54636e-11
-1.52735e-11
-1.50309e-11
-1.60339e-11
-1.57286e-11
-1.52046e-11
-1.4927e-11
-1.48311e-11
-1.48377e-11
-1.48861e-11
-1.4976e-11
-1.5061e-11
-1.51696e-11
-1.52671e-11
-1.53806e-11
-1.55337e-11
-1.56755e-11
-1.60373e-11
-1.63572e-11
-1.70864e-11
-1.72132e-11
-1.80598e-11
-1.66392e-11
-1.59191e-11
-1.58412e-11
-1.61149e-11
-1.63249e-11
-1.64192e-11
-1.6249e-11
-1.59367e-11
-1.55209e-11
-1.53379e-11
-1.52591e-11
-1.55316e-11
-1.55807e-11
-1.53926e-11
-1.52568e-11
-1.52472e-11
-1.53486e-11
-1.54891e-11
-1.57113e-11
-1.59171e-11
-1.62647e-11
-1.65156e-11
-1.69502e-11
-1.71368e-11
-1.74545e-11
-1.75201e-11
-1.77225e-11
-1.82603e-11
-1.86704e-11
-1.72603e-11
-1.57036e-11
-1.58256e-11
-1.64224e-11
-1.70995e-11
-1.7623e-11
-1.79446e-11
-1.79976e-11
-1.7874e-11
-1.76256e-11
-1.74329e-11
-1.73021e-11
-1.72877e-11
-1.72883e-11
-1.73123e-11
-1.73301e-11
-1.74746e-11
-1.76388e-11
-1.79139e-11
-1.81824e-11
-1.85298e-11
-1.89172e-11
-1.92034e-11
-1.96211e-11
-1.94967e-11
-1.96775e-11
-1.87295e-11
-1.83722e-11
-1.7367e-11
-1.77263e-11
-1.55729e-11
-1.57231e-11
-1.71475e-11
-1.864e-11
-1.9762e-11
-2.04654e-11
-2.08505e-11
-2.0968e-11
-2.09497e-11
-2.08162e-11
-2.07299e-11
-2.06315e-11
-2.06524e-11
-2.06605e-11
-2.07817e-11
-2.07703e-11
-2.09009e-11
-2.08271e-11
-2.09983e-11
-2.08589e-11
-2.10875e-11
-2.08256e-11
-2.09648e-11
-2.04929e-11
-2.02464e-11
-1.97027e-11
-1.84812e-11
-1.76488e-11
-1.4637e-11
-1.39782e-11
-1.58801e-11
-1.87678e-11
-2.15379e-11
-2.30304e-11
-2.3548e-11
-2.3604e-11
-2.3461e-11
-2.32685e-11
-2.30651e-11
-2.28911e-11
-2.27526e-11
-2.26541e-11
-2.25878e-11
-2.25284e-11
-2.24484e-11
-2.22765e-11
-2.2059e-11
-2.17221e-11
-2.14565e-11
-2.10081e-11
-2.08157e-11
-2.01692e-11
-2.01465e-11
-1.91669e-11
-1.94752e-11
-1.82057e-11
-1.86478e-11
-1.75859e-11
-1.43754e-11
-1.26083e-11
-2.26692e-11
-2.7081e-11
-2.69054e-11
-2.53234e-11
-2.38568e-11
-2.28022e-11
-2.20837e-11
-2.16288e-11
-2.13206e-11
-2.11449e-11
-2.10045e-11
-2.09349e-11
-2.0829e-11
-2.07643e-11
-2.0595e-11
-2.04657e-11
-2.01947e-11
-2.005e-11
-1.97567e-11
-1.96805e-11
-1.94005e-11
-1.9363e-11
-1.91615e-11
-1.89551e-11
-1.90953e-11
-1.79499e-11
-1.92688e-11
-1.65156e-11
-2.52315e-11
-3.16368e-11
-1.84601e-11
-1.7456e-11
-1.73617e-11
-1.75485e-11
-1.78375e-11
-1.81668e-11
-1.84912e-11
-1.8787e-11
-1.9039e-11
-1.92592e-11
-1.94367e-11
-1.9596e-11
-1.97184e-11
-1.98382e-11
-1.99268e-11
-2.00327e-11
-2.01026e-11
-2.02007e-11
-2.02016e-11
-2.02435e-11
-2.00549e-11
-2.00485e-11
-1.95135e-11
-1.95997e-11
-1.84322e-11
-1.88356e-11
-1.69878e-11
-1.73305e-11
-1.39504e-11
-3.99801e-12
-1.91376e-11
-1.96817e-11
-2.08216e-11
-2.18276e-11
-2.24567e-11
-2.27625e-11
-2.28772e-11
-2.2893e-11
-2.28635e-11
-2.28155e-11
-2.27525e-11
-2.26811e-11
-2.25898e-11
-2.24804e-11
-2.23372e-11
-2.21464e-11
-2.18903e-11
-2.15235e-11
-2.109e-11
-2.05083e-11
-2.00192e-11
-1.93265e-11
-1.90362e-11
-1.82236e-11
-1.80036e-11
-1.67951e-11
-1.55122e-11
-1.27467e-11
-9.34489e-12
-8.67589e-12
-1.93353e-11
-1.90905e-11
-1.89653e-11
-1.88961e-11
-1.8834e-11
-1.87477e-11
-1.8674e-11
-1.8606e-11
-1.85747e-11
-1.85489e-11
-1.85504e-11
-1.8543e-11
-1.85495e-11
-1.85396e-11
-1.85249e-11
-1.84953e-11
-1.84255e-11
-1.83922e-11
-1.82837e-11
-1.83734e-11
-1.82775e-11
-1.85257e-11
-1.82698e-11
-1.81517e-11
-1.71953e-11
-1.56782e-11
-1.23678e-11
-9.23076e-12
-6.51784e-12
-2.95755e-12
-1.93578e-11
-1.91565e-11
-1.91444e-11
-1.93018e-11
-1.95586e-11
-1.98129e-11
-2.00578e-11
-2.02389e-11
-2.0423e-11
-2.05368e-11
-2.06926e-11
-2.07623e-11
-2.09183e-11
-2.09517e-11
-2.11216e-11
-2.11039e-11
-2.12751e-11
-2.1166e-11
-2.12608e-11
-2.09624e-11
-2.07219e-11
-2.00646e-11
-1.91332e-11
-1.78387e-11
-1.61234e-11
-1.28017e-11
-8.9273e-12
-6.31238e-12
-3.65294e-12
-2.59675e-12
-1.94015e-11
-1.92553e-11
-1.91909e-11
-1.92005e-11
-1.92635e-11
-1.93362e-11
-1.94136e-11
-1.94621e-11
-1.95211e-11
-1.954e-11
-1.95978e-11
-1.95921e-11
-1.96612e-11
-1.96168e-11
-1.97004e-11
-1.95814e-11
-1.96654e-11
-1.93827e-11
-1.93758e-11
-1.87781e-11
-1.85036e-11
-1.77104e-11
-1.68619e-11
-1.59001e-11
-1.33595e-11
-9.35004e-12
-6.00398e-12
-3.77579e-12
-2.6476e-14
-4.0652e-14
-1.94322e-11
-1.93169e-11
-1.92459e-11
-1.92213e-11
-1.92486e-11
-1.93033e-11
-1.9387e-11
-1.94599e-11
-1.95571e-11
-1.96165e-11
-1.97254e-11
-1.97631e-11
-1.99033e-11
-1.99113e-11
-2.01193e-11
-2.00769e-11
-2.04035e-11
-2.02254e-11
-2.06819e-11
-2.0092e-11
-2.04829e-11
-1.90145e-11
-1.82313e-11
-1.56817e-11
-1.07623e-11
-5.50131e-12
-3.53819e-12
-3.7309e-14
-4.0652e-14
-4.0652e-14
-1.94506e-11
-1.93594e-11
-1.9293e-11
-1.92583e-11
-1.92556e-11
-1.92834e-11
-1.93327e-11
-1.9393e-11
-1.94644e-11
-1.95292e-11
-1.96129e-11
-1.96718e-11
-1.97802e-11
-1.98288e-11
-1.99948e-11
-2.00179e-11
-2.02954e-11
-2.02077e-11
-2.06349e-11
-2.00132e-11
-2.03288e-11
-1.76801e-11
-1.69635e-11
-1.20579e-11
-5.86984e-12
-2.83158e-14
-4.0652e-14
-4.0652e-14
-4.0652e-14
-4.0652e-14
-1.94616e-11
-1.93848e-11
-1.93248e-11
-1.92868e-11
-1.92715e-11
-1.92829e-11
-1.93149e-11
-1.9365e-11
-1.94269e-11
-1.94945e-11
-1.95739e-11
-1.96479e-11
-1.97519e-11
-1.98323e-11
-1.99903e-11
-2.0078e-11
-2.03497e-11
-2.04149e-11
-2.08983e-11
-2.06808e-11
-2.13451e-11
-1.88829e-11
-1.85866e-11
-8.19782e-12
-2.67408e-14
-4.0652e-14
-4.0652e-14
-4.0652e-14
-4.0652e-14
-4.0652e-14
-1.94665e-11
-1.93971e-11
-1.934e-11
-1.93026e-11
-1.92813e-11
-1.92876e-11
-1.93081e-11
-1.93567e-11
-1.94067e-11
-1.94837e-11
-1.95471e-11
-1.96467e-11
-1.97202e-11
-1.98545e-11
-1.99486e-11
-2.01499e-11
-2.02889e-11
-2.06147e-11
-2.08239e-11
-2.13156e-11
-2.14744e-11
-2.1476e-11
-1.91053e-11
-1.79356e-13
-4.06508e-14
-4.0652e-14
-4.0652e-14
-4.0652e-14
-4.0652e-14
-4.0652e-14
)
;

boundaryField
{
    inlet1
    {
        type            calculated;
        value           uniform -5e-10;
    }
    inlet2
    {
        type            calculated;
        value           nonuniform List<scalar> 10(-7.53219e-10 -6.61767e-10 -5.21892e-10 -1.19729e-10 -2.56318e-11 -2.38916e-11 -1.80598e-11 -1.72603e-11 -1.55729e-11 -1.58801e-11);
    }
    inlet3
    {
        type            calculated;
        value           uniform -1.95111e-11;
    }
    output1
    {
        type            calculated;
        value           nonuniform List<scalar> 10(-4.0652e-14 -4.0652e-14 -4.0652e-14 -4.0652e-14 -4.0652e-14 -4.0652e-14 -4.0652e-14 -4.0652e-14 -4.0652e-14 -4.0652e-14);
    }
    output2
    {
        type            calculated;
        value           nonuniform List<scalar> 10(-4.0652e-14 -4.0652e-14 -3.98059e-14 -9.79133e-12 -1.54365e-11 -1.72132e-11 -1.86704e-11 -1.77263e-11 -1.39782e-11 -1.26083e-11);
    }
    output3
    {
        type            calculated;
        value           nonuniform List<scalar> 10(-3.16368e-11 -3.99801e-12 -8.67589e-12 -2.95755e-12 -2.59675e-12 -4.0652e-14 -4.0652e-14 -4.0652e-14 -4.0652e-14 -4.0652e-14);
    }
    up
    {
        type            calculated;
        value           nonuniform List<scalar> 
30
(
-1.94665e-11
-1.93971e-11
-1.934e-11
-1.93026e-11
-1.92813e-11
-1.92876e-11
-1.93081e-11
-1.93567e-11
-1.94067e-11
-1.94837e-11
-1.95471e-11
-1.96467e-11
-1.97202e-11
-1.98545e-11
-1.99486e-11
-2.01499e-11
-2.02889e-11
-2.06147e-11
-2.08239e-11
-2.13156e-11
-2.14744e-11
-2.1476e-11
-1.91053e-11
-1.79356e-13
-4.06508e-14
-4.0652e-14
-4.0652e-14
-4.0652e-14
-4.0652e-14
-4.0652e-14
)
;
    }
    down
    {
        type            calculated;
        value           nonuniform List<scalar> 
30
(
-2.92448e-10
-6.50503e-12
-3.09747e-11
-6.51456e-12
-3.81726e-14
-4.0652e-14
-4.0652e-14
-4.0652e-14
-4.0652e-14
-4.0652e-14
-4.0652e-14
-4.0652e-14
-4.0652e-14
-4.0652e-14
-4.0652e-14
-4.0652e-14
-4.0652e-14
-4.0652e-14
-4.0652e-14
-4.0652e-14
-4.0652e-14
-4.0652e-14
-4.0652e-14
-4.0652e-14
-4.0652e-14
-4.0652e-14
-4.0652e-14
-4.0652e-14
-4.0652e-14
-4.0652e-14
)
;
    }
    emptyWalls
    {
        type            empty;
    }
}


// ************************************************************************* //
