/*--------------------------------*- C++ -*----------------------------------*\
  =========                 |
  \\      /  F ield         | OpenFOAM: The Open Source CFD Toolbox
   \\    /   O peration     | Website:  https://openfoam.org
    \\  /    A nd           | Version:  9
     \\/     M anipulation  |
\*---------------------------------------------------------------------------*/
FoamFile
{
    format      ascii;
    class       volScalarField;
    location    "28500";
    object      p;
}
// * * * * * * * * * * * * * * * * * * * * * * * * * * * * * * * * * * * * * //

dimensions      [0 0 0 0 0 0 0];

internalField   nonuniform List<scalar> 
900
(
1.08079e+07
1.08057e+07
1.08023e+07
1.08015e+07
1.07974e+07
1.04514e+07
1.01342e+07
9.82696e+06
9.52525e+06
9.22621e+06
8.92788e+06
8.62907e+06
8.32919e+06
8.02822e+06
7.72659e+06
7.42512e+06
7.12503e+06
6.82783e+06
6.53535e+06
6.24974e+06
5.97345e+06
5.70926e+06
5.4603e+06
5.22999e+06
5.02205e+06
4.84038e+06
4.68891e+06
4.57135e+06
4.49094e+06
4.45009e+06
1.08051e+07
1.08028e+07
1.08018e+07
1.08014e+07
1.07989e+07
1.04332e+07
1.01243e+07
9.82138e+06
9.52258e+06
9.2255e+06
8.92837e+06
8.63013e+06
8.33028e+06
8.02888e+06
7.72641e+06
7.42376e+06
7.12214e+06
6.82311e+06
6.52849e+06
6.24042e+06
5.96135e+06
5.69404e+06
5.44164e+06
5.20762e+06
4.99579e+06
4.81019e+06
4.65499e+06
4.5342e+06
4.45138e+06
4.40924e+06
1.07984e+07
1.07976e+07
1.07993e+07
1.07982e+07
1.07683e+07
1.0417e+07
1.01085e+07
9.81164e+06
9.51818e+06
9.22484e+06
8.92998e+06
8.63278e+06
8.33293e+06
8.03061e+06
7.72643e+06
7.42135e+06
7.11667e+06
6.81397e+06
6.51507e+06
6.2221e+06
5.93747e+06
5.66393e+06
5.40461e+06
5.16307e+06
4.94328e+06
4.7496e+06
4.58666e+06
4.45908e+06
4.37116e+06
4.32625e+06
1.07881e+07
1.07865e+07
1.07865e+07
1.07862e+07
1.06294e+07
1.03603e+07
1.00809e+07
9.79854e+06
9.51367e+06
9.22568e+06
8.93395e+06
8.63808e+06
8.33805e+06
8.03421e+06
7.72733e+06
7.41854e+06
7.10923e+06
6.80102e+06
6.49574e+06
6.19545e+06
5.9025e+06
5.61958e+06
5.3498e+06
5.09676e+06
4.86467e+06
4.65829e+06
4.48295e+06
4.34431e+06
4.24791e+06
4.19835e+06
1.07757e+07
1.07754e+07
1.07737e+07
1.07722e+07
1.05522e+07
1.0314e+07
1.00563e+07
9.78796e+06
9.51229e+06
9.23027e+06
8.94204e+06
8.64756e+06
8.34698e+06
8.04085e+06
7.73016e+06
7.41625e+06
7.10068e+06
6.78513e+06
6.47141e+06
6.16146e+06
5.85751e+06
5.5621e+06
5.27823e+06
5.00953e+06
4.76034e+06
4.53593e+06
4.34255e+06
4.18732e+06
4.07781e+06
4.0209e+06
1.07613e+07
1.07599e+07
1.07584e+07
1.07575e+07
1.05146e+07
1.02872e+07
1.00422e+07
9.78471e+06
9.51727e+06
9.24107e+06
8.95637e+06
8.66313e+06
8.36146e+06
8.05204e+06
7.73619e+06
7.41563e+06
7.09212e+06
6.76743e+06
6.44329e+06
6.12149e+06
5.80398e+06
5.49307e+06
5.19151e+06
4.90277e+06
4.63123e+06
4.38256e+06
4.16399e+06
3.9846e+06
3.85513e+06
3.78653e+06
1.07463e+07
1.07438e+07
1.07436e+07
1.07426e+07
1.05016e+07
1.02779e+07
1.00408e+07
9.79138e+06
9.53102e+06
9.26035e+06
8.97925e+06
8.68715e+06
8.3837e+06
8.06966e+06
7.74696e+06
7.41794e+06
7.08474e+06
6.74919e+06
6.41284e+06
6.07721e+06
5.74387e+06
5.41468e+06
5.09197e+06
4.77879e+06
4.47927e+06
4.19909e+06
3.94624e+06
3.73196e+06
3.57158e+06
3.48355e+06
1.07318e+07
1.07305e+07
1.07302e+07
1.07293e+07
1.05007e+07
1.02822e+07
1.00516e+07
9.80899e+06
9.55508e+06
9.29007e+06
9.01313e+06
8.7225e+06
8.41654e+06
8.09593e+06
7.76404e+06
7.42442e+06
7.07973e+06
6.73173e+06
6.3817e+06
6.03064e+06
5.6796e+06
5.32981e+06
4.9829e+06
4.64117e+06
4.30797e+06
3.98829e+06
3.68991e+06
3.42544e+06
3.21567e+06
3.09256e+06
1.07179e+07
1.07163e+07
1.07135e+07
1.07121e+07
1.05067e+07
1.02984e+07
1.00745e+07
9.83789e+06
9.59022e+06
9.33173e+06
9.06069e+06
8.77319e+06
8.46404e+06
8.13349e+06
7.78886e+06
7.43599e+06
7.078e+06
6.71632e+06
6.35157e+06
5.98406e+06
5.61409e+06
5.24205e+06
4.86864e+06
4.49502e+06
4.12315e+06
3.75619e+06
3.39966e+06
3.06424e+06
2.7731e+06
2.57845e+06
1.0705e+07
1.07029e+07
1.0701e+07
1.06991e+07
1.05242e+07
1.03301e+07
1.01101e+07
9.87784e+06
9.63621e+06
9.38593e+06
9.12472e+06
8.84552e+06
8.53294e+06
8.18512e+06
7.82191e+06
7.45265e+06
7.07996e+06
6.70397e+06
6.32419e+06
5.93996e+06
5.55065e+06
5.15567e+06
4.75458e+06
4.34714e+06
3.93341e+06
3.51366e+06
3.08831e+06
2.65874e+06
2.23404e+06
1.86969e+06
1.06947e+07
1.06915e+07
1.06835e+07
1.06524e+07
1.05734e+07
1.03878e+07
1.01581e+07
9.92711e+06
9.69085e+06
9.45106e+06
9.20673e+06
8.95122e+06
8.63708e+06
8.25211e+06
7.86105e+06
7.47276e+06
7.0852e+06
6.69544e+06
6.30126e+06
5.90093e+06
5.49287e+06
5.0754e+06
4.64686e+06
4.20555e+06
3.74971e+06
3.27673e+06
2.78119e+06
2.24838e+06
1.63462e+06
796586
1.06877e+07
1.06824e+07
1.06682e+07
1.06379e+07
1.0559e+07
1.04489e+07
1.02073e+07
9.98168e+06
9.74902e+06
9.52073e+06
9.29991e+06
9.11557e+06
8.81206e+06
8.32522e+06
7.89741e+06
7.49216e+06
7.09263e+06
6.69131e+06
6.28447e+06
5.86965e+06
5.44448e+06
5.00622e+06
4.5519e+06
4.0785e+06
3.58313e+06
3.06236e+06
2.51133e+06
1.91896e+06
1.25947e+06
478623
1.06844e+07
1.06768e+07
1.06516e+07
1.06074e+07
1.05276e+07
1.04044e+07
1.02067e+07
9.98202e+06
9.74934e+06
9.5211e+06
9.30028e+06
9.11709e+06
8.96288e+06
8.33998e+06
7.91199e+06
7.50667e+06
7.10249e+06
6.69282e+06
6.27499e+06
5.84711e+06
5.40638e+06
4.9487e+06
4.46949e+06
3.96414e+06
3.42933e+06
2.863e+06
2.26636e+06
1.64233e+06
997215
335572
1.06861e+07
1.06756e+07
1.06397e+07
1.05817e+07
1.04928e+07
1.03603e+07
1.01821e+07
9.96935e+06
9.73989e+06
9.50886e+06
9.27645e+06
9.04179e+06
8.75336e+06
8.32993e+06
7.91188e+06
7.50674e+06
7.10259e+06
6.69288e+06
6.27497e+06
5.847e+06
5.40616e+06
4.94835e+06
4.46897e+06
3.9634e+06
3.42832e+06
2.86168e+06
2.26472e+06
1.64046e+06
995466
334598
1.07048e+07
1.06926e+07
1.06471e+07
1.05738e+07
1.04701e+07
1.03301e+07
1.01555e+07
9.94977e+06
9.72256e+06
9.48361e+06
9.2312e+06
8.95764e+06
8.64494e+06
8.28426e+06
7.89742e+06
7.50355e+06
7.10527e+06
6.70036e+06
6.28672e+06
5.86235e+06
5.4246e+06
4.96974e+06
4.49359e+06
3.9915e+06
3.45964e+06
2.89452e+06
2.29607e+06
1.66617e+06
1.01251e+06
340869
1.07729e+07
1.07467e+07
1.06894e+07
1.05978e+07
1.04752e+07
1.0322e+07
1.01404e+07
9.93236e+06
9.70211e+06
9.45321e+06
9.18539e+06
8.89464e+06
8.58066e+06
8.2418e+06
7.87872e+06
7.50028e+06
7.11205e+06
6.71515e+06
6.30859e+06
5.89063e+06
5.45872e+06
5.00985e+06
4.54016e+06
4.04545e+06
3.52091e+06
2.96128e+06
2.36276e+06
1.72383e+06
1.05175e+06
355092
1.08804e+07
1.08444e+07
1.07691e+07
1.06567e+07
1.05127e+07
1.03413e+07
1.01457e+07
9.92794e+06
9.68969e+06
9.43193e+06
9.1552e+06
8.85933e+06
8.54605e+06
8.21541e+06
7.86652e+06
7.50214e+06
7.12584e+06
6.73931e+06
6.34218e+06
5.93311e+06
5.50985e+06
5.07011e+06
4.61036e+06
4.12728e+06
3.61504e+06
3.06759e+06
2.47505e+06
1.82909e+06
1.12799e+06
383473
1.10436e+07
1.09914e+07
1.089e+07
1.07493e+07
1.05788e+07
1.03851e+07
1.01716e+07
9.93991e+06
9.69095e+06
9.42502e+06
9.14268e+06
8.84469e+06
8.5323e+06
8.20608e+06
7.86618e+06
7.51338e+06
7.14916e+06
6.77415e+06
6.3882e+06
5.98999e+06
5.57801e+06
5.15009e+06
4.70349e+06
4.23502e+06
3.73929e+06
3.21056e+06
2.63533e+06
1.99668e+06
1.26727e+06
442855
1.12715e+07
1.11898e+07
1.1047e+07
1.0868e+07
1.0666e+07
1.04469e+07
1.02133e+07
9.96596e+06
9.70518e+06
9.43099e+06
9.14377e+06
8.84412e+06
8.53289e+06
8.21068e+06
7.878e+06
7.53492e+06
7.18185e+06
6.81841e+06
6.44448e+06
6.05859e+06
5.66e+06
5.24607e+06
4.81526e+06
4.36326e+06
3.88703e+06
3.38041e+06
2.83454e+06
2.23049e+06
1.51179e+06
588910
1.15908e+07
1.14324e+07
1.1225e+07
1.10002e+07
1.07645e+07
1.05195e+07
1.02654e+07
1.00022e+07
9.72956e+06
9.44725e+06
9.15534e+06
8.85413e+06
8.54411e+06
8.22572e+06
7.89925e+06
7.56462e+06
7.22157e+06
6.86958e+06
6.50813e+06
6.13609e+06
5.75254e+06
5.35508e+06
4.94234e+06
4.50969e+06
4.05593e+06
3.5728e+06
3.06062e+06
2.50868e+06
1.89197e+06
1.00829e+06
1.19936e+07
1.16776e+07
1.14015e+07
1.1134e+07
1.08667e+07
1.05971e+07
1.03236e+07
1.00453e+07
9.76141e+06
9.47135e+06
9.17489e+06
8.87209e+06
8.56308e+06
8.2481e+06
7.92716e+06
7.6002e+06
7.26673e+06
6.92642e+06
6.57834e+06
6.22182e+06
5.85514e+06
5.47697e+06
5.08465e+06
4.67579e+06
4.24728e+06
3.79306e+06
3.31162e+06
2.78766e+06
2.27485e+06
1.87066e+06
1.23092e+07
1.19117e+07
1.15737e+07
1.12656e+07
1.09694e+07
1.06774e+07
1.03862e+07
1.0094e+07
9.7995e+06
9.50201e+06
9.20108e+06
8.89649e+06
8.5882e+06
8.27622e+06
7.96054e+06
7.64106e+06
7.31749e+06
6.98937e+06
6.65586e+06
6.31596e+06
5.96807e+06
5.61076e+06
5.24146e+06
4.85874e+06
4.45783e+06
4.03923e+06
3.59702e+06
3.14732e+06
2.70212e+06
2.29638e+06
1.25484e+07
1.21247e+07
1.17468e+07
1.14018e+07
1.10764e+07
1.07618e+07
1.0453e+07
1.01471e+07
9.84224e+06
9.53744e+06
9.23195e+06
8.92537e+06
8.61749e+06
8.30823e+06
7.99759e+06
7.68552e+06
7.37185e+06
7.05608e+06
6.7375e+06
6.41486e+06
6.08698e+06
5.75183e+06
5.40808e+06
5.05255e+06
4.6844e+06
4.30014e+06
3.90286e+06
3.50196e+06
3.13556e+06
2.91877e+06
1.27348e+07
1.22995e+07
1.18979e+07
1.1526e+07
1.11764e+07
1.08419e+07
1.05173e+07
1.0199e+07
9.88486e+06
9.5734e+06
9.26371e+06
8.9552e+06
8.64762e+06
8.34083e+06
8.03494e+06
7.72996e+06
7.4259e+06
7.12249e+06
6.81917e+06
6.51511e+06
6.20874e+06
5.89858e+06
5.58186e+06
5.25657e+06
4.9199e+06
4.56988e+06
4.20536e+06
3.8401e+06
3.50811e+06
3.261e+06
1.28804e+07
1.24388e+07
1.20242e+07
1.16352e+07
1.12678e+07
1.09171e+07
1.05789e+07
1.02497e+07
9.92716e+06
9.60958e+06
9.29599e+06
8.9856e+06
8.67824e+06
8.37367e+06
8.07224e+06
7.77395e+06
7.47939e+06
7.18834e+06
6.90104e+06
6.61631e+06
6.33309e+06
6.04871e+06
5.76035e+06
5.46425e+06
5.15687e+06
4.83241e+06
4.49177e+06
4.14707e+06
3.80529e+06
3.55623e+06
1.29933e+07
1.25479e+07
1.21258e+07
1.17259e+07
1.1346e+07
1.09831e+07
1.06339e+07
1.02955e+07
9.96577e+06
9.64291e+06
9.32587e+06
9.01383e+06
8.70658e+06
8.40391e+06
8.10634e+06
7.81402e+06
7.52806e+06
7.24856e+06
6.97659e+06
6.71102e+06
6.45146e+06
6.19424e+06
5.93596e+06
5.67073e+06
5.3889e+06
5.08042e+06
4.75635e+06
4.43691e+06
4.12411e+06
3.58784e+06
1.30788e+07
1.26312e+07
1.22043e+07
1.17974e+07
1.14092e+07
1.10375e+07
1.06801e+07
1.03345e+07
9.99902e+06
9.67183e+06
9.35194e+06
9.03848e+06
8.7313e+06
8.43018e+06
8.13583e+06
7.84858e+06
7.57007e+06
7.30079e+06
7.04303e+06
6.79614e+06
6.56128e+06
6.33344e+06
6.10922e+06
5.87729e+06
5.62106e+06
5.31369e+06
4.97627e+06
4.6964e+06
4.41777e+06
4.17026e+06
1.31404e+07
1.26914e+07
1.22615e+07
1.18502e+07
1.14566e+07
1.1079e+07
1.07158e+07
1.03651e+07
1.00253e+07
9.69484e+06
9.37273e+06
9.05819e+06
8.75101e+06
8.45111e+06
8.15923e+06
7.87597e+06
7.60322e+06
7.34215e+06
7.0959e+06
6.86522e+06
6.65319e+06
6.4551e+06
6.26819e+06
6.07318e+06
5.85094e+06
5.58773e+06
4.98998e+06
4.83098e+06
4.64056e+06
4.50517e+06
1.31804e+07
1.27305e+07
1.22989e+07
1.1885e+07
1.14881e+07
1.1107e+07
1.07401e+07
1.03861e+07
1.00434e+07
9.71079e+06
9.38719e+06
9.07191e+06
8.76473e+06
8.46567e+06
8.17544e+06
7.89494e+06
7.62605e+06
7.37061e+06
7.13211e+06
6.9131e+06
6.71859e+06
6.54838e+06
6.40262e+06
6.25874e+06
6.08692e+06
5.64753e+06
5.24576e+06
4.99143e+06
4.80831e+06
4.7047e+06
1.32001e+07
1.27498e+07
1.23173e+07
1.19023e+07
1.15039e+07
1.1121e+07
1.07524e+07
1.03968e+07
1.00527e+07
9.71896e+06
9.39459e+06
9.07896e+06
8.77175e+06
8.47315e+06
8.18372e+06
7.90466e+06
7.63762e+06
7.38513e+06
7.15026e+06
6.93728e+06
6.75127e+06
6.59854e+06
6.48677e+06
6.41604e+06
6.2059e+06
5.73583e+06
5.35409e+06
5.08069e+06
4.89654e+06
4.80062e+06
)
;

boundaryField
{
    inlet1
    {
        type            fixedGradient;
        gradient        uniform 20000;
    }
    inlet2
    {
        type            zeroGradient;
    }
    inlet3
    {
        type            fixedGradient;
        gradient        uniform 4.68141e+06;
    }
    output1
    {
        type            zeroGradient;
    }
    output2
    {
        type            fixedValue;
        value           uniform 0;
    }
    output3
    {
        type            zeroGradient;
    }
    up
    {
        type            zeroGradient;
    }
    down
    {
        type            zeroGradient;
    }
    emptyWalls
    {
        type            empty;
    }
}


// ************************************************************************* //
