/*--------------------------------*- C++ -*----------------------------------*\
  =========                 |
  \\      /  F ield         | OpenFOAM: The Open Source CFD Toolbox
   \\    /   O peration     | Website:  https://openfoam.org
    \\  /    A nd           | Version:  9
     \\/     M anipulation  |
\*---------------------------------------------------------------------------*/
FoamFile
{
    format      ascii;
    class       volScalarField;
    location    "23000";
    object      alpha;
}
// * * * * * * * * * * * * * * * * * * * * * * * * * * * * * * * * * * * * * //

dimensions      [0 2 -1 0 0 0 0];

internalField   nonuniform List<scalar> 
900
(
-9.96212e-11
-1.95453e-10
-6.39934e-11
-1.42262e-12
-3.98231e-14
-4.0652e-14
-4.0652e-14
-4.0652e-14
-4.0652e-14
-4.0652e-14
-4.0652e-14
-4.0652e-14
-4.0652e-14
-4.0652e-14
-4.0652e-14
-4.0652e-14
-4.0652e-14
-4.0652e-14
-4.0652e-14
-4.0652e-14
-4.0652e-14
-4.0652e-14
-4.0652e-14
-4.0652e-14
-4.0652e-14
-4.0652e-14
-4.0652e-14
-4.0652e-14
-4.0652e-14
-4.0652e-14
-3.67611e-10
-2.73257e-11
-7.02475e-12
-8.63371e-12
-3.00915e-14
-4.0652e-14
-4.0652e-14
-4.0652e-14
-4.0652e-14
-4.0652e-14
-4.0652e-14
-4.0652e-14
-4.0652e-14
-4.0652e-14
-4.0652e-14
-4.0652e-14
-4.0652e-14
-4.0652e-14
-4.0652e-14
-4.0652e-14
-4.0652e-14
-4.0652e-14
-4.0652e-14
-4.0652e-14
-4.0652e-14
-4.0652e-14
-4.0652e-14
-4.0652e-14
-4.0652e-14
-4.0652e-14
-1.59194e-10
-5.86689e-11
-8.43092e-12
-4.46252e-13
-4.05558e-14
-4.0652e-14
-4.0652e-14
-4.0652e-14
-4.0652e-14
-4.0652e-14
-4.0652e-14
-4.0652e-14
-4.0652e-14
-4.0652e-14
-4.0652e-14
-4.0652e-14
-4.0652e-14
-4.0652e-14
-4.0652e-14
-4.0652e-14
-4.0652e-14
-4.0652e-14
-4.0652e-14
-4.0652e-14
-4.0652e-14
-4.0652e-14
-4.0652e-14
-4.0652e-14
-4.0652e-14
-4.0652e-14
-2.32101e-10
-2.58704e-11
-7.36992e-12
-4.94299e-14
-4.0647e-14
-4.0652e-14
-4.0652e-14
-4.0652e-14
-4.0652e-14
-4.0652e-14
-4.0652e-14
-4.0652e-14
-4.0652e-14
-4.0652e-14
-4.0652e-14
-4.0652e-14
-4.0652e-14
-4.0652e-14
-4.0652e-14
-4.0652e-14
-4.0652e-14
-4.0652e-14
-4.0652e-14
-4.0652e-14
-4.0652e-14
-4.0652e-14
-4.0652e-14
-4.0652e-14
-4.0652e-14
-4.0652e-14
-1.36258e-10
-4.15505e-11
-1.11695e-11
-2.75451e-14
-4.06515e-14
-4.0652e-14
-4.0652e-14
-4.0652e-14
-4.0652e-14
-4.0652e-14
-4.0652e-14
-4.0652e-14
-4.0652e-14
-4.0652e-14
-4.0652e-14
-4.0652e-14
-4.0652e-14
-4.0652e-14
-4.0652e-14
-4.0652e-14
-4.0652e-14
-4.0652e-14
-4.0652e-14
-4.0652e-14
-4.0652e-14
-4.0652e-14
-4.0652e-14
-4.0652e-14
-4.0652e-14
-4.0652e-14
-2.14035e-10
-2.96716e-11
-1.10902e-11
-2.93787e-14
-4.0652e-14
-4.0652e-14
-4.0652e-14
-4.0652e-14
-4.0652e-14
-4.0652e-14
-4.0652e-14
-4.0652e-14
-4.0652e-14
-4.0652e-14
-4.0652e-14
-4.0652e-14
-4.0652e-14
-4.0652e-14
-4.0652e-14
-4.0652e-14
-4.0652e-14
-4.0652e-14
-4.0652e-14
-4.0652e-14
-4.0652e-14
-4.0652e-14
-4.0652e-14
-4.0652e-14
-4.0652e-14
-4.0652e-14
-1.78439e-10
-5.41389e-11
-1.9794e-11
-3.44393e-14
-4.0652e-14
-4.0652e-14
-4.0652e-14
-4.0652e-14
-4.0652e-14
-4.0652e-14
-4.0652e-14
-4.0652e-14
-4.0652e-14
-4.0652e-14
-4.0652e-14
-4.0652e-14
-4.0652e-14
-4.0652e-14
-4.0652e-14
-4.0652e-14
-4.0652e-14
-4.0652e-14
-4.0652e-14
-4.0652e-14
-4.0652e-14
-4.0652e-14
-4.0652e-14
-4.0652e-14
-4.0652e-14
-4.0652e-14
-2.86497e-10
-4.61866e-11
-1.54498e-11
-3.85719e-14
-4.0652e-14
-4.0652e-14
-4.0652e-14
-4.0652e-14
-4.0652e-14
-4.0652e-14
-4.0652e-14
-4.0652e-14
-4.0652e-14
-4.0652e-14
-4.0652e-14
-4.0652e-14
-4.0652e-14
-4.0652e-14
-4.0652e-14
-4.0652e-14
-4.0652e-14
-4.0652e-14
-4.0652e-14
-4.0652e-14
-4.0652e-14
-4.0652e-14
-4.0652e-14
-4.0652e-14
-4.0652e-14
-4.0652e-14
-2.6654e-10
-7.67703e-11
-3.77788e-11
-4.04346e-14
-4.0652e-14
-4.0652e-14
-4.0652e-14
-4.0652e-14
-4.0652e-14
-4.0652e-14
-4.0652e-14
-4.0652e-14
-4.0652e-14
-4.0652e-14
-4.0652e-14
-4.0652e-14
-4.0652e-14
-4.0652e-14
-4.0652e-14
-4.0652e-14
-4.0652e-14
-4.0652e-14
-4.0652e-14
-4.0652e-14
-4.0652e-14
-4.0652e-14
-4.0652e-14
-4.0652e-14
-4.0652e-14
-4.0652e-14
-4.50715e-10
-7.62532e-11
-8.24362e-12
-4.0565e-14
-4.0652e-14
-4.0652e-14
-4.0652e-14
-4.0652e-14
-4.0652e-14
-4.0652e-14
-4.0652e-14
-4.0652e-14
-4.0652e-14
-4.0652e-14
-4.0652e-14
-4.0652e-14
-4.0652e-14
-4.0652e-14
-4.0652e-14
-4.0652e-14
-4.0652e-14
-4.0652e-14
-4.0652e-14
-4.0652e-14
-4.0652e-14
-4.0652e-14
-4.0652e-14
-4.0652e-14
-4.0652e-14
-4.0652e-14
-5.20599e-10
-1.37273e-10
-1.04104e-11
-2.70399e-14
-4.06504e-14
-4.0652e-14
-4.0652e-14
-4.0652e-14
-4.0652e-14
-4.0652e-14
-4.0652e-14
-4.0652e-14
-4.0652e-14
-4.0652e-14
-4.0652e-14
-4.0652e-14
-4.0652e-14
-4.0652e-14
-4.0652e-14
-4.0652e-14
-4.0652e-14
-4.0652e-14
-4.0652e-14
-4.0652e-14
-4.0652e-14
-4.0652e-14
-4.0652e-14
-4.0652e-14
-4.0652e-14
-4.0652e-14
-8.94031e-10
-1.16005e-10
-7.00781e-12
-2.67463e-12
-5.8845e-13
-4.03874e-14
-4.06517e-14
-4.0652e-14
-4.0652e-14
-4.0652e-14
-4.0652e-14
-4.0652e-14
-4.0652e-14
-4.0652e-14
-4.0652e-14
-4.0652e-14
-4.0652e-14
-4.0652e-14
-4.0652e-14
-4.0652e-14
-4.0652e-14
-4.0652e-14
-4.0652e-14
-4.0652e-14
-4.0652e-14
-4.0652e-14
-4.0652e-14
-4.0652e-14
-4.0652e-14
-4.0652e-14
-1.06165e-09
-3.7726e-10
-1.2706e-10
-4.23225e-11
-1.69573e-11
-9.76179e-12
-9.69473e-12
-3.18847e-14
-4.04291e-14
-3.95358e-14
-3.87051e-14
-3.86508e-14
-3.91285e-14
-3.97698e-14
-4.02363e-14
-4.06161e-14
-4.06519e-14
-4.06519e-14
-4.06519e-14
-4.0652e-14
-4.0652e-14
-4.0652e-14
-4.0652e-14
-4.0652e-14
-4.0652e-14
-4.0652e-14
-4.0652e-14
-4.0652e-14
-4.0652e-14
-4.0652e-14
-4.43321e-10
-1.71614e-10
-1.32179e-10
-7.13923e-11
-5.01605e-11
-3.06258e-11
-2.58336e-11
-1.45735e-11
-1.21703e-11
-1.21058e-11
-1.24075e-11
-1.25426e-11
-1.28681e-11
-1.2751e-11
-1.34142e-11
-1.29972e-11
-1.46222e-11
-1.30061e-11
-1.69895e-11
-9.42806e-13
-3.35608e-14
-3.16507e-14
-2.95648e-14
-2.79588e-14
-2.67956e-14
-2.64641e-14
-2.6477e-14
-2.67561e-14
-2.95894e-14
-3.62396e-14
-4.76712e-11
-3.19029e-11
-3.72982e-11
-3.56895e-11
-3.26662e-11
-2.65419e-11
-2.22677e-11
-2.12367e-11
-1.93384e-11
-1.83864e-11
-1.8797e-11
-1.83872e-11
-1.9242e-11
-1.83357e-11
-1.98213e-11
-1.82195e-11
-2.06499e-11
-1.65623e-11
-1.69782e-11
-9.15471e-12
-7.10993e-12
-6.99999e-12
-7.12178e-12
-7.18656e-12
-7.27441e-12
-7.42596e-12
-7.69171e-12
-7.97917e-12
-8.29492e-12
-8.37428e-12
-2.54329e-11
-2.29471e-11
-1.91523e-11
-1.90166e-11
-1.82306e-11
-1.77156e-11
-1.66688e-11
-1.73694e-11
-1.72155e-11
-1.68087e-11
-1.67315e-11
-1.66005e-11
-1.67295e-11
-1.6515e-11
-1.67177e-11
-1.6164e-11
-1.61228e-11
-1.46313e-11
-1.39932e-11
-1.35293e-11
-1.22245e-11
-1.16451e-11
-1.15657e-11
-1.1623e-11
-1.17861e-11
-1.20064e-11
-1.24255e-11
-1.28541e-11
-1.35061e-11
-1.36909e-11
-1.977e-11
-1.71522e-11
-1.65358e-11
-1.61664e-11
-1.59634e-11
-1.59157e-11
-1.59008e-11
-1.61115e-11
-1.6252e-11
-1.61811e-11
-1.61421e-11
-1.61076e-11
-1.61206e-11
-1.60706e-11
-1.59362e-11
-1.56426e-11
-1.50754e-11
-1.46274e-11
-1.41049e-11
-1.45647e-11
-1.42753e-11
-1.39457e-11
-1.38695e-11
-1.40655e-11
-1.43108e-11
-1.46288e-11
-1.4921e-11
-1.52513e-11
-1.58744e-11
-1.62778e-11
-1.71606e-11
-1.58133e-11
-1.57219e-11
-1.61862e-11
-1.67876e-11
-1.73148e-11
-1.77276e-11
-1.79763e-11
-1.81523e-11
-1.82027e-11
-1.82143e-11
-1.82005e-11
-1.81886e-11
-1.81125e-11
-1.79463e-11
-1.7667e-11
-1.73058e-11
-1.70598e-11
-1.69271e-11
-1.7103e-11
-1.71584e-11
-1.71763e-11
-1.71809e-11
-1.74649e-11
-1.75012e-11
-1.76944e-11
-1.71911e-11
-1.68967e-11
-1.62842e-11
-1.65702e-11
-1.57033e-11
-1.56524e-11
-1.70441e-11
-1.84838e-11
-1.96259e-11
-2.0411e-11
-2.09241e-11
-2.11814e-11
-2.13138e-11
-2.13219e-11
-2.12872e-11
-2.11787e-11
-2.10652e-11
-2.08541e-11
-2.06309e-11
-2.03187e-11
-2.01152e-11
-1.99466e-11
-1.99998e-11
-2.00084e-11
-2.01241e-11
-2.0022e-11
-1.99454e-11
-1.9734e-11
-1.93552e-11
-1.89318e-11
-1.76905e-11
-1.66194e-11
-1.40505e-11
-1.32126e-11
-1.57693e-11
-1.86516e-11
-2.14169e-11
-2.2943e-11
-2.35898e-11
-2.37642e-11
-2.37479e-11
-2.359e-11
-2.33874e-11
-2.31138e-11
-2.28343e-11
-2.24849e-11
-2.21423e-11
-2.17228e-11
-2.13551e-11
-2.09545e-11
-2.07214e-11
-2.04807e-11
-2.045e-11
-2.02545e-11
-2.02686e-11
-1.98725e-11
-1.97645e-11
-1.89935e-11
-1.87188e-11
-1.76075e-11
-1.7018e-11
-1.58428e-11
-1.26872e-11
-1.09323e-11
-2.26814e-11
-2.7117e-11
-2.70361e-11
-2.55531e-11
-2.41925e-11
-2.31718e-11
-2.24716e-11
-2.19301e-11
-2.15237e-11
-2.11403e-11
-2.08144e-11
-2.04582e-11
-2.01442e-11
-1.98064e-11
-1.95492e-11
-1.93293e-11
-1.92242e-11
-1.91926e-11
-1.91989e-11
-1.92368e-11
-1.91842e-11
-1.90472e-11
-1.88328e-11
-1.8225e-11
-1.79479e-11
-1.64708e-11
-1.66801e-11
-1.43283e-11
-1.96702e-11
-2.39934e-11
-1.84606e-11
-1.74859e-11
-1.74205e-11
-1.76092e-11
-1.79097e-11
-1.82214e-11
-1.85573e-11
-1.88073e-11
-1.90522e-11
-1.91745e-11
-1.93226e-11
-1.93332e-11
-1.94284e-11
-1.93758e-11
-1.94887e-11
-1.94418e-11
-1.96056e-11
-1.95835e-11
-1.96775e-11
-1.96189e-11
-1.93931e-11
-1.9195e-11
-1.8432e-11
-1.79636e-11
-1.64992e-11
-1.58959e-11
-1.40018e-11
-1.34668e-11
-1.12095e-11
-3.68129e-12
-1.91409e-11
-1.96755e-11
-2.08118e-11
-2.18117e-11
-2.24654e-11
-2.27694e-11
-2.29131e-11
-2.28831e-11
-2.28476e-11
-2.26701e-11
-2.25509e-11
-2.22462e-11
-2.20561e-11
-2.16011e-11
-2.13611e-11
-2.07522e-11
-2.05331e-11
-1.98262e-11
-1.96918e-11
-1.89758e-11
-1.87266e-11
-1.78839e-11
-1.70744e-11
-1.56071e-11
-1.4179e-11
-1.27023e-11
-1.08952e-11
-9.33874e-12
-7.06441e-12
-7.03298e-12
-1.93372e-11
-1.90996e-11
-1.8991e-11
-1.89404e-11
-1.88948e-11
-1.88113e-11
-1.87323e-11
-1.86339e-11
-1.85689e-11
-1.84739e-11
-1.8419e-11
-1.83066e-11
-1.8255e-11
-1.81112e-11
-1.80982e-11
-1.79178e-11
-1.80519e-11
-1.77755e-11
-1.81186e-11
-1.7544e-11
-1.76203e-11
-1.65394e-11
-1.51525e-11
-1.30076e-11
-1.10506e-11
-9.36501e-12
-7.55071e-12
-6.30117e-12
-4.1121e-12
-2.30562e-12
-1.9363e-11
-1.91653e-11
-1.91627e-11
-1.93194e-11
-1.95836e-11
-1.98343e-11
-2.00837e-11
-2.02608e-11
-2.04397e-11
-2.05522e-11
-2.0679e-11
-2.07536e-11
-2.08234e-11
-2.08489e-11
-2.07957e-11
-2.06544e-11
-2.038e-11
-1.97642e-11
-1.93936e-11
-1.78337e-11
-1.75478e-11
-1.48637e-11
-1.2541e-11
-9.46527e-12
-7.60708e-12
-4.972e-12
-4.14564e-12
-4.13591e-12
-2.84414e-14
-4.0652e-14
-1.94066e-11
-1.92631e-11
-1.9208e-11
-1.92172e-11
-1.92915e-11
-1.93601e-11
-1.94462e-11
-1.94858e-11
-1.95423e-11
-1.95553e-11
-1.95827e-11
-1.95912e-11
-1.95468e-11
-1.95441e-11
-1.92603e-11
-1.91778e-11
-1.83641e-11
-1.81238e-11
-1.68645e-11
-1.57711e-11
-1.49065e-11
-1.07565e-11
-8.44232e-12
-5.21746e-12
-4.58645e-12
-9.50944e-14
-4.06505e-14
-4.0652e-14
-4.0652e-14
-4.0652e-14
-1.94377e-11
-1.9323e-11
-1.92634e-11
-1.92344e-11
-1.92776e-11
-1.93216e-11
-1.94288e-11
-1.94865e-11
-1.96181e-11
-1.96685e-11
-1.98223e-11
-1.9882e-11
-2.00451e-11
-2.01385e-11
-2.0178e-11
-2.02908e-11
-1.96761e-11
-1.97457e-11
-1.7307e-11
-1.66412e-11
-1.2524e-11
-6.42089e-12
-5.24842e-12
-1.0924e-12
-4.0461e-14
-4.0652e-14
-4.0652e-14
-4.0652e-14
-4.0652e-14
-4.0652e-14
-1.94556e-11
-1.93648e-11
-1.93098e-11
-1.92697e-11
-1.92853e-11
-1.92997e-11
-1.93823e-11
-1.94191e-11
-1.95526e-11
-1.95846e-11
-1.978e-11
-1.98009e-11
-2.00881e-11
-2.00879e-11
-2.04409e-11
-2.0301e-11
-2.02247e-11
-1.94377e-11
-1.67e-11
-1.57947e-11
-7.09693e-12
-1.07467e-12
-4.0484e-14
-4.0652e-14
-4.0652e-14
-4.0652e-14
-4.0652e-14
-4.0652e-14
-4.0652e-14
-4.0652e-14
-1.94663e-11
-1.93901e-11
-1.93407e-11
-1.92983e-11
-1.93004e-11
-1.93009e-11
-1.93665e-11
-1.93973e-11
-1.95272e-11
-1.95653e-11
-1.978e-11
-1.98101e-11
-2.01734e-11
-2.01728e-11
-2.07949e-11
-2.06187e-11
-2.14818e-11
-2.01619e-11
-1.94601e-11
-1.46166e-11
-1.29597e-12
-4.05482e-14
-4.0652e-14
-4.0652e-14
-4.0652e-14
-4.0652e-14
-4.0652e-14
-4.0652e-14
-4.0652e-14
-4.0652e-14
-1.94699e-11
-1.94038e-11
-1.93533e-11
-1.93173e-11
-1.93057e-11
-1.93121e-11
-1.93532e-11
-1.94025e-11
-1.94995e-11
-1.95798e-11
-1.97486e-11
-1.9854e-11
-2.01571e-11
-2.0283e-11
-2.08658e-11
-2.09263e-11
-2.20498e-11
-2.11808e-11
-2.25963e-11
-9.94826e-12
-3.71206e-14
-4.0652e-14
-4.0652e-14
-4.0652e-14
-4.0652e-14
-4.0652e-14
-4.0652e-14
-4.0652e-14
-4.0652e-14
-4.0652e-14
)
;

boundaryField
{
    inlet1
    {
        type            calculated;
        value           uniform -5e-10;
    }
    inlet2
    {
        type            calculated;
        value           nonuniform List<scalar> 10(-5.20599e-10 -8.94031e-10 -1.06165e-09 -4.43321e-10 -4.76712e-11 -2.54329e-11 -1.977e-11 -1.71606e-11 -1.57033e-11 -1.57693e-11);
    }
    inlet3
    {
        type            calculated;
        value           uniform -1.95111e-11;
    }
    output1
    {
        type            calculated;
        value           nonuniform List<scalar> 10(-4.0652e-14 -4.0652e-14 -4.0652e-14 -4.0652e-14 -4.0652e-14 -4.0652e-14 -4.0652e-14 -4.0652e-14 -4.0652e-14 -4.0652e-14);
    }
    output2
    {
        type            calculated;
        value           nonuniform List<scalar> 10(-4.0652e-14 -4.0652e-14 -4.0652e-14 -3.62396e-14 -8.37428e-12 -1.36909e-11 -1.62778e-11 -1.65702e-11 -1.32126e-11 -1.09323e-11);
    }
    output3
    {
        type            calculated;
        value           nonuniform List<scalar> 10(-2.39934e-11 -3.68129e-12 -7.03298e-12 -2.30562e-12 -4.0652e-14 -4.0652e-14 -4.0652e-14 -4.0652e-14 -4.0652e-14 -4.0652e-14);
    }
    up
    {
        type            calculated;
        value           nonuniform List<scalar> 
30
(
-1.94699e-11
-1.94038e-11
-1.93533e-11
-1.93173e-11
-1.93057e-11
-1.93121e-11
-1.93532e-11
-1.94025e-11
-1.94995e-11
-1.95798e-11
-1.97486e-11
-1.9854e-11
-2.01571e-11
-2.0283e-11
-2.08658e-11
-2.09263e-11
-2.20498e-11
-2.11808e-11
-2.25963e-11
-9.94826e-12
-3.71206e-14
-4.0652e-14
-4.0652e-14
-4.0652e-14
-4.0652e-14
-4.0652e-14
-4.0652e-14
-4.0652e-14
-4.0652e-14
-4.0652e-14
)
;
    }
    down
    {
        type            calculated;
        value           nonuniform List<scalar> 
30
(
-9.96212e-11
-1.95453e-10
-6.39934e-11
-1.42262e-12
-3.98231e-14
-4.0652e-14
-4.0652e-14
-4.0652e-14
-4.0652e-14
-4.0652e-14
-4.0652e-14
-4.0652e-14
-4.0652e-14
-4.0652e-14
-4.0652e-14
-4.0652e-14
-4.0652e-14
-4.0652e-14
-4.0652e-14
-4.0652e-14
-4.0652e-14
-4.0652e-14
-4.0652e-14
-4.0652e-14
-4.0652e-14
-4.0652e-14
-4.0652e-14
-4.0652e-14
-4.0652e-14
-4.0652e-14
)
;
    }
    emptyWalls
    {
        type            empty;
    }
}


// ************************************************************************* //
