/*--------------------------------*- C++ -*----------------------------------*\
  =========                 |
  \\      /  F ield         | OpenFOAM: The Open Source CFD Toolbox
   \\    /   O peration     | Website:  https://openfoam.org
    \\  /    A nd           | Version:  9
     \\/     M anipulation  |
\*---------------------------------------------------------------------------*/
FoamFile
{
    format      ascii;
    class       volScalarField;
    location    "23000";
    object      fw;
}
// * * * * * * * * * * * * * * * * * * * * * * * * * * * * * * * * * * * * * //

dimensions      [0 0 0 0 0 0 0];

internalField   nonuniform List<scalar> 
900
(
0.996952
0.999652
0.990989
0.167834
1.01878e-08
4.7991e-09
4.7991e-09
4.7991e-09
4.7991e-09
4.7991e-09
4.7991e-09
4.7991e-09
4.7991e-09
4.7991e-09
4.7991e-09
4.7991e-09
4.7991e-09
4.7991e-09
4.7991e-09
4.7991e-09
4.7991e-09
4.7991e-09
4.7991e-09
4.7991e-09
4.7991e-09
4.7991e-09
4.7991e-09
4.7991e-09
4.7991e-09
4.7991e-09
0.999993
0.950801
0.665477
0.732547
6.32612e-06
4.79914e-09
4.7991e-09
4.7991e-09
4.7991e-09
4.7991e-09
4.7991e-09
4.7991e-09
4.7991e-09
4.7991e-09
4.7991e-09
4.7991e-09
4.7991e-09
4.7991e-09
4.7991e-09
4.7991e-09
4.7991e-09
4.7991e-09
4.7991e-09
4.7991e-09
4.7991e-09
4.7991e-09
4.7991e-09
4.7991e-09
4.7991e-09
4.7991e-09
0.999257
0.989065
0.725191
0.041669
5.25292e-09
4.7991e-09
4.7991e-09
4.7991e-09
4.7991e-09
4.7991e-09
4.7991e-09
4.7991e-09
4.7991e-09
4.7991e-09
4.7991e-09
4.7991e-09
4.7991e-09
4.7991e-09
4.7991e-09
4.7991e-09
4.7991e-09
4.7991e-09
4.7991e-09
4.7991e-09
4.7991e-09
4.7991e-09
4.7991e-09
4.7991e-09
4.7991e-09
4.7991e-09
0.999835
0.945852
0.681689
0.00187056
4.82178e-09
4.7991e-09
4.7991e-09
4.7991e-09
4.7991e-09
4.7991e-09
4.7991e-09
4.7991e-09
4.7991e-09
4.7991e-09
4.7991e-09
4.7991e-09
4.7991e-09
4.7991e-09
4.7991e-09
4.7991e-09
4.7991e-09
4.7991e-09
4.7991e-09
4.7991e-09
4.7991e-09
4.7991e-09
4.7991e-09
4.7991e-09
4.7991e-09
4.7991e-09
0.998763
0.977543
0.804956
0.000259529
4.80148e-09
4.7991e-09
4.7991e-09
4.7991e-09
4.7991e-09
4.7991e-09
4.7991e-09
4.7991e-09
4.7991e-09
4.7991e-09
4.7991e-09
4.7991e-09
4.7991e-09
4.7991e-09
4.7991e-09
4.7991e-09
4.7991e-09
4.7991e-09
4.7991e-09
4.7991e-09
4.7991e-09
4.7991e-09
4.7991e-09
4.7991e-09
4.7991e-09
4.7991e-09
0.999762
0.957528
0.803143
9.46396e-06
4.79916e-09
4.7991e-09
4.7991e-09
4.7991e-09
4.7991e-09
4.7991e-09
4.7991e-09
4.7991e-09
4.7991e-09
4.7991e-09
4.7991e-09
4.7991e-09
4.7991e-09
4.7991e-09
4.7991e-09
4.7991e-09
4.7991e-09
4.7991e-09
4.7991e-09
4.7991e-09
4.7991e-09
4.7991e-09
4.7991e-09
4.7991e-09
4.7991e-09
4.7991e-09
0.999506
0.986982
0.915284
5.10523e-07
4.7991e-09
4.7991e-09
4.7991e-09
4.7991e-09
4.7991e-09
4.7991e-09
4.7991e-09
4.7991e-09
4.7991e-09
4.7991e-09
4.7991e-09
4.7991e-09
4.7991e-09
4.7991e-09
4.7991e-09
4.7991e-09
4.7991e-09
4.7991e-09
4.7991e-09
4.7991e-09
4.7991e-09
4.7991e-09
4.7991e-09
4.7991e-09
4.7991e-09
4.7991e-09
0.999947
0.98185
0.875828
2.88422e-08
4.7991e-09
4.7991e-09
4.7991e-09
4.7991e-09
4.7991e-09
4.7991e-09
4.7991e-09
4.7991e-09
4.7991e-09
4.7991e-09
4.7991e-09
4.7991e-09
4.7991e-09
4.7991e-09
4.7991e-09
4.7991e-09
4.7991e-09
4.7991e-09
4.7991e-09
4.7991e-09
4.7991e-09
4.7991e-09
4.7991e-09
4.7991e-09
4.7991e-09
4.7991e-09
0.999919
0.994105
0.972948
5.87937e-09
4.7991e-09
4.7991e-09
4.7991e-09
4.7991e-09
4.7991e-09
4.7991e-09
4.7991e-09
4.7991e-09
4.7991e-09
4.7991e-09
4.7991e-09
4.7991e-09
4.7991e-09
4.7991e-09
4.7991e-09
4.7991e-09
4.7991e-09
4.7991e-09
4.7991e-09
4.7991e-09
4.7991e-09
4.7991e-09
4.7991e-09
4.7991e-09
4.7991e-09
4.7991e-09
1
0.994008
0.718142
5.20782e-09
4.7991e-09
4.7991e-09
4.7991e-09
4.7991e-09
4.7991e-09
4.7991e-09
4.7991e-09
4.7991e-09
4.7991e-09
4.7991e-09
4.7991e-09
4.7991e-09
4.7991e-09
4.7991e-09
4.7991e-09
4.7991e-09
4.7991e-09
4.7991e-09
4.7991e-09
4.7991e-09
4.7991e-09
4.7991e-09
4.7991e-09
4.7991e-09
4.7991e-09
4.79911e-09
1
0.998792
0.786551
0.000208203
4.80664e-09
4.7991e-09
4.7991e-09
4.7991e-09
4.7991e-09
4.7991e-09
4.7991e-09
4.7991e-09
4.7991e-09
4.7991e-09
4.7991e-09
4.7991e-09
4.7991e-09
4.7991e-09
4.7991e-09
4.7991e-09
4.7991e-09
4.7991e-09
4.7991e-09
4.7991e-09
4.7991e-09
4.7991e-09
4.7991e-09
4.7991e-09
4.79909e-09
4.79909e-09
1.00002
0.998
0.664652
0.325421
0.0587245
6.14052e-09
4.8008e-09
4.79914e-09
4.7991e-09
4.7991e-09
4.7991e-09
4.7991e-09
4.7991e-09
4.7991e-09
4.7991e-09
4.7991e-09
4.7991e-09
4.7991e-09
4.7991e-09
4.7991e-09
4.7991e-09
4.7991e-09
4.7991e-09
4.7991e-09
4.7991e-09
4.7991e-09
4.7991e-09
4.7991e-09
4.7991e-09
4.7991e-09
1.00005
0.999995
0.998468
0.97835
0.892049
0.768797
0.766843
0.000602689
5.90941e-09
1.30604e-08
2.59405e-08
2.70904e-08
1.83873e-08
1.0673e-08
7.04965e-09
4.96436e-09
4.79972e-09
4.79964e-09
4.79959e-09
4.79953e-09
4.7991e-09
4.7991e-09
4.7991e-09
4.7991e-09
4.7991e-09
4.7991e-09
4.7991e-09
4.7991e-09
4.7991e-09
4.7991e-09
1
0.99943
0.998641
0.992995
0.984699
0.959898
0.945718
0.864746
0.825936
0.824683
0.830431
0.832918
0.838698
0.836652
0.84777
0.840912
0.865398
0.841062
0.892362
0.104045
8.71351e-07
2.6372e-06
8.51333e-06
2.21398e-05
5.44837e-05
9.79993e-05
0.000118405
5.68909e-05
8.39566e-06
1.58949e-07
0.982991
0.96279
0.972272
0.969834
0.964381
0.948219
0.93012
0.924426
0.912068
0.904761
0.908015
0.904767
0.911365
0.904347
0.915471
0.90339
0.920886
0.888108
0.892252
0.750219
0.669582
0.664271
0.670147
0.673215
0.677314
0.684218
0.69584
0.707751
0.720098
0.723086
0.944228
0.933544
0.910704
0.909691
0.903482
0.899077
0.88919
0.895953
0.894519
0.890591
0.889822
0.888498
0.889801
0.887622
0.889683
0.88392
0.883475
0.865519
0.856608
0.849587
0.826977
0.815352
0.813673
0.814887
0.818282
0.822728
0.830765
0.838456
0.849224
0.852088
0.915119
0.893921
0.887836
0.883946
0.881726
0.881195
0.881029
0.883351
0.884865
0.884104
0.883684
0.88331
0.883451
0.882905
0.881423
0.878091
0.871258
0.865467
0.858228
0.864627
0.860649
0.855911
0.854783
0.85766
0.861147
0.865487
0.869304
0.873435
0.880734
0.885139
0.894001
0.880044
0.879004
0.88416
0.890381
0.895448
0.899183
0.901343
0.90283
0.903251
0.903347
0.903232
0.903133
0.902497
0.901085
0.898648
0.895364
0.893039
0.891755
0.893454
0.89398
0.89415
0.894193
0.896829
0.897158
0.89889
0.894289
0.891458
0.885208
0.888189
0.878791
0.878204
0.892889
0.905547
0.914117
0.919377
0.922569
0.924103
0.924874
0.924921
0.92472
0.924087
0.923416
0.922144
0.920768
0.918783
0.917451
0.916324
0.916682
0.916739
0.91751
0.91683
0.916315
0.91487
0.91219
0.909049
0.898855
0.88869
0.857442
0.844509
0.879545
0.906881
0.925468
0.933523
0.936567
0.937354
0.937281
0.936568
0.935636
0.934347
0.932992
0.931241
0.929461
0.92719
0.925113
0.922753
0.92133
0.919821
0.919626
0.918366
0.918458
0.915821
0.915081
0.909517
0.907407
0.898116
0.892638
0.880378
0.835521
0.799458
0.932234
0.950132
0.949868
0.944681
0.939228
0.934623
0.931173
0.928325
0.926076
0.92386
0.921902
0.919678
0.917643
0.915369
0.913578
0.912002
0.911235
0.911003
0.911048
0.911328
0.910941
0.909921
0.908291
0.903436
0.901099
0.887166
0.889305
0.86139
0.914427
0.938366
0.905361
0.89702
0.896423
0.898132
0.900771
0.903406
0.906135
0.908095
0.909958
0.910869
0.911953
0.912031
0.912717
0.912339
0.913148
0.912813
0.913975
0.913819
0.914478
0.914068
0.912463
0.91102
0.90513
0.901234
0.887459
0.880974
0.856734
0.848605
0.805863
0.432156
0.91062
0.914464
0.921886
0.92768
0.931141
0.932672
0.933378
0.933231
0.933057
0.932177
0.931577
0.930007
0.929003
0.926512
0.925147
0.92152
0.920153
0.915505
0.914578
0.909383
0.907468
0.900548
0.89318
0.877678
0.859288
0.835789
0.798576
0.756067
0.667397
0.665876
0.91206
0.910312
0.909498
0.909114
0.908767
0.908126
0.907513
0.906741
0.906227
0.905468
0.905025
0.904109
0.903684
0.902486
0.902377
0.900841
0.901985
0.899604
0.902548
0.897546
0.898231
0.887872
0.872219
0.841087
0.802228
0.756886
0.689749
0.62762
0.471926
0.281458
0.912246
0.910801
0.910782
0.91193
0.91382
0.91556
0.917242
0.918407
0.91956
0.920274
0.921067
0.921529
0.921957
0.922112
0.921787
0.920914
0.919178
0.915079
0.912467
0.900113
0.89758
0.868568
0.832888
0.759977
0.692204
0.541601
0.474881
0.474025
0.000338359
4.79928e-09
0.91256
0.91152
0.911116
0.911184
0.911727
0.912225
0.912845
0.913127
0.913529
0.91362
0.913813
0.913873
0.91356
0.913541
0.911499
0.910893
0.904579
0.902591
0.891141
0.879566
0.869118
0.795237
0.725612
0.55932
0.511883
0.00545451
4.80591e-09
4.7991e-09
4.7991e-09
4.7991e-09
0.912783
0.911957
0.911522
0.911309
0.911626
0.911946
0.91272
0.913133
0.914063
0.914415
0.915478
0.915886
0.916985
0.917605
0.917865
0.918602
0.914468
0.914951
0.895375
0.888912
0.832578
0.634273
0.561491
0.123826
5.73715e-09
4.7991e-09
4.7991e-09
4.7991e-09
4.7991e-09
4.7991e-09
0.912912
0.912259
0.911861
0.911568
0.911682
0.911787
0.912385
0.91265
0.913601
0.913827
0.915188
0.915332
0.917271
0.91727
0.919568
0.918668
0.918171
0.912784
0.889505
0.879833
0.66896
0.121471
5.6163e-09
4.7991e-09
4.7991e-09
4.7991e-09
4.7991e-09
4.7991e-09
4.7991e-09
4.7991e-09
0.912988
0.912442
0.912085
0.911777
0.911792
0.911796
0.912271
0.912494
0.913422
0.913691
0.915188
0.915394
0.917835
0.917831
0.921783
0.920692
0.925838
0.917759
0.912944
0.865323
0.150954
5.29026e-09
4.7991e-09
4.7991e-09
4.7991e-09
4.7991e-09
4.7991e-09
4.7991e-09
4.7991e-09
4.7991e-09
0.913014
0.91254
0.912176
0.911915
0.911831
0.911878
0.912175
0.912531
0.913225
0.913793
0.914971
0.915695
0.917728
0.918551
0.922216
0.922583
0.928969
0.924099
0.931806
0.774109
8.59664e-08
4.7991e-09
4.7991e-09
4.7991e-09
4.7991e-09
4.7991e-09
4.7991e-09
4.7991e-09
4.7991e-09
4.7991e-09
)
;

boundaryField
{
    inlet1
    {
        type            calculated;
        value           uniform 1;
    }
    inlet2
    {
        type            calculated;
        value           nonuniform List<scalar> 10(1 1.00002 1.00005 1 0.982991 0.944228 0.915119 0.894001 0.878791 0.879545);
    }
    inlet3
    {
        type            calculated;
        value           uniform 0.913307;
    }
    output1
    {
        type            calculated;
        value           nonuniform List<scalar> 10(4.7991e-09 4.7991e-09 4.7991e-09 4.7991e-09 4.7991e-09 4.7991e-09 4.7991e-09 4.7991e-09 4.7991e-09 4.79911e-09);
    }
    output2
    {
        type            calculated;
        value           nonuniform List<scalar> 10(4.79909e-09 4.7991e-09 4.7991e-09 1.58949e-07 0.723086 0.852088 0.885139 0.888189 0.844509 0.799458);
    }
    output3
    {
        type            calculated;
        value           nonuniform List<scalar> 10(0.938366 0.432156 0.665876 0.281458 4.79928e-09 4.7991e-09 4.7991e-09 4.7991e-09 4.7991e-09 4.7991e-09);
    }
    up
    {
        type            calculated;
        value           nonuniform List<scalar> 
30
(
0.913014
0.91254
0.912176
0.911915
0.911831
0.911878
0.912175
0.912531
0.913225
0.913793
0.914971
0.915695
0.917728
0.918551
0.922216
0.922583
0.928969
0.924099
0.931806
0.774109
8.59664e-08
4.7991e-09
4.7991e-09
4.7991e-09
4.7991e-09
4.7991e-09
4.7991e-09
4.7991e-09
4.7991e-09
4.7991e-09
)
;
    }
    down
    {
        type            calculated;
        value           nonuniform List<scalar> 
30
(
0.996952
0.999652
0.990989
0.167834
1.01878e-08
4.7991e-09
4.7991e-09
4.7991e-09
4.7991e-09
4.7991e-09
4.7991e-09
4.7991e-09
4.7991e-09
4.7991e-09
4.7991e-09
4.7991e-09
4.7991e-09
4.7991e-09
4.7991e-09
4.7991e-09
4.7991e-09
4.7991e-09
4.7991e-09
4.7991e-09
4.7991e-09
4.7991e-09
4.7991e-09
4.7991e-09
4.7991e-09
4.7991e-09
)
;
    }
    emptyWalls
    {
        type            empty;
    }
}


// ************************************************************************* //
