/*--------------------------------*- C++ -*----------------------------------*\
  =========                 |
  \\      /  F ield         | OpenFOAM: The Open Source CFD Toolbox
   \\    /   O peration     | Website:  https://openfoam.org
    \\  /    A nd           | Version:  9
     \\/     M anipulation  |
\*---------------------------------------------------------------------------*/
FoamFile
{
    format      ascii;
    class       volScalarField;
    location    "23000";
    object      p;
}
// * * * * * * * * * * * * * * * * * * * * * * * * * * * * * * * * * * * * * //

dimensions      [0 0 0 0 0 0 0];

internalField   nonuniform List<scalar> 
900
(
1.30784e+07
1.30764e+07
1.30756e+07
1.30746e+07
1.30537e+07
1.26632e+07
1.22982e+07
1.19469e+07
1.16041e+07
1.12663e+07
1.0931e+07
1.05966e+07
1.02622e+07
9.92729e+06
9.59186e+06
9.25616e+06
8.92083e+06
8.58695e+06
8.25605e+06
7.93021e+06
7.6121e+06
7.30502e+06
7.01288e+06
6.74019e+06
6.49194e+06
6.27346e+06
6.09017e+06
5.94721e+06
5.84907e+06
5.7991e+06
1.30754e+07
1.30747e+07
1.30737e+07
1.30709e+07
1.30667e+07
1.26416e+07
1.22844e+07
1.19384e+07
1.15992e+07
1.12638e+07
1.093e+07
1.05966e+07
1.02626e+07
9.92784e+06
9.59214e+06
9.25578e+06
8.91939e+06
8.58396e+06
8.25099e+06
7.92248e+06
7.60108e+06
7.29008e+06
6.99344e+06
6.71575e+06
6.46218e+06
6.23829e+06
6.04983e+06
5.90239e+06
5.8009e+06
5.74914e+06
1.30694e+07
1.30674e+07
1.30659e+07
1.30659e+07
1.29888e+07
1.26073e+07
1.22596e+07
1.19229e+07
1.15905e+07
1.12596e+07
1.09287e+07
1.0597e+07
1.0264e+07
9.92931e+06
9.59306e+06
9.25544e+06
8.91697e+06
8.57853e+06
8.24146e+06
7.90765e+06
7.57966e+06
7.26078e+06
6.95504e+06
6.6672e+06
6.40274e+06
6.16769e+06
5.96849e+06
5.81161e+06
5.70302e+06
5.64741e+06
1.30574e+07
1.30559e+07
1.3052e+07
1.30503e+07
1.28403e+07
1.25397e+07
1.22237e+07
1.19033e+07
1.15804e+07
1.12555e+07
1.09283e+07
1.05988e+07
1.02669e+07
9.93238e+06
9.59536e+06
9.25596e+06
8.91453e+06
8.57174e+06
8.22867e+06
7.887e+06
7.54915e+06
7.21835e+06
6.89874e+06
6.59529e+06
6.31388e+06
6.06124e+06
5.84483e+06
5.67256e+06
5.55217e+06
5.49008e+06
1.30403e+07
1.30375e+07
1.3034e+07
1.30323e+07
1.27601e+07
1.24873e+07
1.21924e+07
1.1886e+07
1.15723e+07
1.12535e+07
1.09302e+07
1.06031e+07
1.02723e+07
9.93798e+06
9.60003e+06
9.2585e+06
8.91347e+06
8.56523e+06
8.21447e+06
7.86253e+06
7.51157e+06
7.16475e+06
6.82626e+06
6.50133e+06
6.19626e+06
5.91856e+06
5.67702e+06
5.48165e+06
5.343e+06
5.27066e+06
1.3018e+07
1.30157e+07
1.30114e+07
1.30096e+07
1.27242e+07
1.2457e+07
1.21727e+07
1.18758e+07
1.15695e+07
1.12558e+07
1.0936e+07
1.06111e+07
1.02814e+07
9.94716e+06
9.60828e+06
9.26454e+06
8.91561e+06
8.56123e+06
8.20147e+06
7.83709e+06
7.46985e+06
7.10282e+06
6.74024e+06
6.38752e+06
6.05128e+06
5.73972e+06
5.46305e+06
5.23402e+06
5.06754e+06
4.97891e+06
1.29945e+07
1.29924e+07
1.29902e+07
1.29891e+07
1.27099e+07
1.24437e+07
1.21655e+07
1.18751e+07
1.15741e+07
1.12642e+07
1.09471e+07
1.06238e+07
1.0295e+07
9.96096e+06
9.62141e+06
9.27578e+06
8.92319e+06
8.5626e+06
8.19311e+06
7.81449e+06
7.42794e+06
7.03643e+06
6.64436e+06
6.25723e+06
5.88164e+06
5.52597e+06
5.20148e+06
4.92381e+06
4.71423e+06
4.59853e+06
1.29714e+07
1.29699e+07
1.29674e+07
1.29661e+07
1.27037e+07
1.24425e+07
1.21704e+07
1.18852e+07
1.15876e+07
1.12799e+07
1.09642e+07
1.06419e+07
1.03139e+07
9.98027e+06
9.64061e+06
9.29397e+06
8.93878e+06
8.57289e+06
8.19386e+06
7.79982e+06
7.39099e+06
6.97059e+06
6.54356e+06
6.11539e+06
5.69207e+06
5.28106e+06
4.89309e+06
4.54549e+06
4.26706e+06
4.10245e+06
1.29492e+07
1.29486e+07
1.29499e+07
1.29494e+07
1.27032e+07
1.24522e+07
1.21884e+07
1.19075e+07
1.16112e+07
1.13036e+07
1.09878e+07
1.06659e+07
1.03384e+07
1.00056e+07
9.66679e+06
9.3207e+06
8.96507e+06
8.59633e+06
8.20963e+06
7.79996e+06
7.3656e+06
6.9114e+06
6.4439e+06
5.96869e+06
5.49021e+06
5.01309e+06
4.54434e+06
4.098e+06
3.70609e+06
3.44176e+06
1.29297e+07
1.29293e+07
1.29333e+07
1.2931e+07
1.2708e+07
1.24748e+07
1.22235e+07
1.19452e+07
1.16461e+07
1.13353e+07
1.10177e+07
1.06953e+07
1.03684e+07
1.00369e+07
9.70024e+06
9.35696e+06
9.00447e+06
8.63773e+06
8.24837e+06
7.82477e+06
7.36007e+06
6.86548e+06
6.35198e+06
5.82524e+06
5.287e+06
4.73678e+06
4.17317e+06
3.59607e+06
3.01755e+06
2.51673e+06
1.29133e+07
1.2913e+07
1.29112e+07
1.28937e+07
1.27235e+07
1.25153e+07
1.22858e+07
1.20038e+07
1.16926e+07
1.13739e+07
1.10526e+07
1.0729e+07
1.04029e+07
1.00735e+07
9.74029e+06
9.40243e+06
9.05813e+06
8.70177e+06
8.32134e+06
7.89068e+06
7.38443e+06
6.8385e+06
6.27329e+06
5.6933e+06
5.09575e+06
4.47386e+06
3.81549e+06
3.09558e+06
2.25132e+06
1.09087e+06
1.29023e+07
1.28992e+07
1.28834e+07
1.28291e+07
1.27341e+07
1.25775e+07
1.24003e+07
1.20916e+07
1.17465e+07
1.14152e+07
1.10896e+07
1.07654e+07
1.04407e+07
1.01137e+07
9.78503e+06
9.45435e+06
9.12386e+06
8.78985e+06
8.44456e+06
8.03219e+06
7.44846e+06
6.83079e+06
6.20938e+06
5.57893e+06
4.92885e+06
4.24741e+06
3.51936e+06
2.71944e+06
1.80126e+06
686326
1.28959e+07
1.28898e+07
1.28692e+07
1.28205e+07
1.27224e+07
1.25695e+07
1.24024e+07
1.2231e+07
1.17865e+07
1.14515e+07
1.11259e+07
1.08034e+07
1.04816e+07
1.01562e+07
9.83198e+06
9.5061e+06
9.1931e+06
8.88922e+06
8.63486e+06
8.34506e+06
7.54645e+06
6.82682e+06
6.15451e+06
5.48418e+06
4.79331e+06
4.06758e+06
3.2951e+06
2.46156e+06
1.54797e+06
539491
1.28935e+07
1.2884e+07
1.28537e+07
1.27956e+07
1.26936e+07
1.25468e+07
1.23584e+07
1.21197e+07
1.17864e+07
1.14516e+07
1.11261e+07
1.08036e+07
1.04819e+07
1.01565e+07
9.83229e+06
9.50636e+06
9.19343e+06
8.88953e+06
8.63594e+06
8.41299e+06
7.56728e+06
6.76916e+06
6.08868e+06
5.39623e+06
4.67197e+06
3.90636e+06
3.09743e+06
2.24708e+06
1.36461e+06
458783
1.2898e+07
1.28851e+07
1.28456e+07
1.27742e+07
1.2664e+07
1.25093e+07
1.23055e+07
1.20537e+07
1.17613e+07
1.14468e+07
1.11283e+07
1.08079e+07
1.0487e+07
1.01614e+07
9.83617e+06
9.50756e+06
9.18658e+06
8.86295e+06
8.53025e+06
8.10544e+06
7.45919e+06
6.76709e+06
6.08778e+06
5.39537e+06
4.671e+06
3.90519e+06
3.09603e+06
2.24583e+06
1.36425e+06
458863
1.2942e+07
1.29205e+07
1.28651e+07
1.27749e+07
1.26476e+07
1.24786e+07
1.22658e+07
1.20163e+07
1.17399e+07
1.14419e+07
1.11323e+07
1.08162e+07
1.0496e+07
1.01708e+07
9.84217e+06
9.50796e+06
9.16823e+06
8.80943e+06
8.41247e+06
7.9425e+06
7.38071e+06
6.75706e+06
6.10425e+06
5.42522e+06
4.7117e+06
3.9549e+06
3.14971e+06
2.29447e+06
1.3983e+06
471515
1.30363e+07
1.30011e+07
1.2927e+07
1.28131e+07
1.26621e+07
1.24753e+07
1.22544e+07
1.2005e+07
1.17336e+07
1.14441e+07
1.11413e+07
1.08293e+07
1.05101e+07
1.01842e+07
9.85098e+06
9.50774e+06
9.14869e+06
8.76358e+06
8.33861e+06
7.86551e+06
7.33922e+06
6.76015e+06
6.13968e+06
5.48434e+06
4.79137e+06
4.05372e+06
3.26043e+06
2.40181e+06
1.47742e+06
501389
1.31869e+07
1.31356e+07
1.30334e+07
1.28893e+07
1.27112e+07
1.25041e+07
1.22717e+07
1.20174e+07
1.17452e+07
1.14578e+07
1.1158e+07
1.08481e+07
1.05295e+07
1.02022e+07
9.86458e+06
9.51323e+06
9.14253e+06
8.74558e+06
8.31535e+06
7.8482e+06
7.34125e+06
6.79216e+06
6.20246e+06
5.57556e+06
4.90964e+06
4.19993e+06
3.4315e+06
2.58477e+06
1.63085e+06
567136
1.34077e+07
1.33251e+07
1.31803e+07
1.29971e+07
1.27879e+07
1.25582e+07
1.23108e+07
1.20477e+07
1.17707e+07
1.14816e+07
1.11819e+07
1.08725e+07
1.05539e+07
1.02255e+07
9.88527e+06
9.52994e+06
9.15528e+06
8.75667e+06
8.33032e+06
7.87309e+06
7.38278e+06
6.85677e+06
6.29427e+06
5.69494e+06
5.05768e+06
4.37889e+06
3.64793e+06
2.84349e+06
1.90214e+06
728377
1.37205e+07
1.35613e+07
1.33516e+07
1.31227e+07
1.28809e+07
1.26277e+07
1.23637e+07
1.20896e+07
1.18058e+07
1.15129e+07
1.12115e+07
1.09017e+07
1.05832e+07
1.02549e+07
9.91472e+06
9.55981e+06
9.18706e+06
8.79309e+06
8.3752e+06
7.93042e+06
7.45673e+06
6.95123e+06
6.41283e+06
5.83876e+06
5.22932e+06
4.57964e+06
3.88936e+06
3.14978e+06
2.32695e+06
1.19626e+06
1.41192e+07
1.38021e+07
1.35238e+07
1.32527e+07
1.29805e+07
1.27048e+07
1.24244e+07
1.21386e+07
1.1847e+07
1.15495e+07
1.12457e+07
1.09354e+07
1.06176e+07
1.02911e+07
9.9538e+06
9.6033e+06
9.23701e+06
8.85218e+06
8.4462e+06
8.01647e+06
7.56024e+06
7.07501e+06
6.55838e+06
6.00812e+06
5.42438e+06
4.80371e+06
4.14995e+06
3.45187e+06
2.77784e+06
2.25286e+06
1.44315e+07
1.4033e+07
1.36931e+07
1.3382e+07
1.30822e+07
1.27859e+07
1.249e+07
1.21928e+07
1.18933e+07
1.15908e+07
1.12847e+07
1.09741e+07
1.06581e+07
1.03352e+07
1.00038e+07
9.66124e+06
9.30544e+06
8.93334e+06
8.54256e+06
8.12998e+06
7.69261e+06
7.22762e+06
6.73115e+06
6.20232e+06
5.6392e+06
5.04919e+06
4.43531e+06
3.82549e+06
3.25049e+06
2.75802e+06
1.46685e+07
1.4244e+07
1.38646e+07
1.35175e+07
1.31896e+07
1.28721e+07
1.25603e+07
1.22513e+07
1.19436e+07
1.16359e+07
1.13273e+07
1.10168e+07
1.07036e+07
1.03861e+07
1.00627e+07
9.73098e+06
9.38881e+06
9.03247e+06
8.65981e+06
8.26629e+06
7.84966e+06
7.4049e+06
6.92845e+06
6.41642e+06
5.87084e+06
5.30044e+06
4.72262e+06
4.16849e+06
3.67405e+06
3.3784e+06
1.48534e+07
1.44175e+07
1.4015e+07
1.36417e+07
1.32905e+07
1.29543e+07
1.2628e+07
1.23083e+07
1.19929e+07
1.16804e+07
1.13697e+07
1.10599e+07
1.07501e+07
1.04392e+07
1.01257e+07
9.8075e+06
9.48216e+06
9.14555e+06
8.79485e+06
8.42378e+06
8.03019e+06
7.60668e+06
7.14827e+06
6.6507e+06
6.11616e+06
5.5491e+06
4.97904e+06
4.47034e+06
4.01382e+06
3.64387e+06
1.49982e+07
1.45562e+07
1.41411e+07
1.37514e+07
1.33831e+07
1.30317e+07
1.2693e+07
1.23636e+07
1.20412e+07
1.17244e+07
1.1412e+07
1.11033e+07
1.07976e+07
1.04945e+07
1.01925e+07
9.89047e+06
9.58517e+06
9.27287e+06
8.94817e+06
8.60352e+06
8.23461e+06
7.82979e+06
7.38542e+06
6.89777e+06
6.3791e+06
5.79693e+06
5.16145e+06
4.703e+06
4.35623e+06
3.68854e+06
1.51107e+07
1.46652e+07
1.42429e+07
1.38427e+07
1.34626e+07
1.30997e+07
1.27509e+07
1.24133e+07
1.20851e+07
1.17645e+07
1.14508e+07
1.11433e+07
1.08417e+07
1.05463e+07
1.0256e+07
9.97101e+06
9.6876e+06
9.40371e+06
9.10999e+06
8.79936e+06
8.45821e+06
8.06647e+06
7.62948e+06
7.14811e+06
6.65583e+06
6.19638e+06
5.19399e+06
4.72113e+06
4.64307e+06
4.41021e+06
1.51961e+07
1.47485e+07
1.43217e+07
1.39149e+07
1.3527e+07
1.31559e+07
1.27995e+07
1.24557e+07
1.21227e+07
1.17992e+07
1.14844e+07
1.11781e+07
1.08803e+07
1.05917e+07
1.03127e+07
1.00443e+07
9.78453e+06
9.53247e+06
9.2776e+06
9.01254e+06
8.70771e+06
8.32263e+06
7.87101e+06
7.45342e+06
6.80691e+06
6.26413e+06
5.66865e+06
5.25728e+06
5.04162e+06
4.89904e+06
1.52578e+07
1.48089e+07
1.43792e+07
1.39684e+07
1.35753e+07
1.31988e+07
1.28372e+07
1.24888e+07
1.21524e+07
1.18266e+07
1.15112e+07
1.12058e+07
1.09111e+07
1.0628e+07
1.03583e+07
1.01037e+07
9.86578e+06
9.64432e+06
9.43294e+06
9.22225e+06
8.97523e+06
8.63944e+06
8.00047e+06
7.46321e+06
6.93792e+06
6.4312e+06
5.95921e+06
5.59771e+06
5.36708e+06
5.24529e+06
1.5298e+07
1.48482e+07
1.44169e+07
1.40036e+07
1.36076e+07
1.32277e+07
1.28628e+07
1.25115e+07
1.21728e+07
1.18457e+07
1.15298e+07
1.1225e+07
1.09325e+07
1.0653e+07
1.03898e+07
1.01446e+07
9.92295e+06
9.72609e+06
9.5571e+06
9.40674e+06
9.25381e+06
8.94732e+06
8.19441e+06
7.58864e+06
7.05007e+06
6.56353e+06
6.13927e+06
5.80727e+06
5.58373e+06
5.46976e+06
1.53177e+07
1.48676e+07
1.44355e+07
1.40211e+07
1.36236e+07
1.32422e+07
1.28758e+07
1.25231e+07
1.21833e+07
1.18554e+07
1.15393e+07
1.12349e+07
1.09434e+07
1.06658e+07
1.04057e+07
1.01653e+07
9.95164e+06
9.76808e+06
9.62647e+06
9.52563e+06
9.48945e+06
8.88406e+06
8.24178e+06
7.64686e+06
7.11017e+06
6.6336e+06
6.22708e+06
5.90838e+06
5.69079e+06
5.58028e+06
)
;

boundaryField
{
    inlet1
    {
        type            fixedGradient;
        gradient        uniform 20000;
    }
    inlet2
    {
        type            zeroGradient;
    }
    inlet3
    {
        type            fixedGradient;
        gradient        uniform 4.68141e+06;
    }
    output1
    {
        type            zeroGradient;
    }
    output2
    {
        type            fixedValue;
        value           uniform 0;
    }
    output3
    {
        type            zeroGradient;
    }
    up
    {
        type            zeroGradient;
    }
    down
    {
        type            zeroGradient;
    }
    emptyWalls
    {
        type            empty;
    }
}


// ************************************************************************* //
