/*--------------------------------*- C++ -*----------------------------------*\
  =========                 |
  \\      /  F ield         | OpenFOAM: The Open Source CFD Toolbox
   \\    /   O peration     | Website:  https://openfoam.org
    \\  /    A nd           | Version:  9
     \\/     M anipulation  |
\*---------------------------------------------------------------------------*/
FoamFile
{
    format      ascii;
    class       surfaceScalarField;
    location    "23000";
    object      phi;
}
// * * * * * * * * * * * * * * * * * * * * * * * * * * * * * * * * * * * * * //

dimensions      [0 3 -1 0 0 0 0];

internalField   nonuniform List<scalar> 
1740
(
2.34459e-08
9.00914e-08
1.64086e-08
1.46191e-08
3.67632e-09
4.71864e-09
1.18872e-09
2.00506e-09
1.17749e-09
3.59258e-11
1.49584e-09
7.86954e-11
1.4333e-09
5.31393e-11
1.39704e-09
3.29884e-11
1.37584e-09
1.88028e-11
1.3648e-09
9.30706e-12
1.36035e-09
3.19577e-12
1.35988e-09
-4.80127e-13
1.3614e-09
-2.31522e-12
1.3633e-09
-2.62302e-12
1.36404e-09
-1.50318e-12
1.36209e-09
1.10653e-12
1.35574e-09
5.38497e-12
1.34306e-09
1.15825e-11
1.32189e-09
1.99701e-11
1.28982e-09
3.07834e-11
1.24437e-09
4.41697e-11
1.18302e-09
6.0143e-11
1.10347e-09
7.85481e-11
1.00376e-09
9.90177e-11
8.82662e-10
1.20913e-10
7.39903e-10
1.43251e-10
5.76604e-10
1.64653e-10
3.95548e-10
1.83353e-10
2.01303e-10
1.97376e-10
2.04938e-10
2.58693e-08
1.54039e-07
1.77238e-09
3.37386e-08
2.18669e-09
6.28383e-09
1.8464e-09
2.10306e-09
1.11797e-09
2.78324e-10
1.5097e-09
1.60367e-10
1.41109e-09
1.00874e-10
1.38197e-09
6.00126e-11
1.36568e-09
3.29175e-11
1.35821e-09
1.52311e-11
1.35637e-09
3.95753e-12
1.35788e-09
-2.80033e-12
1.36104e-09
-6.15828e-12
1.36444e-09
-6.67506e-12
1.36673e-09
-4.49724e-12
1.36649e-09
5.43461e-13
1.36207e-09
8.8494e-12
1.35156e-09
2.09723e-11
1.33277e-09
3.75102e-11
1.30321e-09
5.89893e-11
1.26026e-09
8.57484e-11
1.20124e-09
1.17852e-10
1.12361e-09
1.5503e-10
1.02516e-09
1.96606e-10
9.04314e-10
2.41377e-10
7.60446e-10
2.87438e-10
5.94364e-10
3.32006e-10
4.08733e-10
3.71373e-10
2.08354e-10
4.01213e-10
4.17446e-10
2.11822e-08
2.40378e-07
5.43923e-09
4.68983e-08
1.16874e-09
1.04624e-08
1.32518e-09
2.70947e-10
1.20608e-09
4.61927e-10
1.43661e-09
2.25576e-10
1.37548e-09
1.29976e-10
1.35409e-09
7.32713e-11
1.34671e-09
3.76239e-11
1.34599e-09
1.47427e-11
1.34903e-09
2.03257e-13
1.35422e-09
-8.52138e-12
1.36044e-09
-1.28437e-11
1.36669e-09
-1.34233e-11
1.37196e-09
-1.03554e-11
1.37505e-09
-3.28551e-12
1.37447e-09
8.49653e-12
1.36835e-09
2.59461e-11
1.3544e-09
5.01077e-11
1.32999e-09
8.19139e-11
1.29222e-09
1.21984e-10
1.23806e-09
1.70491e-10
1.16456e-09
2.27118e-10
1.06896e-09
2.91001e-10
9.48983e-10
3.60553e-10
8.03202e-10
4.33126e-10
6.31669e-10
5.04566e-10
4.36671e-10
5.68915e-10
2.23398e-10
6.18678e-10
6.46177e-10
2.39725e-08
3.03038e-07
4.50149e-09
6.10702e-08
1.28311e-09
1.72239e-08
7.80525e-10
6.95446e-11
1.1456e-09
3.5043e-10
1.27344e-09
2.06014e-10
1.3006e-09
1.20182e-10
1.31219e-09
6.54726e-11
1.32107e-09
2.95635e-11
1.33002e-09
5.9115e-12
1.33954e-09
-9.36726e-12
1.34954e-09
-1.86465e-11
1.35979e-09
-2.3274e-11
1.36992e-09
-2.38207e-11
1.37937e-09
-2.0216e-11
1.38729e-09
-1.18266e-11
1.39242e-09
2.47629e-12
1.39295e-09
2.4208e-11
1.3865e-09
5.5061e-11
1.37014e-09
9.65775e-11
1.34056e-09
1.49788e-10
1.29424e-09
2.15016e-10
1.22761e-09
2.91952e-10
1.13714e-09
3.79727e-10
1.01945e-09
4.76715e-10
8.71711e-10
5.79953e-10
6.9244e-10
6.84215e-10
4.82889e-10
7.8104e-10
2.48564e-10
8.58421e-10
9.02393e-10
2.29543e-08
3.79183e-07
8.02037e-09
7.51655e-08
1.63295e-09
2.34808e-08
7.42538e-10
5.97778e-11
1.13084e-09
1.69021e-10
1.18804e-09
1.28314e-10
1.24131e-09
7.92652e-11
1.27299e-09
3.88735e-11
1.29537e-09
9.24498e-12
1.31349e-09
-1.1294e-11
1.32955e-09
-2.49394e-11
1.34461e-09
-3.34246e-11
1.35927e-09
-3.77868e-11
1.37383e-09
-3.8371e-11
1.38831e-09
-3.48617e-11
1.40233e-09
-2.62812e-11
1.41496e-09
-1.0973e-11
1.42454e-09
1.33485e-11
1.42851e-09
4.93519e-11
1.42352e-09
9.95502e-11
1.40563e-09
1.65579e-10
1.37071e-09
2.47834e-10
1.3145e-09
3.45945e-10
1.23254e-09
4.5924e-10
1.11998e-09
5.86632e-10
9.71739e-10
7.25751e-10
7.83494e-10
8.71292e-10
5.53889e-10
1.01263e-09
2.87949e-10
1.13155e-09
1.20259e-09
2.81199e-08
4.53125e-07
6.5854e-09
9.54233e-08
1.89367e-09
3.39103e-08
7.72583e-10
6.9205e-11
1.12222e-09
7.1862e-11
1.15119e-09
5.89759e-11
1.20361e-09
2.96905e-11
1.2431e-09
1.51068e-12
1.27392e-09
-2.01641e-11
1.29903e-09
-3.53936e-11
1.32055e-09
-4.56738e-11
1.34007e-09
-5.23269e-11
1.35884e-09
-5.60783e-11
1.37783e-09
-5.70151e-11
1.39771e-09
-5.45787e-11
1.41875e-09
-4.7463e-11
1.44055e-09
-3.34352e-11
1.46172e-09
-9.19276e-12
1.47949e-09
2.94487e-11
1.48978e-09
8.66946e-11
1.48774e-09
1.65143e-10
1.46846e-09
2.64796e-10
1.42715e-09
3.84753e-10
1.35855e-09
5.24656e-10
1.25618e-09
6.84825e-10
1.11176e-09
8.65125e-10
9.15908e-10
1.06255e-09
6.61228e-10
1.26669e-09
3.49337e-10
1.45254e-09
1.57383e-09
2.40116e-08
5.32355e-07
7.50956e-09
1.12574e-07
1.89207e-09
3.73207e-08
7.95635e-10
7.57648e-11
1.10755e-09
2.76232e-11
1.1311e-09
6.03833e-12
1.17884e-09
-2.09903e-11
1.22189e-09
-4.23575e-11
1.25817e-09
-5.60188e-11
1.28817e-09
-6.44434e-11
1.31355e-09
-7.0036e-11
1.33628e-09
-7.41323e-11
1.3582e-09
-7.71848e-11
1.38094e-09
-7.90313e-11
1.40595e-09
-7.89738e-11
1.43439e-09
-7.55562e-11
1.46678e-09
-6.61125e-11
1.5023e-09
-4.61343e-11
1.53795e-09
-9.05906e-12
1.56838e-09
5.26375e-11
1.58709e-09
1.43501e-10
1.58825e-09
2.61451e-10
1.56706e-09
4.03613e-10
1.51833e-09
5.69814e-10
1.43442e-09
7.62879e-10
1.30323e-09
9.8738e-10
1.10716e-09
1.24711e-09
8.25763e-10
1.53902e-09
4.48168e-10
1.8381e-09
2.06638e-09
2.96556e-08
6.02375e-07
6.02244e-09
1.28486e-07
1.71071e-09
4.78236e-08
7.86409e-10
7.38441e-11
1.07418e-09
2.41328e-12
1.1085e-09
-4.14557e-11
1.15876e-09
-7.73329e-11
1.20745e-09
-9.39318e-11
1.2487e-09
-9.71091e-11
1.28192e-09
-9.63263e-11
1.30921e-09
-9.58942e-11
1.3333e-09
-9.69817e-11
1.35673e-09
-9.94967e-11
1.38178e-09
-1.0295e-10
1.41077e-09
-1.06727e-10
1.44609e-09
-1.09676e-10
1.48988e-09
-1.09326e-10
1.54273e-09
-1.00175e-10
1.60163e-09
-7.21878e-11
1.65871e-09
-1.05841e-11
1.70399e-09
9.47751e-11
1.73039e-09
2.33892e-10
1.73452e-09
3.98431e-10
1.7133e-09
5.8812e-10
1.65994e-09
8.09487e-10
1.55956e-09
1.0744e-09
1.38379e-09
1.3995e-09
1.08649e-09
1.80416e-09
6.1756e-10
2.29446e-09
2.7872e-09
1.59774e-08
6.82701e-07
-2.00556e-09
1.45954e-07
-4.5081e-10
4.02476e-08
7.54674e-10
9.2062e-11
1.02843e-09
-2.50196e-11
1.07678e-09
-9.69414e-11
1.14026e-09
-1.52954e-10
1.20043e-09
-1.58928e-10
1.24728e-09
-1.42159e-10
1.28158e-09
-1.27859e-10
1.30806e-09
-1.20232e-10
1.331e-09
-1.18402e-10
1.35363e-09
-1.20869e-10
1.37868e-09
-1.26543e-10
1.40923e-09
-1.3531e-10
1.44933e-09
-1.47094e-10
1.50393e-09
-1.61345e-10
1.57711e-09
-1.7305e-10
1.66714e-09
-1.68931e-10
1.76083e-09
-1.17558e-10
1.83977e-09
1.229e-11
1.8948e-09
1.80909e-10
1.92732e-09
3.681e-10
1.94042e-09
5.74748e-10
1.93247e-09
8.12569e-10
1.8913e-09
1.10117e-09
1.78192e-09
1.47238e-09
1.51885e-09
1.98365e-09
9.35584e-10
2.74837e-09
4.00078e-09
1.9743e-08
7.60629e-07
-7.22905e-09
1.71282e-07
-1.14889e-10
2.09537e-08
6.92e-10
1.25357e-10
9.56e-10
-4.71088e-11
1.03059e-09
-1.68546e-10
1.12508e-09
-2.78615e-10
1.20673e-09
-2.46666e-10
1.25841e-09
-1.8474e-10
1.28906e-09
-1.52717e-10
1.31044e-09
-1.38774e-10
1.32901e-09
-1.35525e-10
1.3481e-09
-1.39033e-10
1.37008e-09
-1.47043e-10
1.39816e-09
-1.60876e-10
1.43806e-09
-1.82048e-10
1.49938e-09
-2.15909e-10
1.59465e-09
-2.61747e-10
1.729e-09
-3.12926e-10
1.8777e-09
-3.03008e-10
1.99945e-09
-1.08966e-10
2.08173e-09
1.09348e-10
2.13955e-09
3.18324e-10
2.18855e-09
5.30198e-10
2.23819e-09
7.64875e-10
2.29128e-09
1.04536e-09
2.33375e-09
1.4052e-09
2.2714e-09
1.90968e-09
1.60593e-09
2.71461e-09
4.24944e-09
1.21848e-08
7.45281e-07
1.22813e-08
1.70497e-07
5.14997e-09
2.03372e-08
5.11357e-10
4.96244e-09
8.29339e-10
-1.03826e-11
9.6476e-10
-1.59043e-10
1.12275e-09
-2.98236e-10
1.24301e-09
-3.79651e-10
1.29057e-09
-1.97532e-10
1.30582e-09
-1.59999e-10
1.31564e-09
-1.47505e-10
1.32651e-09
-1.4684e-10
1.33967e-09
-1.53472e-10
1.35539e-09
-1.62188e-10
1.37525e-09
-1.79349e-10
1.40537e-09
-2.04335e-10
1.46089e-09
-2.58493e-10
1.5731e-09
-3.45101e-10
1.77649e-09
-5.18017e-10
2.02153e-09
-6.72584e-10
2.19859e-09
-2.54497e-10
2.29311e-09
4.71265e-11
2.36059e-09
2.65641e-10
2.43606e-09
4.62863e-10
2.54045e-09
6.71349e-10
2.70187e-09
9.10241e-10
2.99042e-09
1.19334e-09
3.62706e-09
1.53528e-09
5.43406e-09
1.95093e-09
2.42061e-09
1.23893e-07
6.22681e-07
6.70785e-08
2.10447e-07
2.22615e-08
1.01623e-07
1.36853e-08
4.04138e-08
4.03842e-09
1.71673e-08
8.30776e-10
7.44647e-09
1.15835e-09
1.00402e-08
1.35198e-09
-2.53198e-10
1.35504e-09
-1.35838e-10
1.32799e-09
-1.1473e-10
1.31979e-09
-1.09855e-10
1.32173e-09
-1.12391e-10
1.32869e-09
-1.20207e-10
1.33653e-09
-1.26637e-10
1.3421e-09
-1.40712e-10
1.34729e-09
-1.58163e-10
1.3657e-09
-2.0787e-10
1.46038e-09
-2.91808e-10
1.78234e-09
-5.13124e-10
2.23332e-09
-8.48784e-10
2.48027e-09
-2.85419e-10
2.53156e-09
7.44997e-11
2.57367e-09
2.43377e-10
2.65462e-09
3.98211e-10
2.78569e-09
5.6843e-10
2.98534e-09
7.59506e-10
3.29898e-09
9.57682e-10
3.81236e-09
1.12442e-09
4.5944e-09
1.15859e-09
7.91622e-10
4.15224e-07
2.10514e-07
4.7201e-07
1.63012e-07
3.7544e-07
1.72236e-07
2.61735e-07
1.18071e-07
1.84505e-07
9.0435e-08
1.60136e-07
5.35853e-08
8.25336e-08
7.27729e-08
1.27878e-09
6.45385e-08
1.44084e-09
7.62472e-09
1.2801e-09
1.37958e-09
1.2497e-09
-7.83471e-10
1.2556e-09
-1.4534e-09
1.27888e-09
-1.78173e-09
1.29983e-09
-1.69256e-09
1.30269e-09
-1.454e-09
1.27566e-09
-5.27491e-10
1.19427e-09
2.31087e-09
1.12036e-09
8.43861e-09
1.65918e-09
4.42394e-08
2.64914e-09
5.26093e-09
2.95762e-09
-4.75452e-11
2.77916e-09
1.09895e-10
2.74791e-09
1.71984e-10
2.82308e-09
2.4775e-10
2.96233e-09
3.43e-10
3.15484e-09
4.54046e-10
3.40781e-09
5.60576e-10
3.72901e-09
6.24369e-10
4.07489e-09
5.79675e-10
3.043e-10
2.75704e-07
-8.07696e-08
4.62996e-07
-9.2894e-09
5.7808e-07
6.73681e-08
5.97701e-07
1.00948e-07
5.68605e-07
1.10884e-07
5.32496e-07
9.13222e-08
4.84281e-07
1.142e-07
4.11695e-07
1.19441e-07
4.03099e-07
3.01531e-08
4.00828e-07
5.86973e-09
4.02998e-07
-3.67877e-09
4.10166e-07
-7.21029e-09
4.15238e-07
-8.53622e-09
4.25109e-07
-8.19779e-09
4.25622e-07
-6.30484e-09
4.3307e-07
-1.2052e-09
4.06755e-07
1.53935e-08
3.83674e-07
4.17059e-08
2.27593e-07
1.39286e-07
2.65676e-08
1.13328e-07
2.54917e-09
3.32366e-08
2.18473e-09
2.16472e-09
2.005e-09
-2.72235e-09
1.98829e-09
-5.14699e-09
2.03977e-09
-7.14337e-09
2.14004e-09
-8.90314e-09
2.25741e-09
-9.9215e-09
2.48195e-09
-9.3102e-09
2.97483e-09
-6.85056e-09
-2.59239e-09
5.70747e-08
-1.45823e-07
1.45204e-07
-9.5662e-08
2.65504e-07
-4.95607e-08
3.78441e-07
-7.30685e-11
4.54258e-07
3.84345e-08
4.91468e-07
6.03004e-08
5.42461e-07
7.28829e-08
5.82328e-07
7.60433e-08
5.84432e-07
3.44193e-08
5.91222e-07
5.57009e-09
5.95037e-07
-8.37985e-09
6.05779e-07
-1.46678e-08
6.0931e-07
-1.646e-08
6.22332e-07
-1.59735e-08
6.19881e-07
-1.10891e-08
6.28658e-07
-8.01181e-10
6.04539e-07
2.82841e-08
5.93291e-07
6.95157e-08
5.66661e-07
1.61891e-07
4.83018e-07
1.88831e-07
4.77886e-07
6.98297e-08
4.84225e-07
4.13687e-09
4.98772e-07
-1.7778e-08
5.25549e-07
-3.10628e-08
5.63398e-07
-4.26909e-08
6.11475e-07
-5.35934e-08
6.64537e-07
-6.11239e-08
7.16022e-07
-5.95789e-08
7.5225e-07
-4.51985e-08
-1.72209e-08
5.78263e-08
-2.09011e-07
1.13851e-07
-1.58777e-07
1.73116e-07
-1.08547e-07
2.38463e-07
-6.46824e-08
3.0416e-07
-2.45376e-08
3.61761e-07
4.9257e-09
4.21029e-07
1.89586e-08
4.75586e-07
2.06959e-08
5.0251e-07
9.76381e-09
5.17015e-07
-5.32719e-09
5.25798e-07
-1.58258e-08
5.34008e-07
-2.17371e-08
5.39877e-07
-2.31821e-08
5.4698e-07
-2.20427e-08
5.49373e-07
-1.51154e-08
5.539e-07
-2.13167e-09
5.57999e-07
2.49572e-08
5.79718e-07
5.96983e-08
6.52254e-07
1.01288e-07
7.11259e-07
1.15485e-07
7.33895e-07
5.07472e-08
7.56703e-07
-1.02172e-08
7.8973e-07
-4.90601e-08
8.37873e-07
-7.87167e-08
9.02081e-07
-1.06281e-07
9.84636e-07
-1.34196e-07
1.07861e-06
-1.56185e-07
1.17835e-06
-1.60812e-07
1.25551e-06
-1.30502e-07
-5.34679e-08
6.42917e-08
-2.80355e-07
1.2465e-07
-2.20277e-07
1.84789e-07
-1.69165e-07
2.4185e-07
-1.2069e-07
2.97068e-07
-7.81575e-08
3.49184e-07
-4.60351e-08
3.96674e-07
-2.73516e-08
4.37635e-07
-1.96456e-08
4.67489e-07
-1.90116e-08
4.87728e-07
-2.35145e-08
5.02323e-07
-2.88272e-08
5.14142e-07
-3.252e-08
5.24758e-07
-3.34326e-08
5.34329e-07
-3.12876e-08
5.44163e-07
-2.43094e-08
5.55105e-07
-1.18668e-08
5.76696e-07
6.8335e-09
6.12912e-07
2.62942e-08
6.80575e-07
3.77552e-08
7.58378e-07
3.10934e-08
8.1269e-07
-4.60359e-09
8.60581e-07
-5.37256e-08
9.16488e-07
-1.00455e-07
9.85952e-07
-1.44814e-07
1.07173e-06
-1.87334e-07
1.1761e-06
-2.33455e-07
1.29604e-06
-2.71649e-07
1.43403e-06
-2.97264e-07
1.55947e-06
-2.65194e-07
-1.32943e-07
8.27104e-08
-3.68791e-07
1.57502e-07
-2.94614e-07
2.27227e-07
-2.35147e-07
2.92071e-07
-1.82351e-07
3.51913e-07
-1.36072e-07
4.05924e-07
-9.89638e-08
4.52271e-07
-7.31796e-08
4.90562e-07
-5.73725e-08
5.21158e-07
-4.9124e-08
5.44815e-07
-4.64214e-08
5.6359e-07
-4.68828e-08
5.79686e-07
-4.7994e-08
5.94821e-07
-4.81763e-08
6.10221e-07
-4.61299e-08
6.28027e-07
-4.12464e-08
6.51031e-07
-3.34681e-08
6.84907e-07
-2.52452e-08
7.32536e-07
-2.07462e-08
7.96249e-07
-2.64175e-08
8.695e-07
-4.43653e-08
9.42006e-07
-7.67836e-08
1.01157e-06
-1.21112e-07
1.08704e-06
-1.713e-07
1.16635e-06
-2.21804e-07
1.25575e-06
-2.71207e-07
1.34803e-06
-3.23556e-07
1.45478e-06
-3.69027e-07
1.58202e-06
-4.21327e-07
1.73192e-06
-4.17418e-07
-3.01841e-07
1.21417e-07
-4.89962e-07
2.28711e-07
-3.88986e-07
3.21061e-07
-3.19462e-07
3.96686e-07
-2.54447e-07
4.58821e-07
-1.9687e-07
5.10503e-07
-1.50152e-07
5.53019e-07
-1.1559e-07
5.87598e-07
-9.17853e-08
6.15527e-07
-7.6878e-08
6.38101e-07
-6.85414e-08
6.56676e-07
-6.49e-08
6.73202e-07
-6.3709e-08
6.89308e-07
-6.35507e-08
7.07322e-07
-6.30896e-08
7.29547e-07
-6.24472e-08
7.59675e-07
-6.20917e-08
8.00241e-07
-6.47296e-08
8.53165e-07
-7.25953e-08
9.1576e-07
-8.91666e-08
9.85285e-07
-1.13728e-07
1.05616e-06
-1.48025e-07
1.12418e-06
-1.88045e-07
1.1894e-06
-2.35396e-07
1.24689e-06
-2.78564e-07
1.30404e-06
-3.26296e-07
1.34628e-06
-3.66713e-07
1.4044e-06
-4.1608e-07
1.46831e-06
-4.75711e-07
1.61186e-06
-5.22267e-07
-6.24464e-07
2.34811e-07
-6.83647e-07
4.06827e-07
-5.42228e-07
5.04782e-07
-4.14682e-07
5.61928e-07
-3.12231e-07
5.99211e-07
-2.35311e-07
6.2673e-07
-1.78735e-07
6.48528e-07
-1.38357e-07
6.66245e-07
-1.10176e-07
6.80604e-07
-9.17125e-08
6.92335e-07
-8.03651e-08
7.02071e-07
-7.45619e-08
7.11187e-07
-7.24002e-08
7.21068e-07
-7.30295e-08
7.34116e-07
-7.54263e-08
7.52274e-07
-8.01252e-08
7.78383e-07
-8.74425e-08
8.12876e-07
-9.923e-08
8.56727e-07
-1.16196e-07
9.06115e-07
-1.39569e-07
9.61241e-07
-1.68579e-07
1.01479e-06
-2.03054e-07
1.06831e-06
-2.40031e-07
1.11166e-06
-2.80368e-07
1.15121e-06
-3.14358e-07
1.17907e-06
-3.55518e-07
1.19817e-06
-3.80347e-07
1.22716e-06
-4.41254e-07
1.23844e-06
-4.83006e-07
1.58254e-06
-7.31911e-07
-1.35345e-06
8.48902e-07
-6.56668e-07
7.74976e-07
-5.13001e-07
7.1838e-07
-3.79215e-07
6.78417e-07
-2.8223e-07
6.53549e-07
-2.15325e-07
6.40266e-07
-1.67874e-07
6.3462e-07
-1.34003e-07
6.33522e-07
-1.09608e-07
6.34776e-07
-9.31181e-08
6.37324e-07
-8.25894e-08
6.40778e-07
-7.74864e-08
6.45708e-07
-7.63955e-08
6.53182e-07
-7.94979e-08
6.64851e-07
-8.5806e-08
6.82519e-07
-9.66092e-08
7.07369e-07
-1.11074e-07
7.40431e-07
-1.313e-07
7.80557e-07
-1.55559e-07
8.27191e-07
-1.85408e-07
8.77607e-07
-2.18501e-07
9.28603e-07
-2.53443e-07
9.79381e-07
-2.89914e-07
1.01899e-06
-3.20403e-07
1.05709e-06
-3.49008e-07
1.06519e-06
-3.68067e-07
1.08849e-06
-3.90748e-07
1.05522e-06
-4.28124e-07
1.08112e-06
-4.8331e-07
9.0452e-07
-7.05311e-07
-1.04038e-06
7.22793e-07
-4.55385e-07
6.0632e-07
-3.82337e-07
5.52438e-07
-3.15917e-07
5.35854e-07
-2.58185e-07
5.36681e-07
-2.10606e-07
5.44917e-07
-1.72109e-07
5.55701e-07
-1.42152e-07
5.67279e-07
-1.19101e-07
5.78504e-07
-1.02879e-07
5.89686e-07
-9.21928e-08
6.00734e-07
-8.73305e-08
6.13096e-07
-8.71065e-08
6.27237e-07
-9.2478e-08
6.45347e-07
-1.02144e-07
6.67826e-07
-1.18184e-07
6.96211e-07
-1.37944e-07
7.30271e-07
-1.65121e-07
7.68696e-07
-1.9345e-07
8.12074e-07
-2.29285e-07
8.54366e-07
-2.61903e-07
8.9887e-07
-2.98361e-07
9.33835e-07
-3.27781e-07
9.62841e-07
-3.4858e-07
9.66032e-07
-3.58307e-07
9.54067e-07
-3.53225e-07
9.0677e-07
-3.5615e-07
8.27243e-07
-3.48559e-07
6.98039e-07
-3.91818e-07
3.44468e-07
-3.85964e-07
-2.59339e-07
8.22552e-07
-3.61275e-07
7.7344e-07
-3.38225e-07
7.46088e-07
-2.9881e-07
7.30532e-07
-2.52358e-07
7.20649e-07
-2.0845e-07
7.13786e-07
-1.70955e-07
7.08395e-07
-1.41214e-07
7.04358e-07
-1.18353e-07
7.00858e-07
-1.0219e-07
6.98291e-07
-9.16641e-08
6.95839e-07
-8.69404e-08
6.94655e-07
-8.73129e-08
6.93908e-07
-9.36192e-08
6.95933e-07
-1.0521e-07
6.99461e-07
-1.23841e-07
7.08196e-07
-1.47325e-07
7.19901e-07
-1.79332e-07
7.38524e-07
-2.12015e-07
7.61521e-07
-2.54822e-07
7.87604e-07
-2.8729e-07
8.15141e-07
-3.27618e-07
8.3381e-07
-3.45163e-07
8.34597e-07
-3.51152e-07
8.08241e-07
-3.31475e-07
7.60213e-07
-3.09483e-07
6.72945e-07
-2.74991e-07
5.53126e-07
-2.30939e-07
3.84346e-07
-2.34754e-07
1.91521e-07
-2.04941e-07
-1.73629e-07
8.37365e-07
-2.83938e-07
7.68663e-07
-2.67773e-07
7.11376e-07
-2.40485e-07
6.67757e-07
-2.078e-07
6.36256e-07
-1.757e-07
6.14088e-07
-1.47154e-07
5.98427e-07
-1.23789e-07
5.87374e-07
-1.05482e-07
5.79314e-07
-9.24115e-08
5.7354e-07
-8.41286e-08
5.69271e-07
-8.09197e-08
5.6683e-07
-8.28528e-08
5.65985e-07
-9.05922e-08
5.68523e-07
-1.04882e-07
5.74099e-07
-1.26462e-07
5.87027e-07
-1.55869e-07
6.0417e-07
-1.93289e-07
6.32363e-07
-2.34394e-07
6.62312e-07
-2.83409e-07
6.95321e-07
-3.15363e-07
7.24604e-07
-3.57339e-07
7.26799e-07
-3.46542e-07
6.97767e-07
-3.23975e-07
6.39965e-07
-2.74232e-07
5.70562e-07
-2.43048e-07
4.69861e-07
-1.96699e-07
3.55685e-07
-1.05116e-07
2.37015e-07
-1.10131e-07
1.06288e-07
-7.05774e-08
-1.86551e-08
8.51181e-07
-2.20584e-07
7.96222e-07
-2.113e-07
7.51696e-07
-1.95862e-07
7.18423e-07
-1.75629e-07
6.94535e-07
-1.53629e-07
6.77709e-07
-1.32157e-07
6.6562e-07
-1.13444e-07
6.5674e-07
-9.80724e-08
6.49915e-07
-8.69008e-08
6.44389e-07
-7.98062e-08
6.39838e-07
-7.73942e-08
6.35709e-07
-7.99171e-08
6.32348e-07
-8.81132e-08
6.29397e-07
-1.03344e-07
6.27614e-07
-1.25618e-07
6.28276e-07
-1.58173e-07
6.29413e-07
-1.96196e-07
6.39274e-07
-2.45184e-07
6.42666e-07
-2.91684e-07
6.57569e-07
-3.28719e-07
6.54984e-07
-3.64075e-07
6.07765e-07
-3.03385e-07
5.30339e-07
-2.5336e-07
4.4748e-07
-1.90181e-07
3.60707e-07
-1.51687e-07
2.64729e-07
-8.15683e-08
1.96634e-07
-2.27931e-08
8.39796e-08
-2.64937e-08
1.3999e-09
-1.14397e-09
-2.00908e-09
8.61156e-07
-1.67557e-07
8.12917e-07
-1.62003e-07
7.69856e-07
-1.52366e-07
7.33192e-07
-1.39012e-07
7.02829e-07
-1.23701e-07
6.78173e-07
-1.07943e-07
6.58013e-07
-9.37184e-08
6.41306e-07
-8.16305e-08
6.27062e-07
-7.28141e-08
6.14221e-07
-6.7098e-08
6.02425e-07
-6.54373e-08
5.90056e-07
-6.76913e-08
5.77944e-07
-7.5201e-08
5.63171e-07
-8.86723e-08
5.49516e-07
-1.09481e-07
5.32973e-07
-1.41042e-07
5.22158e-07
-1.79169e-07
5.16513e-07
-2.36394e-07
5.11784e-07
-2.78623e-07
5.30107e-07
-3.37202e-07
4.9598e-07
-3.38187e-07
4.16683e-07
-2.24505e-07
3.20826e-07
-1.51167e-07
2.36125e-07
-8.10836e-08
1.12601e-07
-4.93381e-08
4.97457e-09
-1.34933e-09
2.05916e-09
-1.29313e-09
8.75887e-10
-1.45418e-09
5.52628e-10
-1.43238e-09
-2.07893e-09
8.67425e-07
-1.21045e-07
8.2389e-07
-1.17646e-07
7.83605e-07
-1.11642e-07
7.47957e-07
-1.03159e-07
7.17209e-07
-9.31903e-08
6.91499e-07
-8.25226e-08
6.6982e-07
-7.26107e-08
6.51688e-07
-6.38879e-08
6.35804e-07
-5.75248e-08
6.2161e-07
-5.3294e-08
6.08049e-07
-5.24008e-08
5.94111e-07
-5.42851e-08
5.79609e-07
-6.0976e-08
5.61935e-07
-7.19084e-08
5.44108e-07
-9.09605e-08
5.19707e-07
-1.18231e-07
5.02004e-07
-1.57634e-07
4.75196e-07
-2.12862e-07
4.6205e-07
-2.5642e-07
4.53106e-07
-3.31589e-07
3.50322e-07
-2.58769e-07
2.48357e-07
-1.08759e-07
1.43109e-07
-4.90059e-08
3.02638e-08
-8.74276e-09
2.35982e-09
-5.32464e-10
2.18007e-09
-5.42928e-10
1.66052e-09
-1.25598e-09
1.00133e-09
-1.44983e-09
5.08974e-10
-1.28677e-09
-1.42872e-09
8.7142e-07
-7.86692e-08
8.31118e-07
-7.67062e-08
7.93034e-07
-7.31748e-08
7.58305e-07
-6.81622e-08
7.27195e-07
-6.21598e-08
7.00191e-07
-5.56092e-08
6.76492e-07
-4.93534e-08
6.56134e-07
-4.37528e-08
6.37581e-07
-3.95988e-08
6.20915e-07
-3.68349e-08
6.04068e-07
-3.63295e-08
5.87246e-07
-3.7653e-08
5.67818e-07
-4.24621e-08
5.45558e-07
-4.98741e-08
5.17899e-07
-6.39789e-08
4.82228e-07
-8.27229e-08
4.4259e-07
-1.161e-07
3.86548e-07
-1.5647e-07
3.56947e-07
-2.10843e-07
2.84138e-07
-2.66514e-07
1.29592e-07
-1.13551e-07
2.7379e-08
-1.70315e-08
2.27034e-09
-5.72552e-10
2.1287e-09
-3.24068e-10
2.0435e-09
-4.22185e-10
1.84174e-09
-5.09987e-10
1.44885e-09
-7.50533e-10
9.59932e-10
-8.74696e-10
4.81933e-10
-8.79933e-10
-9.20473e-10
8.73803e-07
-3.8758e-08
8.35483e-07
-3.78587e-08
7.98852e-07
-3.62127e-08
7.6485e-07
-3.38859e-08
7.33742e-07
-3.10589e-08
7.06099e-07
-2.79658e-08
6.81327e-07
-2.49383e-08
6.5965e-07
-2.22351e-08
6.39579e-07
-2.01675e-08
6.2142e-07
-1.88445e-08
6.02728e-07
-1.85791e-08
5.8431e-07
-1.93243e-08
5.622e-07
-2.17561e-08
5.38007e-07
-2.55978e-08
5.04916e-07
-3.29111e-08
4.65411e-07
-4.26113e-08
4.09191e-07
-6.19246e-08
3.3977e-07
-8.46153e-08
2.66191e-07
-1.33343e-07
1.25712e-07
-1.40428e-07
1.59588e-08
-1.68793e-08
2.45475e-09
-1.83678e-10
2.54383e-09
-2.9338e-10
2.20482e-09
-2.45827e-10
1.96746e-09
-2.3615e-10
1.69423e-09
-2.76905e-10
1.33319e-09
-3.61482e-10
9.07609e-10
-4.18494e-10
4.58826e-10
-4.37798e-10
-4.5276e-10
8.74928e-07
8.37526e-07
8.01644e-07
7.67996e-07
7.37e-07
7.09017e-07
6.83834e-07
6.61382e-07
6.4069e-07
6.21557e-07
6.02138e-07
5.82559e-07
5.59443e-07
5.33756e-07
4.98611e-07
4.56512e-07
3.91168e-07
3.09143e-07
1.71037e-07
3.46718e-08
1.8634e-09
2.52538e-09
2.40742e-09
2.17984e-09
1.92727e-09
1.63453e-09
1.28207e-09
8.78479e-10
4.45765e-10
)
;

boundaryField
{
    inlet1
    {
        type            calculated;
        value           nonuniform List<scalar> 10(-1e-07 -1e-07 -1e-07 -1e-07 -1e-07 -1e-07 -1e-07 -1e-07 -1e-07 -1e-07);
    }
    inlet2
    {
        type            calculated;
        value           uniform 0;
    }
    inlet3
    {
        type            calculated;
        value           nonuniform List<scalar> 10(-9.13394e-07 -9.13394e-07 -9.13394e-07 -9.13394e-07 -9.13394e-07 -9.13394e-07 -9.13394e-07 -9.13394e-07 -9.13394e-07 -9.13394e-07);
    }
    output1
    {
        type            calculated;
        value           uniform 0;
    }
    output2
    {
        type            calculated;
        value           nonuniform List<scalar> 10(8.86925e-09 5.58011e-09 4.38629e-09 3.32522e-09 7.68529e-07 1.29109e-06 1.6323e-06 1.87951e-06 1.92476e-06 2.61559e-06);
    }
    output3
    {
        type            calculated;
        value           uniform -0;
    }
    up
    {
        type            calculated;
        value           uniform 0;
    }
    down
    {
        type            calculated;
        value           uniform 0;
    }
    emptyWalls
    {
        type            empty;
        value           nonuniform List<scalar> 0();
    }
}


// ************************************************************************* //
