/*--------------------------------*- C++ -*----------------------------------*\
  =========                 |
  \\      /  F ield         | OpenFOAM: The Open Source CFD Toolbox
   \\    /   O peration     | Website:  https://openfoam.org
    \\  /    A nd           | Version:  9
     \\/     M anipulation  |
\*---------------------------------------------------------------------------*/
FoamFile
{
    format      ascii;
    class       volScalarField;
    location    "500";
    object      p;
}
// * * * * * * * * * * * * * * * * * * * * * * * * * * * * * * * * * * * * * //

dimensions      [0 0 0 0 0 0 0];

internalField   nonuniform List<scalar> 
900
(
2.49019e+09
2.46999e+09
2.43386e+09
2.39428e+09
2.35134e+09
2.3052e+09
2.25604e+09
2.20406e+09
2.14949e+09
2.0926e+09
2.03364e+09
1.9729e+09
1.91069e+09
1.8473e+09
1.78305e+09
1.71831e+09
1.65342e+09
1.58881e+09
1.52493e+09
1.46228e+09
1.40143e+09
1.34302e+09
1.28777e+09
1.23647e+09
1.18999e+09
1.14924e+09
1.11517e+09
1.08866e+09
1.07049e+09
1.06125e+09
2.49377e+09
2.47353e+09
2.43732e+09
2.39763e+09
2.35455e+09
2.30823e+09
2.25886e+09
2.20664e+09
2.15182e+09
2.09466e+09
2.03542e+09
1.97439e+09
1.91186e+09
1.84815e+09
1.78356e+09
1.71843e+09
1.65314e+09
1.58808e+09
1.5237e+09
1.46048e+09
1.39899e+09
1.33987e+09
1.28382e+09
1.23165e+09
1.18425e+09
1.14258e+09
1.10761e+09
1.08031e+09
1.06156e+09
1.052e+09
2.50096e+09
2.48066e+09
2.44429e+09
2.40437e+09
2.361e+09
2.31432e+09
2.26452e+09
2.21183e+09
2.1565e+09
2.0988e+09
2.03899e+09
1.97737e+09
1.91423e+09
1.84986e+09
1.78459e+09
1.71873e+09
1.65263e+09
1.58668e+09
1.5213e+09
1.45696e+09
1.3942e+09
1.33364e+09
1.276e+09
1.22208e+09
1.1728e+09
1.1292e+09
1.09237e+09
1.06344e+09
1.04344e+09
1.03321e+09
2.51182e+09
2.49142e+09
2.45482e+09
2.41457e+09
2.37075e+09
2.32351e+09
2.27307e+09
2.21966e+09
2.16355e+09
2.10503e+09
2.04437e+09
1.98187e+09
1.91781e+09
1.85249e+09
1.7862e+09
1.71925e+09
1.65197e+09
1.58471e+09
1.51786e+09
1.45185e+09
1.38721e+09
1.32451e+09
1.26445e+09
1.20785e+09
1.15568e+09
1.10905e+09
1.06924e+09
1.03762e+09
1.01555e+09
1.00418e+09
2.52639e+09
2.50588e+09
2.46901e+09
2.42833e+09
2.38391e+09
2.33591e+09
2.28458e+09
2.23018e+09
2.17301e+09
2.11339e+09
2.05159e+09
1.98792e+09
1.92266e+09
1.85609e+09
1.78848e+09
1.72012e+09
1.6513e+09
1.58233e+09
1.51357e+09
1.44539e+09
1.37827e+09
1.31274e+09
1.24945e+09
1.18921e+09
1.13302e+09
1.08209e+09
1.03792e+09
1.00225e+09
9.76966e+08
9.63776e+08
2.54476e+09
2.52416e+09
2.48701e+09
2.44582e+09
2.40063e+09
2.35164e+09
2.29914e+09
2.24346e+09
2.18494e+09
2.12391e+09
2.06069e+09
1.99556e+09
1.92882e+09
1.86072e+09
1.79151e+09
1.72144e+09
1.65077e+09
1.57975e+09
1.50868e+09
1.43788e+09
1.36774e+09
1.29872e+09
1.2314e+09
1.16653e+09
1.10508e+09
1.04837e+09
9.98102e+08
9.56514e+08
9.26283e+08
9.10184e+08
2.56699e+09
2.5464e+09
2.50906e+09
2.46731e+09
2.42116e+09
2.37089e+09
2.31689e+09
2.25958e+09
2.19937e+09
2.13662e+09
2.07168e+09
2.00483e+09
1.93634e+09
1.86646e+09
1.7954e+09
1.72338e+09
1.65058e+09
1.57723e+09
1.50353e+09
1.42972e+09
1.3561e+09
1.28301e+09
1.21091e+09
1.14042e+09
1.07243e+09
1.0082e+09
9.49608e+08
8.99415e+08
8.61471e+08
8.40493e+08
2.59307e+09
2.57278e+09
2.53555e+09
2.49319e+09
2.4458e+09
2.39387e+09
2.33795e+09
2.27861e+09
2.21633e+09
2.15154e+09
2.08457e+09
2.01573e+09
1.94526e+09
1.87338e+09
1.80026e+09
1.72608e+09
1.65097e+09
1.57506e+09
1.49848e+09
1.42138e+09
1.34392e+09
1.2663e+09
1.1888e+09
1.11183e+09
1.03601e+09
9.62388e+08
8.92717e+08
8.30067e+08
7.79695e+08
7.49824e+08
2.62279e+09
2.60371e+09
2.56719e+09
2.52409e+09
2.47499e+09
2.42082e+09
2.36244e+09
2.30058e+09
2.23582e+09
2.16862e+09
2.09934e+09
2.02826e+09
1.9556e+09
1.88153e+09
1.8062e+09
1.72971e+09
1.65214e+09
1.57355e+09
1.49396e+09
1.4134e+09
1.3319e+09
1.24948e+09
1.16617e+09
1.08208e+09
9.97405e+08
9.12626e+08
8.28809e+08
7.48441e+08
6.77419e+08
6.29285e+08
2.65539e+09
2.64039e+09
2.60541e+09
2.56099e+09
2.50926e+09
2.45198e+09
2.3904e+09
2.32544e+09
2.25775e+09
2.18779e+09
2.11591e+09
2.04237e+09
1.96734e+09
1.89095e+09
1.8133e+09
1.73443e+09
1.65435e+09
1.57303e+09
1.4904e+09
1.40637e+09
1.32081e+09
1.23354e+09
1.14434e+09
1.05291e+09
9.58908e+08
8.61905e+08
7.61453e+08
6.57471e+08
5.52258e+08
4.60611e+08
2.70008e+09
2.68798e+09
2.65308e+09
2.60519e+09
2.5491e+09
2.48743e+09
2.42176e+09
2.35305e+09
2.28194e+09
2.20888e+09
2.13415e+09
2.05796e+09
1.98043e+09
1.90164e+09
1.82163e+09
1.74037e+09
1.6578e+09
1.57381e+09
1.48824e+09
1.40087e+09
1.31143e+09
1.21954e+09
1.12472e+09
1.02632e+09
9.23415e+08
8.14634e+08
6.9763e+08
5.67733e+08
4.1353e+08
2.00291e+08
2.78385e+09
2.75835e+09
2.71374e+09
2.65759e+09
2.5945e+09
2.5269e+09
2.45615e+09
2.38305e+09
2.30811e+09
2.23164e+09
2.15385e+09
2.07488e+09
1.99478e+09
1.91356e+09
1.8312e+09
1.74761e+09
1.66266e+09
1.57617e+09
1.48787e+09
1.39745e+09
1.3045e+09
1.20848e+09
1.10869e+09
1.00422e+09
8.93803e+08
7.75588e+08
6.46702e+08
5.02301e+08
3.3384e+08
1.27314e+08
2.89312e+09
2.84786e+09
2.78589e+09
2.71697e+09
2.64441e+09
2.5695e+09
2.49288e+09
2.4149e+09
2.33579e+09
2.25571e+09
2.17475e+09
2.09292e+09
2.01024e+09
1.92663e+09
1.84201e+09
1.75622e+09
1.66908e+09
1.58032e+09
1.48962e+09
1.39656e+09
1.30063e+09
1.20117e+09
1.09735e+09
9.88085e+08
8.71989e+08
7.47216e+08
6.1129e+08
4.60932e+08
2.92215e+08
1.0244e+08
3.04804e+09
2.95407e+09
2.86501e+09
2.78e+09
2.69666e+09
2.61382e+09
2.53097e+09
2.44787e+09
2.36446e+09
2.28068e+09
2.19649e+09
2.11183e+09
2.02662e+09
1.94072e+09
1.85398e+09
1.76619e+09
1.67711e+09
1.58642e+09
1.49372e+09
1.39855e+09
1.3003e+09
1.19824e+09
1.09144e+09
9.78782e+08
8.58856e+08
7.29998e+08
5.90314e+08
4.37922e+08
2.7165e+08
9.26702e+07
3.08131e+09
3.05579e+09
2.94006e+09
2.84136e+09
2.74841e+09
2.65816e+09
2.5693e+09
2.48118e+09
2.39349e+09
2.30605e+09
2.2187e+09
2.1313e+09
2.04368e+09
1.95565e+09
1.867e+09
1.77746e+09
1.68675e+09
1.59451e+09
1.5003e+09
1.40361e+09
1.30378e+09
1.20003e+09
1.09141e+09
9.76744e+08
8.54657e+08
7.23608e+08
5.82047e+08
4.28795e+08
2.63794e+08
8.92618e+07
3.08716e+09
3.08818e+09
2.99827e+09
2.89698e+09
2.79746e+09
2.70112e+09
2.60688e+09
2.51405e+09
2.42228e+09
2.33132e+09
2.24097e+09
2.15099e+09
2.06115e+09
1.97121e+09
1.88089e+09
1.78991e+09
1.69793e+09
1.60457e+09
1.50937e+09
1.41179e+09
1.31117e+09
1.20671e+09
1.09742e+09
9.82127e+08
8.59422e+08
7.27734e+08
5.85474e+08
4.31418e+08
2.65471e+08
8.98454e+07
3.09006e+09
3.09005e+09
3.08771e+09
2.95081e+09
2.84332e+09
2.74197e+09
2.64305e+09
2.54587e+09
2.45025e+09
2.35599e+09
2.26285e+09
2.17053e+09
2.07873e+09
1.98714e+09
1.89546e+09
1.80336e+09
1.71049e+09
1.61646e+09
1.52081e+09
1.42301e+09
1.32241e+09
1.21821e+09
1.10945e+09
9.94922e+08
8.73172e+08
7.42435e+08
6.00698e+08
4.45934e+08
2.76827e+08
9.44951e+07
3.09205e+09
3.09175e+09
3.09107e+09
2.98162e+09
2.88303e+09
2.78041e+09
2.67748e+09
2.57612e+09
2.47685e+09
2.37955e+09
2.28392e+09
2.18956e+09
2.09609e+09
2.00317e+09
1.91044e+09
1.81757e+09
1.72421e+09
1.62996e+09
1.53441e+09
1.43703e+09
1.33723e+09
1.23427e+09
1.12723e+09
1.01495e+09
8.95912e+08
7.68138e+08
6.28951e+08
4.74796e+08
3.01408e+08
1.05804e+08
3.09369e+09
3.09354e+09
3.09359e+09
3.02057e+09
2.92679e+09
2.81913e+09
2.71036e+09
2.60429e+09
2.50146e+09
2.40146e+09
2.30371e+09
2.20769e+09
2.11292e+09
2.019e+09
1.92557e+09
1.83229e+09
1.73881e+09
1.64478e+09
1.54982e+09
1.45347e+09
1.35521e+09
1.25441e+09
1.15025e+09
1.04172e+09
9.27394e+08
8.05258e+08
6.72173e+08
5.22891e+08
3.48208e+08
1.33117e+08
3.09531e+09
3.09513e+09
3.09479e+09
3.09303e+09
2.98441e+09
2.85899e+09
2.74052e+09
2.62922e+09
2.52324e+09
2.42111e+09
2.32179e+09
2.22456e+09
2.12889e+09
2.03434e+09
1.94055e+09
1.84719e+09
1.75396e+09
1.66054e+09
1.56661e+09
1.47182e+09
1.37574e+09
1.27789e+09
1.17766e+09
1.07428e+09
9.66689e+08
8.53328e+08
7.31595e+08
5.96391e+08
4.35417e+08
2.11575e+08
3.09692e+09
3.09643e+09
3.09561e+09
3.09377e+09
3.08926e+09
2.89189e+09
2.76352e+09
2.64883e+09
2.54118e+09
2.43793e+09
2.33777e+09
2.23989e+09
2.14374e+09
2.04892e+09
1.95509e+09
1.86197e+09
1.76928e+09
1.6768e+09
1.58428e+09
1.49145e+09
1.39804e+09
1.30375e+09
1.20822e+09
1.11105e+09
1.01175e+09
9.09771e+08
8.04491e+08
6.95661e+08
5.85496e+08
4.89341e+08
3.09833e+09
3.09771e+09
3.0968e+09
3.09507e+09
3.00994e+09
2.89006e+09
2.77285e+09
2.66139e+09
2.55471e+09
2.45168e+09
2.35147e+09
2.25348e+09
2.15727e+09
2.06252e+09
1.96893e+09
1.87629e+09
1.78441e+09
1.69311e+09
1.60224e+09
1.51166e+09
1.42123e+09
1.33084e+09
1.24042e+09
1.14994e+09
1.05951e+09
9.69512e+08
8.80938e+08
7.96269e+08
7.21566e+08
6.70954e+08
3.09965e+09
3.09901e+09
3.09797e+09
3.09388e+09
2.99327e+09
2.88555e+09
2.77644e+09
2.66918e+09
2.56459e+09
2.46262e+09
2.36295e+09
2.26529e+09
2.16936e+09
2.07493e+09
1.98182e+09
1.88987e+09
1.79896e+09
1.709e+09
1.61993e+09
1.53171e+09
1.44437e+09
1.35797e+09
1.27267e+09
1.18878e+09
1.10684e+09
1.02783e+09
9.53482e+08
8.86912e+08
8.33548e+08
8.01956e+08
3.10086e+09
3.1003e+09
3.09949e+09
3.08271e+09
2.98498e+09
2.88244e+09
2.77816e+09
2.6743e+09
2.57187e+09
2.47123e+09
2.37242e+09
2.27536e+09
2.17994e+09
2.08603e+09
1.99355e+09
1.9024e+09
1.81255e+09
1.72399e+09
1.63675e+09
1.55089e+09
1.46657e+09
1.38399e+09
1.30351e+09
1.22566e+09
1.15124e+09
1.08148e+09
1.01825e+09
9.64354e+08
9.2376e+08
9.01368e+08
3.10197e+09
3.10147e+09
3.10078e+09
3.08039e+09
2.98164e+09
2.88106e+09
2.77947e+09
2.67798e+09
2.57736e+09
2.47802e+09
2.38015e+09
2.28381e+09
2.18901e+09
2.09572e+09
2.00393e+09
1.91363e+09
1.82486e+09
1.73767e+09
1.65218e+09
1.56855e+09
1.48701e+09
1.40792e+09
1.33173e+09
1.25911e+09
1.19099e+09
1.1286e+09
1.07369e+09
1.02849e+09
9.95773e+08
9.7839e+08
3.10293e+09
3.10244e+09
3.10177e+09
3.0791e+09
2.98027e+09
2.8807e+09
2.78068e+09
2.6808e+09
2.58156e+09
2.48333e+09
2.38634e+09
2.29072e+09
2.19656e+09
2.1039e+09
2.01281e+09
1.92334e+09
1.83558e+09
1.74966e+09
1.66576e+09
1.5841e+09
1.50502e+09
1.42893e+09
1.35637e+09
1.28808e+09
1.22498e+09
1.16826e+09
1.11941e+09
1.08016e+09
1.05245e+09
1.03803e+09
3.1037e+09
3.10322e+09
3.10253e+09
3.07883e+09
2.97974e+09
2.88078e+09
2.78175e+09
2.68297e+09
2.58475e+09
2.4874e+09
2.39115e+09
2.29618e+09
2.2026e+09
2.11053e+09
2.02007e+09
1.93133e+09
1.84446e+09
1.75963e+09
1.67708e+09
1.59709e+09
1.52004e+09
1.44639e+09
1.37675e+09
1.31185e+09
1.25259e+09
1.20006e+09
1.15551e+09
1.12031e+09
1.09584e+09
1.08325e+09
3.10429e+09
3.10381e+09
3.10314e+09
3.07731e+09
2.97921e+09
2.88091e+09
2.7826e+09
2.68456e+09
2.58707e+09
2.49037e+09
2.3947e+09
2.30023e+09
2.20714e+09
2.11555e+09
2.0256e+09
1.93746e+09
1.8513e+09
1.76734e+09
1.68584e+09
1.60714e+09
1.53164e+09
1.45985e+09
1.39239e+09
1.32997e+09
1.27348e+09
1.22389e+09
1.18227e+09
1.14973e+09
1.12733e+09
1.1159e+09
3.10468e+09
3.1042e+09
3.10353e+09
3.0769e+09
2.97895e+09
2.88103e+09
2.78318e+09
2.68562e+09
2.58859e+09
2.49232e+09
2.39703e+09
2.30292e+09
2.21016e+09
2.11891e+09
2.02934e+09
1.94161e+09
1.85595e+09
1.77258e+09
1.69181e+09
1.61398e+09
1.53954e+09
1.46899e+09
1.40296e+09
1.34218e+09
1.28747e+09
1.23973e+09
1.19994e+09
1.16903e+09
1.14786e+09
1.1371e+09
3.10488e+09
3.1044e+09
3.10373e+09
3.07634e+09
2.97877e+09
2.88109e+09
2.78347e+09
2.68614e+09
2.58934e+09
2.49328e+09
2.39819e+09
2.30427e+09
2.21168e+09
2.1206e+09
2.03121e+09
1.94371e+09
1.8583e+09
1.77524e+09
1.69483e+09
1.61745e+09
1.54353e+09
1.47361e+09
1.4083e+09
1.34832e+09
1.29448e+09
1.24764e+09
1.20872e+09
1.17858e+09
1.158e+09
1.14755e+09
)
;

boundaryField
{
    inlet1
    {
        type            fixedGradient;
        gradient        uniform 20000;
    }
    inlet2
    {
        type            zeroGradient;
    }
    inlet3
    {
        type            fixedGradient;
        gradient        uniform 4.68141e+06;
    }
    output1
    {
        type            zeroGradient;
    }
    output2
    {
        type            fixedValue;
        value           uniform 0;
    }
    output3
    {
        type            zeroGradient;
    }
    up
    {
        type            zeroGradient;
    }
    down
    {
        type            zeroGradient;
    }
    emptyWalls
    {
        type            empty;
    }
}


// ************************************************************************* //
