/*--------------------------------*- C++ -*----------------------------------*\
  =========                 |
  \\      /  F ield         | OpenFOAM: The Open Source CFD Toolbox
   \\    /   O peration     | Website:  https://openfoam.org
    \\  /    A nd           | Version:  9
     \\/     M anipulation  |
\*---------------------------------------------------------------------------*/
FoamFile
{
    format      ascii;
    class       surfaceScalarField;
    location    "500";
    object      phi;
}
// * * * * * * * * * * * * * * * * * * * * * * * * * * * * * * * * * * * * * //

dimensions      [0 3 -1 0 0 0 0];

internalField   nonuniform List<scalar> 
1740
(
1.02862e-07
-3.24133e-08
1.34168e-07
-1.44427e-08
1.60804e-07
-1.41298e-08
1.74383e-07
-1.36714e-08
1.87381e-07
-1.30718e-08
1.99653e-07
-1.23378e-08
2.11079e-07
-1.14834e-08
2.21562e-07
-1.05283e-08
2.31019e-07
-9.49462e-09
2.39384e-07
-8.39897e-09
2.46599e-07
-7.25003e-09
2.52612e-07
-6.04941e-09
2.57369e-07
-4.79318e-09
2.60806e-07
-3.47172e-09
2.62837e-07
-2.06843e-09
2.63347e-07
-5.5906e-10
2.62189e-07
1.08781e-09
2.59182e-07
2.90935e-09
2.54109e-07
4.94629e-09
2.46716e-07
7.24e-09
2.36718e-07
9.82823e-09
2.23804e-07
1.27386e-08
2.07665e-07
1.59789e-08
1.88024e-07
1.95232e-08
1.64688e-07
2.32948e-08
1.37614e-07
2.7148e-08
1.06984e-07
3.08552e-08
7.3267e-08
3.41103e-08
3.72502e-08
3.65626e-08
3.78885e-08
1.03045e-07
-6.51054e-08
1.34472e-07
-2.90108e-08
1.61262e-07
-2.8387e-08
1.7498e-07
-2.74767e-08
1.88108e-07
-2.62737e-08
2.00498e-07
-2.47904e-08
2.12025e-07
-2.30613e-08
2.22588e-07
-2.11311e-08
2.32109e-07
-1.90463e-08
2.4053e-07
-1.68426e-08
2.478e-07
-1.45395e-08
2.53873e-07
-1.21423e-08
2.587e-07
-9.64337e-09
2.62223e-07
-7.02256e-09
2.64364e-07
-4.24503e-09
2.65013e-07
-1.26066e-09
2.64031e-07
1.99485e-09
2.61239e-07
5.59734e-09
2.5642e-07
9.63053e-09
2.49317e-07
1.4181e-08
2.3963e-07
1.93307e-08
2.27029e-07
2.51445e-08
2.11168e-07
3.16516e-08
1.91721e-07
3.88176e-08
1.68428e-07
4.6507e-08
1.41172e-07
5.44414e-08
1.10072e-07
6.2162e-08
7.55682e-08
6.90231e-08
3.84844e-08
7.42514e-08
7.71031e-08
1.03435e-07
-9.82017e-08
1.35097e-07
-4.37929e-08
1.62182e-07
-4.29021e-08
1.76178e-07
-4.15601e-08
1.89576e-07
-3.97434e-08
2.02206e-07
-3.74765e-08
2.13932e-07
-3.48267e-08
2.24654e-07
-3.18753e-08
2.34303e-07
-2.87019e-08
2.42833e-07
-2.53678e-08
2.50204e-07
-2.19069e-08
2.56385e-07
-1.83274e-08
2.61341e-07
-1.46161e-08
2.65026e-07
-1.0739e-08
2.67379e-07
-6.6411e-09
2.68305e-07
-2.24522e-09
2.67673e-07
2.54645e-09
2.65313e-07
7.84998e-09
2.6101e-07
1.37958e-08
2.54496e-07
2.0523e-08
2.45455e-07
2.81699e-08
2.33514e-07
3.68582e-08
2.18262e-07
4.66665e-08
1.99268e-07
5.7589e-08
1.76133e-07
6.94747e-08
1.48578e-07
8.19489e-08
1.16565e-07
9.43284e-08
8.04514e-08
1.05569e-07
4.11202e-08
1.14317e-07
1.19169e-07
1.03979e-07
-1.31833e-07
1.35999e-07
-5.88862e-08
1.63546e-07
-5.78362e-08
1.77985e-07
-5.61061e-08
1.91812e-07
-5.36534e-08
2.04817e-07
-5.05369e-08
2.16847e-07
-4.68838e-08
2.27799e-07
-4.2834e-08
2.37621e-07
-3.85129e-08
2.46289e-07
-3.40134e-08
2.53791e-07
-2.93861e-08
2.60115e-07
-2.46419e-08
2.65246e-07
-1.97589e-08
2.69163e-07
-1.46866e-08
2.71823e-07
-9.34727e-09
2.73153e-07
-3.6359e-09
2.7304e-07
2.57988e-09
2.71327e-07
9.4583e-09
2.67803e-07
1.71809e-08
2.622e-07
2.59482e-08
2.54177e-07
3.5971e-08
2.43312e-07
4.74547e-08
2.291e-07
6.05693e-08
2.10957e-07
7.53986e-08
1.88261e-07
9.18547e-08
1.60444e-07
1.09552e-07
1.27161e-07
1.27634e-07
8.85532e-08
1.44606e-07
4.55461e-08
1.58278e-07
1.66088e-07
1.04612e-07
-1.66087e-07
1.37109e-07
-7.44147e-08
1.65312e-07
-7.34215e-08
1.80415e-07
-7.13747e-08
1.94872e-07
-6.82299e-08
2.08404e-07
-6.41394e-08
2.20837e-07
-5.93418e-08
2.32075e-07
-5.40719e-08
2.42095e-07
-4.8515e-08
2.50909e-07
-4.27986e-08
2.58545e-07
-3.6989e-08
2.65022e-07
-3.10979e-08
2.70358e-07
-2.50929e-08
2.74555e-07
-1.89044e-08
2.77601e-07
-1.24303e-08
2.79448e-07
-5.53558e-09
2.80008e-07
1.9477e-09
2.79148e-07
1.02216e-08
2.76674e-07
1.95224e-08
2.72322e-07
3.01198e-08
2.65739e-07
4.23133e-08
2.56458e-07
5.64218e-08
2.4387e-07
7.27589e-08
2.272e-07
9.1582e-08
2.05513e-07
1.12994e-07
1.77779e-07
1.36768e-07
1.43084e-07
1.62051e-07
1.01056e-07
1.86945e-07
5.25119e-08
2.08099e-07
2.20818e-07
1.05183e-07
-2.00792e-07
1.3828e-07
-9.05379e-08
1.67409e-07
-9.00363e-08
1.835e-07
-8.7752e-08
1.98855e-07
-8.37618e-08
2.13091e-07
-7.846e-08
2.26016e-07
-7.22837e-08
2.37569e-07
-6.56077e-08
2.47777e-07
-5.86917e-08
2.56711e-07
-5.16929e-08
2.6445e-07
-4.46853e-08
2.7106e-07
-3.76747e-08
2.76596e-07
-3.06131e-08
2.81097e-07
-2.34096e-08
2.8458e-07
-1.59354e-08
2.87032e-07
-8.02535e-09
2.884e-07
5.24107e-10
2.88583e-07
9.95821e-09
2.87419e-07
2.05682e-08
2.84671e-07
3.26967e-08
2.79998e-07
4.67423e-08
2.72911e-07
6.31617e-08
2.62722e-07
8.24632e-08
2.48462e-07
1.05176e-07
2.28814e-07
1.31773e-07
2.02078e-07
1.62477e-07
1.66341e-07
1.96856e-07
1.20074e-07
2.33025e-07
6.34469e-08
2.66355e-07
2.88266e-07
1.05343e-07
-2.35133e-07
1.39217e-07
-1.07599e-07
1.69719e-07
-1.08401e-07
1.87328e-07
-1.05846e-07
2.03953e-07
-1.00614e-07
2.19086e-07
-9.36543e-08
2.32562e-07
-8.57303e-08
2.44405e-07
-7.73867e-08
2.54738e-07
-6.8954e-08
2.63714e-07
-6.06016e-08
2.71483e-07
-5.23909e-08
2.78166e-07
-4.43069e-08
2.83864e-07
-3.62777e-08
2.88653e-07
-2.81863e-08
2.92592e-07
-1.98768e-08
2.95704e-07
-1.11546e-08
2.9798e-07
-1.78375e-09
2.99365e-07
8.5198e-09
2.99747e-07
2.00969e-08
2.98944e-07
3.33579e-08
2.96666e-07
4.87984e-08
2.92465e-07
6.70206e-08
2.85644e-07
8.87563e-08
2.75116e-07
1.14888e-07
2.59203e-07
1.46445e-07
2.35379e-07
1.84511e-07
2.00129e-07
2.2987e-07
1.49455e-07
2.81942e-07
8.12024e-08
3.3603e-07
3.77625e-07
1.04242e-07
-2.66801e-07
1.39318e-07
-1.26886e-07
1.72109e-07
-1.30065e-07
1.92154e-07
-1.26613e-07
2.10544e-07
-1.19205e-07
2.26739e-07
-1.09802e-07
2.40735e-07
-9.95946e-08
2.52746e-07
-8.92566e-08
2.63055e-07
-7.91337e-08
2.7193e-07
-6.93649e-08
2.79602e-07
-5.99669e-08
2.86254e-07
-5.08825e-08
2.92033e-07
-4.20031e-08
2.97061e-07
-3.31802e-08
3.01433e-07
-2.42299e-08
3.05218e-07
-1.49318e-08
3.08456e-07
-5.02328e-09
3.11149e-07
5.80907e-09
3.13258e-07
1.79433e-08
3.14688e-07
3.18408e-08
3.15256e-07
4.80741e-08
3.14639e-07
6.73667e-08
3.12272e-07
9.06541e-08
3.07157e-07
1.19175e-07
2.97506e-07
1.54607e-07
2.80108e-07
1.9925e-07
2.49343e-07
2.56172e-07
1.96415e-07
3.28844e-07
1.11909e-07
4.18197e-07
5.08579e-07
9.95821e-08
-3.14125e-07
1.37394e-07
-1.54279e-07
1.74615e-07
-1.58285e-07
1.98652e-07
-1.51327e-07
2.19339e-07
-1.39813e-07
2.36589e-07
-1.26759e-07
2.50886e-07
-1.13593e-07
2.62789e-07
-1.00921e-07
2.72808e-07
-8.89662e-08
2.81353e-07
-7.77583e-08
2.88739e-07
-6.72274e-08
2.95207e-07
-5.72502e-08
3.00948e-07
-4.76691e-08
3.06122e-07
-3.82992e-08
3.10863e-07
-2.89293e-08
3.15285e-07
-1.93179e-08
3.1948e-07
-9.18525e-09
3.23517e-07
1.79814e-09
3.27447e-07
1.40281e-08
3.31291e-07
2.79897e-08
3.35028e-07
4.42916e-08
3.38562e-07
6.37189e-08
3.41649e-07
8.73189e-08
3.43733e-07
1.1655e-07
3.43559e-07
1.53558e-07
3.38206e-07
2.01711e-07
3.20719e-07
2.66722e-07
2.74956e-07
3.59064e-07
1.70018e-07
4.99336e-07
7.29915e-07
8.44185e-08
-3.03908e-07
1.31469e-07
-2.05496e-07
1.7841e-07
-1.97389e-07
2.08501e-07
-1.80604e-07
2.31581e-07
-1.61949e-07
2.49392e-07
-1.43841e-07
2.63417e-07
-1.27101e-07
2.74715e-07
-1.11873e-07
2.84044e-07
-9.80579e-08
2.91941e-07
-8.54793e-08
2.98793e-07
-7.39365e-08
3.04879e-07
-6.32221e-08
3.10424e-07
-5.31228e-08
3.15614e-07
-4.34167e-08
3.20616e-07
-3.38687e-08
3.25585e-07
-2.42238e-08
3.30664e-07
-1.41964e-08
3.35994e-07
-3.45744e-09
3.41721e-07
8.38331e-09
3.47998e-07
2.18002e-08
3.55e-07
3.73854e-08
3.62931e-07
5.58993e-08
3.72028e-07
7.83527e-08
3.82568e-07
1.0615e-07
3.94791e-07
1.41363e-07
4.0844e-07
1.87314e-07
4.20372e-07
2.4994e-07
4.12675e-07
3.41354e-07
2.9321e-07
4.90169e-07
7.74717e-07
6.00784e-08
-3.26746e-07
1.31914e-07
-2.82376e-07
1.89811e-07
-2.45078e-07
2.25345e-07
-2.11789e-07
2.49091e-07
-1.83493e-07
2.65994e-07
-1.59546e-07
2.78669e-07
-1.39093e-07
2.8861e-07
-1.21404e-07
2.96721e-07
-1.05908e-07
3.03589e-07
-9.21618e-08
3.09614e-07
-7.98173e-08
3.1509e-07
-6.85798e-08
3.20248e-07
-5.81835e-08
3.2529e-07
-4.83753e-08
3.30405e-07
-3.89041e-08
3.35779e-07
-2.95111e-08
3.41601e-07
-1.99179e-08
3.48077e-07
-9.81292e-09
3.5544e-07
1.16461e-09
3.63975e-07
1.34447e-08
3.74041e-07
2.75522e-08
3.8613e-07
4.41415e-08
4.00964e-07
6.40434e-08
4.19721e-07
8.83334e-08
4.44599e-07
1.1843e-07
4.80391e-07
1.56241e-07
5.39657e-07
2.04369e-07
6.62162e-07
2.66241e-07
9.97258e-07
3.45271e-07
4.38176e-07
9.71714e-08
-4.64681e-07
1.7366e-07
-3.61393e-07
2.23585e-07
-2.88714e-07
2.54011e-07
-2.3801e-07
2.7344e-07
-2.00689e-07
2.86804e-07
-1.71749e-07
2.96645e-07
-1.48321e-07
3.0433e-07
-1.28741e-07
3.10645e-07
-1.11999e-07
3.16084e-07
-9.74367e-08
3.20987e-07
-8.45886e-08
3.25615e-07
-7.30959e-08
3.30183e-07
-6.26558e-08
3.34892e-07
-5.29961e-08
3.39939e-07
-4.38604e-08
3.4553e-07
-3.49978e-08
3.51889e-07
-2.615e-08
3.59273e-07
-1.70394e-08
3.67987e-07
-7.35453e-09
3.78415e-07
3.26411e-09
3.91054e-07
1.52395e-08
4.06581e-07
2.90724e-08
4.25974e-07
4.53469e-08
4.50754e-07
6.47108e-08
4.83492e-07
8.77808e-08
5.28871e-07
1.14851e-07
5.95704e-07
1.45054e-07
6.99062e-07
1.7397e-07
8.49771e-07
1.86496e-07
1.34655e-07
1.54986e-07
-4.58795e-07
2.42001e-07
-4.10233e-07
2.76809e-07
-3.10415e-07
2.93663e-07
-2.50823e-07
3.03875e-07
-2.09526e-07
3.11124e-07
-1.7845e-07
3.16767e-07
-1.53707e-07
3.21422e-07
-1.33243e-07
3.25452e-07
-1.15909e-07
3.29118e-07
-1.00994e-07
3.32635e-07
-8.80034e-08
3.36193e-07
-7.65598e-08
3.39973e-07
-6.63478e-08
3.44155e-07
-5.70916e-08
3.48932e-07
-4.85426e-08
3.54518e-07
-4.04687e-08
3.61157e-07
-3.26444e-08
3.69139e-07
-2.48391e-08
3.78819e-07
-1.68057e-08
3.90641e-07
-8.27105e-09
4.05175e-07
1.07163e-09
4.23163e-07
1.15634e-08
4.45596e-07
2.35623e-08
4.73829e-07
3.73825e-08
5.09745e-07
5.3132e-08
5.55899e-07
7.03256e-08
6.15227e-07
8.70271e-08
6.88612e-07
9.80891e-08
7.65424e-07
9.20877e-08
4.86012e-08
2.81042e-07
-7.44046e-07
3.62922e-07
-3.47153e-07
3.47995e-07
-2.92114e-07
3.39978e-07
-2.45298e-07
3.37285e-07
-2.08136e-07
3.3705e-07
-1.78822e-07
3.37876e-07
-1.54813e-07
3.39144e-07
-1.34614e-07
3.4063e-07
-1.17398e-07
3.42306e-07
-1.02624e-07
3.4424e-07
-8.98724e-08
3.46545e-07
-7.87938e-08
3.49354e-07
-6.90841e-08
3.52821e-07
-6.0479e-08
3.57121e-07
-5.2748e-08
3.62459e-07
-4.56892e-08
3.69087e-07
-3.91197e-08
3.77309e-07
-3.28665e-08
3.87506e-07
-2.6757e-08
4.00151e-07
-2.06124e-08
4.15836e-07
-1.42431e-08
4.35294e-07
-7.4507e-09
4.59414e-07
-4.22372e-11
4.8922e-07
8.12576e-09
5.25759e-07
1.70392e-08
5.69756e-07
2.62925e-08
6.20695e-07
3.46388e-08
6.74738e-07
3.92711e-08
7.21139e-07
3.51645e-08
1.62636e-08
5.04269e-07
-1.76355e-06
3.60994e-07
-1.5849e-07
4.12697e-07
-2.85493e-07
3.80957e-07
-2.30115e-07
3.68223e-07
-1.9889e-07
3.61905e-07
-1.73893e-07
3.5854e-07
-1.52105e-07
3.56655e-07
-1.32998e-07
3.55623e-07
-1.16442e-07
3.55236e-07
-1.02229e-07
3.55472e-07
-9.00707e-08
3.56387e-07
-7.96614e-08
3.58075e-07
-7.07166e-08
3.60654e-07
-6.29905e-08
3.64272e-07
-5.62795e-08
3.69116e-07
-5.04196e-08
3.75427e-07
-4.52793e-08
3.83509e-07
-4.07509e-08
3.93745e-07
-3.67434e-08
4.06617e-07
-3.31769e-08
4.22718e-07
-2.99787e-08
4.42759e-07
-2.70786e-08
4.67544e-07
-2.44044e-08
4.97876e-07
-2.18752e-08
5.34316e-07
-1.93931e-08
5.76673e-07
-1.68333e-08
6.2306e-07
-1.40358e-08
6.68509e-07
-1.08082e-08
7.03879e-07
-6.96488e-09
-2.44766e-09
-8.14377e-08
-1.79826e-06
2.53136e-07
-6.8244e-07
3.98404e-07
-2.356e-07
4.03138e-07
-1.97257e-07
3.92736e-07
-1.83424e-07
3.838e-07
-1.65759e-07
3.77726e-07
-1.46714e-07
3.73316e-07
-1.28829e-07
3.69975e-07
-1.13139e-07
3.67543e-07
-9.97783e-08
3.66021e-07
-8.8523e-08
3.65454e-07
-7.90677e-08
3.65903e-07
-7.11312e-08
3.67448e-07
-6.44849e-08
3.70199e-07
-5.89573e-08
3.74312e-07
-5.44295e-08
3.80002e-07
-5.08277e-08
3.87557e-07
-4.81157e-08
3.97348e-07
-4.62893e-08
4.09851e-07
-4.53727e-08
4.25655e-07
-4.54145e-08
4.45475e-07
-4.64784e-08
4.70124e-07
-4.86194e-08
5.00421e-07
-5.18274e-08
5.36954e-07
-5.59021e-08
5.79561e-07
-6.01966e-08
6.26366e-07
-6.31406e-08
6.7236e-07
-6.15034e-08
7.08249e-07
-4.97684e-08
-2.15372e-08
4.36735e-07
-1.53257e-06
5.62845e-07
-1.60069e-06
3.76721e-07
-8.94394e-08
4.60622e-07
-1.56917e-07
4.15778e-07
-1.71799e-07
4.02834e-07
-1.59001e-07
3.95249e-07
-1.40162e-07
3.88916e-07
-1.2246e-07
3.83418e-07
-1.07506e-07
3.78937e-07
-9.5224e-08
3.75612e-07
-8.51787e-08
3.73503e-07
-7.69591e-08
3.72635e-07
-7.02564e-08
3.73036e-07
-6.48583e-08
3.74765e-07
-6.06323e-08
3.77933e-07
-5.7512e-08
3.82717e-07
-5.54871e-08
3.89371e-07
-5.45969e-08
3.98242e-07
-5.49271e-08
4.09781e-07
-5.66105e-08
4.24572e-07
-5.98271e-08
4.43356e-07
-6.47989e-08
4.6705e-07
-7.17652e-08
4.96728e-07
-8.09112e-08
5.33519e-07
-9.219e-08
5.78251e-07
-1.0491e-07
6.30485e-07
-1.16826e-07
6.86318e-07
-1.22297e-07
7.34543e-07
-1.09068e-07
-5.54704e-08
3.43139e-07
-1.91468e-06
3.38236e-07
-1.53804e-06
2.84459e-07
-7.21191e-09
4.15914e-07
-1.84115e-07
4.13389e-07
-1.87857e-07
4.16511e-07
-1.58284e-07
4.11522e-07
-1.32472e-07
4.03681e-07
-1.1334e-07
3.95846e-07
-9.91995e-08
3.89169e-07
-8.84338e-08
3.83984e-07
-8.00115e-08
3.80313e-07
-7.33369e-08
3.781e-07
-6.80776e-08
3.77296e-07
-6.40569e-08
3.77891e-07
-6.11977e-08
3.79939e-07
-5.94967e-08
3.83564e-07
-5.90121e-08
3.88975e-07
-5.98595e-08
3.96469e-07
-6.22137e-08
4.06457e-07
-6.63158e-08
4.19491e-07
-7.2484e-08
4.36324e-07
-8.11234e-08
4.57986e-07
-9.27292e-08
4.85917e-07
-1.0786e-07
5.22143e-07
-1.27036e-07
5.69438e-07
-1.50425e-07
6.31006e-07
-1.76958e-07
7.07888e-07
-2.01789e-07
7.88857e-07
-2.08738e-07
-1.46747e-07
6.06219e-08
-1.97314e-06
8.23113e-08
-1.40294e-06
2.34367e-07
-2.55994e-07
3.74229e-07
-1.70873e-07
4.24678e-07
-2.68147e-07
4.38301e-07
-1.53804e-07
4.30651e-07
-1.18098e-07
4.18444e-07
-9.92276e-08
4.07111e-07
-8.7519e-08
3.97903e-07
-7.92998e-08
3.90837e-07
-7.30978e-08
3.85667e-07
-6.83018e-08
3.82162e-07
-6.4661e-08
3.80158e-07
-6.20914e-08
3.79564e-07
-6.0601e-08
3.80366e-07
-6.02623e-08
3.82629e-07
-6.12048e-08
3.86499e-07
-6.36169e-08
3.92207e-07
-6.77544e-08
4.00086e-07
-7.39566e-08
4.10609e-07
-8.26695e-08
4.24457e-07
-9.44805e-08
4.4265e-07
-1.10166e-07
4.66808e-07
-1.30762e-07
4.99696e-07
-1.57667e-07
5.4635e-07
-1.92795e-07
6.16215e-07
-2.38792e-07
7.25374e-07
-2.99163e-07
8.85299e-07
-3.77349e-07
-4.69526e-07
1.9979e-07
-2.10252e-06
4.06092e-07
-1.57797e-06
3.49006e-07
-5.82939e-07
3.248e-07
-3.44998e-07
4.85719e-07
-1.82056e-07
4.81374e-07
-1.05517e-07
4.54337e-07
-8.68881e-08
4.32332e-07
-7.79593e-08
4.16247e-07
-7.23514e-08
4.04488e-07
-6.81479e-08
3.9579e-07
-6.47791e-08
3.89362e-07
-6.21138e-08
3.84732e-07
-6.01743e-08
3.81613e-07
-5.90455e-08
3.79838e-07
-5.88498e-08
3.79328e-07
-5.97443e-08
3.80087e-07
-6.19272e-08
3.82189e-07
-6.56498e-08
3.85777e-07
-7.12323e-08
3.91073e-07
-7.90879e-08
3.98401e-07
-8.97573e-08
4.08241e-07
-1.03962e-07
4.21343e-07
-1.22691e-07
4.38966e-07
-1.47355e-07
4.6348e-07
-1.80072e-07
5.00052e-07
-2.24295e-07
5.62132e-07
-2.86252e-07
6.92095e-07
-3.78722e-07
1.04863e-06
-5.31969e-07
-8.28898e-07
7.4399e-07
-1.97567e-06
8.29115e-07
-1.61477e-06
1.33383e-06
-7.77341e-07
1.0313e-06
-2.87419e-07
4.64957e-07
8.06074e-08
5.78063e-07
-2.51393e-08
4.72991e-07
-4.59799e-08
4.403e-07
-5.33778e-08
4.21058e-07
-5.57814e-08
4.08003e-07
-5.616e-08
3.98466e-07
-5.57569e-08
3.91265e-07
-5.52017e-08
3.85801e-07
-5.48783e-08
3.8173e-07
-5.50667e-08
3.78843e-07
-5.60077e-08
3.77018e-07
-5.79369e-08
3.76202e-07
-6.111e-08
3.76396e-07
-6.58238e-08
3.77644e-07
-7.24387e-08
3.80031e-07
-8.14068e-08
3.83679e-07
-9.33102e-08
3.88761e-07
-1.08918e-07
3.95511e-07
-1.29282e-07
4.04227e-07
-1.55891e-07
4.15202e-07
-1.90972e-07
4.28243e-07
-2.3806e-07
4.40165e-07
-3.03197e-07
4.32248e-07
-3.97506e-07
3.07405e-07
-5.42909e-07
-7.84579e-07
8.47633e-07
-1.80097e-06
9.99063e-07
-1.71908e-06
5.60119e-07
-5.90907e-07
2.67361e-07
1.21633e-08
4.49304e-07
1.22912e-07
4.73351e-07
1.41808e-08
4.54091e-07
-1.8517e-08
4.34823e-07
-3.37965e-08
4.19684e-07
-4.12351e-08
4.07994e-07
-4.49508e-08
3.988e-07
-4.68852e-08
3.91437e-07
-4.80571e-08
3.85487e-07
-4.90702e-08
3.80668e-07
-5.0336e-08
3.76783e-07
-5.21779e-08
3.73693e-07
-5.48865e-08
3.71304e-07
-5.87532e-08
3.6955e-07
-6.40979e-08
3.68377e-07
-7.12933e-08
3.6773e-07
-8.07918e-08
3.67523e-07
-9.3159e-08
3.67611e-07
-1.0912e-07
3.67709e-07
-1.29625e-07
3.67226e-07
-1.55955e-07
3.64854e-07
-1.89862e-07
3.57552e-07
-2.33777e-07
3.38037e-07
-2.90972e-07
2.89327e-07
-3.65194e-07
1.78795e-07
-4.57586e-07
-5.51881e-07
9.74127e-07
-1.80373e-06
8.43874e-07
-1.62276e-06
3.77871e-07
-1.71283e-07
3.1544e-07
2.59069e-08
4.32096e-07
3.71842e-08
4.40274e-07
1.23055e-08
4.35197e-07
-8.47682e-09
4.25225e-07
-2.20578e-08
4.14864e-07
-3.04079e-08
4.0548e-07
-3.55196e-08
3.97293e-07
-3.87733e-08
3.90203e-07
-4.10679e-08
3.84052e-07
-4.30069e-08
3.78676e-07
-4.50283e-08
3.73925e-07
-4.74825e-08
3.69664e-07
-5.06793e-08
3.6577e-07
-5.49199e-08
3.62124e-07
-6.0523e-08
3.5859e-07
-6.78465e-08
3.54991e-07
-7.73095e-08
3.51073e-07
-8.94149e-08
3.46448e-07
-1.04776e-07
3.40483e-07
-1.24145e-07
3.32108e-07
-1.4844e-07
3.19432e-07
-1.78743e-07
2.99072e-07
-2.16213e-07
2.65102e-07
-2.61718e-07
2.0823e-07
-3.14715e-07
1.18448e-07
-3.70359e-07
-4.1348e-07
8.06945e-07
-1.63908e-06
5.87954e-07
-1.37045e-06
2.87633e-07
-4.73149e-08
3.19586e-07
1.73301e-08
4.13733e-07
1.66117e-08
4.21734e-07
6.33572e-09
4.2119e-07
-5.64234e-09
4.16026e-07
-1.55484e-08
4.09073e-07
-2.28155e-08
4.01761e-07
-2.79455e-08
3.94681e-07
-3.16189e-08
3.88035e-07
-3.44306e-08
3.81849e-07
-3.68577e-08
3.76063e-07
-3.92866e-08
3.70575e-07
-4.20454e-08
3.65261e-07
-4.54299e-08
3.59985e-07
-4.9726e-08
3.54588e-07
-5.52293e-08
3.48872e-07
-6.22618e-08
3.42576e-07
-7.11859e-08
3.35334e-07
-8.2416e-08
3.26622e-07
-9.64247e-08
3.15665e-07
-1.1374e-07
3.01286e-07
-1.34916e-07
2.81692e-07
-1.60457e-07
2.54196e-07
-1.90615e-07
2.15068e-07
-2.24971e-07
1.60044e-07
-2.61589e-07
8.67691e-08
-2.95658e-07
-3.182e-07
7.03462e-07
-1.39511e-06
5.29781e-07
-1.13845e-06
3.04456e-07
-3.34209e-08
3.2333e-07
5.2455e-09
4.08051e-07
6.72634e-09
4.11866e-07
2.06562e-09
4.11803e-07
-4.88178e-09
4.08629e-07
-1.16742e-08
4.03647e-07
-1.73593e-08
3.978e-07
-2.18313e-08
3.91629e-07
-2.53275e-08
3.85412e-07
-2.81759e-08
3.79253e-07
-3.07041e-08
3.73154e-07
-3.32146e-08
3.67045e-07
-3.59841e-08
3.60815e-07
-3.9271e-08
3.54319e-07
-4.33267e-08
3.47373e-07
-4.84078e-08
3.3974e-07
-5.47864e-08
3.3111e-07
-6.27574e-08
3.21066e-07
-7.26392e-08
3.09042e-07
-8.47675e-08
2.94265e-07
-9.94725e-08
2.75676e-07
-1.17028e-07
2.51847e-07
-1.37552e-07
2.20951e-07
-1.6082e-07
1.80928e-07
-1.85961e-07
1.30107e-07
-2.11012e-07
6.85872e-08
-2.32482e-07
-2.45463e-07
6.87677e-07
-1.12523e-06
5.20577e-07
-9.14782e-07
3.04026e-07
-2.39492e-08
3.24832e-07
3.39796e-09
4.04482e-07
3.01194e-09
4.06004e-07
8.1403e-11
4.05527e-07
-4.27679e-09
4.03052e-07
-8.90018e-09
3.99089e-07
-1.31148e-08
3.94153e-07
-1.66965e-08
3.88621e-07
-1.96847e-08
3.82733e-07
-2.22392e-08
3.76604e-07
-2.45661e-08
3.70254e-07
-2.68839e-08
3.63631e-07
-2.94076e-08
3.5663e-07
-3.23458e-08
3.49101e-07
-3.59039e-08
3.40846e-07
-4.02898e-08
3.31611e-07
-4.57197e-08
3.21064e-07
-5.24186e-08
3.08779e-07
-6.06165e-08
2.94213e-07
-7.05343e-08
2.76675e-07
-8.2355e-08
2.55302e-07
-9.61721e-08
2.29064e-07
-1.11902e-07
1.96829e-07
-1.29152e-07
1.57582e-07
-1.47041e-07
1.10868e-07
-1.64016e-07
5.74754e-08
-1.77796e-07
-1.85707e-07
6.86119e-07
-8.45196e-07
5.28546e-07
-6.8741e-07
3.09412e-07
-1.70046e-08
3.25794e-07
3.77547e-09
4.025e-07
1.88013e-09
4.02249e-07
-4.72351e-10
4.0125e-07
-3.40436e-09
3.98969e-07
-6.52786e-09
3.95506e-07
-9.501e-09
3.91095e-07
-1.21569e-08
3.85968e-07
-1.4475e-08
3.80299e-07
-1.65267e-08
3.7418e-07
-1.84353e-08
3.67626e-07
-2.03479e-08
3.6059e-07
-2.2419e-08
3.52967e-07
-2.48032e-08
3.44606e-07
-2.76545e-08
3.35305e-07
-3.11286e-08
3.24799e-07
-3.53842e-08
3.12759e-07
-4.05813e-08
2.98777e-07
-4.68746e-08
2.82357e-07
-5.43987e-08
2.62916e-07
-6.32418e-08
2.39789e-07
-7.34035e-08
2.12273e-07
-8.47325e-08
1.79717e-07
-9.68446e-08
1.417e-07
-1.09034e-07
9.83091e-08
-1.20215e-07
5.04485e-08
-1.28979e-07
-1.33862e-07
6.80824e-07
-5.66491e-07
5.11979e-07
-4.60681e-07
3.00953e-07
-1.04511e-08
3.25326e-07
2.95196e-09
3.9942e-07
1.24703e-09
3.99351e-07
-4.4968e-10
3.9826e-07
-2.33552e-09
3.96077e-07
-4.30236e-09
3.92865e-07
-6.20671e-09
3.88745e-07
-7.95781e-09
3.83858e-07
-9.53033e-09
3.78319e-07
-1.09545e-08
3.72191e-07
-1.22993e-08
3.65478e-07
-1.36547e-08
3.58128e-07
-1.51197e-08
3.50037e-07
-1.67953e-08
3.41053e-07
-1.87833e-08
3.3097e-07
-2.1186e-08
3.19527e-07
-2.4107e-08
3.06402e-07
-2.76478e-08
2.91214e-07
-3.19023e-08
2.73522e-07
-3.69447e-08
2.52839e-07
-4.28105e-08
2.28662e-07
-4.94679e-08
2.00519e-07
-5.67801e-08
1.68061e-07
-6.44605e-08
1.3119e-07
-7.20341e-08
9.02192e-08
-7.88304e-08
4.60119e-08
-8.4044e-08
-8.68989e-08
6.8209e-07
-2.83024e-07
5.16053e-07
-2.3138e-07
3.02877e-07
-5.05696e-09
3.25438e-07
1.55781e-09
3.98022e-07
6.36121e-10
3.97562e-07
-2.48059e-10
3.96364e-07
-1.18125e-09
3.94218e-07
-2.13824e-09
3.91127e-07
-3.07026e-09
3.87159e-07
-3.93989e-09
3.82401e-07
-4.73286e-09
3.76931e-07
-5.46022e-09
3.70788e-07
-6.15303e-09
3.63963e-07
-6.85426e-09
3.56402e-07
-7.61204e-09
3.47998e-07
-8.476e-09
3.38599e-07
-9.49626e-09
3.27999e-07
-1.07234e-08
3.1594e-07
-1.22082e-08
3.02113e-07
-1.39999e-08
2.86157e-07
-1.61426e-08
2.67676e-07
-1.86687e-08
2.46255e-07
-2.1589e-08
2.21497e-07
-2.48788e-08
1.93076e-07
-2.84602e-08
1.60814e-07
-3.2183e-08
1.24777e-07
-3.58114e-08
8.53656e-08
-3.90274e-08
4.33824e-08
-4.14658e-08
-4.27893e-08
6.79594e-07
5.09817e-07
3.00132e-07
3.25213e-07
3.96908e-07
3.96603e-07
3.95422e-07
3.93302e-07
3.90264e-07
3.8636e-07
3.81659e-07
3.76218e-07
3.70063e-07
3.6318e-07
3.55512e-07
3.46952e-07
3.37346e-07
3.2649e-07
3.14128e-07
2.99956e-07
2.83628e-07
2.64771e-07
2.43007e-07
2.17992e-07
1.8947e-07
1.5734e-07
1.21734e-07
8.30842e-08
4.21545e-08
)
;

boundaryField
{
    inlet1
    {
        type            calculated;
        value           nonuniform List<scalar> 10(-1e-07 -1e-07 -1e-07 -1e-07 -1e-07 -1e-07 -1e-07 -1e-07 -1e-07 -1e-07);
    }
    inlet2
    {
        type            calculated;
        value           uniform 0;
    }
    inlet3
    {
        type            calculated;
        value           nonuniform List<scalar> 10(-9.13394e-07 -9.13394e-07 -9.13394e-07 -9.13394e-07 -9.13394e-07 -9.13394e-07 -9.13394e-07 -9.13394e-07 -9.13394e-07 -9.13394e-07);
    }
    output1
    {
        type            calculated;
        value           uniform 0;
    }
    output2
    {
        type            calculated;
        value           nonuniform List<scalar> 10(1.62845e-06 1.03511e-06 8.32877e-07 7.53447e-07 7.25735e-07 7.3048e-07 7.68284e-07 8.60229e-07 1.0823e-06 1.72019e-06);
    }
    output3
    {
        type            calculated;
        value           uniform -0;
    }
    up
    {
        type            calculated;
        value           uniform 0;
    }
    down
    {
        type            calculated;
        value           uniform 0;
    }
    emptyWalls
    {
        type            empty;
        value           nonuniform List<scalar> 0();
    }
}


// ************************************************************************* //
