/*--------------------------------*- C++ -*----------------------------------*\
  =========                 |
  \\      /  F ield         | OpenFOAM: The Open Source CFD Toolbox
   \\    /   O peration     | Website:  https://openfoam.org
    \\  /    A nd           | Version:  9
     \\/     M anipulation  |
\*---------------------------------------------------------------------------*/
FoamFile
{
    format      ascii;
    class       volVectorField;
    location    "500";
    object      ut;
}
// * * * * * * * * * * * * * * * * * * * * * * * * * * * * * * * * * * * * * //

dimensions      [0 1 -1 0 0 0 0];

internalField   nonuniform List<vector> 
900
(
(9.12781e-06 -1.61574e-06 -0)
(1.14447e-05 -7.20234e-07 -0)
(1.53889e-05 -7.04863e-07 -0)
(1.67719e-05 -6.81891e-07 -0)
(1.81048e-05 -6.51941e-07 -0)
(1.93715e-05 -6.15428e-07 -0)
(2.05591e-05 -5.7294e-07 -0)
(2.16568e-05 -5.25387e-07 -0)
(2.26556e-05 -4.73886e-07 -0)
(2.35483e-05 -4.19287e-07 -0)
(2.43286e-05 -3.61984e-07 -0)
(2.49912e-05 -3.01995e-07 -0)
(2.55311e-05 -2.39075e-07 -0)
(2.59427e-05 -1.72734e-07 -0)
(2.62186e-05 -1.02169e-07 -0)
(2.63488e-05 -2.62129e-08 -0)
(2.63205e-05 5.66635e-08 -0)
(2.61172e-05 1.48284e-07 -0)
(2.57191e-05 2.50652e-07 -0)
(2.51026e-05 3.65786e-07 -0)
(2.42406e-05 4.95498e-07 -0)
(2.31029e-05 6.41048e-07 -0)
(2.16579e-05 8.02662e-07 -0)
(1.98751e-05 9.78843e-07 -0)
(1.77296e-05 1.16555e-06 -0)
(1.52079e-05 1.35538e-06 -0)
(1.23149e-05 1.53701e-06 -0)
(9.08185e-06 1.69559e-06 -0)
(5.57155e-06 1.81443e-06 -0)
(1.8785e-06 1.87842e-06 -0)
(9.14211e-06 -4.86693e-06 -0)
(1.14668e-05 -2.16831e-06 -0)
(1.54276e-05 -2.12109e-06 -0)
(1.68248e-05 -2.05239e-06 -0)
(1.81712e-05 -1.96243e-06 -0)
(1.94505e-05 -1.85213e-06 -0)
(2.06492e-05 -1.72374e-06 -0)
(2.17558e-05 -1.58028e-06 -0)
(2.27617e-05 -1.42504e-06 -0)
(2.36602e-05 -1.26051e-06 -0)
(2.44459e-05 -1.08802e-06 -0)
(2.51141e-05 -9.07886e-07 -0)
(2.56604e-05 -7.19561e-07 -0)
(2.60796e-05 -5.2161e-07 -0)
(2.63651e-05 -3.11516e-07 -0)
(2.65077e-05 -8.55991e-08 -0)
(2.6495e-05 1.60899e-07 -0)
(2.63112e-05 4.33586e-07 -0)
(2.59366e-05 7.38607e-07 -0)
(2.53475e-05 1.08221e-06 -0)
(2.45159e-05 1.47015e-06 -0)
(2.34101e-05 1.90667e-06 -0)
(2.19957e-05 2.39311e-06 -0)
(2.0238e-05 2.92579e-06 -0)
(1.81062e-05 3.49341e-06 -0)
(1.55793e-05 4.07423e-06 -0)
(1.26551e-05 4.63403e-06 -0)
(9.35927e-06 5.12647e-06 -0)
(5.75438e-06 5.4981e-06 -0)
(1.94249e-06 5.69928e-06 -0)
(9.17351e-06 -8.15415e-06 -0)
(1.15135e-05 -3.63386e-06 -0)
(1.55059e-05 -3.5563e-06 -0)
(1.69306e-05 -3.44294e-06 -0)
(1.8305e-05 -3.29231e-06 -0)
(1.96101e-05 -3.10595e-06 -0)
(2.0831e-05 -2.88853e-06 -0)
(2.19555e-05 -2.64594e-06 -0)
(2.29754e-05 -2.38422e-06 -0)
(2.38853e-05 -2.108e-06 -0)
(2.46812e-05 -1.81989e-06 -0)
(2.53597e-05 -1.52057e-06 -0)
(2.59174e-05 -1.20911e-06 -0)
(2.63507e-05 -8.82901e-07 -0)
(2.66546e-05 -5.37489e-07 -0)
(2.68212e-05 -1.66533e-07 -0)
(2.68397e-05 2.38072e-07 -0)
(2.66949e-05 6.85883e-07 -0)
(2.63677e-05 1.1875e-06 -0)
(2.58342e-05 1.75399e-06 -0)
(2.50651e-05 2.39598e-06 -0)
(2.40259e-05 3.12223e-06 -0)
(2.2677e-05 3.93721e-06 -0)
(2.09754e-05 4.83772e-06 -0)
(1.88781e-05 5.808e-06 -0)
(1.63485e-05 6.81406e-06 -0)
(1.33671e-05 7.79837e-06 -0)
(9.94592e-06 8.67814e-06 -0)
(6.14436e-06 9.35218e-06 -0)
(2.07968e-06 9.72134e-06 -0)
(9.21636e-06 -1.14862e-05 -0)
(1.15795e-05 -5.12472e-06 -0)
(1.56203e-05 -5.02412e-06 -0)
(1.70888e-05 -4.86907e-06 -0)
(1.85082e-05 -4.65636e-06 -0)
(1.98542e-05 -4.38934e-06 -0)
(2.11092e-05 -4.07682e-06 -0)
(2.22601e-05 -3.72911e-06 -0)
(2.32996e-05 -3.35617e-06 -0)
(2.42245e-05 -2.96556e-06 -0)
(2.50333e-05 -2.56149e-06 -0)
(2.57249e-05 -2.14491e-06 -0)
(2.6298e-05 -1.71411e-06 -0)
(2.67512e-05 -1.26491e-06 -0)
(2.70815e-05 -7.9073e-07 -0)
(2.72832e-05 -2.82511e-07 -0)
(2.73474e-05 2.71217e-07 -0)
(2.72606e-05 8.84114e-07 -0)
(2.70047e-05 1.57166e-06 -0)
(2.6556e-05 2.35061e-06 -0)
(2.58841e-05 3.23799e-06 -0)
(2.49513e-05 4.24941e-06 -0)
(2.37112e-05 5.39608e-06 -0)
(2.21088e-05 6.68008e-06 -0)
(2.00825e-05 8.08694e-06 -0)
(1.75697e-05 9.57572e-06 -0)
(1.45192e-05 1.10673e-05 -0)
(1.09131e-05 1.24356e-05 -0)
(6.79757e-06 1.35112e-05 -0)
(2.31165e-06 1.41125e-05 -0)
(9.26482e-06 -1.48804e-05 -0)
(1.16576e-05 -6.65253e-06 -0)
(1.57641e-05 -6.54311e-06 -0)
(1.72983e-05 -6.35214e-06 -0)
(1.87848e-05 -6.07433e-06 -0)
(2.01897e-05 -5.71803e-06 -0)
(2.14912e-05 -5.29994e-06 -0)
(2.26761e-05 -4.83769e-06 -0)
(2.37389e-05 -4.34642e-06 -0)
(2.468e-05 -3.83713e-06 -0)
(2.55019e-05 -3.31574e-06 -0)
(2.62071e-05 -2.78347e-06 -0)
(2.67974e-05 -2.23767e-06 -0)
(2.72741e-05 -1.67241e-06 -0)
(2.7637e-05 -1.07873e-06 -0)
(2.78832e-05 -4.44669e-07 -0)
(2.80063e-05 2.44759e-07 -0)
(2.79954e-05 1.00755e-06 -0)
(2.78342e-05 1.86452e-06 -0)
(2.75005e-05 2.83903e-06 -0)
(2.69639e-05 3.95621e-06 -0)
(2.6184e-05 5.24153e-06 -0)
(2.51077e-05 6.71778e-06 -0)
(2.36663e-05 8.39964e-06 -0)
(2.17737e-05 1.0284e-05 -0)
(1.93289e-05 1.23346e-05 -0)
(1.6227e-05 1.44596e-05 -0)
(1.23898e-05 1.64857e-05 -0)
(7.82132e-06 1.81444e-05 -0)
(2.68106e-06 1.91051e-05 -0)
(9.30468e-06 -1.8337e-05 -0)
(1.17319e-05 -8.23041e-06 -0)
(1.59241e-05 -8.14119e-06 -0)
(1.75576e-05 -7.92279e-06 -0)
(1.91423e-05 -7.57165e-06 -0)
(2.06286e-05 -7.10985e-06 -0)
(2.19895e-05 -6.56842e-06 -0)
(2.32136e-05 -5.97668e-06 -0)
(2.43002e-05 -5.35658e-06 -0)
(2.52552e-05 -4.72259e-06 -0)
(2.6087e-05 -4.08206e-06 -0)
(2.6803e-05 -3.43611e-06 -0)
(2.74091e-05 -2.7809e-06 -0)
(2.79102e-05 -2.10848e-06 -0)
(2.83092e-05 -1.40733e-06 -0)
(2.86067e-05 -6.62447e-07 -0)
(2.87996e-05 1.4478e-07 -0)
(2.88804e-05 1.03677e-06 -0)
(2.88362e-05 2.03995e-06 -0)
(2.86477e-05 3.18493e-06 -0)
(2.82866e-05 4.50646e-06 -0)
(2.77129e-05 6.04284e-06 -0)
(2.68693e-05 7.83399e-06 -0)
(2.5675e-05 9.91675e-06 -0)
(2.40175e-05 1.23149e-05 -0)
(2.17453e-05 1.50191e-05 -0)
(1.86703e-05 1.79506e-05 -0)
(1.45979e-05 2.09033e-05 -0)
(9.41698e-06 2.34754e-05 -0)
(3.2724e-06 2.50584e-05 -0)
(9.30123e-06 -2.18213e-05 -0)
(1.17673e-05 -9.87718e-06 -0)
(1.6076e-05 -9.86607e-06 -0)
(1.78679e-05 -9.62762e-06 -0)
(1.95977e-05 -9.18071e-06 -0)
(2.11929e-05 -8.58216e-06 -0)
(2.26244e-05 -7.88832e-06 -0)
(2.3888e-05 -7.14486e-06 -0)
(2.4993e-05 -6.38175e-06 -0)
(2.59545e-05 -5.61599e-06 -0)
(2.67883e-05 -4.85501e-06 -0)
(2.75082e-05 -4.09882e-06 -0)
(2.8125e-05 -3.34172e-06 -0)
(2.86477e-05 -2.57344e-06 -0)
(2.9083e-05 -1.77975e-06 -0)
(2.94353e-05 -9.42624e-07 -0)
(2.97055e-05 -3.9959e-08 -0)
(2.98905e-05 9.54872e-07 -0)
(2.99824e-05 2.0737e-06 -0)
(2.9967e-05 3.35441e-06 -0)
(2.98218e-05 4.84199e-06 -0)
(2.95115e-05 6.5895e-06 -0)
(2.89816e-05 8.65865e-06 -0)
(2.81472e-05 1.11185e-05 -0)
(2.68761e-05 1.40397e-05 -0)
(2.49646e-05 1.74763e-05 -0)
(2.21112e-05 2.14205e-05 -0)
(1.79146e-05 2.57016e-05 -0)
(1.19764e-05 2.97956e-05 -0)
(4.26407e-06 3.25948e-05 -0)
(9.16367e-06 -2.52052e-05 -0)
(1.16848e-05 -1.16427e-05 -0)
(1.61788e-05 -1.18141e-05 -0)
(1.8243e-05 -1.15415e-05 -0)
(2.01878e-05 -1.09421e-05 -0)
(2.1921e-05 -1.01487e-05 -0)
(2.34268e-05 -9.25775e-06 -0)
(2.47202e-05 -8.33248e-06 -0)
(2.58291e-05 -7.40905e-06 -0)
(2.67819e-05 -6.50434e-06 -0)
(2.76041e-05 -5.62317e-06 -0)
(2.83162e-05 -4.76255e-06 -0)
(2.89345e-05 -3.91381e-06 -0)
(2.94721e-05 -3.06383e-06 -0)
(2.994e-05 -2.1956e-06 -0)
(3.03465e-05 -1.2883e-06 -0)
(3.06971e-05 -3.16791e-07 -0)
(3.0994e-05 7.49087e-07 -0)
(3.12357e-05 1.94569e-06 -0)
(3.14159e-05 3.31716e-06 -0)
(3.15217e-05 4.91769e-06 -0)
(3.15295e-05 6.81461e-06 -0)
(3.13983e-05 9.09262e-06 -0)
(3.10561e-05 1.18591e-05 -0)
(3.03752e-05 1.52492e-05 -0)
(2.9126e-05 1.94258e-05 -0)
(2.68956e-05 2.45535e-05 -0)
(2.29729e-05 3.06869e-05 -0)
(1.63101e-05 3.74104e-05 -0)
(6.0716e-06 4.29303e-05 -0)
(8.62077e-06 -2.81551e-05 -0)
(1.12957e-05 -1.37346e-05 -0)
(1.61831e-05 -1.4199e-05 -0)
(1.87398e-05 -1.37812e-05 -0)
(2.09905e-05 -1.2899e-05 -0)
(2.28773e-05 -1.18116e-05 -0)
(2.44406e-05 -1.06612e-05 -0)
(2.57367e-05 -9.51884e-06 -0)
(2.68212e-05 -8.4177e-06 -0)
(2.77404e-05 -7.36864e-06 -0)
(2.85301e-05 -6.37021e-06 -0)
(2.92176e-05 -5.41394e-06 -0)
(2.98238e-05 -4.4868e-06 -0)
(3.03659e-05 -3.57222e-06 -0)
(3.08585e-05 -2.65038e-06 -0)
(3.13141e-05 -1.69805e-06 -0)
(3.17429e-05 -6.87865e-07 -0)
(3.2153e-05 4.12727e-07 -0)
(3.25505e-05 1.64297e-06 -0)
(3.2939e-05 3.051e-06 -0)
(3.33192e-05 4.69712e-06 -0)
(3.36864e-05 6.65872e-06 -0)
(3.4026e-05 9.0382e-06 -0)
(3.43038e-05 1.19759e-05 -0)
(3.44428e-05 1.56722e-05 -0)
(3.42689e-05 2.04242e-05 -0)
(3.33723e-05 2.66808e-05 -0)
(3.07715e-05 3.50819e-05 -0)
(2.42198e-05 4.6229e-05 -0)
(9.78388e-06 5.87856e-05 -0)
(6.72908e-06 -3.46698e-05 -0)
(1.01546e-05 -1.71211e-05 -0)
(1.61391e-05 -1.7458e-05 -0)
(1.9543e-05 -1.64843e-05 -0)
(2.21573e-05 -1.50636e-05 -0)
(2.41588e-05 -1.35401e-05 -0)
(2.57196e-05 -1.20574e-05 -0)
(2.69637e-05 -1.06654e-05 -0)
(2.79793e-05 -9.37554e-06 -0)
(2.88294e-05 -8.18302e-06 -0)
(2.95588e-05 -7.07527e-06 -0)
(3.01997e-05 -6.03609e-06 -0)
(3.07762e-05 -5.04701e-06 -0)
(3.13085e-05 -4.08762e-06 -0)
(3.18142e-05 -3.13548e-06 -0)
(3.2309e-05 -2.16552e-06 -0)
(3.28079e-05 -1.14918e-06 -0)
(3.33249e-05 -5.3098e-08 -0)
(3.3874e-05 1.16265e-06 -0)
(3.44701e-05 2.54694e-06 -0)
(3.51294e-05 4.1612e-06 -0)
(3.58706e-05 6.08505e-06 -0)
(3.67155e-05 8.42558e-06 -0)
(3.76901e-05 1.13342e-05 -0)
(3.88235e-05 1.50394e-05 -0)
(4.01347e-05 1.9918e-05 -0)
(4.15533e-05 2.66635e-05 -0)
(4.25212e-05 3.67309e-05 -0)
(4.00138e-05 5.36382e-05 -0)
(1.86281e-05 8.71974e-05 -0)
(2.4608e-06 -2.61118e-05 -0)
(9.55488e-06 -2.3978e-05 -0)
(1.68279e-05 -2.20197e-05 -0)
(2.11343e-05 -1.96366e-05 -0)
(2.39346e-05 -1.73262e-05 -0)
(2.58835e-05 -1.52282e-05 -0)
(2.73154e-05 -1.33628e-05 -0)
(2.84185e-05 -1.17092e-05 -0)
(2.93035e-05 -1.0236e-05 -0)
(3.00407e-05 -8.91283e-06 -0)
(3.06771e-05 -7.71203e-06 -0)
(3.12458e-05 -6.60833e-06 -0)
(3.17722e-05 -5.57755e-06 -0)
(3.22774e-05 -4.59571e-06 -0)
(3.27806e-05 -3.63827e-06 -0)
(3.33004e-05 -2.67924e-06 -0)
(3.38553e-05 -1.6901e-06 -0)
(3.44648e-05 -6.3839e-07 -0)
(3.51505e-05 5.14013e-07 -0)
(3.59376e-05 1.81311e-06 -0)
(3.68574e-05 3.31587e-06 -0)
(3.79508e-05 5.09481e-06 -0)
(3.92752e-05 7.24496e-06 -0)
(4.09176e-05 9.8958e-06 -0)
(4.30266e-05 1.32332e-05 -0)
(4.58931e-05 1.75448e-05 -0)
(5.01852e-05 2.33244e-05 -0)
(5.77462e-05 3.15398e-05 -0)
(7.46863e-05 4.43956e-05 -0)
(0.000124765 6.7746e-05 -0)
(5.18287e-06 -3.92373e-05 -0)
(1.42514e-05 -3.24972e-05 -0)
(2.04805e-05 -2.69959e-05 -0)
(2.42364e-05 -2.27211e-05 -0)
(2.65657e-05 -1.93724e-05 -0)
(2.81223e-05 -1.6681e-05 -0)
(2.92386e-05 -1.44557e-05 -0)
(3.00904e-05 -1.25717e-05 -0)
(3.07756e-05 -1.09455e-05 -0)
(3.13534e-05 -9.51952e-06 -0)
(3.18634e-05 -8.25143e-06 -0)
(3.23341e-05 -7.10763e-06 -0)
(3.27888e-05 -6.05915e-06 -0)
(3.32478e-05 -5.07935e-06 -0)
(3.37306e-05 -4.14256e-06 -0)
(3.42572e-05 -3.22298e-06 -0)
(3.48487e-05 -2.29347e-06 -0)
(3.5529e-05 -1.32419e-06 -0)
(3.63255e-05 -2.8109e-07 -0)
(3.7272e-05 8.75836e-07 -0)
(3.84111e-05 2.19458e-06 -0)
(3.97997e-05 3.73348e-06 -0)
(4.15165e-05 5.56373e-06 -0)
(4.36783e-05 7.77088e-06 -0)
(4.64725e-05 1.04527e-05 -0)
(5.02259e-05 1.37034e-05 -0)
(5.55483e-05 1.75494e-05 -0)
(6.35924e-05 2.17084e-05 -0)
(7.622e-05 2.46585e-05 -0)
(9.37342e-05 1.98892e-05 -0)
(9.20087e-06 -5.36989e-05 -0)
(2.17963e-05 -3.97813e-05 -0)
(2.66039e-05 -3.07469e-05 -0)
(2.87578e-05 -2.48808e-05 -0)
(2.99748e-05 -2.07654e-05 -0)
(3.08001e-05 -1.76688e-05 -0)
(3.14247e-05 -1.52084e-05 -0)
(3.19287e-05 -1.31766e-05 -0)
(3.23557e-05 -1.14544e-05 -0)
(3.27347e-05 -9.96782e-06 -0)
(3.3089e-05 -8.66629e-06 -0)
(3.34381e-05 -7.51156e-06 -0)
(3.38005e-05 -6.47202e-06 -0)
(3.4194e-05 -5.51987e-06 -0)
(3.4637e-05 -4.62953e-06 -0)
(3.51495e-05 -3.77657e-06 -0)
(3.57541e-05 -2.93653e-06 -0)
(3.64772e-05 -2.08369e-06 -0)
(3.73505e-05 -1.18982e-06 -0)
(3.84132e-05 -2.23015e-07 -0)
(3.9715e-05 8.5333e-07 -0)
(4.132e-05 2.08099e-06 -0)
(4.33126e-05 3.50566e-06 -0)
(4.58066e-05 5.17128e-06 -0)
(4.89592e-05 7.10342e-06 -0)
(5.29897e-05 9.26669e-06 -0)
(5.81901e-05 1.14614e-05 -0)
(6.48553e-05 1.30857e-05 -0)
(7.28672e-05 1.26407e-05 -0)
(8.02176e-05 7.0417e-06 -0)
(1.9005e-05 -3.80602e-05 -0)
(3.72034e-05 -4.22653e-05 -0)
(3.5381e-05 -3.13361e-05 -0)
(3.42179e-05 -2.52838e-05 -0)
(3.37777e-05 -2.11399e-05 -0)
(3.36792e-05 -1.80212e-05 -0)
(3.37308e-05 -1.55329e-05 -0)
(3.38445e-05 -1.3472e-05 -0)
(3.39844e-05 -1.17275e-05 -0)
(3.41415e-05 -1.02309e-05 -0)
(3.43196e-05 -8.93438e-06 -0)
(3.45284e-05 -7.8004e-06 -0)
(3.47805e-05 -6.79753e-06 -0)
(3.50903e-05 -5.89846e-06 -0)
(3.54739e-05 -5.07898e-06 -0)
(3.59502e-05 -4.31716e-06 -0)
(3.65416e-05 -3.59235e-06 -0)
(3.72757e-05 -2.88413e-06 -0)
(3.81862e-05 -2.17132e-06 -0)
(3.93151e-05 -1.4312e-06 -0)
(4.07151e-05 -6.39004e-07 -0)
(4.2452e-05 2.31683e-07 -0)
(4.46068e-05 1.20679e-06 -0)
(4.72761e-05 2.30522e-06 -0)
(5.05679e-05 3.52297e-06 -0)
(5.45839e-05 4.79843e-06 -0)
(5.93673e-05 5.94396e-06 -0)
(6.47716e-05 6.53215e-06 -0)
(7.0176e-05 5.77686e-06 -0)
(7.40519e-05 2.67855e-06 -0)
(7.22405e-05 -0.000110749 -0)
(2.86134e-05 -2.71653e-05 -0)
(4.35854e-05 -2.70867e-05 -0)
(3.89539e-05 -2.37758e-05 -0)
(3.72374e-05 -2.04873e-05 -0)
(3.64071e-05 -1.77432e-05 -0)
(3.59739e-05 -1.54296e-05 -0)
(3.57342e-05 -1.34508e-05 -0)
(3.55968e-05 -1.17522e-05 -0)
(3.55278e-05 -1.02938e-05 -0)
(3.55194e-05 -9.04009e-06 -0)
(3.5575e-05 -7.95836e-06 -0)
(3.57025e-05 -7.0193e-06 -0)
(3.59126e-05 -6.19733e-06 -0)
(3.62183e-05 -5.47062e-06 -0)
(3.66361e-05 -4.82067e-06 -0)
(3.71871e-05 -4.2316e-06 -0)
(3.78983e-05 -3.68918e-06 -0)
(3.88035e-05 -3.18008e-06 -0)
(3.99456e-05 -2.69127e-06 -0)
(4.13779e-05 -2.20961e-06 -0)
(4.31657e-05 -1.72182e-06 -0)
(4.53861e-05 -1.21524e-06 -0)
(4.81228e-05 -6.80068e-07 -0)
(5.14524e-05 -1.15142e-07 -0)
(5.54107e-05 4.6008e-07 -0)
(5.99238e-05 9.83794e-07 -0)
(6.46882e-05 1.32207e-06 -0)
(6.90136e-05 1.25603e-06 -0)
(7.17622e-05 5.74179e-07 -0)
(-2.80512e-05 -0.000241961 -0)
(1.17637e-05 -4.53273e-06 -0)
(3.88635e-05 -3.00119e-05 -0)
(4.08173e-05 -2.22472e-05 -0)
(3.98103e-05 -1.92908e-05 -0)
(3.87369e-05 -1.70354e-05 -0)
(3.80232e-05 -1.49914e-05 -0)
(3.75219e-05 -1.31489e-05 -0)
(3.71414e-05 -1.15362e-05 -0)
(3.68536e-05 -1.01519e-05 -0)
(3.66551e-05 -8.97404e-06 -0)
(3.65492e-05 -7.97392e-06 -0)
(3.65416e-05 -7.12402e-06 -0)
(3.6639e-05 -6.40076e-06 -0)
(3.68506e-05 -5.78527e-06 -0)
(3.71892e-05 -5.26324e-06 -0)
(3.76731e-05 -4.82426e-06 -0)
(3.83272e-05 -4.461e-06 -0)
(3.91841e-05 -4.16859e-06 -0)
(4.02856e-05 -3.94411e-06 -0)
(4.16846e-05 -3.78613e-06 -0)
(4.34464e-05 -3.6939e-06 -0)
(4.56486e-05 -3.66564e-06 -0)
(4.83762e-05 -3.69497e-06 -0)
(5.17081e-05 -3.76348e-06 -0)
(5.56828e-05 -3.82674e-06 -0)
(6.02293e-05 -3.79096e-06 -0)
(6.50439e-05 -3.48371e-06 -0)
(6.94281e-05 -2.64901e-06 -0)
(7.22216e-05 -1.06371e-06 -0)
(4.46803e-07 -0.00011769 -0)
(8.69001e-05 -0.000131955 -0)
(2.5669e-05 -1.7108e-05 -0)
(4.96753e-05 -1.72041e-05 -0)
(4.24492e-05 -1.73941e-05 -0)
(4.07065e-05 -1.61163e-05 -0)
(3.98604e-05 -1.43514e-05 -0)
(3.91894e-05 -1.26169e-05 -0)
(3.85938e-05 -1.10916e-05 -0)
(3.80899e-05 -9.80373e-06 -0)
(3.76975e-05 -8.73056e-06 -0)
(3.7425e-05 -7.83963e-06 -0)
(3.72756e-05 -7.10221e-06 -0)
(3.72513e-05 -6.49622e-06 -0)
(3.73558e-05 -6.00619e-06 -0)
(3.75971e-05 -5.62266e-06 -0)
(3.79894e-05 -5.34128e-06 -0)
(3.85539e-05 -5.16214e-06 -0)
(3.93204e-05 -5.08928e-06 -0)
(4.0328e-05 -5.13044e-06 -0)
(4.16281e-05 -5.29677e-06 -0)
(4.32862e-05 -5.60178e-06 -0)
(4.5385e-05 -6.05824e-06 -0)
(4.80249e-05 -6.67052e-06 -0)
(5.13206e-05 -7.41694e-06 -0)
(5.53833e-05 -8.21257e-06 -0)
(6.02669e-05 -8.83716e-06 -0)
(6.58301e-05 -8.81697e-06 -0)
(7.14336e-05 -7.30467e-06 -0)
(7.5475e-05 -3.24374e-06 -0)
(1.55876e-05 -0.000188825 -0)
(5.30401e-05 -0.000188183 -0)
(1.46071e-05 -7.79857e-07 -0)
(4.22846e-05 -1.41792e-05 -0)
(4.08982e-05 -1.69656e-05 -0)
(4.17796e-05 -1.56839e-05 -0)
(4.15227e-05 -1.36811e-05 -0)
(4.07818e-05 -1.18751e-05 -0)
(3.99545e-05 -1.04096e-05 -0)
(3.92146e-05 -9.24106e-06 -0)
(3.86192e-05 -8.30519e-06 -0)
(3.81776e-05 -7.5522e-06 -0)
(3.7885e-05 -6.94907e-06 -0)
(3.7735e-05 -6.47544e-06 -0)
(3.77241e-05 -6.12026e-06 -0)
(3.78541e-05 -5.87973e-06 -0)
(3.81336e-05 -5.75614e-06 -0)
(3.85792e-05 -5.75723e-06 -0)
(3.92158e-05 -5.89614e-06 -0)
(4.00781e-05 -6.19165e-06 -0)
(4.12132e-05 -6.66865e-06 -0)
(4.26849e-05 -7.35801e-06 -0)
(4.45798e-05 -8.2948e-06 -0)
(4.70175e-05 -9.51172e-06 -0)
(5.0166e-05 -1.10211e-05 -0)
(5.42626e-05 -1.27694e-05 -0)
(5.96249e-05 -1.45281e-05 -0)
(6.65763e-05 -1.56424e-05 -0)
(7.50013e-05 -1.4509e-05 -0)
(8.277e-05 -7.85034e-06 -0)
(8.63428e-06 -0.000194112 -0)
(3.4901e-06 -0.000119424 -0)
(1.29722e-05 -6.62525e-07 -0)
(3.39012e-05 -2.26438e-05 -0)
(4.09446e-05 -2.06059e-05 -0)
(4.3991e-05 -1.59728e-05 -0)
(4.36692e-05 -1.28133e-05 -0)
(4.24609e-05 -1.07928e-05 -0)
(4.12278e-05 -9.43034e-06 -0)
(4.01943e-05 -8.44571e-06 -0)
(3.93863e-05 -7.69711e-06 -0)
(3.87811e-05 -7.11518e-06 -0)
(3.83524e-05 -6.66646e-06 -0)
(3.80801e-05 -6.33593e-06 -0)
(3.79515e-05 -6.11927e-06 -0)
(3.79613e-05 -6.01961e-06 -0)
(3.81119e-05 -6.04629e-06 -0)
(3.84139e-05 -6.21468e-06 -0)
(3.88859e-05 -6.5466e-06 -0)
(3.95555e-05 -7.07151e-06 -0)
(4.04617e-05 -7.82814e-06 -0)
(4.16601e-05 -8.86668e-06 -0)
(4.32313e-05 -1.0251e-05 -0)
(4.52987e-05 -1.20603e-05 -0)
(4.8063e-05 -1.43861e-05 -0)
(5.18762e-05 -1.73156e-05 -0)
(5.73939e-05 -2.08635e-05 -0)
(6.58492e-05 -2.47154e-05 -0)
(7.92256e-05 -2.72386e-05 -0)
(9.78343e-05 -2.1499e-05 -0)
(1.11525e-05 -0.000200516 -0)
(2.88056e-05 -0.000161163 -0)
(5.24128e-05 -5.05363e-05 -0)
(1.73883e-05 -1.15307e-05 -0)
(4.75716e-05 -3.30235e-05 -0)
(4.95721e-05 -1.4788e-05 -0)
(4.67026e-05 -1.08063e-05 -0)
(4.41648e-05 -9.05272e-06 -0)
(4.23016e-05 -8.07345e-06 -0)
(4.09478e-05 -7.41425e-06 -0)
(3.99497e-05 -6.92245e-06 -0)
(3.92082e-05 -6.54518e-06 -0)
(3.86642e-05 -6.26573e-06 -0)
(3.82822e-05 -6.08234e-06 -0)
(3.80405e-05 -6.00092e-06 -0)
(3.79271e-05 -6.03285e-06 -0)
(3.79386e-05 -6.19467e-06 -0)
(3.80789e-05 -6.5087e-06 -0)
(3.8359e-05 -7.00428e-06 -0)
(3.87965e-05 -7.7198e-06 -0)
(3.94181e-05 -8.70575e-06 -0)
(4.02621e-05 -1.00294e-05 -0)
(4.13862e-05 -1.17822e-05 -0)
(4.28824e-05 -1.40922e-05 -0)
(4.49107e-05 -1.71472e-05 -0)
(4.77852e-05 -2.12434e-05 -0)
(5.22251e-05 -2.68949e-05 -0)
(6.02012e-05 -3.51172e-05 -0)
(7.82177e-05 -4.82311e-05 -0)
(0.000131508 -7.24061e-05 -0)
(7.02639e-05 -0.000219988 -0)
(7.85342e-05 -0.000154431 -0)
(8.72888e-05 -6.60515e-05 -0)
(0.000179477 -5.74688e-05 -0)
(2.67833e-05 -3.38773e-06 -0)
(6.6208e-05 -6.31551e-06 -0)
(4.94045e-05 -6.57134e-06 -0)
(4.51937e-05 -6.53913e-06 -0)
(4.28663e-05 -6.39683e-06 -0)
(4.13453e-05 -6.21533e-06 -0)
(4.02554e-05 -6.03336e-06 -0)
(3.94378e-05 -5.87759e-06 -0)
(3.88152e-05 -5.76912e-06 -0)
(3.83449e-05 -5.72675e-06 -0)
(3.8001e-05 -5.76904e-06 -0)
(3.77675e-05 -5.91601e-06 -0)
(3.7636e-05 -6.19078e-06 -0)
(3.76043e-05 -6.62126e-06 -0)
(3.76748e-05 -7.24218e-06 -0)
(3.7854e-05 -8.09778e-06 -0)
(3.81521e-05 -9.2457e-06 -0)
(3.85836e-05 -1.0763e-05 -0)
(3.91686e-05 -1.27561e-05 -0)
(3.99336e-05 -1.53787e-05 -0)
(4.09118e-05 -1.88672e-05 -0)
(4.21286e-05 -2.36156e-05 -0)
(4.35201e-05 -3.03554e-05 -0)
(4.4513e-05 -4.06273e-05 -0)
(4.19366e-05 -5.81627e-05 -0)
(1.95444e-05 -9.33735e-05 -0)
(6.99352e-05 -0.000175146 -0)
(9.95914e-05 -0.000168523 -0)
(0.000100221 -8.94167e-05 -0)
(1.18025e-05 -1.49001e-08 -0)
(4.16697e-05 1.95092e-05 -0)
(4.81911e-05 1.28765e-06 -0)
(4.6479e-05 -2.62464e-06 -0)
(4.43393e-05 -4.13643e-06 -0)
(4.26254e-05 -4.75945e-06 -0)
(4.13113e-05 -5.01667e-06 -0)
(4.02875e-05 -5.11802e-06 -0)
(3.94724e-05 -5.16276e-06 -0)
(3.8815e-05 -5.20653e-06 -0)
(3.82823e-05 -5.28659e-06 -0)
(3.78512e-05 -5.4325e-06 -0)
(3.75054e-05 -5.67138e-06 -0)
(3.72333e-05 -6.03123e-06 -0)
(3.70275e-05 -6.54349e-06 -0)
(3.68824e-05 -7.24555e-06 -0)
(3.6793e-05 -8.18358e-06 -0)
(3.67529e-05 -9.41634e-06 -0)
(3.67517e-05 -1.10207e-05 -0)
(3.67704e-05 -1.31003e-05 -0)
(3.67713e-05 -1.57994e-05 -0)
(3.66738e-05 -1.93271e-05 -0)
(3.6297e-05 -2.39964e-05 -0)
(3.52135e-05 -3.0284e-05 -0)
(3.2394e-05 -3.88738e-05 -0)
(2.54715e-05 -5.04192e-05 -0)
(1.02874e-05 -6.35422e-05 -0)
(8.08818e-05 -0.000185049 -0)
(0.000113944 -0.000175293 -0)
(5.48312e-05 -2.87648e-05 -0)
(2.07431e-05 2.44755e-06 -0)
(4.23449e-05 5.0732e-06 -0)
(4.40744e-05 1.54851e-06 -0)
(4.39804e-05 -1.07876e-06 -0)
(4.30589e-05 -2.62287e-06 -0)
(4.19861e-05 -3.48758e-06 -0)
(4.09867e-05 -3.9735e-06 -0)
(4.01093e-05 -4.25903e-06 -0)
(3.93493e-05 -4.44867e-06 -0)
(3.86914e-05 -4.60751e-06 -0)
(3.8119e-05 -4.7806e-06 -0)
(3.76162e-05 -5.00309e-06 -0)
(3.71688e-05 -5.30592e-06 -0)
(3.67639e-05 -5.71941e-06 -0)
(3.639e-05 -6.27609e-06 -0)
(3.60347e-05 -7.01312e-06 -0)
(3.56832e-05 -7.97478e-06 -0)
(3.5315e-05 -9.21545e-06 -0)
(3.48997e-05 -1.08032e-05 -0)
(3.43898e-05 -1.28248e-05 -0)
(3.37068e-05 -1.53915e-05 -0)
(3.27148e-05 -1.86452e-05 -0)
(3.11717e-05 -2.27589e-05 -0)
(2.86426e-05 -2.79103e-05 -0)
(2.43778e-05 -3.4165e-05 -0)
(1.72682e-05 -4.1098e-05 -0)
(6.42136e-06 -4.68341e-05 -0)
(7.81152e-05 -0.000175697 -0)
(8.32739e-05 -0.000149259 -0)
(3.43169e-05 -5.49189e-06 -0)
(2.32097e-05 2.73382e-06 -0)
(4.07075e-05 2.36365e-06 -0)
(4.20392e-05 9.12584e-07 -0)
(4.23076e-05 -6.16608e-07 -0)
(4.19305e-05 -1.7887e-06 -0)
(4.12748e-05 -2.594e-06 -0)
(4.05399e-05 -3.13043e-06 -0)
(3.98123e-05 -3.49563e-06 -0)
(3.9124e-05 -3.76491e-06 -0)
(3.84831e-05 -3.99387e-06 -0)
(3.78867e-05 -4.22506e-06 -0)
(3.73259e-05 -4.49341e-06 -0)
(3.6789e-05 -4.82994e-06 -0)
(3.62632e-05 -5.26457e-06 -0)
(3.57338e-05 -5.82851e-06 -0)
(3.51837e-05 -6.55619e-06 -0)
(3.45907e-05 -7.48712e-06 -0)
(3.39244e-05 -8.66753e-06 -0)
(3.31423e-05 -1.0152e-05 -0)
(3.21822e-05 -1.20042e-05 -0)
(3.09509e-05 -1.42965e-05 -0)
(2.93064e-05 -1.71034e-05 -0)
(2.70319e-05 -2.04837e-05 -0)
(2.38074e-05 -2.44332e-05 -0)
(1.92062e-05 -2.8778e-05 -0)
(1.28025e-05 -3.29739e-05 -0)
(4.55136e-06 -3.5862e-05 -0)
(7.14773e-05 -0.000152118 -0)
(6.92152e-05 -0.000124831 -0)
(3.67411e-05 -3.97109e-06 -0)
(2.415e-05 7.32199e-07 -0)
(4.0516e-05 9.58693e-07 -0)
(4.10942e-05 3.54559e-07 -0)
(4.12791e-05 -5.11861e-07 -0)
(4.10815e-05 -1.32099e-06 -0)
(4.06443e-05 -1.96909e-06 -0)
(4.00851e-05 -2.45868e-06 -0)
(3.94748e-05 -2.82816e-06 -0)
(3.88511e-05 -3.12122e-06 -0)
(3.82312e-05 -3.37767e-06 -0)
(3.76194e-05 -3.63226e-06 -0)
(3.70114e-05 -3.91567e-06 -0)
(3.63976e-05 -4.25604e-06 -0)
(3.57654e-05 -4.68062e-06 -0)
(3.50984e-05 -5.21734e-06 -0)
(3.43761e-05 -5.89616e-06 -0)
(3.35719e-05 -6.75006e-06 -0)
(3.26501e-05 -7.81566e-06 -0)
(3.1563e-05 -9.13295e-06 -0)
(3.02453e-05 -1.07437e-05 -0)
(2.86077e-05 -1.26868e-05 -0)
(2.65275e-05 -1.4988e-05 -0)
(2.38418e-05 -1.76393e-05 -0)
(2.03484e-05 -2.05609e-05 -0)
(1.58371e-05 -2.35398e-05 -0)
(1.01842e-05 -2.61576e-05 -0)
(3.53324e-06 -2.77781e-05 -0)
(6.95866e-05 -0.000126903 -0)
(6.79489e-05 -0.00010286 -0)
(3.61666e-05 -2.71308e-06 -0)
(2.46386e-05 3.16901e-07 -0)
(4.03278e-05 3.86575e-07 -0)
(4.05686e-05 5.85658e-08 -0)
(4.06321e-05 -4.64496e-07 -0)
(4.04732e-05 -1.01384e-06 -0)
(4.01371e-05 -1.50277e-06 -0)
(3.96808e-05 -1.90758e-06 -0)
(3.91497e-05 -2.23734e-06 -0)
(3.85745e-05 -2.51397e-06 -0)
(3.79721e-05 -2.76315e-06 -0)
(3.73487e-05 -3.01066e-06 -0)
(3.67021e-05 -3.28116e-06 -0)
(3.60241e-05 -3.59817e-06 -0)
(3.53018e-05 -3.98472e-06 -0)
(3.45183e-05 -4.46421e-06 -0)
(3.3651e-05 -5.06113e-06 -0)
(3.26712e-05 -5.80141e-06 -0)
(3.15415e-05 -6.71217e-06 -0)
(3.02143e-05 -7.82055e-06 -0)
(2.86284e-05 -9.15081e-06 -0)
(2.67066e-05 -1.07189e-05 -0)
(2.43538e-05 -1.25224e-05 -0)
(2.1459e-05 -1.45247e-05 -0)
(1.79069e-05 -1.66313e-05 -0)
(1.36095e-05 -1.86626e-05 -0)
(8.56416e-06 -2.03388e-05 -0)
(2.93091e-06 -2.13146e-05 -0)
(6.84949e-05 -9.81441e-05 -0)
(6.87288e-05 -8.00967e-05 -0)
(3.69804e-05 -2.07676e-06 -0)
(2.4902e-05 3.62691e-07 -0)
(4.02569e-05 2.15812e-07 -0)
(4.02431e-05 -4.22852e-08 -0)
(4.02067e-05 -3.90863e-07 -0)
(4.00432e-05 -7.66197e-07 -0)
(3.97506e-05 -1.12019e-06 -0)
(3.93505e-05 -1.43172e-06 -0)
(3.88684e-05 -1.69961e-06 -0)
(3.83253e-05 -1.93386e-06 -0)
(3.77345e-05 -2.15007e-06 -0)
(3.71014e-05 -2.36612e-06 -0)
(3.64239e-05 -2.60037e-06 -0)
(3.56941e-05 -2.871e-06 -0)
(3.48993e-05 -3.19605e-06 -0)
(3.4022e-05 -3.59375e-06 -0)
(3.30389e-05 -4.08281e-06 -0)
(3.19209e-05 -4.68232e-06 -0)
(3.0631e-05 -5.41113e-06 -0)
(2.91244e-05 -6.28631e-06 -0)
(2.7347e-05 -7.3202e-06 -0)
(2.52361e-05 -8.51555e-06 -0)
(2.27217e-05 -9.85803e-06 -0)
(1.97329e-05 -1.13057e-05 -0)
(1.62105e-05 -1.27769e-05 -0)
(1.21296e-05 -1.41406e-05 -0)
(7.53223e-06 -1.52204e-05 -0)
(2.55747e-06 -1.58269e-05 -0)
(6.88164e-05 -7.08951e-05 -0)
(6.73483e-05 -5.73852e-05 -0)
(3.50474e-05 -1.32416e-06 -0)
(2.51431e-05 3.92403e-07 -0)
(3.9922e-05 1.60214e-07 -0)
(3.9962e-05 -5.21849e-08 -0)
(3.99082e-05 -2.9001e-07 -0)
(3.97439e-05 -5.39375e-07 -0)
(3.94716e-05 -7.80014e-07 -0)
(3.91014e-05 -9.99666e-07 -0)
(3.86476e-05 -1.19538e-06 -0)
(3.8124e-05 -1.37147e-06 -0)
(3.75398e-05 -1.53698e-06 -0)
(3.68984e-05 -1.70346e-06 -0)
(3.61972e-05 -1.88343e-06 -0)
(3.54284e-05 -2.08964e-06 -0)
(3.45791e-05 -2.33486e-06 -0)
(3.36315e-05 -2.63198e-06 -0)
(3.25625e-05 -2.99403e-06 -0)
(3.13429e-05 -3.43394e-06 -0)
(2.99376e-05 -3.96379e-06 -0)
(2.83052e-05 -4.59343e-06 -0)
(2.63991e-05 -5.32816e-06 -0)
(2.41687e-05 -6.16515e-06 -0)
(2.15637e-05 -7.08848e-06 -0)
(1.85401e-05 -8.06323e-06 -0)
(1.5072e-05 -9.02986e-06 -0)
(1.11659e-05 -9.90239e-06 -0)
(6.87789e-06 -1.05754e-05 -0)
(2.32449e-06 -1.09455e-05 -0)
(6.85068e-05 -4.24031e-05 -0)
(6.79113e-05 -3.4751e-05 -0)
(3.52994e-05 -7.66056e-07 -0)
(2.52759e-05 1.97989e-07 -0)
(3.98116e-05 8.91915e-08 -0)
(3.97929e-05 -3.7751e-08 -0)
(3.97195e-05 -1.77093e-07 -0)
(3.95532e-05 -3.21097e-07 -0)
(3.92903e-05 -4.61328e-07 -0)
(3.89352e-05 -5.91897e-07 -0)
(3.84966e-05 -7.10686e-07 -0)
(3.79837e-05 -8.19434e-07 -0)
(3.74025e-05 -9.22868e-07 -0)
(3.6755e-05 -1.02747e-06 -0)
(3.60377e-05 -1.1405e-06 -0)
(3.52426e-05 -1.26943e-06 -0)
(3.4357e-05 -1.4218e-06 -0)
(3.33628e-05 -1.60523e-06 -0)
(3.2237e-05 -1.82736e-06 -0)
(3.09511e-05 -2.09562e-06 -0)
(2.94715e-05 -2.41668e-06 -0)
(2.776e-05 -2.79552e-06 -0)
(2.57753e-05 -3.23394e-06 -0)
(2.34758e-05 -3.72844e-06 -0)
(2.08237e-05 -4.26754e-06 -0)
(1.77915e-05 -4.82887e-06 -0)
(1.43713e-05 -5.37696e-06 -0)
(1.0584e-05 -5.86368e-06 -0)
(6.4891e-06 -6.23336e-06 -0)
(2.18738e-06 -6.43426e-06 -0)
(6.86251e-05 -1.42018e-05 -0)
(6.72936e-05 -1.1525e-05 -0)
(3.46697e-05 -2.45337e-07 -0)
(2.53567e-05 1.13573e-07 -0)
(3.96859e-05 3.80327e-08 -0)
(3.96957e-05 -1.18608e-08 -0)
(3.96248e-05 -5.91573e-08 -0)
(3.94597e-05 -1.06551e-07 -0)
(3.92008e-05 -1.52725e-07 -0)
(3.8852e-05 -1.96081e-07 -0)
(3.84201e-05 -2.35886e-07 -0)
(3.79118e-05 -2.72609e-07 -0)
(3.73318e-05 -3.07738e-07 -0)
(3.66808e-05 -3.43379e-07 -0)
(3.59553e-05 -3.81906e-07 -0)
(3.51471e-05 -4.25772e-07 -0)
(3.42433e-05 -4.77452e-07 -0)
(3.3226e-05 -5.39453e-07 -0)
(3.20721e-05 -6.14285e-07 -0)
(3.07535e-05 -7.04371e-07 -0)
(2.92377e-05 -8.11846e-07 -0)
(2.7488e-05 -9.38217e-07 -0)
(2.54662e-05 -1.08386e-06 -0)
(2.31351e-05 -1.24733e-06 -0)
(2.04632e-05 -1.4245e-06 -0)
(1.74307e-05 -1.60774e-06 -0)
(1.40372e-05 -1.78532e-06 -0)
(1.03095e-05 -1.9418e-06 -0)
(6.30731e-06 -2.0598e-06 -0)
(2.12359e-06 -2.12359e-06 -0)
)
;

boundaryField
{
    inlet1
    {
        type            extrapolatedCalculated;
        value           nonuniform List<vector> 10((1e-05 -0.00894206 -0) (1e-05 -0.0269353 -0) (1e-05 -0.045128 -0) (1e-05 -0.0635687 -0) (1e-05 -0.0823534 -0) (1e-05 -0.101484 -0) (1e-05 -0.120769 -0) (1e-05 -0.139501 -0) (1e-05 -0.155803 -0) (1e-05 -0.193245 -0));
    }
    inlet2
    {
        type            extrapolatedCalculated;
        value           nonuniform List<vector> 10((-0 -2.61118e-05 -0) (-0 -3.92373e-05 -0) (-0 -5.36989e-05 -0) (-0 -3.80602e-05 -0) (-0 -0.000110749 -0) (-0 -0.000241961 -0) (-0 -0.00011769 -0) (-0 -0.000188825 -0) (-0 -0.000194112 -0) (-0 -0.000200516 -0));
    }
    inlet3
    {
        type            extrapolatedCalculated;
        value           nonuniform List<vector> 10((9.13394e-05 -0.000294775 -0) (9.13394e-05 -0.000266149 -0) (9.13394e-05 -0.000247139 -0) (9.13394e-05 -0.000226182 -0) (9.13394e-05 -0.000201411 -0) (9.13394e-05 -0.000169187 -0) (9.13394e-05 -0.000133219 -0) (9.13394e-05 -9.55145e-05 -0) (9.13394e-05 -5.73488e-05 -0) (9.13394e-05 -1.91717e-05 -0));
    }
    output1
    {
        type            extrapolatedCalculated;
        value           nonuniform List<vector> 10((-0 1.87842e-06 -0) (-0 5.69928e-06 -0) (-0 9.72134e-06 -0) (-0 1.41125e-05 -0) (-0 1.91051e-05 -0) (-0 2.50584e-05 -0) (-0 3.25948e-05 -0) (-0 4.29303e-05 -0) (-0 5.87856e-05 -0) (-0 8.71974e-05 -0));
    }
    output2
    {
        type            extrapolatedCalculated;
        value           nonuniform List<vector> 10((0.000162845 6.7746e-05 -0) (0.000103511 1.98892e-05 -0) (8.32877e-05 7.0417e-06 -0) (7.53447e-05 2.67855e-06 -0) (7.25735e-05 5.74179e-07 -0) (7.3048e-05 -1.06371e-06 -0) (7.68284e-05 -3.24374e-06 -0) (8.60229e-05 -7.85034e-06 -0) (0.00010823 -2.1499e-05 -0) (0.000172019 -7.24061e-05 -0));
    }
    output3
    {
        type            extrapolatedCalculated;
        value           nonuniform List<vector> 10((-0 -9.33735e-05 -0) (-0 -6.35422e-05 -0) (-0 -4.68341e-05 -0) (-0 -3.5862e-05 -0) (-0 -2.77781e-05 -0) (-0 -2.13146e-05 -0) (-0 -1.58269e-05 -0) (-0 -1.09455e-05 -0) (-0 -6.43426e-06 -0) (-0 -2.12359e-06 -0));
    }
    up
    {
        type            extrapolatedCalculated;
        value           nonuniform List<vector> 
30
(
(6.86251e-05 -0 -0)
(6.72936e-05 -0 -0)
(3.46697e-05 -0 -0)
(2.53567e-05 -0 -0)
(3.96859e-05 -0 -0)
(3.96957e-05 -0 -0)
(3.96248e-05 -0 -0)
(3.94597e-05 -0 -0)
(3.92008e-05 -0 -0)
(3.8852e-05 -0 -0)
(3.84201e-05 -0 -0)
(3.79118e-05 -0 -0)
(3.73318e-05 -0 -0)
(3.66808e-05 -0 -0)
(3.59553e-05 -0 -0)
(3.51471e-05 -0 -0)
(3.42433e-05 -0 -0)
(3.3226e-05 -0 -0)
(3.20721e-05 -0 -0)
(3.07535e-05 -0 -0)
(2.92377e-05 -0 -0)
(2.7488e-05 -0 -0)
(2.54662e-05 -0 -0)
(2.31351e-05 -0 -0)
(2.04632e-05 -0 -0)
(1.74307e-05 -0 -0)
(1.40372e-05 -0 -0)
(1.03095e-05 -0 -0)
(6.30731e-06 -0 -0)
(2.12359e-06 -0 -0)
)
;
    }
    down
    {
        type            extrapolatedCalculated;
        value           nonuniform List<vector> 
30
(
(9.12781e-06 -0 -0)
(1.14447e-05 -0 -0)
(1.53889e-05 -0 -0)
(1.67719e-05 -0 -0)
(1.81048e-05 -0 -0)
(1.93715e-05 -0 -0)
(2.05591e-05 -0 -0)
(2.16568e-05 -0 -0)
(2.26556e-05 -0 -0)
(2.35483e-05 -0 -0)
(2.43286e-05 -0 -0)
(2.49912e-05 -0 -0)
(2.55311e-05 -0 -0)
(2.59427e-05 -0 -0)
(2.62186e-05 -0 -0)
(2.63488e-05 -0 -0)
(2.63205e-05 -0 -0)
(2.61172e-05 -0 -0)
(2.57191e-05 -0 -0)
(2.51026e-05 -0 -0)
(2.42406e-05 -0 -0)
(2.31029e-05 -0 -0)
(2.16579e-05 -0 -0)
(1.98751e-05 -0 -0)
(1.77296e-05 -0 -0)
(1.52079e-05 -0 -0)
(1.23149e-05 -0 -0)
(9.08185e-06 -0 -0)
(5.57155e-06 -0 -0)
(1.8785e-06 -0 -0)
)
;
    }
    emptyWalls
    {
        type            empty;
    }
}


// ************************************************************************* //
