/*--------------------------------*- C++ -*----------------------------------*\
  =========                 |
  \\      /  F ield         | OpenFOAM: The Open Source CFD Toolbox
   \\    /   O peration     | Website:  https://openfoam.org
    \\  /    A nd           | Version:  9
     \\/     M anipulation  |
\*---------------------------------------------------------------------------*/
FoamFile
{
    format      ascii;
    class       volScalarField;
    location    "14000";
    object      fw;
}
// * * * * * * * * * * * * * * * * * * * * * * * * * * * * * * * * * * * * * //

dimensions      [0 0 0 0 0 0 0];

internalField   nonuniform List<scalar> 
900
(
0.9955
0.33279
0.302383
0.0380246
6.05555e-09
4.7991e-09
4.7991e-09
4.7991e-09
4.7991e-09
4.7991e-09
4.7991e-09
4.7991e-09
4.7991e-09
4.7991e-09
4.7991e-09
4.7991e-09
4.7991e-09
4.7991e-09
4.7991e-09
4.7991e-09
4.7991e-09
4.7991e-09
4.7991e-09
4.7991e-09
4.7991e-09
4.7991e-09
4.7991e-09
4.7991e-09
4.7991e-09
4.7991e-09
0.999755
0.995955
1
0.0303445
4.95223e-09
4.7991e-09
4.7991e-09
4.7991e-09
4.7991e-09
4.7991e-09
4.7991e-09
4.7991e-09
4.7991e-09
4.7991e-09
4.7991e-09
4.7991e-09
4.7991e-09
4.7991e-09
4.7991e-09
4.7991e-09
4.7991e-09
4.7991e-09
4.7991e-09
4.7991e-09
4.7991e-09
4.7991e-09
4.7991e-09
4.7991e-09
4.7991e-09
4.7991e-09
0.996508
0.994883
0.788837
0.00159288
4.828e-09
4.7991e-09
4.7991e-09
4.7991e-09
4.7991e-09
4.7991e-09
4.7991e-09
4.7991e-09
4.7991e-09
4.7991e-09
4.7991e-09
4.7991e-09
4.7991e-09
4.7991e-09
4.7991e-09
4.7991e-09
4.7991e-09
4.7991e-09
4.7991e-09
4.7991e-09
4.7991e-09
4.7991e-09
4.7991e-09
4.7991e-09
4.7991e-09
4.7991e-09
0.998168
0.967721
0.609325
0.000277524
4.80295e-09
4.7991e-09
4.7991e-09
4.7991e-09
4.7991e-09
4.7991e-09
4.7991e-09
4.7991e-09
4.7991e-09
4.7991e-09
4.7991e-09
4.7991e-09
4.7991e-09
4.7991e-09
4.7991e-09
4.7991e-09
4.7991e-09
4.7991e-09
4.7991e-09
4.7991e-09
4.7991e-09
4.7991e-09
4.7991e-09
4.7991e-09
4.7991e-09
4.7991e-09
0.998279
0.916546
0.66192
2.45282e-05
4.79934e-09
4.7991e-09
4.7991e-09
4.7991e-09
4.7991e-09
4.7991e-09
4.7991e-09
4.7991e-09
4.7991e-09
4.7991e-09
4.7991e-09
4.7991e-09
4.7991e-09
4.7991e-09
4.7991e-09
4.7991e-09
4.7991e-09
4.7991e-09
4.7991e-09
4.7991e-09
4.7991e-09
4.7991e-09
4.7991e-09
4.7991e-09
4.7991e-09
4.7991e-09
0.99871
0.888392
0.640816
2.87443e-07
4.7991e-09
4.7991e-09
4.7991e-09
4.7991e-09
4.7991e-09
4.7991e-09
4.7991e-09
4.7991e-09
4.7991e-09
4.7991e-09
4.7991e-09
4.7991e-09
4.7991e-09
4.7991e-09
4.7991e-09
4.7991e-09
4.7991e-09
4.7991e-09
4.7991e-09
4.7991e-09
4.7991e-09
4.7991e-09
4.7991e-09
4.7991e-09
4.7991e-09
4.7991e-09
0.998343
0.867062
0.83947
7.54745e-09
4.7991e-09
4.7991e-09
4.7991e-09
4.7991e-09
4.7991e-09
4.7991e-09
4.7991e-09
4.7991e-09
4.7991e-09
4.7991e-09
4.7991e-09
4.7991e-09
4.7991e-09
4.7991e-09
4.7991e-09
4.7991e-09
4.7991e-09
4.7991e-09
4.7991e-09
4.7991e-09
4.7991e-09
4.7991e-09
4.7991e-09
4.7991e-09
4.7991e-09
4.7991e-09
0.997999
0.848437
0.142717
5.0153e-09
4.7991e-09
4.7991e-09
4.7991e-09
4.7991e-09
4.7991e-09
4.7991e-09
4.7991e-09
4.7991e-09
4.7991e-09
4.7991e-09
4.7991e-09
4.7991e-09
4.7991e-09
4.7991e-09
4.7991e-09
4.7991e-09
4.7991e-09
4.7991e-09
4.7991e-09
4.7991e-09
4.7991e-09
4.7991e-09
4.7991e-09
4.7991e-09
4.7991e-09
4.7991e-09
0.998363
0.80311
7.53677e-05
4.8e-09
4.7991e-09
4.7991e-09
4.7991e-09
4.7991e-09
4.7991e-09
4.7991e-09
4.7991e-09
4.7991e-09
4.7991e-09
4.7991e-09
4.7991e-09
4.7991e-09
4.7991e-09
4.7991e-09
4.7991e-09
4.7991e-09
4.7991e-09
4.7991e-09
4.7991e-09
4.7991e-09
4.7991e-09
4.7991e-09
4.7991e-09
4.7991e-09
4.7991e-09
4.7991e-09
0.999347
0.960054
3.11762e-05
4.79921e-09
4.7991e-09
4.7991e-09
4.7991e-09
4.7991e-09
4.7991e-09
4.7991e-09
4.7991e-09
4.7991e-09
4.7991e-09
4.7991e-09
4.7991e-09
4.7991e-09
4.7991e-09
4.7991e-09
4.7991e-09
4.7991e-09
4.7991e-09
4.7991e-09
4.7991e-09
4.7991e-09
4.7991e-09
4.7991e-09
4.7991e-09
4.7991e-09
4.7991e-09
4.79911e-09
0.999966
0.956767
0.259149
9.19302e-09
4.7991e-09
4.7991e-09
4.7991e-09
4.7991e-09
4.7991e-09
4.7991e-09
4.7991e-09
4.7991e-09
4.7991e-09
4.7991e-09
4.7991e-09
4.7991e-09
4.7991e-09
4.7991e-09
4.7991e-09
4.7991e-09
4.7991e-09
4.7991e-09
4.7991e-09
4.7991e-09
4.7991e-09
4.7991e-09
4.7991e-09
4.7991e-09
4.79909e-09
4.79909e-09
1
0.997017
0.819823
0.446746
3.2617e-08
4.82149e-09
4.7991e-09
4.7991e-09
4.7991e-09
4.7991e-09
4.7991e-09
4.7991e-09
4.7991e-09
4.7991e-09
4.7991e-09
4.7991e-09
4.7991e-09
4.7991e-09
4.7991e-09
4.7991e-09
4.7991e-09
4.7991e-09
4.7991e-09
4.7991e-09
4.7991e-09
4.7991e-09
4.7991e-09
4.7991e-09
4.7991e-09
4.7991e-09
1.00011
0.961041
0.530954
0.246352
0.226747
0.24538
6.09768e-08
4.7991e-09
4.7991e-09
4.7991e-09
4.7991e-09
4.7991e-09
4.7991e-09
4.7991e-09
4.7991e-09
4.7991e-09
4.7991e-09
4.7991e-09
4.7991e-09
4.7991e-09
4.7991e-09
4.7991e-09
4.7991e-09
4.7991e-09
4.7991e-09
4.7991e-09
4.7991e-09
4.7991e-09
4.7991e-09
4.7991e-09
1.00021
1
0.997995
0.992407
0.960477
0.798002
0.613843
9.82987e-07
4.80057e-09
4.80055e-09
4.80018e-09
4.80025e-09
4.79997e-09
4.80005e-09
4.7991e-09
4.7991e-09
4.7991e-09
4.7991e-09
4.7991e-09
4.7991e-09
4.7991e-09
4.7991e-09
4.7991e-09
4.7991e-09
4.7991e-09
4.7991e-09
4.7991e-09
4.7991e-09
4.7991e-09
4.7991e-09
1
0.999971
0.998879
0.993404
0.986521
0.963255
0.925483
0.825273
0.791901
0.779162
0.80101
0.775387
0.859982
0.0242235
2.93612e-07
8.0559e-07
1.75168e-06
2.75263e-06
3.578e-06
4.50611e-06
6.6414e-06
1.04215e-05
1.66042e-05
2.83939e-05
5.33e-05
0.000107464
0.000222729
0.000242855
5.77504e-05
6.50459e-07
0.97181
0.987956
0.959629
0.925177
0.939472
0.934489
0.922592
0.904506
0.894012
0.873594
0.884991
0.844332
0.848682
0.694596
0.638564
0.638001
0.641402
0.642861
0.646354
0.653946
0.664844
0.676679
0.687667
0.696456
0.703819
0.709818
0.717762
0.72576
0.736909
0.739193
0.953307
0.905228
0.906693
0.882122
0.879432
0.886896
0.889717
0.887094
0.87763
0.859345
0.849346
0.826703
0.816494
0.815351
0.794383
0.78808
0.78956
0.793682
0.799806
0.807746
0.81672
0.825298
0.832772
0.838134
0.842117
0.843961
0.84647
0.848248
0.854584
0.857063
0.893288
0.89381
0.885708
0.885381
0.883352
0.882463
0.880964
0.875674
0.86746
0.858238
0.850476
0.845431
0.841249
0.849119
0.848232
0.848356
0.852122
0.858253
0.865134
0.871838
0.877544
0.882085
0.88502
0.886606
0.886156
0.884177
0.879575
0.87388
0.869335
0.869777
0.886018
0.877158
0.890651
0.901209
0.906202
0.907992
0.908101
0.906795
0.904845
0.902668
0.900505
0.899321
0.89936
0.901726
0.903364
0.904396
0.905946
0.907832
0.909319
0.909828
0.90913
0.90726
0.904425
0.900832
0.895726
0.889478
0.878444
0.863606
0.837489
0.818134
0.87586
0.906507
0.924125
0.931776
0.933801
0.933789
0.932857
0.931674
0.930028
0.927923
0.925567
0.923648
0.922554
0.922029
0.921624
0.920652
0.919107
0.916743
0.913174
0.908212
0.901981
0.894249
0.886227
0.876957
0.868514
0.857453
0.842853
0.826007
0.774531
0.719288
0.93258
0.950079
0.949494
0.944586
0.939069
0.93486
0.931069
0.928141
0.924816
0.921658
0.918421
0.916013
0.914306
0.913039
0.911953
0.910049
0.907119
0.902366
0.895339
0.886851
0.876473
0.865557
0.852632
0.83655
0.82789
0.806438
0.798496
0.76886
0.817481
0.859519
0.9048
0.89623
0.895739
0.898174
0.900302
0.903504
0.904881
0.907033
0.907022
0.908126
0.907691
0.908441
0.908079
0.907746
0.906395
0.903231
0.898589
0.890094
0.879303
0.865247
0.847304
0.833379
0.805369
0.776255
0.748102
0.717272
0.700133
0.674185
0.644556
0.283437
0.910508
0.914189
0.921271
0.926959
0.929622
0.931134
0.93017
0.929762
0.926668
0.925252
0.920606
0.918308
0.912544
0.908577
0.901465
0.89321
0.880662
0.8605
0.842229
0.811314
0.777472
0.749476
0.692588
0.651184
0.523125
0.477662
0.471862
0.455258
0.418305
0.00158963
0.912041
0.909984
0.909357
0.908847
0.908716
0.908059
0.906841
0.906159
0.903561
0.903687
0.899407
0.900547
0.893747
0.892545
0.880778
0.868806
0.837743
0.796125
0.761442
0.702459
0.663595
0.537709
0.470323
0.522613
0.0163924
4.83901e-09
4.7991e-09
4.7991e-09
4.7991e-09
4.7991e-09
0.912292
0.910675
0.911011
0.911881
0.914314
0.915537
0.917556
0.917898
0.91828
0.917856
0.914785
0.913782
0.903146
0.898355
0.873143
0.843588
0.765323
0.695052
0.556778
0.496693
0.555096
0.0151036
4.82886e-09
4.7991e-09
4.7991e-09
4.7991e-09
4.7991e-09
4.7991e-09
4.7991e-09
4.7991e-09
0.912676
0.911533
0.911613
0.91137
0.912878
0.912529
0.914572
0.912681
0.914159
0.909356
0.907951
0.900565
0.889085
0.880319
0.830476
0.754497
0.549326
0.523398
0.00389836
4.80334e-09
4.79911e-09
4.7991e-09
4.7991e-09
4.7991e-09
4.7991e-09
4.7991e-09
4.7991e-09
4.7991e-09
4.7991e-09
4.7991e-09
0.912889
0.912177
0.912111
0.911929
0.913087
0.913112
0.915541
0.914467
0.917813
0.912955
0.915849
0.902944
0.897815
0.873761
0.780107
0.596201
0.048414
4.99246e-09
4.7991e-09
4.7991e-09
4.7991e-09
4.7991e-09
4.7991e-09
4.7991e-09
4.7991e-09
4.7991e-09
4.7991e-09
4.7991e-09
4.7991e-09
4.7991e-09
0.91301
0.912654
0.912491
0.912594
0.913251
0.91383
0.915637
0.915918
0.918957
0.915835
0.918674
0.899195
0.895705
0.819594
0.594589
2.55879e-06
4.7991e-09
4.7991e-09
4.7991e-09
4.7991e-09
4.7991e-09
4.7991e-09
4.7991e-09
4.7991e-09
4.7991e-09
4.7991e-09
4.7991e-09
4.7991e-09
4.7991e-09
4.7991e-09
0.913077
0.91296
0.912736
0.913093
0.913402
0.9145
0.915708
0.917454
0.919867
0.920626
0.923206
0.908694
0.899666
0.692703
3.60259e-06
4.7991e-09
4.7991e-09
4.7991e-09
4.7991e-09
4.7991e-09
4.7991e-09
4.7991e-09
4.7991e-09
4.7991e-09
4.7991e-09
4.7991e-09
4.7991e-09
4.7991e-09
4.7991e-09
4.7991e-09
0.913107
0.913115
0.912846
0.913379
0.913448
0.914962
0.915595
0.918559
0.919785
0.924308
0.924992
0.927242
0.90807
0.000879245
4.79939e-09
4.7991e-09
4.7991e-09
4.7991e-09
4.7991e-09
4.7991e-09
4.7991e-09
4.7991e-09
4.7991e-09
4.7991e-09
4.7991e-09
4.7991e-09
4.7991e-09
4.7991e-09
4.7991e-09
4.7991e-09
)
;

boundaryField
{
    inlet1
    {
        type            calculated;
        value           uniform 1;
    }
    inlet2
    {
        type            calculated;
        value           nonuniform List<scalar> 10(0.999966 1 1.00011 1.00021 1 0.97181 0.953307 0.893288 0.886018 0.87586);
    }
    inlet3
    {
        type            calculated;
        value           uniform 0.913307;
    }
    output1
    {
        type            calculated;
        value           nonuniform List<scalar> 10(4.7991e-09 4.7991e-09 4.7991e-09 4.7991e-09 4.7991e-09 4.7991e-09 4.7991e-09 4.7991e-09 4.7991e-09 4.79911e-09);
    }
    output2
    {
        type            calculated;
        value           nonuniform List<scalar> 10(4.79909e-09 4.7991e-09 4.7991e-09 4.7991e-09 6.50459e-07 0.739193 0.857063 0.869777 0.818134 0.719288);
    }
    output3
    {
        type            calculated;
        value           nonuniform List<scalar> 10(0.859519 0.283437 0.00158963 4.7991e-09 4.7991e-09 4.7991e-09 4.7991e-09 4.7991e-09 4.7991e-09 4.7991e-09);
    }
    up
    {
        type            calculated;
        value           nonuniform List<scalar> 
30
(
0.913107
0.913115
0.912846
0.913379
0.913448
0.914962
0.915595
0.918559
0.919785
0.924308
0.924992
0.927242
0.90807
0.000879245
4.79939e-09
4.7991e-09
4.7991e-09
4.7991e-09
4.7991e-09
4.7991e-09
4.7991e-09
4.7991e-09
4.7991e-09
4.7991e-09
4.7991e-09
4.7991e-09
4.7991e-09
4.7991e-09
4.7991e-09
4.7991e-09
)
;
    }
    down
    {
        type            calculated;
        value           nonuniform List<scalar> 
30
(
0.9955
0.33279
0.302383
0.0380246
6.05555e-09
4.7991e-09
4.7991e-09
4.7991e-09
4.7991e-09
4.7991e-09
4.7991e-09
4.7991e-09
4.7991e-09
4.7991e-09
4.7991e-09
4.7991e-09
4.7991e-09
4.7991e-09
4.7991e-09
4.7991e-09
4.7991e-09
4.7991e-09
4.7991e-09
4.7991e-09
4.7991e-09
4.7991e-09
4.7991e-09
4.7991e-09
4.7991e-09
4.7991e-09
)
;
    }
    emptyWalls
    {
        type            empty;
    }
}


// ************************************************************************* //
