/*--------------------------------*- C++ -*----------------------------------*\
  =========                 |
  \\      /  F ield         | OpenFOAM: The Open Source CFD Toolbox
   \\    /   O peration     | Website:  https://openfoam.org
    \\  /    A nd           | Version:  9
     \\/     M anipulation  |
\*---------------------------------------------------------------------------*/
FoamFile
{
    format      ascii;
    class       surfaceScalarField;
    location    "14000";
    object      phi;
}
// * * * * * * * * * * * * * * * * * * * * * * * * * * * * * * * * * * * * * //

dimensions      [0 3 -1 0 0 0 0];

internalField   nonuniform List<scalar> 
1740
(
1.56996e-08
7.83765e-08
1.93296e-09
2.26795e-08
2.5095e-09
1.59892e-08
2.01131e-09
-2.28801e-10
1.87498e-09
2.77386e-10
2.26815e-09
1.61922e-10
2.17233e-09
8.8371e-11
2.12044e-09
4.41478e-11
2.09742e-09
1.76312e-11
2.0922e-09
1.67162e-12
2.09734e-09
-7.59716e-12
2.10765e-09
-1.21965e-11
2.11926e-09
-1.31797e-11
2.12895e-09
-1.11003e-11
2.13388e-09
-6.25123e-12
2.13138e-09
1.21593e-12
2.11884e-09
1.12415e-11
2.09369e-09
2.38324e-11
2.05327e-09
3.90495e-11
1.99485e-09
5.69992e-11
1.91559e-09
7.78015e-11
1.81266e-09
1.01527e-10
1.68331e-09
1.28116e-10
1.52516e-09
1.57264e-10
1.33664e-09
1.8828e-10
1.11741e-09
2.19931e-10
8.68983e-10
2.50338e-10
5.95241e-10
2.77002e-10
3.02665e-10
2.97073e-10
3.07925e-10
4.51071e-08
1.27352e-07
3.00084e-08
6.29699e-08
1.94704e-08
2.14366e-08
2.15221e-09
-5.62998e-11
1.91674e-09
5.61045e-10
2.23135e-09
2.8493e-10
2.13023e-09
1.47411e-10
2.09159e-09
7.05883e-11
2.0796e-09
2.47048e-11
2.08185e-09
-3.35256e-12
2.09216e-09
-1.98672e-11
2.10636e-09
-2.80088e-11
2.12118e-09
-2.94205e-11
2.13372e-09
-2.4971e-11
2.14132e-09
-1.51224e-11
2.1414e-09
-1.23907e-13
2.13146e-09
1.99198e-11
2.10896e-09
4.50324e-11
2.07127e-09
7.53592e-11
2.01567e-09
1.11147e-10
1.93927e-09
1.52683e-10
1.83908e-09
2.00193e-10
1.71209e-09
2.53678e-10
1.55556e-09
3.12669e-10
1.36736e-09
3.75933e-10
1.1466e-09
4.41119e-10
8.94286e-10
5.04441e-10
6.1409e-10
5.60622e-10
3.12777e-10
6.03381e-10
6.26686e-10
8.3479e-09
1.88888e-07
-2.08672e-09
7.51999e-08
3.11524e-10
1.26631e-08
1.26441e-09
6.39825e-11
1.83781e-09
4.80945e-10
1.99775e-09
2.71144e-10
2.02591e-09
1.45754e-10
2.03608e-09
6.60866e-11
2.04753e-09
1.39493e-11
2.06346e-09
-1.99214e-11
2.08307e-09
-4.05091e-11
2.10446e-09
-5.05485e-11
2.12537e-09
-5.15221e-11
2.14343e-09
-4.42353e-11
2.15626e-09
-2.91401e-11
2.16146e-09
-6.51001e-12
2.15664e-09
2.35269e-11
2.13939e-09
6.10179e-11
2.10719e-09
1.06212e-10
2.0573e-09
1.59552e-10
1.98676e-09
2.21599e-10
1.8923e-09
2.92895e-10
1.77042e-09
3.73735e-10
1.6176e-09
4.63807e-10
1.43065e-09
5.61685e-10
1.20736e-09
6.6419e-10
9.47487e-10
7.65687e-10
6.5405e-10
8.5766e-10
3.34327e-10
9.2914e-10
9.68752e-10
2.8394e-09
3.01843e-07
1.6044e-09
6.39686e-08
1.35819e-09
1.81464e-08
1.21258e-09
7.84527e-11
1.81374e-09
2.32412e-10
1.87352e-09
1.7317e-10
1.9396e-09
9.83717e-11
1.9793e-09
3.40529e-11
2.01097e-09
-1.50728e-11
2.04137e-09
-4.97687e-11
2.07221e-09
-7.16935e-11
2.10304e-09
-8.21462e-11
2.13241e-09
-8.18826e-11
2.15839e-09
-7.13034e-11
2.17883e-09
-5.06885e-11
2.19152e-09
-2.03007e-11
2.19426e-09
1.96823e-11
2.1848e-09
6.93038e-11
2.16079e-09
1.28924e-10
2.11959e-09
1.99251e-10
2.05815e-09
2.81261e-10
1.97292e-09
3.76053e-10
1.85971e-09
4.84561e-10
1.71382e-09
6.07129e-10
1.53031e-09
7.42795e-10
1.30466e-09
8.88243e-10
1.03422e-09
1.03643e-09
7.20286e-10
1.17518e-09
3.70483e-10
1.28676e-09
1.35043e-09
6.71239e-09
4.09492e-07
3.72553e-09
5.8956e-08
1.96031e-09
2.13083e-08
1.24116e-09
9.83749e-11
1.80053e-09
1.0507e-10
1.81527e-09
9.07897e-11
1.87968e-09
4.05117e-11
1.93056e-09
-1.31709e-11
1.97569e-09
-5.85186e-11
2.01885e-09
-9.23784e-11
2.06137e-09
-1.14346e-10
2.10308e-09
-1.24455e-10
2.14283e-09
-1.22555e-10
2.17888e-09
-1.08404e-10
2.20914e-09
-8.20076e-11
2.23154e-09
-4.36848e-11
2.24406e-09
6.19997e-12
2.24477e-09
6.75855e-11
2.23159e-09
1.40924e-10
2.20212e-09
2.2726e-10
2.15336e-09
3.2813e-10
2.08151e-09
4.45476e-10
1.98167e-09
5.81314e-10
1.84767e-09
7.37342e-10
1.67209e-09
9.14104e-10
1.44676e-09
1.10954e-09
1.16447e-09
1.3166e-09
8.22398e-10
1.51989e-09
4.27324e-10
1.69227e-09
1.79579e-09
1.25129e-08
5.09853e-07
4.67725e-09
6.15283e-08
2.23769e-09
2.98249e-08
1.30153e-09
1.44696e-10
1.77547e-09
8.5216e-11
1.78284e-09
4.44149e-11
1.83327e-09
-1.39389e-11
1.88756e-09
-6.87249e-11
1.94237e-09
-1.13448e-10
1.99698e-09
-1.46876e-10
2.05135e-09
-1.68856e-10
2.10507e-09
-1.78781e-10
2.15698e-09
-1.75471e-10
2.20514e-09
-1.57748e-10
2.24732e-09
-1.25253e-10
2.28142e-09
-7.86332e-11
2.30568e-09
-1.87852e-11
2.31862e-09
5.39064e-11
2.31868e-09
1.3993e-10
2.30391e-09
2.40722e-10
2.27165e-09
3.5854e-10
2.21808e-09
4.96397e-10
2.13778e-09
6.57875e-10
2.02311e-09
8.46832e-10
1.86362e-09
1.06675e-09
1.64583e-09
1.31921e-09
1.35451e-09
1.60055e-09
9.77515e-10
1.8955e-09
5.16413e-10
2.16665e-09
2.34465e-09
6.81455e-09
5.86964e-07
-1.05293e-09
6.93741e-08
3.8151e-10
2.27504e-08
1.32518e-09
3.50771e-10
1.73825e-09
1.40002e-10
1.73744e-09
1.55971e-11
1.78301e-09
-7.19526e-11
1.84406e-09
-1.34343e-10
1.90925e-09
-1.79674e-10
1.97534e-09
-2.12823e-10
2.04196e-09
-2.35415e-10
2.10889e-09
-2.46345e-10
2.17486e-09
-2.42799e-10
2.23739e-09
-2.2186e-10
2.29358e-09
-1.82625e-10
2.34112e-09
-1.2681e-10
2.37863e-09
-5.66079e-11
2.40535e-09
2.68982e-11
2.42059e-09
1.24186e-10
2.42321e-09
2.37148e-10
2.41126e-09
3.68919e-10
2.38139e-09
5.23712e-10
2.32826e-09
7.06958e-10
2.24337e-09
9.25361e-10
2.11346e-09
1.18688e-09
1.91844e-09
1.49999e-09
1.63021e-09
1.8709e-09
1.21674e-09
2.2949e-09
6.60812e-10
2.73416e-09
3.07153e-09
-3.95242e-09
6.61611e-07
-6.72087e-09
6.90222e-08
8.97582e-10
3.39538e-09
1.27477e-09
5.04508e-10
1.62902e-09
1.39599e-10
1.64838e-09
-5.00737e-11
1.71728e-09
-1.55123e-10
1.7964e-09
-2.17025e-10
1.87525e-09
-2.5808e-10
1.95318e-09
-2.89326e-10
2.03224e-09
-3.13629e-10
2.11368e-09
-3.28386e-10
2.1962e-09
-3.27525e-10
2.27596e-09
-3.04272e-10
2.34847e-09
-2.56581e-10
2.41084e-09
-1.89368e-10
2.46237e-09
-1.07727e-10
2.50357e-09
-1.3891e-11
2.53511e-09
9.2761e-11
2.5571e-09
2.14782e-10
2.56876e-09
3.56251e-10
2.56796e-09
5.22573e-10
2.5505e-09
7.20883e-10
2.50866e-09
9.60771e-10
2.42842e-09
1.25539e-09
2.28424e-09
1.62298e-09
2.03115e-09
2.08815e-09
1.59843e-09
2.67903e-09
9.10095e-10
3.40358e-09
4.13579e-09
1.66635e-08
7.21634e-07
-9.30412e-10
9.91171e-08
5.30062e-10
1.61659e-10
1.05115e-09
2.27377e-10
1.33616e-09
-3.33845e-11
1.51e-09
-2.00366e-10
1.64134e-09
-2.81438e-10
1.74902e-09
-3.20551e-10
1.84216e-09
-3.46297e-10
1.92988e-09
-3.72765e-10
2.02015e-09
-4.014e-10
2.11738e-09
-4.26041e-10
2.2203e-09
-4.34644e-10
2.32179e-09
-4.11122e-10
2.4135e-09
-3.50059e-10
2.49142e-09
-2.66356e-10
2.55644e-09
-1.71057e-10
2.61144e-09
-6.74806e-11
2.65914e-09
4.59247e-11
2.70132e-09
1.72983e-10
2.73875e-09
3.18726e-10
2.7712e-09
4.89428e-10
2.7971e-09
6.93224e-10
2.81236e-09
9.41453e-10
2.80732e-09
1.25093e-09
2.75895e-09
1.6484e-09
2.61174e-09
2.17969e-09
2.23573e-09
2.92951e-09
1.38114e-09
4.06534e-09
5.93224e-09
1.5449e-08
8.12602e-07
3.21773e-09
1.08502e-07
4.62169e-10
3.18078e-09
8.9102e-10
-6.53631e-11
1.1815e-09
-3.05737e-10
1.41414e-09
-4.36576e-10
1.58905e-09
-4.49712e-10
1.71618e-09
-4.37448e-10
1.81449e-09
-4.33794e-10
1.90403e-09
-4.54037e-10
2.00109e-09
-4.93172e-10
2.11541e-09
-5.39734e-10
2.24582e-09
-5.73886e-10
2.37741e-09
-5.55516e-10
2.49231e-09
-4.66185e-10
2.58487e-09
-3.54942e-10
2.66052e-09
-2.42683e-10
2.72663e-09
-1.30892e-10
2.78872e-09
-1.45602e-11
2.85028e-09
1.12482e-10
2.91369e-09
2.56254e-10
2.98099e-09
4.23183e-10
3.05436e-09
6.21138e-10
3.13639e-09
8.60893e-10
3.22953e-09
1.15849e-09
3.33253e-09
1.54001e-09
3.42111e-09
2.05268e-09
3.35162e-09
2.79399e-09
2.37873e-09
3.99602e-09
6.29546e-09
1.60246e-08
8.15096e-07
8.41486e-09
1.14996e-07
2.42294e-09
1.58928e-08
7.26037e-10
6.37385e-09
1.10789e-09
-2.71218e-10
1.376e-09
-4.82413e-10
1.58453e-09
-6.51655e-10
1.71217e-09
-5.45744e-10
1.7956e-09
-4.97389e-10
1.87065e-09
-5.16418e-10
1.96478e-09
-5.77515e-10
2.09733e-09
-6.65836e-10
2.27018e-09
-7.65648e-10
2.4497e-09
-7.70876e-10
2.59343e-09
-6.04223e-10
2.69526e-09
-4.44547e-10
2.77415e-09
-3.1382e-10
2.84582e-09
-1.98867e-10
2.9188e-09
-8.57197e-11
2.99739e-09
3.52543e-11
3.08476e-09
1.7063e-10
3.1847e-09
3.25924e-10
3.30298e-09
5.0726e-10
3.4493e-09
7.22493e-10
3.6419e-09
9.82132e-10
3.92053e-09
1.30048e-09
4.38854e-09
1.69703e-09
5.37092e-09
2.19774e-09
8.08228e-09
2.82929e-09
3.56642e-09
5.72956e-09
8.39382e-07
2.37558e-08
8.74314e-08
1.84735e-08
1.66773e-08
8.18402e-09
9.39537e-09
8.79539e-10
4.28407e-09
1.40322e-09
-3.32551e-10
1.66091e-09
-5.39578e-10
1.75237e-09
-6.30452e-10
1.78509e-09
-4.93601e-10
1.81818e-09
-5.36732e-10
1.89005e-09
-6.34633e-10
2.03896e-09
-7.80444e-10
2.28786e-09
-1.052e-09
2.55777e-09
-1.15812e-09
2.73645e-09
-7.35277e-10
2.82858e-09
-5.05194e-10
2.89499e-09
-3.69178e-10
2.96375e-09
-2.65024e-10
3.04325e-09
-1.6471e-10
3.13572e-09
-5.63588e-11
3.24326e-09
6.50916e-11
3.37008e-09
2.0263e-10
3.52355e-09
3.59491e-10
3.71593e-09
5.39688e-10
3.96826e-09
7.47056e-10
4.31912e-09
9.82726e-10
4.84161e-09
1.23723e-09
5.66124e-09
1.47063e-09
6.87018e-09
1.55695e-09
1.10962e-09
7.74572e-08
7.47646e-07
2.69364e-08
1.36182e-07
1.69894e-08
4.77067e-08
1.76563e-08
3.72706e-08
2.47847e-08
3.29957e-08
1.52343e-08
1.77187e-08
1.55464e-09
1.84217e-08
1.85958e-09
-3.73352e-10
1.7742e-09
-3.36336e-10
1.72695e-09
-3.95646e-10
1.73827e-09
-4.92395e-10
1.8806e-09
-6.3166e-10
2.28453e-09
-9.75907e-10
2.75709e-09
-1.37504e-09
2.96601e-09
-6.78509e-10
2.98764e-09
-4.79294e-10
3.01347e-09
-4.03657e-10
3.07093e-09
-3.3954e-10
3.15473e-09
-2.6327e-10
3.25897e-09
-1.70684e-10
3.38249e-09
-6.36292e-11
3.52881e-09
5.61867e-11
3.70522e-09
1.88615e-10
3.92261e-09
3.34855e-10
4.19607e-09
4.94531e-10
4.54609e-09
6.62848e-10
4.99755e-09
8.18751e-10
5.56225e-09
9.12367e-10
6.16157e-09
8.37314e-10
4.28364e-10
5.37798e-07
2.13508e-07
5.06966e-07
1.20222e-07
4.6987e-07
7.92673e-08
4.17732e-07
9.70511e-08
2.62512e-07
1.35638e-07
1.60541e-07
1.1803e-07
7.00416e-08
1.05431e-07
1.61347e-09
6.2886e-08
1.75916e-09
8.08602e-09
1.57713e-09
2.24964e-09
1.45547e-09
2.39563e-09
1.46065e-09
6.59969e-09
2.21255e-09
4.45105e-08
3.22002e-09
5.61405e-10
3.38288e-09
-3.07471e-10
3.14247e-09
-2.90814e-10
3.10031e-09
-2.94949e-10
3.15178e-09
-2.77119e-10
3.24578e-09
-2.3643e-10
3.36293e-09
-1.77972e-10
3.49892e-09
-1.08008e-10
3.65743e-09
-3.12553e-11
3.84593e-09
5.03946e-11
4.07322e-09
1.36969e-10
4.3473e-09
2.27269e-10
4.67163e-09
3.18688e-10
5.04024e-09
3.98959e-10
5.42863e-09
4.35477e-10
5.76331e-09
3.70418e-10
1.68773e-10
3.53456e-07
-1.39914e-07
5.65228e-07
-7.63137e-08
6.19604e-07
1.76855e-08
6.61839e-07
7.25275e-08
6.51714e-07
1.48442e-07
5.83885e-07
1.67508e-07
4.98807e-07
1.62318e-07
4.32572e-07
1.24149e-07
4.16314e-07
3.50474e-08
4.09218e-07
1.37209e-08
3.76358e-07
1.90501e-08
3.60233e-07
3.71264e-08
2.0245e-07
1.33802e-07
1.14026e-08
1.09576e-07
2.96938e-09
1.78086e-08
2.51e-09
9.17828e-10
2.42843e-09
-2.79434e-09
2.46072e-09
-4.62259e-09
2.52401e-09
-6.07948e-09
2.58137e-09
-7.4537e-09
2.62553e-09
-8.69533e-09
2.67305e-09
-9.74398e-09
2.73188e-09
-1.06679e-08
2.80866e-09
-1.16821e-08
2.92803e-09
-1.30981e-08
3.14631e-09
-1.49919e-08
3.39978e-09
-1.67878e-08
3.54629e-09
-1.67501e-08
4.13269e-09
-1.32995e-08
-5.37879e-09
6.62713e-08
-2.07918e-07
1.42602e-07
-1.50043e-07
1.99079e-07
-6.66712e-08
3.03302e-07
-8.66091e-09
4.30877e-07
4.40612e-08
5.24195e-07
8.89097e-08
5.8524e-07
1.08041e-07
6.20358e-07
9.21048e-08
6.11916e-07
4.86786e-08
6.10242e-07
2.69518e-08
5.76672e-07
3.8349e-08
5.65968e-07
6.57991e-08
5.46403e-07
1.5011e-07
4.84657e-07
1.78849e-07
4.86123e-07
4.30523e-08
4.87635e-07
-6.45831e-10
4.98609e-07
-1.7219e-08
5.19348e-07
-2.6943e-08
5.49161e-07
-3.51197e-08
5.87574e-07
-4.2885e-08
6.33436e-07
-4.98968e-08
6.85475e-07
-5.577e-08
7.42612e-07
-6.07983e-08
8.05507e-07
-6.6111e-08
8.75054e-07
-7.33836e-08
9.54176e-07
-8.35078e-08
1.03982e-06
-9.46333e-08
1.12762e-06
-9.85309e-08
1.19341e-06
-8.24956e-08
-3.50524e-08
5.99664e-08
-2.86501e-07
1.12659e-07
-2.03161e-07
1.78575e-07
-1.34447e-07
2.46994e-07
-7.14055e-08
3.27844e-07
-2.54256e-08
4.13049e-07
1.24742e-08
4.87683e-07
3.60682e-08
5.37056e-07
4.00962e-08
5.4946e-07
3.25394e-08
5.5028e-07
2.65396e-08
5.50478e-07
3.66416e-08
5.69922e-07
5.69928e-08
6.42621e-07
8.87729e-08
7.03255e-07
9.43182e-08
7.27793e-07
2.80637e-08
7.55661e-07
-2.22663e-08
7.92047e-07
-5.33562e-08
8.40212e-07
-7.56992e-08
9.00549e-07
-9.50892e-08
9.72158e-07
-1.12846e-07
1.05288e-06
-1.28084e-07
1.14065e-06
-1.40117e-07
1.233e-06
-1.49326e-07
1.33048e-06
-1.58375e-07
1.43335e-06
-1.70692e-07
1.54825e-06
-1.90482e-07
1.67444e-06
-2.15746e-07
1.81625e-06
-2.3602e-07
1.94177e-06
-2.17415e-07
-1.10895e-07
7.47143e-08
-3.62435e-07
1.51371e-07
-2.85746e-07
2.26675e-07
-2.07454e-07
2.97908e-07
-1.40989e-07
3.61384e-07
-8.75178e-08
4.19537e-07
-4.6558e-08
4.69624e-07
-1.81753e-08
5.0818e-07
-2.80223e-09
5.37084e-07
3.12699e-09
5.63491e-07
4.41127e-09
5.98398e-07
8.54697e-09
6.45884e-07
1.4701e-08
7.21726e-07
1.63512e-08
8.06233e-07
2.07823e-09
8.72876e-07
-3.65903e-08
9.38204e-07
-8.2466e-08
1.01106e-06
-1.22463e-07
1.09423e-06
-1.55778e-07
1.18646e-06
-1.83789e-07
1.28423e-06
-2.0661e-07
1.38415e-06
-2.23596e-07
1.48273e-06
-2.34664e-07
1.57815e-06
-2.40751e-07
1.66809e-06
-2.44719e-07
1.75426e-06
-2.51912e-07
1.83972e-06
-2.69976e-07
1.93366e-06
-3.00735e-07
2.0509e-06
-3.45451e-07
2.19362e-06
-3.63735e-07
-2.65265e-07
1.18486e-07
-4.87178e-07
2.22287e-07
-3.75979e-07
3.16913e-07
-2.94742e-07
3.97797e-07
-2.19146e-07
4.66293e-07
-1.54892e-07
5.26676e-07
-1.06293e-07
5.81809e-07
-7.24086e-08
6.33727e-07
-5.22072e-08
6.84811e-07
-4.33372e-08
7.37582e-07
-4.23643e-08
7.97224e-07
-4.54062e-08
8.67985e-07
-5.25411e-08
9.53563e-07
-6.76428e-08
1.04805e-06
-9.25329e-08
1.14011e-06
-1.27709e-07
1.22959e-06
-1.69339e-07
1.31924e-06
-2.09268e-07
1.40822e-06
-2.42404e-07
1.49295e-06
-2.66823e-07
1.56974e-06
-2.82416e-07
1.63659e-06
-2.90272e-07
1.69344e-06
-2.92355e-07
1.74137e-06
-2.90406e-07
1.77726e-06
-2.83345e-07
1.80322e-06
-2.79038e-07
1.81436e-06
-2.8184e-07
1.82606e-06
-3.05385e-07
1.85395e-06
-3.60926e-07
1.95095e-06
-4.388e-07
-5.38665e-07
2.32169e-07
-6.75148e-07
4.05971e-07
-5.32383e-07
5.09606e-07
-3.95795e-07
5.78025e-07
-2.88366e-07
6.31367e-07
-2.0879e-07
6.79889e-07
-1.5456e-07
7.27979e-07
-1.19199e-07
7.77446e-07
-9.96839e-08
8.28428e-07
-9.20683e-08
8.82131e-07
-9.41929e-08
9.41523e-07
-1.03684e-07
1.00969e-06
-1.20642e-07
1.08625e-06
-1.45064e-07
1.16812e-06
-1.75515e-07
1.24953e-06
-2.09857e-07
1.325e-06
-2.44532e-07
1.39116e-06
-2.7478e-07
1.44456e-06
-2.95465e-07
1.48321e-06
-3.05805e-07
1.50821e-06
-3.08268e-07
1.5209e-06
-3.0439e-07
1.52745e-06
-2.99631e-07
1.52801e-06
-2.92892e-07
1.52406e-06
-2.80685e-07
1.51027e-06
-2.66888e-07
1.47435e-06
-2.44551e-07
1.43752e-06
-2.59509e-07
1.39427e-06
-3.12336e-07
1.57881e-06
-5.04157e-07
-9.73302e-07
8.53628e-07
-6.53924e-07
7.82651e-07
-5.06007e-07
7.35254e-07
-3.68922e-07
7.09562e-07
-2.72169e-07
7.0294e-07
-2.06223e-07
7.10994e-07
-1.64302e-07
7.29466e-07
-1.37872e-07
7.55452e-07
-1.25694e-07
7.87045e-07
-1.23457e-07
8.25042e-07
-1.32121e-07
8.70689e-07
-1.48849e-07
9.25605e-07
-1.7497e-07
9.88077e-07
-2.06708e-07
1.05624e-06
-2.42492e-07
1.12501e-06
-2.77387e-07
1.18825e-06
-3.0618e-07
1.23986e-06
-3.24866e-07
1.27343e-06
-3.27523e-07
1.29078e-06
-3.20798e-07
1.2946e-06
-3.10043e-07
1.29032e-06
-2.9774e-07
1.2825e-06
-2.89037e-07
1.26355e-06
-2.71913e-07
1.2543e-06
-2.6812e-07
1.22183e-06
-2.45917e-07
1.1745e-06
-1.8612e-07
1.08882e-06
-1.85805e-07
1.02498e-06
-2.36256e-07
7.88876e-07
-4.19661e-07
-6.86714e-07
7.23333e-07
-4.52373e-07
6.11136e-07
-3.79166e-07
5.6466e-07
-3.12996e-07
5.56919e-07
-2.57489e-07
5.69622e-07
-2.13094e-07
5.91885e-07
-1.82772e-07
6.20536e-07
-1.62951e-07
6.5375e-07
-1.56675e-07
6.92485e-07
-1.5923e-07
7.37683e-07
-1.75221e-07
7.89789e-07
-1.97914e-07
8.49469e-07
-2.32673e-07
9.13549e-07
-2.68635e-07
9.81551e-07
-3.09265e-07
1.04621e-06
-3.41674e-07
1.10347e-06
-3.63181e-07
1.14229e-06
-3.65025e-07
1.15685e-06
-3.427e-07
1.15158e-06
-3.14791e-07
1.12563e-06
-2.83045e-07
1.10138e-06
-2.71941e-07
1.06224e-06
-2.57185e-07
1.00596e-06
-2.08472e-07
9.66112e-07
-2.28655e-07
9.11252e-07
-2.22881e-07
8.30732e-07
-1.02793e-07
7.20786e-07
-8.58048e-08
5.87707e-07
-1.16633e-07
3.04075e-07
-1.75334e-07
-6.95974e-08
8.25116e-07
-3.60685e-07
7.78872e-07
-3.37869e-07
7.55987e-07
-3.00071e-07
7.45541e-07
-2.5682e-07
7.43834e-07
-2.18599e-07
7.45789e-07
-1.90807e-07
7.52754e-07
-1.73855e-07
7.62238e-07
-1.70406e-07
7.77235e-07
-1.76637e-07
7.9607e-07
-1.9786e-07
8.20982e-07
-2.24598e-07
8.51788e-07
-2.67118e-07
8.87029e-07
-3.05143e-07
9.28009e-07
-3.53027e-07
9.6512e-07
-3.8007e-07
9.93995e-07
-3.93755e-07
9.92569e-07
-3.67027e-07
9.71745e-07
-3.22172e-07
9.26369e-07
-2.73357e-07
8.58762e-07
-2.06665e-07
8.11128e-07
-2.18297e-07
7.38706e-07
-2.1485e-07
6.62101e-07
-1.07567e-07
5.81443e-07
-1.35133e-07
4.97361e-07
-1.09354e-07
4.40912e-07
-2.80359e-08
3.60061e-07
-1.77363e-08
2.54479e-07
-2.39571e-08
9.88735e-08
-3.77338e-08
-3.10893e-09
8.39116e-07
-2.85062e-07
7.729e-07
-2.69561e-07
7.1916e-07
-2.45287e-07
6.79932e-07
-2.16429e-07
6.54472e-07
-1.91756e-07
6.38498e-07
-1.72917e-07
6.32064e-07
-1.64652e-07
6.30844e-07
-1.66574e-07
6.39105e-07
-1.80465e-07
6.51869e-07
-2.07525e-07
6.76182e-07
-2.42372e-07
7.05633e-07
-2.93453e-07
7.42957e-07
-3.346e-07
7.83365e-07
-3.91079e-07
8.14109e-07
-4.0481e-07
8.1867e-07
-4.00581e-07
7.78227e-07
-3.25663e-07
7.33647e-07
-2.72132e-07
6.57926e-07
-2.23054e-07
5.78653e-07
-1.00806e-07
5.01799e-07
-1.28058e-07
4.03827e-07
-1.00927e-07
3.55695e-07
-2.73491e-08
1.88211e-07
-3.6795e-08
1.58178e-08
-3.2577e-09
4.98981e-09
-1.77354e-09
3.67508e-09
-2.33534e-09
2.07092e-09
-2.83883e-09
2.90104e-10
-3.32092e-09
-3.28013e-09
8.52418e-07
-2.2297e-07
7.99327e-07
-2.14753e-07
7.56511e-07
-2.02591e-07
7.2561e-07
-1.86384e-07
7.04058e-07
-1.72356e-07
6.90017e-07
-1.60458e-07
6.81753e-07
-1.5841e-07
6.76861e-07
-1.6307e-07
6.78098e-07
-1.82981e-07
6.79818e-07
-2.11218e-07
6.91593e-07
-2.54653e-07
6.99415e-07
-3.05685e-07
7.16261e-07
-3.51111e-07
7.27118e-07
-4.08439e-07
7.16069e-07
-3.96029e-07
6.56632e-07
-3.60204e-07
5.70633e-07
-2.46249e-07
4.83011e-07
-1.71116e-07
3.80519e-07
-1.01198e-07
3.28818e-07
-2.25201e-08
1.69911e-07
-3.49378e-08
1.24332e-08
-1.9727e-09
3.94288e-09
-8.44658e-10
3.46827e-09
-7.83091e-10
3.87746e-09
-6.52547e-10
3.70294e-09
-1.89246e-09
2.88951e-09
-2.58933e-09
1.81244e-09
-3.1253e-09
7.11857e-10
-3.52627e-09
-3.10921e-09
8.61648e-07
-1.70553e-07
8.14338e-07
-1.66229e-07
7.71317e-07
-1.59526e-07
7.35349e-07
-1.50114e-07
7.03842e-07
-1.41952e-07
6.78601e-07
-1.34928e-07
6.54949e-07
-1.35972e-07
6.35051e-07
-1.41799e-07
6.15581e-07
-1.63732e-07
5.98204e-07
-1.90537e-07
5.88375e-07
-2.42093e-07
5.75139e-07
-2.8814e-07
5.81493e-07
-3.48997e-07
5.65673e-07
-3.91975e-07
5.14714e-07
-3.40109e-07
4.02953e-07
-2.62409e-07
3.02722e-07
-1.03649e-07
1.49342e-07
-5.05802e-08
5.7345e-09
-5.67744e-10
3.47095e-09
-5.97863e-10
3.14178e-09
-2.80937e-10
3.66605e-09
6.7117e-11
3.63428e-09
-7.35299e-10
3.37985e-09
-8.69245e-10
3.28437e-09
-9.30252e-10
2.97571e-09
-1.46573e-09
2.3675e-09
-1.93819e-09
1.57747e-09
-2.30367e-09
7.44886e-10
-2.52131e-09
-2.48026e-09
8.67229e-07
-1.23965e-07
8.23569e-07
-1.21785e-07
7.82188e-07
-1.18036e-07
7.45528e-07
-1.13143e-07
7.11397e-07
-1.08727e-07
6.82366e-07
-1.0576e-07
6.52664e-07
-1.07995e-07
6.26865e-07
-1.15098e-07
5.96386e-07
-1.35221e-07
5.7083e-07
-1.61809e-07
5.43361e-07
-2.15554e-07
5.18416e-07
-2.58229e-07
5.07339e-07
-3.36691e-07
4.40586e-07
-3.36311e-07
3.23975e-07
-2.40279e-07
1.50206e-07
-1.03209e-07
2.073e-08
-5.20151e-09
3.66617e-09
-1.77776e-10
3.6594e-09
1.52345e-10
3.4871e-09
-4.50611e-10
3.33577e-09
-2.9708e-10
3.39324e-09
-1.66514e-10
3.32123e-09
-4.66127e-10
3.13244e-09
-6.46553e-10
2.90445e-09
-8.12065e-10
2.54805e-09
-1.10208e-09
2.02731e-09
-1.39405e-09
1.38504e-09
-1.6299e-09
6.90223e-10
-1.77503e-09
-1.81027e-09
8.7067e-07
-8.09603e-08
8.29274e-07
-7.99515e-08
7.89316e-07
-7.79395e-08
7.51921e-07
-7.56545e-08
7.15969e-07
-7.33631e-08
6.82663e-07
-7.26059e-08
6.47646e-07
-7.44258e-08
6.13674e-07
-8.08246e-08
5.71158e-07
-9.48567e-08
5.29564e-07
-1.17405e-07
4.72584e-07
-1.59937e-07
4.26551e-07
-2.00941e-07
3.73929e-07
-2.81961e-07
2.56299e-07
-2.27497e-07
9.54882e-08
-8.56897e-08
2.82214e-09
8.19455e-11
3.65956e-09
2.54722e-10
3.60544e-09
-3.13037e-12
3.53196e-09
5.85125e-12
3.42656e-09
-1.76036e-10
3.32096e-09
-1.9073e-10
3.24988e-09
-1.96658e-10
3.12498e-09
-3.16167e-10
2.92424e-09
-4.3878e-10
2.65294e-09
-5.69374e-10
2.28472e-09
-7.36461e-10
1.80864e-09
-9.06029e-10
1.24516e-09
-1.04682e-09
6.30977e-10
-1.13865e-09
-1.1755e-09
8.7265e-07
-4.00104e-08
8.32532e-07
-3.96312e-08
7.93506e-07
-3.87487e-08
7.55625e-07
-3.78916e-08
7.18812e-07
-3.69072e-08
6.82655e-07
-3.69382e-08
6.44965e-07
-3.78591e-08
6.05323e-07
-4.17035e-08
5.56877e-07
-4.84921e-08
5.02229e-07
-6.19564e-08
4.24188e-07
-8.45664e-08
3.51137e-07
-1.18055e-07
2.44653e-07
-1.74015e-07
8.07287e-08
-8.44535e-08
2.47389e-09
7.03254e-11
3.33873e-09
2.95317e-10
3.41643e-09
1.72813e-10
3.462e-09
4.10683e-11
3.43641e-09
-5.43386e-12
3.36621e-09
-6.86541e-11
3.27164e-09
-9.31517e-11
3.16033e-09
-1.13227e-10
3.00456e-09
-1.63103e-10
2.78659e-09
-2.2302e-10
2.49837e-09
-2.90189e-10
2.12924e-09
-3.68357e-10
1.67737e-09
-4.46775e-10
1.15599e-09
-5.12709e-10
5.88529e-10
-5.57235e-10
-5.77578e-10
8.73571e-07
8.33998e-07
7.95478e-07
7.57267e-07
7.20256e-07
6.82421e-07
6.43974e-07
6.00767e-07
5.5118e-07
4.87515e-07
4.0148e-07
2.83323e-07
1.06389e-07
1.96873e-09
2.87428e-09
3.15907e-09
3.32174e-09
3.38974e-09
3.38546e-09
3.33024e-09
3.23904e-09
3.11523e-09
2.94633e-09
2.7192e-09
2.42469e-09
2.05651e-09
1.6156e-09
1.11291e-09
5.67147e-10
)
;

boundaryField
{
    inlet1
    {
        type            calculated;
        value           nonuniform List<scalar> 10(-1e-07 -1e-07 -1e-07 -1e-07 -1e-07 -1e-07 -1e-07 -1e-07 -1e-07 -1e-07);
    }
    inlet2
    {
        type            calculated;
        value           uniform 0;
    }
    inlet3
    {
        type            calculated;
        value           nonuniform List<scalar> 10(-9.13394e-07 -9.13394e-07 -9.13394e-07 -9.13394e-07 -9.13394e-07 -9.13394e-07 -9.13394e-07 -9.13394e-07 -9.13394e-07 -9.13394e-07);
    }
    output1
    {
        type            calculated;
        value           uniform 0;
    }
    output2
    {
        type            calculated;
        value           nonuniform List<scalar> 10(1.32006e-08 8.36617e-09 6.69402e-09 5.99575e-09 4.72131e-09 1.2253e-06 2.01372e-06 2.33e-06 2.2032e-06 2.32276e-06);
    }
    output3
    {
        type            calculated;
        value           uniform -0;
    }
    up
    {
        type            calculated;
        value           uniform 0;
    }
    down
    {
        type            calculated;
        value           uniform 0;
    }
    emptyWalls
    {
        type            empty;
        value           nonuniform List<scalar> 0();
    }
}


// ************************************************************************* //
