/*--------------------------------*- C++ -*----------------------------------*\
  =========                 |
  \\      /  F ield         | OpenFOAM: The Open Source CFD Toolbox
   \\    /   O peration     | Website:  https://openfoam.org
    \\  /    A nd           | Version:  9
     \\/     M anipulation  |
\*---------------------------------------------------------------------------*/
FoamFile
{
    format      ascii;
    class       volScalarField;
    location    "14000";
    object      Sw;
}
// * * * * * * * * * * * * * * * * * * * * * * * * * * * * * * * * * * * * * //

dimensions      [0 0 0 0 0 0 0];

internalField   nonuniform List<scalar> 
900
(
0.70161
0.491102
0.486217
0.408006
0.151435
0.15
0.15
0.15
0.15
0.15
0.15
0.15
0.15
0.15
0.15
0.15
0.15
0.15
0.15
0.15
0.15
0.15
0.15
0.15
0.15
0.15
0.15
0.15
0.15
0.15
0.774006
0.704692
0.865989
0.400968
0.150192
0.15
0.15
0.15
0.15
0.15
0.15
0.15
0.15
0.15
0.15
0.15
0.15
0.15
0.15
0.15
0.15
0.15
0.15
0.15
0.15
0.15
0.15
0.15
0.15
0.15
0.70916
0.697715
0.562743
0.320638
0.150037
0.15
0.15
0.15
0.15
0.15
0.15
0.15
0.15
0.15
0.15
0.15
0.15
0.15
0.15
0.15
0.15
0.15
0.15
0.15
0.15
0.15
0.15
0.15
0.15
0.15
0.727166
0.636828
0.53132
0.282058
0.150005
0.15
0.15
0.15
0.15
0.15
0.15
0.15
0.15
0.15
0.15
0.15
0.15
0.15
0.15
0.15
0.15
0.15
0.15
0.15
0.15
0.15
0.15
0.15
0.15
0.15
0.728849
0.601508
0.539466
0.23823
0.15
0.15
0.15
0.15
0.15
0.15
0.15
0.15
0.15
0.15
0.15
0.15
0.15
0.15
0.15
0.15
0.15
0.15
0.15
0.15
0.15
0.15
0.15
0.15
0.15
0.15
0.736404
0.58998
0.536129
0.18195
0.15
0.15
0.15
0.15
0.15
0.15
0.15
0.15
0.15
0.15
0.15
0.15
0.15
0.15
0.15
0.15
0.15
0.15
0.15
0.15
0.15
0.15
0.15
0.15
0.15
0.15
0.729918
0.582811
0.574849
0.152832
0.15
0.15
0.15
0.15
0.15
0.15
0.15
0.15
0.15
0.15
0.15
0.15
0.15
0.15
0.15
0.15
0.15
0.15
0.15
0.15
0.15
0.15
0.15
0.15
0.15
0.15
0.724857
0.577303
0.453861
0.150269
0.15
0.15
0.15
0.15
0.15
0.15
0.15
0.15
0.15
0.15
0.15
0.15
0.15
0.15
0.15
0.15
0.15
0.15
0.15
0.15
0.15
0.15
0.15
0.15
0.15
0.15
0.730254
0.565885
0.257186
0.150001
0.15
0.15
0.15
0.15
0.15
0.15
0.15
0.15
0.15
0.15
0.15
0.15
0.15
0.15
0.15
0.15
0.15
0.15
0.15
0.15
0.15
0.15
0.15
0.15
0.15
0.15
0.753035
0.629108
0.242102
0.15
0.15
0.15
0.15
0.15
0.15
0.15
0.15
0.15
0.15
0.15
0.15
0.15
0.15
0.15
0.15
0.15
0.15
0.15
0.15
0.15
0.15
0.15
0.15
0.15
0.15
0.15
0.805397
0.626258
0.478859
0.154114
0.15
0.15
0.15
0.15
0.15
0.15
0.15
0.15
0.15
0.15
0.15
0.15
0.15
0.15
0.15
0.15
0.15
0.15
0.15
0.15
0.15
0.15
0.15
0.15
0.15
0.15
0.852862
0.713656
0.569833
0.507953
0.163093
0.150029
0.15
0.15
0.15
0.15
0.15
0.15
0.15
0.15
0.15
0.15
0.15
0.15
0.15
0.15
0.15
0.15
0.15
0.15
0.15
0.15
0.15
0.15
0.15
0.15
0.960041
0.630056
0.519904
0.476534
0.472816
0.476351
0.168041
0.15
0.15
0.15
0.15
0.15
0.15
0.15
0.15
0.15
0.15
0.15
0.15
0.15
0.15
0.15
0.15
0.15
0.15
0.15
0.15
0.15
0.15
0.15
1.01204
0.840604
0.724718
0.685425
0.629599
0.564809
0.532042
0.194951
0.150002
0.150002
0.150001
0.150001
0.150001
0.150001
0.15
0.15
0.15
0.15
0.15
0.15
0.15
0.15
0.15
0.15
0.15
0.15
0.15
0.15
0.15
0.15
0.849443
0.807596
0.74002
0.689879
0.666879
0.63218
0.605898
0.571186
0.56339
0.560664
0.565421
0.559864
0.580625
0.394363
0.182156
0.192651
0.20158
0.20714
0.210495
0.213526
0.218797
0.225201
0.232152
0.240593
0.251119
0.263661
0.277658
0.279386
0.252509
0.190334
0.6416
0.670576
0.628805
0.60569
0.613739
0.610773
0.604402
0.596193
0.592041
0.58489
0.588757
0.576179
0.577377
0.544861
0.535781
0.535696
0.536231
0.536461
0.537005
0.538197
0.539934
0.541855
0.543676
0.545159
0.546422
0.547465
0.548865
0.5503
0.552344
0.55277
0.623433
0.596499
0.59711
0.587747
0.586814
0.589414
0.590446
0.589507
0.586239
0.580474
0.577576
0.57155
0.569031
0.568752
0.563937
0.562562
0.562885
0.563786
0.565147
0.566958
0.569077
0.57118
0.573081
0.574488
0.575559
0.576062
0.576755
0.57725
0.579055
0.579779
0.591767
0.591968
0.589003
0.588888
0.588177
0.58787
0.587359
0.585584
0.582941
0.580128
0.577876
0.576464
0.575324
0.577491
0.577246
0.577282
0.578347
0.580128
0.582203
0.584313
0.586183
0.587727
0.588753
0.589318
0.589159
0.588462
0.586876
0.584983
0.583523
0.583663
0.589114
0.586063
0.59079
0.594853
0.596908
0.597668
0.597714
0.597155
0.596334
0.595436
0.594563
0.594094
0.594112
0.595059
0.595726
0.59615
0.596794
0.597591
0.598231
0.598454
0.598152
0.597353
0.596166
0.594704
0.592702
0.590365
0.5865
0.581745
0.574329
0.569428
0.585631
0.597034
0.605174
0.609245
0.610391
0.610384
0.609851
0.609185
0.608277
0.607144
0.605912
0.604933
0.604384
0.604121
0.60392
0.603441
0.602693
0.601575
0.59994
0.597762
0.595169
0.592141
0.589195
0.586004
0.583269
0.5799
0.575768
0.571369
0.559703
0.549141
0.609696
0.620967
0.620536
0.617087
0.613527
0.611001
0.60885
0.60726
0.605525
0.603939
0.60237
0.601238
0.600452
0.599877
0.59939
0.598551
0.597291
0.59532
0.592552
0.589415
0.58584
0.582344
0.578497
0.574078
0.571841
0.566659
0.564852
0.558541
0.56927
0.580512
0.596319
0.592891
0.592702
0.593646
0.594487
0.595783
0.596353
0.597257
0.597253
0.597723
0.597536
0.597857
0.597701
0.597558
0.596985
0.595671
0.593809
0.590585
0.586784
0.582243
0.576988
0.573246
0.566413
0.560059
0.554456
0.548783
0.545796
0.541458
0.536724
0.483075
0.598755
0.6004
0.603748
0.606636
0.608059
0.608888
0.608358
0.608135
0.606485
0.605749
0.603423
0.602316
0.599658
0.597917
0.594954
0.591741
0.587245
0.580798
0.575592
0.567794
0.560309
0.554717
0.544513
0.537763
0.518785
0.51233
0.511508
0.509152
0.503863
0.320672
0.599433
0.598526
0.598253
0.598032
0.597976
0.597693
0.597175
0.596887
0.595807
0.595859
0.594133
0.594586
0.591946
0.591494
0.587287
0.583357
0.574393
0.564323
0.55705
0.546191
0.539736
0.520862
0.511288
0.518701
0.382582
0.150051
0.15
0.15
0.15
0.15
0.599544
0.598828
0.598976
0.599361
0.600456
0.601018
0.60196
0.602121
0.602303
0.602102
0.600673
0.600216
0.595641
0.593721
0.584749
0.575974
0.557833
0.54493
0.523598
0.515022
0.523351
0.380187
0.150038
0.15
0.15
0.15
0.15
0.15
0.15
0.15
0.599716
0.599207
0.599242
0.599134
0.599807
0.599651
0.600574
0.599719
0.600385
0.598254
0.597648
0.594595
0.59022
0.587133
0.572512
0.555703
0.522539
0.518813
0.34304
0.150005
0.15
0.15
0.15
0.15
0.15
0.15
0.15
0.15
0.15
0.15
0.599812
0.599493
0.599464
0.599383
0.599901
0.599912
0.601019
0.600526
0.60208
0.599842
0.601161
0.595557
0.593508
0.58495
0.560881
0.529375
0.415939
0.150243
0.15
0.15
0.15
0.15
0.15
0.15
0.15
0.15
0.15
0.15
0.15
0.15
0.599866
0.599706
0.599633
0.599679
0.599975
0.600236
0.601064
0.601193
0.602625
0.601155
0.602491
0.59405
0.59269
0.569793
0.529143
0.206331
0.15
0.15
0.15
0.15
0.15
0.15
0.15
0.15
0.15
0.15
0.15
0.15
0.15
0.15
0.599896
0.599844
0.599743
0.599903
0.600043
0.600541
0.601097
0.60191
0.603064
0.60343
0.604711
0.597965
0.594241
0.544543
0.210688
0.15
0.15
0.15
0.15
0.15
0.15
0.15
0.15
0.15
0.15
0.15
0.15
0.15
0.15
0.15
0.59991
0.599913
0.599792
0.600032
0.600063
0.600752
0.601044
0.602434
0.603024
0.605264
0.605617
0.606783
0.597715
0.307007
0.15
0.15
0.15
0.15
0.15
0.15
0.15
0.15
0.15
0.15
0.15
0.15
0.15
0.15
0.15
0.15
)
;

boundaryField
{
    inlet1
    {
        type            fixedValue;
        value           uniform 0.85;
    }
    inlet2
    {
        type            zeroGradient;
    }
    inlet3
    {
        type            fixedValue;
        value           uniform 0.6;
    }
    output1
    {
        type            zeroGradient;
    }
    output2
    {
        type            zeroGradient;
    }
    output3
    {
        type            zeroGradient;
    }
    up
    {
        type            zeroGradient;
    }
    down
    {
        type            zeroGradient;
    }
    emptyWalls
    {
        type            empty;
    }
}


// ************************************************************************* //
