/*--------------------------------*- C++ -*----------------------------------*\
  =========                 |
  \\      /  F ield         | OpenFOAM: The Open Source CFD Toolbox
   \\    /   O peration     | Website:  https://openfoam.org
    \\  /    A nd           | Version:  9
     \\/     M anipulation  |
\*---------------------------------------------------------------------------*/
FoamFile
{
    format      ascii;
    class       volVectorField;
    location    "14000";
    object      ut;
}
// * * * * * * * * * * * * * * * * * * * * * * * * * * * * * * * * * * * * * //

dimensions      [0 1 -1 0 0 0 0];

internalField   nonuniform List<vector> 
900
(
(2.99504e-06 2.23822e-06 -0)
(1.44875e-07 6.12648e-08 -0)
(2.41717e-07 -2.31393e-10 -0)
(2.60184e-07 -2.86342e-08 -0)
(1.42079e-07 6.99977e-09 -0)
(2.32918e-07 7.27756e-09 -0)
(2.20712e-07 4.55881e-09 -0)
(2.13753e-07 2.40082e-09 -0)
(2.10336e-07 1.01653e-09 -0)
(2.09147e-07 1.72168e-10 -0)
(2.09294e-07 -3.18305e-10 -0)
(2.10174e-07 -5.62928e-10 -0)
(2.11357e-07 -6.19802e-10 -0)
(2.12496e-07 -5.19786e-10 -0)
(2.13295e-07 -2.79438e-10 -0)
(2.13482e-07 9.2882e-11 -0)
(2.12794e-07 5.9418e-10 -0)
(2.10974e-07 1.22467e-09 -0)
(2.07763e-07 1.98688e-09 -0)
(2.02891e-07 2.88559e-09 -0)
(1.96078e-07 3.92627e-09 -0)
(1.8704e-07 5.11131e-09 -0)
(1.75492e-07 6.43635e-09 -0)
(1.61169e-07 7.8848e-09 -0)
(1.43864e-07 9.4203e-09 -0)
(1.23465e-07 1.09794e-08 -0)
(1.00017e-07 1.24688e-08 -0)
(7.37792e-08 1.37678e-08 -0)
(4.5269e-08 1.47409e-08 -0)
(1.52639e-08 1.52655e-08 -0)
(6.63627e-06 1.34371e-05 -0)
(2.38514e-06 4.47463e-06 -0)
(3.61655e-06 3.19807e-06 -0)
(2.77527e-07 -1.7126e-08 -0)
(1.52915e-07 4.84774e-08 -0)
(2.30434e-07 2.51068e-08 -0)
(2.15835e-07 1.31154e-08 -0)
(2.10211e-07 6.42874e-09 -0)
(2.08107e-07 2.50972e-09 -0)
(2.07813e-07 1.62156e-10 -0)
(2.08558e-07 -1.20113e-09 -0)
(2.09873e-07 -1.87638e-09 -0)
(2.114e-07 -2.01614e-09 -0)
(2.12836e-07 -1.70028e-09 -0)
(2.13908e-07 -9.70808e-10 -0)
(2.14355e-07 1.50304e-10 -0)
(2.13925e-07 1.65413e-09 -0)
(2.12367e-07 3.5418e-09 -0)
(2.09424e-07 5.82302e-09 -0)
(2.0483e-07 8.51425e-09 -0)
(1.98304e-07 1.1634e-08 -0)
(1.8955e-07 1.5194e-08 -0)
(1.78266e-07 1.91869e-08 -0)
(1.64153e-07 2.35681e-08 -0)
(1.46958e-07 2.82358e-08 -0)
(1.26514e-07 3.30068e-08 -0)
(1.02806e-07 3.75987e-08 -0)
(7.60513e-08 4.16326e-08 -0)
(4.67667e-08 4.46737e-08 -0)
(1.57886e-08 4.63194e-08 -0)
(2.06639e-06 1.20333e-05 -0)
(-3.96811e-07 8.11935e-06 -0)
(-2.05321e-08 1.08925e-06 -0)
(8.28369e-08 5.86603e-09 -0)
(1.70045e-07 6.37316e-08 -0)
(1.97516e-07 3.18792e-08 -0)
(2.02034e-07 1.63669e-08 -0)
(2.03147e-07 7.68892e-09 -0)
(2.04069e-07 2.43124e-09 -0)
(2.05437e-07 -8.32667e-10 -0)
(2.07255e-07 -2.7723e-09 -0)
(2.09359e-07 -3.72538e-09 -0)
(2.11533e-07 -3.86796e-09 -0)
(2.13541e-07 -3.29393e-09 -0)
(2.15146e-07 -2.05368e-09 -0)
(2.16107e-07 -1.75085e-10 -0)
(2.16185e-07 2.32983e-09 -0)
(2.15143e-07 5.46468e-09 -0)
(2.12736e-07 9.24882e-09 -0)
(2.08702e-07 1.37151e-08 -0)
(2.02758e-07 1.89026e-08 -0)
(1.94593e-07 2.48445e-08 -0)
(1.83866e-07 3.15487e-08 -0)
(1.70218e-07 3.89657e-08 -0)
(1.53302e-07 4.69509e-08 -0)
(1.32828e-07 5.52171e-08 -0)
(1.08643e-07 6.32895e-08 -0)
(8.08542e-08 7.04918e-08 -0)
(4.99558e-08 7.60026e-08 -0)
(1.69096e-08 7.90178e-08 -0)
(4.55812e-07 2.57443e-05 -0)
(1.12068e-07 6.92062e-06 -0)
(2.08811e-07 1.44336e-06 -0)
(6.28271e-08 6.93048e-09 -0)
(1.7969e-07 3.24573e-08 -0)
(1.83059e-07 2.23496e-08 -0)
(1.91645e-07 1.27839e-08 -0)
(1.96275e-07 5.5284e-09 -0)
(1.99586e-07 3.58618e-10 -0)
(2.02609e-07 -3.15162e-09 -0)
(2.05666e-07 -5.32951e-09 -0)
(2.08777e-07 -6.38432e-09 -0)
(2.11831e-07 -6.43646e-09 -0)
(2.1465e-07 -5.55313e-09 -0)
(2.17027e-07 -3.77435e-09 -0)
(2.18739e-07 -1.12692e-09 -0)
(2.19565e-07 2.37554e-09 -0)
(2.19286e-07 6.7389e-09 -0)
(2.17675e-07 1.19935e-08 -0)
(2.14484e-07 1.81953e-08 -0)
(2.09434e-07 2.54172e-08 -0)
(2.02196e-07 3.37344e-08 -0)
(1.92387e-07 4.31983e-08 -0)
(1.79555e-07 5.37957e-08 -0)
(1.63209e-07 6.53861e-08 -0)
(1.42852e-07 7.76209e-08 -0)
(1.18081e-07 8.98479e-08 -0)
(8.87644e-08 1.0104e-07 -0)
(5.52928e-08 1.09825e-07 -0)
(1.88038e-08 1.14733e-07 -0)
(9.23468e-07 3.46243e-05 -0)
(4.19011e-07 5.87311e-06 -0)
(3.26094e-07 2.18593e-06 -0)
(6.5967e-08 8.76006e-09 -0)
(1.82264e-07 1.4025e-08 -0)
(1.77842e-07 1.22844e-08 -0)
(1.85213e-07 6.89048e-09 -0)
(1.90722e-07 1.28219e-09 -0)
(1.95389e-07 -3.37317e-09 -0)
(1.99748e-07 -6.80213e-09 -0)
(2.04022e-07 -9.0092e-09 -0)
(2.08252e-07 -1.00449e-08 -0)
(2.12364e-07 -9.94007e-09 -0)
(2.16203e-07 -8.70755e-09 -0)
(2.19572e-07 -6.36335e-09 -0)
(2.22257e-07 -2.93323e-09 -0)
(2.24051e-07 1.56093e-09 -0)
(2.24761e-07 7.12187e-09 -0)
(2.24192e-07 1.37912e-08 -0)
(2.22126e-07 2.16549e-08 -0)
(2.18297e-07 3.08349e-08 -0)
(2.12374e-07 4.14762e-08 -0)
(2.03927e-07 5.37138e-08 -0)
(1.92406e-07 6.76301e-08 -0)
(1.77128e-07 8.31728e-08 -0)
(1.5729e-07 1.00028e-07 -0)
(1.32063e-07 1.17438e-07 -0)
(1.00832e-07 1.33996e-07 -0)
(6.36481e-08 1.47526e-07 -0)
(2.18168e-08 1.55354e-07 -0)
(1.93353e-06 4.72742e-05 -0)
(5.69049e-07 5.91809e-06 -0)
(3.66402e-07 2.07573e-06 -0)
(8.11363e-08 1.09149e-08 -0)
(1.79169e-07 6.98895e-09 -0)
(1.75925e-07 5.87354e-09 -0)
(1.80643e-07 1.21186e-09 -0)
(1.86011e-07 -3.91636e-09 -0)
(1.91501e-07 -8.33055e-09 -0)
(1.96973e-07 -1.16735e-08 -0)
(2.02423e-07 -1.38601e-08 -0)
(2.07846e-07 -1.48462e-08 -0)
(2.13168e-07 -1.45709e-08 -0)
(2.18227e-07 -1.29733e-08 -0)
(2.22801e-07 -1.00382e-08 -0)
(2.26663e-07 -5.80373e-09 -0)
(2.2962e-07 -3.20933e-10 -0)
(2.31516e-07 6.39522e-09 -0)
(2.32208e-07 1.43937e-08 -0)
(2.31528e-07 2.37971e-08 -0)
(2.29255e-07 3.47911e-08 -0)
(2.25075e-07 4.76189e-08 -0)
(2.18541e-07 6.25491e-08 -0)
(2.09014e-07 7.98383e-08 -0)
(1.95607e-07 9.9648e-08 -0)
(1.77118e-07 1.2188e-07 -0)
(1.52049e-07 1.45882e-07 -0)
(1.18852e-07 1.69981e-07 -0)
(7.66507e-08 1.90928e-07 -0)
(2.6632e-08 2.03803e-07 -0)
(1.56035e-06 5.46964e-05 -0)
(-1.97436e-07 6.38757e-06 -0)
(-1.31494e-08 3.88925e-06 -0)
(8.94514e-08 1.80244e-08 -0)
(1.75585e-07 1.00543e-08 -0)
(1.72065e-07 3.00944e-09 -0)
(1.75423e-07 -3.99963e-09 -0)
(1.8118e-07 -9.82863e-09 -0)
(1.87632e-07 -1.4359e-08 -0)
(1.94219e-07 -1.77016e-08 -0)
(2.0085e-07 -1.99112e-08 -0)
(2.07542e-07 -2.09099e-08 -0)
(2.14237e-07 -2.05233e-08 -0)
(2.20736e-07 -1.85762e-08 -0)
(2.26742e-07 -1.50124e-08 -0)
(2.31974e-07 -9.92291e-09 -0)
(2.3625e-07 -3.4361e-09 -0)
(2.39476e-07 4.38606e-09 -0)
(2.41594e-07 1.35924e-08 -0)
(2.42523e-07 2.43474e-08 -0)
(2.42119e-07 3.69169e-08 -0)
(2.40132e-07 5.16605e-08 -0)
(2.36147e-07 6.90259e-08 -0)
(2.29505e-07 8.9528e-08 -0)
(2.19169e-07 1.13703e-07 -0)
(2.03523e-07 1.41962e-07 -0)
(1.80164e-07 1.74228e-07 -0)
(1.45878e-07 2.09118e-07 -0)
(9.74702e-08 2.42401e-07 -0)
(3.46922e-08 2.65128e-07 -0)
(6.42186e-07 6.26963e-05 -0)
(-1.43267e-06 7.48726e-06 -0)
(8.84954e-08 6.60831e-07 -0)
(9.1021e-08 5.21297e-08 -0)
(1.63934e-07 1.79461e-08 -0)
(1.61871e-07 1.09972e-10 -0)
(1.67805e-07 -1.03909e-08 -0)
(1.75652e-07 -1.704e-08 -0)
(1.83628e-07 -2.15757e-08 -0)
(1.91421e-07 -2.4863e-08 -0)
(1.99215e-07 -2.71718e-08 -0)
(2.07234e-07 -2.83592e-08 -0)
(2.15502e-07 -2.80365e-08 -0)
(2.23738e-07 -2.57958e-08 -0)
(2.31454e-07 -2.15127e-08 -0)
(2.38239e-07 -1.54391e-08 -0)
(2.43929e-07 -7.88549e-09 -0)
(2.48545e-07 9.93588e-10 -0)
(2.52169e-07 1.12449e-08 -0)
(2.54852e-07 2.30823e-08 -0)
(2.56568e-07 3.68668e-08 -0)
(2.57184e-07 5.30819e-08 -0)
(2.56408e-07 7.23658e-08 -0)
(2.53691e-07 9.55441e-08 -0)
(2.48041e-07 1.23672e-07 -0)
(2.37643e-07 1.58036e-07 -0)
(2.19205e-07 1.99951e-07 -0)
(1.87025e-07 2.49861e-07 -0)
(1.3266e-07 3.04431e-07 -0)
(4.93585e-08 3.49179e-07 -0)
(3.53808e-06 6.9626e-05 -0)
(-2.0537e-07 6.31718e-06 -0)
(1.92873e-08 1.82445e-08 -0)
(8.67252e-08 4.87718e-08 -0)
(1.23505e-07 9.97362e-09 -0)
(1.43728e-07 -1.01247e-08 -0)
(1.58273e-07 -2.06337e-08 -0)
(1.69995e-07 -2.6365e-08 -0)
(1.79809e-07 -3.00403e-08 -0)
(1.88623e-07 -3.30022e-08 -0)
(1.97353e-07 -3.55541e-08 -0)
(2.06677e-07 -3.7318e-08 -0)
(2.168e-07 -3.74684e-08 -0)
(2.2726e-07 -3.50585e-08 -0)
(2.37098e-07 -2.98035e-08 -0)
(2.45601e-07 -2.24345e-08 -0)
(2.52683e-07 -1.366e-08 -0)
(2.58606e-07 -3.77179e-09 -0)
(2.63683e-07 7.30734e-09 -0)
(2.68145e-07 1.98741e-08 -0)
(2.72119e-07 3.43834e-08 -0)
(2.75631e-07 5.14326e-08 -0)
(2.78609e-07 7.18108e-08 -0)
(2.80812e-07 9.66101e-08 -0)
(2.81661e-07 1.27406e-07 -0)
(2.79802e-07 1.6656e-07 -0)
(2.71989e-07 2.17679e-07 -0)
(2.50358e-07 2.85945e-07 -0)
(1.96788e-07 3.76285e-07 -0)
(7.94398e-08 4.77978e-07 -0)
(2.46552e-06 7.47008e-05 -0)
(6.24278e-07 1.35062e-05 -0)
(1.92668e-08 1.40873e-08 -0)
(7.3167e-08 -3.29651e-09 -0)
(1.05037e-07 -1.66505e-08 -0)
(1.31263e-07 -2.99484e-08 -0)
(1.51565e-07 -3.56539e-08 -0)
(1.66245e-07 -3.77452e-08 -0)
(1.76991e-07 -3.92191e-08 -0)
(1.85907e-07 -4.15509e-08 -0)
(1.94899e-07 -4.4726e-08 -0)
(2.0532e-07 -4.78903e-08 -0)
(2.17762e-07 -4.94604e-08 -0)
(2.31403e-07 -4.7166e-08 -0)
(2.44078e-07 -4.02083e-08 -0)
(2.54383e-07 -3.08366e-08 -0)
(2.62592e-07 -2.05515e-08 -0)
(2.69512e-07 -9.72434e-09 -0)
(2.75815e-07 1.8776e-09 -0)
(2.81929e-07 1.47225e-08 -0)
(2.88127e-07 2.93618e-08 -0)
(2.94612e-07 4.64529e-08 -0)
(3.01586e-07 6.68341e-08 -0)
(3.09286e-07 9.16805e-08 -0)
(3.17991e-07 1.22781e-07 -0)
(3.27916e-07 1.6312e-07 -0)
(3.3859e-07 2.18259e-07 -0)
(3.45631e-07 2.99957e-07 -0)
(3.24693e-07 4.36783e-07 -0)
(1.51052e-07 7.08471e-07 -0)
(1.95819e-06 8.78197e-05 -0)
(1.24674e-06 8.19425e-06 -0)
(4.36233e-07 6.2207e-07 -0)
(4.83544e-08 -9.77611e-09 -0)
(9.6853e-08 -4.4497e-08 -0)
(1.24724e-07 -5.73668e-08 -0)
(1.50476e-07 -5.42884e-08 -0)
(1.6643e-07 -4.97445e-08 -0)
(1.76003e-07 -4.75397e-08 -0)
(1.83116e-07 -4.92565e-08 -0)
(1.91014e-07 -5.39085e-08 -0)
(2.01942e-07 -6.00566e-08 -0)
(2.17524e-07 -6.53167e-08 -0)
(2.36512e-07 -6.39372e-08 -0)
(2.53428e-07 -5.30287e-08 -0)
(2.65258e-07 -4.01518e-08 -0)
(2.73795e-07 -2.79851e-08 -0)
(2.81035e-07 -1.64541e-08 -0)
(2.8813e-07 -4.78964e-09 -0)
(2.95629e-07 7.77392e-09 -0)
(3.03849e-07 2.1889e-08 -0)
(3.13103e-07 3.81838e-08 -0)
(3.23837e-07 5.73934e-08 -0)
(3.36758e-07 8.0498e-08 -0)
(3.53101e-07 1.08918e-07 -0)
(3.7528e-07 1.44882e-07 -0)
(4.08826e-07 1.92278e-07 -0)
(4.68883e-07 2.58841e-07 -0)
(6.05302e-07 3.62421e-07 -0)
(1.01116e-06 5.50621e-07 -0)
(-1.49289e-06 7.51994e-05 -0)
(2.6388e-06 1.48049e-05 -0)
(2.11235e-06 2.55649e-06 -0)
(1.58235e-06 1.28455e-06 -0)
(5.44507e-08 -9.74667e-09 -0)
(1.21457e-07 -3.91158e-08 -0)
(1.59187e-07 -7.60427e-08 -0)
(1.72994e-07 -5.94044e-08 -0)
(1.77479e-07 -5.19382e-08 -0)
(1.79538e-07 -5.40271e-08 -0)
(1.84099e-07 -6.15946e-08 -0)
(1.93912e-07 -7.31106e-08 -0)
(2.13881e-07 -8.7813e-08 -0)
(2.43691e-07 -9.0238e-08 -0)
(2.67864e-07 -6.78159e-08 -0)
(2.79427e-07 -4.87575e-08 -0)
(2.8629e-07 -3.47789e-08 -0)
(2.92707e-07 -2.33193e-08 -0)
(3.00043e-07 -1.23543e-08 -0)
(3.08607e-07 -7.23059e-10 -0)
(3.18536e-07 1.2237e-08 -0)
(3.30116e-07 2.7001e-08 -0)
(3.439e-07 4.40586e-08 -0)
(3.60811e-07 6.40007e-08 -0)
(3.82375e-07 8.75087e-08 -0)
(4.11276e-07 1.15213e-07 -0)
(4.52549e-07 1.47129e-07 -0)
(5.15774e-07 1.80707e-07 -0)
(6.16474e-07 2.03436e-07 -0)
(7.57561e-07 1.62664e-07 -0)
(1.20013e-05 9.2677e-05 -0)
(3.49019e-06 2.68133e-06 -0)
(1.89709e-06 7.78968e-07 -0)
(1.50079e-06 5.94527e-07 -0)
(2.03047e-06 8.6656e-07 -0)
(2.92646e-06 -2.73943e-08 -0)
(1.20394e-07 -3.18728e-08 -0)
(1.90534e-07 -6.66859e-08 -0)
(1.81381e-07 -4.67821e-08 -0)
(1.73459e-07 -5.33194e-08 -0)
(1.71931e-07 -6.5332e-08 -0)
(1.75724e-07 -8.29782e-08 -0)
(2.00397e-07 -1.22587e-07 -0)
(2.56509e-07 -1.41385e-07 -0)
(2.94908e-07 -7.92395e-08 -0)
(2.98295e-07 -5.22813e-08 -0)
(2.99233e-07 -3.90567e-08 -0)
(3.0346e-07 -2.96855e-08 -0)
(3.10726e-07 -2.05877e-08 -0)
(3.20221e-07 -1.05487e-08 -0)
(3.31573e-07 7.81286e-10 -0)
(3.44925e-07 1.35249e-08 -0)
(3.60836e-07 2.78395e-08 -0)
(3.80209e-07 4.39369e-08 -0)
(4.04314e-07 6.19025e-08 -0)
(4.349e-07 8.13319e-08 -0)
(4.74319e-07 1.00317e-07 -0)
(5.25191e-07 1.1342e-07 -0)
(5.87259e-07 1.07954e-07 -0)
(6.45055e-07 5.92605e-08 -0)
(5.08647e-05 5.68523e-05 -0)
(5.66949e-05 2.4555e-05 -0)
(4.46983e-05 8.76238e-06 -0)
(4.92758e-05 6.85959e-06 -0)
(3.42705e-05 5.73257e-06 -0)
(1.82318e-05 3.57113e-06 -0)
(1.38765e-05 3.71622e-06 -0)
(1.3185e-07 -7.98445e-09 -0)
(1.90844e-07 -2.04851e-08 -0)
(1.60987e-07 -2.58099e-08 -0)
(1.54439e-07 -3.31471e-08 -0)
(1.36656e-07 -4.33537e-08 -0)
(1.55473e-07 -7.25945e-08 -0)
(2.87037e-07 -1.33622e-07 -0)
(3.56968e-07 -5.64623e-08 -0)
(3.19609e-07 -4.35776e-08 -0)
(3.08886e-07 -4.16747e-08 -0)
(3.11177e-07 -3.82225e-08 -0)
(3.1918e-07 -3.20664e-08 -0)
(3.29976e-07 -2.35881e-08 -0)
(3.4261e-07 -1.35071e-08 -0)
(3.57174e-07 -2.28759e-09 -0)
(3.74312e-07 9.88356e-09 -0)
(3.94874e-07 2.30341e-08 -0)
(4.1977e-07 3.70037e-08 -0)
(4.49691e-07 5.12376e-08 -0)
(4.84636e-07 6.34331e-08 -0)
(5.23411e-07 6.90539e-08 -0)
(5.62315e-07 5.95086e-08 -0)
(5.90346e-07 2.64123e-08 -0)
(1.91995e-05 -1.41507e-05 -0)
(5.14918e-05 -5.10591e-07 -0)
(6.15539e-05 7.09107e-06 -0)
(6.23669e-05 1.25506e-05 -0)
(7.0001e-05 2.1395e-05 -0)
(6.03418e-05 2.00349e-05 -0)
(5.64352e-05 1.737e-05 -0)
(4.33263e-05 1.25852e-05 -0)
(4.31881e-05 1.63769e-06 -0)
(4.00746e-05 4.75738e-07 -0)
(4.1769e-05 5.12273e-07 -0)
(3.35027e-05 1.36329e-06 -0)
(3.85439e-05 8.97469e-06 -0)
(1.94611e-06 2.45903e-07 -0)
(3.34399e-07 -5.03195e-09 -0)
(2.59477e-07 -1.45851e-08 -0)
(2.42523e-07 -1.7315e-08 -0)
(2.43163e-07 -1.72013e-08 -0)
(2.48982e-07 -1.52195e-08 -0)
(2.55821e-07 -1.20064e-08 -0)
(2.60453e-07 -8.09444e-09 -0)
(2.64652e-07 -3.96347e-09 -0)
(2.69958e-07 1.95347e-10 -0)
(2.76418e-07 4.35972e-09 -0)
(2.85314e-07 8.44997e-09 -0)
(3.00291e-07 1.25001e-08 -0)
(3.28972e-07 1.63587e-08 -0)
(3.50984e-07 1.80414e-08 -0)
(3.58274e-07 1.4575e-08 -0)
(4.68263e-07 7.34223e-09 -0)
(1.77916e-06 -1.38322e-05 -0)
(1.14751e-05 -1.47522e-05 -0)
(1.70452e-05 -3.55397e-06 -0)
(2.27706e-05 1.95486e-06 -0)
(3.78898e-05 8.29333e-06 -0)
(4.82855e-05 1.34667e-05 -0)
(5.65534e-05 1.50936e-05 -0)
(6.04946e-05 1.22445e-05 -0)
(6.35771e-05 5.3718e-06 -0)
(5.88062e-05 2.26844e-06 -0)
(6.32422e-05 3.29775e-06 -0)
(5.20923e-05 6.06198e-06 -0)
(6.11013e-05 1.77857e-05 -0)
(4.81792e-05 2.16693e-05 -0)
(4.87522e-05 3.56675e-06 -0)
(4.84724e-05 1.98151e-07 -0)
(4.90546e-05 -5.41553e-07 -0)
(5.06672e-05 -9.07316e-07 -0)
(5.32025e-05 -1.20068e-06 -0)
(5.66297e-05 -1.47873e-06 -0)
(6.08851e-05 -1.73097e-06 -0)
(6.58022e-05 -1.94483e-06 -0)
(7.12929e-05 -2.13377e-06 -0)
(7.72295e-05 -2.34079e-06 -0)
(8.38719e-05 -2.62806e-06 -0)
(9.1139e-05 -3.01087e-06 -0)
(9.96962e-05 -3.37391e-06 -0)
(0.000108268 -3.36805e-06 -0)
(0.000117256 -2.67447e-06 -0)
(0.000121427 -1.0831e-06 -0)
(4.2176e-06 -2.77513e-05 -0)
(7.77568e-06 -1.52564e-05 -0)
(1.47561e-05 -9.78027e-06 -0)
(2.09589e-05 -3.68704e-06 -0)
(2.84399e-05 5.18902e-07 -0)
(3.7129e-05 4.31526e-06 -0)
(4.54808e-05 6.51467e-06 -0)
(5.20558e-05 6.17642e-06 -0)
(5.53555e-05 4.36393e-06 -0)
(5.45365e-05 3.12192e-06 -0)
(5.55194e-05 4.37206e-06 -0)
(5.45763e-05 7.09783e-06 -0)
(5.94081e-05 1.22363e-05 -0)
(6.9116e-05 1.41005e-05 -0)
(7.15351e-05 5.0437e-06 -0)
(7.40234e-05 -3.27317e-07 -0)
(7.71087e-05 -2.90226e-06 -0)
(8.13007e-05 -4.48128e-06 -0)
(8.67418e-05 -5.82326e-06 -0)
(9.33681e-05 -7.09826e-06 -0)
(0.000101064 -8.24839e-06 -0)
(0.000109512 -9.20917e-06 -0)
(0.000118618 -1.00259e-05 -0)
(0.000127982 -1.08814e-05 -0)
(0.000138113 -1.20487e-05 -0)
(0.000148557 -1.36907e-05 -0)
(0.000161094 -1.55527e-05 -0)
(0.000173794 -1.63381e-05 -0)
(0.000189456 -1.38246e-05 -0)
(0.000198897 -5.92738e-06 -0)
(3.5367e-06 -2.95488e-05 -0)
(1.14062e-05 -2.53758e-05 -0)
(1.88681e-05 -1.71091e-05 -0)
(2.6467e-05 -1.05941e-05 -0)
(3.31146e-05 -5.60403e-06 -0)
(3.91623e-05 -1.82041e-06 -0)
(4.47451e-05 6.98972e-07 -0)
(4.91797e-05 1.84282e-06 -0)
(5.24562e-05 2.14396e-06 -0)
(5.49606e-05 2.186e-06 -0)
(5.77376e-05 2.95625e-06 -0)
(6.1942e-05 4.30072e-06 -0)
(6.72347e-05 5.51823e-06 -0)
(7.71105e-05 4.76312e-06 -0)
(8.4136e-05 5.69041e-07 -0)
(9.04392e-05 -4.12595e-06 -0)
(9.72016e-05 -7.76898e-06 -0)
(0.000105011 -1.06586e-05 -0)
(0.000113836 -1.31946e-05 -0)
(0.000123457 -1.54709e-05 -0)
(0.00013339 -1.73685e-05 -0)
(0.000143439 -1.88142e-05 -0)
(0.000153108 -1.98394e-05 -0)
(0.000162523 -2.07936e-05 -0)
(0.000171096 -2.20898e-05 -0)
(0.000179755 -2.44058e-05 -0)
(0.000188188 -2.75965e-05 -0)
(0.000198544 -3.08658e-05 -0)
(0.000211637 -2.96583e-05 -0)
(0.000227087 -1.62516e-05 -0)
(6.52539e-06 -4.29382e-05 -0)
(1.71719e-05 -3.17734e-05 -0)
(2.72855e-05 -2.43816e-05 -0)
(3.60971e-05 -1.76038e-05 -0)
(4.34623e-05 -1.18995e-05 -0)
(4.97964e-05 -7.4912e-06 -0)
(5.55388e-05 -4.33403e-06 -0)
(6.0823e-05 -2.40327e-06 -0)
(6.59223e-05 -1.51856e-06 -0)
(7.104e-05 -1.30375e-06 -0)
(7.64764e-05 -1.24686e-06 -0)
(8.29684e-05 -1.36052e-06 -0)
(9.06287e-05 -2.24798e-06 -0)
(0.000100084 -4.34747e-06 -0)
(0.000109526 -7.88711e-06 -0)
(0.000118495 -1.23673e-05 -0)
(0.000127424 -1.67236e-05 -0)
(0.000136424 -2.0497e-05 -0)
(0.000145219 -2.35631e-05 -0)
(0.000153371 -2.58511e-05 -0)
(0.000160576 -2.73507e-05 -0)
(0.000166742 -2.81186e-05 -0)
(0.000171947 -2.83108e-05 -0)
(0.000176327 -2.81502e-05 -0)
(0.000179124 -2.82927e-05 -0)
(0.00018152 -2.95893e-05 -0)
(0.000181353 -3.25504e-05 -0)
(0.000183859 -3.82244e-05 -0)
(0.000186931 -4.30886e-05 -0)
(0.000203258 -3.68014e-05 -0)
(1.22041e-05 -5.44973e-05 -0)
(3.42297e-05 -4.34224e-05 -0)
(4.69645e-05 -3.45669e-05 -0)
(5.49566e-05 -2.62254e-05 -0)
(6.06485e-05 -1.90789e-05 -0)
(6.5625e-05 -1.37674e-05 -0)
(7.03529e-05 -1.01477e-05 -0)
(7.5243e-05 -8.03816e-06 -0)
(8.02462e-05 -7.14887e-06 -0)
(8.54394e-05 -7.16912e-06 -0)
(9.09867e-05 -7.83439e-06 -0)
(9.73179e-05 -9.14771e-06 -0)
(0.000104619 -1.12806e-05 -0)
(0.000112631 -1.41591e-05 -0)
(0.000120992 -1.76548e-05 -0)
(0.000128914 -2.15006e-05 -0)
(0.000136086 -2.513e-05 -0)
(0.000142146 -2.79838e-05 -0)
(0.000146766 -2.98015e-05 -0)
(0.000149876 -3.06322e-05 -0)
(0.000151767 -3.07037e-05 -0)
(0.000152412 -3.03525e-05 -0)
(0.000153077 -2.97705e-05 -0)
(0.000152526 -2.85189e-05 -0)
(0.000152285 -2.75148e-05 -0)
(0.000149768 -2.67786e-05 -0)
(0.000145102 -2.85265e-05 -0)
(0.000142403 -3.39608e-05 -0)
(0.000136451 -4.46713e-05 -0)
(0.000179311 -7.09316e-05 -0)
(8.94637e-05 -8.05324e-05 -0)
(8.1262e-05 -6.30542e-05 -0)
(7.52682e-05 -4.45921e-05 -0)
(7.17827e-05 -3.14478e-05 -0)
(7.01298e-05 -2.26792e-05 -0)
(7.04582e-05 -1.71446e-05 -0)
(7.17407e-05 -1.3692e-05 -0)
(7.41524e-05 -1.18986e-05 -0)
(7.6938e-05 -1.12648e-05 -0)
(8.0471e-05 -1.16695e-05 -0)
(8.45374e-05 -1.29025e-05 -0)
(8.96005e-05 -1.49806e-05 -0)
(9.55205e-05 -1.77323e-05 -0)
(0.000102095 -2.0944e-05 -0)
(0.000109153 -2.43167e-05 -0)
(0.000115848 -2.74058e-05 -0)
(0.000121803 -2.9826e-05 -0)
(0.000126169 -3.11092e-05 -0)
(0.000128517 -3.13596e-05 -0)
(0.000129639 -3.10214e-05 -0)
(0.000129281 -3.01742e-05 -0)
(0.000128783 -2.95736e-05 -0)
(0.000127716 -2.88079e-05 -0)
(0.000124994 -2.76181e-05 -0)
(0.000125865 -2.58627e-05 -0)
(0.0001185 -2.21316e-05 -0)
(0.000116401 -2.33753e-05 -0)
(0.000101363 -2.85063e-05 -0)
(0.000103633 -5.61601e-05 -0)
(5.41422e-05 -0.000123729 -0)
(7.98835e-05 -5.02525e-05 -0)
(6.47831e-05 -3.81473e-05 -0)
(5.74442e-05 -2.91923e-05 -0)
(5.54878e-05 -2.2986e-05 -0)
(5.5896e-05 -1.85653e-05 -0)
(5.80284e-05 -1.57157e-05 -0)
(6.03486e-05 -1.38823e-05 -0)
(6.37586e-05 -1.32401e-05 -0)
(6.69914e-05 -1.34266e-05 -0)
(7.15056e-05 -1.47548e-05 -0)
(7.6031e-05 -1.68673e-05 -0)
(8.19267e-05 -2.00133e-05 -0)
(8.79671e-05 -2.36093e-05 -0)
(9.47426e-05 -2.75545e-05 -0)
(0.000101568 -3.11608e-05 -0)
(0.000107675 -3.38303e-05 -0)
(0.000113019 -3.51471e-05 -0)
(0.000115439 -3.43954e-05 -0)
(0.000115931 -3.27999e-05 -0)
(0.000114385 -3.09871e-05 -0)
(0.000110741 -2.93737e-05 -0)
(0.000109535 -2.82338e-05 -0)
(0.000102914 -2.55747e-05 -0)
(9.82781e-05 -2.60058e-05 -0)
(9.49443e-05 -2.33207e-05 -0)
(8.73062e-05 -1.50923e-05 -0)
(7.88402e-05 -1.37858e-05 -0)
(6.5317e-05 -1.87449e-05 -0)
(5.22244e-05 -2.7772e-05 -0)
(8.59057e-06 -1.36141e-05 -0)
(8.55359e-05 -4.0222e-05 -0)
(7.94874e-05 -3.76859e-05 -0)
(7.6287e-05 -3.3407e-05 -0)
(7.49103e-05 -2.85118e-05 -0)
(7.41978e-05 -2.40535e-05 -0)
(7.45689e-05 -2.08386e-05 -0)
(7.45889e-05 -1.87079e-05 -0)
(7.59619e-05 -1.80948e-05 -0)
(7.64857e-05 -1.84193e-05 -0)
(7.89612e-05 -2.02893e-05 -0)
(8.02529e-05 -2.27156e-05 -0)
(8.39436e-05 -2.65213e-05 -0)
(8.64139e-05 -3.01176e-05 -0)
(9.09919e-05 -3.42985e-05 -0)
(9.46099e-05 -3.71739e-05 -0)
(9.8414e-05 -3.88059e-05 -0)
(0.000100385 -3.78579e-05 -0)
(9.81288e-05 -3.41445e-05 -0)
(9.62202e-05 -3.01582e-05 -0)
(8.90535e-05 -2.56219e-05 -0)
(8.26989e-05 -2.50145e-05 -0)
(7.95267e-05 -2.32032e-05 -0)
(6.82145e-05 -1.61197e-05 -0)
(6.42056e-05 -1.97252e-05 -0)
(5.20829e-05 -2.12556e-05 -0)
(4.73893e-05 -5.46619e-06 -0)
(4.07931e-05 -3.37519e-06 -0)
(3.12191e-05 -4.58175e-06 -0)
(1.96766e-05 -7.29473e-06 -0)
(9.80482e-08 -3.054e-07 -0)
(8.7535e-05 -3.1915e-05 -0)
(8.02881e-05 -2.98879e-05 -0)
(7.42918e-05 -2.66072e-05 -0)
(6.95401e-05 -2.28523e-05 -0)
(6.64463e-05 -1.96662e-05 -0)
(6.44481e-05 -1.73228e-05 -0)
(6.32516e-05 -1.60632e-05 -0)
(6.31612e-05 -1.59863e-05 -0)
(6.30076e-05 -1.69081e-05 -0)
(6.48135e-05 -1.92826e-05 -0)
(6.55604e-05 -2.22039e-05 -0)
(6.96761e-05 -2.69023e-05 -0)
(7.14506e-05 -3.0911e-05 -0)
(7.71409e-05 -3.63069e-05 -0)
(7.95321e-05 -3.88401e-05 -0)
(8.32897e-05 -3.99452e-05 -0)
(8.04443e-05 -3.55474e-05 -0)
(7.52011e-05 -3.02899e-05 -0)
(7.15284e-05 -2.45132e-05 -0)
(6.00568e-05 -1.57111e-05 -0)
(5.56739e-05 -1.8645e-05 -0)
(4.4686e-05 -1.97667e-05 -0)
(3.60794e-05 -5.39363e-06 -0)
(3.50596e-05 -7.30133e-06 -0)
(2.58259e-06 -6.15123e-07 -0)
(5.80956e-07 -1.40981e-07 -0)
(4.17007e-07 -1.72074e-07 -0)
(3.18009e-07 -2.0967e-07 -0)
(9.61754e-08 -2.52042e-07 -0)
(-3.81545e-08 -3.16385e-07 -0)
(8.82173e-05 -2.50973e-05 -0)
(8.22663e-05 -2.40242e-05 -0)
(7.75991e-05 -2.24502e-05 -0)
(7.3703e-05 -2.04336e-05 -0)
(7.1419e-05 -1.86851e-05 -0)
(6.93927e-05 -1.72606e-05 -0)
(6.86107e-05 -1.68671e-05 -0)
(6.77399e-05 -1.73286e-05 -0)
(6.76324e-05 -1.91848e-05 -0)
(6.79873e-05 -2.22225e-05 -0)
(6.79763e-05 -2.62705e-05 -0)
(7.03422e-05 -3.17883e-05 -0)
(6.95407e-05 -3.60091e-05 -0)
(7.37115e-05 -4.1909e-05 -0)
(7.17121e-05 -4.21219e-05 -0)
(7.15017e-05 -4.01711e-05 -0)
(5.98248e-05 -2.95852e-05 -0)
(5.43017e-05 -2.41366e-05 -0)
(4.23005e-05 -2.00976e-05 -0)
(3.38034e-05 -4.45e-06 -0)
(3.19602e-05 -6.96667e-06 -0)
(2.02212e-06 -4.18654e-07 -0)
(4.64515e-07 -7.61845e-08 -0)
(3.2406e-07 -5.7674e-08 -0)
(3.69594e-07 -3.64174e-08 -0)
(4.05897e-07 -2.13727e-07 -0)
(3.34691e-07 -2.94994e-07 -0)
(2.4321e-07 -3.58096e-07 -0)
(1.19278e-07 -4.12141e-07 -0)
(2.30938e-08 -3.3964e-07 -0)
(8.87313e-05 -1.94967e-05 -0)
(8.35982e-05 -1.89264e-05 -0)
(7.92694e-05 -1.8068e-05 -0)
(7.4994e-05 -1.68432e-05 -0)
(7.20758e-05 -1.57861e-05 -0)
(6.86926e-05 -1.4831e-05 -0)
(6.70275e-05 -1.4815e-05 -0)
(6.39624e-05 -1.52853e-05 -0)
(6.30479e-05 -1.74113e-05 -0)
(6.00684e-05 -2.00212e-05 -0)
(5.95725e-05 -2.46601e-05 -0)
(5.81026e-05 -2.93487e-05 -0)
(5.69253e-05 -3.42131e-05 -0)
(5.93733e-05 -3.97788e-05 -0)
(5.37613e-05 -3.70839e-05 -0)
(4.91816e-05 -3.18696e-05 -0)
(3.1409e-05 -1.96647e-05 -0)
(2.91354e-05 -1.00866e-05 -0)
(7.33109e-07 -1.42004e-07 -0)
(4.13791e-07 -5.40236e-08 -0)
(2.80399e-07 -2.08961e-08 -0)
(3.47956e-07 2.41143e-08 -0)
(3.85254e-07 -9.27471e-08 -0)
(3.41601e-07 -9.89441e-08 -0)
(3.34369e-07 -9.40921e-08 -0)
(3.22505e-07 -1.64765e-07 -0)
(2.72638e-07 -2.22872e-07 -0)
(2.00862e-07 -2.66963e-07 -0)
(1.14631e-07 -2.93113e-07 -0)
(3.4346e-08 -2.82202e-07 -0)
(8.90117e-05 -1.46139e-05 -0)
(8.4434e-05 -1.43195e-05 -0)
(8.02798e-05 -1.38372e-05 -0)
(7.61577e-05 -1.31796e-05 -0)
(7.29479e-05 -1.26043e-05 -0)
(6.93315e-05 -1.21546e-05 -0)
(6.71418e-05 -1.23795e-05 -0)
(6.3391e-05 -1.30745e-05 -0)
(6.1982e-05 -1.5335e-05 -0)
(5.72952e-05 -1.80863e-05 -0)
(5.68709e-05 -2.37585e-05 -0)
(5.18014e-05 -2.82793e-05 -0)
(5.18818e-05 -3.55863e-05 -0)
(4.9586e-05 -3.86163e-05 -0)
(3.85312e-05 -3.09378e-05 -0)
(2.62639e-05 -2.06122e-05 -0)
(3.77726e-06 -1.06507e-06 -0)
(3.68735e-07 -2.94419e-08 -0)
(3.64499e-07 2.84549e-08 -0)
(3.67381e-07 -6.55489e-08 -0)
(3.30038e-07 -3.52914e-08 -0)
(3.37116e-07 -1.06909e-08 -0)
(3.41531e-07 -5.43126e-08 -0)
(3.22715e-07 -7.4905e-08 -0)
(3.03773e-07 -9.19584e-08 -0)
(2.77117e-07 -1.28381e-07 -0)
(2.32493e-07 -1.64767e-07 -0)
(1.72969e-07 -1.93772e-07 -0)
(1.04039e-07 -2.11149e-07 -0)
(3.40056e-08 -2.13851e-07 -0)
(8.91659e-05 -1.01792e-05 -0)
(8.49681e-05 -1.00375e-05 -0)
(8.08866e-05 -9.77e-06 -0)
(7.69766e-05 -9.44907e-06 -0)
(7.34077e-05 -9.14112e-06 -0)
(6.97862e-05 -8.99735e-06 -0)
(6.67464e-05 -9.21949e-06 -0)
(6.27828e-05 -9.94503e-06 -0)
(5.9952e-05 -1.17092e-05 -0)
(5.42796e-05 -1.42754e-05 -0)
(5.16332e-05 -1.93524e-05 -0)
(4.28837e-05 -2.33665e-05 -0)
(4.24264e-05 -3.17519e-05 -0)
(3.23594e-05 -2.86459e-05 -0)
(1.89004e-05 -1.7118e-05 -0)
(1.97268e-07 -2.96415e-08 -0)
(3.67161e-07 2.47687e-08 -0)
(3.64751e-07 -6.11335e-09 -0)
(3.56337e-07 2.0141e-09 -0)
(3.50055e-07 -2.45733e-08 -0)
(3.35257e-07 -2.41245e-08 -0)
(3.28935e-07 -2.26119e-08 -0)
(3.2104e-07 -3.89127e-08 -0)
(3.03955e-07 -5.44056e-08 -0)
(2.80892e-07 -7.04546e-08 -0)
(2.49696e-07 -9.20343e-08 -0)
(2.07247e-07 -1.14043e-07 -0)
(1.5448e-07 -1.32208e-07 -0)
(9.45518e-08 -1.43858e-07 -0)
(3.16436e-08 -1.48202e-07 -0)
(8.9248e-05 -6.01284e-06 -0)
(8.52819e-05 -5.95281e-06 -0)
(8.12246e-05 -5.8179e-06 -0)
(7.74766e-05 -5.68182e-06 -0)
(7.36483e-05 -5.53151e-06 -0)
(7.01142e-05 -5.52384e-06 -0)
(6.64168e-05 -5.66567e-06 -0)
(6.25762e-05 -6.21989e-06 -0)
(5.84885e-05 -7.26215e-06 -0)
(5.28868e-05 -9.20561e-06 -0)
(4.75591e-05 -1.26351e-05 -0)
(3.72785e-05 -1.68218e-05 -0)
(3.29489e-05 -2.46403e-05 -0)
(1.59818e-05 -1.68536e-05 -0)
(1.63955e-07 -1.99477e-08 -0)
(3.30823e-07 4.60306e-08 -0)
(3.36924e-07 2.61758e-08 -0)
(3.46361e-07 5.48728e-09 -0)
(3.46039e-07 -8.43854e-10 -0)
(3.41243e-07 -1.06339e-08 -0)
(3.32e-07 -1.40216e-08 -0)
(3.22327e-07 -1.67197e-08 -0)
(3.09738e-07 -2.43207e-08 -0)
(2.91173e-07 -3.33503e-08 -0)
(2.66145e-07 -4.34202e-08 -0)
(2.33529e-07 -5.52578e-08 -0)
(1.9232e-07 -6.71627e-08 -0)
(1.43154e-07 -7.71569e-08 -0)
(8.80445e-08 -8.38719e-08 -0)
(2.96612e-08 -8.68974e-08 -0)
(8.92834e-05 -1.98925e-06 -0)
(8.54308e-05 -1.97343e-06 -0)
(8.13688e-05 -1.93185e-06 -0)
(7.77268e-05 -1.8965e-06 -0)
(7.37266e-05 -1.84994e-06 -0)
(7.03246e-05 -1.8638e-06 -0)
(6.61597e-05 -1.90616e-06 -0)
(6.26352e-05 -2.12081e-06 -0)
(5.75181e-05 -2.43628e-06 -0)
(5.27179e-05 -3.18567e-06 -0)
(4.47851e-05 -4.27818e-06 -0)
(3.55109e-05 -6.7891e-06 -0)
(2.11538e-05 -1.01627e-05 -0)
(1.24088e-07 -3.71505e-08 -0)
(2.69658e-07 3.40127e-08 -0)
(3.05197e-07 1.30328e-08 -0)
(3.26617e-07 8.38683e-09 -0)
(3.37732e-07 2.72638e-09 -0)
(3.40216e-07 -2.42917e-10 -0)
(3.36877e-07 -3.09696e-09 -0)
(3.29171e-07 -4.60876e-09 -0)
(3.18636e-07 -5.92569e-09 -0)
(3.0441e-07 -8.29997e-09 -0)
(2.84856e-07 -1.12536e-08 -0)
(2.58985e-07 -1.46176e-08 -0)
(2.25954e-07 -1.84136e-08 -0)
(1.85348e-07 -2.21922e-08 -0)
(1.37771e-07 -2.53848e-08 -0)
(8.48113e-08 -2.7575e-08 -0)
(2.86181e-08 -2.86181e-08 -0)
)
;

boundaryField
{
    inlet1
    {
        type            extrapolatedCalculated;
        value           nonuniform List<vector> 10((1e-05 1.30601e-05 -0) (1e-05 3.15896e-05 -0) (1e-05 6.35875e-05 -0) (1e-05 0.000107631 -0) (1e-05 0.000141691 -0) (1e-05 0.000175837 -0) (1e-05 0.000220981 -0) (1e-05 0.000270276 -0) (1e-05 0.000280152 -0) (1e-05 0.000226073 -0));
    }
    inlet2
    {
        type            extrapolatedCalculated;
        value           nonuniform List<vector> 10((-0 8.78197e-05 -0) (-0 7.51994e-05 -0) (-0 9.2677e-05 -0) (-0 5.68523e-05 -0) (-0 -1.41507e-05 -0) (-0 -1.38322e-05 -0) (-0 -2.77513e-05 -0) (-0 -2.95488e-05 -0) (-0 -4.29382e-05 -0) (-0 -5.44973e-05 -0));
    }
    inlet3
    {
        type            extrapolatedCalculated;
        value           nonuniform List<vector> 10((9.13394e-05 -6.90639e-05 -0) (9.13394e-05 -5.33122e-05 -0) (9.13394e-05 -4.10323e-05 -0) (9.13394e-05 -3.22062e-05 -0) (9.13394e-05 -2.52809e-05 -0) (9.13394e-05 -1.95854e-05 -0) (9.13394e-05 -1.46579e-05 -0) (9.13394e-05 -1.02011e-05 -0) (9.13394e-05 -6.02282e-06 -0) (9.13394e-05 -1.99212e-06 -0));
    }
    output1
    {
        type            extrapolatedCalculated;
        value           nonuniform List<vector> 10((-0 1.52655e-08 -0) (-0 4.63194e-08 -0) (-0 7.90178e-08 -0) (-0 1.14733e-07 -0) (-0 1.55354e-07 -0) (-0 2.03803e-07 -0) (-0 2.65128e-07 -0) (-0 3.49179e-07 -0) (-0 4.77978e-07 -0) (-0 7.08471e-07 -0));
    }
    output2
    {
        type            extrapolatedCalculated;
        value           nonuniform List<vector> 10((1.32006e-06 5.50621e-07 -0) (8.36617e-07 1.62664e-07 -0) (6.69402e-07 5.92605e-08 -0) (5.99575e-07 2.64123e-08 -0) (4.72131e-07 7.34223e-09 -0) (0.00012253 -1.0831e-06 -0) (0.000201372 -5.92738e-06 -0) (0.000233 -1.62516e-05 -0) (0.00022032 -3.68014e-05 -0) (0.000232276 -7.09316e-05 -0));
    }
    output3
    {
        type            extrapolatedCalculated;
        value           nonuniform List<vector> 10((-0 -0.000123729 -0) (-0 -1.36141e-05 -0) (-0 -3.054e-07 -0) (-0 -3.16385e-07 -0) (-0 -3.3964e-07 -0) (-0 -2.82202e-07 -0) (-0 -2.13851e-07 -0) (-0 -1.48202e-07 -0) (-0 -8.68974e-08 -0) (-0 -2.86181e-08 -0));
    }
    up
    {
        type            extrapolatedCalculated;
        value           nonuniform List<vector> 
30
(
(8.92834e-05 -0 -0)
(8.54308e-05 -0 -0)
(8.13688e-05 -0 -0)
(7.77268e-05 -0 -0)
(7.37266e-05 -0 -0)
(7.03246e-05 -0 -0)
(6.61597e-05 -0 -0)
(6.26352e-05 -0 -0)
(5.75181e-05 -0 -0)
(5.27179e-05 -0 -0)
(4.47851e-05 -0 -0)
(3.55109e-05 -0 -0)
(2.11538e-05 -0 -0)
(1.24088e-07 -0 -0)
(2.69658e-07 -0 -0)
(3.05197e-07 -0 -0)
(3.26617e-07 -0 -0)
(3.37732e-07 -0 -0)
(3.40216e-07 -0 -0)
(3.36877e-07 -0 -0)
(3.29171e-07 -0 -0)
(3.18636e-07 -0 -0)
(3.0441e-07 -0 -0)
(2.84856e-07 -0 -0)
(2.58985e-07 -0 -0)
(2.25954e-07 -0 -0)
(1.85348e-07 -0 -0)
(1.37771e-07 -0 -0)
(8.48113e-08 -0 -0)
(2.86181e-08 -0 -0)
)
;
    }
    down
    {
        type            extrapolatedCalculated;
        value           nonuniform List<vector> 
30
(
(2.99504e-06 -0 -0)
(1.44875e-07 -0 -0)
(2.41717e-07 -0 -0)
(2.60184e-07 -0 -0)
(1.42079e-07 -0 -0)
(2.32918e-07 -0 -0)
(2.20712e-07 -0 -0)
(2.13753e-07 -0 -0)
(2.10336e-07 -0 -0)
(2.09147e-07 -0 -0)
(2.09294e-07 -0 -0)
(2.10174e-07 -0 -0)
(2.11357e-07 -0 -0)
(2.12496e-07 -0 -0)
(2.13295e-07 -0 -0)
(2.13482e-07 -0 -0)
(2.12794e-07 -0 -0)
(2.10974e-07 -0 -0)
(2.07763e-07 -0 -0)
(2.02891e-07 -0 -0)
(1.96078e-07 -0 -0)
(1.8704e-07 -0 -0)
(1.75492e-07 -0 -0)
(1.61169e-07 -0 -0)
(1.43864e-07 -0 -0)
(1.23465e-07 -0 -0)
(1.00017e-07 -0 -0)
(7.37792e-08 -0 -0)
(4.5269e-08 -0 -0)
(1.52639e-08 -0 -0)
)
;
    }
    emptyWalls
    {
        type            empty;
    }
}


// ************************************************************************* //
