/*--------------------------------*- C++ -*----------------------------------*\
  =========                 |
  \\      /  F ield         | OpenFOAM: The Open Source CFD Toolbox
   \\    /   O peration     | Website:  https://openfoam.org
    \\  /    A nd           | Version:  9
     \\/     M anipulation  |
\*---------------------------------------------------------------------------*/
FoamFile
{
    format      ascii;
    class       volVectorField;
    location    "2000";
    object      ut;
}
// * * * * * * * * * * * * * * * * * * * * * * * * * * * * * * * * * * * * * //

dimensions      [0 1 -1 0 0 0 0];

internalField   nonuniform List<vector> 
100
(
(9.83158e-06 -0 -0)
(1.00895e-05 -0 -0)
(9.97733e-06 -0 -0)
(9.49498e-06 -0 -0)
(9.93797e-06 -0 -0)
(9.6605e-06 -0 -0)
(1.00743e-05 -0 -0)
(9.71632e-06 -0 -0)
(9.96193e-06 -0 -0)
(1.00353e-05 -0 -0)
(9.80109e-06 -0 -0)
(1.0607e-05 -0 -0)
(9.21888e-06 -0 -0)
(1.15709e-05 -0 -0)
(8.2686e-06 -0 -0)
(1.50694e-05 -0 -0)
(8.47013e-06 -0 -0)
(6.74478e-06 -0 -0)
(1.00036e-05 -0 -0)
(1e-05 -0 -0)
(1e-05 -0 -0)
(1e-05 -0 -0)
(1e-05 -0 -0)
(1e-05 -0 -0)
(1e-05 -0 -0)
(1e-05 -0 -0)
(1e-05 -0 -0)
(1e-05 -0 -0)
(1e-05 -0 -0)
(1e-05 -0 -0)
(1e-05 -0 -0)
(1e-05 -0 -0)
(1e-05 -0 -0)
(1e-05 -0 -0)
(1e-05 -0 -0)
(1e-05 -0 -0)
(1e-05 -0 -0)
(1e-05 -0 -0)
(1e-05 -0 -0)
(1e-05 -0 -0)
(1e-05 -0 -0)
(1e-05 -0 -0)
(1e-05 -0 -0)
(1e-05 -0 -0)
(1e-05 -0 -0)
(1e-05 -0 -0)
(1e-05 -0 -0)
(1e-05 -0 -0)
(1e-05 -0 -0)
(1e-05 -0 -0)
(1e-05 -0 -0)
(1e-05 -0 -0)
(1e-05 -0 -0)
(1e-05 -0 -0)
(1e-05 -0 -0)
(1e-05 -0 -0)
(1e-05 -0 -0)
(1e-05 -0 -0)
(1e-05 -0 -0)
(1e-05 -0 -0)
(1e-05 -0 -0)
(1e-05 -0 -0)
(1e-05 -0 -0)
(1e-05 -0 -0)
(1e-05 -0 -0)
(1e-05 -0 -0)
(1e-05 -0 -0)
(1e-05 -0 -0)
(1e-05 -0 -0)
(1e-05 -0 -0)
(1e-05 -0 -0)
(1e-05 -0 -0)
(1e-05 -0 -0)
(1e-05 -0 -0)
(1e-05 -0 -0)
(1e-05 -0 -0)
(1e-05 -0 -0)
(1e-05 -0 -0)
(1e-05 -0 -0)
(1e-05 -0 -0)
(1e-05 -0 -0)
(1e-05 -0 -0)
(1e-05 -0 -0)
(1e-05 -0 -0)
(1e-05 -0 -0)
(1e-05 -0 -0)
(1e-05 -0 -0)
(1e-05 -0 -0)
(1e-05 -0 -0)
(1e-05 -0 -0)
(1e-05 -0 -0)
(1e-05 -0 -0)
(1e-05 -0 -0)
(1e-05 -0 -0)
(1e-05 -0 -0)
(1e-05 -0 -0)
(1e-05 -0 -0)
(1e-05 -0 -0)
(1e-05 -0 -0)
(1e-05 -0 -0)
)
;

boundaryField
{
    left
    {
        type            extrapolatedCalculated;
        value           uniform (1e-05 -0 -0);
    }
    right
    {
        type            extrapolatedCalculated;
        value           uniform (1e-05 -0 -0);
    }
    emptyFaces1D
    {
        type            empty;
    }
}


// ************************************************************************* //
