/*--------------------------------*- C++ -*----------------------------------*\
  =========                 |
  \\      /  F ield         | OpenFOAM: The Open Source CFD Toolbox
   \\    /   O peration     | Website:  https://openfoam.org
    \\  /    A nd           | Version:  9
     \\/     M anipulation  |
\*---------------------------------------------------------------------------*/
FoamFile
{
    format      ascii;
    class       volScalarField;
    location    "15000";
    object      alpha;
}
// * * * * * * * * * * * * * * * * * * * * * * * * * * * * * * * * * * * * * //

dimensions      [0 2 -1 0 0 0 0];

internalField   nonuniform List<scalar> 
900
(
-1.75598e-10
-5.54167e-12
-1.87643e-12
-4.37469e-13
-4.03535e-14
-4.0652e-14
-4.0652e-14
-4.0652e-14
-4.0652e-14
-4.0652e-14
-4.0652e-14
-4.0652e-14
-4.0652e-14
-4.0652e-14
-4.0652e-14
-4.0652e-14
-4.0652e-14
-4.0652e-14
-4.0652e-14
-4.0652e-14
-4.0652e-14
-4.0652e-14
-4.0652e-14
-4.0652e-14
-4.0652e-14
-4.0652e-14
-4.0652e-14
-4.0652e-14
-4.0652e-14
-4.0652e-14
-8.77355e-11
-1.88483e-11
-3.33935e-10
-1.91495e-12
-4.04318e-14
-4.0652e-14
-4.0652e-14
-4.0652e-14
-4.0652e-14
-4.0652e-14
-4.0652e-14
-4.0652e-14
-4.0652e-14
-4.0652e-14
-4.0652e-14
-4.0652e-14
-4.0652e-14
-4.0652e-14
-4.0652e-14
-4.0652e-14
-4.0652e-14
-4.0652e-14
-4.0652e-14
-4.0652e-14
-4.0652e-14
-4.0652e-14
-4.0652e-14
-4.0652e-14
-4.0652e-14
-4.0652e-14
-2.59279e-10
-6.6924e-11
-1.86985e-11
-4.61545e-14
-4.06444e-14
-4.0652e-14
-4.0652e-14
-4.0652e-14
-4.0652e-14
-4.0652e-14
-4.0652e-14
-4.0652e-14
-4.0652e-14
-4.0652e-14
-4.0652e-14
-4.0652e-14
-4.0652e-14
-4.0652e-14
-4.0652e-14
-4.0652e-14
-4.0652e-14
-4.0652e-14
-4.0652e-14
-4.0652e-14
-4.0652e-14
-4.0652e-14
-4.0652e-14
-4.0652e-14
-4.0652e-14
-4.0652e-14
-1.93652e-10
-4.29195e-11
-7.3558e-12
-2.82556e-14
-4.0651e-14
-4.0652e-14
-4.0652e-14
-4.0652e-14
-4.0652e-14
-4.0652e-14
-4.0652e-14
-4.0652e-14
-4.0652e-14
-4.0652e-14
-4.0652e-14
-4.0652e-14
-4.0652e-14
-4.0652e-14
-4.0652e-14
-4.0652e-14
-4.0652e-14
-4.0652e-14
-4.0652e-14
-4.0652e-14
-4.0652e-14
-4.0652e-14
-4.0652e-14
-4.0652e-14
-4.0652e-14
-4.0652e-14
-1.33462e-10
-3.17387e-11
-7.34529e-12
-2.73733e-14
-4.0652e-14
-4.0652e-14
-4.0652e-14
-4.0652e-14
-4.0652e-14
-4.0652e-14
-4.0652e-14
-4.0652e-14
-4.0652e-14
-4.0652e-14
-4.0652e-14
-4.0652e-14
-4.0652e-14
-4.0652e-14
-4.0652e-14
-4.0652e-14
-4.0652e-14
-4.0652e-14
-4.0652e-14
-4.0652e-14
-4.0652e-14
-4.0652e-14
-4.0652e-14
-4.0652e-14
-4.0652e-14
-4.0652e-14
-1.02162e-10
-2.67265e-11
-6.21384e-12
-3.45398e-14
-4.0652e-14
-4.0652e-14
-4.0652e-14
-4.0652e-14
-4.0652e-14
-4.0652e-14
-4.0652e-14
-4.0652e-14
-4.0652e-14
-4.0652e-14
-4.0652e-14
-4.0652e-14
-4.0652e-14
-4.0652e-14
-4.0652e-14
-4.0652e-14
-4.0652e-14
-4.0652e-14
-4.0652e-14
-4.0652e-14
-4.0652e-14
-4.0652e-14
-4.0652e-14
-4.0652e-14
-4.0652e-14
-4.0652e-14
-1.14809e-10
-2.19992e-11
-1.01595e-11
-3.98598e-14
-4.0652e-14
-4.0652e-14
-4.0652e-14
-4.0652e-14
-4.0652e-14
-4.0652e-14
-4.0652e-14
-4.0652e-14
-4.0652e-14
-4.0652e-14
-4.0652e-14
-4.0652e-14
-4.0652e-14
-4.0652e-14
-4.0652e-14
-4.0652e-14
-4.0652e-14
-4.0652e-14
-4.0652e-14
-4.0652e-14
-4.0652e-14
-4.0652e-14
-4.0652e-14
-4.0652e-14
-4.0652e-14
-4.0652e-14
-1.12239e-10
-1.98473e-11
-4.59152e-12
-4.05094e-14
-4.0652e-14
-4.0652e-14
-4.0652e-14
-4.0652e-14
-4.0652e-14
-4.0652e-14
-4.0652e-14
-4.0652e-14
-4.0652e-14
-4.0652e-14
-4.0652e-14
-4.0652e-14
-4.0652e-14
-4.0652e-14
-4.0652e-14
-4.0652e-14
-4.0652e-14
-4.0652e-14
-4.0652e-14
-4.0652e-14
-4.0652e-14
-4.0652e-14
-4.0652e-14
-4.0652e-14
-4.0652e-14
-4.0652e-14
-1.50759e-10
-1.21726e-11
-2.6481e-14
-4.06518e-14
-4.0652e-14
-4.0652e-14
-4.0652e-14
-4.0652e-14
-4.0652e-14
-4.0652e-14
-4.0652e-14
-4.0652e-14
-4.0652e-14
-4.0652e-14
-4.0652e-14
-4.0652e-14
-4.0652e-14
-4.0652e-14
-4.0652e-14
-4.0652e-14
-4.0652e-14
-4.0652e-14
-4.0652e-14
-4.0652e-14
-4.0652e-14
-4.0652e-14
-4.0652e-14
-4.0652e-14
-4.0652e-14
-4.0652e-14
-1.95402e-10
-2.66917e-11
-2.66493e-14
-4.0652e-14
-4.0652e-14
-4.0652e-14
-4.0652e-14
-4.0652e-14
-4.0652e-14
-4.0652e-14
-4.0652e-14
-4.0652e-14
-4.0652e-14
-4.0652e-14
-4.0652e-14
-4.0652e-14
-4.0652e-14
-4.0652e-14
-4.0652e-14
-4.0652e-14
-4.0652e-14
-4.0652e-14
-4.0652e-14
-4.0652e-14
-4.0652e-14
-4.0652e-14
-4.0652e-14
-4.0652e-14
-4.0652e-14
-4.0652e-14
-3.56614e-10
-2.30687e-11
-2.74823e-12
-3.93401e-14
-4.0652e-14
-4.0652e-14
-4.0652e-14
-4.0652e-14
-4.0652e-14
-4.0652e-14
-4.0652e-14
-4.0652e-14
-4.0652e-14
-4.0652e-14
-4.0652e-14
-4.0652e-14
-4.0652e-14
-4.0652e-14
-4.0652e-14
-4.0652e-14
-4.0652e-14
-4.0652e-14
-4.0652e-14
-4.0652e-14
-4.0652e-14
-4.0652e-14
-4.0652e-14
-4.0652e-14
-4.0652e-14
-4.0652e-14
-5.18755e-10
-7.3649e-11
-1.2863e-11
-5.8514e-12
-3.52403e-14
-4.05983e-14
-4.0652e-14
-4.0652e-14
-4.0652e-14
-4.0652e-14
-4.0652e-14
-4.0652e-14
-4.0652e-14
-4.0652e-14
-4.0652e-14
-4.0652e-14
-4.0652e-14
-4.0652e-14
-4.0652e-14
-4.0652e-14
-4.0652e-14
-4.0652e-14
-4.0652e-14
-4.0652e-14
-4.0652e-14
-4.0652e-14
-4.0652e-14
-4.0652e-14
-4.0652e-14
-4.0652e-14
-1.28594e-09
-9.50658e-11
-6.28985e-12
-2.45997e-12
-1.29667e-12
-1.49392e-12
-3.58112e-14
-4.06518e-14
-4.0652e-14
-4.0652e-14
-4.0652e-14
-4.0652e-14
-4.0652e-14
-4.0652e-14
-4.0652e-14
-4.0652e-14
-4.0652e-14
-4.0652e-14
-4.0652e-14
-4.0652e-14
-4.0652e-14
-4.0652e-14
-4.0652e-14
-4.0652e-14
-4.0652e-14
-4.0652e-14
-4.0652e-14
-4.0652e-14
-4.0652e-14
-4.0652e-14
-1.81497e-09
-3.81945e-10
-1.19931e-10
-4.74074e-11
-2.86652e-11
-2.18732e-11
-1.67313e-11
-9.15307e-12
-3.49295e-14
-4.06517e-14
-4.06343e-14
-4.06353e-14
-4.06519e-14
-4.06518e-14
-4.06518e-14
-4.0652e-14
-4.0652e-14
-4.0652e-14
-4.0652e-14
-4.0652e-14
-4.0652e-14
-4.0652e-14
-4.0652e-14
-4.0652e-14
-4.0652e-14
-4.0652e-14
-4.0652e-14
-4.0652e-14
-4.0652e-14
-4.0652e-14
-8.94652e-10
-1.59861e-10
-1.02804e-10
-6.10412e-11
-4.47921e-11
-3.61257e-11
-2.93603e-11
-2.31388e-11
-1.1513e-11
-9.11809e-12
-8.84444e-12
-9.08724e-12
-1.01642e-11
-9.948e-12
-1.25337e-11
-3.6818e-14
-3.20387e-14
-3.03104e-14
-2.91766e-14
-2.84238e-14
-2.76286e-14
-2.69442e-14
-2.65168e-14
-2.66206e-14
-2.83469e-14
-3.45819e-14
-4.91974e-14
-5.03342e-14
-2.91017e-14
-3.18159e-14
-4.46491e-11
-2.73421e-11
-3.12353e-11
-2.68608e-11
-2.29291e-11
-2.03675e-11
-1.9084e-11
-1.88363e-11
-1.73651e-11
-1.45495e-11
-1.40491e-11
-1.35673e-11
-1.48629e-11
-1.28564e-11
-1.27375e-11
-7.30533e-12
-6.31281e-12
-6.23513e-12
-6.29073e-12
-6.43528e-12
-6.64188e-12
-6.86176e-12
-7.06144e-12
-7.22457e-12
-7.37277e-12
-7.51696e-12
-7.72101e-12
-7.93638e-12
-8.23392e-12
-8.30374e-12
-2.54086e-11
-2.31317e-11
-1.82367e-11
-1.71763e-11
-1.55146e-11
-1.46898e-11
-1.43443e-11
-1.47486e-11
-1.5612e-11
-1.4899e-11
-1.44164e-11
-1.40024e-11
-1.38834e-11
-1.29675e-11
-1.23095e-11
-1.19971e-11
-1.08633e-11
-1.05612e-11
-1.06476e-11
-1.09036e-11
-1.12323e-11
-1.15641e-11
-1.18599e-11
-1.20879e-11
-1.22699e-11
-1.23767e-11
-1.25325e-11
-1.2691e-11
-1.31309e-11
-1.33374e-11
-1.78341e-11
-1.58686e-11
-1.60133e-11
-1.60985e-11
-1.59819e-11
-1.5786e-11
-1.56268e-11
-1.56778e-11
-1.60235e-11
-1.59423e-11
-1.56353e-11
-1.52344e-11
-1.47727e-11
-1.43545e-11
-1.39736e-11
-1.42393e-11
-1.39774e-11
-1.38881e-11
-1.4075e-11
-1.44042e-11
-1.47446e-11
-1.5046e-11
-1.52454e-11
-1.53861e-11
-1.53744e-11
-1.52764e-11
-1.49596e-11
-1.46207e-11
-1.43589e-11
-1.45278e-11
-1.6024e-11
-1.61503e-11
-1.72225e-11
-1.82452e-11
-1.89502e-11
-1.92632e-11
-1.94455e-11
-1.95845e-11
-1.97474e-11
-1.97093e-11
-1.93897e-11
-1.88903e-11
-1.83992e-11
-1.81046e-11
-1.80247e-11
-1.81794e-11
-1.82467e-11
-1.82034e-11
-1.81968e-11
-1.81528e-11
-1.80635e-11
-1.78753e-11
-1.7603e-11
-1.72984e-11
-1.68622e-11
-1.63812e-11
-1.55031e-11
-1.44235e-11
-1.2779e-11
-1.18466e-11
-1.57313e-11
-1.83928e-11
-2.10846e-11
-2.24979e-11
-2.30631e-11
-2.31504e-11
-2.31073e-11
-2.29496e-11
-2.27486e-11
-2.23877e-11
-2.18489e-11
-2.12024e-11
-2.06529e-11
-2.03095e-11
-2.01814e-11
-2.01125e-11
-2.00164e-11
-1.9691e-11
-1.92648e-11
-1.86438e-11
-1.80553e-11
-1.73288e-11
-1.6683e-11
-1.59387e-11
-1.52637e-11
-1.45452e-11
-1.36387e-11
-1.25737e-11
-1.02051e-11
-8.39482e-12
-2.26584e-11
-2.71059e-11
-2.70793e-11
-2.56446e-11
-2.43758e-11
-2.33711e-11
-2.26799e-11
-2.20364e-11
-2.15004e-11
-2.09044e-11
-2.0353e-11
-1.98195e-11
-1.94339e-11
-1.92214e-11
-1.91031e-11
-1.90223e-11
-1.88267e-11
-1.84481e-11
-1.78903e-11
-1.71136e-11
-1.63754e-11
-1.54453e-11
-1.47268e-11
-1.36455e-11
-1.28681e-11
-1.18735e-11
-1.13625e-11
-1.00283e-11
-1.19367e-11
-1.40127e-11
-1.8441e-11
-1.74389e-11
-1.73797e-11
-1.75668e-11
-1.78902e-11
-1.81437e-11
-1.84616e-11
-1.85582e-11
-1.87405e-11
-1.86746e-11
-1.87831e-11
-1.87058e-11
-1.88151e-11
-1.88367e-11
-1.88352e-11
-1.8758e-11
-1.83802e-11
-1.78442e-11
-1.69434e-11
-1.5956e-11
-1.47701e-11
-1.34861e-11
-1.25431e-11
-1.10826e-11
-9.83866e-12
-8.8642e-12
-7.98356e-12
-7.37896e-12
-6.79829e-12
-2.56054e-12
-1.91209e-11
-1.96326e-11
-2.074e-11
-2.16939e-11
-2.2312e-11
-2.24915e-11
-2.25579e-11
-2.22296e-11
-2.20451e-11
-2.13905e-11
-2.11397e-11
-2.03467e-11
-2.01202e-11
-1.93938e-11
-1.8991e-11
-1.82985e-11
-1.73608e-11
-1.61724e-11
-1.45951e-11
-1.33935e-11
-1.16583e-11
-1.0135e-11
-9.09389e-12
-7.5068e-12
-6.61586e-12
-4.62465e-12
-4.1058e-12
-3.95932e-12
-3.64343e-12
-2.10822e-12
-1.93231e-11
-1.90894e-11
-1.89626e-11
-1.89436e-11
-1.88753e-11
-1.88061e-11
-1.86679e-11
-1.84857e-11
-1.83583e-11
-1.80349e-11
-1.80879e-11
-1.75608e-11
-1.78918e-11
-1.70731e-11
-1.71714e-11
-1.61144e-11
-1.49561e-11
-1.30552e-11
-1.11053e-11
-9.8402e-12
-8.03376e-12
-7.04843e-12
-4.88503e-12
-4.07088e-12
-4.61821e-12
-1.7778e-13
-4.06459e-14
-4.0652e-14
-4.0652e-14
-4.0652e-14
-1.93568e-11
-1.91749e-11
-1.91529e-11
-1.93581e-11
-1.95695e-11
-1.99059e-11
-2.00281e-11
-2.02918e-11
-2.02266e-11
-2.02759e-11
-2.00542e-11
-1.95104e-11
-1.93504e-11
-1.76264e-11
-1.75062e-11
-1.47832e-11
-1.26789e-11
-9.71361e-12
-7.91359e-12
-5.3468e-12
-4.51677e-12
-5.18182e-12
-1.22734e-13
-4.06496e-14
-4.0652e-14
-4.0652e-14
-4.0652e-14
-4.0652e-14
-4.0652e-14
-4.0652e-14
-1.94082e-11
-1.9286e-11
-1.92233e-11
-1.92899e-11
-1.93224e-11
-1.95203e-11
-1.94545e-11
-1.9716e-11
-1.93307e-11
-1.95822e-11
-1.86131e-11
-1.8586e-11
-1.72416e-11
-1.59202e-11
-1.52839e-11
-1.08382e-11
-8.40721e-12
-4.9018e-12
-4.95354e-12
-3.35971e-14
-4.06519e-14
-4.0652e-14
-4.0652e-14
-4.0652e-14
-4.0652e-14
-4.0652e-14
-4.0652e-14
-4.0652e-14
-4.0652e-14
-4.0652e-14
-1.94484e-11
-1.93509e-11
-1.93092e-11
-1.93219e-11
-1.93756e-11
-1.95311e-11
-1.95937e-11
-1.99007e-11
-1.97452e-11
-2.02288e-11
-1.92908e-11
-1.99086e-11
-1.729e-11
-1.70579e-11
-1.34628e-11
-7.22687e-12
-5.13976e-12
-1.40492e-13
-4.0649e-14
-4.0652e-14
-4.0652e-14
-4.0652e-14
-4.0652e-14
-4.0652e-14
-4.0652e-14
-4.0652e-14
-4.0652e-14
-4.0652e-14
-4.0652e-14
-4.0652e-14
-1.94743e-11
-1.93938e-11
-1.93844e-11
-1.93605e-11
-1.94532e-11
-1.95147e-11
-1.97153e-11
-1.98665e-11
-2.00841e-11
-2.03005e-11
-1.9997e-11
-2.00537e-11
-1.70566e-11
-1.70539e-11
-8.80345e-12
-2.84348e-12
-3.93486e-14
-4.0652e-14
-4.0652e-14
-4.0652e-14
-4.0652e-14
-4.0652e-14
-4.0652e-14
-4.0652e-14
-4.0652e-14
-4.0652e-14
-4.0652e-14
-4.0652e-14
-4.0652e-14
-4.0652e-14
-1.94892e-11
-1.94213e-11
-1.94334e-11
-1.93937e-11
-1.95147e-11
-1.95197e-11
-1.98213e-11
-1.98567e-11
-2.04183e-11
-2.03947e-11
-2.11365e-11
-2.0448e-11
-1.9309e-11
-1.63817e-11
-4.38695e-12
-3.92284e-14
-4.0652e-14
-4.0652e-14
-4.0652e-14
-4.0652e-14
-4.0652e-14
-4.0652e-14
-4.0652e-14
-4.0652e-14
-4.0652e-14
-4.0652e-14
-4.0652e-14
-4.0652e-14
-4.0652e-14
-4.0652e-14
-1.94936e-11
-1.94381e-11
-1.94521e-11
-1.94198e-11
-1.95369e-11
-1.95429e-11
-1.98548e-11
-1.98873e-11
-2.05484e-11
-2.05055e-11
-2.17855e-11
-2.09873e-11
-2.27222e-11
-1.38108e-11
-3.1716e-14
-4.0652e-14
-4.0652e-14
-4.0652e-14
-4.0652e-14
-4.0652e-14
-4.0652e-14
-4.0652e-14
-4.0652e-14
-4.0652e-14
-4.0652e-14
-4.0652e-14
-4.0652e-14
-4.0652e-14
-4.0652e-14
-4.0652e-14
)
;

boundaryField
{
    inlet1
    {
        type            calculated;
        value           uniform -5e-10;
    }
    inlet2
    {
        type            calculated;
        value           nonuniform List<scalar> 10(-3.56614e-10 -5.18755e-10 -1.28594e-09 -1.81497e-09 -8.94652e-10 -4.46491e-11 -2.54086e-11 -1.78341e-11 -1.6024e-11 -1.57313e-11);
    }
    inlet3
    {
        type            calculated;
        value           uniform -1.95111e-11;
    }
    output1
    {
        type            calculated;
        value           nonuniform List<scalar> 10(-4.0652e-14 -4.0652e-14 -4.0652e-14 -4.0652e-14 -4.0652e-14 -4.0652e-14 -4.0652e-14 -4.0652e-14 -4.0652e-14 -4.0652e-14);
    }
    output2
    {
        type            calculated;
        value           nonuniform List<scalar> 10(-4.0652e-14 -4.0652e-14 -4.0652e-14 -4.0652e-14 -3.18159e-14 -8.30374e-12 -1.33374e-11 -1.45278e-11 -1.18466e-11 -8.39482e-12);
    }
    output3
    {
        type            calculated;
        value           nonuniform List<scalar> 10(-1.40127e-11 -2.56054e-12 -2.10822e-12 -4.0652e-14 -4.0652e-14 -4.0652e-14 -4.0652e-14 -4.0652e-14 -4.0652e-14 -4.0652e-14);
    }
    up
    {
        type            calculated;
        value           nonuniform List<scalar> 
30
(
-1.94936e-11
-1.94381e-11
-1.94521e-11
-1.94198e-11
-1.95369e-11
-1.95429e-11
-1.98548e-11
-1.98873e-11
-2.05484e-11
-2.05055e-11
-2.17855e-11
-2.09873e-11
-2.27222e-11
-1.38108e-11
-3.1716e-14
-4.0652e-14
-4.0652e-14
-4.0652e-14
-4.0652e-14
-4.0652e-14
-4.0652e-14
-4.0652e-14
-4.0652e-14
-4.0652e-14
-4.0652e-14
-4.0652e-14
-4.0652e-14
-4.0652e-14
-4.0652e-14
-4.0652e-14
)
;
    }
    down
    {
        type            calculated;
        value           nonuniform List<scalar> 
30
(
-1.75598e-10
-5.54167e-12
-1.87643e-12
-4.37469e-13
-4.03535e-14
-4.0652e-14
-4.0652e-14
-4.0652e-14
-4.0652e-14
-4.0652e-14
-4.0652e-14
-4.0652e-14
-4.0652e-14
-4.0652e-14
-4.0652e-14
-4.0652e-14
-4.0652e-14
-4.0652e-14
-4.0652e-14
-4.0652e-14
-4.0652e-14
-4.0652e-14
-4.0652e-14
-4.0652e-14
-4.0652e-14
-4.0652e-14
-4.0652e-14
-4.0652e-14
-4.0652e-14
-4.0652e-14
)
;
    }
    emptyWalls
    {
        type            empty;
    }
}


// ************************************************************************* //
