/*--------------------------------*- C++ -*----------------------------------*\
  =========                 |
  \\      /  F ield         | OpenFOAM: The Open Source CFD Toolbox
   \\    /   O peration     | Website:  https://openfoam.org
    \\  /    A nd           | Version:  9
     \\/     M anipulation  |
\*---------------------------------------------------------------------------*/
FoamFile
{
    format      ascii;
    class       volScalarField;
    location    "15000";
    object      p;
}
// * * * * * * * * * * * * * * * * * * * * * * * * * * * * * * * * * * * * * //

dimensions      [0 0 0 0 0 0 0];

internalField   nonuniform List<scalar> 
900
(
1.93801e+07
1.93782e+07
1.93665e+07
1.93577e+07
1.92742e+07
1.87282e+07
1.82003e+07
1.76907e+07
1.71924e+07
1.66994e+07
1.62075e+07
1.57141e+07
1.5218e+07
1.47185e+07
1.4216e+07
1.37114e+07
1.32063e+07
1.2703e+07
1.22044e+07
1.17142e+07
1.12366e+07
1.07769e+07
1.03407e+07
9.93472e+06
9.56603e+06
9.24221e+06
8.97098e+06
8.75971e+06
8.61479e+06
8.54104e+06
1.93738e+07
1.93678e+07
1.93663e+07
1.9366e+07
1.93275e+07
1.8712e+07
1.8182e+07
1.76794e+07
1.71872e+07
1.66982e+07
1.62089e+07
1.57169e+07
1.52213e+07
1.47216e+07
1.42181e+07
1.37119e+07
1.32046e+07
1.26983e+07
1.21961e+07
1.17015e+07
1.12188e+07
1.07533e+07
1.03106e+07
9.89743e+06
9.52115e+06
9.18963e+06
8.91104e+06
8.69335e+06
8.54363e+06
8.4673e+06
1.93651e+07
1.93633e+07
1.9365e+07
1.93638e+07
1.90667e+07
1.86122e+07
1.81361e+07
1.76577e+07
1.71786e+07
1.66975e+07
1.62129e+07
1.57234e+07
1.52286e+07
1.47284e+07
1.4223e+07
1.37136e+07
1.32017e+07
1.26896e+07
1.21801e+07
1.16768e+07
1.1184e+07
1.07068e+07
1.02509e+07
9.82328e+06
9.43151e+06
9.08411e+06
8.7902e+06
8.55901e+06
8.39909e+06
8.31722e+06
1.93553e+07
1.93535e+07
1.93527e+07
1.93489e+07
1.89438e+07
1.8534e+07
1.80927e+07
1.76367e+07
1.71721e+07
1.67004e+07
1.62216e+07
1.57353e+07
1.52415e+07
1.47402e+07
1.42319e+07
1.37177e+07
1.3199e+07
1.26782e+07
1.21579e+07
1.16416e+07
1.11336e+07
1.06388e+07
1.01631e+07
9.71326e+06
9.2975e+06
8.92513e+06
8.60666e+06
8.35341e+06
8.17649e+06
8.08528e+06
1.93368e+07
1.93338e+07
1.93302e+07
1.9326e+07
1.88876e+07
1.84873e+07
1.80638e+07
1.76244e+07
1.71728e+07
1.67103e+07
1.62376e+07
1.57548e+07
1.52618e+07
1.4759e+07
1.42468e+07
1.37262e+07
1.31986e+07
1.26662e+07
1.21316e+07
1.15983e+07
1.10701e+07
1.05519e+07
1.00493e+07
9.56921e+06
9.12012e+06
8.71224e+06
8.35792e+06
8.07146e+06
7.8682e+06
7.76213e+06
1.93048e+07
1.93026e+07
1.92976e+07
1.92924e+07
1.88648e+07
1.84637e+07
1.80508e+07
1.76243e+07
1.71842e+07
1.67306e+07
1.62639e+07
1.57843e+07
1.5292e+07
1.47872e+07
1.42701e+07
1.37416e+07
1.3203e+07
1.26564e+07
1.21042e+07
1.15497e+07
1.09966e+07
1.04493e+07
9.91292e+06
9.39421e+06
8.90152e+06
8.44579e+06
8.04132e+06
7.70634e+06
7.46271e+06
7.33293e+06
1.92623e+07
1.92624e+07
1.92627e+07
1.92594e+07
1.88476e+07
1.84519e+07
1.80513e+07
1.7638e+07
1.7209e+07
1.67639e+07
1.6303e+07
1.58266e+07
1.53348e+07
1.48276e+07
1.43049e+07
1.37671e+07
1.32155e+07
1.2652e+07
1.20791e+07
1.14998e+07
1.09174e+07
1.03356e+07
9.75897e+06
9.19318e+06
8.64596e+06
8.1281e+06
7.65522e+06
7.24988e+06
6.94339e+06
6.77393e+06
1.92127e+07
1.92161e+07
1.92268e+07
1.92172e+07
1.88183e+07
1.84452e+07
1.80646e+07
1.76671e+07
1.725e+07
1.68131e+07
1.63576e+07
1.58842e+07
1.5393e+07
1.48834e+07
1.43546e+07
1.38065e+07
1.32399e+07
1.2657e+07
1.20605e+07
1.14531e+07
1.08376e+07
1.02169e+07
9.59415e+06
8.9736e+06
8.36104e+06
7.76545e+06
7.20158e+06
6.69456e+06
6.28704e+06
6.04547e+06
1.91605e+07
1.91614e+07
1.91786e+07
1.90277e+07
1.87637e+07
1.84459e+07
1.80949e+07
1.7716e+07
1.73106e+07
1.6881e+07
1.64301e+07
1.59597e+07
1.54696e+07
1.49585e+07
1.44238e+07
1.38642e+07
1.32806e+07
1.26757e+07
1.20527e+07
1.14144e+07
1.0763e+07
1.01001e+07
9.42718e+06
8.74603e+06
8.05915e+06
7.37109e+06
6.6911e+06
6.03972e+06
5.46475e+06
5.07545e+06
1.91147e+07
1.91148e+07
1.91104e+07
1.89779e+07
1.87631e+07
1.84798e+07
1.81529e+07
1.77915e+07
1.73954e+07
1.69701e+07
1.65221e+07
1.60547e+07
1.55674e+07
1.5057e+07
1.45179e+07
1.3946e+07
1.33426e+07
1.27124e+07
1.20602e+07
1.13889e+07
1.06998e+07
9.99326e+06
9.26849e+06
8.5242e+06
7.75845e+06
6.96865e+06
6.15202e+06
5.30849e+06
4.4568e+06
3.71612e+06
1.90823e+07
1.9081e+07
1.90707e+07
1.90342e+07
1.88308e+07
1.85573e+07
1.82456e+07
1.79016e+07
1.75094e+07
1.7082e+07
1.66336e+07
1.61694e+07
1.56885e+07
1.5184e+07
1.46449e+07
1.40594e+07
1.34312e+07
1.27712e+07
1.20868e+07
1.13811e+07
1.06543e+07
9.90464e+06
9.12931e+06
8.32385e+06
7.48179e+06
6.59305e+06
5.63984e+06
4.58541e+06
3.33783e+06
1.61612e+06
1.90624e+07
1.90614e+07
1.9053e+07
1.90205e+07
1.8982e+07
1.86729e+07
1.83706e+07
1.80599e+07
1.76586e+07
1.72148e+07
1.67608e+07
1.63011e+07
1.5833e+07
1.53458e+07
1.48183e+07
1.42156e+07
1.35516e+07
1.28544e+07
1.21348e+07
1.13945e+07
1.06314e+07
9.84175e+06
9.02026e+06
8.16008e+06
7.25183e+06
6.2819e+06
5.22888e+06
4.05548e+06
2.693e+06
1.02663e+06
1.90531e+07
1.90507e+07
1.90324e+07
1.89649e+07
1.88381e+07
1.86798e+07
1.85127e+07
1.83087e+07
1.78504e+07
1.73579e+07
1.68936e+07
1.64411e+07
1.59965e+07
1.55477e+07
1.50671e+07
1.44328e+07
1.37054e+07
1.29599e+07
1.22034e+07
1.14306e+07
1.06352e+07
9.81067e+06
8.9499e+06
8.04439e+06
7.08354e+06
6.05386e+06
4.9383e+06
3.71464e+06
2.35205e+06
824039
1.90488e+07
1.90439e+07
1.90192e+07
1.89533e+07
1.88306e+07
1.86723e+07
1.84991e+07
1.83132e+07
1.80934e+07
1.74729e+07
1.70146e+07
1.65734e+07
1.61644e+07
1.57814e+07
1.54696e+07
1.47432e+07
1.38771e+07
1.30766e+07
1.22883e+07
1.14894e+07
1.06681e+07
9.81582e+06
8.92427e+06
7.98404e+06
6.98408e+06
5.91171e+06
4.7558e+06
3.51275e+06
2.17653e+06
741517
1.90478e+07
1.90411e+07
1.90054e+07
1.89324e+07
1.88093e+07
1.86466e+07
1.84533e+07
1.82282e+07
1.79241e+07
1.74729e+07
1.70156e+07
1.65743e+07
1.61655e+07
1.57827e+07
1.54749e+07
1.52156e+07
1.39959e+07
1.31961e+07
1.23996e+07
1.15851e+07
1.07441e+07
9.86923e+06
8.95219e+06
7.98328e+06
6.95222e+06
5.84838e+06
4.66951e+06
3.41559e+06
2.08709e+06
702811
1.90524e+07
1.90452e+07
1.90017e+07
1.8919e+07
1.87881e+07
1.86113e+07
1.83926e+07
1.81322e+07
1.78138e+07
1.74266e+07
1.70028e+07
1.65727e+07
1.61591e+07
1.57491e+07
1.53327e+07
1.4788e+07
1.39919e+07
1.31971e+07
1.24007e+07
1.15862e+07
1.0745e+07
9.86994e+06
8.95281e+06
7.98399e+06
6.95365e+06
5.85163e+06
4.67187e+06
3.41207e+06
2.08377e+06
703088
1.91216e+07
1.91006e+07
1.90373e+07
1.89314e+07
1.87801e+07
1.85824e+07
1.83418e+07
1.80613e+07
1.77425e+07
1.73812e+07
1.69842e+07
1.65669e+07
1.614e+07
1.5692e+07
1.51996e+07
1.46214e+07
1.39399e+07
1.31975e+07
1.24242e+07
1.16232e+07
1.07909e+07
9.92196e+06
9.00964e+06
8.04639e+06
7.02385e+06
5.9317e+06
4.75907e+06
3.49574e+06
2.14587e+06
727213
1.92572e+07
1.92134e+07
1.9122e+07
1.89835e+07
1.88028e+07
1.85822e+07
1.83246e+07
1.80328e+07
1.77108e+07
1.73578e+07
1.6974e+07
1.65629e+07
1.61251e+07
1.56534e+07
1.5134e+07
1.45571e+07
1.39169e+07
1.32182e+07
1.24751e+07
1.16944e+07
1.08759e+07
1.00166e+07
9.11193e+06
8.1572e+06
7.14647e+06
6.07218e+06
4.91995e+06
3.66843e+06
2.29209e+06
790709
1.94741e+07
1.93956e+07
1.92554e+07
1.90732e+07
1.88581e+07
1.86131e+07
1.83395e+07
1.80388e+07
1.77127e+07
1.7361e+07
1.69817e+07
1.65725e+07
1.61304e+07
1.5651e+07
1.51288e+07
1.45603e+07
1.39428e+07
1.32747e+07
1.25593e+07
1.17995e+07
1.09963e+07
1.0148e+07
9.25235e+06
8.3068e+06
7.30864e+06
6.25524e+06
5.13674e+06
3.92949e+06
2.5686e+06
955579
1.97849e+07
1.96267e+07
1.94177e+07
1.91864e+07
1.89366e+07
1.86676e+07
1.83787e+07
1.80693e+07
1.7739e+07
1.73864e+07
1.70084e+07
1.66012e+07
1.61609e+07
1.56845e+07
1.51692e+07
1.46129e+07
1.40131e+07
1.33672e+07
1.26738e+07
1.19327e+07
1.11442e+07
1.03076e+07
9.42261e+06
8.48692e+06
7.50001e+06
6.46345e+06
5.37934e+06
4.24334e+06
3.01265e+06
1.44508e+06
2.01825e+07
1.98649e+07
1.95849e+07
1.93093e+07
1.90282e+07
1.87374e+07
1.84344e+07
1.81169e+07
1.77829e+07
1.74296e+07
1.70537e+07
1.6651e+07
1.62178e+07
1.57511e+07
1.52482e+07
1.47066e+07
1.41232e+07
1.34947e+07
1.28185e+07
1.20932e+07
1.13187e+07
1.04941e+07
9.622e+06
8.69841e+06
7.72229e+06
6.69415e+06
5.63104e+06
4.54109e+06
3.52432e+06
2.75162e+06
2.0494e+07
2.00942e+07
1.97514e+07
1.94352e+07
1.91269e+07
1.88174e+07
1.85023e+07
1.81781e+07
1.7842e+07
1.74903e+07
1.71197e+07
1.67256e+07
1.63046e+07
1.58526e+07
1.53662e+07
1.48416e+07
1.42742e+07
1.36602e+07
1.29964e+07
1.22835e+07
1.15212e+07
1.07078e+07
9.84773e+06
8.93833e+06
7.97818e+06
6.95258e+06
5.88462e+06
4.87129e+06
4.00719e+06
3.30827e+06
2.07303e+07
2.03046e+07
1.99224e+07
1.95709e+07
1.92361e+07
1.89084e+07
1.85819e+07
1.82521e+07
1.79156e+07
1.75682e+07
1.72066e+07
1.68254e+07
1.64212e+07
1.59879e+07
1.55214e+07
1.50155e+07
1.44642e+07
1.38618e+07
1.32043e+07
1.24968e+07
1.17431e+07
1.09446e+07
1.00905e+07
9.18228e+06
8.27626e+06
7.26174e+06
6.08977e+06
5.0857e+06
4.3268e+06
3.88324e+06
2.09152e+07
2.04784e+07
2.00738e+07
1.96974e+07
1.93415e+07
1.89986e+07
1.86627e+07
1.83293e+07
1.79947e+07
1.76548e+07
1.73061e+07
1.69426e+07
1.65608e+07
1.61513e+07
1.57102e+07
1.52261e+07
1.46911e+07
1.40975e+07
1.34428e+07
1.27268e+07
1.19657e+07
1.12129e+07
1.037e+07
9.37689e+06
8.589e+06
7.88606e+06
6.17327e+06
5.11144e+06
4.35902e+06
3.9452e+06
2.10605e+07
2.06181e+07
2.02019e+07
1.98107e+07
1.94403e+07
1.90862e+07
1.87435e+07
1.84089e+07
1.80786e+07
1.77497e+07
1.74179e+07
1.70781e+07
1.67242e+07
1.63457e+07
1.59361e+07
1.5477e+07
1.49566e+07
1.43646e+07
1.37218e+07
1.29867e+07
1.21358e+07
1.14842e+07
1.09174e+07
9.42683e+06
8.59728e+06
7.89082e+06
6.89215e+06
6.0686e+06
5.48056e+06
5.16915e+06
2.11739e+07
2.07285e+07
2.03061e+07
1.99062e+07
1.95265e+07
1.91649e+07
1.88177e+07
1.84835e+07
1.81587e+07
1.78426e+07
1.75298e+07
1.7218e+07
1.68972e+07
1.65586e+07
1.61883e+07
1.57587e+07
1.52556e+07
1.46487e+07
1.40111e+07
1.34688e+07
1.21495e+07
1.14852e+07
1.07839e+07
9.78618e+06
8.94827e+06
8.19585e+06
7.43586e+06
6.79025e+06
6.32547e+06
6.08168e+06
2.12605e+07
2.08134e+07
2.03875e+07
1.99825e+07
1.95974e+07
1.9231e+07
1.88816e+07
1.85485e+07
1.823e+07
1.79266e+07
1.76346e+07
1.73538e+07
1.70728e+07
1.67851e+07
1.64643e+07
1.60729e+07
1.56026e+07
1.51167e+07
1.40397e+07
1.32951e+07
1.23746e+07
1.15852e+07
1.08121e+07
9.98568e+06
9.21376e+06
8.50846e+06
7.86516e+06
7.33109e+06
6.94939e+06
6.75042e+06
2.13234e+07
2.08752e+07
2.04474e+07
2.00395e+07
1.96513e+07
1.92822e+07
1.89319e+07
1.86001e+07
1.82874e+07
1.79947e+07
1.77223e+07
1.74708e+07
1.72328e+07
1.70014e+07
1.67445e+07
1.64098e+07
1.58829e+07
1.50577e+07
1.41454e+07
1.33122e+07
1.24688e+07
1.16687e+07
1.08936e+07
1.01307e+07
9.41264e+06
8.75904e+06
8.18526e+06
7.71954e+06
7.39057e+06
7.22019e+06
2.13644e+07
2.09157e+07
2.04867e+07
2.00773e+07
1.96875e+07
1.9317e+07
1.89664e+07
1.86357e+07
1.83271e+07
1.80418e+07
1.7784e+07
1.75556e+07
1.73582e+07
1.71845e+07
1.70098e+07
1.67614e+07
1.58681e+07
1.50263e+07
1.41722e+07
1.33394e+07
1.25197e+07
1.17272e+07
1.09631e+07
1.02308e+07
9.54707e+06
8.92982e+06
8.39727e+06
7.97126e+06
7.67316e+06
7.51958e+06
2.13846e+07
2.09357e+07
2.05062e+07
2.00961e+07
1.97057e+07
1.93346e+07
1.8984e+07
1.86539e+07
1.83473e+07
1.80656e+07
1.78151e+07
1.75985e+07
1.74274e+07
1.73023e+07
1.72289e+07
1.65777e+07
1.58177e+07
1.50072e+07
1.41776e+07
1.33535e+07
1.25434e+07
1.17571e+07
1.10008e+07
1.02822e+07
9.61506e+06
9.01587e+06
8.50274e+06
8.09507e+06
7.81121e+06
7.6654e+06
)
;

boundaryField
{
    inlet1
    {
        type            fixedGradient;
        gradient        uniform 20000;
    }
    inlet2
    {
        type            zeroGradient;
    }
    inlet3
    {
        type            fixedGradient;
        gradient        uniform 4.68141e+06;
    }
    output1
    {
        type            zeroGradient;
    }
    output2
    {
        type            fixedValue;
        value           uniform 0;
    }
    output3
    {
        type            zeroGradient;
    }
    up
    {
        type            zeroGradient;
    }
    down
    {
        type            zeroGradient;
    }
    emptyWalls
    {
        type            empty;
    }
}


// ************************************************************************* //
