/*--------------------------------*- C++ -*----------------------------------*\
  =========                 |
  \\      /  F ield         | OpenFOAM: The Open Source CFD Toolbox
   \\    /   O peration     | Website:  https://openfoam.org
    \\  /    A nd           | Version:  9
     \\/     M anipulation  |
\*---------------------------------------------------------------------------*/
FoamFile
{
    format      ascii;
    class       surfaceScalarField;
    location    "15000";
    object      phi;
}
// * * * * * * * * * * * * * * * * * * * * * * * * * * * * * * * * * * * * * //

dimensions      [0 3 -1 0 0 0 0];

internalField   nonuniform List<scalar> 
1740
(
1.89193e-08
6.0563e-08
2.83984e-09
8.44425e-09
1.97098e-09
1.3034e-08
1.64518e-09
-3.80323e-10
1.72654e-09
1.5594e-10
2.14579e-09
1.34233e-10
2.07866e-09
8.37865e-11
2.03176e-09
4.49879e-11
2.00848e-09
1.9318e-11
2.00231e-09
3.01694e-12
2.00691e-09
-6.91905e-12
2.01742e-09
-1.23162e-11
2.0301e-09
-1.41909e-11
2.0418e-09
-1.30707e-11
2.04968e-09
-9.2005e-12
2.05101e-09
-2.66338e-12
2.04311e-09
6.54647e-12
2.02322e-09
1.84831e-11
1.98854e-09
3.32303e-11
1.93615e-09
5.08889e-11
1.86309e-09
7.15515e-11
1.76638e-09
9.5254e-11
1.64319e-09
1.21903e-10
1.49113e-09
1.51166e-10
1.30854e-09
1.82321e-10
1.09511e-09
2.14115e-10
8.52365e-10
2.44649e-10
5.84225e-10
2.71413e-10
2.9718e-10
2.91548e-10
3.02421e-10
2.10682e-08
1.53027e-07
1.81389e-08
3.0949e-08
1.64834e-08
1.93991e-08
2.52019e-09
-2.69651e-10
1.82527e-09
5.99568e-10
2.21369e-09
2.98797e-10
2.06048e-09
1.55931e-10
2.00814e-09
7.68522e-11
1.99139e-09
2.92743e-11
1.99155e-09
-3.23951e-13
2.00098e-09
-1.83697e-11
2.01526e-09
-2.81485e-11
2.03109e-09
-3.13723e-11
2.04562e-09
-2.88916e-11
2.05621e-09
-2.107e-11
2.06025e-09
-8.00083e-12
2.05508e-09
1.03635e-11
2.03802e-09
3.41515e-11
2.00624e-09
6.35461e-11
1.95682e-09
9.87706e-11
1.88673e-09
1.40055e-10
1.79284e-09
1.87551e-10
1.67208e-09
2.41187e-10
1.52164e-09
3.00433e-10
1.33939e-09
3.64001e-10
1.12442e-09
4.29485e-10
8.7777e-10
4.93065e-10
6.03132e-10
5.49451e-10
3.07309e-10
5.92347e-10
6.15717e-10
2.44224e-08
2.56971e-07
6.8045e-12
5.56521e-08
1.48879e-10
1.27696e-08
1.10786e-09
4.64353e-11
1.70938e-09
5.71847e-10
1.91574e-09
3.07924e-10
1.94313e-09
1.64293e-10
1.94894e-09
7.72175e-11
1.95738e-09
2.12535e-11
1.97151e-09
-1.52164e-11
1.99022e-09
-3.80867e-11
2.01156e-09
-5.0537e-11
2.03336e-09
-5.42614e-11
2.05338e-09
-5.00585e-11
2.06929e-09
-3.8193e-11
2.07867e-09
-1.86392e-11
2.07896e-09
8.75413e-12
2.06752e-09
4.42121e-11
2.04157e-09
8.80284e-11
1.99816e-09
1.40587e-10
1.93416e-09
2.02341e-10
1.84617e-09
2.73706e-10
1.73064e-09
3.54858e-10
1.58398e-09
4.45379e-10
1.40297e-09
5.4376e-10
1.18542e-09
6.46751e-10
9.31159e-10
7.48671e-10
6.43225e-10
8.40975e-10
3.28931e-10
9.12664e-10
9.52379e-10
2.10737e-08
3.05017e-07
3.59247e-09
7.2084e-08
1.13112e-09
1.6506e-08
1.11697e-09
6.52954e-11
1.69322e-09
2.62359e-10
1.77694e-09
1.98415e-10
1.84741e-09
1.16097e-10
1.88713e-09
4.64709e-11
1.91767e-09
-6.26285e-12
1.94688e-09
-4.37109e-11
1.97684e-09
-6.82258e-11
2.00738e-09
-8.16557e-11
2.03739e-09
-8.5083e-11
2.06524e-09
-7.88945e-11
2.08892e-09
-6.30077e-11
2.10617e-09
-3.71231e-11
2.11456e-09
-9.22124e-13
2.11152e-09
4.59111e-11
2.09434e-09
1.03765e-10
2.0601e-09
1.73207e-10
2.00557e-09
2.55014e-10
1.92706e-09
3.50075e-10
1.82033e-09
4.59161e-10
1.68066e-09
5.82464e-10
1.50308e-09
7.18909e-10
1.28314e-09
8.6509e-10
1.01823e-09
1.0139e-09
7.09679e-10
1.15311e-09
3.65193e-10
1.26495e-09
1.32875e-09
2.20001e-08
3.5857e-07
6.68802e-09
8.80589e-08
1.72963e-09
2.0594e-08
1.15534e-09
9.62085e-11
1.68967e-09
1.20988e-10
1.71415e-09
1.07326e-10
1.78246e-09
5.52074e-11
1.83448e-09
-1.16825e-12
1.87931e-09
-4.90662e-11
1.92151e-09
-8.51401e-11
1.96287e-09
-1.09453e-10
2.00374e-09
-1.22782e-10
2.0436e-09
-1.25524e-10
2.08125e-09
-1.17435e-10
2.11496e-09
-9.78222e-11
2.14254e-09
-6.59277e-11
2.1616e-09
-2.12307e-11
2.16966e-09
3.65867e-11
2.16416e-09
1.07908e-10
2.14232e-09
1.93459e-10
2.10096e-09
2.94428e-10
2.03615e-09
4.12425e-10
1.94296e-09
5.49248e-10
1.81524e-09
7.06414e-10
1.64557e-09
8.84326e-10
1.42584e-09
1.0808e-09
1.14892e-09
1.28872e-09
8.12074e-10
1.49259e-09
4.22166e-10
1.6653e-09
1.76894e-09
1.57397e-08
4.55001e-07
6.40177e-09
9.52486e-08
1.95104e-09
2.84702e-08
1.216e-09
1.32497e-10
1.66951e-09
8.7927e-11
1.68032e-09
5.46987e-11
1.73378e-09
-1.42632e-12
1.78904e-09
-5.72867e-11
1.84359e-09
-1.03698e-10
1.89697e-09
-1.38336e-10
1.94939e-09
-1.61671e-10
2.00111e-09
-1.74502e-10
2.05199e-09
-1.76801e-10
2.10121e-09
-1.67503e-10
2.14711e-09
-1.44919e-10
2.18742e-09
-1.07537e-10
2.21964e-09
-5.4661e-11
2.24136e-09
1.3754e-11
2.25029e-09
9.78189e-11
2.24406e-09
1.9829e-10
2.21979e-09
3.16817e-10
2.17362e-09
4.55957e-10
2.10014e-09
6.18995e-10
1.99177e-09
8.09621e-10
1.8381e-09
1.03117e-09
1.62573e-09
1.28508e-09
1.33954e-09
1.56758e-09
9.67538e-10
1.86326e-09
5.11406e-10
2.13472e-09
2.31276e-09
5.00166e-09
5.5012e-07
5.43611e-10
9.7698e-08
1.19616e-09
2.7646e-08
1.23424e-09
3.09538e-10
1.62981e-09
1.32508e-10
1.6365e-09
2.49665e-11
1.68332e-09
-5.83285e-11
1.74432e-09
-1.22859e-10
1.80904e-09
-1.70111e-10
1.87339e-09
-2.02841e-10
1.93661e-09
-2.24403e-10
1.9993e-09
-2.36761e-10
2.06205e-09
-2.39678e-10
2.12449e-09
-2.30855e-10
2.18486e-09
-2.06819e-10
2.2404e-09
-1.64638e-10
2.28818e-09
-1.03632e-10
2.32583e-09
-2.47311e-11
2.35159e-09
7.13251e-11
2.36384e-09
1.85068e-10
2.36052e-09
3.18601e-10
2.33839e-09
4.7559e-10
2.29222e-09
6.61161e-10
2.21359e-09
8.81899e-10
2.08933e-09
1.14566e-09
1.89944e-09
1.46078e-09
1.61598e-09
1.83325e-09
1.20714e-09
2.25816e-09
6.55929e-10
2.69758e-09
3.03461e-09
-1.10051e-08
6.54765e-07
-7.1524e-09
8.09583e-08
2.81916e-10
9.73611e-09
1.19839e-09
4.77819e-10
1.55054e-09
1.41321e-10
1.55663e-09
-2.90158e-11
1.61866e-09
-1.33998e-10
1.69589e-09
-2.05717e-10
1.77485e-09
-2.51048e-10
1.85095e-09
-2.78516e-10
1.92436e-09
-2.96342e-10
1.99742e-09
-3.0846e-10
2.07242e-09
-3.143e-10
2.14982e-09
-3.09412e-10
2.22744e-09
-2.86872e-10
2.30112e-09
-2.40564e-10
2.36684e-09
-1.70498e-10
2.4222e-09
-8.03697e-11
2.46639e-09
2.71477e-11
2.4992e-09
1.52055e-10
2.52007e-09
2.9694e-10
2.52721e-09
4.66635e-10
2.51673e-09
6.68165e-10
2.48105e-09
9.1116e-10
2.4062e-09
1.20879e-09
2.26671e-09
1.57915e-09
2.0178e-09
2.0465e-09
1.58911e-09
2.63854e-09
9.05173e-10
3.36282e-09
4.09349e-09
-1.34742e-09
7.5131e-07
-5.40173e-09
8.44769e-08
5.1011e-10
1.48918e-10
1.01288e-09
2.3659e-10
1.27105e-09
-1.20671e-11
1.42152e-09
-1.48356e-10
1.53883e-09
-2.42934e-10
1.64572e-09
-3.14965e-10
1.74351e-09
-3.4985e-10
1.8312e-09
-3.63831e-10
1.91245e-09
-3.73993e-10
1.99361e-09
-3.86438e-10
2.08038e-09
-3.99653e-10
2.17495e-09
-4.05623e-10
2.27394e-09
-3.90691e-10
2.3698e-09
-3.40245e-10
2.45585e-09
-2.57424e-10
2.52975e-09
-1.534e-10
2.59257e-09
-3.44194e-11
2.6465e-09
9.90602e-11
2.69333e-09
2.5047e-10
2.73367e-09
4.25849e-10
2.76644e-09
6.33703e-10
2.78769e-09
8.85794e-10
2.78771e-09
1.19919e-09
2.74342e-09
1.60052e-09
2.59941e-09
2.13508e-09
2.22634e-09
2.88669e-09
1.37565e-09
4.02167e-09
5.88305e-09
1.2219e-08
8.4796e-07
2.9273e-09
8.44363e-08
4.44221e-10
4.01966e-09
8.59301e-10
-4.84885e-11
1.12632e-09
-2.90679e-10
1.31958e-09
-3.09485e-10
1.4694e-09
-3.74418e-10
1.60464e-09
-4.61361e-10
1.72228e-09
-4.69557e-10
1.8179e-09
-4.5297e-10
1.90062e-09
-4.49359e-10
1.98419e-09
-4.63651e-10
2.08056e-09
-4.92249e-10
2.19564e-09
-5.22746e-10
2.32358e-09
-5.30025e-10
2.44828e-09
-4.72301e-10
2.55701e-09
-3.65558e-10
2.64836e-09
-2.41388e-10
2.72763e-09
-1.1049e-10
2.80092e-09
2.81403e-11
2.87307e-09
1.80022e-10
2.94769e-09
3.5259e-10
3.02766e-09
5.55008e-10
3.11557e-09
7.99129e-10
3.21353e-09
1.10165e-09
3.31984e-09
1.48867e-09
3.41008e-09
2.00659e-09
3.34118e-09
2.75145e-09
2.37107e-09
3.95414e-09
6.24905e-09
1.81464e-08
8.44075e-07
9.92685e-09
8.65406e-08
3.45171e-09
1.62626e-08
7.20639e-10
1.01023e-08
1.07946e-09
-2.28957e-10
1.26109e-09
-3.20665e-10
1.41456e-09
-4.92699e-10
1.58118e-09
-6.86506e-10
1.72307e-09
-6.14046e-10
1.8175e-09
-5.29138e-10
1.88792e-09
-5.06823e-10
1.96199e-09
-5.26561e-10
2.06202e-09
-5.82947e-10
2.20347e-09
-6.63092e-10
2.37644e-09
-7.34364e-10
2.54274e-09
-6.5338e-10
2.67553e-09
-4.91121e-10
2.77905e-09
-3.36105e-10
2.86868e-09
-1.94293e-10
2.95646e-09
-5.60265e-11
3.05035e-09
8.88892e-11
3.15637e-09
2.49487e-10
3.28094e-09
4.34612e-10
3.43339e-09
6.5407e-10
3.631e-09
9.19622e-10
3.91235e-09
1.24591e-09
4.3799e-09
1.65117e-09
5.35723e-09
2.15839e-09
8.0524e-09
2.7944e-09
3.53832e-09
3.10367e-08
8.16376e-07
3.05524e-08
9.72359e-08
2.35326e-08
1.76315e-08
1.06893e-08
1.42762e-08
9.26728e-10
4.90272e-09
1.24358e-09
-9.96759e-11
1.34665e-09
-3.86454e-10
1.58244e-09
-6.71236e-10
1.77131e-09
-7.88366e-10
1.84112e-09
-5.42714e-10
1.87157e-09
-5.22268e-10
1.91383e-09
-5.5285e-10
2.00205e-09
-6.49892e-10
2.17978e-09
-8.12313e-10
2.43598e-09
-1.09096e-09
2.67072e-09
-9.15733e-10
2.82331e-09
-6.09438e-10
2.92365e-09
-4.17617e-10
3.01156e-09
-2.74543e-10
3.10592e-09
-1.46842e-10
3.21548e-09
-1.79168e-11
3.34651e-09
1.2186e-10
3.50634e-09
2.79885e-10
3.70605e-09
4.62922e-10
3.96472e-09
6.76854e-10
4.31864e-09
9.24197e-10
4.83993e-09
1.19377e-09
5.65544e-09
1.43654e-09
6.85849e-09
1.52674e-09
1.09475e-09
1.26563e-07
6.80926e-07
6.28691e-08
1.33645e-07
2.54499e-08
8.62001e-08
2.11881e-08
4.25558e-08
2.13939e-08
2.55701e-08
1.24849e-08
1.81667e-08
1.00537e-09
2.47207e-08
1.6394e-09
1.8167e-08
1.93862e-09
-5.06181e-10
1.90408e-09
-3.79075e-10
1.84342e-09
-3.81903e-10
1.8197e-09
-4.11955e-10
1.85258e-09
-5.08503e-10
2.07762e-09
-6.81549e-10
2.51699e-09
-1.07633e-09
2.88083e-09
-1.33179e-09
3.02333e-09
-6.26066e-10
3.08067e-09
-4.65827e-10
3.14801e-09
-3.55372e-10
3.24016e-09
-2.53499e-10
3.35917e-09
-1.47941e-10
3.50786e-09
-3.31665e-11
3.69185e-09
9.52156e-11
3.91975e-09
2.41011e-10
4.20319e-09
4.05578e-10
4.55757e-09
5.85057e-10
5.00575e-09
7.53954e-10
5.56613e-09
8.55509e-10
6.16559e-09
7.94173e-10
4.12965e-10
5.04205e-07
1.62273e-07
5.54665e-07
8.70835e-08
4.95249e-07
1.25741e-07
4.24927e-07
9.06952e-08
3.82674e-07
6.8259e-08
3.31454e-07
7.31826e-08
2.43006e-07
1.02976e-07
9.35661e-08
1.23178e-07
1.83014e-09
8.04e-08
2.01009e-09
1.04412e-08
1.77756e-09
2.48258e-09
1.66867e-09
2.49769e-11
1.51095e-09
1.15611e-09
1.76113e-09
7.7844e-09
2.67353e-09
4.2485e-08
3.31227e-09
-8.36752e-10
3.30851e-09
-3.87196e-10
3.2277e-09
-3.31327e-10
3.25963e-09
-2.81299e-10
3.34755e-09
-2.25724e-10
3.47317e-09
-1.63763e-10
3.63389e-09
-9.59799e-11
3.83346e-09
-2.12484e-11
4.07793e-09
6.21318e-11
4.37071e-09
1.55036e-10
4.70268e-09
2.60778e-10
5.05939e-09
3.76396e-10
5.43772e-09
4.30615e-10
5.78202e-09
3.36769e-10
1.53772e-10
3.19377e-07
-1.62831e-07
4.4866e-07
-4.57713e-08
5.78493e-07
1.99043e-08
6.19353e-07
5.30075e-08
6.41536e-07
6.43476e-08
6.28601e-07
8.77584e-08
6.1331e-07
1.31336e-07
5.2357e-07
1.8335e-07
4.2449e-07
1.59279e-07
4.0578e-07
4.38917e-08
3.91814e-07
1.36158e-08
3.94263e-07
2.6646e-09
3.72886e-07
1.08029e-08
3.4945e-07
3.71621e-08
1.79064e-07
1.30557e-07
2.97887e-09
1.08468e-07
2.82719e-09
8.7532e-09
2.38474e-09
-3.12379e-10
2.35144e-09
-3.95759e-09
2.36154e-09
-6.19266e-09
2.39222e-09
-7.82689e-09
2.45727e-09
-9.08052e-09
2.58125e-09
-1.01593e-08
2.84397e-09
-1.13976e-08
3.48645e-09
-1.31819e-08
4.96568e-09
-1.56065e-08
6.24178e-09
-1.71842e-08
5.22327e-09
-1.57755e-08
4.19275e-09
-1.20315e-08
-5.03524e-09
4.26853e-08
-2.12476e-07
1.33151e-07
-1.3795e-07
2.41982e-07
-7.97873e-08
3.19869e-07
-2.69246e-08
3.77758e-07
1.1013e-08
4.29976e-07
4.33995e-08
5.01168e-07
7.75853e-08
5.78873e-07
1.15228e-07
6.01293e-07
1.19032e-07
5.94893e-07
5.89472e-08
5.86088e-07
2.13876e-08
5.92178e-07
5.92431e-09
5.71626e-07
2.12853e-08
5.71672e-07
6.01636e-08
5.50931e-07
1.48821e-07
4.95961e-07
1.77761e-07
4.99115e-07
2.92143e-08
5.01375e-07
-5.79717e-09
5.19721e-07
-2.36855e-08
5.51353e-07
-3.56182e-08
5.9241e-07
-4.45416e-08
6.40373e-07
-5.14508e-08
6.94015e-07
-5.73195e-08
7.54113e-07
-6.37391e-08
8.21837e-07
-7.2353e-08
8.99697e-07
-8.38995e-08
9.844e-07
-9.50134e-08
1.07114e-06
-9.72392e-08
1.13617e-06
-8.04862e-08
-3.42819e-08
6.20335e-08
-2.8726e-07
1.25888e-07
-2.1426e-07
1.87655e-07
-1.4212e-07
2.45843e-07
-8.47304e-08
2.96293e-07
-3.69333e-08
3.47799e-07
-1.45866e-09
4.07847e-07
2.53103e-08
4.86406e-07
4.54553e-08
5.47866e-07
5.21737e-08
5.75936e-07
3.36715e-08
5.89033e-07
1.13725e-08
5.9918e-07
1.27575e-09
6.08495e-07
1.53476e-08
6.34314e-07
4.57613e-08
7.07302e-07
8.5925e-08
7.64549e-07
9.10242e-08
7.86892e-07
1.93513e-08
8.19257e-07
-3.23716e-08
8.64289e-07
-6.7345e-08
9.22931e-07
-9.30028e-08
9.92693e-07
-1.12462e-07
1.07107e-06
-1.27439e-07
1.1562e-06
-1.39688e-07
1.24878e-06
-1.5251e-07
1.34944e-06
-1.6861e-07
1.46398e-06
-1.91801e-07
1.59232e-06
-2.18967e-07
1.73794e-06
-2.3988e-07
1.86682e-06
-2.20138e-07
-1.12157e-07
7.31942e-08
-3.6853e-07
1.45686e-07
-2.83893e-07
2.20481e-07
-2.1462e-07
2.88748e-07
-1.4964e-07
3.49053e-07
-9.45661e-08
4.03394e-07
-5.3259e-08
4.55232e-07
-2.53757e-08
5.10983e-07
-9.03021e-09
5.6402e-07
-1.98215e-09
6.04339e-07
-6.01586e-09
6.34043e-07
-1.56573e-08
6.59211e-07
-2.02255e-08
6.9157e-07
-1.2939e-08
7.38666e-07
6.76886e-10
8.16234e-07
8.86482e-09
9.01122e-07
-3.58348e-09
9.68453e-07
-4.49228e-08
1.03678e-06
-9.4594e-08
1.11208e-06
-1.37928e-07
1.19433e-06
-1.71657e-07
1.28197e-06
-1.96841e-07
1.37222e-06
-2.15044e-07
1.46471e-06
-2.29234e-07
1.55742e-06
-2.42762e-07
1.65173e-06
-2.58497e-07
1.74931e-06
-2.83798e-07
1.8595e-06
-3.19293e-07
1.99355e-06
-3.65849e-07
2.15268e-06
-3.81952e-07
-2.76744e-07
1.19754e-07
-4.89981e-07
2.27113e-07
-3.82717e-07
3.2001e-07
-3.01007e-07
3.99137e-07
-2.25373e-07
4.67715e-07
-1.6143e-07
5.28994e-07
-1.13065e-07
5.86116e-07
-8.11268e-08
6.41497e-07
-6.26746e-08
6.94777e-07
-5.38594e-08
7.42391e-07
-5.24764e-08
7.84241e-07
-5.5991e-08
8.2591e-07
-5.97082e-08
8.77249e-07
-6.16157e-08
9.44849e-07
-6.489e-08
1.03049e-06
-7.61511e-08
1.12545e-06
-9.89191e-08
1.21605e-06
-1.34179e-07
1.30069e-06
-1.76093e-07
1.38041e-06
-2.15257e-07
1.45514e-06
-2.45037e-07
1.52513e-06
-2.66668e-07
1.58959e-06
-2.79927e-07
1.65085e-06
-2.90897e-07
1.70543e-06
-2.98636e-07
1.7543e-06
-3.06884e-07
1.79086e-06
-3.19839e-07
1.82744e-06
-3.46595e-07
1.87613e-06
-3.99555e-07
1.99383e-06
-4.74031e-07
-5.70739e-07
2.31008e-07
-6.80287e-07
4.00903e-07
-5.32595e-07
5.02694e-07
-3.99572e-07
5.69724e-07
-2.92325e-07
6.22026e-07
-2.14018e-07
6.68564e-07
-1.59443e-07
7.12669e-07
-1.2494e-07
7.55393e-07
-1.0477e-07
7.97289e-07
-9.52833e-08
8.37796e-07
-9.26989e-08
8.78098e-07
-9.59494e-08
9.22523e-07
-1.03285e-07
9.76829e-07
-1.14947e-07
1.04416e-06
-1.3163e-07
1.12195e-06
-1.543e-07
1.20468e-06
-1.82298e-07
1.28269e-06
-2.13153e-07
1.35019e-06
-2.4345e-07
1.40384e-06
-2.69138e-07
1.44652e-06
-2.86979e-07
1.47937e-06
-2.99854e-07
1.50516e-06
-3.04474e-07
1.52544e-06
-3.10684e-07
1.53824e-06
-3.10034e-07
1.54328e-06
-3.11675e-07
1.52812e-06
-3.04793e-07
1.50093e-06
-3.12073e-07
1.45787e-06
-3.49679e-07
1.64946e-06
-5.40618e-07
-1.02964e-06
8.50057e-07
-6.54229e-07
7.8116e-07
-5.08439e-07
7.33051e-07
-3.72578e-07
7.0535e-07
-2.74424e-07
6.95424e-07
-2.08939e-07
6.98804e-07
-1.65047e-07
7.1079e-07
-1.38198e-07
7.28351e-07
-1.22685e-07
7.50475e-07
-1.17556e-07
7.77217e-07
-1.19002e-07
8.10324e-07
-1.28393e-07
8.51406e-07
-1.43213e-07
9.03191e-07
-1.65477e-07
9.64782e-07
-1.92327e-07
1.03383e-06
-2.22694e-07
1.1054e-06
-2.53621e-07
1.1721e-06
-2.79592e-07
1.22851e-06
-2.98937e-07
1.26853e-06
-3.07678e-07
1.29639e-06
-3.11083e-07
1.30981e-06
-3.11048e-07
1.31623e-06
-3.06445e-07
1.30917e-06
-3.0342e-07
1.29284e-06
-2.88054e-07
1.26553e-06
-2.90087e-07
1.23236e-06
-2.70972e-07
1.13978e-06
-2.35086e-07
1.06218e-06
-2.57897e-07
8.04694e-07
-4.33177e-07
-7.25145e-07
7.23869e-07
-4.53914e-07
6.1003e-07
-3.80253e-07
5.60572e-07
-3.13847e-07
5.50609e-07
-2.57109e-07
5.59634e-07
-2.12676e-07
5.78353e-07
-1.79442e-07
6.01423e-07
-1.58521e-07
6.28626e-07
-1.46775e-07
6.5949e-07
-1.46349e-07
6.96291e-07
-1.52677e-07
7.4021e-07
-1.7031e-07
7.91788e-07
-1.91937e-07
8.52569e-07
-2.24531e-07
9.18024e-07
-2.56338e-07
9.88162e-07
-2.91975e-07
1.0549e-06
-3.20785e-07
1.11287e-06
-3.37649e-07
1.1532e-06
-3.40584e-07
1.17163e-06
-3.26271e-07
1.17029e-06
-3.09414e-07
1.14602e-06
-2.86288e-07
1.11908e-06
-2.79868e-07
1.07287e-06
-2.6564e-07
1.00641e-06
-2.16368e-07
9.52373e-07
-2.37286e-07
8.79347e-07
-2.33706e-07
7.61738e-07
-1.21185e-07
6.11981e-07
-1.24239e-07
3.10386e-07
-1.68435e-07
-1.06008e-07
8.23796e-07
-3.60859e-07
7.76919e-07
-3.38185e-07
7.52648e-07
-2.99653e-07
7.41777e-07
-2.55765e-07
7.37379e-07
-2.16032e-07
7.37959e-07
-1.85486e-07
7.40418e-07
-1.6584e-07
7.47206e-07
-1.56522e-07
7.56073e-07
-1.58942e-07
7.71711e-07
-1.69809e-07
7.92034e-07
-1.94079e-07
8.2076e-07
-2.21308e-07
8.57557e-07
-2.6439e-07
8.97938e-07
-2.9753e-07
9.4527e-07
-3.41354e-07
9.84349e-07
-3.61785e-07
1.01013e-06
-3.65039e-07
1.00746e-06
-3.40879e-07
9.87337e-07
-3.06528e-07
9.41696e-07
-2.68939e-07
8.71142e-07
-2.08459e-07
8.19371e-07
-2.23081e-07
7.41125e-07
-2.19722e-07
6.58126e-07
-1.07194e-07
5.70445e-07
-1.3809e-07
4.76153e-07
-1.10721e-07
3.97863e-07
-3.04444e-08
2.84031e-07
-2.47703e-08
1.32906e-07
-3.32194e-08
-3.48766e-08
8.38699e-07
-2.84707e-07
7.71751e-07
-2.69516e-07
7.17047e-07
-2.43716e-07
6.76607e-07
-2.14575e-07
6.4891e-07
-1.86866e-07
6.31482e-07
-1.66341e-07
6.21057e-07
-1.53045e-07
6.18298e-07
-1.50708e-07
6.20062e-07
-1.57715e-07
6.32502e-07
-1.77029e-07
6.49227e-07
-2.07698e-07
6.81153e-07
-2.45257e-07
7.17025e-07
-2.98273e-07
7.6026e-07
-3.32203e-07
8.07735e-07
-3.87265e-07
8.32514e-07
-3.82722e-07
8.29403e-07
-3.63039e-07
7.87998e-07
-2.97931e-07
7.43924e-07
-2.56097e-07
6.67399e-07
-2.19703e-07
5.85227e-07
-9.96398e-08
5.05417e-07
-1.30371e-07
4.05483e-07
-1.02259e-07
3.53379e-07
-2.53046e-08
1.82862e-07
-3.74276e-08
1.35561e-08
-3.11082e-09
4.66324e-09
-2.0985e-09
3.02907e-09
-2.70509e-09
1.60582e-09
-3.17106e-09
-3.47817e-09
8.52205e-07
-2.22286e-07
7.98163e-07
-2.14093e-07
7.55196e-07
-2.00421e-07
7.23045e-07
-1.83871e-07
7.01181e-07
-1.66426e-07
6.85852e-07
-1.53409e-07
6.76431e-07
-1.44804e-07
6.70665e-07
-1.47041e-07
6.68237e-07
-1.56114e-07
6.71609e-07
-1.81799e-07
6.75062e-07
-2.13005e-07
6.92642e-07
-2.62454e-07
7.01591e-07
-3.13013e-07
7.2751e-07
-3.54358e-07
7.42215e-07
-4.11053e-07
7.14605e-07
-3.58295e-07
6.52475e-07
-3.14719e-07
5.7246e-07
-2.2603e-07
4.84579e-07
-1.51814e-07
3.81647e-07
-9.94447e-08
3.27501e-07
-2.09955e-08
1.64156e-07
-3.53745e-08
8.67068e-09
-1.16311e-09
3.91886e-09
-9.83898e-10
3.29396e-09
-9.9166e-10
3.58485e-09
-9.42544e-10
3.28653e-09
-2.27204e-09
2.34872e-09
-2.98924e-09
1.23061e-09
-3.49127e-09
-3.77835e-09
8.6168e-07
-1.69748e-07
8.13624e-07
-1.65165e-07
7.7117e-07
-1.57373e-07
7.3406e-07
-1.47238e-07
7.03983e-07
-1.36345e-07
6.77268e-07
-1.27956e-07
6.5623e-07
-1.23083e-07
6.34603e-07
-1.2683e-07
6.17643e-07
-1.36711e-07
5.98502e-07
-1.63541e-07
5.84531e-07
-1.93707e-07
5.78155e-07
-2.53933e-07
5.66403e-07
-2.95339e-07
5.87826e-07
-3.63693e-07
5.58364e-07
-3.89044e-07
4.85992e-07
-2.79106e-07
3.858e-07
-2.16389e-07
2.98633e-07
-9.36127e-08
1.47685e-07
-3.95143e-08
3.57947e-09
-9.98202e-11
3.40373e-09
-5.6717e-10
3.11458e-09
-2.89028e-10
3.59232e-09
-4.48603e-12
3.48184e-09
-9.18091e-10
3.15332e-09
-1.09848e-09
2.96558e-09
-1.20008e-09
2.557e-09
-1.75049e-09
1.84861e-09
-2.22751e-09
9.6789e-10
-2.57524e-09
-2.76412e-09
8.67379e-07
-1.23234e-07
8.23463e-07
-1.20576e-07
7.82772e-07
-1.1627e-07
7.45677e-07
-1.10257e-07
7.13511e-07
-1.04284e-07
6.83796e-07
-9.92493e-08
6.58478e-07
-9.77324e-08
6.31179e-07
-1.01321e-07
6.08083e-07
-1.12294e-07
5.77321e-07
-1.35366e-07
5.55855e-07
-1.67515e-07
5.25459e-07
-2.26942e-07
5.05363e-07
-2.66747e-07
4.99239e-07
-3.59116e-07
3.9539e-07
-3.07286e-07
2.7853e-07
-1.66589e-07
1.28346e-07
-8.08676e-08
7.34062e-09
-1.34448e-09
3.54349e-09
-2.71149e-10
3.43002e-09
1.14107e-10
3.32576e-09
-4.71928e-10
3.21355e-09
-3.30774e-10
3.24995e-09
-2.64972e-10
3.12571e-09
-5.99211e-10
2.87189e-09
-8.10692e-10
2.56714e-09
-1.00061e-09
2.12727e-09
-1.3024e-09
1.52084e-09
-1.59505e-09
7.92344e-10
-1.81804e-09
-1.93878e-09
8.70848e-07
-8.04035e-08
8.29774e-07
-7.89419e-08
7.90334e-07
-7.66939e-08
7.5358e-07
-7.3346e-08
7.19255e-07
-7.03632e-08
6.8716e-07
-6.75293e-08
6.56289e-07
-6.7628e-08
6.24102e-07
-6.99987e-08
5.90782e-07
-7.93803e-08
5.48693e-07
-9.45715e-08
5.07292e-07
-1.23691e-07
4.45558e-07
-1.66433e-07
4.08348e-07
-2.15603e-07
3.38373e-07
-2.93532e-07
1.91445e-07
-1.73181e-07
6.25796e-08
-4.91084e-08
3.09593e-09
-1.9481e-10
3.53977e-09
1.43223e-10
3.47793e-09
-1.67307e-10
3.37424e-09
-8.70407e-11
3.27109e-09
-2.23294e-10
3.1639e-09
-2.34204e-10
3.06822e-09
-2.62381e-10
2.89915e-09
-4.03087e-10
2.6414e-09
-5.44457e-10
2.30384e-09
-6.89244e-10
1.86409e-09
-8.63438e-10
1.31513e-09
-1.03226e-09
6.80647e-10
-1.16307e-09
-1.23417e-09
8.72857e-07
-3.9708e-08
8.33472e-07
-3.90693e-08
7.94826e-07
-3.80991e-08
7.58401e-07
-3.66259e-08
7.22788e-07
-3.5396e-08
6.8947e-07
-3.41717e-08
6.54953e-07
-3.45181e-08
6.20564e-07
-3.57253e-08
5.80124e-07
-4.09945e-08
5.33836e-07
-4.8344e-08
4.74591e-07
-6.59378e-08
3.96787e-07
-8.78505e-08
3.21799e-07
-1.33247e-07
1.89101e-07
-1.63893e-07
4.75295e-08
-5.32975e-08
2.88301e-09
2.19604e-11
3.48692e-09
1.1757e-10
3.43796e-09
7.0707e-11
3.39382e-09
-3.82293e-11
3.31793e-09
-5.63174e-11
3.22047e-09
-9.99938e-11
3.10275e-09
-1.20363e-10
2.95989e-09
-1.47256e-10
2.76128e-09
-2.06287e-10
2.49071e-09
-2.74803e-10
2.14273e-09
-3.48471e-10
1.7101e-09
-4.29845e-10
1.19496e-09
-5.07476e-10
6.15119e-10
-5.67799e-10
-6.00652e-10
8.738e-07
8.35148e-07
7.96958e-07
7.60614e-07
7.24543e-07
6.90481e-07
6.54404e-07
6.18758e-07
5.75101e-07
5.27228e-07
4.57757e-07
3.71686e-07
2.36818e-07
6.91031e-08
2.00876e-09
3.03039e-09
3.26292e-09
3.34745e-09
3.34148e-09
3.28318e-09
3.19013e-09
3.06673e-09
2.90732e-09
2.69535e-09
2.41744e-09
2.06626e-09
1.63861e-09
1.13948e-09
5.84869e-10
)
;

boundaryField
{
    inlet1
    {
        type            calculated;
        value           nonuniform List<scalar> 10(-1e-07 -1e-07 -1e-07 -1e-07 -1e-07 -1e-07 -1e-07 -1e-07 -1e-07 -1e-07);
    }
    inlet2
    {
        type            calculated;
        value           uniform 0;
    }
    inlet3
    {
        type            calculated;
        value           nonuniform List<scalar> 10(-9.13394e-07 -9.13394e-07 -9.13394e-07 -9.13394e-07 -9.13394e-07 -9.13394e-07 -9.13394e-07 -9.13394e-07 -9.13394e-07 -9.13394e-07);
    }
    output1
    {
        type            calculated;
        value           uniform 0;
    }
    output2
    {
        type            calculated;
        value           nonuniform List<scalar> 10(1.31397e-08 8.34692e-09 6.69978e-09 6.02884e-09 4.47212e-09 1.16765e-06 1.93983e-06 2.29745e-06 2.26408e-06 2.42624e-06);
    }
    output3
    {
        type            calculated;
        value           uniform -0;
    }
    up
    {
        type            calculated;
        value           uniform 0;
    }
    down
    {
        type            calculated;
        value           uniform 0;
    }
    emptyWalls
    {
        type            empty;
        value           nonuniform List<scalar> 0();
    }
}


// ************************************************************************* //
