/*--------------------------------*- C++ -*----------------------------------*\
  =========                 |
  \\      /  F ield         | OpenFOAM: The Open Source CFD Toolbox
   \\    /   O peration     | Website:  https://openfoam.org
    \\  /    A nd           | Version:  9
     \\/     M anipulation  |
\*---------------------------------------------------------------------------*/
FoamFile
{
    format      ascii;
    class       volVectorField;
    location    "15000";
    object      ut;
}
// * * * * * * * * * * * * * * * * * * * * * * * * * * * * * * * * * * * * * //

dimensions      [0 1 -1 0 0 0 0];

internalField   nonuniform List<vector> 
900
(
(3.40809e-06 5.53182e-06 -0)
(3.75782e-07 2.8877e-07 -0)
(1.92185e-07 1.85164e-09 -0)
(2.02011e-07 -1.81784e-08 -0)
(1.27026e-07 -1.07588e-08 -0)
(2.18282e-07 3.27694e-09 -0)
(2.10876e-07 3.72181e-09 -0)
(2.04857e-07 2.29731e-09 -0)
(2.01495e-07 1.06503e-09 -0)
(2.00202e-07 2.30005e-10 -0)
(2.00261e-07 -2.87533e-10 -0)
(2.0112e-07 -5.70509e-10 -0)
(2.02364e-07 -6.71347e-10 -0)
(2.03656e-07 -6.18702e-10 -0)
(2.04704e-07 -4.26433e-10 -0)
(2.05231e-07 -9.96185e-11 -0)
(2.04971e-07 3.61586e-10 -0)
(2.03651e-07 9.5947e-10 -0)
(2.00994e-07 1.69794e-09 -0)
(1.96714e-07 2.58183e-09 -0)
(1.90516e-07 3.61528e-09 -0)
(1.82101e-07 4.79899e-09 -0)
(1.71174e-07 6.12687e-09 -0)
(1.57465e-07 7.58054e-09 -0)
(1.4076e-07 9.12225e-09 -0)
(1.20948e-07 1.06882e-08 -0)
(9.80737e-08 1.21844e-08 -0)
(7.23994e-08 1.34888e-08 -0)
(4.44456e-08 1.44649e-08 -0)
(1.49904e-08 1.49897e-08 -0)
(3.5107e-06 6.58078e-06 -0)
(7.02935e-07 1.40008e-06 -0)
(2.92485e-06 2.60494e-06 -0)
(3.71827e-07 -5.78862e-08 -0)
(1.32211e-07 4.19469e-08 -0)
(2.32842e-07 2.35697e-08 -0)
(2.09896e-07 1.30355e-08 -0)
(2.022e-07 6.70026e-09 -0)
(1.99428e-07 2.79857e-09 -0)
(1.98849e-07 3.73382e-10 -0)
(1.9946e-07 -1.09628e-09 -0)
(2.00737e-07 -1.89274e-09 -0)
(2.02316e-07 -2.16683e-09 -0)
(2.03901e-07 -1.99544e-09 -0)
(2.05223e-07 -1.41367e-09 -0)
(2.06019e-07 -4.33058e-10 -0)
(2.0603e-07 9.47708e-10 -0)
(2.04987e-07 2.73714e-09 -0)
(2.02616e-07 4.94812e-09 -0)
(1.98631e-07 7.59595e-09 -0)
(1.92733e-07 1.0695e-08 -0)
(1.84613e-07 1.42518e-08 -0)
(1.73956e-07 1.82538e-08 -0)
(1.6046e-07 2.26526e-08 -0)
(1.43868e-07 2.7342e-08 -0)
(1.24011e-07 3.21347e-08 -0)
(1.00874e-07 3.67453e-08 -0)
(7.46798e-08 4.07939e-08 -0)
(4.59465e-08 4.38448e-08 -0)
(1.55152e-08 4.54945e-08 -0)
(4.84407e-06 2.40247e-05 -0)
(4.04221e-08 4.78972e-06 -0)
(-3.90612e-08 1.27488e-06 -0)
(6.8837e-08 3.95603e-09 -0)
(1.52735e-07 7.79667e-08 -0)
(1.89142e-07 3.61898e-08 -0)
(1.94006e-07 1.81508e-08 -0)
(1.9462e-07 8.67019e-09 -0)
(1.95169e-07 3.0563e-09 -0)
(1.96307e-07 -4.38173e-10 -0)
(1.97994e-07 -2.57767e-09 -0)
(2.0005e-07 -3.73695e-09 -0)
(2.02262e-07 -4.10763e-09 -0)
(2.0441e-07 -3.78288e-09 -0)
(2.06266e-07 -2.80034e-09 -0)
(2.07593e-07 -1.16711e-09 -0)
(2.08141e-07 1.12498e-09 -0)
(2.07651e-07 4.09316e-09 -0)
(2.05853e-07 7.76109e-09 -0)
(2.02461e-07 1.21582e-08 -0)
(1.97172e-07 1.73159e-08 -0)
(1.8966e-07 2.32584e-08 -0)
(1.79575e-07 2.99836e-08 -0)
(1.66553e-07 3.7434e-08 -0)
(1.50243e-07 4.54581e-08 -0)
(1.30352e-07 5.37622e-08 -0)
(1.06733e-07 6.18676e-08 -0)
(7.94988e-08 6.90963e-08 -0)
(4.91462e-08 7.46246e-08 -0)
(1.66401e-08 7.76489e-08 -0)
(3.66471e-06 2.73696e-05 -0)
(5.50031e-07 6.34071e-06 -0)
(1.68462e-07 1.27905e-06 -0)
(5.77617e-08 5.33102e-09 -0)
(1.65632e-07 3.64027e-08 -0)
(1.73011e-07 2.53951e-08 -0)
(1.82376e-07 1.47077e-08 -0)
(1.87106e-07 6.77331e-09 -0)
(1.9032e-07 1.19441e-09 -0)
(1.93215e-07 -2.6051e-09 -0)
(1.96161e-07 -5.03968e-09 -0)
(1.99207e-07 -6.37045e-09 -0)
(2.0227e-07 -6.74464e-09 -0)
(2.05209e-07 -6.22882e-09 -0)
(2.07839e-07 -4.83825e-09 -0)
(2.09945e-07 -2.56074e-09 -0)
(2.1129e-07 6.25843e-10 -0)
(2.11623e-07 4.74925e-09 -0)
(2.10681e-07 9.84459e-09 -0)
(2.08186e-07 1.59593e-08 -0)
(2.03833e-07 2.31522e-08 -0)
(1.9728e-07 3.14827e-08 -0)
(1.88131e-07 4.09881e-08 -0)
(1.75935e-07 5.16417e-08 -0)
(1.60196e-07 6.32939e-08 -0)
(1.4042e-07 7.5588e-08 -0)
(1.16208e-07 8.78666e-08 -0)
(8.74368e-08 9.90986e-08 -0)
(5.44991e-08 1.07908e-07 -0)
(1.85395e-08 1.12827e-07 -0)
(3.34776e-06 3.36339e-05 -0)
(1.05226e-06 8.07609e-06 -0)
(2.85347e-07 2.02215e-06 -0)
(6.05787e-08 7.72805e-09 -0)
(1.70489e-07 1.6069e-08 -0)
(1.67446e-07 1.4288e-08 -0)
(1.75384e-07 8.51162e-09 -0)
(1.81107e-07 2.52086e-09 -0)
(1.8579e-07 -2.44698e-09 -0)
(1.90073e-07 -6.13708e-09 -0)
(1.94229e-07 -8.60549e-09 -0)
(1.98345e-07 -9.96069e-09 -0)
(2.02403e-07 -1.0272e-08 -0)
(2.06316e-07 -9.55009e-09 -0)
(2.09934e-07 -7.76329e-09 -0)
(2.13057e-07 -4.86388e-09 -0)
(2.15451e-07 -8.10268e-10 -0)
(2.1687e-07 4.43297e-09 -0)
(2.17063e-07 1.09084e-08 -0)
(2.15768e-07 1.86821e-08 -0)
(2.12695e-07 2.78506e-08 -0)
(2.07496e-07 3.85324e-08 -0)
(1.99734e-07 5.08441e-08 -0)
(1.88859e-07 6.48511e-08 -0)
(1.74189e-07 8.0488e-08 -0)
(1.54924e-07 9.743e-08 -0)
(1.30244e-07 1.14913e-07 -0)
(9.95404e-08 1.31522e-07 -0)
(6.28744e-08 1.45083e-07 -0)
(2.15588e-08 1.52924e-07 -0)
(2.18303e-06 3.80801e-05 -0)
(9.64898e-07 9.5357e-06 -0)
(3.15457e-07 2.09666e-06 -0)
(7.47523e-08 1.15136e-08 -0)
(1.68448e-07 8.12859e-09 -0)
(1.65454e-07 7.17722e-09 -0)
(1.70609e-07 2.52986e-09 -0)
(1.76147e-07 -2.75451e-09 -0)
(1.81662e-07 -7.36625e-09 -0)
(1.87056e-07 -1.08909e-08 -0)
(1.92338e-07 -1.3285e-08 -0)
(1.9754e-07 -1.45956e-08 -0)
(2.02681e-07 -1.48329e-08 -0)
(2.07717e-07 -1.39369e-08 -0)
(2.12525e-07 -1.18012e-08 -0)
(2.16898e-07 -8.32166e-09 -0)
(2.20587e-07 -3.43587e-09 -0)
(2.23342e-07 2.88437e-09 -0)
(2.2493e-07 1.06733e-08 -0)
(2.25128e-07 2.00096e-08 -0)
(2.23684e-07 3.10351e-08 -0)
(2.20274e-07 4.39527e-08 -0)
(2.1445e-07 5.90055e-08 -0)
(2.05579e-07 7.64317e-08 -0)
(1.92775e-07 9.63771e-08 -0)
(1.74845e-07 1.18731e-07 -0)
(1.50301e-07 1.42831e-07 -0)
(1.17607e-07 1.66996e-07 -0)
(7.59006e-08 1.87977e-07 -0)
(2.63807e-08 2.00863e-07 -0)
(1.04811e-06 5.29201e-05 -0)
(-4.77771e-08 9.51402e-06 -0)
(1.56499e-07 3.59738e-06 -0)
(8.27328e-08 1.49857e-08 -0)
(1.64115e-07 9.4568e-09 -0)
(1.61847e-07 3.76251e-09 -0)
(1.65453e-07 -2.81513e-09 -0)
(1.71211e-07 -8.70283e-09 -0)
(1.77654e-07 -1.33733e-08 -0)
(1.84154e-07 -1.67762e-08 -0)
(1.90524e-07 -1.90492e-08 -0)
(1.96797e-07 -2.03049e-08 -0)
(2.03062e-07 -2.05274e-08 -0)
(2.09348e-07 -1.95637e-08 -0)
(2.15549e-07 -1.71827e-08 -0)
(2.21422e-07 -1.31857e-08 -0)
(2.26657e-07 -7.49633e-09 -0)
(2.30979e-07 -1.33561e-10 -0)
(2.34188e-07 8.8905e-09 -0)
(2.3613e-07 1.96483e-08 -0)
(2.36638e-07 3.23283e-08 -0)
(2.35466e-07 4.72387e-08 -0)
(2.32213e-07 6.47936e-08 -0)
(2.26231e-07 8.54924e-08 -0)
(2.16488e-07 1.09857e-07 -0)
(2.01378e-07 1.38286e-07 -0)
(1.78509e-07 1.70684e-07 -0)
(1.44687e-07 2.05656e-07 -0)
(9.67412e-08 2.38967e-07 -0)
(3.44446e-08 2.61688e-07 -0)
(-7.96917e-07 5.71039e-05 -0)
(-1.40411e-06 1.00256e-05 -0)
(-2.63686e-08 1.93181e-06 -0)
(8.27518e-08 4.69219e-08 -0)
(1.56927e-07 1.70447e-08 -0)
(1.53182e-07 1.23079e-09 -0)
(1.58144e-07 -8.85058e-09 -0)
(1.65589e-07 -1.5869e-08 -0)
(1.73588e-07 -2.06488e-08 -0)
(1.81381e-07 -2.37919e-08 -0)
(1.88809e-07 -2.58313e-08 -0)
(1.96062e-07 -2.70474e-08 -0)
(2.03422e-07 -2.74083e-08 -0)
(2.11062e-07 -2.66072e-08 -0)
(2.18903e-07 -2.41812e-08 -0)
(2.26584e-07 -1.9742e-08 -0)
(2.33639e-07 -1.32302e-08 -0)
(2.39728e-07 -4.81267e-09 -0)
(2.44712e-07 5.37451e-09 -0)
(2.48566e-07 1.73652e-08 -0)
(2.51274e-07 3.13919e-08 -0)
(2.52739e-07 4.78793e-08 -0)
(2.52704e-07 6.74386e-08 -0)
(2.50642e-07 9.08874e-08 -0)
(2.45568e-07 1.19274e-07 -0)
(2.35672e-07 1.53871e-07 -0)
(2.17671e-07 1.95966e-07 -0)
(1.8589e-07 2.45976e-07 -0)
(1.31933e-07 3.00548e-07 -0)
(4.91015e-08 3.45234e-07 -0)
(8.28567e-07 7.38491e-05 -0)
(-1.09805e-06 6.16608e-06 -0)
(1.77042e-08 1.54079e-08 -0)
(8.43177e-08 4.86418e-08 -0)
(1.18259e-07 1.12195e-08 -0)
(1.35952e-07 -7.03394e-09 -0)
(1.48353e-07 -1.79491e-08 -0)
(1.59412e-07 -2.52743e-08 -0)
(1.69731e-07 -2.95609e-08 -0)
(1.78971e-07 -3.19113e-08 -0)
(1.87269e-07 -3.34371e-08 -0)
(1.9522e-07 -3.46447e-08 -0)
(2.03502e-07 -3.54518e-08 -0)
(2.12575e-07 -3.52752e-08 -0)
(2.22415e-07 -3.31931e-08 -0)
(2.32373e-07 -2.83707e-08 -0)
(2.41586e-07 -2.08693e-08 -0)
(2.49584e-07 -1.12613e-08 -0)
(2.56366e-07 5.50186e-11 -0)
(2.62148e-07 1.30457e-08 -0)
(2.67152e-07 2.7996e-08 -0)
(2.71513e-07 4.54477e-08 -0)
(2.75221e-07 6.61943e-08 -0)
(2.78067e-07 9.13447e-08 -0)
(2.79472e-07 1.22483e-07 -0)
(2.7807e-07 1.61958e-07 -0)
(2.70614e-07 2.13334e-07 -0)
(2.49269e-07 2.81733e-07 -0)
(1.95999e-07 3.72016e-07 -0)
(7.91301e-08 4.73465e-07 -0)
(1.87657e-06 7.64128e-05 -0)
(5.67225e-07 1.07293e-05 -0)
(1.82348e-08 1.43758e-08 -0)
(7.06093e-08 -1.32384e-09 -0)
(1.01251e-07 -1.36329e-08 -0)
(1.24013e-07 -2.26373e-08 -0)
(1.39904e-07 -3.06377e-08 -0)
(1.53977e-07 -3.77186e-08 -0)
(1.66952e-07 -4.04092e-08 -0)
(1.77504e-07 -4.0855e-08 -0)
(1.86076e-07 -4.13615e-08 -0)
(1.94047e-07 -4.26428e-08 -0)
(2.02791e-07 -4.44788e-08 -0)
(2.13321e-07 -4.58495e-08 -0)
(2.25807e-07 -4.49451e-08 -0)
(2.38908e-07 -3.96782e-08 -0)
(2.50748e-07 -3.06155e-08 -0)
(2.60653e-07 -1.94187e-08 -0)
(2.69019e-07 -6.9389e-09 -0)
(2.76507e-07 6.76634e-09 -0)
(2.83676e-07 2.20979e-08 -0)
(2.90937e-07 3.9722e-08 -0)
(2.98601e-07 6.05463e-08 -0)
(3.06931e-07 8.58141e-08 -0)
(3.16182e-07 1.17354e-07 -0)
(3.26523e-07 1.58145e-07 -0)
(3.37445e-07 2.13681e-07 -0)
(3.44571e-07 2.95604e-07 -0)
(3.23665e-07 4.32319e-07 -0)
(1.5055e-07 7.03145e-07 -0)
(2.28707e-06 9.31791e-05 -0)
(1.34221e-06 6.15797e-06 -0)
(6.4316e-07 7.89555e-07 -0)
(4.71823e-08 -8.37386e-09 -0)
(9.69455e-08 -4.4503e-08 -0)
(1.18947e-07 -3.92598e-08 -0)
(1.33272e-07 -4.4246e-08 -0)
(1.49641e-07 -5.45536e-08 -0)
(1.66594e-07 -5.35022e-08 -0)
(1.78019e-07 -4.9739e-08 -0)
(1.85481e-07 -4.85104e-08 -0)
(1.92103e-07 -5.00873e-08 -0)
(2.00295e-07 -5.39709e-08 -0)
(2.12109e-07 -5.86997e-08 -0)
(2.28586e-07 -6.10598e-08 -0)
(2.46703e-07 -5.4782e-08 -0)
(2.61846e-07 -4.24961e-08 -0)
(2.7326e-07 -2.8859e-08 -0)
(2.82551e-07 -1.5159e-08 -0)
(2.91184e-07 -1.13828e-09 -0)
(3.00108e-07 1.39065e-08 -0)
(3.09961e-07 3.07961e-08 -0)
(3.21313e-07 5.04553e-08 -0)
(3.34875e-07 7.40117e-08 -0)
(3.51803e-07 1.02976e-07 -0)
(3.74396e-07 1.39588e-07 -0)
(4.08073e-07 1.87638e-07 -0)
(4.67907e-07 2.54686e-07 -0)
(6.03539e-07 3.5851e-07 -0)
(1.00694e-06 5.46666e-07 -0)
(2.72674e-06 7.56359e-05 -0)
(3.4806e-06 1.11502e-05 -0)
(2.62988e-06 2.46297e-06 -0)
(2.07663e-06 2.02883e-06 -0)
(6.12397e-08 -1.28837e-09 -0)
(1.24106e-07 -2.48731e-08 -0)
(1.2461e-07 -5.42938e-08 -0)
(1.44721e-07 -8.27476e-08 -0)
(1.71766e-07 -6.9307e-08 -0)
(1.82496e-07 -5.60886e-08 -0)
(1.85727e-07 -5.28543e-08 -0)
(1.88587e-07 -5.52249e-08 -0)
(1.94179e-07 -6.26185e-08 -0)
(2.06232e-07 -7.39187e-08 -0)
(2.29725e-07 -8.5813e-08 -0)
(2.57472e-07 -7.5894e-08 -0)
(2.76671e-07 -5.57281e-08 -0)
(2.8799e-07 -3.8362e-08 -0)
(2.9674e-07 -2.36995e-08 -0)
(3.05573e-07 -1.0067e-08 -0)
(3.15611e-07 3.87135e-09 -0)
(3.27486e-07 1.91012e-08 -0)
(3.41816e-07 3.64671e-08 -0)
(3.59451e-07 5.68023e-08 -0)
(3.81759e-07 8.09487e-08 -0)
(4.11185e-07 1.09594e-07 -0)
(4.52543e-07 1.42595e-07 -0)
(5.15444e-07 1.76992e-07 -0)
(6.15645e-07 2.00369e-07 -0)
(7.56053e-07 1.60998e-07 -0)
(1.54393e-05 8.76393e-05 -0)
(9.87324e-06 8.29702e-06 -0)
(2.70059e-06 1.06333e-06 -0)
(2.38939e-06 8.26405e-07 -0)
(1.84824e-06 9.81832e-07 -0)
(2.43054e-06 4.93792e-09 -0)
(6.64478e-08 -2.29969e-08 -0)
(1.34627e-07 -5.14996e-08 -0)
(1.93253e-07 -8.83663e-08 -0)
(1.94472e-07 -5.24542e-08 -0)
(1.86345e-07 -5.15994e-08 -0)
(1.82339e-07 -5.5345e-08 -0)
(1.81602e-07 -6.73599e-08 -0)
(1.88914e-07 -8.85438e-08 -0)
(2.26611e-07 -1.3238e-07 -0)
(2.76788e-07 -1.07253e-07 -0)
(2.99378e-07 -6.61596e-08 -0)
(3.05289e-07 -4.51613e-08 -0)
(3.10846e-07 -3.12091e-08 -0)
(3.18755e-07 -1.93014e-08 -0)
(3.29276e-07 -7.4547e-09 -0)
(3.42557e-07 5.27073e-09 -0)
(3.59014e-07 1.95099e-08 -0)
(3.79356e-07 3.57821e-08 -0)
(4.04595e-07 5.44222e-08 -0)
(4.36043e-07 7.5245e-08 -0)
(4.7547e-07 9.61581e-08 -0)
(5.25681e-07 1.10316e-07 -0)
(5.87545e-07 1.04978e-07 -0)
(6.45573e-07 5.7952e-08 -0)
(4.42509e-05 4.85459e-05 -0)
(5.65901e-05 1.8432e-05 -0)
(5.43429e-05 1.61767e-05 -0)
(4.47068e-05 7.68475e-06 -0)
(4.02787e-05 4.13218e-06 -0)
(3.62561e-05 3.6284e-06 -0)
(3.00348e-05 4.96713e-06 -0)
(1.85664e-05 3.68489e-06 -0)
(1.46767e-07 -1.28699e-08 -0)
(2.19261e-07 -2.33608e-08 -0)
(1.82757e-07 -2.47812e-08 -0)
(1.72755e-07 -2.7046e-08 -0)
(1.60979e-07 -3.43406e-08 -0)
(1.41211e-07 -4.7766e-08 -0)
(2.11015e-07 -8.28864e-08 -0)
(3.23692e-07 -1.59105e-07 -0)
(3.38763e-07 -5.90537e-08 -0)
(3.2294e-07 -4.80041e-08 -0)
(3.226e-07 -3.98653e-08 -0)
(3.29327e-07 -3.13984e-08 -0)
(3.40183e-07 -2.21336e-08 -0)
(3.54451e-07 -1.1904e-08 -0)
(3.72328e-07 -4.66806e-10 -0)
(3.94364e-07 1.24202e-08 -0)
(4.21222e-07 2.66933e-08 -0)
(4.52921e-07 4.17665e-08 -0)
(4.87614e-07 5.46327e-08 -0)
(5.24264e-07 6.07856e-08 -0)
(5.63281e-07 5.38565e-08 -0)
(5.93122e-07 2.4641e-08 -0)
(2.99861e-05 -1.60913e-05 -0)
(3.38892e-05 -1.01532e-06 -0)
(5.58429e-05 8.97156e-06 -0)
(5.98557e-05 1.04543e-05 -0)
(6.40149e-05 9.51963e-06 -0)
(6.42924e-05 1.10081e-05 -0)
(6.14278e-05 1.5628e-05 -0)
(6.12341e-05 2.09507e-05 -0)
(4.34799e-05 1.60929e-05 -0)
(4.14181e-05 2.1116e-06 -0)
(3.97379e-05 5.21298e-07 -0)
(3.86249e-05 3.20414e-08 -0)
(4.02277e-05 2.65562e-07 -0)
(3.43496e-05 1.60465e-06 -0)
(3.55405e-05 8.57988e-06 -0)
(2.72268e-07 -8.24577e-09 -0)
(3.23506e-07 -1.83854e-08 -0)
(2.41932e-07 -1.82613e-08 -0)
(2.35017e-07 -1.63945e-08 -0)
(2.3527e-07 -1.37465e-08 -0)
(2.37037e-07 -1.0619e-08 -0)
(2.41408e-07 -7.29196e-09 -0)
(2.50046e-07 -3.78288e-09 -0)
(2.66204e-07 6.18712e-12 -0)
(3.02589e-07 4.31397e-09 -0)
(3.94701e-07 1.03891e-08 -0)
(5.98435e-07 2.06464e-08 -0)
(6.49922e-07 2.53374e-08 -0)
(3.94733e-07 1.34973e-08 -0)
(4.43816e-07 6.1134e-09 -0)
(1.60808e-06 -1.64748e-05 -0)
(6.92898e-06 -8.13895e-06 -0)
(1.97012e-05 -4.9907e-06 -0)
(2.86953e-05 1.47204e-07 -0)
(3.52786e-05 3.34989e-06 -0)
(4.0273e-05 6.54356e-06 -0)
(4.57222e-05 1.06392e-05 -0)
(5.45114e-05 1.57192e-05 -0)
(6.12632e-05 1.57629e-05 -0)
(5.89953e-05 6.66673e-06 -0)
(5.99833e-05 2.20186e-06 -0)
(5.72343e-05 5.00879e-07 -0)
(6.12013e-05 1.89502e-06 -0)
(5.31239e-05 5.82777e-06 -0)
(6.12104e-05 1.75315e-05 -0)
(4.89757e-05 2.17018e-05 -0)
(5.02166e-05 1.76903e-06 -0)
(4.96065e-05 -4.42145e-08 -0)
(5.06686e-05 -7.75124e-07 -0)
(5.32756e-05 -1.22479e-06 -0)
(5.69949e-05 -1.55476e-06 -0)
(6.1487e-05 -1.80881e-06 -0)
(6.65877e-05 -2.02809e-06 -0)
(7.22154e-05 -2.27952e-06 -0)
(7.86072e-05 -2.6407e-06 -0)
(8.57602e-05 -3.13168e-06 -0)
(9.41793e-05 -3.45748e-06 -0)
(0.000102701 -3.18044e-06 -0)
(0.000111528 -2.4198e-06 -0)
(0.000115707 -1.01316e-06 -0)
(2.66362e-06 -2.60205e-05 -0)
(9.74307e-06 -1.94511e-05 -0)
(1.54346e-05 -1.09668e-05 -0)
(2.20965e-05 -5.53213e-06 -0)
(2.70722e-05 -1.14729e-06 -0)
(3.21864e-05 2.13633e-06 -0)
(3.73734e-05 4.87789e-06 -0)
(4.4196e-05 7.32636e-06 -0)
(5.30853e-05 8.04354e-06 -0)
(5.6488e-05 5.12271e-06 -0)
(5.86992e-05 2.07567e-06 -0)
(5.91074e-05 6.83984e-07 -0)
(6.07286e-05 2.36203e-06 -0)
(6.09704e-05 6.20496e-06 -0)
(6.58925e-05 1.22328e-05 -0)
(7.55678e-05 1.38503e-05 -0)
(7.73419e-05 4.07384e-06 -0)
(8.00364e-05 -1.11522e-06 -0)
(8.38151e-05 -3.96198e-06 -0)
(8.90427e-05 -5.89885e-06 -0)
(9.55435e-05 -7.35357e-06 -0)
(0.000102995 -8.48135e-06 -0)
(0.00011122 -9.43582e-06 -0)
(0.00012002 -1.04683e-05 -0)
(0.000129735 -1.18299e-05 -0)
(0.000140152 -1.36482e-05 -0)
(0.000152644 -1.55452e-05 -0)
(0.000165821 -1.62674e-05 -0)
(0.000181767 -1.36774e-05 -0)
(0.000191598 -5.84322e-06 -0)
(3.90944e-06 -3.14316e-05 -0)
(1.07294e-05 -2.3401e-05 -0)
(1.84079e-05 -1.74573e-05 -0)
(2.56884e-05 -1.14139e-05 -0)
(3.20613e-05 -6.23938e-06 -0)
(3.77492e-05 -2.42807e-06 -0)
(4.29295e-05 1.84169e-07 -0)
(4.81169e-05 1.76469e-06 -0)
(5.40797e-05 2.3912e-06 -0)
(5.87244e-05 1.61159e-06 -0)
(6.21433e-05 1.98825e-07 -0)
(6.46653e-05 -4.28833e-07 -0)
(6.7177e-05 7.0749e-07 -0)
(7.11371e-05 2.94731e-06 -0)
(7.6596e-05 4.95225e-06 -0)
(8.66508e-05 4.3545e-06 -0)
(9.35736e-05 -2.03578e-07 -0)
(0.000100117 -5.35911e-06 -0)
(0.000107239 -9.50703e-06 -0)
(0.000115178 -1.27017e-05 -0)
(0.000123689 -1.51389e-05 -0)
(0.000132705 -1.70064e-05 -0)
(0.000141738 -1.85017e-05 -0)
(0.000151203 -2.00337e-05 -0)
(0.00016028 -2.18922e-05 -0)
(0.000170066 -2.4712e-05 -0)
(0.000179795 -2.82482e-05 -0)
(0.000192105 -3.17087e-05 -0)
(0.000206605 -3.03502e-05 -0)
(0.000223931 -1.65883e-05 -0)
(6.29109e-06 -4.22744e-05 -0)
(1.76598e-05 -3.33777e-05 -0)
(2.77628e-05 -2.54668e-05 -0)
(3.62391e-05 -1.8514e-05 -0)
(4.35883e-05 -1.26738e-05 -0)
(4.99547e-05 -8.22373e-06 -0)
(5.58441e-05 -5.25932e-06 -0)
(6.13791e-05 -3.57074e-06 -0)
(6.69202e-05 -2.78763e-06 -0)
(7.20352e-05 -2.81476e-06 -0)
(7.64431e-05 -3.33029e-06 -0)
(8.0405e-05 -3.61627e-06 -0)
(8.4777e-05 -3.29529e-06 -0)
(9.06729e-05 -2.81193e-06 -0)
(9.82968e-05 -3.17928e-06 -0)
(0.000107801 -5.0712e-06 -0)
(0.000117288 -8.78099e-06 -0)
(0.000125922 -1.35597e-05 -0)
(0.000134217 -1.80786e-05 -0)
(0.000141866 -2.16298e-05 -0)
(0.000149161 -2.42293e-05 -0)
(0.000155864 -2.60025e-05 -0)
(0.000162054 -2.73451e-05 -0)
(0.000168117 -2.85187e-05 -0)
(0.000172969 -2.98073e-05 -0)
(0.000177892 -3.20475e-05 -0)
(0.000180281 -3.56104e-05 -0)
(0.000185207 -4.14611e-05 -0)
(0.000190018 -4.60402e-05 -0)
(0.000208748 -3.87606e-05 -0)
(1.24389e-05 -5.57218e-05 -0)
(3.37627e-05 -4.31658e-05 -0)
(4.64179e-05 -3.47346e-05 -0)
(5.4121e-05 -2.65605e-05 -0)
(5.98238e-05 -1.96121e-05 -0)
(6.45815e-05 -1.43892e-05 -0)
(6.91313e-05 -1.0966e-05 -0)
(7.34025e-05 -8.96418e-06 -0)
(7.76761e-05 -7.98425e-06 -0)
(8.17816e-05 -7.68052e-06 -0)
(8.57775e-05 -7.86791e-06 -0)
(8.98422e-05 -8.32537e-06 -0)
(9.46625e-05 -9.02785e-06 -0)
(0.000100703 -1.01661e-05 -0)
(0.000108129 -1.20509e-05 -0)
(0.00011626 -1.47126e-05 -0)
(0.000124676 -1.80548e-05 -0)
(0.000131863 -2.1659e-05 -0)
(0.000138176 -2.49728e-05 -0)
(0.000142593 -2.73776e-05 -0)
(0.000146711 -2.91044e-05 -0)
(0.000149163 -2.99829e-05 -0)
(0.000151868 -3.08342e-05 -0)
(0.000153219 -3.12086e-05 -0)
(0.000154428 -3.15695e-05 -0)
(0.000154228 -3.19203e-05 -0)
(0.000151397 -3.37087e-05 -0)
(0.00014879 -3.84499e-05 -0)
(0.000142783 -4.87659e-05 -0)
(0.000187109 -7.53873e-05 -0)
(8.90141e-05 -8.03355e-05 -0)
(8.09973e-05 -6.33531e-05 -0)
(7.52348e-05 -4.51797e-05 -0)
(7.13755e-05 -3.19044e-05 -0)
(6.96946e-05 -2.31916e-05 -0)
(6.93901e-05 -1.74994e-05 -0)
(7.03707e-05 -1.4022e-05 -0)
(7.17873e-05 -1.19899e-05 -0)
(7.38829e-05 -1.10724e-05 -0)
(7.62121e-05 -1.08593e-05 -0)
(7.92313e-05 -1.1322e-05 -0)
(8.28335e-05 -1.23316e-05 -0)
(8.74477e-05 -1.39615e-05 -0)
(9.31906e-05 -1.61599e-05 -0)
(9.97659e-05 -1.8809e-05 -0)
(0.000107 -2.1747e-05 -0)
(0.00011408 -2.45758e-05 -0)
(0.00012034 -2.7031e-05 -0)
(0.000125363 -2.88548e-05 -0)
(0.000128342 -3.00181e-05 -0)
(0.000130935 -3.08663e-05 -0)
(0.000131026 -3.09119e-05 -0)
(0.000132221 -3.13025e-05 -0)
(0.000129613 -3.07982e-05 -0)
(0.000128955 -3.07656e-05 -0)
(0.000124152 -2.90383e-05 -0)
(0.000122321 -2.8706e-05 -0)
(0.000105634 -3.14859e-05 -0)
(0.000106801 -5.93577e-05 -0)
(5.41374e-05 -0.000130541 -0)
(8.00281e-05 -5.05104e-05 -0)
(6.47458e-05 -3.83347e-05 -0)
(5.72602e-05 -2.93358e-05 -0)
(5.48543e-05 -2.29803e-05 -0)
(5.52674e-05 -1.85963e-05 -0)
(5.66594e-05 -1.55101e-05 -0)
(5.90112e-05 -1.36177e-05 -0)
(6.12735e-05 -1.2547e-05 -0)
(6.44516e-05 -1.24388e-05 -0)
(6.74464e-05 -1.29411e-05 -0)
(7.18119e-05 -1.43567e-05 -0)
(7.62302e-05 -1.6311e-05 -0)
(8.21274e-05 -1.91339e-05 -0)
(8.83863e-05 -2.23054e-05 -0)
(9.52184e-05 -2.57297e-05 -0)
(0.000102414 -2.89773e-05 -0)
(0.000108566 -3.13426e-05 -0)
(0.000114008 -3.27565e-05 -0)
(0.000116632 -3.26809e-05 -0)
(0.000117695 -3.21984e-05 -0)
(0.000116363 -3.13432e-05 -0)
(0.000112841 -3.03771e-05 -0)
(0.000110976 -2.93814e-05 -0)
(0.000103597 -2.68125e-05 -0)
(9.76856e-05 -2.72518e-05 -0)
(9.2789e-05 -2.51562e-05 -0)
(8.30804e-05 -1.83113e-05 -0)
(6.92671e-05 -2.00935e-05 -0)
(5.31292e-05 -2.72777e-05 -0)
(8.94806e-06 -1.44877e-05 -0)
(8.54577e-05 -4.02723e-05 -0)
(7.93014e-05 -3.77159e-05 -0)
(7.60824e-05 -3.34336e-05 -0)
(7.44472e-05 -2.84415e-05 -0)
(7.39082e-05 -2.39388e-05 -0)
(7.35675e-05 -2.03783e-05 -0)
(7.40244e-05 -1.80864e-05 -0)
(7.40592e-05 -1.6808e-05 -0)
(7.53821e-05 -1.6831e-05 -0)
(7.58324e-05 -1.75943e-05 -0)
(7.85099e-05 -1.97052e-05 -0)
(7.9897e-05 -2.20764e-05 -0)
(8.42551e-05 -2.57723e-05 -0)
(8.72564e-05 -2.89621e-05 -0)
(9.23313e-05 -3.26654e-05 -0)
(9.67227e-05 -3.51797e-05 -0)
(0.000100147 -3.61872e-05 -0)
(0.00010188 -3.53603e-05 -0)
(9.96124e-05 -3.25733e-05 -0)
(9.78551e-05 -2.96844e-05 -0)
(9.04841e-05 -2.59143e-05 -0)
(8.37444e-05 -2.55965e-05 -0)
(8.01299e-05 -2.37466e-05 -0)
(6.80951e-05 -1.64612e-05 -0)
(6.35301e-05 -2.02054e-05 -0)
(5.05589e-05 -2.1585e-05 -0)
(4.46718e-05 -5.92581e-06 -0)
(3.49007e-05 -4.75428e-06 -0)
(2.19055e-05 -6.40937e-06 -0)
(4.67564e-06 -6.71394e-06 -0)
(8.74328e-05 -3.18995e-05 -0)
(8.0307e-05 -2.99211e-05 -0)
(7.40432e-05 -2.64969e-05 -0)
(6.93662e-05 -2.27115e-05 -0)
(6.59552e-05 -1.92675e-05 -0)
(6.38269e-05 -1.67189e-05 -0)
(6.24696e-05 -1.50815e-05 -0)
(6.17418e-05 -1.44963e-05 -0)
(6.19179e-05 -1.49574e-05 -0)
(6.20945e-05 -1.63675e-05 -0)
(6.4406e-05 -1.91106e-05 -0)
(6.54395e-05 -2.21852e-05 -0)
(7.07912e-05 -2.71056e-05 -0)
(7.26138e-05 -3.05439e-05 -0)
(7.94381e-05 -3.56054e-05 -0)
(8.21088e-05 -3.71774e-05 -0)
(8.4394e-05 -3.68206e-05 -0)
(8.14866e-05 -3.28155e-05 -0)
(7.6113e-05 -2.87323e-05 -0)
(7.26718e-05 -2.41035e-05 -0)
(6.0808e-05 -1.57774e-05 -0)
(5.62374e-05 -1.90198e-05 -0)
(4.48459e-05 -2.01978e-05 -0)
(3.62508e-05 -4.97773e-06 -0)
(3.4425e-05 -7.4125e-06 -0)
(2.14735e-06 -5.59195e-07 -0)
(5.63883e-07 -1.63068e-07 -0)
(3.68764e-07 -1.99784e-07 -0)
(2.3705e-07 -2.34513e-07 -0)
(8.41134e-08 -2.61374e-07 -0)
(8.81269e-05 -2.50419e-05 -0)
(8.23141e-05 -2.39822e-05 -0)
(7.73184e-05 -2.22462e-05 -0)
(7.37208e-05 -2.02034e-05 -0)
(7.08881e-05 -1.81058e-05 -0)
(6.93481e-05 -1.65493e-05 -0)
(6.78223e-05 -1.55275e-05 -0)
(6.74639e-05 -1.56453e-05 -0)
(6.66691e-05 -1.65856e-05 -0)
(6.69783e-05 -1.90383e-05 -0)
(6.73434e-05 -2.2429e-05 -0)
(6.7669e-05 -2.68661e-05 -0)
(7.08593e-05 -3.25489e-05 -0)
(6.94589e-05 -3.58967e-05 -0)
(7.6043e-05 -4.18476e-05 -0)
(7.24e-05 -3.9367e-05 -0)
(7.0521e-05 -3.57873e-05 -0)
(5.99741e-05 -2.67707e-05 -0)
(5.4518e-05 -2.24872e-05 -0)
(4.23978e-05 -1.98371e-05 -0)
(3.39317e-05 -4.15057e-06 -0)
(3.15686e-05 -7.05439e-06 -0)
(1.26257e-06 -2.54026e-07 -0)
(4.71563e-07 -8.31864e-08 -0)
(3.12209e-07 -7.30246e-08 -0)
(3.46584e-07 -6.29687e-08 -0)
(3.70385e-07 -2.56633e-07 -0)
(2.86921e-07 -3.41235e-07 -0)
(1.82823e-07 -3.997e-07 -0)
(6.32979e-08 -4.3426e-07 -0)
(8.86525e-05 -1.94153e-05 -0)
(8.36835e-05 -1.88365e-05 -0)
(7.90413e-05 -1.7838e-05 -0)
(7.51927e-05 -1.65708e-05 -0)
(7.16193e-05 -1.51795e-05 -0)
(6.91774e-05 -1.41326e-05 -0)
(6.62762e-05 -1.34333e-05 -0)
(6.49698e-05 -1.37628e-05 -0)
(6.19508e-05 -1.46372e-05 -0)
(6.15778e-05 -1.73216e-05 -0)
(5.81226e-05 -2.0172e-05 -0)
(5.87836e-05 -2.56247e-05 -0)
(5.68474e-05 -3.00537e-05 -0)
(5.64331e-05 -3.49748e-05 -0)
(6.11321e-05 -4.03629e-05 -0)
(5.05407e-05 -3.22921e-05 -0)
(4.66576e-05 -2.71565e-05 -0)
(3.05024e-05 -1.84353e-05 -0)
(2.92242e-05 -7.87556e-06 -0)
(3.12717e-07 -5.1796e-08 -0)
(4.03177e-07 -4.85347e-08 -0)
(2.77569e-07 -2.05131e-08 -0)
(3.45348e-07 2.14052e-08 -0)
(3.73116e-07 -1.13593e-07 -0)
(3.23251e-07 -1.25307e-07 -0)
(3.07413e-07 -1.2554e-07 -0)
(2.85702e-07 -1.97775e-07 -0)
(2.25698e-07 -2.56613e-07 -0)
(1.44025e-07 -2.98554e-07 -0)
(4.95529e-08 -3.2141e-07 -0)
(8.90044e-05 -1.45344e-05 -0)
(8.44713e-05 -1.41965e-05 -0)
(8.02213e-05 -1.36367e-05 -0)
(7.63331e-05 -1.28768e-05 -0)
(7.28024e-05 -1.20894e-05 -0)
(6.98998e-05 -1.14586e-05 -0)
(6.68594e-05 -1.11832e-05 -0)
(6.48362e-05 -1.16032e-05 -0)
(6.13996e-05 -1.27051e-05 -0)
(6.0217e-05 -1.53867e-05 -0)
(5.52472e-05 -1.85693e-05 -0)
(5.59237e-05 -2.5162e-05 -0)
(4.91681e-05 -2.90141e-05 -0)
(5.19045e-05 -3.77637e-05 -0)
(4.79434e-05 -3.74458e-05 -0)
(3.11346e-05 -2.35291e-05 -0)
(2.45713e-05 -1.61213e-05 -0)
(1.09788e-06 -2.87281e-07 -0)
(3.70247e-07 -2.73089e-08 -0)
(3.3845e-07 3.1832e-08 -0)
(3.47553e-07 -6.48992e-08 -0)
(3.17599e-07 -3.72924e-08 -0)
(3.25111e-07 -2.23025e-08 -0)
(3.24879e-07 -7.00251e-08 -0)
(3.00262e-07 -9.43894e-08 -0)
(2.74117e-07 -1.14475e-07 -0)
(2.39312e-07 -1.52324e-07 -0)
(1.86141e-07 -1.88888e-07 -0)
(1.18027e-07 -2.16493e-07 -0)
(4.04421e-08 -2.31415e-07 -0)
(8.92209e-05 -1.01125e-05 -0)
(8.49486e-05 -9.91867e-06 -0)
(8.10062e-05 -9.61736e-06 -0)
(7.70607e-05 -9.17471e-06 -0)
(7.36554e-05 -8.76732e-06 -0)
(7.01956e-05 -8.3913e-06 -0)
(6.72363e-05 -8.36326e-06 -0)
(6.40216e-05 -8.66098e-06 -0)
(6.07987e-05 -9.75374e-06 -0)
(5.73577e-05 -1.16865e-05 -0)
(5.23808e-05 -1.49337e-05 -0)
(4.90776e-05 -2.02264e-05 -0)
(4.0034e-05 -2.43353e-05 -0)
(4.16356e-05 -3.40594e-05 -0)
(2.60391e-05 -2.40114e-05 -0)
(1.22499e-05 -9.78874e-06 -0)
(2.66024e-07 -5.2227e-08 -0)
(3.53163e-07 1.83841e-08 -0)
(3.54792e-07 -2.69208e-08 -0)
(3.40795e-07 -9.01059e-09 -0)
(3.34053e-07 -2.94864e-08 -0)
(3.20165e-07 -2.88625e-08 -0)
(3.12615e-07 -3.0692e-08 -0)
(3.01029e-07 -4.9817e-08 -0)
(2.78801e-07 -6.77489e-08 -0)
(2.49479e-07 -8.56462e-08 -0)
(2.11289e-07 -1.08156e-07 -0)
(1.61528e-07 -1.30122e-07 -0)
(1.01498e-07 -1.47114e-07 -0)
(3.46311e-08 -1.56341e-07 -0)
(8.93438e-05 -5.96823e-06 -0)
(8.52277e-05 -5.86971e-06 -0)
(8.14667e-05 -5.72143e-06 -0)
(7.74985e-05 -5.4945e-06 -0)
(7.41817e-05 -5.30531e-06 -0)
(7.03759e-05 -5.11456e-06 -0)
(6.7518e-05 -5.16234e-06 -0)
(6.34726e-05 -5.33875e-06 -0)
(6.06401e-05 -6.12232e-06 -0)
(5.53847e-05 -7.22784e-06 -0)
(5.13825e-05 -9.80448e-06 -0)
(4.35357e-05 -1.30602e-05 -0)
(3.58217e-05 -1.87854e-05 -0)
(2.85381e-05 -2.4647e-05 -0)
(9.28196e-06 -1.06247e-05 -0)
(2.2393e-07 -3.2935e-08 -0)
(3.52673e-07 1.32651e-08 -0)
(3.44711e-07 1.02605e-08 -0)
(3.4288e-07 -6.5406e-09 -0)
(3.35885e-07 -8.39755e-09 -0)
(3.27701e-07 -1.51723e-08 -0)
(3.16394e-07 -1.79783e-08 -0)
(3.04156e-07 -2.17843e-08 -0)
(2.87822e-07 -3.08004e-08 -0)
(2.64433e-07 -4.11425e-08 -0)
(2.33709e-07 -5.22027e-08 -0)
(1.94836e-07 -6.45315e-08 -0)
(1.47183e-07 -7.63298e-08 -0)
(9.18082e-08 -8.54994e-08 -0)
(3.12155e-08 -9.04925e-08 -0)
(8.93876e-05 -1.97337e-06 -0)
(8.53724e-05 -1.94416e-06 -0)
(8.16571e-05 -1.89839e-06 -0)
(7.77344e-05 -1.83069e-06 -0)
(7.43883e-05 -1.77388e-06 -0)
(7.05202e-05 -1.71978e-06 -0)
(6.75759e-05 -1.74128e-06 -0)
(6.33049e-05 -1.8063e-06 -0)
(6.04468e-05 -2.07659e-06 -0)
(5.45735e-05 -2.44095e-06 -0)
(5.08721e-05 -3.38308e-06 -0)
(4.06794e-05 -4.50989e-06 -0)
(3.36578e-05 -7.86407e-06 -0)
(1.37057e-05 -8.13165e-06 -0)
(1.14901e-07 -3.47537e-08 -0)
(2.86852e-07 3.73271e-08 -0)
(3.19226e-07 1.02489e-08 -0)
(3.33357e-07 3.88088e-09 -0)
(3.36133e-07 -1.10525e-09 -0)
(3.32164e-07 -2.86593e-09 -0)
(3.24473e-07 -4.82643e-09 -0)
(3.13553e-07 -6.09421e-09 -0)
(2.99793e-07 -7.66691e-09 -0)
(2.81671e-07 -1.0457e-08 -0)
(2.57398e-07 -1.38182e-08 -0)
(2.2609e-07 -1.74915e-08 -0)
(1.87162e-07 -2.14376e-08 -0)
(1.4056e-07 -2.51655e-08 -0)
(8.73357e-08 -2.80605e-08 -0)
(2.9638e-08 -2.9638e-08 -0)
)
;

boundaryField
{
    inlet1
    {
        type            extrapolatedCalculated;
        value           nonuniform List<vector> 10((1e-05 1.57513e-05 -0) (1e-05 3.75035e-05 -0) (1e-05 4.63299e-05 -0) (1e-05 7.06667e-05 -0) (1e-05 0.000126006 -0) (1e-05 0.000186371 -0) (1e-05 0.000230469 -0) (1e-05 0.000254385 -0) (1e-05 0.000244925 -0) (1e-05 0.000195527 -0));
    }
    inlet2
    {
        type            extrapolatedCalculated;
        value           nonuniform List<vector> 10((-0 9.31791e-05 -0) (-0 7.56359e-05 -0) (-0 8.76393e-05 -0) (-0 4.85459e-05 -0) (-0 -1.60913e-05 -0) (-0 -1.64748e-05 -0) (-0 -2.60205e-05 -0) (-0 -3.14316e-05 -0) (-0 -4.22744e-05 -0) (-0 -5.57218e-05 -0));
    }
    inlet3
    {
        type            extrapolatedCalculated;
        value           nonuniform List<vector> 10((9.13394e-05 -6.91767e-05 -0) (9.13394e-05 -5.34415e-05 -0) (9.13394e-05 -4.1094e-05 -0) (9.13394e-05 -3.22099e-05 -0) (9.13394e-05 -2.52414e-05 -0) (9.13394e-05 -1.95182e-05 -0) (9.13394e-05 -1.45812e-05 -0) (9.13394e-05 -1.01316e-05 -0) (9.13394e-05 -5.97493e-06 -0) (9.13394e-05 -1.97514e-06 -0));
    }
    output1
    {
        type            extrapolatedCalculated;
        value           nonuniform List<vector> 10((-0 1.49897e-08 -0) (-0 4.54945e-08 -0) (-0 7.76489e-08 -0) (-0 1.12827e-07 -0) (-0 1.52924e-07 -0) (-0 2.00863e-07 -0) (-0 2.61688e-07 -0) (-0 3.45234e-07 -0) (-0 4.73465e-07 -0) (-0 7.03145e-07 -0));
    }
    output2
    {
        type            extrapolatedCalculated;
        value           nonuniform List<vector> 10((1.31397e-06 5.46666e-07 -0) (8.34692e-07 1.60998e-07 -0) (6.69978e-07 5.7952e-08 -0) (6.02884e-07 2.4641e-08 -0) (4.47212e-07 6.1134e-09 -0) (0.000116765 -1.01316e-06 -0) (0.000193983 -5.84322e-06 -0) (0.000229745 -1.65883e-05 -0) (0.000226408 -3.87606e-05 -0) (0.000242624 -7.53873e-05 -0));
    }
    output3
    {
        type            extrapolatedCalculated;
        value           nonuniform List<vector> 10((-0 -0.000130541 -0) (-0 -1.44877e-05 -0) (-0 -6.71394e-06 -0) (-0 -2.61374e-07 -0) (-0 -4.3426e-07 -0) (-0 -3.2141e-07 -0) (-0 -2.31415e-07 -0) (-0 -1.56341e-07 -0) (-0 -9.04925e-08 -0) (-0 -2.9638e-08 -0));
    }
    up
    {
        type            extrapolatedCalculated;
        value           nonuniform List<vector> 
30
(
(8.93876e-05 -0 -0)
(8.53724e-05 -0 -0)
(8.16571e-05 -0 -0)
(7.77344e-05 -0 -0)
(7.43883e-05 -0 -0)
(7.05202e-05 -0 -0)
(6.75759e-05 -0 -0)
(6.33049e-05 -0 -0)
(6.04468e-05 -0 -0)
(5.45735e-05 -0 -0)
(5.08721e-05 -0 -0)
(4.06794e-05 -0 -0)
(3.36578e-05 -0 -0)
(1.37057e-05 -0 -0)
(1.14901e-07 -0 -0)
(2.86852e-07 -0 -0)
(3.19226e-07 -0 -0)
(3.33357e-07 -0 -0)
(3.36133e-07 -0 -0)
(3.32164e-07 -0 -0)
(3.24473e-07 -0 -0)
(3.13553e-07 -0 -0)
(2.99793e-07 -0 -0)
(2.81671e-07 -0 -0)
(2.57398e-07 -0 -0)
(2.2609e-07 -0 -0)
(1.87162e-07 -0 -0)
(1.4056e-07 -0 -0)
(8.73357e-08 -0 -0)
(2.9638e-08 -0 -0)
)
;
    }
    down
    {
        type            extrapolatedCalculated;
        value           nonuniform List<vector> 
30
(
(3.40809e-06 -0 -0)
(3.75782e-07 -0 -0)
(1.92185e-07 -0 -0)
(2.02011e-07 -0 -0)
(1.27026e-07 -0 -0)
(2.18282e-07 -0 -0)
(2.10876e-07 -0 -0)
(2.04857e-07 -0 -0)
(2.01495e-07 -0 -0)
(2.00202e-07 -0 -0)
(2.00261e-07 -0 -0)
(2.0112e-07 -0 -0)
(2.02364e-07 -0 -0)
(2.03656e-07 -0 -0)
(2.04704e-07 -0 -0)
(2.05231e-07 -0 -0)
(2.04971e-07 -0 -0)
(2.03651e-07 -0 -0)
(2.00994e-07 -0 -0)
(1.96714e-07 -0 -0)
(1.90516e-07 -0 -0)
(1.82101e-07 -0 -0)
(1.71174e-07 -0 -0)
(1.57465e-07 -0 -0)
(1.4076e-07 -0 -0)
(1.20948e-07 -0 -0)
(9.80737e-08 -0 -0)
(7.23994e-08 -0 -0)
(4.44456e-08 -0 -0)
(1.49904e-08 -0 -0)
)
;
    }
    emptyWalls
    {
        type            empty;
    }
}


// ************************************************************************* //
