/*--------------------------------*- C++ -*----------------------------------*\
  =========                 |
  \\      /  F ield         | OpenFOAM: The Open Source CFD Toolbox
   \\    /   O peration     | Website:  https://openfoam.org
    \\  /    A nd           | Version:  9
     \\/     M anipulation  |
\*---------------------------------------------------------------------------*/
FoamFile
{
    format      ascii;
    class       volScalarField;
    location    "20000";
    object      fw;
}
// * * * * * * * * * * * * * * * * * * * * * * * * * * * * * * * * * * * * * //

dimensions      [0 0 0 0 0 0 0];

internalField   nonuniform List<scalar> 
900
(
0.999994
0.999802
0.808813
0.070187
7.91416e-09
4.7991e-09
4.7991e-09
4.7991e-09
4.7991e-09
4.7991e-09
4.7991e-09
4.7991e-09
4.7991e-09
4.7991e-09
4.7991e-09
4.7991e-09
4.7991e-09
4.7991e-09
4.7991e-09
4.7991e-09
4.7991e-09
4.7991e-09
4.7991e-09
4.7991e-09
4.7991e-09
4.7991e-09
4.7991e-09
4.7991e-09
4.7991e-09
4.7991e-09
0.995617
0.920304
0.634277
0.829874
1.216e-06
4.7991e-09
4.7991e-09
4.7991e-09
4.7991e-09
4.7991e-09
4.7991e-09
4.7991e-09
4.7991e-09
4.7991e-09
4.7991e-09
4.7991e-09
4.7991e-09
4.7991e-09
4.7991e-09
4.7991e-09
4.7991e-09
4.7991e-09
4.7991e-09
4.7991e-09
4.7991e-09
4.7991e-09
4.7991e-09
4.7991e-09
4.7991e-09
4.7991e-09
0.998899
0.960676
0.755513
0.013839
4.91743e-09
4.7991e-09
4.7991e-09
4.7991e-09
4.7991e-09
4.7991e-09
4.7991e-09
4.7991e-09
4.7991e-09
4.7991e-09
4.7991e-09
4.7991e-09
4.7991e-09
4.7991e-09
4.7991e-09
4.7991e-09
4.7991e-09
4.7991e-09
4.7991e-09
4.7991e-09
4.7991e-09
4.7991e-09
4.7991e-09
4.7991e-09
4.7991e-09
4.7991e-09
0.997459
0.933389
0.870867
0.000934241
4.81105e-09
4.7991e-09
4.7991e-09
4.7991e-09
4.7991e-09
4.7991e-09
4.7991e-09
4.7991e-09
4.7991e-09
4.7991e-09
4.7991e-09
4.7991e-09
4.7991e-09
4.7991e-09
4.7991e-09
4.7991e-09
4.7991e-09
4.7991e-09
4.7991e-09
4.7991e-09
4.7991e-09
4.7991e-09
4.7991e-09
4.7991e-09
4.7991e-09
4.7991e-09
0.99942
0.97885
0.898082
9.13588e-05
4.80026e-09
4.7991e-09
4.7991e-09
4.7991e-09
4.7991e-09
4.7991e-09
4.7991e-09
4.7991e-09
4.7991e-09
4.7991e-09
4.7991e-09
4.7991e-09
4.7991e-09
4.7991e-09
4.7991e-09
4.7991e-09
4.7991e-09
4.7991e-09
4.7991e-09
4.7991e-09
4.7991e-09
4.7991e-09
4.7991e-09
4.7991e-09
4.7991e-09
4.7991e-09
0.999348
0.957732
0.919279
2.21956e-06
4.79912e-09
4.7991e-09
4.7991e-09
4.7991e-09
4.7991e-09
4.7991e-09
4.7991e-09
4.7991e-09
4.7991e-09
4.7991e-09
4.7991e-09
4.7991e-09
4.7991e-09
4.7991e-09
4.7991e-09
4.7991e-09
4.7991e-09
4.7991e-09
4.7991e-09
4.7991e-09
4.7991e-09
4.7991e-09
4.7991e-09
4.7991e-09
4.7991e-09
4.7991e-09
0.999833
0.987355
0.82968
1.11041e-07
4.7991e-09
4.7991e-09
4.7991e-09
4.7991e-09
4.7991e-09
4.7991e-09
4.7991e-09
4.7991e-09
4.7991e-09
4.7991e-09
4.7991e-09
4.7991e-09
4.7991e-09
4.7991e-09
4.7991e-09
4.7991e-09
4.7991e-09
4.7991e-09
4.7991e-09
4.7991e-09
4.7991e-09
4.7991e-09
4.7991e-09
4.7991e-09
4.7991e-09
4.7991e-09
0.999833
0.950992
0.912627
1.01338e-08
4.7991e-09
4.7991e-09
4.7991e-09
4.7991e-09
4.7991e-09
4.7991e-09
4.7991e-09
4.7991e-09
4.7991e-09
4.7991e-09
4.7991e-09
4.7991e-09
4.7991e-09
4.7991e-09
4.7991e-09
4.7991e-09
4.7991e-09
4.7991e-09
4.7991e-09
4.7991e-09
4.7991e-09
4.7991e-09
4.7991e-09
4.7991e-09
4.7991e-09
4.7991e-09
0.999961
0.99272
0.56302
5.63867e-09
4.7991e-09
4.7991e-09
4.7991e-09
4.7991e-09
4.7991e-09
4.7991e-09
4.7991e-09
4.7991e-09
4.7991e-09
4.7991e-09
4.7991e-09
4.7991e-09
4.7991e-09
4.7991e-09
4.7991e-09
4.7991e-09
4.7991e-09
4.7991e-09
4.7991e-09
4.7991e-09
4.7991e-09
4.7991e-09
4.7991e-09
4.7991e-09
4.7991e-09
4.7991e-09
0.99999
0.961691
0.00455626
4.8062e-09
4.7991e-09
4.7991e-09
4.7991e-09
4.7991e-09
4.7991e-09
4.7991e-09
4.7991e-09
4.7991e-09
4.7991e-09
4.7991e-09
4.7991e-09
4.7991e-09
4.7991e-09
4.7991e-09
4.7991e-09
4.7991e-09
4.7991e-09
4.7991e-09
4.7991e-09
4.7991e-09
4.7991e-09
4.7991e-09
4.7991e-09
4.7991e-09
4.7991e-09
4.79911e-09
1
0.998918
0.744783
9.97926e-06
4.80081e-09
4.7991e-09
4.7991e-09
4.7991e-09
4.7991e-09
4.7991e-09
4.7991e-09
4.7991e-09
4.7991e-09
4.7991e-09
4.7991e-09
4.7991e-09
4.7991e-09
4.7991e-09
4.7991e-09
4.7991e-09
4.7991e-09
4.7991e-09
4.7991e-09
4.7991e-09
4.7991e-09
4.7991e-09
4.7991e-09
4.7991e-09
4.79909e-09
4.79909e-09
1
0.977635
0.647757
0.548021
0.0072174
5.1655e-09
4.79911e-09
4.7991e-09
4.7991e-09
4.7991e-09
4.7991e-09
4.7991e-09
4.7991e-09
4.7991e-09
4.7991e-09
4.7991e-09
4.7991e-09
4.7991e-09
4.7991e-09
4.7991e-09
4.7991e-09
4.7991e-09
4.7991e-09
4.7991e-09
4.7991e-09
4.7991e-09
4.7991e-09
4.7991e-09
4.7991e-09
4.7991e-09
1.00008
0.999983
0.985262
0.801149
0.483332
0.358841
5.14683e-05
4.80012e-09
5.14821e-09
5.04022e-09
4.80023e-09
4.80007e-09
4.79996e-09
4.79987e-09
4.79969e-09
4.7991e-09
4.7991e-09
4.7991e-09
4.7991e-09
4.7991e-09
4.7991e-09
4.7991e-09
4.7991e-09
4.7991e-09
4.7991e-09
4.7991e-09
4.7991e-09
4.7991e-09
4.7991e-09
4.7991e-09
1
0.999968
0.998819
0.992951
0.975593
0.951632
0.91256
0.891215
0.881272
0.884259
0.878595
0.89466
0.878831
0.913967
0.0101965
1.38651e-08
2.59726e-08
4.84329e-08
6.91998e-08
8.20163e-08
8.95391e-08
9.49084e-08
1.0213e-07
1.08065e-07
1.21715e-07
1.05184e-07
8.07247e-08
4.72035e-08
2.23579e-08
8.31837e-09
0.996026
0.985685
0.98763
0.983164
0.971325
0.958608
0.944631
0.939691
0.926434
0.934946
0.921838
0.939214
0.90733
0.915485
0.767525
0.703306
0.695532
0.693533
0.692453
0.694944
0.701187
0.708871
0.716292
0.722156
0.72779
0.732888
0.740178
0.746327
0.753681
0.753027
0.949026
0.935564
0.930625
0.926096
0.921582
0.915357
0.90868
0.904929
0.896719
0.897793
0.890129
0.892371
0.874035
0.870474
0.86746
0.840343
0.827488
0.824248
0.824753
0.827454
0.831776
0.836331
0.840741
0.843797
0.847026
0.849019
0.853497
0.856834
0.863851
0.864147
0.926519
0.909807
0.897515
0.893533
0.891374
0.890166
0.887782
0.885864
0.882707
0.879964
0.875487
0.868739
0.863635
0.857366
0.867689
0.862059
0.855676
0.854347
0.856587
0.860746
0.865168
0.869522
0.872884
0.875627
0.877291
0.878098
0.879057
0.879866
0.884857
0.887193
0.893952
0.87996
0.881854
0.888316
0.894374
0.89874
0.900765
0.901284
0.900342
0.897894
0.894439
0.889614
0.886261
0.883864
0.88534
0.885376
0.884942
0.886177
0.889042
0.892549
0.895483
0.898088
0.899273
0.900565
0.899458
0.898563
0.893313
0.88884
0.8831
0.885012
0.881368
0.881997
0.896036
0.908203
0.916287
0.920834
0.923079
0.923526
0.922725
0.920787
0.918416
0.915968
0.914486
0.91376
0.914187
0.914714
0.915335
0.915461
0.915986
0.915619
0.915349
0.913875
0.912388
0.909837
0.906157
0.901692
0.891486
0.879578
0.85096
0.836283
0.879628
0.906935
0.92573
0.933767
0.936704
0.937156
0.936614
0.935183
0.93335
0.93101
0.928821
0.926808
0.92558
0.924696
0.924286
0.923673
0.922823
0.92094
0.918898
0.915746
0.913387
0.909205
0.906618
0.900158
0.896113
0.885957
0.877651
0.86198
0.815054
0.76914
0.932354
0.950318
0.950049
0.944742
0.939155
0.934259
0.93048
0.927094
0.92435
0.921642
0.919643
0.917853
0.916935
0.916111
0.915676
0.914984
0.913882
0.912432
0.910276
0.908269
0.905599
0.901987
0.89775
0.889128
0.883016
0.864563
0.862121
0.830425
0.879737
0.906007
0.905353
0.896756
0.896077
0.897725
0.90045
0.902893
0.905532
0.907063
0.908813
0.909444
0.910912
0.911347
0.913031
0.91335
0.914761
0.914424
0.914572
0.913286
0.911297
0.908705
0.903276
0.897352
0.885907
0.874961
0.854941
0.836552
0.813015
0.789192
0.745744
0.389005
0.910629
0.914529
0.922065
0.927806
0.931261
0.932544
0.933152
0.932595
0.932333
0.93096
0.930392
0.928233
0.927308
0.923952
0.922516
0.917819
0.915994
0.910463
0.906936
0.899675
0.890077
0.875366
0.854811
0.833952
0.799676
0.763272
0.721009
0.659828
0.58555
0.509186
0.912069
0.910274
0.909397
0.908849
0.908439
0.907607
0.90707
0.906132
0.905953
0.905003
0.905153
0.903734
0.904105
0.901832
0.90304
0.899671
0.902177
0.896252
0.896369
0.884691
0.868787
0.83884
0.79938
0.760115
0.700173
0.653793
0.533934
0.433074
0.408384
0.000129272
0.912248
0.910751
0.910769
0.911864
0.913868
0.915539
0.917438
0.918504
0.920013
0.920501
0.921672
0.921402
0.921867
0.920091
0.919241
0.914245
0.912278
0.899921
0.897153
0.867458
0.832548
0.763284
0.696753
0.55183
0.486785
0.503788
0.112317
5.8487e-09
4.7991e-09
4.7991e-09
0.912564
0.911489
0.911127
0.911143
0.911793
0.912221
0.913076
0.913263
0.914052
0.913874
0.914395
0.913502
0.912745
0.910186
0.906011
0.90097
0.892224
0.878607
0.868049
0.793665
0.727187
0.544857
0.532582
0.00386688
4.8032e-09
4.7991e-09
4.7991e-09
4.7991e-09
4.7991e-09
4.7991e-09
0.912796
0.911938
0.911569
0.911308
0.911788
0.912043
0.913167
0.913471
0.915016
0.915097
0.917004
0.916611
0.918266
0.916578
0.915037
0.910662
0.896072
0.883252
0.827725
0.624586
0.5903
0.0232404
4.84593e-09
4.7991e-09
4.7991e-09
4.7991e-09
4.7991e-09
4.7991e-09
4.7991e-09
4.7991e-09
0.912928
0.912261
0.91193
0.911616
0.911895
0.911966
0.912919
0.9131
0.914717
0.914693
0.917157
0.916544
0.919867
0.917199
0.91886
0.907978
0.8913
0.865482
0.652643
0.0370655
4.89529e-09
4.7991e-09
4.7991e-09
4.7991e-09
4.7991e-09
4.7991e-09
4.7991e-09
4.7991e-09
4.7991e-09
4.7991e-09
0.913007
0.91246
0.912169
0.911864
0.91203
0.912043
0.912837
0.913056
0.9146
0.914797
0.917422
0.917306
0.921632
0.920042
0.925927
0.914678
0.911248
0.828322
0.0283639
4.83404e-09
4.7991e-09
4.7991e-09
4.7991e-09
4.7991e-09
4.7991e-09
4.7991e-09
4.7991e-09
4.7991e-09
4.7991e-09
4.7991e-09
0.913025
0.912583
0.912248
0.912052
0.912038
0.912223
0.912663
0.913282
0.914243
0.915279
0.916973
0.918452
0.921469
0.923022
0.928148
0.924827
0.928595
0.668065
1.61049e-08
4.7991e-09
4.7991e-09
4.7991e-09
4.7991e-09
4.7991e-09
4.7991e-09
4.7991e-09
4.7991e-09
4.7991e-09
4.7991e-09
4.7991e-09
)
;

boundaryField
{
    inlet1
    {
        type            calculated;
        value           uniform 1;
    }
    inlet2
    {
        type            calculated;
        value           nonuniform List<scalar> 10(1 1 1.00008 1 0.996026 0.949026 0.926519 0.893952 0.881368 0.879628);
    }
    inlet3
    {
        type            calculated;
        value           uniform 0.913307;
    }
    output1
    {
        type            calculated;
        value           nonuniform List<scalar> 10(4.7991e-09 4.7991e-09 4.7991e-09 4.7991e-09 4.7991e-09 4.7991e-09 4.7991e-09 4.7991e-09 4.7991e-09 4.79911e-09);
    }
    output2
    {
        type            calculated;
        value           nonuniform List<scalar> 10(4.79909e-09 4.7991e-09 4.7991e-09 8.31837e-09 0.753027 0.864147 0.887193 0.885012 0.836283 0.76914);
    }
    output3
    {
        type            calculated;
        value           nonuniform List<scalar> 10(0.906007 0.389005 0.509186 0.000129272 4.7991e-09 4.7991e-09 4.7991e-09 4.7991e-09 4.7991e-09 4.7991e-09);
    }
    up
    {
        type            calculated;
        value           nonuniform List<scalar> 
30
(
0.913025
0.912583
0.912248
0.912052
0.912038
0.912223
0.912663
0.913282
0.914243
0.915279
0.916973
0.918452
0.921469
0.923022
0.928148
0.924827
0.928595
0.668065
1.61049e-08
4.7991e-09
4.7991e-09
4.7991e-09
4.7991e-09
4.7991e-09
4.7991e-09
4.7991e-09
4.7991e-09
4.7991e-09
4.7991e-09
4.7991e-09
)
;
    }
    down
    {
        type            calculated;
        value           nonuniform List<scalar> 
30
(
0.999994
0.999802
0.808813
0.070187
7.91416e-09
4.7991e-09
4.7991e-09
4.7991e-09
4.7991e-09
4.7991e-09
4.7991e-09
4.7991e-09
4.7991e-09
4.7991e-09
4.7991e-09
4.7991e-09
4.7991e-09
4.7991e-09
4.7991e-09
4.7991e-09
4.7991e-09
4.7991e-09
4.7991e-09
4.7991e-09
4.7991e-09
4.7991e-09
4.7991e-09
4.7991e-09
4.7991e-09
4.7991e-09
)
;
    }
    emptyWalls
    {
        type            empty;
    }
}


// ************************************************************************* //
