/*--------------------------------*- C++ -*----------------------------------*\
  =========                 |
  \\      /  F ield         | OpenFOAM: The Open Source CFD Toolbox
   \\    /   O peration     | Website:  https://openfoam.org
    \\  /    A nd           | Version:  9
     \\/     M anipulation  |
\*---------------------------------------------------------------------------*/
FoamFile
{
    format      ascii;
    class       volScalarField;
    location    "20000";
    object      Sw;
}
// * * * * * * * * * * * * * * * * * * * * * * * * * * * * * * * * * * * * * //

dimensions      [0 0 0 0 0 0 0];

internalField   nonuniform List<scalar> 
900
(
0.823814
0.778063
0.567227
0.428159
0.153137
0.15
0.15
0.15
0.15
0.15
0.15
0.15
0.15
0.15
0.15
0.15
0.15
0.15
0.15
0.15
0.15
0.15
0.15
0.15
0.15
0.15
0.15
0.15
0.15
0.15
0.702391
0.603275
0.53512
0.57234
0.197291
0.15
0.15
0.15
0.15
0.15
0.15
0.15
0.15
0.15
0.15
0.15
0.15
0.15
0.15
0.15
0.15
0.15
0.15
0.15
0.15
0.15
0.15
0.15
0.15
0.15
0.740452
0.629708
0.555877
0.377478
0.150149
0.15
0.15
0.15
0.15
0.15
0.15
0.15
0.15
0.15
0.15
0.15
0.15
0.15
0.15
0.15
0.15
0.15
0.15
0.15
0.15
0.15
0.15
0.15
0.15
0.15
0.718197
0.610148
0.583996
0.308196
0.150015
0.15
0.15
0.15
0.15
0.15
0.15
0.15
0.15
0.15
0.15
0.15
0.15
0.15
0.15
0.15
0.15
0.15
0.15
0.15
0.15
0.15
0.15
0.15
0.15
0.15
0.755778
0.651631
0.593605
0.260661
0.150001
0.15
0.15
0.15
0.15
0.15
0.15
0.15
0.15
0.15
0.15
0.15
0.15
0.15
0.15
0.15
0.15
0.15
0.15
0.15
0.15
0.15
0.15
0.15
0.15
0.15
0.753088
0.627073
0.602785
0.204454
0.15
0.15
0.15
0.15
0.15
0.15
0.15
0.15
0.15
0.15
0.15
0.15
0.15
0.15
0.15
0.15
0.15
0.15
0.15
0.15
0.15
0.15
0.15
0.15
0.15
0.15
0.78116
0.66902
0.572301
0.173122
0.15
0.15
0.15
0.15
0.15
0.15
0.15
0.15
0.15
0.15
0.15
0.15
0.15
0.15
0.15
0.15
0.15
0.15
0.15
0.15
0.15
0.15
0.15
0.15
0.15
0.15
0.781182
0.621648
0.599697
0.154757
0.15
0.15
0.15
0.15
0.15
0.15
0.15
0.15
0.15
0.15
0.15
0.15
0.15
0.15
0.15
0.15
0.15
0.15
0.15
0.15
0.15
0.15
0.15
0.15
0.15
0.15
0.803865
0.686824
0.524533
0.150991
0.15
0.15
0.15
0.15
0.15
0.15
0.15
0.15
0.15
0.15
0.15
0.15
0.15
0.15
0.15
0.15
0.15
0.15
0.15
0.15
0.15
0.15
0.15
0.15
0.15
0.15
0.818901
0.630654
0.346953
0.150009
0.15
0.15
0.15
0.15
0.15
0.15
0.15
0.15
0.15
0.15
0.15
0.15
0.15
0.15
0.15
0.15
0.15
0.15
0.15
0.15
0.15
0.15
0.15
0.15
0.15
0.15
0.851396
0.740876
0.553826
0.224568
0.150002
0.15
0.15
0.15
0.15
0.15
0.15
0.15
0.15
0.15
0.15
0.15
0.15
0.15
0.15
0.15
0.15
0.15
0.15
0.15
0.15
0.15
0.15
0.15
0.15
0.15
0.878087
0.649705
0.53721
0.522327
0.359246
0.15045
0.15
0.15
0.15
0.15
0.15
0.15
0.15
0.15
0.15
0.15
0.15
0.15
0.15
0.15
0.15
0.15
0.15
0.15
0.15
0.15
0.15
0.15
0.15
0.15
0.945296
0.813941
0.663929
0.565465
0.513146
0.495103
0.250518
0.150001
0.150429
0.150299
0.150001
0.150001
0.150001
0.150001
0.150001
0.15
0.15
0.15
0.15
0.15
0.15
0.15
0.15
0.15
0.15
0.15
0.15
0.15
0.15
0.15
0.875076
0.806474
0.738682
0.687827
0.646657
0.622137
0.599667
0.591006
0.587459
0.588497
0.586542
0.592291
0.58662
0.600308
0.369121
0.15688
0.161372
0.166171
0.169081
0.170511
0.171261
0.171764
0.172401
0.172895
0.173946
0.172662
0.170387
0.16598
0.16028
0.153463
0.705295
0.664877
0.669695
0.659419
0.640995
0.627842
0.617118
0.613919
0.606362
0.611055
0.604024
0.613616
0.59738
0.600996
0.558276
0.546339
0.545013
0.544677
0.544494
0.544911
0.545972
0.547299
0.548603
0.549649
0.550668
0.551601
0.552955
0.554116
0.555529
0.555402
0.62019
0.611415
0.608599
0.606188
0.603898
0.600937
0.597962
0.596375
0.593081
0.593498
0.590597
0.591427
0.585032
0.583883
0.582932
0.575089
0.571743
0.57093
0.571054
0.571729
0.572828
0.574014
0.575188
0.576018
0.57691
0.577467
0.578742
0.579712
0.581815
0.581905
0.606406
0.598447
0.593389
0.591863
0.591056
0.590611
0.589744
0.589057
0.587949
0.587007
0.585508
0.583332
0.581748
0.579868
0.583003
0.581271
0.579374
0.578986
0.579637
0.58087
0.582215
0.583578
0.584656
0.585554
0.586107
0.586378
0.586701
0.586975
0.588702
0.589532
0.592021
0.587006
0.587655
0.589936
0.592181
0.593868
0.594672
0.594881
0.594504
0.593537
0.592207
0.59041
0.589201
0.588355
0.588874
0.588886
0.588731
0.589167
0.590198
0.591492
0.592604
0.593614
0.594081
0.594594
0.594153
0.593799
0.59178
0.590126
0.588086
0.588755
0.587488
0.587704
0.592816
0.597755
0.601365
0.603533
0.604644
0.60487
0.604468
0.603511
0.602369
0.601219
0.600537
0.600206
0.600399
0.600639
0.600923
0.600981
0.601225
0.601057
0.600933
0.600259
0.599589
0.598462
0.596886
0.595044
0.591097
0.586875
0.578016
0.574005
0.586894
0.597215
0.605995
0.610371
0.61209
0.612361
0.612036
0.611191
0.610133
0.608819
0.607626
0.606557
0.605918
0.605463
0.605254
0.604943
0.604516
0.603586
0.602599
0.601116
0.600038
0.598188
0.597081
0.59443
0.592846
0.589091
0.586229
0.581246
0.568685
0.558596
0.609568
0.621144
0.620944
0.617192
0.61358
0.610654
0.608527
0.606707
0.605287
0.60393
0.602955
0.6021
0.601667
0.601282
0.601081
0.600763
0.600261
0.599608
0.598655
0.597784
0.596653
0.595166
0.593482
0.590234
0.588061
0.582036
0.58129
0.572488
0.586932
0.596819
0.596549
0.593094
0.592832
0.593471
0.594547
0.595534
0.596624
0.597269
0.598018
0.598291
0.598932
0.599124
0.599875
0.600019
0.600661
0.600507
0.600575
0.599991
0.599103
0.597972
0.595692
0.593328
0.589077
0.58534
0.579164
0.57408
0.5682
0.562803
0.554003
0.499592
0.598808
0.600555
0.604139
0.607084
0.608958
0.609676
0.61002
0.609704
0.609556
0.608791
0.608478
0.607311
0.606819
0.605085
0.604364
0.602084
0.601229
0.598736
0.597216
0.59424
0.590581
0.585471
0.579125
0.573399
0.565121
0.55742
0.54945
0.539135
0.527786
0.516793
0.599445
0.598652
0.59827
0.598033
0.597857
0.5975
0.597272
0.596876
0.5968
0.596403
0.596465
0.595878
0.596031
0.595103
0.595593
0.594237
0.595242
0.5929
0.592945
0.588645
0.58335
0.574685
0.565053
0.556792
0.545805
0.538177
0.520332
0.505984
0.50242
0.267153
0.599525
0.598862
0.59887
0.599354
0.600254
0.601018
0.601904
0.602409
0.603133
0.603371
0.603945
0.603812
0.604041
0.603172
0.602761
0.600426
0.599538
0.594335
0.593248
0.582931
0.573033
0.557419
0.545218
0.522887
0.513625
0.516028
0.444923
0.151226
0.15
0.15
0.599666
0.599187
0.599027
0.599034
0.599322
0.599513
0.599896
0.59998
0.600337
0.600256
0.600493
0.600089
0.599746
0.598615
0.596823
0.594757
0.59137
0.586549
0.583117
0.563778
0.55056
0.521886
0.520124
0.342809
0.150005
0.15
0.15
0.15
0.15
0.15
0.59977
0.599386
0.599223
0.599107
0.59932
0.599434
0.599937
0.600074
0.600777
0.600815
0.601699
0.601517
0.602294
0.601503
0.600785
0.598827
0.592827
0.588144
0.571801
0.533634
0.52848
0.392915
0.15006
0.15
0.15
0.15
0.15
0.15
0.15
0.15
0.599829
0.599531
0.599383
0.599244
0.599367
0.599399
0.599825
0.599907
0.60064
0.60063
0.601771
0.601485
0.603062
0.601793
0.602577
0.597666
0.591026
0.582332
0.537994
0.407337
0.150122
0.15
0.15
0.15
0.15
0.15
0.15
0.15
0.15
0.15
0.599865
0.59962
0.599489
0.599354
0.599428
0.599433
0.599788
0.599887
0.600587
0.600677
0.601896
0.601842
0.603924
0.603148
0.606097
0.600627
0.599083
0.571988
0.399013
0.150045
0.15
0.15
0.15
0.15
0.15
0.15
0.15
0.15
0.15
0.15
0.599873
0.599674
0.599525
0.599437
0.599431
0.599514
0.59971
0.599988
0.600424
0.600898
0.601686
0.602383
0.603845
0.604615
0.607266
0.605528
0.607512
0.540538
0.157951
0.15
0.15
0.15
0.15
0.15
0.15
0.15
0.15
0.15
0.15
0.15
)
;

boundaryField
{
    inlet1
    {
        type            fixedValue;
        value           uniform 0.85;
    }
    inlet2
    {
        type            zeroGradient;
    }
    inlet3
    {
        type            fixedValue;
        value           uniform 0.6;
    }
    output1
    {
        type            zeroGradient;
    }
    output2
    {
        type            zeroGradient;
    }
    output3
    {
        type            zeroGradient;
    }
    up
    {
        type            zeroGradient;
    }
    down
    {
        type            zeroGradient;
    }
    emptyWalls
    {
        type            empty;
    }
}


// ************************************************************************* //
