/*--------------------------------*- C++ -*----------------------------------*\
  =========                 |
  \\      /  F ield         | OpenFOAM: The Open Source CFD Toolbox
   \\    /   O peration     | Website:  https://openfoam.org
    \\  /    A nd           | Version:  9
     \\/     M anipulation  |
\*---------------------------------------------------------------------------*/
FoamFile
{
    format      ascii;
    class       volScalarField;
    location    "15500";
    object      alpha;
}
// * * * * * * * * * * * * * * * * * * * * * * * * * * * * * * * * * * * * * //

dimensions      [0 2 -1 0 0 0 0];

internalField   nonuniform List<scalar> 
900
(
-2.4466e-10
-9.22982e-12
-1.7756e-12
-4.47913e-13
-4.03307e-14
-4.0652e-14
-4.0652e-14
-4.0652e-14
-4.0652e-14
-4.0652e-14
-4.0652e-14
-4.0652e-14
-4.0652e-14
-4.0652e-14
-4.0652e-14
-4.0652e-14
-4.0652e-14
-4.0652e-14
-4.0652e-14
-4.0652e-14
-4.0652e-14
-4.0652e-14
-4.0652e-14
-4.0652e-14
-4.0652e-14
-4.0652e-14
-4.0652e-14
-4.0652e-14
-4.0652e-14
-4.0652e-14
-9.48155e-11
-1.19164e-11
-2.11037e-10
-3.70773e-12
-4.01447e-14
-4.0652e-14
-4.0652e-14
-4.0652e-14
-4.0652e-14
-4.0652e-14
-4.0652e-14
-4.0652e-14
-4.0652e-14
-4.0652e-14
-4.0652e-14
-4.0652e-14
-4.0652e-14
-4.0652e-14
-4.0652e-14
-4.0652e-14
-4.0652e-14
-4.0652e-14
-4.0652e-14
-4.0652e-14
-4.0652e-14
-4.0652e-14
-4.0652e-14
-4.0652e-14
-4.0652e-14
-4.0652e-14
-1.56854e-10
-5.30211e-11
-2.4848e-11
-4.61788e-14
-4.06437e-14
-4.0652e-14
-4.0652e-14
-4.0652e-14
-4.0652e-14
-4.0652e-14
-4.0652e-14
-4.0652e-14
-4.0652e-14
-4.0652e-14
-4.0652e-14
-4.0652e-14
-4.0652e-14
-4.0652e-14
-4.0652e-14
-4.0652e-14
-4.0652e-14
-4.0652e-14
-4.0652e-14
-4.0652e-14
-4.0652e-14
-4.0652e-14
-4.0652e-14
-4.0652e-14
-4.0652e-14
-4.0652e-14
-1.67728e-10
-4.6435e-11
-8.06279e-12
-2.85022e-14
-4.06508e-14
-4.0652e-14
-4.0652e-14
-4.0652e-14
-4.0652e-14
-4.0652e-14
-4.0652e-14
-4.0652e-14
-4.0652e-14
-4.0652e-14
-4.0652e-14
-4.0652e-14
-4.0652e-14
-4.0652e-14
-4.0652e-14
-4.0652e-14
-4.0652e-14
-4.0652e-14
-4.0652e-14
-4.0652e-14
-4.0652e-14
-4.0652e-14
-4.0652e-14
-4.0652e-14
-4.0652e-14
-4.0652e-14
-2.18924e-10
-3.56737e-11
-7.76001e-12
-2.71969e-14
-4.0652e-14
-4.0652e-14
-4.0652e-14
-4.0652e-14
-4.0652e-14
-4.0652e-14
-4.0652e-14
-4.0652e-14
-4.0652e-14
-4.0652e-14
-4.0652e-14
-4.0652e-14
-4.0652e-14
-4.0652e-14
-4.0652e-14
-4.0652e-14
-4.0652e-14
-4.0652e-14
-4.0652e-14
-4.0652e-14
-4.0652e-14
-4.0652e-14
-4.0652e-14
-4.0652e-14
-4.0652e-14
-4.0652e-14
-1.57316e-10
-3.08667e-11
-6.74305e-12
-3.41493e-14
-4.0652e-14
-4.0652e-14
-4.0652e-14
-4.0652e-14
-4.0652e-14
-4.0652e-14
-4.0652e-14
-4.0652e-14
-4.0652e-14
-4.0652e-14
-4.0652e-14
-4.0652e-14
-4.0652e-14
-4.0652e-14
-4.0652e-14
-4.0652e-14
-4.0652e-14
-4.0652e-14
-4.0652e-14
-4.0652e-14
-4.0652e-14
-4.0652e-14
-4.0652e-14
-4.0652e-14
-4.0652e-14
-4.0652e-14
-1.34986e-10
-2.21469e-11
-9.06424e-12
-3.94683e-14
-4.0652e-14
-4.0652e-14
-4.0652e-14
-4.0652e-14
-4.0652e-14
-4.0652e-14
-4.0652e-14
-4.0652e-14
-4.0652e-14
-4.0652e-14
-4.0652e-14
-4.0652e-14
-4.0652e-14
-4.0652e-14
-4.0652e-14
-4.0652e-14
-4.0652e-14
-4.0652e-14
-4.0652e-14
-4.0652e-14
-4.0652e-14
-4.0652e-14
-4.0652e-14
-4.0652e-14
-4.0652e-14
-4.0652e-14
-1.07557e-10
-2.51276e-11
-6.8067e-12
-4.04533e-14
-4.0652e-14
-4.0652e-14
-4.0652e-14
-4.0652e-14
-4.0652e-14
-4.0652e-14
-4.0652e-14
-4.0652e-14
-4.0652e-14
-4.0652e-14
-4.0652e-14
-4.0652e-14
-4.0652e-14
-4.0652e-14
-4.0652e-14
-4.0652e-14
-4.0652e-14
-4.0652e-14
-4.0652e-14
-4.0652e-14
-4.0652e-14
-4.0652e-14
-4.0652e-14
-4.0652e-14
-4.0652e-14
-4.0652e-14
-1.3224e-10
-1.46722e-11
-2.7378e-14
-4.06518e-14
-4.0652e-14
-4.0652e-14
-4.0652e-14
-4.0652e-14
-4.0652e-14
-4.0652e-14
-4.0652e-14
-4.0652e-14
-4.0652e-14
-4.0652e-14
-4.0652e-14
-4.0652e-14
-4.0652e-14
-4.0652e-14
-4.0652e-14
-4.0652e-14
-4.0652e-14
-4.0652e-14
-4.0652e-14
-4.0652e-14
-4.0652e-14
-4.0652e-14
-4.0652e-14
-4.0652e-14
-4.0652e-14
-4.0652e-14
-1.81738e-10
-2.5366e-11
-2.64735e-14
-4.0652e-14
-4.0652e-14
-4.0652e-14
-4.0652e-14
-4.0652e-14
-4.0652e-14
-4.0652e-14
-4.0652e-14
-4.0652e-14
-4.0652e-14
-4.0652e-14
-4.0652e-14
-4.0652e-14
-4.0652e-14
-4.0652e-14
-4.0652e-14
-4.0652e-14
-4.0652e-14
-4.0652e-14
-4.0652e-14
-4.0652e-14
-4.0652e-14
-4.0652e-14
-4.0652e-14
-4.0652e-14
-4.0652e-14
-4.0652e-14
-3.07756e-10
-3.16083e-11
-3.16673e-12
-3.88769e-14
-4.0652e-14
-4.0652e-14
-4.0652e-14
-4.0652e-14
-4.0652e-14
-4.0652e-14
-4.0652e-14
-4.0652e-14
-4.0652e-14
-4.0652e-14
-4.0652e-14
-4.0652e-14
-4.0652e-14
-4.0652e-14
-4.0652e-14
-4.0652e-14
-4.0652e-14
-4.0652e-14
-4.0652e-14
-4.0652e-14
-4.0652e-14
-4.0652e-14
-4.0652e-14
-4.0652e-14
-4.0652e-14
-4.0652e-14
-4.93232e-10
-5.10588e-11
-1.25329e-11
-6.71793e-12
-3.30339e-14
-4.05971e-14
-4.0652e-14
-4.0652e-14
-4.0652e-14
-4.0652e-14
-4.0652e-14
-4.0652e-14
-4.0652e-14
-4.0652e-14
-4.0652e-14
-4.0652e-14
-4.0652e-14
-4.0652e-14
-4.0652e-14
-4.0652e-14
-4.0652e-14
-4.0652e-14
-4.0652e-14
-4.0652e-14
-4.0652e-14
-4.0652e-14
-4.0652e-14
-4.0652e-14
-4.0652e-14
-4.0652e-14
-1.15926e-09
-1.23928e-10
-8.4833e-12
-3.18131e-12
-1.34592e-12
-1.39221e-12
-3.51075e-14
-4.06518e-14
-4.06518e-14
-4.0652e-14
-4.0652e-14
-4.0652e-14
-4.0652e-14
-4.0652e-14
-4.0652e-14
-4.0652e-14
-4.0652e-14
-4.0652e-14
-4.0652e-14
-4.0652e-14
-4.0652e-14
-4.0652e-14
-4.0652e-14
-4.0652e-14
-4.0652e-14
-4.0652e-14
-4.0652e-14
-4.0652e-14
-4.0652e-14
-4.0652e-14
-1.96624e-09
-4.88614e-10
-1.24704e-10
-4.03264e-11
-2.04475e-11
-1.81394e-11
-1.45578e-11
-1.71041e-11
-4.16236e-13
-4.06434e-14
-4.06343e-14
-4.06353e-14
-4.06519e-14
-4.06518e-14
-4.06518e-14
-4.06518e-14
-4.0652e-14
-4.0652e-14
-4.0652e-14
-4.0652e-14
-4.0652e-14
-4.0652e-14
-4.0652e-14
-4.0652e-14
-4.0652e-14
-4.0652e-14
-4.0652e-14
-4.0652e-14
-4.0652e-14
-4.0652e-14
-6.39228e-10
-3.11157e-10
-9.52389e-11
-5.68591e-11
-3.26369e-11
-3.26191e-11
-2.47566e-11
-2.58779e-11
-1.29951e-11
-9.96003e-12
-9.81386e-12
-9.85034e-12
-9.98112e-12
-1.00302e-11
-9.26617e-12
-1.02787e-11
-2.79112e-14
-3.03001e-14
-2.86958e-14
-2.76834e-14
-2.69102e-14
-2.64874e-14
-2.66596e-14
-2.82081e-14
-3.39194e-14
-5.13985e-14
-8.70572e-14
-8.37728e-14
-3.5038e-14
-3.08414e-14
-4.07602e-11
-3.49151e-11
-2.26942e-11
-2.36863e-11
-2.07548e-11
-2.0257e-11
-1.86035e-11
-1.79711e-11
-1.81075e-11
-1.59561e-11
-1.49557e-11
-1.49453e-11
-1.44721e-11
-1.48027e-11
-1.24979e-11
-1.15366e-11
-6.79197e-12
-5.91653e-12
-5.92594e-12
-6.12822e-12
-6.40825e-12
-6.69156e-12
-6.9311e-12
-7.11771e-12
-7.2799e-12
-7.4404e-12
-7.65363e-12
-7.86272e-12
-8.15172e-12
-8.21175e-12
-2.58401e-11
-2.09224e-11
-1.91049e-11
-1.74209e-11
-1.67791e-11
-1.5482e-11
-1.51156e-11
-1.44639e-11
-1.55993e-11
-1.53255e-11
-1.47278e-11
-1.4405e-11
-1.39926e-11
-1.3635e-11
-1.25643e-11
-1.17548e-11
-1.13123e-11
-1.03664e-11
-1.02834e-11
-1.05975e-11
-1.10286e-11
-1.14548e-11
-1.18004e-11
-1.20624e-11
-1.22518e-11
-1.23688e-11
-1.25165e-11
-1.26871e-11
-1.31511e-11
-1.33644e-11
-1.76483e-11
-1.62303e-11
-1.62038e-11
-1.62561e-11
-1.62296e-11
-1.58806e-11
-1.57106e-11
-1.55764e-11
-1.57832e-11
-1.57928e-11
-1.55312e-11
-1.52646e-11
-1.49577e-11
-1.45668e-11
-1.41529e-11
-1.38223e-11
-1.40556e-11
-1.39894e-11
-1.41176e-11
-1.44914e-11
-1.48823e-11
-1.52558e-11
-1.54574e-11
-1.56317e-11
-1.5596e-11
-1.55443e-11
-1.51949e-11
-1.48967e-11
-1.46089e-11
-1.48089e-11
-1.60975e-11
-1.59848e-11
-1.72447e-11
-1.83783e-11
-1.90506e-11
-1.93093e-11
-1.94094e-11
-1.94748e-11
-1.95103e-11
-1.9492e-11
-1.93116e-11
-1.90363e-11
-1.87181e-11
-1.84269e-11
-1.82823e-11
-1.83158e-11
-1.858e-11
-1.87508e-11
-1.87742e-11
-1.87636e-11
-1.864e-11
-1.84932e-11
-1.81775e-11
-1.7921e-11
-1.74245e-11
-1.70394e-11
-1.60742e-11
-1.509e-11
-1.3227e-11
-1.22577e-11
-1.56861e-11
-1.84801e-11
-2.11843e-11
-2.25933e-11
-2.31061e-11
-2.31157e-11
-2.29874e-11
-2.27712e-11
-2.25338e-11
-2.22231e-11
-2.1838e-11
-2.13513e-11
-2.08911e-11
-2.05217e-11
-2.03511e-11
-2.02989e-11
-2.02987e-11
-2.01426e-11
-1.97831e-11
-1.92118e-11
-1.85773e-11
-1.78939e-11
-1.72387e-11
-1.65765e-11
-1.58709e-11
-1.52025e-11
-1.42362e-11
-1.34267e-11
-1.05765e-11
-8.91055e-12
-2.26871e-11
-2.7149e-11
-2.7139e-11
-2.57045e-11
-2.44044e-11
-2.33639e-11
-2.26362e-11
-2.19992e-11
-2.14926e-11
-2.09601e-11
-2.04828e-11
-1.99803e-11
-1.95902e-11
-1.92885e-11
-1.91223e-11
-1.89814e-11
-1.88041e-11
-1.84902e-11
-1.80157e-11
-1.73464e-11
-1.66078e-11
-1.57855e-11
-1.50854e-11
-1.4244e-11
-1.35278e-11
-1.23394e-11
-1.2045e-11
-1.06468e-11
-1.26697e-11
-1.62306e-11
-1.84436e-11
-1.7464e-11
-1.7406e-11
-1.75775e-11
-1.78776e-11
-1.81243e-11
-1.84342e-11
-1.8579e-11
-1.87811e-11
-1.87907e-11
-1.88938e-11
-1.88248e-11
-1.88681e-11
-1.87645e-11
-1.86976e-11
-1.8442e-11
-1.8091e-11
-1.75479e-11
-1.6806e-11
-1.59239e-11
-1.48666e-11
-1.37931e-11
-1.27074e-11
-1.18784e-11
-1.05395e-11
-9.46049e-12
-8.56271e-12
-7.7119e-12
-7.21707e-12
-2.86903e-12
-1.91232e-11
-1.96367e-11
-2.0735e-11
-2.16923e-11
-2.2315e-11
-2.25305e-11
-2.26182e-11
-2.23887e-11
-2.22096e-11
-2.16977e-11
-2.13503e-11
-2.06597e-11
-2.02161e-11
-1.94538e-11
-1.89115e-11
-1.80151e-11
-1.71902e-11
-1.59161e-11
-1.45583e-11
-1.31612e-11
-1.18613e-11
-1.04769e-11
-9.28386e-12
-8.31672e-12
-6.97996e-12
-6.08949e-12
-4.29989e-12
-3.88044e-12
-3.55012e-12
-4.05583e-12
-1.932e-11
-1.90937e-11
-1.89678e-11
-1.89591e-11
-1.89058e-11
-1.88479e-11
-1.87376e-11
-1.85811e-11
-1.8447e-11
-1.81962e-11
-1.80993e-11
-1.7793e-11
-1.77716e-11
-1.73839e-11
-1.71752e-11
-1.63431e-11
-1.53725e-11
-1.32743e-11
-1.1364e-11
-9.50829e-12
-8.285e-12
-7.12632e-12
-6.21596e-12
-4.37859e-12
-3.7843e-12
-3.97035e-12
-3.24452e-14
-4.0652e-14
-4.0652e-14
-4.0652e-14
-1.93516e-11
-1.91794e-11
-1.91478e-11
-1.93584e-11
-1.95728e-11
-1.98989e-11
-2.00617e-11
-2.02929e-11
-2.03148e-11
-2.03595e-11
-2.02174e-11
-1.99381e-11
-1.95891e-11
-1.87718e-11
-1.78887e-11
-1.63349e-11
-1.40867e-11
-1.05764e-11
-8.17906e-12
-5.58927e-12
-4.36996e-12
-4.13189e-12
-4.20689e-12
-3.42829e-14
-4.0652e-14
-4.0652e-14
-4.0652e-14
-4.0652e-14
-4.0652e-14
-4.0652e-14
-1.94002e-11
-1.92922e-11
-1.92099e-11
-1.9295e-11
-1.93134e-11
-1.95173e-11
-1.94777e-11
-1.96927e-11
-1.94587e-11
-1.95674e-11
-1.89958e-11
-1.87758e-11
-1.79185e-11
-1.70277e-11
-1.58692e-11
-1.37727e-11
-1.01845e-11
-6.68455e-12
-4.51329e-12
-1.372e-12
-4.01997e-14
-4.0652e-14
-4.0652e-14
-4.0652e-14
-4.0652e-14
-4.0652e-14
-4.0652e-14
-4.0652e-14
-4.0652e-14
-4.0652e-14
-1.94381e-11
-1.93606e-11
-1.92856e-11
-1.93346e-11
-1.93346e-11
-1.95404e-11
-1.95363e-11
-1.9888e-11
-1.97281e-11
-2.01871e-11
-1.95588e-11
-1.98683e-11
-1.84044e-11
-1.77016e-11
-1.55565e-11
-1.13199e-11
-5.90264e-12
-3.93269e-12
-3.70772e-14
-4.0652e-14
-4.0652e-14
-4.0652e-14
-4.0652e-14
-4.0652e-14
-4.0652e-14
-4.0652e-14
-4.0652e-14
-4.0652e-14
-4.0652e-14
-4.0652e-14
-1.94631e-11
-1.94051e-11
-1.9353e-11
-1.93786e-11
-1.93837e-11
-1.95452e-11
-1.95767e-11
-1.99219e-11
-1.98599e-11
-2.0441e-11
-1.98495e-11
-2.04294e-11
-1.78804e-11
-1.74457e-11
-1.27071e-11
-6.39715e-12
-2.65126e-14
-4.0652e-14
-4.0652e-14
-4.0652e-14
-4.0652e-14
-4.0652e-14
-4.0652e-14
-4.0652e-14
-4.0652e-14
-4.0652e-14
-4.0652e-14
-4.0652e-14
-4.0652e-14
-4.0652e-14
-1.94785e-11
-1.94313e-11
-1.93996e-11
-1.94102e-11
-1.94333e-11
-1.95543e-11
-1.96412e-11
-1.99413e-11
-2.00484e-11
-2.06427e-11
-2.04924e-11
-2.13744e-11
-1.88459e-11
-1.84903e-11
-8.13338e-12
-2.65467e-14
-4.0652e-14
-4.0652e-14
-4.0652e-14
-4.0652e-14
-4.0652e-14
-4.0652e-14
-4.0652e-14
-4.0652e-14
-4.0652e-14
-4.0652e-14
-4.0652e-14
-4.0652e-14
-4.0652e-14
-4.0652e-14
-1.94879e-11
-1.94398e-11
-1.94285e-11
-1.94179e-11
-1.94759e-11
-1.95394e-11
-1.97155e-11
-1.98933e-11
-2.02455e-11
-2.05815e-11
-2.11583e-11
-2.16045e-11
-2.17885e-11
-2.01254e-11
-2.12212e-13
-4.065e-14
-4.0652e-14
-4.0652e-14
-4.0652e-14
-4.0652e-14
-4.0652e-14
-4.0652e-14
-4.0652e-14
-4.0652e-14
-4.0652e-14
-4.0652e-14
-4.0652e-14
-4.0652e-14
-4.0652e-14
-4.0652e-14
)
;

boundaryField
{
    inlet1
    {
        type            calculated;
        value           uniform -5e-10;
    }
    inlet2
    {
        type            calculated;
        value           nonuniform List<scalar> 10(-3.07756e-10 -4.93232e-10 -1.15926e-09 -1.96624e-09 -6.39228e-10 -4.07602e-11 -2.58401e-11 -1.76483e-11 -1.60975e-11 -1.56861e-11);
    }
    inlet3
    {
        type            calculated;
        value           uniform -1.95111e-11;
    }
    output1
    {
        type            calculated;
        value           nonuniform List<scalar> 10(-4.0652e-14 -4.0652e-14 -4.0652e-14 -4.0652e-14 -4.0652e-14 -4.0652e-14 -4.0652e-14 -4.0652e-14 -4.0652e-14 -4.0652e-14);
    }
    output2
    {
        type            calculated;
        value           nonuniform List<scalar> 10(-4.0652e-14 -4.0652e-14 -4.0652e-14 -4.0652e-14 -3.08414e-14 -8.21175e-12 -1.33644e-11 -1.48089e-11 -1.22577e-11 -8.91055e-12);
    }
    output3
    {
        type            calculated;
        value           nonuniform List<scalar> 10(-1.62306e-11 -2.86903e-12 -4.05583e-12 -4.0652e-14 -4.0652e-14 -4.0652e-14 -4.0652e-14 -4.0652e-14 -4.0652e-14 -4.0652e-14);
    }
    up
    {
        type            calculated;
        value           nonuniform List<scalar> 
30
(
-1.94879e-11
-1.94398e-11
-1.94285e-11
-1.94179e-11
-1.94759e-11
-1.95394e-11
-1.97155e-11
-1.98933e-11
-2.02455e-11
-2.05815e-11
-2.11583e-11
-2.16045e-11
-2.17885e-11
-2.01254e-11
-2.12212e-13
-4.065e-14
-4.0652e-14
-4.0652e-14
-4.0652e-14
-4.0652e-14
-4.0652e-14
-4.0652e-14
-4.0652e-14
-4.0652e-14
-4.0652e-14
-4.0652e-14
-4.0652e-14
-4.0652e-14
-4.0652e-14
-4.0652e-14
)
;
    }
    down
    {
        type            calculated;
        value           nonuniform List<scalar> 
30
(
-2.4466e-10
-9.22982e-12
-1.7756e-12
-4.47913e-13
-4.03307e-14
-4.0652e-14
-4.0652e-14
-4.0652e-14
-4.0652e-14
-4.0652e-14
-4.0652e-14
-4.0652e-14
-4.0652e-14
-4.0652e-14
-4.0652e-14
-4.0652e-14
-4.0652e-14
-4.0652e-14
-4.0652e-14
-4.0652e-14
-4.0652e-14
-4.0652e-14
-4.0652e-14
-4.0652e-14
-4.0652e-14
-4.0652e-14
-4.0652e-14
-4.0652e-14
-4.0652e-14
-4.0652e-14
)
;
    }
    emptyWalls
    {
        type            empty;
    }
}


// ************************************************************************* //
