/*--------------------------------*- C++ -*----------------------------------*\
  =========                 |
  \\      /  F ield         | OpenFOAM: The Open Source CFD Toolbox
   \\    /   O peration     | Website:  https://openfoam.org
    \\  /    A nd           | Version:  9
     \\/     M anipulation  |
\*---------------------------------------------------------------------------*/
FoamFile
{
    format      ascii;
    class       volScalarField;
    location    "15500";
    object      fw;
}
// * * * * * * * * * * * * * * * * * * * * * * * * * * * * * * * * * * * * * //

dimensions      [0 0 0 0 0 0 0];

internalField   nonuniform List<scalar> 
900
(
0.999872
0.75263
0.214375
0.0418626
6.4687e-09
4.7991e-09
4.7991e-09
4.7991e-09
4.7991e-09
4.7991e-09
4.7991e-09
4.7991e-09
4.7991e-09
4.7991e-09
4.7991e-09
4.7991e-09
4.7991e-09
4.7991e-09
4.7991e-09
4.7991e-09
4.7991e-09
4.7991e-09
4.7991e-09
4.7991e-09
4.7991e-09
4.7991e-09
4.7991e-09
4.7991e-09
4.7991e-09
4.7991e-09
0.996527
0.82093
0.999747
0.434696
7.65852e-09
4.7991e-09
4.7991e-09
4.7991e-09
4.7991e-09
4.7991e-09
4.7991e-09
4.7991e-09
4.7991e-09
4.7991e-09
4.7991e-09
4.7991e-09
4.7991e-09
4.7991e-09
4.7991e-09
4.7991e-09
4.7991e-09
4.7991e-09
4.7991e-09
4.7991e-09
4.7991e-09
4.7991e-09
4.7991e-09
4.7991e-09
4.7991e-09
4.7991e-09
0.999218
0.986389
0.941945
0.00163278
4.83681e-09
4.7991e-09
4.7991e-09
4.7991e-09
4.7991e-09
4.7991e-09
4.7991e-09
4.7991e-09
4.7991e-09
4.7991e-09
4.7991e-09
4.7991e-09
4.7991e-09
4.7991e-09
4.7991e-09
4.7991e-09
4.7991e-09
4.7991e-09
4.7991e-09
4.7991e-09
4.7991e-09
4.7991e-09
4.7991e-09
4.7991e-09
4.7991e-09
4.7991e-09
0.999381
0.982048
0.711094
0.000343412
4.80463e-09
4.7991e-09
4.7991e-09
4.7991e-09
4.7991e-09
4.7991e-09
4.7991e-09
4.7991e-09
4.7991e-09
4.7991e-09
4.7991e-09
4.7991e-09
4.7991e-09
4.7991e-09
4.7991e-09
4.7991e-09
4.7991e-09
4.7991e-09
4.7991e-09
4.7991e-09
4.7991e-09
4.7991e-09
4.7991e-09
4.7991e-09
4.7991e-09
4.7991e-09
0.999785
0.969808
0.69873
3.79101e-05
4.79951e-09
4.7991e-09
4.7991e-09
4.7991e-09
4.7991e-09
4.7991e-09
4.7991e-09
4.7991e-09
4.7991e-09
4.7991e-09
4.7991e-09
4.7991e-09
4.7991e-09
4.7991e-09
4.7991e-09
4.7991e-09
4.7991e-09
4.7991e-09
4.7991e-09
4.7991e-09
4.7991e-09
4.7991e-09
4.7991e-09
4.7991e-09
4.7991e-09
4.7991e-09
0.999226
0.960467
0.651393
6.10377e-07
4.7991e-09
4.7991e-09
4.7991e-09
4.7991e-09
4.7991e-09
4.7991e-09
4.7991e-09
4.7991e-09
4.7991e-09
4.7991e-09
4.7991e-09
4.7991e-09
4.7991e-09
4.7991e-09
4.7991e-09
4.7991e-09
4.7991e-09
4.7991e-09
4.7991e-09
4.7991e-09
4.7991e-09
4.7991e-09
4.7991e-09
4.7991e-09
4.7991e-09
4.7991e-09
0.998727
0.929485
0.747271
1.38329e-08
4.7991e-09
4.7991e-09
4.7991e-09
4.7991e-09
4.7991e-09
4.7991e-09
4.7991e-09
4.7991e-09
4.7991e-09
4.7991e-09
4.7991e-09
4.7991e-09
4.7991e-09
4.7991e-09
4.7991e-09
4.7991e-09
4.7991e-09
4.7991e-09
4.7991e-09
4.7991e-09
4.7991e-09
4.7991e-09
4.7991e-09
4.7991e-09
4.7991e-09
4.7991e-09
0.997525
0.943053
0.654645
5.77832e-09
4.7991e-09
4.7991e-09
4.7991e-09
4.7991e-09
4.7991e-09
4.7991e-09
4.7991e-09
4.7991e-09
4.7991e-09
4.7991e-09
4.7991e-09
4.7991e-09
4.7991e-09
4.7991e-09
4.7991e-09
4.7991e-09
4.7991e-09
4.7991e-09
4.7991e-09
4.7991e-09
4.7991e-09
4.7991e-09
4.7991e-09
4.7991e-09
4.7991e-09
4.7991e-09
0.998643
0.866064
0.000243425
4.80028e-09
4.7991e-09
4.7991e-09
4.7991e-09
4.7991e-09
4.7991e-09
4.7991e-09
4.7991e-09
4.7991e-09
4.7991e-09
4.7991e-09
4.7991e-09
4.7991e-09
4.7991e-09
4.7991e-09
4.7991e-09
4.7991e-09
4.7991e-09
4.7991e-09
4.7991e-09
4.7991e-09
4.7991e-09
4.7991e-09
4.7991e-09
4.7991e-09
4.7991e-09
4.7991e-09
0.999539
0.943973
9.25731e-05
4.79933e-09
4.7991e-09
4.7991e-09
4.7991e-09
4.7991e-09
4.7991e-09
4.7991e-09
4.7991e-09
4.7991e-09
4.7991e-09
4.7991e-09
4.7991e-09
4.7991e-09
4.7991e-09
4.7991e-09
4.7991e-09
4.7991e-09
4.7991e-09
4.7991e-09
4.7991e-09
4.7991e-09
4.7991e-09
4.7991e-09
4.7991e-09
4.7991e-09
4.7991e-09
4.79911e-09
0.999967
0.962149
0.380053
2.25915e-08
4.7991e-09
4.7991e-09
4.7991e-09
4.7991e-09
4.7991e-09
4.7991e-09
4.7991e-09
4.7991e-09
4.7991e-09
4.7991e-09
4.7991e-09
4.7991e-09
4.7991e-09
4.7991e-09
4.7991e-09
4.7991e-09
4.7991e-09
4.7991e-09
4.7991e-09
4.7991e-09
4.7991e-09
4.7991e-09
4.7991e-09
4.7991e-09
4.79909e-09
4.79909e-09
1
0.985258
0.832742
0.650098
1.19038e-06
5.05366e-09
4.7991e-09
4.7991e-09
4.7991e-09
4.7991e-09
4.7991e-09
4.7991e-09
4.7991e-09
4.7991e-09
4.7991e-09
4.7991e-09
4.7991e-09
4.7991e-09
4.7991e-09
4.7991e-09
4.7991e-09
4.7991e-09
4.7991e-09
4.7991e-09
4.7991e-09
4.7991e-09
4.7991e-09
4.7991e-09
4.7991e-09
4.7991e-09
1.00006
0.99835
0.727118
0.3816
0.157615
0.163784
3.35174e-07
4.80004e-09
4.80025e-09
4.7991e-09
4.7991e-09
4.7991e-09
4.7991e-09
4.7991e-09
4.7991e-09
4.7991e-09
4.7991e-09
4.7991e-09
4.7991e-09
4.7991e-09
4.7991e-09
4.7991e-09
4.7991e-09
4.7991e-09
4.7991e-09
4.7991e-09
4.7991e-09
4.7991e-09
4.7991e-09
4.7991e-09
1.00017
1
0.99838
0.976178
0.91961
0.902722
0.864535
0.893464
0.0381949
4.83857e-09
4.87993e-09
4.87527e-09
4.79997e-09
4.80005e-09
4.80017e-09
4.80008e-09
4.79913e-09
4.79911e-09
4.79911e-09
4.79911e-09
4.79911e-09
4.79911e-09
4.7991e-09
4.7991e-09
4.7991e-09
4.7991e-09
4.7991e-09
4.7991e-09
4.7991e-09
4.7991e-09
1
0.999969
0.996567
0.98829
0.964321
0.964285
0.941577
0.94588
0.840876
0.774439
0.770298
0.771341
0.775027
0.776389
0.753784
0.783106
0.000292925
5.62812e-06
1.40668e-05
2.65685e-05
4.85616e-05
8.77857e-05
0.000159222
0.000318702
0.000750537
0.00201566
0.00479267
0.00452576
0.000831014
4.15689e-06
0.976674
0.968553
0.932298
0.937004
0.921536
0.918382
0.906502
0.901298
0.902455
0.881645
0.869747
0.869615
0.863372
0.867777
0.8321
0.813052
0.653896
0.605107
0.605679
0.617717
0.633578
0.648731
0.660883
0.669953
0.677567
0.684865
0.694211
0.703006
0.714591
0.716918
0.945742
0.922559
0.910352
0.896427
0.890296
0.87621
0.871761
0.863261
0.877587
0.874337
0.866798
0.862453
0.8566
0.85123
0.833313
0.817638
0.808165
0.785407
0.78323
0.791309
0.801717
0.811291
0.818575
0.823834
0.8275
0.82971
0.83244
0.835519
0.843493
0.846974
0.898481
0.884633
0.884348
0.884909
0.884626
0.880802
0.878874
0.87732
0.879703
0.879812
0.87679
0.873597
0.869772
0.864656
0.858917
0.854078
0.857517
0.856553
0.85841
0.863635
0.868807
0.87349
0.875919
0.877965
0.877549
0.876944
0.872743
0.868993
0.86522
0.867858
0.8832
0.881963
0.894793
0.904694
0.909946
0.911857
0.91258
0.913049
0.913302
0.913171
0.911874
0.909839
0.907402
0.905089
0.903909
0.904184
0.906315
0.907657
0.907839
0.907756
0.90679
0.905623
0.903041
0.900868
0.89646
0.892844
0.882945
0.871442
0.844745
0.827612
0.878592
0.905517
0.92412
0.931791
0.93431
0.934356
0.933739
0.93268
0.93149
0.929887
0.927824
0.925091
0.922369
0.920082
0.918992
0.918655
0.918653
0.917632
0.915209
0.911144
0.906294
0.900634
0.894738
0.888253
0.880694
0.872837
0.860099
0.847968
0.790783
0.742149
0.932262
0.950235
0.950203
0.945244
0.940125
0.935527
0.932007
0.928697
0.925899
0.922786
0.919835
0.916551
0.913867
0.911705
0.910482
0.909425
0.90807
0.905598
0.901679
0.89574
0.888572
0.879729
0.871384
0.860208
0.849565
0.829157
0.823491
0.792539
0.835209
0.884636
0.905224
0.89682
0.89629
0.897848
0.900494
0.902596
0.905148
0.906307
0.907892
0.907966
0.908759
0.90823
0.908562
0.907763
0.907242
0.905211
0.902316
0.897581
0.890563
0.881287
0.868605
0.853639
0.83588
0.820164
0.789851
0.759831
0.730004
0.696698
0.674647
0.347562
0.910488
0.914193
0.921414
0.927021
0.930366
0.931473
0.931917
0.930748
0.929816
0.927051
0.925085
0.920947
0.918115
0.912899
0.908894
0.901673
0.894281
0.8812
0.864541
0.84366
0.819818
0.788258
0.754344
0.720923
0.663291
0.615451
0.48821
0.450966
0.419358
0.466925
0.911935
0.910269
0.909322
0.909256
0.908851
0.908408
0.907554
0.906324
0.905251
0.903197
0.902386
0.899758
0.89957
0.896087
0.894139
0.88583
0.874903
0.845517
0.809306
0.761285
0.719721
0.670363
0.622785
0.494851
0.441978
0.459217
1.67605e-06
4.7991e-09
4.7991e-09
4.7991e-09
0.912164
0.910905
0.910671
0.912213
0.913744
0.916001
0.917096
0.918616
0.918758
0.919046
0.918123
0.916266
0.913859
0.90782
0.90059
0.885744
0.857967
0.790781
0.715654
0.584496
0.494128
0.473672
0.480223
5.62328e-07
4.7991e-09
4.7991e-09
4.7991e-09
4.7991e-09
4.7991e-09
4.7991e-09
0.912515
0.911732
0.911129
0.911753
0.911887
0.913351
0.91307
0.914584
0.912934
0.913706
0.909534
0.907851
0.900846
0.892731
0.880674
0.853331
0.780593
0.648367
0.505971
0.161091
7.28741e-09
4.7991e-09
4.7991e-09
4.7991e-09
4.7991e-09
4.7991e-09
4.7991e-09
4.7991e-09
4.7991e-09
4.7991e-09
0.912786
0.912229
0.911684
0.912041
0.91204
0.913515
0.913486
0.915926
0.914829
0.917925
0.913645
0.915793
0.904906
0.898954
0.877087
0.808333
0.60426
0.455779
8.8675e-08
4.7991e-09
4.7991e-09
4.7991e-09
4.7991e-09
4.7991e-09
4.7991e-09
4.7991e-09
4.7991e-09
4.7991e-09
4.7991e-09
4.7991e-09
0.912965
0.91255
0.912174
0.912359
0.912396
0.913549
0.913772
0.916157
0.915735
0.919569
0.915664
0.919495
0.900518
0.896653
0.835876
0.632967
8.18819e-05
4.79914e-09
4.7991e-09
4.7991e-09
4.7991e-09
4.7991e-09
4.7991e-09
4.7991e-09
4.7991e-09
4.7991e-09
4.7991e-09
4.7991e-09
4.7991e-09
4.7991e-09
0.913076
0.912738
0.91251
0.912587
0.912752
0.913613
0.914224
0.916287
0.917006
0.920841
0.919896
0.925224
0.908392
0.905599
0.713874
7.61811e-05
4.79913e-09
4.7991e-09
4.7991e-09
4.7991e-09
4.7991e-09
4.7991e-09
4.7991e-09
4.7991e-09
4.7991e-09
4.7991e-09
4.7991e-09
4.7991e-09
4.7991e-09
4.7991e-09
0.913142
0.912799
0.912718
0.912642
0.913057
0.913508
0.914742
0.915962
0.918308
0.920458
0.923967
0.926531
0.927553
0.917518
0.0162075
4.80819e-09
4.7991e-09
4.7991e-09
4.7991e-09
4.7991e-09
4.7991e-09
4.7991e-09
4.7991e-09
4.7991e-09
4.7991e-09
4.7991e-09
4.7991e-09
4.7991e-09
4.7991e-09
4.7991e-09
)
;

boundaryField
{
    inlet1
    {
        type            calculated;
        value           uniform 1;
    }
    inlet2
    {
        type            calculated;
        value           nonuniform List<scalar> 10(0.999967 1 1.00006 1.00017 1 0.976674 0.945742 0.898481 0.8832 0.878592);
    }
    inlet3
    {
        type            calculated;
        value           uniform 0.913307;
    }
    output1
    {
        type            calculated;
        value           nonuniform List<scalar> 10(4.7991e-09 4.7991e-09 4.7991e-09 4.7991e-09 4.7991e-09 4.7991e-09 4.7991e-09 4.7991e-09 4.7991e-09 4.79911e-09);
    }
    output2
    {
        type            calculated;
        value           nonuniform List<scalar> 10(4.79909e-09 4.7991e-09 4.7991e-09 4.7991e-09 4.15689e-06 0.716918 0.846974 0.867858 0.827612 0.742149);
    }
    output3
    {
        type            calculated;
        value           nonuniform List<scalar> 10(0.884636 0.347562 0.466925 4.7991e-09 4.7991e-09 4.7991e-09 4.7991e-09 4.7991e-09 4.7991e-09 4.7991e-09);
    }
    up
    {
        type            calculated;
        value           nonuniform List<scalar> 
30
(
0.913142
0.912799
0.912718
0.912642
0.913057
0.913508
0.914742
0.915962
0.918308
0.920458
0.923967
0.926531
0.927553
0.917518
0.0162075
4.80819e-09
4.7991e-09
4.7991e-09
4.7991e-09
4.7991e-09
4.7991e-09
4.7991e-09
4.7991e-09
4.7991e-09
4.7991e-09
4.7991e-09
4.7991e-09
4.7991e-09
4.7991e-09
4.7991e-09
)
;
    }
    down
    {
        type            calculated;
        value           nonuniform List<scalar> 
30
(
0.999872
0.75263
0.214375
0.0418626
6.4687e-09
4.7991e-09
4.7991e-09
4.7991e-09
4.7991e-09
4.7991e-09
4.7991e-09
4.7991e-09
4.7991e-09
4.7991e-09
4.7991e-09
4.7991e-09
4.7991e-09
4.7991e-09
4.7991e-09
4.7991e-09
4.7991e-09
4.7991e-09
4.7991e-09
4.7991e-09
4.7991e-09
4.7991e-09
4.7991e-09
4.7991e-09
4.7991e-09
4.7991e-09
)
;
    }
    emptyWalls
    {
        type            empty;
    }
}


// ************************************************************************* //
