/*--------------------------------*- C++ -*----------------------------------*\
  =========                 |
  \\      /  F ield         | OpenFOAM: The Open Source CFD Toolbox
   \\    /   O peration     | Website:  https://openfoam.org
    \\  /    A nd           | Version:  9
     \\/     M anipulation  |
\*---------------------------------------------------------------------------*/
FoamFile
{
    format      ascii;
    class       volScalarField;
    location    "15500";
    object      p;
}
// * * * * * * * * * * * * * * * * * * * * * * * * * * * * * * * * * * * * * //

dimensions      [0 0 0 0 0 0 0];

internalField   nonuniform List<scalar> 
900
(
1.88008e+07
1.87994e+07
1.87869e+07
1.87803e+07
1.87029e+07
1.81736e+07
1.76605e+07
1.71651e+07
1.66809e+07
1.6202e+07
1.57244e+07
1.52457e+07
1.47644e+07
1.42801e+07
1.37928e+07
1.33035e+07
1.28136e+07
1.23254e+07
1.18417e+07
1.13659e+07
1.09023e+07
1.04559e+07
1.00324e+07
9.63806e+06
9.27994e+06
8.9654e+06
8.70195e+06
8.49673e+06
8.35597e+06
8.28434e+06
1.8796e+07
1.87888e+07
1.87863e+07
1.87858e+07
1.87657e+07
1.81597e+07
1.76428e+07
1.71539e+07
1.66755e+07
1.62006e+07
1.57256e+07
1.52483e+07
1.47675e+07
1.4283e+07
1.37948e+07
1.3304e+07
1.2812e+07
1.2321e+07
1.18337e+07
1.13537e+07
1.08852e+07
1.04331e+07
1.00032e+07
9.60186e+06
9.23636e+06
8.91433e+06
8.64372e+06
8.43227e+06
8.28685e+06
8.21271e+06
1.87846e+07
1.8782e+07
1.87839e+07
1.87833e+07
1.85016e+07
1.80602e+07
1.75972e+07
1.71321e+07
1.66667e+07
1.61995e+07
1.57291e+07
1.52543e+07
1.47745e+07
1.42894e+07
1.37996e+07
1.33058e+07
1.28094e+07
1.23128e+07
1.18185e+07
1.133e+07
1.08516e+07
1.03881e+07
9.94531e+06
9.52989e+06
9.14931e+06
8.81184e+06
8.52635e+06
8.30178e+06
8.14646e+06
8.06695e+06
1.87712e+07
1.87706e+07
1.87718e+07
1.87685e+07
1.83797e+07
1.79825e+07
1.75538e+07
1.71108e+07
1.66595e+07
1.62015e+07
1.57369e+07
1.52653e+07
1.47866e+07
1.43008e+07
1.38083e+07
1.331e+07
1.28072e+07
1.23022e+07
1.17974e+07
1.12963e+07
1.0803e+07
1.03223e+07
9.86013e+06
9.42309e+06
9.01915e+06
8.65739e+06
8.34804e+06
8.10207e+06
7.93026e+06
7.84169e+06
1.87552e+07
1.87543e+07
1.87524e+07
1.87486e+07
1.83245e+07
1.79361e+07
1.75246e+07
1.70977e+07
1.66591e+07
1.62102e+07
1.57517e+07
1.52835e+07
1.48058e+07
1.43188e+07
1.38228e+07
1.33186e+07
1.28074e+07
1.22913e+07
1.17727e+07
1.12548e+07
1.07418e+07
1.02382e+07
9.74976e+06
9.28321e+06
8.84681e+06
8.45053e+06
8.10637e+06
7.82819e+06
7.63083e+06
7.52786e+06
1.87341e+07
1.87319e+07
1.87276e+07
1.87229e+07
1.83036e+07
1.79128e+07
1.75109e+07
1.70963e+07
1.66688e+07
1.62286e+07
1.5776e+07
1.53112e+07
1.48344e+07
1.43458e+07
1.38455e+07
1.33341e+07
1.28126e+07
1.22828e+07
1.17471e+07
1.12086e+07
1.06711e+07
1.01389e+07
9.61748e+06
9.1132e+06
8.63435e+06
8.19157e+06
7.79872e+06
7.47349e+06
7.23701e+06
7.11106e+06
1.87014e+07
1.86991e+07
1.86965e+07
1.86929e+07
1.82877e+07
1.79007e+07
1.751e+07
1.71078e+07
1.66913e+07
1.62595e+07
1.58125e+07
1.53509e+07
1.48749e+07
1.43844e+07
1.38793e+07
1.33597e+07
1.28262e+07
1.22803e+07
1.17244e+07
1.11615e+07
1.0595e+07
1.0029e+07
9.46802e+06
8.91777e+06
8.38582e+06
7.88268e+06
7.42347e+06
7.03004e+06
6.73268e+06
6.5683e+06
1.86554e+07
1.86561e+07
1.86626e+07
1.86561e+07
1.82596e+07
1.78924e+07
1.75204e+07
1.71337e+07
1.67291e+07
1.63055e+07
1.58638e+07
1.54051e+07
1.49298e+07
1.44377e+07
1.39277e+07
1.33992e+07
1.28521e+07
1.22877e+07
1.17086e+07
1.11178e+07
1.05185e+07
9.91406e+06
9.30782e+06
8.70405e+06
8.10848e+06
7.52986e+06
6.98245e+06
6.49054e+06
6.09536e+06
5.86118e+06
1.86001e+07
1.86023e+07
1.86207e+07
1.84668e+07
1.82032e+07
1.78889e+07
1.75454e+07
1.71777e+07
1.67857e+07
1.63695e+07
1.5932e+07
1.54757e+07
1.50016e+07
1.45087e+07
1.39947e+07
1.34574e+07
1.28953e+07
1.231e+07
1.17045e+07
1.10826e+07
1.04473e+07
9.80085e+06
9.14517e+06
8.48211e+06
7.8142e+06
7.14583e+06
6.48594e+06
5.8543e+06
5.29706e+06
4.91987e+06
1.85504e+07
1.855e+07
1.85448e+07
1.84128e+07
1.81975e+07
1.79147e+07
1.75945e+07
1.72459e+07
1.68666e+07
1.6455e+07
1.6019e+07
1.55642e+07
1.50922e+07
1.46007e+07
1.40852e+07
1.35402e+07
1.29618e+07
1.23522e+07
1.17169e+07
1.10609e+07
1.03871e+07
9.69687e+06
8.9899e+06
8.26504e+06
7.52038e+06
6.75334e+06
5.96117e+06
5.14367e+06
4.3187e+06
3.60138e+06
1.85147e+07
1.85142e+07
1.85044e+07
1.84662e+07
1.82594e+07
1.79779e+07
1.7672e+07
1.73449e+07
1.69798e+07
1.65649e+07
1.61246e+07
1.56701e+07
1.52022e+07
1.47166e+07
1.42051e+07
1.36563e+07
1.30596e+07
1.24202e+07
1.17501e+07
1.10569e+07
1.03435e+07
9.60961e+06
8.85251e+06
8.06778e+06
7.24892e+06
6.38599e+06
5.46175e+06
4.44049e+06
3.23272e+06
1.56557e+06
1.8493e+07
1.84917e+07
1.84824e+07
1.84511e+07
1.8415e+07
1.80655e+07
1.77708e+07
1.74819e+07
1.71427e+07
1.67e+07
1.62446e+07
1.57893e+07
1.53299e+07
1.48585e+07
1.43624e+07
1.38205e+07
1.31999e+07
1.2519e+07
1.18063e+07
1.1073e+07
1.03204e+07
9.54552e+06
8.74274e+06
7.90467e+06
7.02155e+06
6.07994e+06
5.05934e+06
3.92385e+06
2.6061e+06
993755
1.84829e+07
1.84803e+07
1.84665e+07
1.84046e+07
1.8265e+07
1.80692e+07
1.7871e+07
1.76692e+07
1.74091e+07
1.6848e+07
1.63645e+07
1.59126e+07
1.54697e+07
1.50252e+07
1.45654e+07
1.40633e+07
1.34006e+07
1.26496e+07
1.18832e+07
1.11084e+07
1.03197e+07
9.5093e+06
8.66826e+06
7.7866e+06
6.85267e+06
5.8529e+06
4.7718e+06
3.58947e+06
2.27409e+06
797099
1.84787e+07
1.84744e+07
1.84557e+07
1.8392e+07
1.82511e+07
1.80565e+07
1.78532e+07
1.76704e+07
1.751e+07
1.69183e+07
1.64529e+07
1.60269e+07
1.5611e+07
1.52071e+07
1.48106e+07
1.44669e+07
1.36894e+07
1.27957e+07
1.19684e+07
1.11577e+07
1.03408e+07
9.5037e+06
8.63441e+06
7.72079e+06
6.74965e+06
5.70718e+06
4.5855e+06
3.38815e+06
2.10369e+06
717647
1.84777e+07
1.84709e+07
1.8445e+07
1.83663e+07
1.82254e+07
1.80346e+07
1.78246e+07
1.76016e+07
1.73242e+07
1.68956e+07
1.64533e+07
1.60277e+07
1.56121e+07
1.52085e+07
1.48123e+07
1.44735e+07
1.41697e+07
1.28868e+07
1.2049e+07
1.12236e+07
1.03904e+07
9.53591e+06
8.64707e+06
7.711e+06
6.71508e+06
5.64845e+06
4.51508e+06
3.31351e+06
2.02978e+06
683297
1.84834e+07
1.84748e+07
1.84367e+07
1.83435e+07
1.8197e+07
1.8006e+07
1.77814e+07
1.75227e+07
1.72135e+07
1.68449e+07
1.64381e+07
1.60231e+07
1.56057e+07
1.51917e+07
1.4766e+07
1.43166e+07
1.37265e+07
1.28836e+07
1.20495e+07
1.12242e+07
1.0391e+07
9.53647e+06
8.64779e+06
7.71237e+06
6.71871e+06
5.65653e+06
4.52016e+06
3.3057e+06
2.0213e+06
682464
1.85514e+07
1.85263e+07
1.84645e+07
1.83518e+07
1.81917e+07
1.79888e+07
1.77474e+07
1.74681e+07
1.7153e+07
1.68034e+07
1.64197e+07
1.60147e+07
1.55946e+07
1.51595e+07
1.46929e+07
1.41703e+07
1.35537e+07
1.28314e+07
1.20539e+07
1.12541e+07
1.04341e+07
9.58696e+06
8.70332e+06
7.77363e+06
6.78812e+06
5.73615e+06
4.60598e+06
3.38662e+06
2.0809e+06
705733
1.86827e+07
1.86385e+07
1.85442e+07
1.84022e+07
1.8218e+07
1.79959e+07
1.77389e+07
1.74493e+07
1.71307e+07
1.67848e+07
1.64107e+07
1.60109e+07
1.55868e+07
1.51344e+07
1.46426e+07
1.40963e+07
1.3487e+07
1.28126e+07
1.20834e+07
1.13152e+07
1.05137e+07
9.67756e+06
8.80149e+06
7.88022e+06
6.9064e+06
5.87233e+06
4.76255e+06
3.55587e+06
2.22483e+06
768408
1.88961e+07
1.88163e+07
1.86745e+07
1.84911e+07
1.82752e+07
1.80304e+07
1.7758e+07
1.74599e+07
1.71373e+07
1.6791e+07
1.64198e+07
1.60222e+07
1.5596e+07
1.51364e+07
1.46368e+07
1.40903e+07
1.34941e+07
1.28471e+07
1.21504e+07
1.14084e+07
1.06246e+07
9.79987e+06
8.93263e+06
8.0209e+06
7.06038e+06
6.04771e+06
4.97156e+06
3.81033e+06
2.49666e+06
932383
1.92034e+07
1.9045e+07
1.88354e+07
1.86038e+07
1.83542e+07
1.80861e+07
1.77987e+07
1.74917e+07
1.71651e+07
1.68178e+07
1.64481e+07
1.60528e+07
1.56285e+07
1.51706e+07
1.46748e+07
1.41373e+07
1.35554e+07
1.29273e+07
1.22518e+07
1.15287e+07
1.07595e+07
9.94569e+06
9.08851e+06
8.18783e+06
7.24164e+06
6.24772e+06
5.20545e+06
4.11335e+06
2.92655e+06
1.41842e+06
1.95989e+07
1.92812e+07
1.90011e+07
1.87257e+07
1.84452e+07
1.81554e+07
1.78538e+07
1.75387e+07
1.72085e+07
1.68611e+07
1.64939e+07
1.61035e+07
1.56858e+07
1.52368e+07
1.47523e+07
1.42285e+07
1.36617e+07
1.30488e+07
1.23877e+07
1.16775e+07
1.09197e+07
1.01161e+07
9.26988e+06
8.3826e+06
7.45315e+06
6.47456e+06
5.45723e+06
4.40069e+06
3.40554e+06
2.66956e+06
1.99086e+07
1.95089e+07
1.91663e+07
1.88503e+07
1.85424e+07
1.82336e+07
1.79198e+07
1.75979e+07
1.72655e+07
1.69198e+07
1.6558e+07
1.61762e+07
1.57704e+07
1.53362e+07
1.48689e+07
1.43631e+07
1.38135e+07
1.32145e+07
1.25631e+07
1.18597e+07
1.11083e+07
1.03132e+07
9.47721e+06
8.60435e+06
7.69078e+06
6.73793e+06
5.73793e+06
4.73548e+06
3.8682e+06
3.20284e+06
2.01435e+07
1.97178e+07
1.93357e+07
1.89842e+07
1.86495e+07
1.83223e+07
1.79966e+07
1.76687e+07
1.73354e+07
1.69934e+07
1.66397e+07
1.62701e+07
1.58806e+07
1.54657e+07
1.50202e+07
1.45369e+07
1.4008e+07
1.34239e+07
1.27784e+07
1.20721e+07
1.13173e+07
1.05274e+07
9.70766e+06
8.84267e+06
7.93596e+06
7.04066e+06
6.0548e+06
4.97524e+06
4.14351e+06
3.70456e+06
2.0327e+07
1.98901e+07
1.94855e+07
1.91089e+07
1.87528e+07
1.84099e+07
1.80744e+07
1.7742e+07
1.74095e+07
1.70735e+07
1.67307e+07
1.6377e+07
1.60078e+07
1.56173e+07
1.51987e+07
1.47436e+07
1.4241e+07
1.36754e+07
1.30352e+07
1.2314e+07
1.15329e+07
1.07406e+07
9.97172e+06
9.11509e+06
8.13358e+06
7.3636e+06
6.66987e+06
5.00795e+06
4.17767e+06
3.73771e+06
2.04711e+07
2.00285e+07
1.96121e+07
1.92205e+07
1.88496e+07
1.84949e+07
1.81518e+07
1.7817e+07
1.74872e+07
1.71597e+07
1.68311e+07
1.64975e+07
1.61533e+07
1.57921e+07
1.54051e+07
1.49819e+07
1.45075e+07
1.3965e+07
1.33389e+07
1.26009e+07
1.17428e+07
1.09006e+07
1.02509e+07
9.65774e+06
8.15608e+06
7.37721e+06
6.79772e+06
5.92186e+06
5.29627e+06
4.96781e+06
2.05834e+07
2.01378e+07
1.9715e+07
1.93144e+07
1.89339e+07
1.85712e+07
1.82228e+07
1.7887e+07
1.75609e+07
1.72434e+07
1.69307e+07
1.66202e+07
1.63049e+07
1.5978e+07
1.56279e+07
1.5239e+07
1.47877e+07
1.42705e+07
1.36817e+07
1.29913e+07
1.20309e+07
1.09145e+07
1.02529e+07
9.54271e+06
8.60987e+06
7.8493e+06
7.20905e+06
6.58548e+06
6.11775e+06
5.86945e+06
2.06691e+07
2.02217e+07
1.97953e+07
1.93895e+07
1.90031e+07
1.86352e+07
1.82837e+07
1.7948e+07
1.76263e+07
1.73191e+07
1.70234e+07
1.6739e+07
1.64574e+07
1.61724e+07
1.58677e+07
1.5519e+07
1.50807e+07
1.45662e+07
1.40819e+07
1.29986e+07
1.20883e+07
1.11795e+07
1.04061e+07
9.65932e+06
8.89138e+06
8.20108e+06
7.6037e+06
7.09328e+06
6.71979e+06
6.52279e+06
2.07312e+07
2.02828e+07
1.98543e+07
1.94455e+07
1.90557e+07
1.86848e+07
1.83316e+07
1.79965e+07
1.76787e+07
1.73804e+07
1.71007e+07
1.68419e+07
1.65968e+07
1.63601e+07
1.61072e+07
1.58125e+07
1.54558e+07
1.4567e+07
1.38617e+07
1.3e+07
1.21441e+07
1.13091e+07
1.05328e+07
9.79706e+06
9.09524e+06
8.45996e+06
7.91138e+06
7.46415e+06
7.14533e+06
6.97913e+06
2.07717e+07
2.03228e+07
1.9893e+07
1.94826e+07
1.90911e+07
1.87185e+07
1.83645e+07
1.80299e+07
1.77151e+07
1.7423e+07
1.7155e+07
1.69166e+07
1.67063e+07
1.65233e+07
1.63362e+07
1.61027e+07
1.53426e+07
1.4576e+07
1.38075e+07
1.29956e+07
1.21788e+07
1.13799e+07
1.06189e+07
9.90089e+06
9.23255e+06
8.63213e+06
8.11773e+06
7.70662e+06
7.41823e+06
7.26928e+06
2.07917e+07
2.03425e+07
1.99123e+07
1.95011e+07
1.91088e+07
1.87354e+07
1.83812e+07
1.80469e+07
1.77338e+07
1.74444e+07
1.71825e+07
1.69538e+07
1.67652e+07
1.66271e+07
1.65398e+07
1.62332e+07
1.53875e+07
1.45867e+07
1.37968e+07
1.29961e+07
1.21959e+07
1.14126e+07
1.06622e+07
9.95502e+06
9.30195e+06
8.71829e+06
8.2208e+06
7.82637e+06
7.5517e+06
7.41049e+06
)
;

boundaryField
{
    inlet1
    {
        type            fixedGradient;
        gradient        uniform 20000;
    }
    inlet2
    {
        type            zeroGradient;
    }
    inlet3
    {
        type            fixedGradient;
        gradient        uniform 4.68141e+06;
    }
    output1
    {
        type            zeroGradient;
    }
    output2
    {
        type            fixedValue;
        value           uniform 0;
    }
    output3
    {
        type            zeroGradient;
    }
    up
    {
        type            zeroGradient;
    }
    down
    {
        type            zeroGradient;
    }
    emptyWalls
    {
        type            empty;
    }
}


// ************************************************************************* //
