/*--------------------------------*- C++ -*----------------------------------*\
  =========                 |
  \\      /  F ield         | OpenFOAM: The Open Source CFD Toolbox
   \\    /   O peration     | Website:  https://openfoam.org
    \\  /    A nd           | Version:  9
     \\/     M anipulation  |
\*---------------------------------------------------------------------------*/
FoamFile
{
    format      ascii;
    class       volVectorField;
    location    "1000";
    object      ut;
}
// * * * * * * * * * * * * * * * * * * * * * * * * * * * * * * * * * * * * * //

dimensions      [0 1 -1 0 0 0 0];

internalField   nonuniform List<vector> 
900
(
(2.24641e-05 -6.2693e-06 -0)
(9.82886e-06 -3.10864e-08 -0)
(2.42438e-05 -9.89605e-08 -0)
(2.29105e-05 -1.37348e-07 -0)
(2.3216e-05 -1.68112e-07 -0)
(2.35748e-05 -1.90755e-07 -0)
(2.39708e-05 -2.05245e-07 -0)
(2.43878e-05 -2.1173e-07 -0)
(2.48099e-05 -2.10369e-07 -0)
(2.52216e-05 -2.01299e-07 -0)
(2.56075e-05 -1.84593e-07 -0)
(2.59523e-05 -1.60203e-07 -0)
(2.62405e-05 -1.27921e-07 -0)
(2.64557e-05 -8.73592e-08 -0)
(2.6581e-05 -3.79444e-08 -0)
(2.65979e-05 2.10971e-08 -0)
(2.64862e-05 9.07636e-08 -0)
(2.62234e-05 1.72285e-07 -0)
(2.57843e-05 2.67082e-07 -0)
(2.51406e-05 3.76665e-07 -0)
(2.42614e-05 5.02415e-07 -0)
(2.31135e-05 6.45247e-07 -0)
(2.1663e-05 8.05089e-07 -0)
(1.98776e-05 9.80194e-07 -0)
(1.77311e-05 1.16631e-06 -0)
(1.52092e-05 1.35585e-06 -0)
(1.23162e-05 1.53737e-06 -0)
(9.08309e-06 1.69593e-06 -0)
(5.57244e-06 1.81476e-06 -0)
(1.87883e-06 1.87873e-06 -0)
(2.23672e-05 -1.886e-05 -0)
(9.79789e-06 -9.22077e-08 -0)
(2.41476e-05 -3.03014e-07 -0)
(2.28413e-05 -4.19659e-07 -0)
(2.31625e-05 -5.12442e-07 -0)
(2.35377e-05 -5.80429e-07 -0)
(2.39499e-05 -6.23748e-07 -0)
(2.43827e-05 -6.42989e-07 -0)
(2.48204e-05 -6.38761e-07 -0)
(2.52474e-05 -6.11536e-07 -0)
(2.56486e-05 -5.61519e-07 -0)
(2.6009e-05 -4.88539e-07 -0)
(2.63133e-05 -3.91988e-07 -0)
(2.65457e-05 -2.70783e-07 -0)
(2.66894e-05 -1.23285e-07 -0)
(2.67266e-05 5.27962e-08 -0)
(2.66374e-05 2.60486e-07 -0)
(2.63997e-05 5.03558e-07 -0)
(2.59886e-05 7.8642e-07 -0)
(2.53759e-05 1.11381e-06 -0)
(2.453e-05 1.49022e-06 -0)
(2.34162e-05 1.91886e-06 -0)
(2.19979e-05 2.40016e-06 -0)
(2.02388e-05 2.92971e-06 -0)
(1.81068e-05 3.49558e-06 -0)
(1.55802e-05 4.07554e-06 -0)
(1.26563e-05 4.63501e-06 -0)
(9.36048e-06 5.12738e-06 -0)
(5.75525e-06 5.49903e-06 -0)
(1.9428e-06 5.70023e-06 -0)
(2.21705e-05 -3.15953e-05 -0)
(9.73755e-06 -1.52743e-07 -0)
(2.3946e-05 -5.27781e-07 -0)
(2.2701e-05 -7.25832e-07 -0)
(2.30552e-05 -8.81549e-07 -0)
(2.34635e-05 -9.94712e-07 -0)
(2.39083e-05 -1.06628e-06 -0)
(2.43728e-05 -1.09766e-06 -0)
(2.48414e-05 -1.09012e-06 -0)
(2.52989e-05 -1.04456e-06 -0)
(2.57305e-05 -9.61361e-07 -0)
(2.61219e-05 -8.40298e-07 -0)
(2.64582e-05 -6.80484e-07 -0)
(2.67244e-05 -4.80262e-07 -0)
(2.69045e-05 -2.37021e-07 -0)
(2.69816e-05 5.30085e-08 -0)
(2.6937e-05 3.94919e-07 -0)
(2.67494e-05 7.95165e-07 -0)
(2.63945e-05 1.26143e-06 -0)
(2.58444e-05 1.80225e-06 -0)
(2.50665e-05 2.42614e-06 -0)
(2.40235e-05 3.1401e-06 -0)
(2.26738e-05 3.94719e-06 -0)
(2.0973e-05 4.84295e-06 -0)
(1.8877e-05 5.81066e-06 -0)
(1.63486e-05 6.81556e-06 -0)
(1.3368e-05 7.79954e-06 -0)
(9.94711e-06 8.67941e-06 -0)
(6.14529e-06 9.35368e-06 -0)
(2.08003e-06 9.72303e-06 -0)
(2.18528e-05 -4.41664e-05 -0)
(9.6587e-06 -2.2253e-07 -0)
(2.36229e-05 -7.92479e-07 -0)
(2.24875e-05 -1.07431e-06 -0)
(2.28937e-05 -1.29316e-06 -0)
(2.3353e-05 -1.45049e-06 -0)
(2.38469e-05 -1.54893e-06 -0)
(2.43589e-05 -1.59119e-06 -0)
(2.48735e-05 -1.57943e-06 -0)
(2.53762e-05 -1.51511e-06 -0)
(2.58529e-05 -1.39887e-06 -0)
(2.62899e-05 -1.23059e-06 -0)
(2.66733e-05 -1.00924e-06 -0)
(2.69891e-05 -7.32721e-07 -0)
(2.72227e-05 -3.97583e-07 -0)
(2.73585e-05 1.31405e-09 -0)
(2.73796e-05 4.71084e-07 -0)
(2.72663e-05 1.02096e-06 -0)
(2.69957e-05 1.66226e-06 -0)
(2.65406e-05 2.40808e-06 -0)
(2.58678e-05 3.27244e-06 -0)
(2.49373e-05 4.26852e-06 -0)
(2.37008e-05 5.40558e-06 -0)
(2.21023e-05 6.68409e-06 -0)
(2.00794e-05 8.0883e-06 -0)
(1.75691e-05 9.57624e-06 -0)
(1.45201e-05 1.1068e-05 -0)
(1.09146e-05 1.2437e-05 -0)
(6.79887e-06 1.35134e-05 -0)
(2.31215e-06 1.41153e-05 -0)
(2.13927e-05 -5.60907e-05 -0)
(9.57756e-06 -3.23261e-07 -0)
(2.31627e-05 -1.11914e-06 -0)
(2.22003e-05 -1.4857e-06 -0)
(2.2679e-05 -1.76622e-06 -0)
(2.32078e-05 -1.96511e-06 -0)
(2.37676e-05 -2.08771e-06 -0)
(2.43423e-05 -2.13865e-06 -0)
(2.49175e-05 -2.12122e-06 -0)
(2.54794e-05 -2.03749e-06 -0)
(2.6015e-05 -1.88843e-06 -0)
(2.65115e-05 -1.67404e-06 -0)
(2.69561e-05 -1.39332e-06 -0)
(2.7336e-05 -1.04401e-06 -0)
(2.76386e-05 -6.22104e-07 -0)
(2.78503e-05 -1.21405e-07 -0)
(2.79566e-05 4.6704e-07 -0)
(2.79405e-05 1.15526e-06 -0)
(2.77816e-05 1.95856e-06 -0)
(2.74546e-05 2.89547e-06 -0)
(2.69269e-05 3.98719e-06 -0)
(2.61566e-05 5.25611e-06 -0)
(2.50894e-05 6.72261e-06 -0)
(2.36557e-05 8.39946e-06 -0)
(2.17691e-05 1.02821e-05 -0)
(1.93283e-05 1.23329e-05 -0)
(1.62288e-05 1.44593e-05 -0)
(1.23924e-05 1.64873e-05 -0)
(7.82354e-06 1.81477e-05 -0)
(2.68193e-06 1.91095e-05 -0)
(2.07708e-05 -6.73614e-05 -0)
(9.50363e-06 -4.84658e-07 -0)
(2.25542e-05 -1.53212e-06 -0)
(2.18405e-05 -1.98309e-06 -0)
(2.24143e-05 -2.32086e-06 -0)
(2.30315e-05 -2.55602e-06 -0)
(2.36734e-05 -2.69818e-06 -0)
(2.43254e-05 -2.7545e-06 -0)
(2.49746e-05 -2.72941e-06 -0)
(2.56089e-05 -2.62538e-06 -0)
(2.62163e-05 -2.44353e-06 -0)
(2.6785e-05 -2.18408e-06 -0)
(2.73034e-05 -1.84631e-06 -0)
(2.77603e-05 -1.4282e-06 -0)
(2.81453e-05 -9.25738e-07 -0)
(2.84477e-05 -3.3217e-07 -0)
(2.86562e-05 3.62898e-07 -0)
(2.87578e-05 1.17411e-06 -0)
(2.87359e-05 2.12085e-06 -0)
(2.85692e-05 3.22772e-06 -0)
(2.82285e-05 4.52461e-06 -0)
(2.76727e-05 6.04611e-06 -0)
(2.68441e-05 7.82936e-06 -0)
(2.56617e-05 9.90912e-06 -0)
(2.40128e-05 1.23075e-05 -0)
(2.17464e-05 1.5014e-05 -0)
(1.86745e-05 1.79489e-05 -0)
(1.4603e-05 2.09053e-05 -0)
(9.42106e-06 2.34806e-05 -0)
(3.27398e-06 2.50656e-05 -0)
(1.9954e-05 -7.82181e-05 -0)
(9.43583e-06 -7.49009e-07 -0)
(2.17908e-05 -2.06427e-06 -0)
(2.14116e-05 -2.59365e-06 -0)
(2.21061e-05 -2.9781e-06 -0)
(2.28304e-05 -3.23996e-06 -0)
(2.35691e-05 -3.39471e-06 -0)
(2.43111e-05 -3.45196e-06 -0)
(2.50466e-05 -3.41674e-06 -0)
(2.57653e-05 -3.29128e-06 -0)
(2.64563e-05 -3.07644e-06 -0)
(2.71087e-05 -2.77263e-06 -0)
(2.7712e-05 -2.37983e-06 -0)
(2.82566e-05 -1.89692e-06 -0)
(2.87346e-05 -1.32068e-06 -0)
(2.91389e-05 -6.44611e-07 -0)
(2.94629e-05 1.42384e-07 -0)
(2.96985e-05 1.05702e-06 -0)
(2.98352e-05 2.12246e-06 -0)
(2.98583e-05 3.36937e-06 -0)
(2.97453e-05 4.83701e-06 -0)
(2.94614e-05 6.57421e-06 -0)
(2.89524e-05 8.63962e-06 -0)
(2.81339e-05 1.11002e-05 -0)
(2.6874e-05 1.40249e-05 -0)
(2.49697e-05 1.74667e-05 -0)
(2.21201e-05 2.14171e-05 -0)
(1.79241e-05 2.57044e-05 -0)
(1.19839e-05 2.9804e-05 -0)
(4.26693e-06 3.26068e-05 -0)
(1.88595e-05 -8.90816e-05 -0)
(9.37337e-06 -1.20247e-06 -0)
(2.08749e-05 -2.76778e-06 -0)
(2.09266e-05 -3.34928e-06 -0)
(2.17679e-05 -3.75817e-06 -0)
(2.26149e-05 -4.03098e-06 -0)
(2.34614e-05 -4.18872e-06 -0)
(2.43033e-05 -4.24191e-06 -0)
(2.51353e-05 -4.19437e-06 -0)
(2.59493e-05 -4.04654e-06 -0)
(2.6735e-05 -3.79822e-06 -0)
(2.74816e-05 -3.45004e-06 -0)
(2.81791e-05 -3.0033e-06 -0)
(2.88195e-05 -2.4588e-06 -0)
(2.93976e-05 -1.81531e-06 -0)
(2.99107e-05 -1.06781e-06 -0)
(3.03579e-05 -2.0559e-07 -0)
(3.07379e-05 7.89108e-07 -0)
(3.10483e-05 1.9423e-06 -0)
(3.12838e-05 3.2898e-06 -0)
(3.14333e-05 4.8794e-06 -0)
(3.14753e-05 6.77384e-06 -0)
(3.13701e-05 9.05467e-06 -0)
(3.1047e-05 1.18272e-05 -0)
(3.03794e-05 1.52253e-05 -0)
(2.91385e-05 1.9411e-05 -0)
(2.69122e-05 2.45482e-05 -0)
(2.29899e-05 3.06913e-05 -0)
(1.63234e-05 3.74241e-05 -0)
(6.07678e-06 4.29507e-05 -0)
(1.72512e-05 -0.000101495 -0)
(9.36201e-06 -2.06895e-06 -0)
(1.98477e-05 -3.71132e-06 -0)
(2.04212e-05 -4.27749e-06 -0)
(2.14244e-05 -4.67458e-06 -0)
(2.23999e-05 -4.93719e-06 -0)
(2.33582e-05 -5.08719e-06 -0)
(2.43054e-05 -5.13251e-06 -0)
(2.5242e-05 -5.07213e-06 -0)
(2.61614e-05 -4.902e-06 -0)
(2.70528e-05 -4.61953e-06 -0)
(2.79037e-05 -4.22564e-06 -0)
(2.87032e-05 -3.72412e-06 -0)
(2.94446e-05 -3.11931e-06 -0)
(3.01256e-05 -2.41369e-06 -0)
(3.07487e-05 -1.60536e-06 -0)
(3.13198e-05 -6.85535e-07 -0)
(3.18464e-05 3.63146e-07 -0)
(3.23359e-05 1.56797e-06 -0)
(3.27954e-05 2.96795e-06 -0)
(3.32293e-05 4.61665e-06 -0)
(3.36367e-05 6.58685e-06 -0)
(3.40058e-05 8.97798e-06 -0)
(3.43045e-05 1.19287e-05 -0)
(3.44578e-05 1.56383e-05 -0)
(3.42927e-05 2.04036e-05 -0)
(3.34005e-05 2.66736e-05 -0)
(3.08e-05 3.50886e-05 -0)
(2.42432e-05 4.62505e-05 -0)
(9.7935e-06 5.88212e-05 -0)
(1.5144e-05 -0.000115017 -0)
(9.6981e-06 -3.77946e-06 -0)
(1.88873e-05 -4.88682e-06 -0)
(1.99634e-05 -5.37486e-06 -0)
(2.11082e-05 -5.72537e-06 -0)
(2.22023e-05 -5.95613e-06 -0)
(2.32661e-05 -6.09016e-06 -0)
(2.43184e-05 -6.12854e-06 -0)
(2.53658e-05 -6.05931e-06 -0)
(2.64019e-05 -5.86939e-06 -0)
(2.74113e-05 -5.55193e-06 -0)
(2.8377e-05 -5.10865e-06 -0)
(2.92854e-05 -4.54799e-06 -0)
(3.01299e-05 -3.88049e-06 -0)
(3.09115e-05 -3.11487e-06 -0)
(3.16389e-05 -2.25444e-06 -0)
(3.23264e-05 -1.29408e-06 -0)
(3.29914e-05 -2.18521e-07 -0)
(3.36531e-05 9.98849e-07 -0)
(3.43325e-05 2.39746e-06 -0)
(3.50522e-05 4.03229e-06 -0)
(3.58366e-05 5.9788e-06 -0)
(3.67119e-05 8.3417e-06 -0)
(3.77073e-05 1.12712e-05 -0)
(3.88544e-05 1.49956e-05 -0)
(4.01739e-05 1.98918e-05 -0)
(4.15972e-05 2.66541e-05 -0)
(4.25667e-05 3.67389e-05 -0)
(4.0056e-05 5.3668e-05 -0)
(1.86474e-05 8.72622e-05 -0)
(1.39251e-05 -2.52236e-05 -0)
(1.16755e-05 -5.73163e-06 -0)
(1.83761e-05 -6.08158e-06 -0)
(1.95827e-05 -6.60999e-06 -0)
(2.08431e-05 -6.89548e-06 -0)
(2.20351e-05 -7.07158e-06 -0)
(2.31858e-05 -7.18838e-06 -0)
(2.43363e-05 -7.2319e-06 -0)
(2.55011e-05 -7.16698e-06 -0)
(2.66688e-05 -6.96419e-06 -0)
(2.78136e-05 -6.61023e-06 -0)
(2.89076e-05 -6.10941e-06 -0)
(2.99314e-05 -5.47898e-06 -0)
(3.08777e-05 -4.74011e-06 -0)
(3.17516e-05 -3.91152e-06 -0)
(3.25695e-05 -3.00419e-06 -0)
(3.33557e-05 -2.01829e-06 -0)
(3.41393e-05 -9.42075e-07 -0)
(3.49519e-05 2.48598e-07 -0)
(3.58289e-05 1.59082e-06 -0)
(3.68107e-05 3.13618e-06 -0)
(3.79461e-05 4.95424e-06 -0)
(3.92982e-05 7.13874e-06 -0)
(4.09584e-05 9.81896e-06 -0)
(4.30783e-05 1.31812e-05 -0)
(4.59512e-05 1.75139e-05 -0)
(5.02476e-05 2.3312e-05 -0)
(5.7814e-05 3.1545e-05 -0)
(7.47665e-05 4.44203e-05 -0)
(0.000124886 6.77987e-05 -0)
(2.00196e-05 -0.000198952 -0)
(7.45424e-06 -3.24331e-06 -0)
(1.80104e-05 -7.69138e-06 -0)
(1.91495e-05 -8.08785e-06 -0)
(2.06467e-05 -8.17475e-06 -0)
(2.19094e-05 -8.2461e-06 -0)
(2.31058e-05 -8.35988e-06 -0)
(2.43398e-05 -8.44387e-06 -0)
(2.56335e-05 -8.41294e-06 -0)
(2.69586e-05 -8.21062e-06 -0)
(2.82661e-05 -7.81597e-06 -0)
(2.95083e-05 -7.24064e-06 -0)
(3.06547e-05 -6.5188e-06 -0)
(3.16974e-05 -5.68973e-06 -0)
(3.26475e-05 -4.78745e-06 -0)
(3.35321e-05 -3.83322e-06 -0)
(3.43885e-05 -2.83351e-06 -0)
(3.52583e-05 -1.78051e-06 -0)
(3.6186e-05 -6.53336e-07 -0)
(3.72201e-05 5.80997e-07 -0)
(3.84156e-05 1.96733e-06 -0)
(3.98392e-05 3.56313e-06 -0)
(4.15766e-05 5.44002e-06 -0)
(4.37498e-05 7.6847e-06 -0)
(4.65493e-05 1.03964e-05 -0)
(5.03047e-05 1.36705e-05 -0)
(5.56283e-05 1.75351e-05 -0)
(6.36751e-05 2.17087e-05 -0)
(7.63097e-05 2.46695e-05 -0)
(9.38366e-05 1.99029e-05 -0)
(-1.81588e-05 -0.000102393 -0)
(1.24755e-05 -2.09313e-06 -0)
(1.41788e-05 -9.72768e-06 -0)
(1.90993e-05 -9.87645e-06 -0)
(2.06849e-05 -9.46973e-06 -0)
(2.185e-05 -9.37826e-06 -0)
(2.2988e-05 -9.5616e-06 -0)
(2.42832e-05 -9.77126e-06 -0)
(2.57344e-05 -9.83086e-06 -0)
(2.72658e-05 -9.64982e-06 -0)
(2.87835e-05 -9.20253e-06 -0)
(3.02048e-05 -8.51903e-06 -0)
(3.14823e-05 -7.66546e-06 -0)
(3.26091e-05 -6.71202e-06 -0)
(3.36082e-05 -5.71482e-06 -0)
(3.45234e-05 -4.70746e-06 -0)
(3.54084e-05 -3.70203e-06 -0)
(3.63195e-05 -2.69325e-06 -0)
(3.73134e-05 -1.66247e-06 -0)
(3.84495e-05 -5.80783e-07 -0)
(3.97928e-05 5.89018e-07 -0)
(4.14188e-05 1.89094e-06 -0)
(4.34198e-05 3.37349e-06 -0)
(4.59147e-05 5.08345e-06 -0)
(4.90642e-05 7.04898e-06 -0)
(5.30899e-05 9.23686e-06 -0)
(5.82858e-05 1.14492e-05 -0)
(6.49483e-05 1.3085e-05 -0)
(7.29606e-05 1.26459e-05 -0)
(8.03139e-05 7.04608e-06 -0)
(-1.16144e-05 -0.000133182 -0)
(-1.55758e-05 -6.76167e-05 -0)
(6.06985e-06 -3.70325e-06 -0)
(1.94103e-05 -1.43964e-05 -0)
(2.11449e-05 -1.04496e-05 -0)
(2.18175e-05 -1.0236e-05 -0)
(2.27128e-05 -1.07375e-05 -0)
(2.40705e-05 -1.12492e-05 -0)
(2.5755e-05 -1.14896e-05 -0)
(2.75869e-05 -1.13549e-05 -0)
(2.93969e-05 -1.08242e-05 -0)
(3.10453e-05 -9.9677e-06 -0)
(3.24617e-05 -8.91137e-06 -0)
(3.3648e-05 -7.7774e-06 -0)
(3.4652e-05 -6.65161e-06 -0)
(3.55449e-05 -5.57916e-06 -0)
(3.64027e-05 -4.57358e-06 -0)
(3.72978e-05 -3.62788e-06 -0)
(3.82984e-05 -2.72248e-06 -0)
(3.94715e-05 -1.83059e-06 -0)
(4.08874e-05 -9.21318e-07 -0)
(4.26237e-05 3.81787e-08 -0)
(4.47692e-05 1.07959e-06 -0)
(4.74252e-05 2.22665e-06 -0)
(5.07027e-05 3.47925e-06 -0)
(5.47049e-05 4.77874e-06 -0)
(5.94764e-05 5.9397e-06 -0)
(6.48718e-05 6.53617e-06 -0)
(7.02708e-05 5.78302e-06 -0)
(7.41446e-05 2.68162e-06 -0)
(-3.42871e-06 -9.17324e-05 -0)
(-1.0454e-06 -3.7926e-05 -0)
(4.30473e-05 -6.49033e-05 -0)
(1.18541e-05 -7.71185e-06 -0)
(2.48452e-05 -8.81916e-06 -0)
(2.15621e-05 -1.0379e-05 -0)
(2.19748e-05 -1.19034e-05 -0)
(2.35312e-05 -1.2998e-05 -0)
(2.56286e-05 -1.35229e-05 -0)
(2.79312e-05 -1.34559e-05 -0)
(3.01708e-05 -1.27703e-05 -0)
(3.21176e-05 -1.16164e-05 -0)
(3.36726e-05 -1.02362e-05 -0)
(3.48688e-05 -8.83568e-06 -0)
(3.58064e-05 -7.53546e-06 -0)
(3.66014e-05 -6.38392e-06 -0)
(3.73597e-05 -5.38528e-06 -0)
(3.81706e-05 -4.52228e-06 -0)
(3.91107e-05 -3.76904e-06 -0)
(4.02507e-05 -3.09782e-06 -0)
(4.16616e-05 -2.48183e-06 -0)
(4.34197e-05 -1.89644e-06 -0)
(4.56082e-05 -1.31994e-06 -0)
(4.83144e-05 -7.35677e-07 -0)
(5.16163e-05 -1.37385e-07 -0)
(5.55504e-05 4.59152e-07 -0)
(6.00432e-05 9.94671e-07 -0)
(6.47916e-05 1.33694e-06 -0)
(6.91061e-05 1.26837e-06 -0)
(7.18492e-05 5.79014e-07 -0)
(3.02482e-07 -0.000106021 -0)
(8.27528e-06 -7.43719e-05 -0)
(2.84669e-05 -8.21824e-05 -0)
(7.86793e-06 -2.42585e-07 -0)
(1.99532e-05 -6.72927e-06 -0)
(1.87332e-05 -1.05573e-05 -0)
(2.00937e-05 -1.34988e-05 -0)
(2.2451e-05 -1.53157e-05 -0)
(2.5297e-05 -1.61481e-05 -0)
(2.83396e-05 -1.61769e-05 -0)
(3.12365e-05 -1.51866e-05 -0)
(3.35794e-05 -1.34894e-05 -0)
(3.52424e-05 -1.1581e-05 -0)
(3.63488e-05 -9.79442e-06 -0)
(3.71038e-05 -8.27108e-06 -0)
(3.76951e-05 -7.03569e-06 -0)
(3.82643e-05 -6.06133e-06 -0)
(3.8914e-05 -5.30699e-06 -0)
(3.97229e-05 -4.73368e-06 -0)
(4.07588e-05 -4.30983e-06 -0)
(4.20887e-05 -4.01174e-06 -0)
(4.37856e-05 -3.82212e-06 -0)
(4.59299e-05 -3.72719e-06 -0)
(4.86078e-05 -3.71204e-06 -0)
(5.18975e-05 -3.75228e-06 -0)
(5.5837e-05 -3.79943e-06 -0)
(6.03542e-05 -3.75712e-06 -0)
(6.51455e-05 -3.45144e-06 -0)
(6.95128e-05 -2.6255e-06 -0)
(7.22972e-05 -1.05492e-06 -0)
(2.21626e-06 -9.9801e-05 -0)
(1.05609e-05 -7.73095e-05 -0)
(2.06307e-05 -6.0728e-05 -0)
(6.46585e-06 -2.47799e-07 -0)
(1.46205e-05 -6.66662e-06 -0)
(1.47928e-05 -1.16219e-05 -0)
(1.72164e-05 -1.62185e-05 -0)
(2.08819e-05 -1.86181e-05 -0)
(2.47675e-05 -1.95775e-05 -0)
(2.88927e-05 -1.9915e-05 -0)
(3.28582e-05 -1.83122e-05 -0)
(3.57232e-05 -1.55731e-05 -0)
(3.73676e-05 -1.28029e-05 -0)
(3.81788e-05 -1.04893e-05 -0)
(3.85651e-05 -8.71875e-06 -0)
(3.88112e-05 -7.42617e-06 -0)
(3.90884e-05 -6.51711e-06 -0)
(3.94982e-05 -5.91052e-06 -0)
(4.01079e-05 -5.54881e-06 -0)
(4.09726e-05 -5.39602e-06 -0)
(4.21493e-05 -5.43311e-06 -0)
(4.37042e-05 -5.65302e-06 -0)
(4.57183e-05 -6.05464e-06 -0)
(4.82893e-05 -6.63301e-06 -0)
(5.15289e-05 -7.36026e-06 -0)
(5.55455e-05 -8.1475e-06 -0)
(6.03912e-05 -8.77227e-06 -0)
(6.59233e-05 -8.76008e-06 -0)
(7.15026e-05 -7.26399e-06 -0)
(7.55297e-05 -3.22809e-06 -0)
(4.59235e-06 -0.00010928 -0)
(1.34471e-05 -9.41365e-05 -0)
(1.51402e-05 -7.42287e-05 -0)
(4.00528e-06 -2.31653e-07 -0)
(8.62393e-06 -7.47606e-06 -0)
(9.18184e-06 -1.39452e-05 -0)
(1.30975e-05 -2.12546e-05 -0)
(1.9092e-05 -2.33624e-05 -0)
(2.40002e-05 -2.36282e-05 -0)
(2.96049e-05 -2.55933e-05 -0)
(3.55784e-05 -2.2573e-05 -0)
(3.90887e-05 -1.76886e-05 -0)
(4.03262e-05 -1.35693e-05 -0)
(4.04329e-05 -1.06407e-05 -0)
(4.01669e-05 -8.68811e-06 -0)
(3.98967e-05 -7.4333e-06 -0)
(3.978e-05 -6.67044e-06 -0)
(3.98823e-05 -6.2691e-06 -0)
(4.02374e-05 -6.15498e-06 -0)
(4.08745e-05 -6.29226e-06 -0)
(4.18317e-05 -6.67154e-06 -0)
(4.3164e-05 -7.30211e-06 -0)
(4.49499e-05 -8.2053e-06 -0)
(4.73022e-05 -9.4051e-06 -0)
(5.0383e-05 -1.09083e-05 -0)
(5.44249e-05 -1.2658e-05 -0)
(5.97416e-05 -1.44244e-05 -0)
(6.66538e-05 -1.55526e-05 -0)
(7.50448e-05 -1.44423e-05 -0)
(8.27893e-05 -7.82151e-06 -0)
(9.95814e-06 -0.000119601 -0)
(2.49921e-05 -9.72926e-05 -0)
(2.33569e-05 -5.22863e-05 -0)
(5.17017e-06 -7.17476e-07 -0)
(6.07117e-07 -2.69205e-06 -0)
(7.79876e-07 -6.04154e-06 -0)
(7.6482e-06 -1.21374e-05 -0)
(1.85058e-05 -2.01611e-05 -0)
(2.25365e-05 -2.66409e-05 -0)
(2.99479e-05 -3.65273e-05 -0)
(4.0763e-05 -2.86965e-05 -0)
(4.47269e-05 -1.90385e-05 -0)
(4.44154e-05 -1.31451e-05 -0)
(4.30599e-05 -9.81648e-06 -0)
(4.17726e-05 -7.95903e-06 -0)
(4.08288e-05 -6.94853e-06 -0)
(4.02526e-05 -6.46239e-06 -0)
(4.00137e-05 -6.34055e-06 -0)
(4.00847e-05 -6.5098e-06 -0)
(4.04561e-05 -6.94643e-06 -0)
(4.11394e-05 -7.65857e-06 -0)
(4.21705e-05 -8.67846e-06 -0)
(4.36153e-05 -1.00593e-05 -0)
(4.55863e-05 -1.18738e-05 -0)
(4.82759e-05 -1.42097e-05 -0)
(5.20294e-05 -1.7152e-05 -0)
(5.74966e-05 -2.07145e-05 -0)
(6.59054e-05 -2.45837e-05 -0)
(7.92337e-05 -2.71309e-05 -0)
(9.77934e-05 -2.14372e-05 -0)
(2.03309e-05 -0.000142284 -0)
(5.00261e-05 -0.000104258 -0)
(6.54992e-05 -5.416e-05 -0)
(0.000102836 -1.68935e-05 -0)
(0.000207938 -3.63121e-05 -0)
(0.000157498 -4.45627e-05 -0)
(0.000337863 1.33357e-05 -0)
(1.82595e-05 -2.13395e-05 -0)
(6.90361e-06 -1.26154e-05 -0)
(2.68764e-05 -2.24796e-05 -0)
(5.30671e-05 -3.96296e-05 -0)
(5.46401e-05 -1.66242e-05 -0)
(4.95483e-05 -1.01562e-05 -0)
(4.5619e-05 -7.52106e-06 -0)
(4.30348e-05 -6.38283e-06 -0)
(4.13933e-05 -5.93919e-06 -0)
(4.0388e-05 -5.88998e-06 -0)
(3.98349e-05 -6.12096e-06 -0)
(3.96315e-05 -6.59727e-06 -0)
(3.97257e-05 -7.325e-06 -0)
(4.00997e-05 -8.33774e-06 -0)
(4.07633e-05 -9.69374e-06 -0)
(4.17546e-05 -1.14797e-05 -0)
(4.31518e-05 -1.38211e-05 -0)
(4.51048e-05 -1.69047e-05 -0)
(4.79201e-05 -2.10257e-05 -0)
(5.231e-05 -2.66981e-05 -0)
(6.02374e-05 -3.49365e-05 -0)
(7.81913e-05 -4.80603e-05 -0)
(0.000131357 -7.22334e-05 -0)
(8.92492e-05 -0.000179087 -0)
(8.60844e-05 -0.000129628 -0)
(0.000106668 -9.75938e-05 -0)
(0.000156477 -9.19919e-05 -0)
(0.000202534 -8.80423e-05 -0)
(0.000173215 -5.90458e-05 -0)
(0.00023349 -2.01111e-05 -0)
(0.000298167 0.000112224 -0)
(0.000307217 1.25904e-05 -0)
(0.00034192 -9.16644e-06 -0)
(3.63828e-05 -1.60778e-06 -0)
(7.42004e-05 -2.84591e-06 -0)
(5.35185e-05 -3.33423e-06 -0)
(4.68333e-05 -3.72855e-06 -0)
(4.33544e-05 -4.11224e-06 -0)
(4.13217e-05 -4.53542e-06 -0)
(4.00709e-05 -5.03738e-06 -0)
(3.93064e-05 -5.65611e-06 -0)
(3.88807e-05 -6.43331e-06 -0)
(3.87156e-05 -7.41849e-06 -0)
(3.87707e-05 -8.67351e-06 -0)
(3.90285e-05 -1.0279e-05 -0)
(3.9488e-05 -1.23445e-05 -0)
(4.01613e-05 -1.50263e-05 -0)
(4.10713e-05 -1.85623e-05 -0)
(4.2236e-05 -2.33481e-05 -0)
(4.35858e-05 -3.01155e-05 -0)
(4.45431e-05 -4.0404e-05 -0)
(4.19369e-05 -5.79404e-05 -0)
(1.95379e-05 -9.31202e-05 -0)
(8.06812e-05 -0.000141863 -0)
(8.61717e-05 -0.000126143 -0)
(0.000100154 -0.000114204 -0)
(0.000138774 -0.000120632 -0)
(0.000108125 -7.36336e-05 -0)
(7.38555e-05 -1.28447e-05 -0)
(2.13026e-06 3.59296e-06 -0)
(4.3354e-06 7.23294e-06 -0)
(5.626e-06 1.20897e-05 -0)
(2.50823e-05 1.95155e-05 -0)
(5.03358e-05 3.47104e-05 -0)
(5.33909e-05 1.06597e-05 -0)
(4.86656e-05 3.39406e-06 -0)
(4.4841e-05 5.32195e-08 -0)
(4.2228e-05 -1.80228e-06 -0)
(4.04682e-05 -3.05293e-06 -0)
(3.92673e-05 -4.06812e-06 -0)
(3.8439e-05 -5.03287e-06 -0)
(3.78691e-05 -6.06139e-06 -0)
(3.74855e-05 -7.24203e-06 -0)
(3.72392e-05 -8.65871e-06 -0)
(3.70923e-05 -1.04043e-05 -0)
(3.70074e-05 -1.25932e-05 -0)
(3.6934e-05 -1.53771e-05 -0)
(3.6783e-05 -1.89701e-05 -0)
(3.63669e-05 -2.36888e-05 -0)
(3.52541e-05 -3.00116e-05 -0)
(3.24125e-05 -3.86235e-05 -0)
(2.54752e-05 -5.01771e-05 -0)
(1.02865e-05 -6.32956e-05 -0)
(8.96257e-05 -0.000151107 -0)
(9.06043e-05 -0.000142688 -0)
(9.52506e-05 -0.000137189 -0)
(9.17018e-05 -0.000115149 -0)
(2.0967e-05 -1.35038e-05 -0)
(6.51851e-06 4.13048e-06 -0)
(1.13588e-05 1.00078e-05 -0)
(1.21339e-05 1.52049e-05 -0)
(1.60315e-05 2.117e-05 -0)
(2.64766e-05 2.97542e-05 -0)
(3.8192e-05 2.25472e-05 -0)
(4.2884e-05 1.25538e-05 -0)
(4.2912e-05 6.19756e-06 -0)
(4.16369e-05 2.34964e-06 -0)
(4.02483e-05 -9.71255e-08 -0)
(3.90559e-05 -1.80597e-06 -0)
(3.80909e-05 -3.14942e-06 -0)
(3.73131e-05 -4.34593e-06 -0)
(3.66715e-05 -5.5373e-06 -0)
(3.61183e-05 -6.82948e-06 -0)
(3.56084e-05 -8.31492e-06 -0)
(3.5094e-05 -1.00863e-05 -0)
(3.45152e-05 -1.22468e-05 -0)
(3.37844e-05 -1.49189e-05 -0)
(3.27597e-05 -1.82523e-05 -0)
(3.11945e-05 -2.24251e-05 -0)
(2.86511e-05 -2.76187e-05 -0)
(2.43777e-05 -3.39011e-05 -0)
(1.72648e-05 -4.08488e-05 -0)
(6.41945e-06 -4.65894e-05 -0)
(8.49857e-05 -0.000138306 -0)
(7.88082e-05 -0.000132657 -0)
(6.56357e-05 -0.000117922 -0)
(3.24831e-05 -6.75708e-05 -0)
(4.25336e-06 -4.33368e-07 -0)
(1.16771e-05 6.42716e-06 -0)
(1.39501e-05 8.57616e-06 -0)
(1.64094e-05 1.19506e-05 -0)
(2.03696e-05 1.56265e-05 -0)
(2.66311e-05 1.83256e-05 -0)
(3.31353e-05 1.56928e-05 -0)
(3.70412e-05 1.08105e-05 -0)
(3.84615e-05 6.49259e-06 -0)
(3.85463e-05 3.24494e-06 -0)
(3.80724e-05 8.70117e-07 -0)
(3.74159e-05 -9.24513e-07 -0)
(3.67273e-05 -2.37777e-06 -0)
(3.60511e-05 -3.66415e-06 -0)
(3.53856e-05 -4.91234e-06 -0)
(3.47079e-05 -6.22359e-06 -0)
(3.39823e-05 -7.68516e-06 -0)
(3.31603e-05 -9.37933e-06 -0)
(3.21748e-05 -1.1389e-05 -0)
(3.09286e-05 -1.37995e-05 -0)
(2.92768e-05 -1.6695e-05 -0)
(2.70005e-05 -2.01407e-05 -0)
(2.37781e-05 -2.4137e-05 -0)
(1.91824e-05 -2.85132e-05 -0)
(1.27868e-05 -3.27276e-05 -0)
(4.54592e-06 -3.56238e-05 -0)
(8.40014e-05 -0.00012865 -0)
(7.09382e-05 -0.000123363 -0)
(4.34662e-05 -9.13073e-05 -0)
(2.46856e-05 -5.11004e-05 -0)
(6.89135e-06 -3.0461e-07 -0)
(1.56769e-05 3.9098e-06 -0)
(1.68823e-05 6.6326e-06 -0)
(1.91842e-05 9.13298e-06 -0)
(2.24065e-05 1.1262e-05 -0)
(2.65429e-05 1.22927e-05 -0)
(3.06769e-05 1.1088e-05 -0)
(3.36838e-05 8.50275e-06 -0)
(3.53465e-05 5.71735e-06 -0)
(3.60144e-05 3.26744e-06 -0)
(3.60788e-05 1.25711e-06 -0)
(3.5808e-05 -3.84526e-07 -0)
(3.53513e-05 -1.77301e-06 -0)
(3.47785e-05 -3.02052e-06 -0)
(3.41121e-05 -4.22425e-06 -0)
(3.33455e-05 -5.46735e-06 -0)
(3.24527e-05 -6.82283e-06 -0)
(3.13902e-05 -8.35695e-06 -0)
(3.0095e-05 -1.01303e-05 -0)
(2.84784e-05 -1.21952e-05 -0)
(2.64185e-05 -1.45874e-05 -0)
(2.37525e-05 -1.73057e-05 -0)
(2.02786e-05 -2.02753e-05 -0)
(1.5787e-05 -2.32868e-05 -0)
(1.01541e-05 -2.59246e-05 -0)
(3.52327e-06 -2.75544e-05 -0)
(8.15456e-05 -0.000110054 -0)
(5.94782e-05 -9.58283e-05 -0)
(3.50014e-05 -6.80036e-05 -0)
(2.70067e-05 -4.00698e-05 -0)
(8.30805e-06 -2.2589e-07 -0)
(1.86551e-05 2.82915e-06 -0)
(1.91733e-05 4.91152e-06 -0)
(2.10388e-05 6.68676e-06 -0)
(2.35293e-05 7.9956e-06 -0)
(2.64571e-05 8.49503e-06 -0)
(2.93454e-05 7.86368e-06 -0)
(3.16705e-05 6.39524e-06 -0)
(3.32262e-05 4.60669e-06 -0)
(3.40861e-05 2.85031e-06 -0)
(3.44204e-05 1.27535e-06 -0)
(3.43858e-05 -9.77156e-08 -0)
(3.40913e-05 -1.30916e-06 -0)
(3.35999e-05 -2.42058e-06 -0)
(3.29388e-05 -3.49673e-06 -0)
(3.21093e-05 -4.59872e-06 -0)
(3.10927e-05 -5.78197e-06 -0)
(2.98529e-05 -7.09547e-06 -0)
(2.83365e-05 -8.58002e-06 -0)
(2.64715e-05 -1.02638e-05 -0)
(2.41663e-05 -1.21536e-05 -0)
(2.13126e-05 -1.42194e-05 -0)
(1.7797e-05 -1.63716e-05 -0)
(1.35331e-05 -1.84342e-05 -0)
(8.51928e-06 -2.01297e-05 -0)
(2.9162e-06 -2.11146e-05 -0)
(7.88361e-05 -8.63649e-05 -0)
(5.76945e-05 -7.53852e-05 -0)
(3.48944e-05 -5.17461e-05 -0)
(3.06605e-05 -3.42817e-05 -0)
(8.55953e-06 -1.50495e-07 -0)
(2.08486e-05 2.04755e-06 -0)
(2.07399e-05 3.49762e-06 -0)
(2.22683e-05 4.70696e-06 -0)
(2.42147e-05 5.53861e-06 -0)
(2.6411e-05 5.82801e-06 -0)
(2.85771e-05 5.47644e-06 -0)
(3.04268e-05 4.60785e-06 -0)
(3.18016e-05 3.46379e-06 -0)
(3.26831e-05 2.25171e-06 -0)
(3.31308e-05 1.09169e-06 -0)
(3.32235e-05 2.75417e-08 -0)
(3.30284e-05 -9.45202e-07 -0)
(3.2591e-05 -1.85578e-06 -0)
(3.19339e-05 -2.74334e-06 -0)
(3.10602e-05 -3.64886e-06 -0)
(2.99559e-05 -4.61094e-06 -0)
(2.85922e-05 -5.66305e-06 -0)
(2.69266e-05 -6.83059e-06 -0)
(2.49048e-05 -8.12642e-06 -0)
(2.24629e-05 -9.54387e-06 -0)
(1.95345e-05 -1.10467e-05 -0)
(1.60639e-05 -1.25576e-05 -0)
(1.2029e-05 -1.39485e-05 -0)
(7.47366e-06 -1.50453e-05 -0)
(2.53833e-06 -1.56598e-05 -0)
(7.85577e-05 -6.23086e-05 -0)
(5.63477e-05 -5.20771e-05 -0)
(3.56398e-05 -3.56351e-05 -0)
(3.25655e-05 -2.34319e-05 -0)
(9.15863e-06 -1.00241e-07 -0)
(2.23446e-05 1.36643e-06 -0)
(2.18327e-05 2.32442e-06 -0)
(2.30798e-05 3.10479e-06 -0)
(2.46503e-05 3.6239e-06 -0)
(2.6395e-05 3.80192e-06 -0)
(2.81252e-05 3.60617e-06 -0)
(2.96579e-05 3.09584e-06 -0)
(3.087e-05 2.38883e-06 -0)
(3.1714e-05 1.601e-06 -0)
(3.21962e-05 8.12205e-07 -0)
(3.23489e-05 6.15326e-08 -0)
(3.2208e-05 -6.43276e-07 -0)
(3.18017e-05 -1.31392e-06 -0)
(3.11457e-05 -1.97199e-06 -0)
(3.02417e-05 -2.64252e-06 -0)
(2.90785e-05 -3.34999e-06 -0)
(2.76333e-05 -4.11528e-06 -0)
(2.58731e-05 -4.95292e-06 -0)
(2.37582e-05 -5.86744e-06 -0)
(2.1246e-05 -6.84867e-06 -0)
(1.82989e-05 -7.86607e-06 -0)
(1.48952e-05 -8.86337e-06 -0)
(1.10453e-05 -9.75696e-06 -0)
(6.80796e-06 -1.04431e-05 -0)
(2.30167e-06 -1.08195e-05 -0)
(7.77169e-05 -3.69783e-05 -0)
(5.72652e-05 -3.11998e-05 -0)
(3.68784e-05 -2.14121e-05 -0)
(3.45967e-05 -1.51978e-05 -0)
(9.20007e-06 -6.03292e-08 -0)
(2.33023e-05 7.96878e-07 -0)
(2.24783e-05 1.32882e-06 -0)
(2.35678e-05 1.76384e-06 -0)
(2.49119e-05 2.0502e-06 -0)
(2.63932e-05 2.14956e-06 -0)
(2.7871e-05 2.05038e-06 -0)
(2.92094e-05 1.7804e-06 -0)
(3.03067e-05 1.39464e-06 -0)
(3.11065e-05 9.51315e-07 -0)
(3.15913e-05 4.9471e-07 -0)
(3.1768e-05 4.97861e-08 -0)
(3.1653e-05 -3.75426e-07 -0)
(3.12623e-05 -7.84628e-07 -0)
(3.06053e-05 -1.1882e-06 -0)
(2.96822e-05 -1.59933e-06 -0)
(2.84832e-05 -2.03126e-06 -0)
(2.69893e-05 -2.49521e-06 -0)
(2.51745e-05 -2.99838e-06 -0)
(2.3009e-05 -3.54173e-06 -0)
(2.04642e-05 -4.11732e-06 -0)
(1.75198e-05 -4.70549e-06 -0)
(1.4173e-05 -5.27288e-06 -0)
(1.04492e-05 -5.77285e-06 -0)
(6.41108e-06 -6.1508e-06 -0)
(2.16194e-06 -6.35567e-06 -0)
(7.80693e-05 -1.23558e-05 -0)
(5.74859e-05 -1.03311e-05 -0)
(3.74683e-05 -7.09543e-06 -0)
(3.5173e-05 -4.90663e-06 -0)
(9.383e-06 -1.6547e-08 -0)
(2.37547e-05 2.50069e-07 -0)
(2.27997e-05 4.3008e-07 -0)
(2.38012e-05 5.71482e-07 -0)
(2.50361e-05 6.6347e-07 -0)
(2.63951e-05 6.95673e-07 -0)
(2.77561e-05 6.65358e-07 -0)
(2.90021e-05 5.80759e-07 -0)
(3.0041e-05 4.58068e-07 -0)
(3.0814e-05 3.1499e-07 -0)
(3.12947e-05 1.65609e-07 -0)
(3.14788e-05 1.83613e-08 -0)
(3.13736e-05 -1.23608e-07 -0)
(3.0989e-05 -2.61019e-07 -0)
(3.0331e-05 -3.96908e-07 -0)
(2.93986e-05 -5.3535e-07 -0)
(2.81826e-05 -6.80506e-07 -0)
(2.66661e-05 -8.35879e-07 -0)
(2.48266e-05 -1.00361e-06 -0)
(2.26393e-05 -1.18375e-06 -0)
(2.00822e-05 -1.37336e-06 -0)
(1.71433e-05 -1.56574e-06 -0)
(1.38279e-05 -1.74988e-06 -0)
(1.01674e-05 -1.91086e-06 -0)
(6.22514e-06 -2.03167e-06 -0)
(2.0968e-06 -2.0968e-06 -0)
)
;

boundaryField
{
    inlet1
    {
        type            extrapolatedCalculated;
        value           nonuniform List<vector> 10((1e-05 -0.000505456 -0) (1e-05 -0.00152681 -0) (1e-05 -0.00262138 -0) (1e-05 -0.00395678 -0) (1e-05 -0.00581226 -0) (1e-05 -0.00856587 -0) (1e-05 -0.0127992 -0) (1e-05 -0.0198121 -0) (1e-05 -0.0340165 -0) (1e-05 -0.0763005 -0));
    }
    inlet2
    {
        type            extrapolatedCalculated;
        value           nonuniform List<vector> 10((-0 -2.52236e-05 -0) (-0 -0.000198952 -0) (-0 -0.000102393 -0) (-0 -0.000133182 -0) (-0 -9.17324e-05 -0) (-0 -0.000106021 -0) (-0 -9.9801e-05 -0) (-0 -0.00010928 -0) (-0 -0.000119601 -0) (-0 -0.000142284 -0));
    }
    inlet3
    {
        type            extrapolatedCalculated;
        value           nonuniform List<vector> 10((9.13394e-05 -0.000178963 -0) (9.13394e-05 -0.000167903 -0) (9.13394e-05 -0.000159258 -0) (9.13394e-05 -0.00014817 -0) (9.13394e-05 -0.000133895 -0) (9.13394e-05 -0.000114954 -0) (9.13394e-05 -9.22029e-05 -0) (9.13394e-05 -6.68314e-05 -0) (9.13394e-05 -4.02554e-05 -0) (9.13394e-05 -1.3424e-05 -0));
    }
    output1
    {
        type            extrapolatedCalculated;
        value           nonuniform List<vector> 10((-0 1.87873e-06 -0) (-0 5.70023e-06 -0) (-0 9.72303e-06 -0) (-0 1.41153e-05 -0) (-0 1.91095e-05 -0) (-0 2.50656e-05 -0) (-0 3.26068e-05 -0) (-0 4.29507e-05 -0) (-0 5.88212e-05 -0) (-0 8.72622e-05 -0));
    }
    output2
    {
        type            extrapolatedCalculated;
        value           nonuniform List<vector> 10((0.000162997 6.77987e-05 -0) (0.000103621 1.99029e-05 -0) (8.33857e-05 7.04608e-06 -0) (7.54372e-05 2.68162e-06 -0) (7.26592e-05 5.79014e-07 -0) (7.31211e-05 -1.05492e-06 -0) (7.68788e-05 -3.22809e-06 -0) (8.60334e-05 -7.82151e-06 -0) (0.000108165 -2.14372e-05 -0) (0.000171782 -7.22334e-05 -0));
    }
    output3
    {
        type            extrapolatedCalculated;
        value           nonuniform List<vector> 10((-0 -9.31202e-05 -0) (-0 -6.32956e-05 -0) (-0 -4.65894e-05 -0) (-0 -3.56238e-05 -0) (-0 -2.75544e-05 -0) (-0 -2.11146e-05 -0) (-0 -1.56598e-05 -0) (-0 -1.08195e-05 -0) (-0 -6.35567e-06 -0) (-0 -2.0968e-06 -0));
    }
    up
    {
        type            extrapolatedCalculated;
        value           nonuniform List<vector> 
30
(
(7.80693e-05 -0 -0)
(5.74859e-05 -0 -0)
(3.74683e-05 -0 -0)
(3.5173e-05 -0 -0)
(9.383e-06 -0 -0)
(2.37547e-05 -0 -0)
(2.27997e-05 -0 -0)
(2.38012e-05 -0 -0)
(2.50361e-05 -0 -0)
(2.63951e-05 -0 -0)
(2.77561e-05 -0 -0)
(2.90021e-05 -0 -0)
(3.0041e-05 -0 -0)
(3.0814e-05 -0 -0)
(3.12947e-05 -0 -0)
(3.14788e-05 -0 -0)
(3.13736e-05 -0 -0)
(3.0989e-05 -0 -0)
(3.0331e-05 -0 -0)
(2.93986e-05 -0 -0)
(2.81826e-05 -0 -0)
(2.66661e-05 -0 -0)
(2.48266e-05 -0 -0)
(2.26393e-05 -0 -0)
(2.00822e-05 -0 -0)
(1.71433e-05 -0 -0)
(1.38279e-05 -0 -0)
(1.01674e-05 -0 -0)
(6.22514e-06 -0 -0)
(2.0968e-06 -0 -0)
)
;
    }
    down
    {
        type            extrapolatedCalculated;
        value           nonuniform List<vector> 
30
(
(2.24641e-05 -0 -0)
(9.82886e-06 -0 -0)
(2.42438e-05 -0 -0)
(2.29105e-05 -0 -0)
(2.3216e-05 -0 -0)
(2.35748e-05 -0 -0)
(2.39708e-05 -0 -0)
(2.43878e-05 -0 -0)
(2.48099e-05 -0 -0)
(2.52216e-05 -0 -0)
(2.56075e-05 -0 -0)
(2.59523e-05 -0 -0)
(2.62405e-05 -0 -0)
(2.64557e-05 -0 -0)
(2.6581e-05 -0 -0)
(2.65979e-05 -0 -0)
(2.64862e-05 -0 -0)
(2.62234e-05 -0 -0)
(2.57843e-05 -0 -0)
(2.51406e-05 -0 -0)
(2.42614e-05 -0 -0)
(2.31135e-05 -0 -0)
(2.1663e-05 -0 -0)
(1.98776e-05 -0 -0)
(1.77311e-05 -0 -0)
(1.52092e-05 -0 -0)
(1.23162e-05 -0 -0)
(9.08309e-06 -0 -0)
(5.57244e-06 -0 -0)
(1.87883e-06 -0 -0)
)
;
    }
    emptyWalls
    {
        type            empty;
    }
}


// ************************************************************************* //
