/*--------------------------------*- C++ -*----------------------------------*\
  =========                 |
  \\      /  F ield         | OpenFOAM: The Open Source CFD Toolbox
   \\    /   O peration     | Website:  https://openfoam.org
    \\  /    A nd           | Version:  9
     \\/     M anipulation  |
\*---------------------------------------------------------------------------*/
FoamFile
{
    format      ascii;
    class       surfaceScalarField;
    location    "16500";
    object      phi;
}
// * * * * * * * * * * * * * * * * * * * * * * * * * * * * * * * * * * * * * //

dimensions      [0 3 -1 0 0 0 0];

internalField   nonuniform List<scalar> 
1740
(
2.97019e-08
6.87039e-08
6.96148e-09
7.92121e-09
1.6412e-09
1.14219e-08
1.45818e-09
2.80519e-10
1.5597e-09
1.19642e-10
1.94932e-09
1.21144e-10
1.89001e-09
7.56848e-11
1.84859e-09
3.99358e-11
1.82882e-09
1.61314e-11
1.82488e-09
1.00129e-12
1.83093e-09
-8.21486e-12
1.84253e-09
-1.32537e-11
1.85628e-09
-1.51213e-11
1.8694e-09
-1.43573e-11
1.87939e-09
-1.11973e-11
1.88381e-09
-5.67293e-12
1.88016e-09
2.31529e-12
1.86579e-09
1.29376e-11
1.83791e-09
2.63823e-11
1.79355e-09
4.28142e-11
1.72967e-09
6.23373e-11
1.64325e-09
8.49585e-11
1.53148e-09
1.10529e-10
1.39196e-09
1.38658e-10
1.22314e-09
1.68596e-10
1.02471e-09
1.99103e-10
7.98209e-10
2.28349e-10
5.47408e-10
2.53938e-10
2.7854e-10
2.73161e-10
2.83536e-10
1.95161e-08
1.57137e-07
1.23688e-08
1.92427e-08
1.21675e-08
2.68549e-08
2.80659e-09
3.17201e-10
1.638e-09
5.58194e-10
2.02754e-09
2.74691e-10
1.87438e-09
1.41658e-10
1.82693e-09
6.79261e-11
1.813e-09
2.35877e-11
1.81488e-09
-3.91345e-12
1.82538e-09
-2.06106e-11
1.84038e-09
-2.96833e-11
1.85692e-09
-3.28791e-11
1.87254e-09
-3.11159e-11
1.88496e-09
-2.47641e-11
1.89187e-09
-1.38141e-11
1.89087e-09
1.99265e-12
1.87932e-09
2.30479e-11
1.85439e-09
4.97708e-11
1.81307e-09
8.25291e-11
1.7522e-09
1.21569e-10
1.66861e-09
1.6696e-10
1.55921e-09
2.18492e-10
1.42127e-09
2.75503e-10
1.25273e-09
3.36622e-10
1.05279e-09
3.99465e-10
8.22508e-10
4.60348e-10
5.6547e-10
5.14235e-10
2.88211e-10
5.55166e-10
5.77449e-10
2.60594e-08
2.19582e-07
4.30115e-09
4.43377e-08
1.71862e-09
2.53395e-08
9.8635e-10
4.24182e-11
1.53807e-09
5.44642e-10
1.73872e-09
2.83916e-10
1.76487e-09
1.48332e-10
1.77175e-09
6.65248e-11
1.78136e-09
1.42084e-11
1.79627e-09
-1.96322e-11
1.81532e-09
-4.06324e-11
1.83667e-09
-5.19922e-11
1.85847e-09
-5.5599e-11
1.87888e-09
-5.24649e-11
1.89602e-09
-4.29295e-11
1.90786e-09
-2.68129e-11
1.91212e-09
-3.58028e-12
1.90622e-09
2.74872e-11
1.88726e-09
6.71216e-11
1.85213e-09
1.15956e-10
1.79746e-09
1.74444e-10
1.71978e-09
2.42819e-10
1.61551e-09
3.20978e-10
1.48117e-09
4.08237e-10
1.31374e-09
5.02922e-10
1.11122e-09
6.01782e-10
8.73557e-10
6.99342e-10
6.03755e-10
7.87485e-10
3.08842e-10
8.55826e-10
8.93646e-10
1.38448e-08
3.00811e-07
4.31402e-10
6.35154e-08
2.98817e-10
1.93976e-08
1.00142e-09
5.54548e-11
1.5223e-09
2.43824e-10
1.60695e-09
1.79773e-10
1.67468e-09
1.01234e-10
1.71385e-09
3.56361e-11
1.74442e-09
-1.36443e-11
1.77352e-09
-4.81901e-11
1.80295e-09
-7.02941e-11
1.83253e-09
-8.20537e-11
1.86141e-09
-8.50595e-11
1.88848e-09
-8.0214e-11
1.91238e-09
-6.76731e-11
1.93143e-09
-4.69254e-11
1.94354e-09
-1.69848e-11
1.94615e-09
2.33603e-11
1.93632e-09
7.52791e-11
1.91072e-09
1.39732e-10
1.86576e-09
2.17436e-10
1.79755e-09
3.08897e-10
1.70186e-09
4.14361e-10
1.57416e-09
5.33542e-10
1.40982e-09
6.65043e-10
1.20478e-09
8.05397e-10
9.56748e-10
9.47756e-10
6.67155e-10
1.08054e-09
3.43406e-10
1.18701e-09
1.24766e-09
1.93105e-08
3.88154e-07
1.85168e-09
8.77581e-08
8.58287e-10
1.97796e-08
1.02818e-09
7.37048e-11
1.51549e-09
1.04453e-10
1.54552e-09
9.01713e-11
1.61306e-09
4.11975e-11
1.66455e-09
-1.15669e-11
1.70894e-09
-5.62303e-11
1.75043e-09
-8.91888e-11
1.79042e-09
-1.10299e-10
1.82908e-09
-1.20868e-10
1.86617e-09
-1.2237e-10
1.90126e-09
-1.15655e-10
1.93359e-09
-1.00619e-10
1.96195e-09
-7.62285e-11
1.98445e-09
-4.0787e-11
1.99855e-09
7.66333e-12
2.00113e-09
7.09076e-11
1.98866e-09
1.50264e-10
1.95731e-09
2.46675e-10
1.90279e-09
3.60973e-10
1.82022e-09
4.94023e-10
1.70377e-09
6.46524e-10
1.54661e-09
8.18313e-10
1.34135e-09
1.00701e-09
1.0815e-09
1.20575e-09
7.64715e-10
1.39992e-09
3.97628e-10
1.56401e-09
1.66233e-09
1.84984e-08
4.75766e-07
4.19309e-09
1.03828e-07
1.26043e-09
2.05912e-08
1.08398e-09
9.38657e-11
1.50097e-09
6.20878e-11
1.51342e-09
3.52714e-11
1.56748e-09
-1.50462e-11
1.62235e-09
-6.68698e-11
1.67636e-09
-1.10522e-10
1.72884e-09
-1.42035e-10
1.77922e-09
-1.60846e-10
1.8272e-09
-1.68745e-10
1.87294e-09
-1.67894e-10
1.91678e-09
-1.59415e-10
1.95879e-09
-1.42914e-10
1.99832e-09
-1.16583e-10
2.03376e-09
-7.76002e-11
2.06246e-09
-2.28227e-11
2.08098e-09
5.04244e-11
2.0855e-09
1.43744e-10
2.07201e-09
2.58031e-10
2.0361e-09
3.94299e-10
1.97247e-09
5.54237e-10
1.87409e-09
7.40218e-10
1.73151e-09
9.54681e-10
1.53251e-09
1.1986e-09
1.2632e-09
1.4683e-09
9.12571e-10
1.74938e-09
4.82393e-10
2.00676e-09
2.17533e-09
1.64262e-08
5.50313e-07
3.44466e-09
1.11745e-07
1.44015e-09
2.42083e-08
1.09989e-09
2.3726e-10
1.46527e-09
9.3026e-11
1.47405e-09
3.87353e-12
1.52109e-09
-6.97844e-11
1.581e-09
-1.30346e-10
1.64531e-09
-1.76953e-10
1.70936e-09
-2.07583e-10
1.7704e-09
-2.22299e-10
1.82755e-09
-2.25368e-10
1.88161e-09
-2.21042e-10
1.93414e-09
-2.11194e-10
1.98645e-09
-1.9504e-10
2.03879e-09
-1.69584e-10
2.08982e-09
-1.30219e-10
2.13654e-09
-7.17759e-11
2.17483e-09
9.87125e-12
2.20036e-09
1.16258e-10
2.20911e-09
2.47408e-10
2.19714e-09
4.03958e-10
2.15946e-09
5.88408e-10
2.08861e-09
8.05432e-10
1.97284e-09
1.0616e-09
1.79397e-09
1.36439e-09
1.52622e-09
1.71947e-09
1.13997e-09
2.12255e-09
6.19377e-10
2.53834e-09
2.85689e-09
9.19572e-10
6.39317e-07
-3.25046e-09
1.05614e-07
5.95577e-10
1.38139e-08
1.08092e-09
3.97141e-10
1.40378e-09
1.05604e-10
1.40561e-09
-4.3021e-11
1.46183e-09
-1.3762e-10
1.53526e-09
-2.0778e-10
1.61451e-09
-2.59361e-10
1.69288e-09
-2.89041e-10
1.76548e-09
-2.95394e-10
1.83101e-09
-2.89384e-10
1.89181e-09
-2.79707e-10
1.95171e-09
-2.6927e-10
2.01408e-09
-2.56474e-10
2.08056e-09
-2.36482e-10
2.15018e-09
-2.01915e-10
2.21906e-09
-1.43931e-10
2.28145e-09
-5.54187e-11
2.33197e-09
6.40125e-11
2.36696e-09
2.11389e-10
2.38388e-09
3.85716e-10
2.3796e-09
5.90005e-10
2.34807e-09
8.31514e-10
2.27728e-09
1.12188e-09
2.1443e-09
1.47791e-09
1.90774e-09
1.92264e-09
1.50172e-09
2.48299e-09
8.55151e-10
3.16716e-09
3.85701e-09
-8.0553e-09
7.47583e-07
-7.81263e-09
9.36623e-08
5.18265e-10
1.61311e-10
9.32514e-10
2.11485e-10
1.16153e-09
-1.55997e-11
1.28483e-09
-1.43944e-10
1.38535e-09
-2.29898e-10
1.48369e-09
-3.03791e-10
1.58458e-09
-3.6367e-10
1.68219e-09
-3.93824e-10
1.76761e-09
-3.80849e-10
1.83918e-09
-3.57058e-10
1.90291e-09
-3.39129e-10
1.96682e-09
-3.29699e-10
2.03759e-09
-3.25092e-10
2.11918e-09
-3.1796e-10
2.21129e-09
-2.97012e-10
2.30807e-09
-2.46613e-10
2.39993e-09
-1.51627e-10
2.47912e-09
-1.6176e-11
2.54286e-09
1.48421e-10
2.59183e-09
3.37514e-10
2.62699e-09
5.54384e-10
2.64678e-09
8.08744e-10
2.64391e-09
1.11652e-09
2.5982e-09
1.50272e-09
2.45871e-09
2.01019e-09
2.10403e-09
2.71963e-09
1.29951e-09
3.79032e-09
5.54697e-09
1.78603e-08
8.3318e-07
4.36886e-09
9.83414e-08
4.14271e-10
6.27851e-09
7.88634e-10
-2.73638e-11
1.02202e-09
-2.60782e-10
1.18684e-09
-2.8735e-10
1.31107e-09
-3.34238e-10
1.42957e-09
-4.13817e-10
1.55794e-09
-4.97704e-10
1.68368e-09
-5.41731e-10
1.78361e-09
-4.77116e-10
1.85518e-09
-4.1887e-10
1.91385e-09
-3.90041e-10
1.97505e-09
-3.8531e-10
2.05028e-09
-3.96218e-10
2.14728e-09
-4.13258e-10
2.26775e-09
-4.21557e-10
2.40197e-09
-3.9388e-10
2.5311e-09
-2.88303e-10
2.64172e-09
-1.25509e-10
2.73353e-09
6.096e-11
2.8136e-09
2.61536e-10
2.88974e-09
4.81279e-10
2.96817e-09
7.32562e-10
3.05336e-09
1.03273e-09
3.1459e-09
1.40625e-09
3.22486e-09
1.89577e-09
3.1562e-09
2.59503e-09
2.23887e-09
3.72751e-09
5.89352e-09
1.9431e-08
8.14443e-07
1.4412e-08
9.84944e-08
5.0111e-09
1.99077e-08
6.51977e-10
1.21455e-08
9.73563e-10
-2.14993e-10
1.12945e-09
-3.01875e-10
1.2425e-09
-4.15806e-10
1.36558e-09
-5.19536e-10
1.53394e-09
-6.71593e-10
1.71098e-09
-7.98281e-10
1.82797e-09
-5.67009e-10
1.88408e-09
-4.5127e-10
1.92227e-09
-4.16858e-10
1.96925e-09
-4.25279e-10
2.0412e-09
-4.61223e-10
2.15189e-09
-5.17298e-10
2.31046e-09
-5.8208e-10
2.50097e-09
-6.19049e-10
2.68077e-09
-4.82197e-10
2.82312e-09
-2.58518e-10
2.93594e-09
-4.06057e-11
3.03931e-09
1.66392e-10
3.15021e-09
3.76638e-10
3.28279e-09
6.0749e-10
3.45547e-09
8.75602e-10
3.70719e-09
1.19378e-09
4.13863e-09
1.57163e-09
5.05703e-09
2.0372e-09
7.59985e-09
2.63118e-09
3.33526e-09
3.34246e-08
7.77111e-07
2.88251e-08
1.06103e-07
2.34066e-08
2.14301e-08
1.10958e-08
1.75418e-08
7.90337e-10
4.61559e-09
1.14133e-09
-2.59098e-10
1.16399e-09
-3.07957e-10
1.2563e-09
-4.37246e-10
1.50126e-09
-6.07118e-10
1.79834e-09
-8.3233e-10
1.93319e-09
-5.41464e-10
1.93091e-09
-4.02349e-10
1.92188e-09
-4.00949e-10
1.93849e-09
-4.3786e-10
1.99338e-09
-5.06108e-10
2.10861e-09
-6.12629e-10
2.32122e-09
-7.70415e-10
2.61069e-09
-1.01804e-09
2.8679e-09
-7.62916e-10
3.03403e-09
-3.85762e-10
3.14781e-09
-1.31256e-10
3.25747e-09
6.80057e-11
3.389e-09
2.51392e-10
3.55731e-09
4.45156e-10
3.77853e-09
6.68406e-10
4.08874e-09
9.21636e-10
4.56545e-09
1.15977e-09
5.33343e-09
1.35094e-09
6.47383e-09
1.42476e-09
1.02519e-09
1.54097e-07
6.17945e-07
7.87798e-08
1.66238e-07
3.19641e-08
8.96663e-08
2.32838e-08
4.89883e-08
1.91308e-08
3.38869e-08
1.06891e-08
2.17537e-08
8.43645e-10
2.0873e-08
1.0043e-09
1.02042e-08
1.41645e-09
2.00456e-08
2.04791e-09
2.67574e-09
2.17555e-09
-2.57534e-10
1.98449e-09
-2.37753e-10
1.89587e-09
-2.76564e-10
1.86943e-09
-3.24721e-10
1.88523e-09
-3.93432e-10
1.96795e-09
-5.00315e-10
2.25512e-09
-6.7725e-10
2.75267e-09
-1.05419e-09
3.14609e-09
-1.24455e-09
3.2973e-09
-4.00049e-10
3.36381e-09
-1.73667e-10
3.45378e-09
-1.8252e-11
3.59101e-09
1.14912e-10
3.77891e-09
2.53336e-10
4.01262e-09
4.18125e-10
4.30379e-09
5.91924e-10
4.70101e-09
6.97162e-10
5.23741e-09
7.30414e-10
5.82294e-09
6.84575e-10
3.69673e-10
5.16937e-07
1.03592e-07
6.07822e-07
8.71991e-08
5.85016e-07
1.04312e-07
5.3806e-07
8.34132e-08
4.66193e-07
8.72709e-08
3.90338e-07
8.15047e-08
3.0376e-07
8.89329e-08
2.54761e-07
6.84029e-08
1.48482e-07
1.02792e-07
2.0776e-08
8.48124e-08
2.15314e-09
2.62813e-08
1.93314e-09
2.84979e-09
1.80333e-09
-4.82158e-10
1.75603e-09
-1.39896e-09
1.71026e-09
-1.47643e-10
1.62282e-09
2.9889e-09
1.97864e-09
1.25585e-08
2.99877e-09
3.95766e-08
3.66651e-09
-7.86962e-10
3.64527e-09
-2.15703e-10
3.55636e-09
-1.15219e-10
3.6028e-09
-4.44414e-11
3.74236e-09
1.53015e-11
3.95469e-09
7.76422e-11
4.18923e-09
1.55353e-10
4.4128e-09
2.33843e-10
4.69738e-09
4.03786e-10
5.09228e-09
5.1234e-10
5.47503e-09
2.94402e-10
1.24509e-10
2.70116e-07
-1.75327e-07
4.51774e-07
-7.75767e-08
5.8378e-07
-1.25838e-08
6.42123e-07
3.49077e-08
6.58082e-07
7.35713e-08
6.50672e-07
9.04616e-08
6.16804e-07
1.12929e-07
5.74273e-07
1.11736e-07
5.20985e-07
1.4798e-07
4.372e-07
1.51008e-07
4.18684e-07
6.1658e-08
4.17244e-07
1.17071e-08
4.16746e-07
-1.82382e-09
4.20682e-07
-5.00884e-09
4.18917e-07
1.11222e-09
3.92327e-07
1.83491e-08
3.50942e-07
5.28952e-08
1.64499e-07
1.30929e-07
2.75273e-09
1.05923e-07
2.74e-09
7.66536e-09
2.39682e-09
-1.87682e-09
2.61373e-09
-6.32274e-09
3.3526e-09
-9.33015e-09
5.79777e-09
-1.26482e-08
1.36255e-08
-1.80176e-08
2.67971e-08
-2.25227e-08
2.90969e-08
-1.75053e-08
1.56425e-08
-7.93647e-09
5.54585e-09
-5.53064e-09
-3.53234e-09
4.3186e-08
-2.24107e-07
1.21357e-07
-1.56279e-07
1.98931e-07
-9.59726e-08
2.71342e-07
-3.587e-08
3.41567e-07
7.36529e-09
4.04732e-07
3.94112e-08
4.5716e-07
6.64781e-08
4.94242e-07
8.51399e-08
5.49973e-07
1.0173e-07
5.9123e-07
1.03704e-07
5.99372e-07
5.63031e-08
6.02944e-07
1.37324e-08
6.09705e-07
-6.0029e-09
6.11106e-07
-9.82244e-09
6.15498e-07
1.24113e-09
5.9152e-07
3.19068e-08
5.84034e-07
7.99453e-08
5.50565e-07
1.59029e-07
5.01254e-07
1.74492e-07
5.07637e-07
2.36043e-08
5.21135e-07
-1.56656e-08
5.54768e-07
-3.73366e-08
6.02658e-07
-5.18289e-08
6.61796e-07
-6.49961e-08
7.30577e-07
-8.02203e-08
8.08305e-07
-9.41874e-08
8.91132e-07
-9.53617e-08
9.76788e-07
-8.6742e-08
1.0422e-06
-7.17573e-08
-3.22118e-08
5.92006e-08
-2.98702e-07
1.15691e-07
-2.25269e-07
1.72114e-07
-1.53706e-07
2.29594e-07
-9.23134e-08
2.83256e-07
-4.27915e-08
3.34282e-07
-5.59529e-09
3.85512e-07
2.22825e-08
4.34848e-07
4.15457e-08
4.93129e-07
4.9274e-08
5.5054e-07
4.47827e-08
5.82839e-07
2.42603e-08
6.00584e-07
-1.00691e-09
6.14224e-07
-1.73665e-08
6.24211e-07
-1.98886e-08
6.35326e-07
-7.78008e-09
6.46754e-07
2.16317e-08
6.77979e-07
5.92777e-08
7.47192e-07
9.6768e-08
8.02312e-07
8.87122e-08
8.36051e-07
5.27049e-09
8.8647e-07
-5.67548e-08
9.51719e-07
-9.84205e-08
1.03036e-06
-1.27117e-07
1.12012e-06
-1.51472e-07
1.21863e-06
-1.74404e-07
1.33218e-06
-2.00517e-07
1.46611e-06
-2.24023e-07
1.62467e-06
-2.435e-07
1.76453e-06
-2.24068e-07
-1.15733e-07
7.01399e-08
-3.74051e-07
1.40861e-07
-2.94274e-07
2.13218e-07
-2.23559e-07
2.80913e-07
-1.57261e-07
3.41037e-07
-1.00142e-07
3.93499e-07
-5.56127e-08
4.41499e-07
-2.34896e-08
4.87968e-07
-3.93188e-09
5.34943e-07
2.48278e-09
5.80542e-07
-1.90441e-09
6.18555e-07
-1.39342e-08
6.48976e-07
-2.99477e-08
6.76146e-07
-4.24583e-08
7.03241e-07
-4.53337e-08
7.34553e-07
-3.67274e-08
7.76977e-07
-1.8152e-08
8.37608e-07
5.91516e-10
9.27443e-07
6.79897e-09
1.02538e-06
-1.57188e-08
1.10869e-06
-7.06772e-08
1.19062e-06
-1.29983e-07
1.27399e-06
-1.77219e-07
1.36214e-06
-2.11256e-07
1.45242e-06
-2.4021e-07
1.54918e-06
-2.66163e-07
1.65375e-06
-3.00766e-07
1.77745e-06
-3.37364e-07
1.92983e-06
-3.89607e-07
2.10468e-06
-4.01811e-07
-2.94407e-07
1.17887e-07
-4.95602e-07
2.22041e-07
-3.89436e-07
3.12759e-07
-3.07616e-07
3.89597e-07
-2.3106e-07
4.55002e-07
-1.63905e-07
5.12325e-07
-1.11588e-07
5.65046e-07
-7.48497e-08
6.15452e-07
-5.32588e-08
6.63831e-07
-4.51342e-08
7.1e-07
-4.74195e-08
7.53337e-07
-5.64414e-08
7.93606e-07
-6.89084e-08
8.33466e-07
-8.02699e-08
8.76949e-07
-8.64164e-08
9.29656e-07
-8.65119e-08
9.98254e-07
-8.3427e-08
1.08597e-06
-8.42802e-08
1.19091e-06
-9.64147e-08
1.29941e-06
-1.23565e-07
1.3926e-06
-1.62712e-07
1.47027e-06
-2.05357e-07
1.53472e-06
-2.41441e-07
1.59447e-06
-2.70136e-07
1.64679e-06
-2.9446e-07
1.70184e-06
-3.18862e-07
1.74791e-06
-3.4874e-07
1.80335e-06
-3.82028e-07
1.8699e-06
-4.44942e-07
2.00004e-06
-5.01587e-07
-6.12138e-07
2.29048e-07
-6.82566e-07
3.97614e-07
-5.38577e-07
4.96705e-07
-4.03438e-07
5.59835e-07
-2.94389e-07
6.07672e-07
-2.12022e-07
6.49929e-07
-1.53928e-07
6.90389e-07
-1.15104e-07
7.30227e-07
-9.28971e-08
7.68791e-07
-8.34859e-08
8.05943e-07
-8.43208e-08
8.4162e-07
-9.17336e-08
8.7681e-07
-1.0336e-07
9.13747e-07
-1.16053e-07
9.57123e-07
-1.28205e-07
1.0116e-06
-1.39497e-07
1.08107e-06
-1.51679e-07
1.16386e-06
-1.6734e-07
1.25331e-06
-1.8711e-07
1.33672e-06
-2.0974e-07
1.40346e-06
-2.31391e-07
1.44998e-06
-2.53017e-07
1.48129e-06
-2.71694e-07
1.50322e-06
-2.90875e-07
1.51714e-06
-3.0627e-07
1.5293e-06
-3.27825e-07
1.52236e-06
-3.42306e-07
1.52484e-06
-3.74628e-07
1.49285e-06
-4.17288e-07
1.72051e-06
-5.87857e-07
-1.17825e-06
8.49744e-07
-6.56913e-07
7.76362e-07
-5.10418e-07
7.24055e-07
-3.72336e-07
6.92386e-07
-2.72715e-07
6.79534e-07
-2.03815e-07
6.80741e-07
-1.57597e-07
6.91425e-07
-1.26927e-07
7.07665e-07
-1.09947e-07
7.26919e-07
-1.02946e-07
7.48112e-07
-1.05576e-07
7.71304e-07
-1.14327e-07
7.98236e-07
-1.29355e-07
8.31016e-07
-1.47179e-07
8.73544e-07
-1.68829e-07
9.27682e-07
-1.91778e-07
9.94217e-07
-2.16953e-07
1.06871e-06
-2.41738e-07
1.1446e-06
-2.63541e-07
1.21132e-06
-2.7781e-07
1.26259e-06
-2.82256e-07
1.29329e-06
-2.82419e-07
1.31026e-06
-2.83397e-07
1.31111e-06
-2.89624e-07
1.30945e-06
-2.98068e-07
1.28366e-06
-3.06263e-07
1.25749e-06
-3.05283e-07
1.19647e-06
-3.33265e-07
1.13448e-06
-3.52917e-07
8.81027e-07
-4.79412e-07
-8.52871e-07
7.21114e-07
-4.53642e-07
6.04784e-07
-3.79302e-07
5.5392e-07
-3.11805e-07
5.42092e-07
-2.53686e-07
5.5006e-07
-2.06222e-07
5.66728e-07
-1.70675e-07
5.88259e-07
-1.45422e-07
6.11779e-07
-1.3154e-07
6.37653e-07
-1.26333e-07
6.65472e-07
-1.31596e-07
6.97001e-07
-1.43022e-07
7.33563e-07
-1.63802e-07
7.76675e-07
-1.87277e-07
8.28636e-07
-2.18828e-07
8.88404e-07
-2.49431e-07
9.55693e-07
-2.83556e-07
1.02498e-06
-3.10761e-07
1.08995e-06
-3.29444e-07
1.14006e-06
-3.29324e-07
1.16816e-06
-3.12059e-07
1.17188e-06
-2.86245e-07
1.15068e-06
-2.61235e-07
1.11656e-06
-2.53913e-07
1.07609e-06
-2.61767e-07
1.01192e-06
-2.49717e-07
9.28022e-07
-2.22398e-07
8.25792e-07
-2.46353e-07
6.7132e-07
-2.51212e-07
3.3828e-07
-1.80275e-07
-1.4322e-07
8.22977e-07
-3.59808e-07
7.75174e-07
-3.3644e-07
7.50296e-07
-2.97115e-07
7.37872e-07
-2.51046e-07
7.33117e-07
-2.08947e-07
7.31742e-07
-1.75228e-07
7.33835e-07
-1.51633e-07
7.36826e-07
-1.38456e-07
7.42659e-07
-1.34655e-07
7.4922e-07
-1.41412e-07
7.59968e-07
-1.55439e-07
7.74022e-07
-1.80898e-07
7.94897e-07
-2.09171e-07
8.24055e-07
-2.50454e-07
8.60234e-07
-2.85972e-07
9.04646e-07
-3.29615e-07
9.48334e-07
-3.54497e-07
9.82947e-07
-3.65611e-07
9.92436e-07
-3.40553e-07
9.82233e-07
-3.03981e-07
9.46081e-07
-2.53819e-07
8.81691e-07
-1.93532e-07
8.134e-07
-1.78983e-07
7.49975e-07
-2.00496e-07
6.63948e-07
-1.89005e-07
5.66433e-07
-1.0496e-07
4.53002e-07
-1.27435e-07
3.12743e-07
-9.60233e-08
1.76007e-07
-3.21431e-08
-6.50448e-08
8.37855e-07
-2.82938e-07
7.70197e-07
-2.66799e-07
7.14544e-07
-2.40483e-07
6.73517e-07
-2.08919e-07
6.45516e-07
-1.79877e-07
6.27192e-07
-1.55184e-07
6.16344e-07
-1.38912e-07
6.09793e-07
-1.29756e-07
6.08642e-07
-1.30659e-07
6.10045e-07
-1.40123e-07
6.19503e-07
-1.60232e-07
6.32938e-07
-1.90932e-07
6.58777e-07
-2.28139e-07
6.90874e-07
-2.79086e-07
7.30848e-07
-3.1863e-07
7.74948e-07
-3.71138e-07
8.07493e-07
-3.82113e-07
8.11427e-07
-3.71478e-07
7.80543e-07
-3.06876e-07
7.41352e-07
-2.64539e-07
6.8137e-07
-2.08365e-07
5.99908e-07
-1.07888e-07
5.2309e-07
-8.61005e-08
4.36807e-07
-1.09894e-07
3.52527e-07
-8.30803e-08
2.85955e-07
-2.29646e-08
1.27062e-07
-3.13779e-08
3.84852e-09
-1.60964e-09
2.4382e-09
-2.9898e-09
-3.35593e-09
8.51682e-07
-2.20085e-07
7.97721e-07
-2.11174e-07
7.54152e-07
-1.96959e-07
7.22554e-07
-1.7824e-07
7.00073e-07
-1.59547e-07
6.85284e-07
-1.4198e-07
6.74877e-07
-1.30707e-07
6.68071e-07
-1.24126e-07
6.63772e-07
-1.28103e-07
6.61066e-07
-1.38416e-07
6.63091e-07
-1.63428e-07
6.64978e-07
-1.94611e-07
6.77303e-07
-2.4097e-07
6.85382e-07
-2.91433e-07
7.03176e-07
-3.36355e-07
7.15869e-07
-3.89665e-07
7.00374e-07
-3.71237e-07
6.39532e-07
-3.25601e-07
5.63088e-07
-2.28923e-07
4.84105e-07
-1.82645e-07
3.96634e-07
-9.8232e-08
3.38656e-07
-3.26354e-08
2.6858e-07
-1.90858e-08
1.14723e-07
-2.61946e-08
4.10291e-09
-5.91987e-10
3.38791e-09
-1.46559e-09
2.27823e-09
-1.70871e-09
2.12047e-09
-1.85865e-09
1.37849e-09
-3.19388e-09
-3.60102e-09
8.61534e-07
-1.67475e-07
8.1398e-07
-1.62472e-07
7.71223e-07
-1.53959e-07
7.35415e-07
-1.42292e-07
7.04866e-07
-1.29878e-07
6.80745e-07
-1.17885e-07
6.58936e-07
-1.10083e-07
6.41367e-07
-1.05885e-07
6.22836e-07
-1.10618e-07
6.0697e-07
-1.20611e-07
5.89754e-07
-1.46335e-07
5.74926e-07
-1.7576e-07
5.67397e-07
-2.30546e-07
5.56611e-07
-2.75506e-07
5.67509e-07
-3.38355e-07
5.52535e-07
-3.74152e-07
4.95113e-07
-3.13799e-07
3.91234e-07
-2.33617e-07
2.99887e-07
-1.02763e-07
1.63453e-07
-6.37569e-08
2.36886e-08
-5.16307e-09
3.61196e-09
-7.15464e-10
2.8314e-09
-7.49982e-10
2.84152e-09
-5.7265e-10
3.09274e-09
-5.14106e-10
2.74327e-09
-1.51024e-09
2.137e-09
-1.82389e-09
1.6392e-09
-1.85329e-09
9.36976e-10
-2.31549e-09
-2.56627e-09
8.67637e-07
-1.21204e-07
8.24332e-07
-1.18393e-07
7.83956e-07
-1.13245e-07
7.48255e-07
-1.06398e-07
7.1645e-07
-9.86003e-08
6.89794e-07
-9.13967e-08
6.64799e-07
-8.62983e-08
6.43661e-07
-8.46323e-08
6.20087e-07
-8.87714e-08
5.99522e-07
-9.89266e-08
5.726e-07
-1.21412e-07
5.51203e-07
-1.50906e-07
5.25765e-07
-2.06472e-07
5.04134e-07
-2.4872e-07
4.94856e-07
-3.28745e-07
4.2584e-07
-3.16933e-07
3.15563e-07
-2.19581e-07
1.77913e-07
-9.25638e-08
4.95911e-08
-1.37047e-08
3.48611e-09
-1.46177e-10
3.63768e-09
-4.00905e-11
3.35439e-09
-5.4644e-10
2.97289e-09
-7.23039e-10
2.79436e-09
-6.50346e-10
2.67403e-09
-6.82467e-10
2.35659e-09
-1.03994e-09
1.88731e-09
-1.28233e-09
1.36236e-09
-1.43347e-09
7.3021e-10
-1.64853e-09
-1.78229e-09
8.71475e-07
-7.8901e-08
8.30958e-07
-7.74008e-08
7.92545e-07
-7.44525e-08
7.56891e-07
-7.07002e-08
7.24278e-07
-6.61342e-08
6.94726e-07
-6.22238e-08
6.66824e-07
-5.90832e-08
6.40569e-07
-5.88337e-08
6.12028e-07
-6.14476e-08
5.83062e-07
-6.98446e-08
5.44904e-07
-8.49699e-08
5.06943e-07
-1.10284e-07
4.52106e-07
-1.52592e-07
4.10516e-07
-1.95875e-07
3.56415e-07
-2.73054e-07
2.39687e-07
-2.10165e-07
8.98187e-08
-7.85861e-08
2.82076e-09
-1.51543e-11
3.36703e-09
5.61053e-11
3.32928e-09
6.66926e-11
3.32076e-09
-6.74475e-11
3.15364e-09
-2.9059e-10
2.9113e-09
-4.16014e-10
2.68899e-09
-4.55475e-10
2.45242e-09
-5.24305e-10
2.12175e-09
-6.84729e-10
1.69327e-09
-8.32023e-10
1.19274e-09
-9.49726e-10
6.21508e-10
-1.06286e-09
-1.13207e-09
8.7372e-07
-3.89172e-08
8.34874e-07
-3.82624e-08
7.9773e-07
-3.6923e-08
7.62208e-07
-3.52621e-08
7.29309e-07
-3.31673e-08
6.97987e-07
-3.14728e-08
6.6858e-07
-2.99944e-08
6.38923e-07
-3.01473e-08
6.08087e-07
-3.13697e-08
5.73362e-07
-3.61333e-08
5.30434e-07
-4.34089e-08
4.78952e-07
-5.84974e-08
4.05339e-07
-8.0724e-08
3.35795e-07
-1.172e-07
2.28401e-07
-1.65035e-07
7.39078e-08
-7.72972e-08
2.51954e-09
9.08911e-11
3.23271e-09
2.55936e-10
3.21482e-09
6.1626e-11
3.21185e-09
2.08243e-11
3.16266e-09
-4.48009e-11
3.02811e-09
-1.32585e-10
2.82966e-09
-1.94961e-10
2.59787e-09
-2.31246e-10
2.3249e-09
-2.7455e-10
1.98471e-09
-3.42648e-10
1.57131e-09
-4.11304e-10
1.09381e-09
-4.70539e-10
5.63095e-10
-5.21118e-10
-5.51063e-10
8.7475e-07
8.36704e-07
8.00157e-07
7.64753e-07
7.31744e-07
6.99595e-07
6.69497e-07
6.38039e-07
6.06331e-07
5.68303e-07
5.24348e-07
4.63909e-07
3.82447e-07
2.65586e-07
9.4845e-08
1.79604e-09
2.78665e-09
3.00499e-09
3.12015e-09
3.14065e-09
3.08993e-09
2.96647e-09
2.78135e-09
2.54793e-09
2.26458e-09
1.92091e-09
1.51344e-09
1.0481e-09
5.37067e-10
)
;

boundaryField
{
    inlet1
    {
        type            calculated;
        value           nonuniform List<scalar> 10(-1e-07 -1e-07 -1e-07 -1e-07 -1e-07 -1e-07 -1e-07 -1e-07 -1e-07 -1e-07);
    }
    inlet2
    {
        type            calculated;
        value           uniform 0;
    }
    inlet3
    {
        type            calculated;
        value           nonuniform List<scalar> 10(-9.13394e-07 -9.13394e-07 -9.13394e-07 -9.13394e-07 -9.13394e-07 -9.13394e-07 -9.13394e-07 -9.13394e-07 -9.13394e-07 -9.13394e-07);
    }
    output1
    {
        type            calculated;
        value           uniform 0;
    }
    output2
    {
        type            calculated;
        value           nonuniform List<scalar> 10(1.24003e-08 7.88293e-09 6.34093e-09 5.74073e-09 3.98896e-09 1.0743e-06 1.84279e-06 2.26197e-06 2.29876e-06 2.61975e-06);
    }
    output3
    {
        type            calculated;
        value           uniform -0;
    }
    up
    {
        type            calculated;
        value           uniform 0;
    }
    down
    {
        type            calculated;
        value           uniform 0;
    }
    emptyWalls
    {
        type            empty;
        value           nonuniform List<scalar> 0();
    }
}


// ************************************************************************* //
