/*--------------------------------*- C++ -*----------------------------------*\
  =========                 |
  \\      /  F ield         | OpenFOAM: The Open Source CFD Toolbox
   \\    /   O peration     | Website:  https://openfoam.org
    \\  /    A nd           | Version:  9
     \\/     M anipulation  |
\*---------------------------------------------------------------------------*/
FoamFile
{
    format      ascii;
    class       volVectorField;
    location    "16500";
    object      ut;
}
// * * * * * * * * * * * * * * * * * * * * * * * * * * * * * * * * * * * * * //

dimensions      [0 1 -1 0 0 0 0];

internalField   nonuniform List<vector> 
900
(
(4.69845e-06 5.31915e-06 -0)
(1.24194e-06 7.91858e-07 -0)
(1.50358e-07 3.73812e-08 -0)
(1.77882e-07 -3.73936e-09 -0)
(1.13754e-07 -1.29127e-08 -0)
(1.98187e-07 2.73826e-09 -0)
(1.91677e-07 3.3182e-09 -0)
(1.86324e-07 2.03381e-09 -0)
(1.83393e-07 8.97301e-10 -0)
(1.82371e-07 1.2351e-10 -0)
(1.82604e-07 -3.56768e-10 -0)
(1.83582e-07 -6.21523e-10 -0)
(1.84924e-07 -7.2207e-10 -0)
(1.86333e-07 -6.87118e-10 -0)
(1.87548e-07 -5.29739e-10 -0)
(1.88329e-07 -2.52485e-10 -0)
(1.88432e-07 1.48868e-10 -0)
(1.87599e-07 6.82208e-10 -0)
(1.8556e-07 1.35639e-09 -0)
(1.82023e-07 2.17913e-09 -0)
(1.76687e-07 3.15521e-09 -0)
(1.69246e-07 4.28424e-09 -0)
(1.59404e-07 5.55755e-09 -0)
(1.46892e-07 6.95414e-09 -0)
(1.31501e-07 8.43519e-09 -0)
(1.13126e-07 9.93785e-09 -0)
(9.1816e-08 1.13711e-08 -0)
(6.78258e-08 1.26183e-08 -0)
(4.16558e-08 1.35504e-08 -0)
(1.40523e-08 1.40515e-08 -0)
(3.41469e-06 8.42163e-06 -0)
(4.88525e-07 7.92385e-07 -0)
(1.98524e-06 2.24701e-06 -0)
(4.48252e-07 5.98433e-08 -0)
(1.13065e-07 3.68411e-08 -0)
(2.14535e-07 2.14906e-08 -0)
(1.90973e-07 1.18188e-08 -0)
(1.83904e-07 5.95335e-09 -0)
(1.81482e-07 2.32898e-09 -0)
(1.81117e-07 7.6747e-11 -0)
(1.81859e-07 -1.2862e-09 -0)
(1.83216e-07 -2.02921e-09 -0)
(1.84859e-07 -2.30218e-09 -0)
(1.86525e-07 -2.18435e-09 -0)
(1.87983e-07 -1.70973e-09 -0)
(1.89008e-07 -8.82101e-10 -0)
(1.89366e-07 3.14191e-10 -0)
(1.88807e-07 1.9053e-09 -0)
(1.87056e-07 3.92008e-09 -0)
(1.83822e-07 6.38371e-09 -0)
(1.78792e-07 9.31225e-09 -0)
(1.71649e-07 1.27075e-08 -0)
(1.62074e-07 1.65482e-08 -0)
(1.49769e-07 2.07774e-08 -0)
(1.34485e-07 2.5284e-08 -0)
(1.16062e-07 2.98828e-08 -0)
(9.44965e-08 3.42987e-08 -0)
(7.0005e-08 3.81693e-08 -0)
(4.30889e-08 4.10817e-08 -0)
(1.45533e-08 4.26557e-08 -0)
(4.63412e-06 2.30059e-05 -0)
(5.77768e-07 3.05616e-06 -0)
(2.82463e-07 3.12397e-06 -0)
(6.12606e-08 3.59701e-09 -0)
(1.36009e-07 7.47978e-08 -0)
(1.71605e-07 3.34476e-08 -0)
(1.7614e-07 1.65129e-08 -0)
(1.76835e-07 7.63186e-09 -0)
(1.77516e-07 2.38856e-09 -0)
(1.78756e-07 -8.59436e-10 -0)
(1.80498e-07 -2.83592e-09 -0)
(1.82566e-07 -3.90744e-09 -0)
(1.84769e-07 -4.27365e-09 -0)
(1.86925e-07 -4.03884e-09 -0)
(1.88851e-07 -3.24309e-09 -0)
(1.90353e-07 -1.88072e-09 -0)
(1.91219e-07 8.43394e-11 -0)
(1.91205e-07 2.70427e-09 -0)
(1.90038e-07 6.03409e-09 -0)
(1.87415e-07 1.01221e-08 -0)
(1.83011e-07 1.50015e-08 -0)
(1.76482e-07 2.06845e-08 -0)
(1.67474e-07 2.71502e-08 -0)
(1.55627e-07 3.43231e-08 -0)
(1.40606e-07 4.20405e-08 -0)
(1.22141e-07 5.00102e-08 -0)
(1.00103e-07 5.77709e-08 -0)
(7.46088e-08 6.46776e-08 -0)
(4.61422e-08 6.99515e-08 -0)
(1.56262e-08 7.28341e-08 -0)
(2.69039e-06 2.09105e-05 -0)
(7.85731e-08 5.81137e-06 -0)
(7.70737e-09 1.94393e-06 -0)
(5.2056e-08 4.88664e-09 -0)
(1.48227e-07 3.41307e-08 -0)
(1.56233e-07 2.33356e-08 -0)
(1.65157e-07 1.31536e-08 -0)
(1.69779e-07 5.67309e-09 -0)
(1.72991e-07 4.5312e-10 -0)
(1.75893e-07 -3.067e-09 -0)
(1.78811e-07 -5.29056e-09 -0)
(1.81779e-07 -6.491e-09 -0)
(1.84727e-07 -6.84615e-09 -0)
(1.87555e-07 -6.45415e-09 -0)
(1.90141e-07 -5.3428e-09 -0)
(1.92335e-07 -3.48186e-09 -0)
(1.93951e-07 -8.00395e-10 -0)
(1.94757e-07 2.79318e-09 -0)
(1.94474e-07 7.39022e-09 -0)
(1.92789e-07 1.3069e-08 -0)
(1.89354e-07 1.98873e-08 -0)
(1.83797e-07 2.78793e-08 -0)
(1.75712e-07 3.70454e-08 -0)
(1.64659e-07 4.73243e-08 -0)
(1.50172e-07 5.85439e-08 -0)
(1.31793e-07 7.03462e-08 -0)
(1.09164e-07 8.20975e-08 -0)
(8.21857e-08 9.28193e-08 -0)
(5.12454e-08 1.01214e-07 -0)
(1.74358e-08 1.05895e-07 -0)
(3.61025e-06 3.92516e-05 -0)
(2.51844e-07 6.89171e-06 -0)
(1.18493e-07 1.93559e-06 -0)
(5.31645e-08 6.20432e-09 -0)
(1.52472e-07 1.46341e-08 -0)
(1.50626e-07 1.26191e-08 -0)
(1.58477e-07 7.09319e-09 -0)
(1.64134e-07 1.45414e-09 -0)
(1.68776e-07 -3.18198e-09 -0)
(1.73013e-07 -6.57102e-09 -0)
(1.77074e-07 -8.76826e-09 -0)
(1.8101e-07 -9.91974e-09 -0)
(1.84806e-07 -1.01658e-08 -0)
(1.88428e-07 -9.58864e-09 -0)
(1.91823e-07 -8.19182e-09 -0)
(1.94896e-07 -5.90323e-09 -0)
(1.97494e-07 -2.59656e-09 -0)
(1.99396e-07 1.87889e-09 -0)
(2.00314e-07 7.6656e-09 -0)
(1.99912e-07 1.48774e-08 -0)
(1.97821e-07 2.35999e-08 -0)
(1.9364e-07 3.39001e-08 -0)
(1.86919e-07 4.58268e-08 -0)
(1.77126e-07 5.93841e-08 -0)
(1.63628e-07 7.44646e-08 -0)
(1.45695e-07 9.07333e-08 -0)
(1.22576e-07 1.07454e-07 -0)
(9.3725e-08 1.23289e-07 -0)
(5.9218e-08 1.36189e-07 -0)
(2.03077e-08 1.43638e-07 -0)
(3.04786e-06 3.83792e-05 -0)
(6.51823e-07 1.06599e-05 -0)
(1.86794e-07 2.02034e-06 -0)
(6.52922e-08 8.53664e-09 -0)
(1.51503e-07 6.25653e-09 -0)
(1.48692e-07 5.41518e-09 -0)
(1.53992e-07 1.14631e-09 -0)
(1.59504e-07 -3.76751e-09 -0)
(1.64966e-07 -8.06409e-09 -0)
(1.70307e-07 -1.12667e-08 -0)
(1.75462e-07 -1.32916e-08 -0)
(1.80381e-07 -1.42538e-08 -0)
(1.85058e-07 -1.43083e-08 -0)
(1.89529e-07 -1.35424e-08 -0)
(1.93826e-07 -1.1932e-08 -0)
(1.97931e-07 -9.34248e-09 -0)
(2.01734e-07 -5.56083e-09 -0)
(2.05019e-07 -3.46223e-10 -0)
(2.07473e-07 6.51592e-09 -0)
(2.08723e-07 1.51754e-08 -0)
(2.08377e-07 2.57351e-08 -0)
(2.06024e-07 3.82945e-08 -0)
(2.01196e-07 5.29778e-08 -0)
(1.93297e-07 6.99207e-08 -0)
(1.81521e-07 8.9198e-08 -0)
(1.64782e-07 1.10669e-07 -0)
(1.4172e-07 1.33696e-07 -0)
(1.1092e-07 1.56695e-07 -0)
(7.15938e-08 1.76613e-07 -0)
(2.48848e-08 1.88829e-07 -0)
(2.81189e-06 5.67739e-05 -0)
(4.73342e-07 1.01056e-05 -0)
(2.1559e-07 2.0979e-06 -0)
(7.24398e-08 1.02365e-08 -0)
(1.47538e-07 6.16104e-09 -0)
(1.45516e-07 1.6391e-09 -0)
(1.49295e-07 -4.15554e-09 -0)
(1.54924e-07 -9.60646e-09 -0)
(1.61277e-07 -1.40403e-08 -0)
(1.67785e-07 -1.71403e-08 -0)
(1.74087e-07 -1.88775e-08 -0)
(1.79993e-07 -1.94952e-08 -0)
(1.85517e-07 -1.92705e-08 -0)
(1.90805e-07 -1.83406e-08 -0)
(1.96023e-07 -1.66509e-08 -0)
(2.01267e-07 -1.39742e-08 -0)
(2.06491e-07 -9.9592e-09 -0)
(2.11473e-07 -4.21833e-09 -0)
(2.15835e-07 3.56895e-09 -0)
(2.19131e-07 1.35733e-08 -0)
(2.2094e-07 2.5871e-08 -0)
(2.20883e-07 4.05654e-08 -0)
(2.18545e-07 5.78695e-08 -0)
(2.13346e-07 7.81229e-08 -0)
(2.04377e-07 1.01738e-07 -0)
(1.90192e-07 1.2905e-07 -0)
(1.68602e-07 1.59964e-07 -0)
(1.36643e-07 1.93182e-07 -0)
(9.1352e-08 2.2474e-07 -0)
(3.25235e-08 2.46236e-07 -0)
(8.79321e-07 5.32886e-05 -0)
(-6.95407e-07 1.22434e-05 -0)
(4.53137e-08 2.74375e-06 -0)
(7.38016e-08 3.72156e-08 -0)
(1.42382e-07 1.24442e-08 -0)
(1.38375e-07 -8.64394e-10 -0)
(1.42746e-07 -9.80134e-09 -0)
(1.49619e-07 -1.64628e-08 -0)
(1.57432e-07 -2.13504e-08 -0)
(1.65469e-07 -2.43763e-08 -0)
(1.73107e-07 -2.55822e-08 -0)
(1.79988e-07 -2.55785e-08 -0)
(1.86213e-07 -2.49378e-08 -0)
(1.92149e-07 -2.38983e-08 -0)
(1.98193e-07 -2.23572e-08 -0)
(2.04622e-07 -1.99426e-08 -0)
(2.11489e-07 -1.60846e-08 -0)
(2.18547e-07 -1.01368e-08 -0)
(2.25264e-07 -1.5947e-09 -0)
(2.31025e-07 9.67828e-09 -0)
(2.35369e-07 2.36106e-08 -0)
(2.38023e-07 4.02263e-08 -0)
(2.38754e-07 5.9812e-08 -0)
(2.37166e-07 8.29635e-08 -0)
(2.32448e-07 1.10581e-07 -0)
(2.23008e-07 1.43828e-07 -0)
(2.05852e-07 1.8393e-07 -0)
(1.75696e-07 2.31328e-07 -0)
(1.24649e-07 2.82928e-07 -0)
(4.63817e-08 3.25141e-07 -0)
(-2.23485e-08 7.45749e-05 -0)
(-1.58871e-06 8.87933e-06 -0)
(2.61855e-08 1.90395e-08 -0)
(7.74674e-08 4.22126e-08 -0)
(1.09035e-07 8.6767e-09 -0)
(1.23271e-07 -7.73981e-09 -0)
(1.33696e-07 -1.77227e-08 -0)
(1.43375e-07 -2.50931e-08 -0)
(1.53363e-07 -3.05218e-08 -0)
(1.63553e-07 -3.34319e-08 -0)
(1.72885e-07 -3.34965e-08 -0)
(1.80638e-07 -3.22982e-08 -0)
(1.87198e-07 -3.10036e-08 -0)
(1.93385e-07 -2.99558e-08 -0)
(1.99978e-07 -2.89376e-08 -0)
(2.07539e-07 -2.73539e-08 -0)
(2.16296e-07 -2.42983e-08 -0)
(2.25963e-07 -1.86494e-08 -0)
(2.35651e-07 -9.48904e-09 -0)
(2.44336e-07 3.12421e-09 -0)
(2.51488e-07 1.86672e-08 -0)
(2.57084e-07 3.69169e-08 -0)
(2.61282e-07 5.81889e-08 -0)
(2.64115e-07 8.33392e-08 -0)
(2.65242e-07 1.13795e-07 -0)
(2.6354e-07 1.51753e-07 -0)
(2.56101e-07 2.00598e-07 -0)
(2.35641e-07 2.65271e-07 -0)
(1.85166e-07 3.50505e-07 -0)
(7.47369e-08 4.4626e-07 -0)
(2.71585e-06 7.49418e-05 -0)
(8.56217e-07 9.85312e-06 -0)
(1.75562e-08 1.32227e-08 -0)
(6.5298e-08 8.43337e-11 -0)
(9.24288e-08 -1.17966e-08 -0)
(1.11976e-07 -2.10489e-08 -0)
(1.25393e-07 -2.82568e-08 -0)
(1.3682e-07 -3.5665e-08 -0)
(1.49093e-07 -4.22122e-08 -0)
(1.62495e-07 -4.53328e-08 -0)
(1.74241e-07 -4.26733e-08 -0)
(1.82481e-07 -3.91133e-08 -0)
(1.88555e-07 -3.68222e-08 -0)
(1.94215e-07 -3.59839e-08 -0)
(2.00795e-07 -3.60808e-08 -0)
(2.09262e-07 -3.62381e-08 -0)
(2.20194e-07 -3.51041e-08 -0)
(2.33356e-07 -3.06731e-08 -0)
(2.47038e-07 -2.08364e-08 -0)
(2.59182e-07 -6.3594e-09 -0)
(2.69162e-07 1.10171e-08 -0)
(2.77544e-07 3.05858e-08 -0)
(2.85176e-07 5.26878e-08 -0)
(2.92772e-07 7.84097e-08 -0)
(3.00862e-07 1.09508e-07 -0)
(3.09811e-07 1.4879e-07 -0)
(3.1937e-07 2.0144e-07 -0)
(3.25602e-07 2.78655e-07 -0)
(3.05638e-07 4.0756e-07 -0)
(1.42137e-07 6.63134e-07 -0)
(1.96353e-06 9.16942e-05 -0)
(1.92268e-06 9.81516e-06 -0)
(9.59727e-07 1.24248e-06 -0)
(4.24933e-08 -5.55709e-09 -0)
(8.79022e-08 -4.03598e-08 -0)
(1.0681e-07 -3.64211e-08 -0)
(1.1908e-07 -3.85907e-08 -0)
(1.29419e-07 -4.70983e-08 -0)
(1.43696e-07 -5.73286e-08 -0)
(1.63092e-07 -6.30134e-08 -0)
(1.79104e-07 -5.27499e-08 -0)
(1.86489e-07 -4.46607e-08 -0)
(1.90327e-07 -4.11861e-08 -0)
(1.94127e-07 -4.1078e-08 -0)
(1.99724e-07 -4.31629e-08 -0)
(2.08516e-07 -4.64136e-08 -0)
(2.21861e-07 -4.92073e-08 -0)
(2.4023e-07 -4.81029e-08 -0)
(2.59964e-07 -3.68242e-08 -0)
(2.7619e-07 -1.87424e-08 -0)
(2.88433e-07 1.17494e-09 -0)
(2.98755e-07 2.17213e-08 -0)
(3.09106e-07 4.35679e-08 -0)
(3.20936e-07 6.81028e-08 -0)
(3.35622e-07 9.70384e-08 -0)
(3.55472e-07 1.3246e-07 -0)
(3.85966e-07 1.77715e-07 -0)
(4.41761e-07 2.40351e-07 -0)
(5.69645e-07 3.37943e-07 -0)
(9.50325e-07 5.15569e-07 -0)
(3.42657e-06 7.11943e-05 -0)
(3.25835e-06 9.88372e-06 -0)
(2.50668e-06 2.73906e-06 -0)
(2.17464e-06 2.43466e-06 -0)
(4.45164e-08 -2.63877e-09 -0)
(1.13551e-07 -2.39539e-08 -0)
(1.14716e-07 -4.45704e-08 -0)
(1.18082e-07 -5.68088e-08 -0)
(1.33178e-07 -7.699e-08 -0)
(1.67073e-07 -9.66428e-08 -0)
(1.92594e-07 -6.06519e-08 -0)
(1.94045e-07 -4.55933e-08 -0)
(1.92138e-07 -4.21855e-08 -0)
(1.92238e-07 -4.39778e-08 -0)
(1.95459e-07 -4.90816e-08 -0)
(2.03217e-07 -5.7046e-08 -0)
(2.18505e-07 -6.72086e-08 -0)
(2.45739e-07 -7.5707e-08 -0)
(2.76399e-07 -5.96152e-08 -0)
(2.97181e-07 -3.29612e-08 -0)
(3.09625e-07 -9.29609e-09 -0)
(3.19937e-07 1.15571e-08 -0)
(3.31558e-07 3.17598e-08 -0)
(3.46243e-07 5.33952e-08 -0)
(3.65219e-07 7.80821e-08 -0)
(3.90488e-07 1.06296e-07 -0)
(4.27261e-07 1.36611e-07 -0)
(4.8583e-07 1.67089e-07 -0)
(5.80856e-07 1.88293e-07 -0)
(7.13909e-07 1.51483e-07 -0)
(1.85595e-05 8.42278e-05 -0)
(1.22598e-05 1.13368e-05 -0)
(3.49613e-06 1.54697e-06 -0)
(2.8967e-06 1.07369e-06 -0)
(1.76005e-06 9.25756e-07 -0)
(2.0661e-06 -2.78657e-08 -0)
(7.17298e-08 -1.70209e-08 -0)
(9.69993e-08 -3.06404e-08 -0)
(1.03861e-07 -4.44336e-08 -0)
(1.79429e-07 -6.98232e-08 -0)
(2.30154e-07 -4.76409e-08 -0)
(2.04955e-07 -3.48764e-08 -0)
(1.91943e-07 -3.80042e-08 -0)
(1.8723e-07 -4.35942e-08 -0)
(1.86656e-07 -5.21401e-08 -0)
(1.90389e-07 -6.54799e-08 -0)
(2.032e-07 -8.68744e-08 -0)
(2.47824e-07 -1.27901e-07 -0)
(3.0271e-07 -9.2968e-08 -0)
(3.26509e-07 -4.41912e-08 -0)
(3.32951e-07 -1.69552e-08 -0)
(3.39811e-07 2.04401e-09 -0)
(3.50944e-07 1.85187e-08 -0)
(3.67258e-07 3.5636e-08 -0)
(3.88523e-07 5.5599e-08 -0)
(4.14e-07 7.80313e-08 -0)
(4.46758e-07 9.53426e-08 -0)
(4.93443e-07 1.031e-07 -0)
(5.54039e-07 9.66583e-08 -0)
(6.10548e-07 5.35548e-08 -0)
(4.19532e-05 3.93611e-05 -0)
(6.14342e-05 2.19107e-05 -0)
(6.01302e-05 1.63863e-05 -0)
(5.68731e-05 8.72398e-06 -0)
(5.0739e-05 5.85163e-06 -0)
(4.24997e-05 4.37862e-06 -0)
(3.5568e-05 4.19163e-06 -0)
(2.51839e-05 2.07149e-06 -0)
(2.57682e-05 4.05354e-06 -0)
(3.92816e-06 6.04971e-07 -0)
(2.2703e-07 -3.86597e-09 -0)
(2.03598e-07 -1.26742e-08 -0)
(1.8303e-07 -1.73085e-08 -0)
(1.77635e-07 -2.135e-08 -0)
(1.73571e-07 -2.65464e-08 -0)
(1.68482e-07 -3.4583e-08 -0)
(1.56082e-07 -4.85756e-08 -0)
(2.39645e-07 -8.2937e-08 -0)
(3.60109e-07 -1.55943e-07 -0)
(3.73193e-07 -3.58186e-08 -0)
(3.55861e-07 -1.77783e-08 -0)
(3.55411e-07 -5.69442e-09 -0)
(3.6515e-07 4.46379e-09 -0)
(3.83323e-07 1.50313e-08 -0)
(4.07614e-07 2.8026e-08 -0)
(4.30231e-07 4.03536e-08 -0)
(4.52329e-07 4.40899e-08 -0)
(4.87146e-07 4.29828e-08 -0)
(5.31311e-07 4.02567e-08 -0)
(5.63696e-07 2.03799e-08 -0)
(2.1091e-05 -1.86426e-05 -0)
(3.29322e-05 -4.4709e-06 -0)
(5.74227e-05 4.47608e-06 -0)
(5.93332e-05 7.95866e-06 -0)
(6.90914e-05 1.16025e-05 -0)
(6.2525e-05 1.19223e-05 -0)
(6.76093e-05 1.35949e-05 -0)
(5.57514e-05 1.16091e-05 -0)
(5.91033e-05 1.65049e-05 -0)
(4.50938e-05 1.63575e-05 -0)
(4.23462e-05 5.26012e-06 -0)
(4.13905e-05 5.82632e-07 -0)
(4.20583e-05 -7.9123e-08 -0)
(4.12909e-05 -2.58442e-07 -0)
(4.28455e-05 -2.98218e-09 -0)
(4.0938e-05 6.32364e-07 -0)
(3.75274e-05 2.56028e-06 -0)
(3.2661e-05 7.99826e-06 -0)
(2.38884e-07 -1.44947e-09 -0)
(3.11663e-07 -7.32197e-09 -0)
(2.36337e-07 -5.26557e-09 -0)
(2.43027e-07 -3.19386e-09 -0)
(2.79719e-07 -1.40349e-09 -0)
(3.90801e-07 4.97166e-10 -0)
(7.68754e-07 3.04462e-09 -0)
(1.95635e-06 6.415e-09 -0)
(3.40307e-06 3.66673e-08 -0)
(2.4163e-06 5.94853e-08 -0)
(7.12195e-07 1.86238e-08 -0)
(3.96975e-07 4.52187e-09 -0)
(1.65254e-06 -1.64228e-05 -0)
(6.98466e-06 -1.10444e-05 -0)
(1.72867e-05 -6.99284e-06 -0)
(2.24994e-05 -9.77113e-07 -0)
(3.17691e-05 3.11171e-06 -0)
(3.65442e-05 6.16999e-06 -0)
(4.44022e-05 8.99092e-06 -0)
(4.70297e-05 1.07382e-05 -0)
(5.18186e-05 1.30911e-05 -0)
(5.81759e-05 1.38441e-05 -0)
(6.00702e-05 7.07149e-06 -0)
(5.98042e-05 1.75878e-06 -0)
(6.07845e-05 -2.85642e-07 -0)
(6.11566e-05 -7.43326e-07 -0)
(6.10647e-05 2.25426e-07 -0)
(6.20348e-05 3.03746e-06 -0)
(5.62692e-05 8.01876e-06 -0)
(6.05375e-05 1.81875e-05 -0)
(4.95755e-05 2.11861e-05 -0)
(5.06752e-05 1.54039e-06 -0)
(5.08523e-05 -3.70098e-07 -0)
(5.33748e-05 -1.26135e-06 -0)
(5.75789e-05 -1.86463e-06 -0)
(6.29528e-05 -2.53014e-06 -0)
(6.94064e-05 -3.60656e-06 -0)
(7.6709e-05 -4.51095e-06 -0)
(8.4952e-05 -3.53774e-06 -0)
(9.32743e-05 -1.64678e-06 -0)
(0.000102083 -1.12475e-06 -0)
(0.000106357 -7.1099e-07 -0)
(2.95814e-06 -2.83986e-05 -0)
(8.88198e-06 -2.02114e-05 -0)
(1.42562e-05 -1.22017e-05 -0)
(2.01665e-05 -6.19688e-06 -0)
(2.57523e-05 -1.63865e-06 -0)
(3.08989e-05 1.71225e-06 -0)
(3.59575e-05 4.30471e-06 -0)
(4.11448e-05 6.28982e-06 -0)
(4.58247e-05 7.25502e-06 -0)
(5.28011e-05 6.89678e-06 -0)
(5.73069e-05 4.18912e-06 -0)
(5.92608e-05 9.87695e-07 -0)
(6.08559e-05 -9.14938e-07 -0)
(6.19888e-05 -1.22116e-06 -0)
(6.28535e-05 2.28e-08 -0)
(6.42117e-05 3.34389e-06 -0)
(6.51391e-05 7.9703e-06 -0)
(7.04567e-05 1.36184e-05 -0)
(7.89817e-05 1.37123e-05 -0)
(8.14807e-05 3.18046e-06 -0)
(8.57295e-05 -2.76302e-06 -0)
(9.15645e-05 -6.20597e-06 -0)
(9.87794e-05 -8.50115e-06 -0)
(0.000107292 -1.04691e-05 -0)
(0.000116732 -1.24375e-05 -0)
(0.000126995 -1.43265e-05 -0)
(0.000139442 -1.55346e-05 -0)
(0.00015378 -1.57016e-05 -0)
(0.000171153 -1.32267e-05 -0)
(0.000181753 -5.73137e-06 -0)
(3.59796e-06 -3.13418e-05 -0)
(1.043e-05 -2.48424e-05 -0)
(1.77422e-05 -1.85395e-05 -0)
(2.49013e-05 -1.22658e-05 -0)
(3.12814e-05 -6.91964e-06 -0)
(3.6926e-05 -2.83131e-06 -0)
(4.17739e-05 1.51802e-07 -0)
(4.6526e-05 2.01933e-06 -0)
(5.10676e-05 2.59978e-06 -0)
(5.59211e-05 2.05975e-06 -0)
(6.01873e-05 6.62935e-07 -0)
(6.35237e-05 -1.18908e-06 -0)
(6.62715e-05 -2.55835e-06 -0)
(6.89577e-05 -2.75656e-06 -0)
(7.16906e-05 -1.57882e-06 -0)
(7.52199e-05 9.82455e-07 -0)
(8.01754e-05 3.88523e-06 -0)
(8.73462e-05 5.73524e-06 -0)
(9.81424e-05 4.03011e-06 -0)
(0.000106934 -2.12636e-06 -0)
(0.000114804 -8.58794e-06 -0)
(0.00012332 -1.34781e-05 -0)
(0.000131477 -1.69222e-05 -0)
(0.000140952 -1.98253e-05 -0)
(0.000149532 -2.24433e-05 -0)
(0.000160304 -2.57769e-05 -0)
(0.000170445 -2.927e-05 -0)
(0.000185045 -3.29983e-05 -0)
(0.000200921 -3.15868e-05 -0)
(0.000220016 -1.74153e-05 -0)
(6.27385e-06 -4.34684e-05 -0)
(1.73035e-05 -3.40124e-05 -0)
(2.71046e-05 -2.61724e-05 -0)
(3.54472e-05 -1.91864e-05 -0)
(4.24722e-05 -1.31088e-05 -0)
(4.85282e-05 -8.29123e-06 -0)
(5.39367e-05 -4.84973e-06 -0)
(5.90724e-05 -2.8057e-06 -0)
(6.4018e-05 -2.10323e-06 -0)
(6.87483e-05 -2.44063e-06 -0)
(7.32516e-05 -3.44977e-06 -0)
(7.74158e-05 -4.80047e-06 -0)
(8.13054e-05 -5.9333e-06 -0)
(8.53878e-05 -6.31017e-06 -0)
(9.00021e-05 -5.76667e-06 -0)
(9.59291e-05 -4.61285e-06 -0)
(0.000103722 -3.76693e-06 -0)
(0.000113472 -4.37545e-06 -0)
(0.000124711 -7.17387e-06 -0)
(0.000135171 -1.20091e-05 -0)
(0.000143348 -1.74087e-05 -0)
(0.000150706 -2.19656e-05 -0)
(0.000156238 -2.53291e-05 -0)
(0.000162655 -2.82167e-05 -0)
(0.000166703 -3.07894e-05 -0)
(0.000173666 -3.43763e-05 -0)
(0.000175917 -3.82029e-05 -0)
(0.000184752 -4.49232e-05 -0)
(0.000189227 -4.87753e-05 -0)
(0.000210781 -4.1466e-05 -0)
(1.22257e-05 -5.56521e-05 -0)
(3.35839e-05 -4.38748e-05 -0)
(4.5939e-05 -3.53509e-05 -0)
(5.3402e-05 -2.70256e-05 -0)
(5.85649e-05 -1.96721e-05 -0)
(6.29694e-05 -1.40263e-05 -0)
(6.70163e-05 -1.01202e-05 -0)
(7.10615e-05 -7.84605e-06 -0)
(7.49839e-05 -6.92362e-06 -0)
(7.87743e-05 -7.04328e-06 -0)
(8.24143e-05 -7.83851e-06 -0)
(8.59098e-05 -8.98121e-06 -0)
(8.94522e-05 -1.01207e-05 -0)
(9.32971e-05 -1.09731e-05 -0)
(9.81275e-05 -1.15357e-05 -0)
(0.000104193 -1.20726e-05 -0)
(0.000112021 -1.30891e-05 -0)
(0.000120751 -1.49075e-05 -0)
(0.000129911 -1.7539e-05 -0)
(0.000137434 -2.05333e-05 -0)
(0.000143259 -2.36627e-05 -0)
(0.000146737 -2.63225e-05 -0)
(0.00014952 -2.86982e-05 -0)
(0.000151124 -3.06753e-05 -0)
(0.000152303 -3.29829e-05 -0)
(0.000153557 -3.53716e-05 -0)
(0.000150914 -3.82028e-05 -0)
(0.000154054 -4.40652e-05 -0)
(0.000144515 -5.15421e-05 -0)
(0.000199587 -8.09616e-05 -0)
(8.91423e-05 -8.08612e-05 -0)
(8.08066e-05 -6.38406e-05 -0)
(7.44658e-05 -4.53368e-05 -0)
(7.03453e-05 -3.18522e-05 -0)
(6.81319e-05 -2.27322e-05 -0)
(6.77749e-05 -1.67593e-05 -0)
(6.83734e-05 -1.29007e-05 -0)
(6.99116e-05 -1.07334e-05 -0)
(7.16215e-05 -9.77357e-06 -0)
(7.37623e-05 -9.82089e-06 -0)
(7.58601e-05 -1.05082e-05 -0)
(7.84007e-05 -1.16907e-05 -0)
(8.12465e-05 -1.309e-05 -0)
(8.49566e-05 -1.46679e-05 -0)
(8.97523e-05 -1.63636e-05 -0)
(9.57841e-05 -1.82633e-05 -0)
(0.000103059 -2.03789e-05 -0)
(0.000110683 -2.25146e-05 -0)
(0.000118237 -2.4409e-05 -0)
(0.000124027 -2.57449e-05 -0)
(0.000128491 -2.69407e-05 -0)
(0.000130166 -2.80163e-05 -0)
(0.000131885 -2.94767e-05 -0)
(0.000130336 -3.05786e-05 -0)
(0.000131554 -3.25822e-05 -0)
(0.000125179 -3.30896e-05 -0)
(0.000126319 -3.67227e-05 -0)
(0.000112974 -3.93924e-05 -0)
(0.000113921 -6.60294e-05 -0)
(6.2284e-05 -0.000154688 -0)
(7.98783e-05 -5.05215e-05 -0)
(6.43444e-05 -3.82431e-05 -0)
(5.66123e-05 -2.91304e-05 -0)
(5.41717e-05 -2.26908e-05 -0)
(5.42468e-05 -1.80309e-05 -0)
(5.57652e-05 -1.47602e-05 -0)
(5.75805e-05 -1.24848e-05 -0)
(6.00713e-05 -1.1256e-05 -0)
(6.22846e-05 -1.08155e-05 -0)
(6.52461e-05 -1.12943e-05 -0)
(6.78482e-05 -1.23573e-05 -0)
(7.1552e-05 -1.41802e-05 -0)
(7.51606e-05 -1.63459e-05 -0)
(8.01743e-05 -1.90979e-05 -0)
(8.55529e-05 -2.1992e-05 -0)
(9.2128e-05 -2.51274e-05 -0)
(9.90105e-05 -2.79688e-05 -0)
(0.000105986 -3.01935e-05 -0)
(0.000112005 -3.11529e-05 -0)
(0.000116008 -3.07063e-05 -0)
(0.000117624 -2.95432e-05 -0)
(0.000116751 -2.86631e-05 -0)
(0.000113384 -2.84481e-05 -0)
(0.000109928 -2.9035e-05 -0)
(0.000105291 -2.86703e-05 -0)
(9.70934e-05 -2.79671e-05 -0)
(8.85109e-05 -2.99303e-05 -0)
(7.66475e-05 -3.11911e-05 -0)
(5.76165e-05 -2.9853e-05 -0)
(1.00395e-05 -1.58862e-05 -0)
(8.54173e-05 -4.02069e-05 -0)
(7.9178e-05 -3.76173e-05 -0)
(7.58568e-05 -3.32305e-05 -0)
(7.42025e-05 -2.80465e-05 -0)
(7.3372e-05 -2.32136e-05 -0)
(7.32515e-05 -1.93748e-05 -0)
(7.30969e-05 -1.65997e-05 -0)
(7.36702e-05 -1.50519e-05 -0)
(7.3695e-05 -1.44511e-05 -0)
(7.48369e-05 -1.50249e-05 -0)
(7.50072e-05 -1.62472e-05 -0)
(7.69863e-05 -1.85803e-05 -0)
(7.78182e-05 -2.11096e-05 -0)
(8.11613e-05 -2.46678e-05 -0)
(8.36497e-05 -2.78942e-05 -0)
(8.83972e-05 -3.15838e-05 -0)
(9.2532e-05 -3.41833e-05 -0)
(9.71348e-05 -3.56952e-05 -0)
(9.94547e-05 -3.47118e-05 -0)
(9.90325e-05 -3.17056e-05 -0)
(9.74142e-05 -2.77057e-05 -0)
(9.1802e-05 -2.3584e-05 -0)
(8.45363e-05 -2.23345e-05 -0)
(7.81436e-05 -2.33183e-05 -0)
(7.18515e-05 -2.12731e-05 -0)
(6.09382e-05 -1.65126e-05 -0)
(5.23485e-05 -1.93402e-05 -0)
(3.82518e-05 -1.90513e-05 -0)
(2.42968e-05 -6.20189e-06 -0)
(1.09046e-05 -1.27578e-05 -0)
(8.74524e-05 -3.17547e-05 -0)
(8.01186e-05 -2.96707e-05 -0)
(7.39207e-05 -2.61925e-05 -0)
(6.89881e-05 -2.21627e-05 -0)
(6.57153e-05 -1.85758e-05 -0)
(6.3388e-05 -1.56707e-05 -0)
(6.20505e-05 -1.37268e-05 -0)
(6.12183e-05 -1.26393e-05 -0)
(6.07402e-05 -1.248e-05 -0)
(6.09882e-05 -1.32575e-05 -0)
(6.10208e-05 -1.48407e-05 -0)
(6.28799e-05 -1.75994e-05 -0)
(6.37077e-05 -2.07246e-05 -0)
(6.80478e-05 -2.54231e-05 -0)
(7.0127e-05 -2.93003e-05 -0)
(7.60426e-05 -3.43391e-05 -0)
(7.89471e-05 -3.67161e-05 -0)
(8.25515e-05 -3.7427e-05 -0)
(7.97339e-05 -3.33988e-05 -0)
(7.63748e-05 -2.90907e-05 -0)
(7.18955e-05 -2.30582e-05 -0)
(6.43785e-05 -1.51224e-05 -0)
(5.56032e-05 -1.34621e-05 -0)
(4.90148e-05 -1.67808e-05 -0)
(3.83466e-05 -1.65279e-05 -0)
(3.21588e-05 -4.47944e-06 -0)
(2.50323e-05 -6.14676e-06 -0)
(3.8013e-07 -1.53398e-07 -0)
(3.89574e-07 -2.26731e-07 -0)
(9.8066e-08 -2.51184e-07 -0)
(8.81518e-05 -2.48329e-05 -0)
(8.21846e-05 -2.3689e-05 -0)
(7.73596e-05 -2.1904e-05 -0)
(7.34708e-05 -1.96212e-05 -0)
(7.10399e-05 -1.73996e-05 -0)
(6.89747e-05 -1.53662e-05 -0)
(6.80822e-05 -1.40557e-05 -0)
(6.68932e-05 -1.3312e-05 -0)
(6.67209e-05 -1.36518e-05 -0)
(6.60334e-05 -1.47672e-05 -0)
(6.61797e-05 -1.72058e-05 -0)
(6.64384e-05 -2.0587e-05 -0)
(6.65572e-05 -2.49033e-05 -0)
(6.89034e-05 -3.03941e-05 -0)
(6.81731e-05 -3.44258e-05 -0)
(7.24622e-05 -3.98886e-05 -0)
(7.07117e-05 -3.97064e-05 -0)
(6.93631e-05 -3.68685e-05 -0)
(5.85433e-05 -2.79764e-05 -0)
(5.40743e-05 -2.38171e-05 -0)
(4.27468e-05 -1.86149e-05 -0)
(3.65801e-05 -6.45528e-06 -0)
(3.11512e-05 -3.75805e-06 -0)
(2.25649e-05 -5.198e-06 -0)
(3.79742e-07 -8.81712e-08 -0)
(4.40841e-07 -1.13483e-07 -0)
(2.36741e-07 -1.28817e-07 -0)
(2.18906e-07 -1.6853e-07 -0)
(2.05189e-07 -3.7123e-07 -0)
(7.05096e-08 -4.20003e-07 -0)
(8.86839e-05 -1.91841e-05 -0)
(8.36228e-05 -1.85458e-05 -0)
(7.91733e-05 -1.74877e-05 -0)
(7.50712e-05 -1.60269e-05 -0)
(7.20118e-05 -1.45098e-05 -0)
(6.89614e-05 -1.30298e-05 -0)
(6.71876e-05 -1.20857e-05 -0)
(6.45996e-05 -1.15133e-05 -0)
(6.36739e-05 -1.19688e-05 -0)
(6.08933e-05 -1.29161e-05 -0)
(6.05008e-05 -1.54799e-05 -0)
(5.745e-05 -1.83352e-05 -0)
(5.75352e-05 -2.32907e-05 -0)
(5.59442e-05 -2.78924e-05 -0)
(5.53781e-05 -3.28453e-05 -0)
(5.81238e-05 -3.80443e-05 -0)
(5.23833e-05 -3.4541e-05 -0)
(4.66392e-05 -2.82517e-05 -0)
(3.16075e-05 -1.78083e-05 -0)
(2.83698e-05 -1.27119e-05 -0)
(4.32085e-06 -1.03151e-06 -0)
(4.16861e-07 -7.18067e-08 -0)
(3.05532e-07 -5.91009e-08 -0)
(2.60747e-07 -4.0923e-08 -0)
(3.07557e-07 -3.02262e-08 -0)
(3.10991e-07 -1.79634e-07 -0)
(2.37662e-07 -2.12925e-07 -0)
(1.89739e-07 -2.03199e-07 -0)
(1.38102e-07 -2.67546e-07 -0)
(4.92932e-08 -3.00201e-07 -0)
(8.90021e-05 -1.43109e-05 -0)
(8.45253e-05 -1.39486e-05 -0)
(8.0341e-05 -1.33041e-05 -0)
(7.64502e-05 -1.24314e-05 -0)
(7.32007e-05 -1.14659e-05 -0)
(7.00892e-05 -1.05471e-05 -0)
(6.78696e-05 -9.93087e-06 -0)
(6.50901e-05 -9.66377e-06 -0)
(6.36422e-05 -1.01548e-05 -0)
(6.03753e-05 -1.12062e-05 -0)
(5.95291e-05 -1.37871e-05 -0)
(5.49909e-05 -1.68168e-05 -0)
(5.52496e-05 -2.28185e-05 -0)
(4.99034e-05 -2.72088e-05 -0)
(5.09234e-05 -3.48258e-05 -0)
(4.80479e-05 -3.6786e-05 -0)
(3.71201e-05 -2.82187e-05 -0)
(2.59926e-05 -1.84717e-05 -0)
(9.59003e-06 -2.74426e-06 -0)
(3.28193e-07 -3.94418e-08 -0)
(3.69029e-07 -1.10086e-09 -0)
(3.58507e-07 -7.12862e-08 -0)
(3.12371e-07 -9.08955e-08 -0)
(2.82208e-07 -7.36069e-08 -0)
(2.76664e-07 -7.2595e-08 -0)
(2.58142e-07 -1.22414e-07 -0)
(2.13176e-07 -1.51853e-07 -0)
(1.64285e-07 -1.6746e-07 -0)
(1.08187e-07 -1.95553e-07 -0)
(3.78546e-08 -2.13053e-07 -0)
(8.91888e-05 -9.9299e-06 -0)
(8.51062e-05 -9.73007e-06 -0)
(8.10853e-05 -9.34479e-06 -0)
(7.74236e-05 -8.84814e-06 -0)
(7.39545e-05 -8.25415e-06 -0)
(7.09011e-05 -7.73221e-06 -0)
(6.8044e-05 -7.32879e-06 -0)
(6.53208e-05 -7.26269e-06 -0)
(6.27929e-05 -7.59945e-06 -0)
(5.96127e-05 -8.57916e-06 -0)
(5.69996e-05 -1.04954e-05 -0)
(5.19811e-05 -1.33644e-05 -0)
(4.94075e-05 -1.84759e-05 -0)
(4.10138e-05 -2.25351e-05 -0)
(4.10894e-05 -3.09232e-05 -0)
(3.01936e-05 -2.66006e-05 -0)
(1.77438e-05 -1.56976e-05 -0)
(2.19966e-07 -4.10593e-08 -0)
(3.44185e-07 3.31512e-09 -0)
(3.2922e-07 1.02064e-08 -0)
(3.36635e-07 -6.91723e-09 -0)
(3.27516e-07 -3.80019e-08 -0)
(3.03212e-07 -5.37123e-08 -0)
(2.79048e-07 -5.64622e-08 -0)
(2.5875e-07 -6.38984e-08 -0)
(2.31734e-07 -8.55741e-08 -0)
(1.92616e-07 -1.04613e-07 -0)
(1.46039e-07 -1.19234e-07 -0)
(9.25086e-08 -1.34153e-07 -0)
(3.1793e-08 -1.43405e-07 -0)
(8.9297e-05 -5.85031e-06 -0)
(8.54469e-05 -5.7501e-06 -0)
(8.15278e-05 -5.54571e-06 -0)
(7.80183e-05 -5.29191e-06 -0)
(7.44233e-05 -4.97268e-06 -0)
(7.14385e-05 -4.71256e-06 -0)
(6.8159e-05 -4.48785e-06 -0)
(6.55571e-05 -4.50404e-06 -0)
(6.22275e-05 -4.69008e-06 -0)
(5.93899e-05 -5.38977e-06 -0)
(5.52826e-05 -6.4986e-06 -0)
(5.08042e-05 -8.69229e-06 -0)
(4.49863e-05 -1.20425e-05 -0)
(3.60814e-05 -1.66399e-05 -0)
(3.10775e-05 -2.36876e-05 -0)
(1.46028e-05 -1.54325e-05 -0)
(1.78781e-07 -1.96593e-08 -0)
(3.25127e-07 3.80285e-08 -0)
(3.21415e-07 7.90594e-09 -0)
(3.21549e-07 3.13208e-09 -0)
(3.20821e-07 -6.57227e-09 -0)
(3.11712e-07 -2.01161e-08 -0)
(2.93911e-07 -2.94905e-08 -0)
(2.72022e-07 -3.46327e-08 -0)
(2.47552e-07 -4.09626e-08 -0)
(2.17427e-07 -5.13717e-08 -0)
(1.79516e-07 -6.17915e-08 -0)
(1.34745e-07 -7.07108e-08 -0)
(8.40164e-08 -7.84195e-08 -0)
(2.86025e-08 -8.30093e-08 -0)
(8.93519e-05 -1.93313e-06 -0)
(8.55981e-05 -1.90238e-06 -0)
(8.17428e-05 -1.83888e-06 -0)
(7.82885e-05 -1.76052e-06 -0)
(7.4662e-05 -1.66077e-06 -0)
(7.16868e-05 -1.58201e-06 -0)
(6.82323e-05 -1.51103e-06 -0)
(6.56671e-05 -1.52543e-06 -0)
(6.19408e-05 -1.58387e-06 -0)
(5.93254e-05 -1.83688e-06 -0)
(5.43353e-05 -2.18318e-06 -0)
(5.05343e-05 -3.0072e-06 -0)
(4.22475e-05 -4.10226e-06 -0)
(3.42418e-05 -6.80009e-06 -0)
(1.88754e-05 -9.31944e-06 -0)
(9.35868e-08 -2.69484e-08 -0)
(2.65622e-07 3.78375e-08 -0)
(2.91709e-07 1.31588e-08 -0)
(3.09289e-07 4.41926e-09 -0)
(3.14742e-07 1.03279e-09 -0)
(3.13387e-07 -2.38792e-09 -0)
(3.04598e-07 -6.40089e-09 -0)
(2.88695e-07 -9.5016e-09 -0)
(2.67576e-07 -1.16164e-08 -0)
(2.42011e-07 -1.39474e-08 -0)
(2.10905e-07 -1.71578e-08 -0)
(1.73277e-07 -2.04694e-08 -0)
(1.29411e-07 -2.3397e-08 -0)
(8.02101e-08 -2.5804e-08 -0)
(2.72032e-08 -2.72032e-08 -0)
)
;

boundaryField
{
    inlet1
    {
        type            extrapolatedCalculated;
        value           nonuniform List<vector> 10((1e-05 9.96997e-06 -0) (1e-05 3.4273e-05 -0) (1e-05 5.93344e-05 -0) (1e-05 8.38259e-05 -0) (1e-05 0.000104698 -0) (1e-05 0.000122864 -0) (1e-05 0.000148512 -0) (1e-05 0.000179061 -0) (1e-05 0.000195571 -0) (1e-05 0.000179406 -0));
    }
    inlet2
    {
        type            extrapolatedCalculated;
        value           nonuniform List<vector> 10((-0 9.16942e-05 -0) (-0 7.11943e-05 -0) (-0 8.42278e-05 -0) (-0 3.93611e-05 -0) (-0 -1.86426e-05 -0) (-0 -1.64228e-05 -0) (-0 -2.83986e-05 -0) (-0 -3.13418e-05 -0) (-0 -4.34684e-05 -0) (-0 -5.56521e-05 -0));
    }
    inlet3
    {
        type            extrapolatedCalculated;
        value           nonuniform List<vector> 10((9.13394e-05 -6.94211e-05 -0) (9.13394e-05 -5.35006e-05 -0) (9.13394e-05 -4.10183e-05 -0) (9.13394e-05 -3.20464e-05 -0) (9.13394e-05 -2.50238e-05 -0) (9.13394e-05 -1.92837e-05 -0) (9.13394e-05 -1.43632e-05 -0) (9.13394e-05 -9.95729e-06 -0) (9.13394e-05 -5.86335e-06 -0) (9.13394e-05 -1.93685e-06 -0));
    }
    output1
    {
        type            extrapolatedCalculated;
        value           nonuniform List<vector> 10((-0 1.40515e-08 -0) (-0 4.26557e-08 -0) (-0 7.28341e-08 -0) (-0 1.05895e-07 -0) (-0 1.43638e-07 -0) (-0 1.88829e-07 -0) (-0 2.46236e-07 -0) (-0 3.25141e-07 -0) (-0 4.4626e-07 -0) (-0 6.63134e-07 -0));
    }
    output2
    {
        type            extrapolatedCalculated;
        value           nonuniform List<vector> 10((1.24003e-06 5.15569e-07 -0) (7.88293e-07 1.51483e-07 -0) (6.34093e-07 5.35548e-08 -0) (5.74073e-07 2.03799e-08 -0) (3.98896e-07 4.52187e-09 -0) (0.00010743 -7.1099e-07 -0) (0.000184279 -5.73137e-06 -0) (0.000226197 -1.74153e-05 -0) (0.000229876 -4.1466e-05 -0) (0.000261975 -8.09616e-05 -0));
    }
    output3
    {
        type            extrapolatedCalculated;
        value           nonuniform List<vector> 10((-0 -0.000154688 -0) (-0 -1.58862e-05 -0) (-0 -1.27578e-05 -0) (-0 -2.51184e-07 -0) (-0 -4.20003e-07 -0) (-0 -3.00201e-07 -0) (-0 -2.13053e-07 -0) (-0 -1.43405e-07 -0) (-0 -8.30093e-08 -0) (-0 -2.72032e-08 -0));
    }
    up
    {
        type            extrapolatedCalculated;
        value           nonuniform List<vector> 
30
(
(8.93519e-05 -0 -0)
(8.55981e-05 -0 -0)
(8.17428e-05 -0 -0)
(7.82885e-05 -0 -0)
(7.4662e-05 -0 -0)
(7.16868e-05 -0 -0)
(6.82323e-05 -0 -0)
(6.56671e-05 -0 -0)
(6.19408e-05 -0 -0)
(5.93254e-05 -0 -0)
(5.43353e-05 -0 -0)
(5.05343e-05 -0 -0)
(4.22475e-05 -0 -0)
(3.42418e-05 -0 -0)
(1.88754e-05 -0 -0)
(9.35868e-08 -0 -0)
(2.65622e-07 -0 -0)
(2.91709e-07 -0 -0)
(3.09289e-07 -0 -0)
(3.14742e-07 -0 -0)
(3.13387e-07 -0 -0)
(3.04598e-07 -0 -0)
(2.88695e-07 -0 -0)
(2.67576e-07 -0 -0)
(2.42011e-07 -0 -0)
(2.10905e-07 -0 -0)
(1.73277e-07 -0 -0)
(1.29411e-07 -0 -0)
(8.02101e-08 -0 -0)
(2.72032e-08 -0 -0)
)
;
    }
    down
    {
        type            extrapolatedCalculated;
        value           nonuniform List<vector> 
30
(
(4.69845e-06 -0 -0)
(1.24194e-06 -0 -0)
(1.50358e-07 -0 -0)
(1.77882e-07 -0 -0)
(1.13754e-07 -0 -0)
(1.98187e-07 -0 -0)
(1.91677e-07 -0 -0)
(1.86324e-07 -0 -0)
(1.83393e-07 -0 -0)
(1.82371e-07 -0 -0)
(1.82604e-07 -0 -0)
(1.83582e-07 -0 -0)
(1.84924e-07 -0 -0)
(1.86333e-07 -0 -0)
(1.87548e-07 -0 -0)
(1.88329e-07 -0 -0)
(1.88432e-07 -0 -0)
(1.87599e-07 -0 -0)
(1.8556e-07 -0 -0)
(1.82023e-07 -0 -0)
(1.76687e-07 -0 -0)
(1.69246e-07 -0 -0)
(1.59404e-07 -0 -0)
(1.46892e-07 -0 -0)
(1.31501e-07 -0 -0)
(1.13126e-07 -0 -0)
(9.1816e-08 -0 -0)
(6.78258e-08 -0 -0)
(4.16558e-08 -0 -0)
(1.40523e-08 -0 -0)
)
;
    }
    emptyWalls
    {
        type            empty;
    }
}


// ************************************************************************* //
