/*--------------------------------*- C++ -*----------------------------------*\
  =========                 |
  \\      /  F ield         | OpenFOAM: The Open Source CFD Toolbox
   \\    /   O peration     | Website:  https://openfoam.org
    \\  /    A nd           | Version:  9
     \\/     M anipulation  |
\*---------------------------------------------------------------------------*/
FoamFile
{
    format      ascii;
    class       volScalarField;
    location    "29000";
    object      p;
}
// * * * * * * * * * * * * * * * * * * * * * * * * * * * * * * * * * * * * * //

dimensions      [0 0 0 0 0 0 0];

internalField   nonuniform List<scalar> 
900
(
1.07363e+07
1.07343e+07
1.07306e+07
1.07297e+07
1.07259e+07
1.03832e+07
1.00697e+07
9.76582e+06
9.46741e+06
9.17162e+06
8.87648e+06
8.58079e+06
8.28394e+06
7.98586e+06
7.68694e+06
7.38799e+06
7.09021e+06
6.79511e+06
6.50456e+06
6.22071e+06
5.94603e+06
5.68332e+06
5.4357e+06
5.2066e+06
4.99974e+06
4.81899e+06
4.66828e+06
4.5513e+06
4.4713e+06
4.43065e+06
1.07335e+07
1.07313e+07
1.07301e+07
1.07298e+07
1.07277e+07
1.03656e+07
1.006e+07
9.76035e+06
9.4648e+06
9.17095e+06
8.87704e+06
8.58195e+06
8.28518e+06
7.9867e+06
7.68697e+06
7.38683e+06
7.08752e+06
6.79057e+06
6.49786e+06
6.21153e+06
5.93406e+06
5.66823e+06
5.41717e+06
5.18437e+06
4.97362e+06
4.78896e+06
4.63453e+06
4.51434e+06
4.43193e+06
4.39e+06
1.07268e+07
1.07267e+07
1.07279e+07
1.07269e+07
1.0699e+07
1.03501e+07
1.00445e+07
9.75077e+06
9.46048e+06
9.17036e+06
8.87876e+06
8.5848e+06
8.28811e+06
7.98879e+06
7.68739e+06
7.38485e+06
7.08245e+06
6.7818e+06
6.48477e+06
6.1935e+06
5.91044e+06
5.63836e+06
5.38039e+06
5.14008e+06
4.9214e+06
4.72869e+06
4.56655e+06
4.4396e+06
4.3521e+06
4.30741e+06
1.07161e+07
1.07134e+07
1.07138e+07
1.07138e+07
1.05602e+07
1.02937e+07
1.00171e+07
9.73776e+06
9.456e+06
9.17124e+06
8.88284e+06
8.59037e+06
8.29366e+06
7.99297e+06
7.68896e+06
7.38271e+06
7.07563e+06
6.7694e+06
6.46591e+06
6.16727e+06
5.87585e+06
5.59437e+06
5.32595e+06
5.07417e+06
4.84322e+06
4.63785e+06
4.46336e+06
4.3254e+06
4.22945e+06
4.18013e+06
1.0703e+07
1.0701e+07
1.07004e+07
1.0699e+07
1.04832e+07
1.02476e+07
9.99259e+06
9.72713e+06
9.45451e+06
9.17575e+06
8.89101e+06
8.60017e+06
8.30321e+06
8.00046e+06
7.69276e+06
7.38139e+06
7.06796e+06
6.75426e+06
6.44219e+06
6.1338e+06
5.83132e+06
5.53734e+06
5.25484e+06
4.98744e+06
4.73945e+06
4.51613e+06
4.32366e+06
4.16917e+06
4.06018e+06
4.00353e+06
1.06885e+07
1.06879e+07
1.06864e+07
1.06854e+07
1.04453e+07
1.02207e+07
9.97851e+06
9.72368e+06
9.45915e+06
9.18624e+06
8.90526e+06
8.61608e+06
8.31854e+06
8.01291e+06
7.70023e+06
7.38214e+06
7.06057e+06
6.73749e+06
6.4148e+06
6.0944e+06
5.77831e+06
5.46881e+06
5.16865e+06
4.88127e+06
4.61103e+06
4.36354e+06
4.14599e+06
3.96744e+06
3.83857e+06
3.77028e+06
1.06731e+07
1.06719e+07
1.06703e+07
1.06693e+07
1.0432e+07
1.02116e+07
9.97703e+06
9.72992e+06
9.47218e+06
9.20479e+06
8.92773e+06
8.64036e+06
8.34195e+06
8.03242e+06
7.71311e+06
7.38636e+06
7.05469e+06
6.72032e+06
6.38511e+06
6.0507e+06
5.7187e+06
5.39093e+06
5.06969e+06
4.75797e+06
4.45986e+06
4.181e+06
3.92932e+06
3.71603e+06
3.55637e+06
3.46873e+06
1.06581e+07
1.06559e+07
1.06563e+07
1.06557e+07
1.04315e+07
1.02167e+07
9.98806e+06
9.7468e+06
9.49487e+06
9.23299e+06
8.9605e+06
8.6757e+06
8.37646e+06
8.0617e+06
7.73343e+06
7.39551e+06
7.0515e+06
6.70398e+06
6.35463e+06
6.00459e+06
5.65485e+06
5.30653e+06
4.96119e+06
4.62106e+06
4.28944e+06
3.97126e+06
3.67427e+06
3.411e+06
3.20214e+06
3.07955e+06
1.0645e+07
1.06434e+07
1.06415e+07
1.064e+07
1.04388e+07
1.02356e+07
1.00117e+07
9.77436e+06
9.52752e+06
9.27179e+06
9.00559e+06
8.72546e+06
8.4265e+06
8.10447e+06
7.76341e+06
7.41075e+06
7.05183e+06
6.68948e+06
6.32483e+06
5.95818e+06
5.58957e+06
5.21916e+06
4.84748e+06
4.47565e+06
4.10556e+06
3.74035e+06
3.38549e+06
3.05156e+06
2.76165e+06
2.56778e+06
1.06338e+07
1.06317e+07
1.06299e+07
1.06278e+07
1.04571e+07
1.02751e+07
1.00489e+07
9.81142e+06
9.56904e+06
9.32108e+06
9.06459e+06
8.79407e+06
8.49959e+06
8.16628e+06
7.80499e+06
7.43223e+06
7.05559e+06
6.67726e+06
6.29703e+06
5.91373e+06
5.52609e+06
5.13304e+06
4.73393e+06
4.3285e+06
3.9168e+06
3.4991e+06
3.07577e+06
2.64809e+06
2.22511e+06
1.86215e+06
1.0625e+07
1.06217e+07
1.06146e+07
1.05743e+07
1.05035e+07
1.03587e+07
1.00973e+07
9.85339e+06
9.61615e+06
9.37889e+06
9.13762e+06
8.88664e+06
8.61151e+06
8.25609e+06
7.85803e+06
7.4576e+06
7.06102e+06
6.66696e+06
6.27229e+06
5.87363e+06
5.468e+06
5.05298e+06
4.62671e+06
4.18761e+06
3.73405e+06
3.26349e+06
2.77039e+06
2.23993e+06
1.62854e+06
793551
1.06186e+07
1.06133e+07
1.05971e+07
1.05627e+07
1.04922e+07
1.03763e+07
1.01283e+07
9.88868e+06
9.6633e+06
9.4407e+06
9.22036e+06
9.00336e+06
8.80372e+06
8.38851e+06
7.91346e+06
7.47913e+06
7.06393e+06
6.65727e+06
6.25154e+06
5.84051e+06
5.4193e+06
4.98418e+06
4.53231e+06
4.06117e+06
3.5683e+06
3.0504e+06
2.50237e+06
1.91272e+06
1.25556e+06
477069
1.06156e+07
1.0609e+07
1.05802e+07
1.05309e+07
1.04472e+07
1.0319e+07
1.01154e+07
9.88879e+06
9.66355e+06
9.44103e+06
9.22085e+06
9.00401e+06
8.80702e+06
8.61037e+06
7.92897e+06
7.48167e+06
7.05789e+06
6.64583e+06
6.23479e+06
5.81559e+06
5.38132e+06
4.92711e+06
4.44943e+06
3.94514e+06
3.41189e+06
2.84798e+06
2.25454e+06
1.6341e+06
992665
334236
1.06171e+07
1.06074e+07
1.05694e+07
1.05022e+07
1.04041e+07
1.02669e+07
1.00883e+07
9.87893e+06
9.65765e+06
9.4309e+06
9.20317e+06
8.96771e+06
8.71538e+06
8.38906e+06
7.92738e+06
7.4814e+06
7.05766e+06
6.64567e+06
6.23468e+06
5.81546e+06
5.38111e+06
4.92676e+06
4.44888e+06
3.94434e+06
3.41084e+06
2.84663e+06
2.25291e+06
1.63227e+06
990985
333299
1.06362e+07
1.06226e+07
1.05764e+07
1.04937e+07
1.03807e+07
1.02376e+07
1.00656e+07
9.86532e+06
9.6455e+06
9.41246e+06
9.16961e+06
8.90874e+06
8.61803e+06
8.27881e+06
7.88666e+06
7.47379e+06
7.06318e+06
6.65654e+06
6.24796e+06
5.83053e+06
5.39843e+06
4.94711e+06
4.47298e+06
3.97246e+06
3.44248e+06
2.87986e+06
2.28446e+06
1.65792e+06
1.00772e+06
339357
1.07039e+07
1.06758e+07
1.06165e+07
1.05201e+07
1.03919e+07
1.02369e+07
1.0058e+07
9.8549e+06
9.63062e+06
9.38848e+06
9.12958e+06
8.84984e+06
8.54364e+06
8.20989e+06
7.84824e+06
7.46511e+06
7.07233e+06
6.67476e+06
6.27109e+06
5.85762e+06
5.43014e+06
4.98484e+06
4.51799e+06
4.02581e+06
3.50387e+06
2.94711e+06
2.35159e+06
1.71577e+06
1.04678e+06
353360
1.08103e+07
1.07736e+07
1.06963e+07
1.05813e+07
1.04348e+07
1.02627e+07
1.0069e+07
9.85481e+06
9.62103e+06
9.36878e+06
9.09833e+06
8.80894e+06
8.49965e+06
8.17195e+06
7.82609e+06
7.46285e+06
7.08617e+06
6.69947e+06
6.30362e+06
5.8973e+06
5.47779e+06
5.04206e+06
4.58629e+06
4.10697e+06
3.59837e+06
3.05447e+06
2.46523e+06
1.82234e+06
1.12383e+06
381971
1.09735e+07
1.09203e+07
1.08176e+07
1.06758e+07
1.05046e+07
1.03108e+07
1.00985e+07
9.86911e+06
9.62333e+06
9.36141e+06
9.0835e+06
8.78988e+06
8.48118e+06
8.15827e+06
7.82151e+06
7.47075e+06
7.10708e+06
6.732e+06
6.34678e+06
5.95074e+06
5.54243e+06
5.11894e+06
4.67717e+06
4.21339e+06
3.72235e+06
3.19813e+06
2.62722e+06
1.99237e+06
1.2654e+06
442428
1.12007e+07
1.11188e+07
1.09755e+07
1.07961e+07
1.0594e+07
1.03752e+07
1.01423e+07
9.89658e+06
9.63814e+06
9.36698e+06
9.08323e+06
8.78722e+06
8.4795e+06
8.16038e+06
7.83011e+06
7.48845e+06
7.13581e+06
6.7725e+06
6.3994e+06
6.01563e+06
5.62057e+06
5.21111e+06
4.78542e+06
4.33877e+06
3.8683e+06
3.36752e+06
2.82793e+06
2.22967e+06
1.51502e+06
592106
1.15204e+07
1.13619e+07
1.11544e+07
1.09295e+07
1.06939e+07
1.04492e+07
1.01958e+07
9.93387e+06
9.66307e+06
9.38317e+06
9.09408e+06
8.79586e+06
8.4887e+06
8.17265e+06
7.84777e+06
7.51398e+06
7.17132e+06
6.81973e+06
6.45924e+06
6.08916e+06
5.70861e+06
5.31522e+06
4.90741e+06
4.48057e+06
4.03342e+06
3.55761e+06
3.05381e+06
2.5103e+06
1.90216e+06
1.02064e+06
1.19236e+07
1.16076e+07
1.13316e+07
1.10641e+07
1.07971e+07
1.05278e+07
1.02551e+07
9.97784e+06
9.69542e+06
9.40726e+06
9.11299e+06
8.81241e+06
8.50543e+06
8.19202e+06
7.87214e+06
7.54577e+06
7.21272e+06
6.87281e+06
6.52549e+06
6.17028e+06
5.80578e+06
5.43085e+06
5.04293e+06
4.63994e+06
4.21849e+06
3.77305e+06
3.30144e+06
2.78834e+06
2.28624e+06
1.88734e+06
1.22397e+07
1.18422e+07
1.15043e+07
1.11964e+07
1.09005e+07
1.06089e+07
1.03184e+07
1.00271e+07
9.7338e+06
9.43773e+06
9.13837e+06
8.8353e+06
8.52836e+06
8.2174e+06
7.90246e+06
7.58337e+06
7.26004e+06
6.93197e+06
6.5987e+06
6.25928e+06
5.91267e+06
5.55754e+06
5.19181e+06
4.81429e+06
4.42051e+06
4.01144e+06
3.58079e+06
3.14525e+06
2.71285e+06
2.3156e+06
1.24793e+07
1.20557e+07
1.16779e+07
1.13331e+07
1.1008e+07
1.06939e+07
1.03856e+07
1.00804e+07
9.77653e+06
9.47275e+06
9.16834e+06
8.86275e+06
8.55574e+06
8.24712e+06
7.9369e+06
7.62491e+06
7.31112e+06
6.99498e+06
6.67609e+06
6.35324e+06
6.02572e+06
5.69145e+06
5.34992e+06
4.99811e+06
4.63644e+06
4.26185e+06
3.87819e+06
3.49379e+06
3.14261e+06
2.93468e+06
1.26661e+07
1.22308e+07
1.18294e+07
1.14578e+07
1.11084e+07
1.07743e+07
1.04502e+07
1.01325e+07
9.81901e+06
9.50825e+06
9.19926e+06
8.89138e+06
8.5843e+06
8.27782e+06
7.97198e+06
7.66674e+06
7.36216e+06
7.05802e+06
6.75392e+06
6.44904e+06
6.14206e+06
5.8314e+06
5.51515e+06
5.19163e+06
4.86001e+06
4.51958e+06
4.16982e+06
3.82344e+06
3.50792e+06
3.27448e+06
1.2812e+07
1.23705e+07
1.19561e+07
1.15672e+07
1.12001e+07
1.08498e+07
1.05119e+07
1.01832e+07
9.86108e+06
9.54397e+06
9.23079e+06
8.92075e+06
8.61358e+06
8.309e+06
8.00726e+06
7.70841e+06
7.41297e+06
7.12088e+06
6.83231e+06
6.54632e+06
6.2617e+06
5.97601e+06
5.68662e+06
5.39019e+06
5.0858e+06
4.76917e+06
4.44421e+06
4.12019e+06
3.79427e+06
3.55441e+06
1.29252e+07
1.24799e+07
1.20579e+07
1.16581e+07
1.12785e+07
1.09158e+07
1.05669e+07
1.02289e+07
9.89945e+06
9.57687e+06
9.26005e+06
8.94811e+06
8.64079e+06
8.33785e+06
8.03971e+06
7.74657e+06
7.4594e+06
7.17852e+06
6.90477e+06
6.63761e+06
6.37608e+06
6.11758e+06
5.8573e+06
5.59071e+06
5.30889e+06
5.00363e+06
4.69494e+06
4.40055e+06
4.1103e+06
3.58118e+06
1.30109e+07
1.25634e+07
1.21366e+07
1.17298e+07
1.13418e+07
1.09703e+07
1.06131e+07
1.02678e+07
9.93248e+06
9.60543e+06
9.28559e+06
8.97206e+06
8.66463e+06
8.36303e+06
8.06792e+06
7.77958e+06
7.49957e+06
7.22848e+06
6.96844e+06
6.71941e+06
6.48221e+06
6.25341e+06
6.02768e+06
5.79596e+06
5.538e+06
5.22545e+06
4.8958e+06
4.6598e+06
4.36257e+06
4.13827e+06
1.30727e+07
1.26237e+07
1.21939e+07
1.17828e+07
1.13893e+07
1.10119e+07
1.06488e+07
1.02983e+07
9.95857e+06
9.62814e+06
9.30599e+06
8.99124e+06
8.6837e+06
8.38316e+06
8.09036e+06
7.8058e+06
7.53131e+06
7.26802e+06
7.01905e+06
6.78547e+06
6.57037e+06
6.37093e+06
6.18361e+06
5.9939e+06
5.7745e+06
5.50602e+06
4.91e+06
4.78922e+06
4.60039e+06
4.47106e+06
1.31128e+07
1.2663e+07
1.22314e+07
1.18176e+07
1.14209e+07
1.10398e+07
1.06731e+07
1.03192e+07
9.97658e+06
9.64391e+06
9.32019e+06
9.00462e+06
8.69698e+06
8.39718e+06
8.10593e+06
7.82395e+06
7.55318e+06
7.29525e+06
7.05373e+06
6.83105e+06
6.63236e+06
6.4584e+06
6.31116e+06
6.17651e+06
6.02754e+06
5.69561e+06
5.2331e+06
4.96691e+06
4.77871e+06
4.67451e+06
1.31326e+07
1.26823e+07
1.22499e+07
1.18349e+07
1.14366e+07
1.10539e+07
1.06854e+07
1.03298e+07
9.98577e+06
9.65198e+06
9.32746e+06
9.0115e+06
8.70379e+06
8.40439e+06
8.11387e+06
7.83326e+06
7.56428e+06
7.30916e+06
7.07119e+06
6.85408e+06
6.66344e+06
6.50417e+06
6.38505e+06
6.3041e+06
6.28766e+06
5.77996e+06
5.35989e+06
5.06661e+06
4.87303e+06
4.77377e+06
)
;

boundaryField
{
    inlet1
    {
        type            fixedGradient;
        gradient        uniform 20000;
    }
    inlet2
    {
        type            zeroGradient;
    }
    inlet3
    {
        type            fixedGradient;
        gradient        uniform 4.68141e+06;
    }
    output1
    {
        type            zeroGradient;
    }
    output2
    {
        type            fixedValue;
        value           uniform 0;
    }
    output3
    {
        type            zeroGradient;
    }
    up
    {
        type            zeroGradient;
    }
    down
    {
        type            zeroGradient;
    }
    emptyWalls
    {
        type            empty;
    }
}


// ************************************************************************* //
