/*--------------------------------*- C++ -*----------------------------------*\
  =========                 |
  \\      /  F ield         | OpenFOAM: The Open Source CFD Toolbox
   \\    /   O peration     | Website:  https://openfoam.org
    \\  /    A nd           | Version:  9
     \\/     M anipulation  |
\*---------------------------------------------------------------------------*/
FoamFile
{
    format      ascii;
    class       surfaceScalarField;
    location    "29000";
    object      phi;
}
// * * * * * * * * * * * * * * * * * * * * * * * * * * * * * * * * * * * * * //

dimensions      [0 3 -1 0 0 0 0];

internalField   nonuniform List<scalar> 
1740
(
3.20544e-08
6.44702e-08
3.65682e-09
3.13662e-08
3.32571e-09
1.18502e-08
1.15158e-09
9.23137e-10
9.95415e-10
1.67052e-11
1.29438e-09
5.16529e-11
1.23956e-09
3.5417e-11
1.21598e-09
2.08389e-11
1.20445e-09
9.69338e-12
1.20101e-09
1.9503e-12
1.20265e-09
-2.87839e-12
1.20683e-09
-5.24699e-12
1.21136e-09
-5.48438e-12
1.21435e-09
-3.83031e-12
1.21408e-09
-4.83455e-13
1.20901e-09
4.38098e-12
1.19774e-09
1.06221e-11
1.17896e-09
1.81492e-11
1.1514e-09
2.69281e-11
1.11379e-09
3.6974e-11
1.0648e-09
4.83304e-11
1.00314e-09
6.10288e-11
9.27557e-10
7.50377e-11
8.37e-10
9.01977e-11
7.30796e-10
1.06156e-10
6.08914e-10
1.22296e-10
4.72241e-10
1.37684e-10
3.22817e-10
1.51096e-10
1.63937e-10
1.61145e-10
1.66561e-10
3.21294e-08
1.37378e-07
2.02321e-08
3.99965e-08
7.56146e-09
1.64676e-08
1.0421e-09
1.45656e-09
9.28538e-10
1.86208e-10
1.29368e-09
1.06705e-10
1.21999e-09
6.91755e-11
1.20393e-09
3.82456e-11
1.19635e-09
1.59859e-11
1.19595e-09
9.88585e-13
1.20011e-09
-8.21527e-12
1.20646e-09
-1.26231e-11
1.21292e-09
-1.28574e-11
1.21761e-09
-9.35124e-12
1.21887e-09
-2.48258e-12
1.2152e-09
7.3899e-12
1.20525e-09
1.99651e-11
1.18775e-09
3.50517e-11
1.16147e-09
5.25907e-11
1.12515e-09
7.26393e-11
1.07747e-09
9.53226e-11
1.01706e-09
1.20751e-10
9.42532e-10
1.48924e-10
8.52644e-10
1.79597e-10
7.46473e-10
2.12134e-10
6.23708e-10
2.45344e-10
4.84993e-10
2.77345e-10
3.32272e-10
3.05556e-10
1.68993e-10
3.26925e-10
3.38537e-10
1.09461e-08
2.21339e-07
-5.83348e-10
3.95804e-08
8.98767e-10
1.44396e-08
1.3181e-09
5.6924e-10
1.04246e-09
3.87042e-10
1.27424e-09
1.77163e-10
1.20258e-09
9.63351e-11
1.18341e-09
4.6983e-11
1.18108e-09
1.50168e-11
1.18631e-09
-5.76542e-12
1.19539e-09
-1.83464e-11
1.206e-09
-2.41727e-11
1.21623e-09
-2.39708e-11
1.2243e-09
-1.82322e-11
1.2286e-09
-7.48225e-12
1.22768e-09
7.69772e-12
1.2203e-09
2.67976e-11
1.20531e-09
4.95031e-11
1.18157e-09
7.57452e-11
1.14788e-09
1.05672e-10
1.10289e-09
1.39568e-10
1.04509e-09
1.77728e-10
9.72869e-10
2.20309e-10
8.84573e-10
2.67131e-10
7.78744e-10
3.17439e-10
6.54449e-10
3.69598e-10
5.1175e-10
4.20798e-10
3.52287e-10
4.66861e-10
1.79761e-10
5.02461e-10
5.22122e-10
2.77188e-08
2.91669e-07
2.60207e-09
8.37945e-08
1.32324e-10
1.73901e-08
6.88711e-10
7.11575e-11
9.78641e-10
3.36047e-10
1.11692e-09
1.78334e-10
1.13532e-09
9.20206e-11
1.14605e-09
3.83362e-11
1.15826e-09
2.86516e-12
1.17283e-09
-2.07218e-11
1.18912e-09
-3.52321e-11
1.20592e-09
-4.1753e-11
1.2217e-09
-4.0624e-11
1.23477e-09
-3.21281e-11
1.24354e-09
-1.69159e-11
1.24663e-09
4.08292e-12
1.24297e-09
3.00236e-11
1.23161e-09
6.04173e-11
1.21162e-09
9.52133e-11
1.1819e-09
1.34734e-10
1.1411e-09
1.79546e-10
1.08755e-09
2.30283e-10
1.01928e-09
2.87451e-10
9.34029e-10
3.5118e-10
8.29482e-10
4.2089e-10
7.03597e-10
4.94814e-10
5.55276e-10
5.69389e-10
3.85362e-10
6.38625e-10
1.97761e-10
6.93933e-10
7.25368e-10
2.97299e-08
3.61468e-07
6.09501e-09
1.16865e-07
7.34785e-10
1.98493e-08
6.40039e-10
4.37827e-11
9.57399e-10
1.6879e-10
1.02751e-09
1.10705e-10
1.07576e-09
5.50785e-11
1.10723e-09
1.14773e-11
1.13306e-09
-2.11699e-11
1.15765e-09
-4.47567e-11
1.18234e-09
-6.01093e-11
1.20686e-09
-6.69877e-11
1.22987e-09
-6.46474e-11
1.24956e-09
-5.27421e-11
1.26414e-09
-3.2139e-11
1.27234e-09
-4.47476e-12
1.27333e-09
2.87967e-11
1.26656e-09
6.69291e-11
1.2514e-09
1.09951e-10
1.22701e-09
1.58504e-10
1.19206e-09
2.13598e-10
1.14474e-09
2.76406e-10
1.08266e-09
3.48031e-10
1.00279e-09
4.29249e-10
9.01562e-10
5.20127e-10
7.75181e-10
6.1938e-10
6.20392e-10
7.23316e-10
4.36122e-10
8.24314e-10
2.25917e-10
9.09279e-10
9.60048e-10
2.16795e-08
4.42679e-07
5.63082e-09
1.076e-07
1.17835e-09
2.43804e-08
6.35314e-10
4.27998e-11
9.4663e-10
6.60421e-11
9.79557e-10
4.06609e-11
1.03299e-09
6.11209e-12
1.07403e-09
-2.63359e-11
1.10912e-09
-5.42669e-11
1.14237e-09
-7.70252e-11
1.17574e-09
-9.34599e-11
1.20929e-09
-1.01439e-10
1.24139e-09
-9.82341e-11
1.26944e-09
-8.20513e-11
1.29114e-09
-5.44222e-11
1.30525e-09
-1.86394e-11
1.31146e-09
2.27076e-11
1.30987e-09
6.85496e-11
1.30044e-09
1.1916e-10
1.28266e-09
1.75727e-10
1.25538e-09
2.39937e-10
1.2167e-09
3.13714e-10
1.16383e-09
3.99018e-10
1.09289e-09
4.97657e-10
9.98798e-10
6.10988e-10
8.75174e-10
7.39259e-10
7.14989e-10
8.80181e-10
5.12815e-10
1.02603e-09
2.69782e-10
1.15882e-09
1.2455e-09
2.96464e-08
5.15327e-07
4.96192e-09
1.21421e-07
1.26658e-09
3.24387e-08
6.46695e-10
4.78825e-11
9.275e-10
7.12877e-12
9.51927e-10
-2.02096e-11
1.00261e-09
-4.49562e-11
1.04677e-09
-6.86652e-11
1.08703e-09
-9.25394e-11
1.12695e-09
-1.15613e-10
1.16896e-09
-1.35263e-10
1.21319e-09
-1.47071e-10
1.25694e-09
-1.44795e-10
1.29567e-09
-1.22807e-10
1.32574e-09
-8.486e-11
1.34606e-09
-3.83685e-11
1.3574e-09
1.21235e-11
1.36103e-09
6.53974e-11
1.35781e-09
1.22416e-10
1.3478e-09
1.85304e-10
1.33011e-09
2.56708e-10
1.30287e-09
3.39497e-10
1.26305e-09
4.36669e-10
1.20615e-09
5.51372e-10
1.12557e-09
6.86907e-10
1.01173e-09
8.4649e-10
8.51576e-10
1.03211e-09
6.30366e-10
1.24082e-09
3.40397e-10
1.45447e-09
1.61762e-09
4.50142e-08
5.71286e-07
5.131e-09
1.92342e-07
3.71108e-10
2.66029e-08
6.39688e-10
5.09591e-11
8.96797e-10
-3.29384e-11
9.28208e-10
-8.36738e-11
9.78758e-10
-9.70639e-11
1.02341e-09
-1.1083e-10
1.06528e-09
-1.31613e-10
1.10946e-09
-1.57624e-10
1.15994e-09
-1.8491e-10
1.21757e-09
-2.06789e-10
1.27752e-09
-2.11069e-10
1.33055e-09
-1.79524e-10
1.37009e-09
-1.23843e-10
1.39585e-09
-6.20987e-11
1.41104e-09
-1.24208e-12
1.41903e-09
5.84972e-11
1.42198e-09
1.19804e-10
1.42062e-09
1.86365e-10
1.4144e-09
2.62094e-10
1.4016e-09
3.50896e-10
1.37935e-09
4.5679e-10
1.3431e-09
5.84254e-10
1.28559e-09
7.3878e-10
1.19459e-09
9.27682e-10
1.04922e-09
1.16096e-09
8.16674e-10
1.45065e-09
4.61439e-10
1.80064e-09
2.15289e-09
6.14931e-08
6.07818e-07
1.7218e-08
2.19997e-07
1.01931e-09
5.2032e-08
5.98487e-10
8.00906e-11
8.4505e-10
-9.18408e-11
9.02735e-10
-1.84487e-10
9.60802e-10
-1.48797e-10
1.00285e-09
-1.4598e-10
1.0412e-09
-1.65459e-10
1.08568e-09
-1.98367e-10
1.14376e-09
-2.3997e-10
1.21964e-09
-2.84107e-10
1.30501e-09
-3.13168e-10
1.37893e-09
-2.60379e-10
1.42822e-09
-1.6889e-10
1.45621e-09
-8.4941e-11
1.47188e-09
-1.34928e-11
1.48207e-09
5.00324e-11
1.49046e-09
1.1193e-10
1.49832e-09
1.7826e-10
1.50525e-09
2.54407e-10
1.5098e-09
3.45201e-10
1.50964e-09
4.55338e-10
1.5013e-09
5.90075e-10
1.4791e-09
7.56276e-10
1.43184e-09
9.645e-10
1.33404e-09
1.23338e-09
1.12567e-09
1.6002e-09
6.88686e-10
2.14454e-09
3.0404e-09
8.1937e-08
6.20219e-07
2.56582e-08
2.80301e-07
6.70892e-09
5.68789e-08
5.01322e-10
3.89242e-09
7.7339e-10
-1.00326e-10
8.86119e-10
-2.28034e-10
9.58863e-10
-1.67679e-10
9.85988e-10
-1.58837e-10
1.01101e-09
-1.85877e-10
1.04827e-09
-2.30413e-10
1.10981e-09
-2.925e-10
1.21223e-09
-3.76502e-10
1.34394e-09
-4.97118e-10
1.45194e-09
-3.79936e-10
1.50764e-09
-2.064e-10
1.5289e-09
-9.52817e-11
1.5382e-09
-1.78219e-11
1.5469e-09
4.31954e-11
1.55949e-09
9.9623e-11
1.57693e-09
1.60336e-10
1.59848e-09
2.32073e-10
1.62272e-09
3.20164e-10
1.6481e-09
4.29286e-10
1.67336e-09
5.64432e-10
1.69766e-09
7.31749e-10
1.71963e-09
9.40661e-10
1.72941e-09
1.20786e-09
1.66329e-09
1.57222e-09
1.16763e-09
2.13693e-09
3.21081e-09
1.66071e-07
4.45327e-07
1.15323e-07
3.11125e-07
2.30116e-08
1.6703e-07
6.76498e-09
5.86892e-08
6.25124e-10
1.91247e-08
9.26372e-10
7.86083e-10
1.00254e-09
-9.91006e-11
9.71229e-10
-1.14501e-10
9.68572e-10
-1.43958e-10
9.86609e-10
-1.84721e-10
1.03496e-09
-2.42901e-10
1.17552e-09
-3.31986e-10
1.40659e-09
-5.07788e-10
1.57726e-09
-5.85906e-10
1.6215e-09
-1.82324e-10
1.61353e-09
-7.21183e-11
1.60512e-09
-5.29558e-12
1.60785e-09
4.17971e-11
1.62366e-09
8.43389e-11
1.65143e-09
1.33408e-10
1.68904e-09
1.96616e-10
1.73449e-09
2.79205e-10
1.78669e-09
3.8508e-10
1.84639e-09
5.18114e-10
1.91855e-09
6.81592e-10
2.0196e-09
8.78296e-10
2.2007e-09
1.10701e-09
2.63043e-09
1.36308e-09
3.93153e-09
1.63159e-09
1.87446e-09
3.0372e-07
1.53332e-07
4.58007e-07
1.50793e-07
3.61432e-07
2.4535e-07
1.96186e-07
1.71159e-07
7.16168e-08
1.36165e-07
8.63505e-09
6.68171e-08
9.67415e-10
1.62997e-08
9.27832e-10
3.74185e-09
9.05437e-10
2.02721e-09
8.94625e-10
3.56123e-09
8.67902e-10
5.59287e-09
1.0483e-09
1.08134e-08
1.52964e-09
2.18945e-08
1.82899e-09
-3.60464e-10
1.78758e-09
-8.47501e-11
1.69863e-09
-2.64962e-11
1.66088e-09
8.70217e-12
1.65571e-09
3.15472e-11
1.67588e-09
5.26059e-11
1.71609e-09
8.03945e-11
1.77174e-09
1.204e-10
1.83952e-09
1.75995e-10
1.91778e-09
2.49111e-10
2.00696e-09
3.42001e-10
2.11055e-09
4.553e-10
2.23953e-09
5.8957e-10
2.42336e-09
7.33908e-10
2.72619e-09
8.62067e-10
3.21992e-09
8.92098e-10
6.08836e-10
1.88558e-07
-3.38428e-08
3.42256e-07
1.7874e-09
5.07879e-07
9.2735e-08
5.3678e-07
1.52828e-07
4.81361e-07
1.81567e-07
3.75564e-07
1.38472e-07
3.50578e-07
5.23061e-08
3.39403e-07
1.92155e-08
3.28169e-07
1.32643e-08
3.08104e-07
2.051e-08
2.71236e-07
3.48331e-08
2.25365e-07
5.57887e-08
9.91045e-08
9.75832e-08
1.68042e-09
7.13838e-08
1.80802e-09
7.66713e-09
1.51733e-09
1.43829e-09
1.44926e-09
-1.00841e-09
1.42803e-09
-2.14035e-09
1.44305e-09
-2.71119e-09
1.48071e-09
-3.11971e-09
1.53185e-09
-3.59269e-09
1.59162e-09
-4.21364e-09
1.66037e-09
-4.99469e-09
1.73992e-09
-5.85101e-09
1.84126e-09
-6.65361e-09
1.97031e-09
-7.04812e-09
2.12859e-09
-6.74923e-09
2.31637e-09
-5.41014e-09
2.51878e-09
-3.40467e-09
-1.09704e-09
7.34454e-08
-1.07971e-07
1.32387e-07
-6.18999e-08
2.47949e-07
-1.91732e-08
3.9022e-07
2.70652e-08
5.09489e-07
7.11498e-08
5.61797e-07
9.13884e-08
5.63616e-07
5.42484e-08
5.60955e-07
2.89474e-08
5.46355e-07
2.54444e-08
5.32156e-07
3.81267e-08
4.932e-07
6.45464e-08
4.60791e-07
9.62376e-08
4.00791e-07
1.45387e-07
3.34397e-07
1.38799e-07
3.23784e-07
3.40874e-08
3.19189e-07
6.74104e-09
3.253e-07
-5.88581e-09
3.36983e-07
-1.20531e-08
3.51285e-07
-1.53268e-08
3.67754e-07
-1.78184e-08
3.86956e-07
-2.07021e-08
4.0988e-07
-2.44528e-08
4.37109e-07
-2.91233e-08
4.69244e-07
-3.43694e-08
5.05426e-07
-3.95796e-08
5.44453e-07
-4.29904e-08
5.81977e-07
-4.29655e-08
6.14524e-07
-3.669e-08
6.35387e-07
-2.50268e-08
-8.9146e-09
5.04657e-08
-1.57218e-07
1.03279e-07
-1.19652e-07
1.6422e-07
-7.68128e-08
2.42427e-07
-4.77117e-08
3.36596e-07
-1.69463e-08
4.21658e-07
7.61052e-09
4.60384e-07
1.67552e-08
4.75154e-07
1.79869e-08
4.77144e-07
2.42289e-08
4.80501e-07
3.82968e-08
4.82663e-07
6.24545e-08
4.96816e-07
8.85116e-08
5.31562e-07
1.13782e-07
5.43798e-07
1.08629e-07
5.3655e-07
4.92236e-08
5.39251e-07
9.35132e-09
5.48871e-07
-1.33661e-08
5.63451e-07
-2.58298e-08
5.81619e-07
-3.33183e-08
6.03419e-07
-3.95678e-08
6.29392e-07
-4.66685e-08
6.61038e-07
-5.56797e-08
6.98852e-07
-6.65914e-08
7.44704e-07
-7.92772e-08
7.97513e-07
-9.23779e-08
8.58188e-07
-1.03251e-07
9.20364e-07
-1.0757e-07
9.79684e-07
-9.75748e-08
1.02058e-06
-7.05345e-08
-2.58885e-08
5.8247e-08
-2.24934e-07
1.12015e-07
-1.74018e-07
1.68928e-07
-1.35358e-07
2.21138e-07
-1.00182e-07
2.7205e-07
-6.88908e-08
3.18729e-07
-4.13305e-08
3.51945e-07
-1.80505e-08
3.72302e-07
-1.23926e-09
3.85798e-07
1.28383e-08
4.00185e-07
2.7405e-08
4.22504e-07
4.43308e-08
4.55217e-07
5.9471e-08
5.05441e-07
6.73281e-08
5.48784e-07
6.10899e-08
5.67645e-07
3.31709e-08
5.79052e-07
1.88328e-09
5.89286e-07
-2.17555e-08
6.01476e-07
-3.77818e-08
6.17656e-07
-4.98148e-08
6.38934e-07
-6.11662e-08
6.66384e-07
-7.39761e-08
7.00934e-07
-8.96121e-08
7.43417e-07
-1.07818e-07
7.95706e-07
-1.2967e-07
8.57585e-07
-1.52333e-07
9.3277e-07
-1.75919e-07
1.01554e-06
-1.90935e-07
1.1049e-06
-1.87876e-07
1.17524e-06
-1.47989e-07
-5.95073e-08
6.42246e-08
-2.89554e-07
1.25253e-07
-2.37945e-07
1.81256e-07
-1.91206e-07
2.32267e-07
-1.50268e-07
2.77116e-07
-1.13437e-07
3.15508e-07
-7.95674e-08
3.4696e-07
-4.9385e-08
3.71354e-07
-2.4505e-08
3.90903e-07
-4.79084e-09
4.09636e-07
1.11451e-08
4.32868e-07
2.38701e-08
4.62172e-07
3.17943e-08
4.98431e-07
3.22363e-08
5.3404e-07
2.49489e-08
5.59001e-07
8.5849e-09
5.75644e-07
-1.33739e-08
5.90085e-07
-3.49677e-08
6.07143e-07
-5.38858e-08
6.30109e-07
-7.17477e-08
6.59779e-07
-8.98104e-08
6.97882e-07
-1.1043e-07
7.43332e-07
-1.33779e-07
7.98622e-07
-1.60556e-07
8.61937e-07
-1.91445e-07
9.36338e-07
-2.23029e-07
1.02313e-06
-2.60267e-07
1.12205e-06
-2.86752e-07
1.23956e-06
-3.05853e-07
1.34926e-06
-2.66219e-07
-1.33498e-07
8.41525e-08
-3.82533e-07
1.57632e-07
-3.09088e-07
2.25455e-07
-2.55216e-07
2.84872e-07
-2.06802e-07
3.34843e-07
-1.61677e-07
3.76608e-07
-1.20207e-07
4.11606e-07
-8.35645e-08
4.40854e-07
-5.27717e-08
4.65819e-07
-2.85389e-08
4.88669e-07
-1.05993e-08
5.12168e-07
1.07086e-09
5.37797e-07
6.33533e-09
5.64766e-07
4.87321e-09
5.91559e-07
-2.40955e-09
6.15061e-07
-1.54459e-08
6.35744e-07
-3.35739e-08
6.56508e-07
-5.49856e-08
6.81332e-07
-7.72706e-08
7.11786e-07
-1.01264e-07
7.48656e-07
-1.25432e-07
7.92472e-07
-1.53566e-07
8.40929e-07
-1.81662e-07
8.97163e-07
-2.15815e-07
9.53919e-07
-2.48702e-07
1.0211e-06
-2.87339e-07
1.08756e-06
-3.27361e-07
1.17333e-06
-3.63955e-07
1.2801e-06
-4.11361e-07
1.41258e-06
-3.98639e-07
-2.93635e-07
1.20545e-07
-5.00202e-07
2.27544e-07
-4.03553e-07
3.16922e-07
-3.36491e-07
3.86276e-07
-2.72679e-07
4.39009e-07
-2.13024e-07
4.80198e-07
-1.60649e-07
5.13881e-07
-1.16733e-07
5.42925e-07
-8.1219e-08
5.68955e-07
-5.39518e-08
5.93647e-07
-3.45077e-08
6.17756e-07
-2.25257e-08
6.41835e-07
-1.74387e-08
6.65093e-07
-1.8598e-08
6.8792e-07
-2.52795e-08
7.09119e-07
-3.71555e-08
7.30082e-07
-5.41006e-08
7.50664e-07
-7.54892e-08
7.74223e-07
-9.96117e-08
7.99015e-07
-1.2634e-07
8.28251e-07
-1.53524e-07
8.57719e-07
-1.84441e-07
8.90732e-07
-2.13651e-07
9.23798e-07
-2.51034e-07
9.57479e-07
-2.81353e-07
9.98416e-07
-3.28806e-07
1.03235e-06
-3.60684e-07
1.09935e-06
-4.20027e-07
1.16974e-06
-4.72428e-07
1.32876e-06
-5.12147e-07
-6.15284e-07
2.35005e-07
-6.95393e-07
4.04649e-07
-5.54335e-07
4.97753e-07
-4.26885e-07
5.4733e-07
-3.2296e-07
5.75737e-07
-2.42434e-07
5.95117e-07
-1.8078e-07
6.11495e-07
-1.33555e-07
6.27628e-07
-9.75408e-08
6.44376e-07
-7.07296e-08
6.61838e-07
-5.19215e-08
6.79503e-07
-4.0235e-08
6.96824e-07
-3.49166e-08
7.13147e-07
-3.52838e-08
7.28462e-07
-4.09349e-08
7.42523e-07
-5.15637e-08
7.55528e-07
-6.71567e-08
7.66997e-07
-8.70609e-08
7.78362e-07
-1.10725e-07
7.88571e-07
-1.36868e-07
8.01183e-07
-1.6562e-07
8.12073e-07
-1.96359e-07
8.30024e-07
-2.29782e-07
8.44551e-07
-2.67663e-07
8.74239e-07
-3.05511e-07
8.9988e-07
-3.58273e-07
9.41479e-07
-3.92517e-07
1.00048e-06
-4.81926e-07
1.04882e-06
-5.13851e-07
1.47646e-06
-8.20421e-07
-1.4762e-06
8.44474e-07
-6.63847e-07
7.65731e-07
-5.20571e-07
7.03191e-07
-3.85567e-07
6.5726e-07
-2.86771e-07
6.27598e-07
-2.17118e-07
6.11308e-07
-1.66313e-07
6.05036e-07
-1.27964e-07
6.05807e-07
-9.85221e-08
6.11328e-07
-7.63085e-08
6.19679e-07
-6.03443e-08
6.29493e-07
-5.01476e-08
6.39654e-07
-4.52285e-08
6.49744e-07
-4.54016e-08
6.59286e-07
-5.04219e-08
6.68503e-07
-6.03683e-08
6.76836e-07
-7.50171e-08
6.85221e-07
-9.43737e-08
6.93343e-07
-1.17934e-07
7.03651e-07
-1.45349e-07
7.15678e-07
-1.76602e-07
7.3225e-07
-2.10566e-07
7.53387e-07
-2.49943e-07
7.77319e-07
-2.895e-07
8.13576e-07
-3.39482e-07
8.36775e-07
-3.838e-07
9.02015e-07
-4.46241e-07
9.11893e-07
-5.1228e-07
1.02855e-06
-5.97856e-07
9.26877e-07
-8.56741e-07
-1.16969e-06
7.20749e-07
-4.60622e-07
6.01546e-07
-3.86899e-07
5.45419e-07
-3.19602e-07
5.27021e-07
-2.60644e-07
5.26482e-07
-2.10848e-07
5.33641e-07
-1.69529e-07
5.4395e-07
-1.35759e-07
5.55563e-07
-1.08502e-07
5.67551e-07
-8.73345e-08
5.79601e-07
-7.17116e-08
5.91383e-07
-6.1526e-08
6.03049e-07
-5.6395e-08
6.14468e-07
-5.63995e-08
6.26004e-07
-6.12219e-08
6.37451e-07
-7.11692e-08
6.49209e-07
-8.5747e-08
6.61195e-07
-1.05572e-07
6.73778e-07
-1.29462e-07
6.87655e-07
-1.5862e-07
7.0181e-07
-1.9043e-07
7.19147e-07
-2.27686e-07
7.33389e-07
-2.65798e-07
7.54814e-07
-3.09896e-07
7.64955e-07
-3.5505e-07
7.89305e-07
-4.0252e-07
7.91532e-07
-4.62109e-07
7.86684e-07
-4.99929e-07
7.12831e-07
-5.66483e-07
3.48031e-07
-5.17772e-07
-3.30248e-07
8.20952e-07
-3.64882e-07
7.70418e-07
-3.41455e-07
7.41595e-07
-3.01117e-07
7.2434e-07
-2.53211e-07
7.12961e-07
-2.07138e-07
7.04914e-07
-1.67119e-07
6.99214e-07
-1.34263e-07
6.95625e-07
-1.08025e-07
6.93749e-07
-8.7905e-08
6.9335e-07
-7.31676e-08
6.93773e-07
-6.3563e-08
6.94747e-07
-5.8639e-08
6.95432e-07
-5.8428e-08
6.95683e-07
-6.26209e-08
6.94494e-07
-7.1498e-08
6.92194e-07
-8.47632e-08
6.8773e-07
-1.03047e-07
6.82701e-07
-1.25806e-07
6.75985e-07
-1.54134e-07
6.71537e-07
-1.86592e-07
6.66914e-07
-2.25228e-07
6.68529e-07
-2.66005e-07
6.70281e-07
-3.14039e-07
6.76233e-07
-3.57178e-07
6.76948e-07
-4.07137e-07
6.54043e-07
-4.36863e-07
5.77872e-07
-4.38891e-07
3.97977e-07
-3.99931e-07
1.89374e-07
-3.16477e-07
-2.73215e-07
8.36037e-07
-2.86213e-07
7.65886e-07
-2.69517e-07
7.07149e-07
-2.4123e-07
6.62319e-07
-2.07281e-07
6.30121e-07
-1.73542e-07
6.07834e-07
-1.43115e-07
5.92765e-07
-1.17452e-07
5.829e-07
-9.65064e-08
5.76665e-07
-8.02754e-08
5.72964e-07
-6.82168e-08
5.70814e-07
-6.0377e-08
5.6953e-07
-5.63194e-08
5.68417e-07
-5.63521e-08
5.67063e-07
-6.01198e-08
5.65203e-07
-6.83449e-08
5.62861e-07
-8.07207e-08
5.60719e-07
-9.8682e-08
5.59414e-07
-1.21731e-07
5.60896e-07
-1.51946e-07
5.65733e-07
-1.87749e-07
5.7526e-07
-2.30463e-07
5.88148e-07
-2.76135e-07
6.00379e-07
-3.23956e-07
6.05007e-07
-3.62735e-07
5.9257e-07
-3.95348e-07
5.27718e-07
-3.8188e-07
4.09363e-07
-3.25674e-07
2.69932e-07
-2.67738e-07
1.166e-07
-1.75705e-07
-7.59187e-08
8.50189e-07
-2.21834e-07
7.94361e-07
-2.12143e-07
7.4921e-07
-1.95929e-07
7.15567e-07
-1.74727e-07
6.91604e-07
-1.51367e-07
6.75015e-07
-1.2833e-07
6.6345e-07
-1.07613e-07
6.55499e-07
-8.99342e-08
6.49788e-07
-7.58856e-08
6.45823e-07
-6.52368e-08
6.42612e-07
-5.82699e-08
6.40084e-07
-5.45688e-08
6.37247e-07
-5.46104e-08
6.34337e-07
-5.79463e-08
6.30323e-07
-6.55978e-08
6.25772e-07
-7.7006e-08
6.19757e-07
-9.42516e-08
6.13026e-07
-1.1614e-07
6.05067e-07
-1.46135e-07
5.96311e-07
-1.80854e-07
5.86422e-07
-2.23728e-07
5.76377e-07
-2.68443e-07
5.59792e-07
-3.12323e-07
5.40687e-07
-3.4459e-07
4.90674e-07
-3.54852e-07
3.87273e-07
-2.83122e-07
2.82167e-07
-2.14015e-07
1.74064e-07
-1.64165e-07
7.61858e-08
-6.04205e-08
-2.62117e-08
8.60524e-07
-1.6814e-07
8.11757e-07
-1.6229e-07
7.68362e-07
-1.52045e-07
7.31543e-07
-1.37936e-07
7.01336e-07
-1.21541e-07
6.77183e-07
-1.04593e-07
6.57932e-07
-8.87765e-08
6.4269e-07
-7.49219e-08
6.30285e-07
-6.3728e-08
6.20138e-07
-5.51437e-08
6.11167e-07
-4.94902e-08
6.03077e-07
-4.64257e-08
5.94707e-07
-4.64263e-08
5.8601e-07
-4.90481e-08
5.75649e-07
-5.53355e-08
5.6376e-07
-6.46055e-08
5.48994e-07
-7.9201e-08
5.31654e-07
-9.75906e-08
5.1197e-07
-1.24818e-07
4.90467e-07
-1.56505e-07
4.72889e-07
-2.00936e-07
4.56241e-07
-2.46893e-07
4.44361e-07
-2.9222e-07
4.3015e-07
-3.25741e-07
3.64089e-07
-2.95183e-07
2.62876e-07
-1.87428e-07
1.72745e-07
-1.07422e-07
6.53462e-08
-5.97396e-08
1.4565e-09
-1.13532e-09
-1.49776e-09
8.67075e-07
-1.21242e-07
8.23262e-07
-1.17636e-07
7.8291e-07
-1.11187e-07
7.47339e-07
-1.02162e-07
7.17018e-07
-9.13835e-08
6.91977e-07
-7.98492e-08
6.71412e-07
-6.87066e-08
6.54774e-07
-5.86603e-08
6.40866e-07
-5.0361e-08
6.2935e-07
-4.39073e-08
6.18906e-07
-3.96173e-08
6.09617e-07
-3.72988e-08
5.99856e-07
-3.73444e-08
5.9022e-07
-3.94455e-08
5.78466e-07
-4.44711e-08
5.65849e-07
-5.18708e-08
5.49295e-07
-6.38252e-08
5.30985e-07
-7.89199e-08
5.0785e-07
-1.02893e-07
4.8289e-07
-1.30686e-07
4.57374e-07
-1.75514e-07
4.26523e-07
-2.16049e-07
4.03977e-07
-2.6696e-07
3.61301e-07
-2.88528e-07
2.56691e-07
-2.09373e-07
1.61962e-07
-7.3141e-08
6.95833e-08
-2.66556e-08
9.06225e-10
-5.86326e-10
7.57985e-10
-9.21005e-10
-1.44936e-09
8.71279e-07
-7.869e-08
8.30888e-07
-7.65905e-08
7.92929e-07
-7.27768e-08
7.58429e-07
-6.74042e-08
7.27934e-07
-6.08745e-08
7.01701e-07
-5.37426e-08
6.79357e-07
-4.66642e-08
6.60581e-07
-4.01637e-08
6.44476e-07
-3.46712e-08
6.30694e-07
-3.03836e-08
6.18073e-07
-2.74687e-08
6.06533e-07
-2.59384e-08
5.94531e-07
-2.59234e-08
5.8242e-07
-2.74139e-08
5.67899e-07
-3.07511e-08
5.52007e-07
-3.591e-08
5.31018e-07
-4.39651e-08
5.07108e-07
-5.45769e-08
4.74153e-07
-7.12304e-08
4.36556e-07
-9.14364e-08
3.87605e-07
-1.26354e-07
3.35395e-07
-1.58084e-07
2.94524e-07
-2.15639e-07
2.1081e-07
-2.0848e-07
7.63907e-08
-7.69056e-08
1.79375e-09
-8.57751e-10
1.04313e-09
-8.00017e-10
6.38006e-10
-5.94026e-10
4.54793e-10
-7.00006e-10
-8.52628e-10
8.73793e-07
-3.87366e-08
8.35515e-07
-3.77666e-08
7.99122e-07
-3.5988e-08
7.65465e-07
-3.34762e-08
7.3507e-07
-3.03965e-08
7.08301e-07
-2.70006e-08
6.85004e-07
-2.35736e-08
6.65022e-07
-2.03969e-08
6.47645e-07
-1.76655e-08
6.32546e-07
-1.55392e-08
6.18671e-07
-1.40579e-08
6.05827e-07
-1.33155e-08
5.92592e-07
-1.3276e-08
5.79095e-07
-1.40815e-08
5.63232e-07
-1.57079e-08
5.45668e-07
-1.84297e-08
5.22887e-07
-2.24019e-08
4.96476e-07
-2.80498e-08
4.59835e-07
-3.6339e-08
4.16833e-07
-4.7558e-08
3.55306e-07
-6.66382e-08
2.90184e-07
-8.88327e-08
2.09825e-07
-1.33841e-07
7.66328e-08
-9.75256e-08
2.0498e-09
-1.58674e-09
1.54795e-09
-3.64127e-10
1.20237e-09
-5.86081e-10
7.58963e-10
-3.83232e-10
4.03064e-10
-3.72938e-10
-4.08524e-10
8.74975e-07
8.37697e-07
8.02087e-07
7.68868e-07
7.38598e-07
7.11588e-07
6.87887e-07
6.67266e-07
6.49314e-07
6.33446e-07
6.19036e-07
6.05341e-07
5.91662e-07
5.77142e-07
5.60927e-07
5.41954e-07
5.18817e-07
4.90111e-07
4.52628e-07
4.04668e-07
3.36466e-07
2.49647e-07
1.13796e-07
1.20267e-08
1.4687e-09
1.66787e-09
1.21977e-09
7.9241e-10
3.9849e-10
)
;

boundaryField
{
    inlet1
    {
        type            calculated;
        value           nonuniform List<scalar> 10(-1e-07 -1e-07 -1e-07 -1e-07 -1e-07 -1e-07 -1e-07 -1e-07 -1e-07 -1e-07);
    }
    inlet2
    {
        type            calculated;
        value           uniform 0;
    }
    inlet3
    {
        type            calculated;
        value           nonuniform List<scalar> 10(-9.13394e-07 -9.13394e-07 -9.13394e-07 -9.13394e-07 -9.13394e-07 -9.13394e-07 -9.13394e-07 -9.13394e-07 -9.13394e-07 -9.13394e-07);
    }
    output1
    {
        type            calculated;
        value           uniform 0;
    }
    output2
    {
        type            calculated;
        value           nonuniform List<scalar> 10(6.45189e-09 3.87876e-09 2.64161e-09 6.4523e-07 1.0387e-06 1.20819e-06 1.41674e-06 1.55303e-06 1.65016e-06 2.60892e-06);
    }
    output3
    {
        type            calculated;
        value           uniform -0;
    }
    up
    {
        type            calculated;
        value           uniform 0;
    }
    down
    {
        type            calculated;
        value           uniform 0;
    }
    emptyWalls
    {
        type            empty;
        value           nonuniform List<scalar> 0();
    }
}


// ************************************************************************* //
