/*--------------------------------*- C++ -*----------------------------------*\
  =========                 |
  \\      /  F ield         | OpenFOAM: The Open Source CFD Toolbox
   \\    /   O peration     | Website:  https://openfoam.org
    \\  /    A nd           | Version:  9
     \\/     M anipulation  |
\*---------------------------------------------------------------------------*/
FoamFile
{
    format      ascii;
    class       volScalarField;
    location    "29000";
    object      Sw;
}
// * * * * * * * * * * * * * * * * * * * * * * * * * * * * * * * * * * * * * //

dimensions      [0 0 0 0 0 0 0];

internalField   nonuniform List<scalar> 
900
(
0.80807
0.548289
0.606302
0.540116
0.166037
0.15
0.15
0.15
0.15
0.15
0.15
0.15
0.15
0.15
0.15
0.15
0.15
0.15
0.15
0.15
0.15
0.15
0.15
0.15
0.15
0.15
0.15
0.15
0.15
0.15
0.760349
0.751272
0.756273
0.576279
0.242171
0.15
0.15
0.15
0.15
0.15
0.15
0.15
0.15
0.15
0.15
0.15
0.15
0.15
0.15
0.15
0.15
0.15
0.15
0.15
0.15
0.15
0.15
0.15
0.15
0.15
0.776195
0.603397
0.569879
0.456283
0.153487
0.15
0.15
0.15
0.15
0.15
0.15
0.15
0.15
0.15
0.15
0.15
0.15
0.15
0.15
0.15
0.15
0.15
0.15
0.15
0.15
0.15
0.15
0.15
0.15
0.15
0.773834
0.65819
0.57935
0.338549
0.150074
0.15
0.15
0.15
0.15
0.15
0.15
0.15
0.15
0.15
0.15
0.15
0.15
0.15
0.15
0.15
0.15
0.15
0.15
0.15
0.15
0.15
0.15
0.15
0.15
0.15
0.784182
0.70012
0.567624
0.302075
0.150011
0.15
0.15
0.15
0.15
0.15
0.15
0.15
0.15
0.15
0.15
0.15
0.15
0.15
0.15
0.15
0.15
0.15
0.15
0.15
0.15
0.15
0.15
0.15
0.15
0.15
0.792008
0.703076
0.587824
0.247345
0.15
0.15
0.15
0.15
0.15
0.15
0.15
0.15
0.15
0.15
0.15
0.15
0.15
0.15
0.15
0.15
0.15
0.15
0.15
0.15
0.15
0.15
0.15
0.15
0.15
0.15
0.810307
0.669404
0.589103
0.215145
0.15
0.15
0.15
0.15
0.15
0.15
0.15
0.15
0.15
0.15
0.15
0.15
0.15
0.15
0.15
0.15
0.15
0.15
0.15
0.15
0.15
0.15
0.15
0.15
0.15
0.15
0.825363
0.719348
0.623047
0.187705
0.15
0.15
0.15
0.15
0.15
0.15
0.15
0.15
0.15
0.15
0.15
0.15
0.15
0.15
0.15
0.15
0.15
0.15
0.15
0.15
0.15
0.15
0.15
0.15
0.15
0.15
0.849585
0.764616
0.559061
0.171775
0.15
0.15
0.15
0.15
0.15
0.15
0.15
0.15
0.15
0.15
0.15
0.15
0.15
0.15
0.15
0.15
0.15
0.15
0.15
0.15
0.15
0.15
0.15
0.15
0.15
0.15
0.868959
0.766287
0.684076
0.196748
0.15
0.15
0.15
0.15
0.15
0.15
0.15
0.15
0.15
0.15
0.15
0.15
0.15
0.15
0.15
0.15
0.15
0.15
0.15
0.15
0.15
0.15
0.15
0.15
0.15
0.15
0.899218
0.825184
0.579145
0.483836
0.157323
0.150002
0.15
0.15
0.15
0.15
0.15
0.15
0.15
0.15
0.15
0.15
0.15
0.15
0.15
0.15
0.15
0.15
0.15
0.15
0.15
0.15
0.15
0.15
0.15
0.15
0.86012
0.835198
0.760458
0.663277
0.578064
0.439851
0.150334
0.150001
0.150001
0.150001
0.150001
0.150001
0.150001
0.15
0.15
0.15
0.15
0.15
0.15
0.15
0.15
0.15
0.15
0.15
0.15
0.15
0.15
0.15
0.15
0.15
0.867233
0.714417
0.733325
0.693446
0.666651
0.613407
0.588969
0.585779
0.582551
0.583012
0.57622
0.571809
0.560002
0.220448
0.175587
0.178391
0.18295
0.186104
0.187996
0.189548
0.191652
0.194029
0.196898
0.199138
0.200773
0.198364
0.193169
0.183283
0.170608
0.156579
0.720645
0.645259
0.633217
0.645576
0.644829
0.639111
0.625188
0.619025
0.615222
0.612145
0.609733
0.597793
0.58769
0.551411
0.541861
0.542267
0.544857
0.547435
0.549169
0.550055
0.550494
0.550818
0.551319
0.551999
0.553051
0.554224
0.555764
0.556948
0.558149
0.558041
0.612251
0.624066
0.597908
0.604979
0.606726
0.615951
0.613333
0.608977
0.604921
0.601638
0.599119
0.593026
0.588814
0.58404
0.57682
0.575313
0.576508
0.578015
0.579003
0.579348
0.579385
0.579266
0.579361
0.579481
0.58011
0.580704
0.582179
0.583287
0.58513
0.585045
0.61395
0.597776
0.595709
0.593102
0.592844
0.594439
0.594224
0.591652
0.588909
0.586292
0.584585
0.583352
0.583132
0.585533
0.584105
0.583013
0.582924
0.583191
0.583384
0.583472
0.58349
0.583633
0.583891
0.584325
0.584982
0.585652
0.58712
0.588464
0.591227
0.591806
0.593856
0.590898
0.588027
0.587405
0.588147
0.588804
0.589041
0.588127
0.586686
0.585007
0.583782
0.583446
0.583881
0.585428
0.585797
0.585306
0.584894
0.584914
0.585339
0.586141
0.587027
0.588298
0.589278
0.590761
0.591394
0.592465
0.59262
0.59341
0.595267
0.596836
0.593115
0.586355
0.587055
0.589461
0.591861
0.593611
0.594706
0.594964
0.594623
0.593899
0.593228
0.592936
0.593082
0.593364
0.593575
0.593267
0.593225
0.593394
0.594338
0.595314
0.596695
0.597841
0.59879
0.599757
0.599337
0.599641
0.596548
0.595396
0.591878
0.593426
0.585854
0.586867
0.592168
0.597277
0.600845
0.602949
0.604127
0.604589
0.604687
0.604463
0.60434
0.604171
0.604238
0.604072
0.604114
0.60369
0.60378
0.603491
0.604157
0.603946
0.604815
0.603978
0.604444
0.602706
0.602163
0.600069
0.596457
0.593314
0.581895
0.579394
0.587539
0.597606
0.606208
0.610424
0.611816
0.611923
0.611559
0.611089
0.610644
0.610252
0.609949
0.609659
0.609377
0.608978
0.608562
0.607981
0.607424
0.606638
0.606056
0.604955
0.604413
0.602557
0.602389
0.599307
0.600339
0.595883
0.597938
0.593542
0.58207
0.574244
0.609414
0.62087
0.620441
0.616479
0.612619
0.609693
0.607676
0.606357
0.605508
0.604977
0.60459
0.604295
0.603959
0.603653
0.603224
0.602856
0.602238
0.601807
0.601021
0.600757
0.599942
0.599969
0.599299
0.599014
0.599241
0.595935
0.600348
0.591101
0.61981
0.633589
0.596576
0.593131
0.592787
0.593431
0.594446
0.595577
0.596706
0.597678
0.598538
0.599199
0.599789
0.600203
0.600648
0.600943
0.601362
0.601583
0.601957
0.60206
0.602303
0.602319
0.602207
0.60227
0.601072
0.601609
0.59795
0.600119
0.593609
0.597319
0.583096
0.511357
0.598794
0.600541
0.604075
0.607055
0.608863
0.609714
0.610041
0.610056
0.609987
0.609807
0.609671
0.609426
0.609265
0.608905
0.608635
0.607979
0.60743
0.606227
0.605328
0.603468
0.602561
0.600191
0.599943
0.597138
0.597289
0.593504
0.590423
0.579561
0.560432
0.555759
0.599435
0.598643
0.59823
0.598
0.597782
0.597488
0.597223
0.596986
0.59687
0.596785
0.596808
0.5968
0.596862
0.596824
0.596818
0.59667
0.596543
0.596358
0.596227
0.596316
0.596415
0.596876
0.596981
0.596699
0.594888
0.590897
0.578043
0.56224
0.540752
0.499519
0.599508
0.598854
0.598815
0.599324
0.600147
0.600953
0.601717
0.602282
0.602843
0.603201
0.603666
0.603892
0.604339
0.604455
0.604925
0.604916
0.605399
0.605158
0.605433
0.604605
0.604066
0.602001
0.600221
0.595593
0.592324
0.579266
0.560624
0.541837
0.50971
0.500964
0.599649
0.599174
0.598966
0.598992
0.599195
0.599423
0.599668
0.599819
0.600004
0.600069
0.600247
0.600248
0.60045
0.60036
0.600584
0.600323
0.600483
0.599822
0.599536
0.598084
0.596652
0.594735
0.591412
0.588099
0.580848
0.560313
0.541281
0.515117
0.319841
0.150001
0.599748
0.599371
0.599144
0.599056
0.599149
0.599313
0.599592
0.59981
0.600135
0.600305
0.600672
0.600767
0.601234
0.601237
0.601899
0.601756
0.602719
0.602254
0.603467
0.602145
0.602739
0.599494
0.595213
0.588217
0.567991
0.529407
0.520586
0.234098
0.15
0.15
0.599807
0.599508
0.599296
0.599175
0.599173
0.599247
0.599421
0.599591
0.599847
0.600016
0.600328
0.600458
0.600869
0.600935
0.601542
0.601488
0.602446
0.602069
0.60349
0.60182
0.602744
0.59581
0.590999
0.57638
0.533007
0.324465
0.150001
0.15
0.15
0.15
0.599842
0.599589
0.599399
0.599266
0.599225
0.599245
0.599366
0.5995
0.59973
0.599902
0.600209
0.600371
0.600783
0.600918
0.601532
0.601623
0.602637
0.602595
0.60432
0.603484
0.605871
0.599634
0.598593
0.563485
0.355002
0.150005
0.15
0.15
0.15
0.15
0.599857
0.599629
0.599447
0.599319
0.599254
0.599264
0.59934
0.599479
0.599659
0.599877
0.600111
0.60038
0.600659
0.601001
0.601372
0.601863
0.602436
0.603181
0.604131
0.605053
0.606454
0.605131
0.60296
0.51882
0.153042
0.15
0.15
0.15
0.15
0.15
)
;

boundaryField
{
    inlet1
    {
        type            fixedValue;
        value           uniform 0.85;
    }
    inlet2
    {
        type            zeroGradient;
    }
    inlet3
    {
        type            fixedValue;
        value           uniform 0.6;
    }
    output1
    {
        type            zeroGradient;
    }
    output2
    {
        type            zeroGradient;
    }
    output3
    {
        type            zeroGradient;
    }
    up
    {
        type            zeroGradient;
    }
    down
    {
        type            zeroGradient;
    }
    emptyWalls
    {
        type            empty;
    }
}


// ************************************************************************* //
