/*--------------------------------*- C++ -*----------------------------------*\
  =========                 |
  \\      /  F ield         | OpenFOAM: The Open Source CFD Toolbox
   \\    /   O peration     | Website:  https://openfoam.org
    \\  /    A nd           | Version:  9
     \\/     M anipulation  |
\*---------------------------------------------------------------------------*/
FoamFile
{
    format      ascii;
    class       volScalarField;
    location    "16000";
    object      alpha;
}
// * * * * * * * * * * * * * * * * * * * * * * * * * * * * * * * * * * * * * //

dimensions      [0 2 -1 0 0 0 0];

internalField   nonuniform List<scalar> 
900
(
-2.69075e-10
-1.5869e-11
-1.7927e-12
-4.57473e-13
-4.03084e-14
-4.0652e-14
-4.0652e-14
-4.0652e-14
-4.0652e-14
-4.0652e-14
-4.0652e-14
-4.0652e-14
-4.0652e-14
-4.0652e-14
-4.0652e-14
-4.0652e-14
-4.0652e-14
-4.0652e-14
-4.0652e-14
-4.0652e-14
-4.0652e-14
-4.0652e-14
-4.0652e-14
-4.0652e-14
-4.0652e-14
-4.0652e-14
-4.0652e-14
-4.0652e-14
-4.0652e-14
-4.0652e-14
-1.1764e-10
-1.01759e-11
-1.10463e-10
-6.67506e-12
-3.96646e-14
-4.0652e-14
-4.0652e-14
-4.0652e-14
-4.0652e-14
-4.0652e-14
-4.0652e-14
-4.0652e-14
-4.0652e-14
-4.0652e-14
-4.0652e-14
-4.0652e-14
-4.0652e-14
-4.0652e-14
-4.0652e-14
-4.0652e-14
-4.0652e-14
-4.0652e-14
-4.0652e-14
-4.0652e-14
-4.0652e-14
-4.0652e-14
-4.0652e-14
-4.0652e-14
-4.0652e-14
-4.0652e-14
-1.49411e-10
-3.57451e-11
-3.38645e-11
-4.61737e-14
-4.06432e-14
-4.0652e-14
-4.0652e-14
-4.0652e-14
-4.0652e-14
-4.0652e-14
-4.0652e-14
-4.0652e-14
-4.0652e-14
-4.0652e-14
-4.0652e-14
-4.0652e-14
-4.0652e-14
-4.0652e-14
-4.0652e-14
-4.0652e-14
-4.0652e-14
-4.0652e-14
-4.0652e-14
-4.0652e-14
-4.0652e-14
-4.0652e-14
-4.0652e-14
-4.0652e-14
-4.0652e-14
-4.0652e-14
-1.53993e-10
-4.30581e-11
-9.65461e-12
-2.86694e-14
-4.06507e-14
-4.0652e-14
-4.0652e-14
-4.0652e-14
-4.0652e-14
-4.0652e-14
-4.0652e-14
-4.0652e-14
-4.0652e-14
-4.0652e-14
-4.0652e-14
-4.0652e-14
-4.0652e-14
-4.0652e-14
-4.0652e-14
-4.0652e-14
-4.0652e-14
-4.0652e-14
-4.0652e-14
-4.0652e-14
-4.0652e-14
-4.0652e-14
-4.0652e-14
-4.0652e-14
-4.0652e-14
-4.0652e-14
-1.82079e-10
-3.76258e-11
-8.04475e-12
-2.70737e-14
-4.06519e-14
-4.0652e-14
-4.0652e-14
-4.0652e-14
-4.0652e-14
-4.0652e-14
-4.0652e-14
-4.0652e-14
-4.0652e-14
-4.0652e-14
-4.0652e-14
-4.0652e-14
-4.0652e-14
-4.0652e-14
-4.0652e-14
-4.0652e-14
-4.0652e-14
-4.0652e-14
-4.0652e-14
-4.0652e-14
-4.0652e-14
-4.0652e-14
-4.0652e-14
-4.0652e-14
-4.0652e-14
-4.0652e-14
-1.49735e-10
-4.18951e-11
-7.18676e-12
-3.38179e-14
-4.0652e-14
-4.0652e-14
-4.0652e-14
-4.0652e-14
-4.0652e-14
-4.0652e-14
-4.0652e-14
-4.0652e-14
-4.0652e-14
-4.0652e-14
-4.0652e-14
-4.0652e-14
-4.0652e-14
-4.0652e-14
-4.0652e-14
-4.0652e-14
-4.0652e-14
-4.0652e-14
-4.0652e-14
-4.0652e-14
-4.0652e-14
-4.0652e-14
-4.0652e-14
-4.0652e-14
-4.0652e-14
-4.0652e-14
-1.81622e-10
-2.65676e-11
-8.34644e-12
-3.90384e-14
-4.0652e-14
-4.0652e-14
-4.0652e-14
-4.0652e-14
-4.0652e-14
-4.0652e-14
-4.0652e-14
-4.0652e-14
-4.0652e-14
-4.0652e-14
-4.0652e-14
-4.0652e-14
-4.0652e-14
-4.0652e-14
-4.0652e-14
-4.0652e-14
-4.0652e-14
-4.0652e-14
-4.0652e-14
-4.0652e-14
-4.0652e-14
-4.0652e-14
-4.0652e-14
-4.0652e-14
-4.0652e-14
-4.0652e-14
-1.48182e-10
-2.78673e-11
-8.73712e-12
-4.03313e-14
-4.0652e-14
-4.0652e-14
-4.0652e-14
-4.0652e-14
-4.0652e-14
-4.0652e-14
-4.0652e-14
-4.0652e-14
-4.0652e-14
-4.0652e-14
-4.0652e-14
-4.0652e-14
-4.0652e-14
-4.0652e-14
-4.0652e-14
-4.0652e-14
-4.0652e-14
-4.0652e-14
-4.0652e-14
-4.0652e-14
-4.0652e-14
-4.0652e-14
-4.0652e-14
-4.0652e-14
-4.0652e-14
-4.0652e-14
-1.81609e-10
-1.73254e-11
-3.14802e-14
-4.06517e-14
-4.0652e-14
-4.0652e-14
-4.0652e-14
-4.0652e-14
-4.0652e-14
-4.0652e-14
-4.0652e-14
-4.0652e-14
-4.0652e-14
-4.0652e-14
-4.0652e-14
-4.0652e-14
-4.0652e-14
-4.0652e-14
-4.0652e-14
-4.0652e-14
-4.0652e-14
-4.0652e-14
-4.0652e-14
-4.0652e-14
-4.0652e-14
-4.0652e-14
-4.0652e-14
-4.0652e-14
-4.0652e-14
-4.0652e-14
-1.85589e-10
-2.25885e-11
-2.65893e-14
-4.0652e-14
-4.0652e-14
-4.0652e-14
-4.0652e-14
-4.0652e-14
-4.0652e-14
-4.0652e-14
-4.0652e-14
-4.0652e-14
-4.0652e-14
-4.0652e-14
-4.0652e-14
-4.0652e-14
-4.0652e-14
-4.0652e-14
-4.0652e-14
-4.0652e-14
-4.0652e-14
-4.0652e-14
-4.0652e-14
-4.0652e-14
-4.0652e-14
-4.0652e-14
-4.0652e-14
-4.0652e-14
-4.0652e-14
-4.0652e-14
-2.86098e-10
-3.59101e-11
-3.6337e-12
-3.83055e-14
-4.0652e-14
-4.0652e-14
-4.0652e-14
-4.0652e-14
-4.0652e-14
-4.0652e-14
-4.0652e-14
-4.0652e-14
-4.0652e-14
-4.0652e-14
-4.0652e-14
-4.0652e-14
-4.0652e-14
-4.0652e-14
-4.0652e-14
-4.0652e-14
-4.0652e-14
-4.0652e-14
-4.0652e-14
-4.0652e-14
-4.0652e-14
-4.0652e-14
-4.0652e-14
-4.0652e-14
-4.0652e-14
-4.0652e-14
-3.68465e-10
-5.32967e-11
-1.15133e-11
-7.06536e-12
-3.09756e-14
-4.05967e-14
-4.0652e-14
-4.0652e-14
-4.0652e-14
-4.0652e-14
-4.0652e-14
-4.0652e-14
-4.0652e-14
-4.0652e-14
-4.0652e-14
-4.0652e-14
-4.0652e-14
-4.0652e-14
-4.0652e-14
-4.0652e-14
-4.0652e-14
-4.0652e-14
-4.0652e-14
-4.0652e-14
-4.0652e-14
-4.0652e-14
-4.0652e-14
-4.0652e-14
-4.0652e-14
-4.0652e-14
-1.04333e-09
-9.29896e-11
-8.13287e-12
-3.40519e-12
-1.45906e-12
-1.35594e-12
-3.43785e-14
-4.06518e-14
-4.06518e-14
-4.0652e-14
-4.0652e-14
-4.0652e-14
-4.0652e-14
-4.0652e-14
-4.0652e-14
-4.0652e-14
-4.0652e-14
-4.0652e-14
-4.0652e-14
-4.0652e-14
-4.0652e-14
-4.0652e-14
-4.0652e-14
-4.0652e-14
-4.0652e-14
-4.0652e-14
-4.0652e-14
-4.0652e-14
-4.0652e-14
-4.0652e-14
-1.78413e-09
-5.4403e-10
-1.79631e-10
-7.04986e-11
-2.60541e-11
-1.49772e-11
-1.11276e-11
-9.68236e-12
-1.10131e-11
-2.75249e-14
-4.06343e-14
-4.06353e-14
-4.06103e-14
-4.06518e-14
-4.06518e-14
-4.06518e-14
-4.06518e-14
-4.0652e-14
-4.0652e-14
-4.0652e-14
-4.0652e-14
-4.0652e-14
-4.0652e-14
-4.0652e-14
-4.0652e-14
-4.0652e-14
-4.0652e-14
-4.0652e-14
-4.0652e-14
-4.0652e-14
-4.31373e-10
-2.82313e-10
-1.42018e-10
-6.97374e-11
-4.38884e-11
-2.81447e-11
-2.57558e-11
-2.03768e-11
-2.01918e-11
-1.15911e-11
-9.62436e-12
-9.53747e-12
-9.35014e-12
-9.82394e-12
-9.81605e-12
-9.8585e-12
-9.67802e-12
-2.66968e-14
-2.8686e-14
-2.73054e-14
-2.65536e-14
-2.65989e-14
-2.7876e-14
-3.22264e-14
-4.64657e-14
-9.01837e-14
-1.64133e-13
-1.36319e-13
-4.41686e-14
-3.00179e-14
-3.77827e-11
-3.81672e-11
-2.63339e-11
-2.31732e-11
-2.26794e-11
-1.95529e-11
-1.81983e-11
-1.63747e-11
-1.5477e-11
-1.59856e-11
-1.43291e-11
-1.38299e-11
-1.37655e-11
-1.38025e-11
-1.40931e-11
-1.23044e-11
-1.11138e-11
-6.57167e-12
-5.77193e-12
-5.86602e-12
-6.1328e-12
-6.42527e-12
-6.67951e-12
-6.88762e-12
-7.07946e-12
-7.28315e-12
-7.51966e-12
-7.73087e-12
-8.00968e-12
-8.08642e-12
-2.65937e-11
-1.99717e-11
-1.85236e-11
-1.6793e-11
-1.61849e-11
-1.55068e-11
-1.45673e-11
-1.41526e-11
-1.37372e-11
-1.47181e-11
-1.46371e-11
-1.45009e-11
-1.44433e-11
-1.42922e-11
-1.39063e-11
-1.284e-11
-1.19781e-11
-1.14066e-11
-1.04912e-11
-1.04661e-11
-1.07871e-11
-1.119e-11
-1.15392e-11
-1.18304e-11
-1.20459e-11
-1.21966e-11
-1.23602e-11
-1.25889e-11
-1.30925e-11
-1.33638e-11
-1.72132e-11
-1.64672e-11
-1.61844e-11
-1.63649e-11
-1.64187e-11
-1.63274e-11
-1.59564e-11
-1.57559e-11
-1.56769e-11
-1.59628e-11
-1.61497e-11
-1.61341e-11
-1.59567e-11
-1.55594e-11
-1.49833e-11
-1.44084e-11
-1.4008e-11
-1.41981e-11
-1.40838e-11
-1.41866e-11
-1.44425e-11
-1.48102e-11
-1.50533e-11
-1.53169e-11
-1.53473e-11
-1.5393e-11
-1.50971e-11
-1.4903e-11
-1.46521e-11
-1.49387e-11
-1.62185e-11
-1.58526e-11
-1.71153e-11
-1.83608e-11
-1.91276e-11
-1.94965e-11
-1.95614e-11
-1.95686e-11
-1.95843e-11
-1.96412e-11
-1.96626e-11
-1.94907e-11
-1.91186e-11
-1.86276e-11
-1.81704e-11
-1.79346e-11
-1.79251e-11
-1.81885e-11
-1.8283e-11
-1.82769e-11
-1.81628e-11
-1.81028e-11
-1.78755e-11
-1.77357e-11
-1.73022e-11
-1.70245e-11
-1.60892e-11
-1.52047e-11
-1.33069e-11
-1.23712e-11
-1.55551e-11
-1.85609e-11
-2.12689e-11
-2.27685e-11
-2.33055e-11
-2.33901e-11
-2.3239e-11
-2.30192e-11
-2.27395e-11
-2.24225e-11
-2.2039e-11
-2.15503e-11
-2.09963e-11
-2.04671e-11
-2.01007e-11
-1.99148e-11
-1.98875e-11
-1.98404e-11
-1.96386e-11
-1.91868e-11
-1.86009e-11
-1.79601e-11
-1.72996e-11
-1.66283e-11
-1.58865e-11
-1.523e-11
-1.42355e-11
-1.35258e-11
-1.05752e-11
-9.04256e-12
-2.27313e-11
-2.71917e-11
-2.71206e-11
-2.5741e-11
-2.44104e-11
-2.34531e-11
-2.26895e-11
-2.21061e-11
-2.15271e-11
-2.10124e-11
-2.04727e-11
-2.00073e-11
-1.95893e-11
-1.92888e-11
-1.91104e-11
-1.89873e-11
-1.88917e-11
-1.86463e-11
-1.82609e-11
-1.76436e-11
-1.69016e-11
-1.60531e-11
-1.52341e-11
-1.43042e-11
-1.35181e-11
-1.22928e-11
-1.2043e-11
-1.06859e-11
-1.28434e-11
-1.69337e-11
-1.84186e-11
-1.74356e-11
-1.73684e-11
-1.76088e-11
-1.78689e-11
-1.8208e-11
-1.84241e-11
-1.86695e-11
-1.87229e-11
-1.8853e-11
-1.88124e-11
-1.89234e-11
-1.88955e-11
-1.89838e-11
-1.89552e-11
-1.88584e-11
-1.86473e-11
-1.81608e-11
-1.75142e-11
-1.65859e-11
-1.55242e-11
-1.43351e-11
-1.30061e-11
-1.21139e-11
-1.06697e-11
-9.59649e-12
-8.73089e-12
-7.91319e-12
-7.53161e-12
-3.02191e-12
-1.91223e-11
-1.96608e-11
-2.07458e-11
-2.17585e-11
-2.23087e-11
-2.26353e-11
-2.25811e-11
-2.25413e-11
-2.2148e-11
-2.19247e-11
-2.1307e-11
-2.10212e-11
-2.0311e-11
-2.00302e-11
-1.93485e-11
-1.88762e-11
-1.81233e-11
-1.70761e-11
-1.58489e-11
-1.42463e-11
-1.29877e-11
-1.12285e-11
-9.73571e-12
-8.71748e-12
-7.2325e-12
-6.43069e-12
-4.50258e-12
-4.07355e-12
-3.75015e-12
-4.72311e-12
-1.93242e-11
-1.90893e-11
-1.89639e-11
-1.89514e-11
-1.88882e-11
-1.88631e-11
-1.87088e-11
-1.86519e-11
-1.83966e-11
-1.83471e-11
-1.79874e-11
-1.80621e-11
-1.76099e-11
-1.7896e-11
-1.72373e-11
-1.72841e-11
-1.61919e-11
-1.48877e-11
-1.29934e-11
-1.09872e-11
-9.61533e-12
-7.78419e-12
-6.75824e-12
-4.69425e-12
-3.95664e-12
-4.47383e-12
-1.07936e-13
-4.06498e-14
-4.0652e-14
-4.0652e-14
-1.93517e-11
-1.91761e-11
-1.9149e-11
-1.93528e-11
-1.95769e-11
-1.98952e-11
-2.00661e-11
-2.0301e-11
-2.03105e-11
-2.03986e-11
-2.01619e-11
-2.00705e-11
-1.94029e-11
-1.92533e-11
-1.77627e-11
-1.75787e-11
-1.4933e-11
-1.2711e-11
-9.81077e-12
-7.86117e-12
-5.25159e-12
-4.37323e-12
-4.90624e-12
-6.7002e-14
-4.06513e-14
-4.0652e-14
-4.0652e-14
-4.0652e-14
-4.0652e-14
-4.0652e-14
-1.94009e-11
-1.92855e-11
-1.92123e-11
-1.92761e-11
-1.93234e-11
-1.94765e-11
-1.95127e-11
-1.9622e-11
-1.95576e-11
-1.94641e-11
-1.92002e-11
-1.86475e-11
-1.81107e-11
-1.71158e-11
-1.57692e-11
-1.49867e-11
-1.07786e-11
-8.53996e-12
-4.98943e-12
-4.93514e-12
-2.66022e-14
-4.0652e-14
-4.0652e-14
-4.0652e-14
-4.0652e-14
-4.0652e-14
-4.0652e-14
-4.0652e-14
-4.0652e-14
-4.0652e-14
-1.9433e-11
-1.93603e-11
-1.92763e-11
-1.93263e-11
-1.93255e-11
-1.95113e-11
-1.95425e-11
-1.98102e-11
-1.98006e-11
-2.00168e-11
-1.9853e-11
-1.95354e-11
-1.9086e-11
-1.71948e-11
-1.60973e-11
-1.2339e-11
-6.24096e-12
-5.74416e-12
-3.9306e-14
-4.06519e-14
-4.0652e-14
-4.0652e-14
-4.0652e-14
-4.0652e-14
-4.0652e-14
-4.0652e-14
-4.0652e-14
-4.0652e-14
-4.0652e-14
-4.0652e-14
-1.94557e-11
-1.94081e-11
-1.93364e-11
-1.93787e-11
-1.93557e-11
-1.95346e-11
-1.95368e-11
-1.98779e-11
-1.98356e-11
-2.0327e-11
-2.0034e-11
-2.02484e-11
-1.89952e-11
-1.69167e-11
-1.50733e-11
-6.91903e-12
-3.70463e-13
-4.06347e-14
-4.0652e-14
-4.0652e-14
-4.0652e-14
-4.0652e-14
-4.0652e-14
-4.0652e-14
-4.0652e-14
-4.0652e-14
-4.0652e-14
-4.0652e-14
-4.0652e-14
-4.0652e-14
-1.94699e-11
-1.94357e-11
-1.93792e-11
-1.94141e-11
-1.93944e-11
-1.95538e-11
-1.95696e-11
-1.99242e-11
-1.99328e-11
-2.05939e-11
-2.04084e-11
-2.13739e-11
-1.97726e-11
-1.91565e-11
-1.27877e-11
-3.74032e-13
-4.06424e-14
-4.0652e-14
-4.0652e-14
-4.0652e-14
-4.0652e-14
-4.0652e-14
-4.0652e-14
-4.0652e-14
-4.0652e-14
-4.0652e-14
-4.0652e-14
-4.0652e-14
-4.0652e-14
-4.0652e-14
-1.9482e-11
-1.94406e-11
-1.94121e-11
-1.94161e-11
-1.94405e-11
-1.95333e-11
-1.96383e-11
-1.98829e-11
-2.00799e-11
-2.05982e-11
-2.08205e-11
-2.18309e-11
-2.11834e-11
-2.22218e-11
-7.8873e-12
-3.88706e-14
-4.0652e-14
-4.0652e-14
-4.0652e-14
-4.0652e-14
-4.0652e-14
-4.0652e-14
-4.0652e-14
-4.0652e-14
-4.0652e-14
-4.0652e-14
-4.0652e-14
-4.0652e-14
-4.0652e-14
-4.0652e-14
)
;

boundaryField
{
    inlet1
    {
        type            calculated;
        value           uniform -5e-10;
    }
    inlet2
    {
        type            calculated;
        value           nonuniform List<scalar> 10(-2.86098e-10 -3.68465e-10 -1.04333e-09 -1.78413e-09 -4.31373e-10 -3.77827e-11 -2.65937e-11 -1.72132e-11 -1.62185e-11 -1.55551e-11);
    }
    inlet3
    {
        type            calculated;
        value           uniform -1.95111e-11;
    }
    output1
    {
        type            calculated;
        value           nonuniform List<scalar> 10(-4.0652e-14 -4.0652e-14 -4.0652e-14 -4.0652e-14 -4.0652e-14 -4.0652e-14 -4.0652e-14 -4.0652e-14 -4.0652e-14 -4.0652e-14);
    }
    output2
    {
        type            calculated;
        value           nonuniform List<scalar> 10(-4.0652e-14 -4.0652e-14 -4.0652e-14 -4.0652e-14 -3.00179e-14 -8.08642e-12 -1.33638e-11 -1.49387e-11 -1.23712e-11 -9.04256e-12);
    }
    output3
    {
        type            calculated;
        value           nonuniform List<scalar> 10(-1.69337e-11 -3.02191e-12 -4.72311e-12 -4.0652e-14 -4.0652e-14 -4.0652e-14 -4.0652e-14 -4.0652e-14 -4.0652e-14 -4.0652e-14);
    }
    up
    {
        type            calculated;
        value           nonuniform List<scalar> 
30
(
-1.9482e-11
-1.94406e-11
-1.94121e-11
-1.94161e-11
-1.94405e-11
-1.95333e-11
-1.96383e-11
-1.98829e-11
-2.00799e-11
-2.05982e-11
-2.08205e-11
-2.18309e-11
-2.11834e-11
-2.22218e-11
-7.8873e-12
-3.88706e-14
-4.0652e-14
-4.0652e-14
-4.0652e-14
-4.0652e-14
-4.0652e-14
-4.0652e-14
-4.0652e-14
-4.0652e-14
-4.0652e-14
-4.0652e-14
-4.0652e-14
-4.0652e-14
-4.0652e-14
-4.0652e-14
)
;
    }
    down
    {
        type            calculated;
        value           nonuniform List<scalar> 
30
(
-2.69075e-10
-1.5869e-11
-1.7927e-12
-4.57473e-13
-4.03084e-14
-4.0652e-14
-4.0652e-14
-4.0652e-14
-4.0652e-14
-4.0652e-14
-4.0652e-14
-4.0652e-14
-4.0652e-14
-4.0652e-14
-4.0652e-14
-4.0652e-14
-4.0652e-14
-4.0652e-14
-4.0652e-14
-4.0652e-14
-4.0652e-14
-4.0652e-14
-4.0652e-14
-4.0652e-14
-4.0652e-14
-4.0652e-14
-4.0652e-14
-4.0652e-14
-4.0652e-14
-4.0652e-14
)
;
    }
    emptyWalls
    {
        type            empty;
    }
}


// ************************************************************************* //
