/*--------------------------------*- C++ -*----------------------------------*\
  =========                 |
  \\      /  F ield         | OpenFOAM: The Open Source CFD Toolbox
   \\    /   O peration     | Website:  https://openfoam.org
    \\  /    A nd           | Version:  9
     \\/     M anipulation  |
\*---------------------------------------------------------------------------*/
FoamFile
{
    format      ascii;
    class       volScalarField;
    location    "16000";
    object      fw;
}
// * * * * * * * * * * * * * * * * * * * * * * * * * * * * * * * * * * * * * //

dimensions      [0 0 0 0 0 0 0];

internalField   nonuniform List<scalar> 
900
(
0.999923
0.880673
0.216599
0.0429803
6.60215e-09
4.7991e-09
4.7991e-09
4.7991e-09
4.7991e-09
4.7991e-09
4.7991e-09
4.7991e-09
4.7991e-09
4.7991e-09
4.7991e-09
4.7991e-09
4.7991e-09
4.7991e-09
4.7991e-09
4.7991e-09
4.7991e-09
4.7991e-09
4.7991e-09
4.7991e-09
4.7991e-09
4.7991e-09
4.7991e-09
4.7991e-09
4.7991e-09
4.7991e-09
0.998078
0.780362
0.997702
0.647872
1.16929e-08
4.7991e-09
4.7991e-09
4.7991e-09
4.7991e-09
4.7991e-09
4.7991e-09
4.7991e-09
4.7991e-09
4.7991e-09
4.7991e-09
4.7991e-09
4.7991e-09
4.7991e-09
4.7991e-09
4.7991e-09
4.7991e-09
4.7991e-09
4.7991e-09
4.7991e-09
4.7991e-09
4.7991e-09
4.7991e-09
4.7991e-09
4.7991e-09
4.7991e-09
0.99908
0.969923
0.966694
0.00163241
4.8395e-09
4.7991e-09
4.7991e-09
4.7991e-09
4.7991e-09
4.7991e-09
4.7991e-09
4.7991e-09
4.7991e-09
4.7991e-09
4.7991e-09
4.7991e-09
4.7991e-09
4.7991e-09
4.7991e-09
4.7991e-09
4.7991e-09
4.7991e-09
4.7991e-09
4.7991e-09
4.7991e-09
4.7991e-09
4.7991e-09
4.7991e-09
4.7991e-09
4.7991e-09
0.999168
0.979083
0.765662
0.000357176
4.80521e-09
4.7991e-09
4.7991e-09
4.7991e-09
4.7991e-09
4.7991e-09
4.7991e-09
4.7991e-09
4.7991e-09
4.7991e-09
4.7991e-09
4.7991e-09
4.7991e-09
4.7991e-09
4.7991e-09
4.7991e-09
4.7991e-09
4.7991e-09
4.7991e-09
4.7991e-09
4.7991e-09
4.7991e-09
4.7991e-09
4.7991e-09
4.7991e-09
4.7991e-09
0.999542
0.972735
0.710378
4.19475e-05
4.79958e-09
4.7991e-09
4.7991e-09
4.7991e-09
4.7991e-09
4.7991e-09
4.7991e-09
4.7991e-09
4.7991e-09
4.7991e-09
4.7991e-09
4.7991e-09
4.7991e-09
4.7991e-09
4.7991e-09
4.7991e-09
4.7991e-09
4.7991e-09
4.7991e-09
4.7991e-09
4.7991e-09
4.7991e-09
4.7991e-09
4.7991e-09
4.7991e-09
4.7991e-09
0.999086
0.977908
0.673225
7.4666e-07
4.7991e-09
4.7991e-09
4.7991e-09
4.7991e-09
4.7991e-09
4.7991e-09
4.7991e-09
4.7991e-09
4.7991e-09
4.7991e-09
4.7991e-09
4.7991e-09
4.7991e-09
4.7991e-09
4.7991e-09
4.7991e-09
4.7991e-09
4.7991e-09
4.7991e-09
4.7991e-09
4.7991e-09
4.7991e-09
4.7991e-09
4.7991e-09
4.7991e-09
4.7991e-09
0.999537
0.948307
0.722043
1.98037e-08
4.7991e-09
4.7991e-09
4.7991e-09
4.7991e-09
4.7991e-09
4.7991e-09
4.7991e-09
4.7991e-09
4.7991e-09
4.7991e-09
4.7991e-09
4.7991e-09
4.7991e-09
4.7991e-09
4.7991e-09
4.7991e-09
4.7991e-09
4.7991e-09
4.7991e-09
4.7991e-09
4.7991e-09
4.7991e-09
4.7991e-09
4.7991e-09
4.7991e-09
4.7991e-09
0.999054
0.952481
0.736192
6.46513e-09
4.7991e-09
4.7991e-09
4.7991e-09
4.7991e-09
4.7991e-09
4.7991e-09
4.7991e-09
4.7991e-09
4.7991e-09
4.7991e-09
4.7991e-09
4.7991e-09
4.7991e-09
4.7991e-09
4.7991e-09
4.7991e-09
4.7991e-09
4.7991e-09
4.7991e-09
4.7991e-09
4.7991e-09
4.7991e-09
4.7991e-09
4.7991e-09
4.7991e-09
4.7991e-09
0.999537
0.895546
0.000572908
4.8006e-09
4.7991e-09
4.7991e-09
4.7991e-09
4.7991e-09
4.7991e-09
4.7991e-09
4.7991e-09
4.7991e-09
4.7991e-09
4.7991e-09
4.7991e-09
4.7991e-09
4.7991e-09
4.7991e-09
4.7991e-09
4.7991e-09
4.7991e-09
4.7991e-09
4.7991e-09
4.7991e-09
4.7991e-09
4.7991e-09
4.7991e-09
4.7991e-09
4.7991e-09
4.7991e-09
0.999574
0.931767
0.000147174
4.79941e-09
4.7991e-09
4.7991e-09
4.7991e-09
4.7991e-09
4.7991e-09
4.7991e-09
4.7991e-09
4.7991e-09
4.7991e-09
4.7991e-09
4.7991e-09
4.7991e-09
4.7991e-09
4.7991e-09
4.7991e-09
4.7991e-09
4.7991e-09
4.7991e-09
4.7991e-09
4.7991e-09
4.7991e-09
4.7991e-09
4.7991e-09
4.7991e-09
4.7991e-09
4.79911e-09
0.999946
0.970185
0.42755
3.55397e-08
4.7991e-09
4.7991e-09
4.7991e-09
4.7991e-09
4.7991e-09
4.7991e-09
4.7991e-09
4.7991e-09
4.7991e-09
4.7991e-09
4.7991e-09
4.7991e-09
4.7991e-09
4.7991e-09
4.7991e-09
4.7991e-09
4.7991e-09
4.7991e-09
4.7991e-09
4.7991e-09
4.7991e-09
4.7991e-09
4.7991e-09
4.7991e-09
4.79909e-09
4.79909e-09
0.999993
0.986539
0.812552
0.667443
3.8558e-06
5.05576e-09
4.7991e-09
4.7991e-09
4.7991e-09
4.7991e-09
4.7991e-09
4.7991e-09
4.7991e-09
4.7991e-09
4.7991e-09
4.7991e-09
4.7991e-09
4.7991e-09
4.7991e-09
4.7991e-09
4.7991e-09
4.7991e-09
4.7991e-09
4.7991e-09
4.7991e-09
4.7991e-09
4.7991e-09
4.7991e-09
4.7991e-09
4.7991e-09
1.00004
0.996347
0.713854
0.404834
0.17268
0.158951
5.30116e-07
4.80004e-09
4.80025e-09
4.7991e-09
4.7991e-09
4.7991e-09
4.7991e-09
4.7991e-09
4.7991e-09
4.7991e-09
4.7991e-09
4.7991e-09
4.7991e-09
4.7991e-09
4.7991e-09
4.7991e-09
4.7991e-09
4.7991e-09
4.7991e-09
4.7991e-09
4.7991e-09
4.7991e-09
4.7991e-09
4.7991e-09
1.00014
1
0.999518
0.992785
0.946515
0.870021
0.804002
0.76648
0.801356
2.96586e-05
4.87994e-09
4.87527e-09
4.99153e-09
4.80005e-09
4.80017e-09
4.80008e-09
4.80004e-09
4.79912e-09
4.79911e-09
4.79912e-09
4.79912e-09
4.79912e-09
4.7991e-09
4.7991e-09
4.7991e-09
4.7991e-09
4.7991e-09
4.7991e-09
4.7991e-09
4.7991e-09
0.999999
0.999942
0.998915
0.9926
0.97987
0.953309
0.945433
0.919157
0.917956
0.814213
0.764767
0.762168
0.756423
0.770587
0.770361
0.771574
0.766352
0.000164934
1.41491e-05
3.48404e-05
7.52038e-05
0.000148941
0.000289806
0.000627714
0.00165367
0.00504869
0.0115733
0.00902296
0.00148686
6.59317e-06
0.972953
0.973478
0.947502
0.93463
0.932224
0.913603
0.903214
0.886163
0.876151
0.881971
0.861402
0.854191
0.853222
0.853781
0.858059
0.828497
0.803684
0.642425
0.596172
0.602016
0.617983
0.634514
0.648104
0.65872
0.668121
0.677717
0.688385
0.697501
0.708977
0.712029
0.948396
0.916492
0.905866
0.890435
0.884146
0.876503
0.864662
0.858913
0.852794
0.866669
0.865597
0.863765
0.862979
0.860887
0.855329
0.83821
0.822166
0.810241
0.788624
0.787983
0.79598
0.805421
0.813107
0.819189
0.823508
0.826441
0.829547
0.833757
0.842518
0.846964
0.894498
0.887128
0.88414
0.88606
0.886623
0.885665
0.881648
0.879393
0.878486
0.881719
0.883766
0.883597
0.881652
0.877121
0.870098
0.862499
0.856825
0.859561
0.857925
0.859397
0.862967
0.867875
0.870981
0.874234
0.874601
0.87515
0.87153
0.869074
0.865797
0.86953
0.884506
0.880488
0.89357
0.904552
0.910521
0.913203
0.913663
0.913715
0.913825
0.914224
0.914374
0.913162
0.910454
0.906692
0.902982
0.900985
0.900903
0.903132
0.903915
0.903864
0.902918
0.902415
0.900476
0.899255
0.895331
0.8927
0.883108
0.872864
0.846046
0.829755
0.877071
0.906164
0.924614
0.932667
0.935254
0.935649
0.934942
0.933893
0.932523
0.930922
0.928911
0.926226
0.923004
0.919735
0.917354
0.916108
0.915923
0.915602
0.914206
0.910959
0.906481
0.901204
0.895306
0.888781
0.880869
0.873174
0.86009
0.849532
0.79075
0.746557
0.932482
0.950373
0.950143
0.945379
0.940151
0.935941
0.932274
0.929269
0.926095
0.9231
0.919771
0.916732
0.91386
0.911708
0.910393
0.90947
0.908743
0.906839
0.903733
0.898439
0.891505
0.882715
0.873224
0.861054
0.849413
0.828279
0.823451
0.793507
0.838269
0.891819
0.905022
0.896561
0.895944
0.898128
0.900418
0.903294
0.905066
0.907022
0.907439
0.908446
0.908134
0.908985
0.908772
0.909443
0.909227
0.908488
0.906848
0.902902
0.897277
0.888349
0.876709
0.861485
0.841062
0.824841
0.793106
0.763938
0.735974
0.705076
0.688911
0.364463
0.910482
0.914361
0.921481
0.927387
0.930334
0.932002
0.931729
0.931528
0.929491
0.928296
0.924835
0.923153
0.918733
0.916885
0.912141
0.908624
0.902587
0.893196
0.880447
0.860242
0.84075
0.806291
0.768039
0.735505
0.675367
0.634811
0.505097
0.468505
0.438744
0.522689
0.911965
0.910236
0.909292
0.909198
0.908716
0.908524
0.90733
0.906883
0.904843
0.90444
0.901437
0.902072
0.898138
0.900653
0.894724
0.895161
0.88422
0.868877
0.840846
0.800749
0.764499
0.699744
0.652173
0.520433
0.457968
0.502745
0.00653622
4.80928e-09
4.7991e-09
4.7991e-09
0.912165
0.91088
0.91068
0.912172
0.913773
0.915975
0.917125
0.918668
0.91873
0.919297
0.917759
0.917154
0.912534
0.911448
0.899492
0.897859
0.869457
0.835944
0.770209
0.702942
0.561713
0.494402
0.536699
0.00319692
4.80263e-09
4.7991e-09
4.7991e-09
4.7991e-09
4.7991e-09
4.7991e-09
0.91252
0.911684
0.911148
0.911615
0.911959
0.913061
0.913319
0.91409
0.913637
0.912973
0.911058
0.906849
0.902482
0.893575
0.879544
0.870141
0.795774
0.729181
0.542889
0.538862
6.93445e-05
4.79914e-09
4.7991e-09
4.7991e-09
4.7991e-09
4.7991e-09
4.7991e-09
4.7991e-09
4.7991e-09
4.7991e-09
0.91275
0.912227
0.911617
0.91198
0.911975
0.913309
0.91353
0.915395
0.915329
0.916796
0.915688
0.91348
0.910211
0.894324
0.883197
0.82915
0.624212
0.594425
0.00113676
4.79983e-09
4.7991e-09
4.7991e-09
4.7991e-09
4.7991e-09
4.7991e-09
4.7991e-09
4.7991e-09
4.7991e-09
4.7991e-09
4.7991e-09
0.912913
0.912571
0.912053
0.91236
0.912193
0.913474
0.91349
0.915858
0.915569
0.918837
0.91691
0.918326
0.909529
0.891653
0.871232
0.660284
0.0329984
4.87837e-09
4.7991e-09
4.7991e-09
4.7991e-09
4.7991e-09
4.7991e-09
4.7991e-09
4.7991e-09
4.7991e-09
4.7991e-09
4.7991e-09
4.7991e-09
4.7991e-09
0.913014
0.91277
0.912363
0.912614
0.912473
0.91361
0.913721
0.916172
0.91623
0.920536
0.91936
0.925221
0.915137
0.910736
0.837297
0.0333989
4.84276e-09
4.7991e-09
4.7991e-09
4.7991e-09
4.7991e-09
4.7991e-09
4.7991e-09
4.7991e-09
4.7991e-09
4.7991e-09
4.7991e-09
4.7991e-09
4.7991e-09
4.7991e-09
0.913101
0.912804
0.9126
0.912629
0.912804
0.913465
0.914204
0.915892
0.917217
0.920563
0.921939
0.927785
0.924114
0.92988
0.704016
2.27069e-08
4.7991e-09
4.7991e-09
4.7991e-09
4.7991e-09
4.7991e-09
4.7991e-09
4.7991e-09
4.7991e-09
4.7991e-09
4.7991e-09
4.7991e-09
4.7991e-09
4.7991e-09
4.7991e-09
)
;

boundaryField
{
    inlet1
    {
        type            calculated;
        value           uniform 1;
    }
    inlet2
    {
        type            calculated;
        value           nonuniform List<scalar> 10(0.999946 0.999993 1.00004 1.00014 0.999999 0.972953 0.948396 0.894498 0.884506 0.877071);
    }
    inlet3
    {
        type            calculated;
        value           uniform 0.913307;
    }
    output1
    {
        type            calculated;
        value           nonuniform List<scalar> 10(4.7991e-09 4.7991e-09 4.7991e-09 4.7991e-09 4.7991e-09 4.7991e-09 4.7991e-09 4.7991e-09 4.7991e-09 4.79911e-09);
    }
    output2
    {
        type            calculated;
        value           nonuniform List<scalar> 10(4.79909e-09 4.7991e-09 4.7991e-09 4.7991e-09 6.59317e-06 0.712029 0.846964 0.86953 0.829755 0.746557);
    }
    output3
    {
        type            calculated;
        value           nonuniform List<scalar> 10(0.891819 0.364463 0.522689 4.7991e-09 4.7991e-09 4.7991e-09 4.7991e-09 4.7991e-09 4.7991e-09 4.7991e-09);
    }
    up
    {
        type            calculated;
        value           nonuniform List<scalar> 
30
(
0.913101
0.912804
0.9126
0.912629
0.912804
0.913465
0.914204
0.915892
0.917217
0.920563
0.921939
0.927785
0.924114
0.92988
0.704016
2.27069e-08
4.7991e-09
4.7991e-09
4.7991e-09
4.7991e-09
4.7991e-09
4.7991e-09
4.7991e-09
4.7991e-09
4.7991e-09
4.7991e-09
4.7991e-09
4.7991e-09
4.7991e-09
4.7991e-09
)
;
    }
    down
    {
        type            calculated;
        value           nonuniform List<scalar> 
30
(
0.999923
0.880673
0.216599
0.0429803
6.60215e-09
4.7991e-09
4.7991e-09
4.7991e-09
4.7991e-09
4.7991e-09
4.7991e-09
4.7991e-09
4.7991e-09
4.7991e-09
4.7991e-09
4.7991e-09
4.7991e-09
4.7991e-09
4.7991e-09
4.7991e-09
4.7991e-09
4.7991e-09
4.7991e-09
4.7991e-09
4.7991e-09
4.7991e-09
4.7991e-09
4.7991e-09
4.7991e-09
4.7991e-09
)
;
    }
    emptyWalls
    {
        type            empty;
    }
}


// ************************************************************************* //
