/*--------------------------------*- C++ -*----------------------------------*\
  =========                 |
  \\      /  F ield         | OpenFOAM: The Open Source CFD Toolbox
   \\    /   O peration     | Website:  https://openfoam.org
    \\  /    A nd           | Version:  9
     \\/     M anipulation  |
\*---------------------------------------------------------------------------*/
FoamFile
{
    format      ascii;
    class       volScalarField;
    location    "16000";
    object      p;
}
// * * * * * * * * * * * * * * * * * * * * * * * * * * * * * * * * * * * * * //

dimensions      [0 0 0 0 0 0 0];

internalField   nonuniform List<scalar> 
900
(
1.84606e+07
1.84592e+07
1.84486e+07
1.84428e+07
1.83697e+07
1.78558e+07
1.73576e+07
1.68765e+07
1.64063e+07
1.59411e+07
1.54771e+07
1.50117e+07
1.45436e+07
1.40722e+07
1.35976e+07
1.31207e+07
1.26428e+07
1.2166e+07
1.1693e+07
1.12273e+07
1.07729e+07
1.03348e+07
9.91873e+06
9.53097e+06
9.17849e+06
8.8687e+06
8.60906e+06
8.40672e+06
8.26789e+06
8.19723e+06
1.84565e+07
1.84511e+07
1.8447e+07
1.8446e+07
1.8435e+07
1.78423e+07
1.73404e+07
1.68657e+07
1.64012e+07
1.594e+07
1.54784e+07
1.50144e+07
1.45468e+07
1.40753e+07
1.36e+07
1.31217e+07
1.26417e+07
1.21622e+07
1.16858e+07
1.12159e+07
1.07566e+07
1.03129e+07
9.89041e+06
9.49568e+06
9.13582e+06
8.81854e+06
8.55176e+06
8.34321e+06
8.19974e+06
8.12658e+06
1.84455e+07
1.84425e+07
1.84432e+07
1.8443e+07
1.81731e+07
1.77452e+07
1.72961e+07
1.68448e+07
1.63929e+07
1.59392e+07
1.54821e+07
1.50207e+07
1.45541e+07
1.40822e+07
1.36053e+07
1.31242e+07
1.26402e+07
1.21553e+07
1.1672e+07
1.11938e+07
1.07247e+07
1.02696e+07
9.83436e+06
9.42551e+06
9.05059e+06
8.71788e+06
8.43624e+06
8.21461e+06
8.06127e+06
7.98276e+06
1.84312e+07
1.84296e+07
1.84317e+07
1.8429e+07
1.80538e+07
1.76693e+07
1.7254e+07
1.68244e+07
1.63864e+07
1.59417e+07
1.54903e+07
1.5032e+07
1.45667e+07
1.40942e+07
1.36149e+07
1.31297e+07
1.26397e+07
1.21467e+07
1.16533e+07
1.11626e+07
1.06788e+07
1.02066e+07
9.75189e+06
9.32142e+06
8.92314e+06
8.56616e+06
8.26072e+06
8.01774e+06
7.84797e+06
7.76044e+06
1.84133e+07
1.84116e+07
1.8411e+07
1.84076e+07
1.79992e+07
1.76243e+07
1.72262e+07
1.68123e+07
1.63867e+07
1.59509e+07
1.55054e+07
1.50505e+07
1.45863e+07
1.41129e+07
1.36306e+07
1.314e+07
1.26421e+07
1.21386e+07
1.16318e+07
1.11247e+07
1.06212e+07
1.01262e+07
9.64517e+06
9.18514e+06
8.75438e+06
8.36292e+06
8.02273e+06
7.74766e+06
7.55245e+06
7.45059e+06
1.83902e+07
1.83892e+07
1.83872e+07
1.8383e+07
1.79793e+07
1.76027e+07
1.7214e+07
1.68121e+07
1.63972e+07
1.59697e+07
1.553e+07
1.50784e+07
1.46151e+07
1.41404e+07
1.36545e+07
1.31575e+07
1.26502e+07
1.21338e+07
1.16105e+07
1.10831e+07
1.05553e+07
1.00316e+07
9.51749e+06
9.01961e+06
8.54634e+06
8.10839e+06
7.71965e+06
7.39772e+06
7.1636e+06
7.03889e+06
1.83616e+07
1.83616e+07
1.83595e+07
1.83558e+07
1.79662e+07
1.75932e+07
1.72149e+07
1.68248e+07
1.64202e+07
1.60007e+07
1.55664e+07
1.51178e+07
1.46554e+07
1.41793e+07
1.36893e+07
1.31853e+07
1.26673e+07
1.2136e+07
1.15933e+07
1.10419e+07
1.04852e+07
9.92748e+06
9.37358e+06
8.82948e+06
8.30297e+06
7.80468e+06
7.34976e+06
6.95996e+06
6.66533e+06
6.50247e+06
1.83269e+07
1.83278e+07
1.83321e+07
1.83272e+07
1.79441e+07
1.75889e+07
1.72278e+07
1.68519e+07
1.64583e+07
1.60465e+07
1.56171e+07
1.51711e+07
1.47094e+07
1.4232e+07
1.37383e+07
1.32271e+07
1.26976e+07
1.21497e+07
1.15848e+07
1.10059e+07
1.04162e+07
9.81954e+06
9.21986e+06
8.62178e+06
8.03138e+06
7.4576e+06
6.91476e+06
6.42704e+06
6.03531e+06
5.8032e+06
1.82857e+07
1.8287e+07
1.83016e+07
1.81528e+07
1.78957e+07
1.75906e+07
1.72556e+07
1.68965e+07
1.65146e+07
1.611e+07
1.56843e+07
1.52402e+07
1.47791e+07
1.43011e+07
1.38047e+07
1.32873e+07
1.27463e+07
1.21802e+07
1.15905e+07
1.09806e+07
1.03542e+07
9.71462e+06
9.06453e+06
8.4064e+06
7.74317e+06
7.07957e+06
6.42466e+06
5.79813e+06
5.24566e+06
4.87182e+06
1.82426e+07
1.82406e+07
1.8234e+07
1.8104e+07
1.78953e+07
1.76222e+07
1.73075e+07
1.69639e+07
1.65938e+07
1.61945e+07
1.57701e+07
1.53262e+07
1.48657e+07
1.43886e+07
1.38921e+07
1.33712e+07
1.282e+07
1.22344e+07
1.16164e+07
1.09718e+07
1.03054e+07
9.62022e+06
8.91727e+06
8.1961e+06
7.45534e+06
6.69285e+06
5.90617e+06
5.09517e+06
4.27738e+06
3.5666e+06
1.82057e+07
1.82042e+07
1.81949e+07
1.8158e+07
1.79595e+07
1.76953e+07
1.73881e+07
1.7058e+07
1.6702e+07
1.63041e+07
1.58752e+07
1.54287e+07
1.4969e+07
1.44955e+07
1.40038e+07
1.34853e+07
1.29281e+07
1.23208e+07
1.1669e+07
1.09847e+07
1.02754e+07
9.54362e+06
8.7882e+06
8.00541e+06
7.18924e+06
6.33031e+06
5.41202e+06
4.399e+06
3.20209e+06
1.5506e+06
1.81798e+07
1.81789e+07
1.81701e+07
1.81418e+07
1.81132e+07
1.78115e+07
1.74918e+07
1.7178e+07
1.68521e+07
1.64445e+07
1.59982e+07
1.55443e+07
1.5086e+07
1.46207e+07
1.41422e+07
1.36383e+07
1.30863e+07
1.24519e+07
1.17541e+07
1.10225e+07
1.02678e+07
9.49068e+06
8.68651e+06
7.84809e+06
6.96588e+06
6.02715e+06
5.01259e+06
3.88672e+06
2.58137e+06
984326
1.81681e+07
1.81649e+07
1.81486e+07
1.81e+07
1.79988e+07
1.78214e+07
1.75978e+07
1.73103e+07
1.70838e+07
1.66238e+07
1.61288e+07
1.56642e+07
1.52101e+07
1.47592e+07
1.43061e+07
1.38392e+07
1.33271e+07
1.26461e+07
1.18732e+07
1.10833e+07
1.02828e+07
9.46476e+06
8.61906e+06
7.73456e+06
6.79906e+06
5.79982e+06
4.72446e+06
3.55393e+06
2.25236e+06
789659
1.81635e+07
1.81586e+07
1.81405e+07
1.80931e+07
1.79929e+07
1.78107e+07
1.75726e+07
1.73111e+07
1.70872e+07
1.68795e+07
1.62288e+07
1.57738e+07
1.53311e+07
1.48998e+07
1.44837e+07
1.40854e+07
1.37367e+07
1.29322e+07
1.20094e+07
1.11546e+07
1.03154e+07
9.46646e+06
8.59041e+06
7.67205e+06
6.69597e+06
5.6486e+06
4.53149e+06
3.3522e+06
2.08446e+06
711614
1.81629e+07
1.81555e+07
1.81321e+07
1.8074e+07
1.79589e+07
1.77776e+07
1.75439e+07
1.72844e+07
1.70135e+07
1.66874e+07
1.62289e+07
1.57746e+07
1.53321e+07
1.49008e+07
1.4485e+07
1.40871e+07
1.37439e+07
1.34206e+07
1.20893e+07
1.12212e+07
1.03667e+07
9.50127e+06
8.60661e+06
7.66668e+06
6.66631e+06
5.59797e+06
4.47957e+06
3.30016e+06
2.02428e+06
679780
1.81714e+07
1.81618e+07
1.81303e+07
1.80535e+07
1.79231e+07
1.7738e+07
1.75055e+07
1.7236e+07
1.69313e+07
1.65834e+07
1.61861e+07
1.57602e+07
1.53285e+07
1.48969e+07
1.44715e+07
1.4037e+07
1.35758e+07
1.29611e+07
1.20859e+07
1.12215e+07
1.03673e+07
9.50206e+06
8.60793e+06
7.66984e+06
6.67539e+06
5.61585e+06
4.48729e+06
3.28321e+06
2.00744e+06
677270
1.82445e+07
1.8219e+07
1.81628e+07
1.80603e+07
1.79089e+07
1.77114e+07
1.74705e+07
1.71905e+07
1.68734e+07
1.65258e+07
1.61491e+07
1.57454e+07
1.53252e+07
1.48926e+07
1.44457e+07
1.39662e+07
1.34275e+07
1.27887e+07
1.2039e+07
1.12333e+07
1.04039e+07
9.55069e+06
8.66385e+06
7.7331e+06
6.74822e+06
5.69901e+06
4.57362e+06
3.36123e+06
2.06399e+06
699458
1.8379e+07
1.83373e+07
1.82467e+07
1.811e+07
1.79307e+07
1.77131e+07
1.74591e+07
1.71709e+07
1.68516e+07
1.65061e+07
1.61371e+07
1.57448e+07
1.53309e+07
1.48942e+07
1.44284e+07
1.39208e+07
1.33561e+07
1.27255e+07
1.20269e+07
1.12712e+07
1.0473e+07
9.6377e+06
8.76209e+06
7.84171e+06
6.86916e+06
5.83748e+06
4.73125e+06
3.53047e+06
2.20739e+06
761829
1.85973e+07
1.85186e+07
1.8379e+07
1.81985e+07
1.79859e+07
1.77446e+07
1.74756e+07
1.71798e+07
1.68588e+07
1.65149e+07
1.61495e+07
1.57617e+07
1.53496e+07
1.49091e+07
1.44342e+07
1.39175e+07
1.33525e+07
1.27363e+07
1.20674e+07
1.13459e+07
1.05751e+07
9.75848e+06
8.89621e+06
7.98749e+06
7.02858e+06
6.01749e+06
4.9436e+06
3.78732e+06
2.48102e+06
927072
1.89066e+07
1.87491e+07
1.85409e+07
1.83112e+07
1.80639e+07
1.77987e+07
1.75143e+07
1.72103e+07
1.68866e+07
1.65432e+07
1.61797e+07
1.57943e+07
1.53838e+07
1.49439e+07
1.44699e+07
1.39572e+07
1.34021e+07
1.2802e+07
1.21542e+07
1.14562e+07
1.07071e+07
9.9078e+06
9.05978e+06
8.16371e+06
7.21885e+06
6.22483e+06
5.18257e+06
4.09338e+06
2.91264e+06
1.41678e+06
1.93036e+07
1.89863e+07
1.8707e+07
1.84329e+07
1.81542e+07
1.78668e+07
1.75679e+07
1.72558e+07
1.69288e+07
1.65856e+07
1.62243e+07
1.58424e+07
1.54366e+07
1.5003e+07
1.45376e+07
1.40363e+07
1.34956e+07
1.29118e+07
1.22813e+07
1.16011e+07
1.08696e+07
1.00861e+07
9.25201e+06
8.36984e+06
7.44069e+06
6.45984e+06
5.44032e+06
4.38301e+06
3.39075e+06
2.66356e+06
1.96139e+07
1.92144e+07
1.88723e+07
1.85575e+07
1.82509e+07
1.79441e+07
1.76324e+07
1.73131e+07
1.69836e+07
1.66416e+07
1.62845e+07
1.59095e+07
1.55128e+07
1.50909e+07
1.46395e+07
1.41542e+07
1.36305e+07
1.30633e+07
1.24483e+07
1.1782e+07
1.10643e+07
1.02947e+07
9.47213e+06
8.60339e+06
7.68826e+06
6.73223e+06
5.72887e+06
4.72323e+06
3.85718e+06
3.20139e+06
1.98491e+07
1.94236e+07
1.90419e+07
1.86912e+07
1.83575e+07
1.80316e+07
1.77075e+07
1.73815e+07
1.70503e+07
1.67112e+07
1.63608e+07
1.59962e+07
1.56126e+07
1.52066e+07
1.47727e+07
1.43066e+07
1.38019e+07
1.32518e+07
1.26506e+07
1.19933e+07
1.12834e+07
1.05236e+07
9.71614e+06
8.85286e+06
7.94039e+06
7.04271e+06
6.05706e+06
4.97067e+06
4.12737e+06
3.69355e+06
2.00327e+07
1.9596e+07
1.91916e+07
1.88155e+07
1.84601e+07
1.8118e+07
1.77833e+07
1.74522e+07
1.71209e+07
1.67869e+07
1.64461e+07
1.60955e+07
1.57294e+07
1.53443e+07
1.49321e+07
1.44894e+07
1.40056e+07
1.34731e+07
1.2884e+07
1.22338e+07
1.15187e+07
1.07537e+07
9.99215e+06
9.1377e+06
8.13925e+06
7.36252e+06
6.68253e+06
5.03065e+06
4.16074e+06
3.72208e+06
2.01768e+07
1.97343e+07
1.9318e+07
1.89266e+07
1.8556e+07
1.82016e+07
1.78589e+07
1.75244e+07
1.7195e+07
1.68682e+07
1.65406e+07
1.62083e+07
1.58657e+07
1.55067e+07
1.51216e+07
1.4705e+07
1.42418e+07
1.37248e+07
1.31429e+07
1.25099e+07
1.17808e+07
1.09298e+07
1.02719e+07
9.69891e+06
8.17324e+06
7.37462e+06
6.77418e+06
5.91667e+06
5.28502e+06
4.95515e+06
2.0289e+07
1.98434e+07
1.94206e+07
1.902e+07
1.86395e+07
1.82765e+07
1.7928e+07
1.75916e+07
1.72652e+07
1.69468e+07
1.66343e+07
1.63235e+07
1.60097e+07
1.5683e+07
1.53334e+07
1.49461e+07
1.44978e+07
1.39958e+07
1.34122e+07
1.27897e+07
1.22598e+07
1.09418e+07
1.02736e+07
9.57523e+06
8.62257e+06
7.84835e+06
7.19877e+06
6.57681e+06
6.10752e+06
5.85835e+06
2.03746e+07
1.99271e+07
1.95005e+07
1.90945e+07
1.87079e+07
1.83394e+07
1.79871e+07
1.76502e+07
1.73271e+07
1.70176e+07
1.67207e+07
1.64341e+07
1.61542e+07
1.58694e+07
1.55692e+07
1.52204e+07
1.47755e+07
1.42728e+07
1.38633e+07
1.27961e+07
1.20685e+07
1.11729e+07
1.04067e+07
9.66575e+06
8.89347e+06
8.19745e+06
7.59575e+06
7.08427e+06
6.70989e+06
6.5124e+06
2.04365e+07
1.99881e+07
1.95593e+07
1.91501e+07
1.87598e+07
1.83881e+07
1.80336e+07
1.76966e+07
1.73765e+07
1.70748e+07
1.67915e+07
1.65284e+07
1.62827e+07
1.60471e+07
1.58078e+07
1.5524e+07
1.5151e+07
1.43247e+07
1.36843e+07
1.28625e+07
1.20782e+07
1.12747e+07
1.05146e+07
9.78759e+06
9.08809e+06
8.45225e+06
7.9025e+06
7.45465e+06
7.13539e+06
6.96896e+06
2.04769e+07
2.00278e+07
1.95978e+07
1.91869e+07
1.87947e+07
1.84211e+07
1.80655e+07
1.77287e+07
1.74108e+07
1.71144e+07
1.68408e+07
1.65954e+07
1.63786e+07
1.61928e+07
1.60239e+07
1.58429e+07
1.54023e+07
1.44818e+07
1.36899e+07
1.28914e+07
1.2107e+07
1.13333e+07
1.05894e+07
9.88191e+06
9.21907e+06
8.62098e+06
8.10734e+06
7.69645e+06
7.40806e+06
7.25908e+06
2.04969e+07
2.00475e+07
1.9617e+07
1.92053e+07
1.88122e+07
1.84377e+07
1.80818e+07
1.77451e+07
1.74283e+07
1.71344e+07
1.68658e+07
1.6629e+07
1.6428e+07
1.62755e+07
1.61694e+07
1.61456e+07
1.53469e+07
1.45103e+07
1.37021e+07
1.29062e+07
1.2125e+07
1.1362e+07
1.06277e+07
9.93162e+06
9.28531e+06
8.70524e+06
8.20944e+06
7.81574e+06
7.54134e+06
7.40021e+06
)
;

boundaryField
{
    inlet1
    {
        type            fixedGradient;
        gradient        uniform 20000;
    }
    inlet2
    {
        type            zeroGradient;
    }
    inlet3
    {
        type            fixedGradient;
        gradient        uniform 4.68141e+06;
    }
    output1
    {
        type            zeroGradient;
    }
    output2
    {
        type            fixedValue;
        value           uniform 0;
    }
    output3
    {
        type            zeroGradient;
    }
    up
    {
        type            zeroGradient;
    }
    down
    {
        type            zeroGradient;
    }
    emptyWalls
    {
        type            empty;
    }
}


// ************************************************************************* //
