/*--------------------------------*- C++ -*----------------------------------*\
  =========                 |
  \\      /  F ield         | OpenFOAM: The Open Source CFD Toolbox
   \\    /   O peration     | Website:  https://openfoam.org
    \\  /    A nd           | Version:  9
     \\/     M anipulation  |
\*---------------------------------------------------------------------------*/
FoamFile
{
    format      ascii;
    class       volVectorField;
    location    "16000";
    object      ut;
}
// * * * * * * * * * * * * * * * * * * * * * * * * * * * * * * * * * * * * * //

dimensions      [0 1 -1 0 0 0 0];

internalField   nonuniform List<vector> 
900
(
(4.57297e-06 5.57108e-06 -0)
(9.55661e-07 6.41763e-07 -0)
(1.47599e-07 1.39667e-08 -0)
(1.80474e-07 -7.46466e-09 -0)
(1.18295e-07 -1.31691e-08 -0)
(2.05715e-07 2.7424e-09 -0)
(1.99044e-07 3.4874e-09 -0)
(1.93361e-07 2.19462e-09 -0)
(1.90137e-07 1.02927e-09 -0)
(1.88877e-07 2.29828e-10 -0)
(1.88919e-07 -2.71665e-10 -0)
(1.89744e-07 -5.53826e-10 -0)
(1.90966e-07 -6.67361e-10 -0)
(1.92273e-07 -6.3946e-10 -0)
(1.93394e-07 -4.81851e-10 -0)
(1.94072e-07 -1.96617e-10 -0)
(1.94049e-07 2.19686e-10 -0)
(1.93056e-07 7.73107e-10 -0)
(1.90812e-07 1.47015e-09 -0)
(1.87026e-07 2.3163e-09 -0)
(1.81395e-07 3.31476e-09 -0)
(1.73615e-07 4.46461e-09 -0)
(1.63392e-07 5.75763e-09 -0)
(1.50461e-07 7.17344e-09 -0)
(1.34613e-07 8.67346e-09 -0)
(1.15744e-07 1.01949e-08 -0)
(9.39015e-08 1.16463e-08 -0)
(6.93447e-08 1.29098e-08 -0)
(4.25801e-08 1.38542e-08 -0)
(1.43627e-08 1.4362e-08 -0)
(4.32112e-06 8.86293e-06 -0)
(4.814e-07 8.51985e-07 -0)
(2.82512e-06 2.9816e-06 -0)
(4.00522e-07 -9.67794e-09 -0)
(1.19729e-07 3.89942e-08 -0)
(2.22484e-07 2.24838e-08 -0)
(1.98496e-07 1.24998e-08 -0)
(1.90903e-07 6.45631e-09 -0)
(1.88172e-07 2.72189e-09 -0)
(1.87576e-07 3.91703e-10 -0)
(1.88135e-07 -1.0342e-09 -0)
(1.89349e-07 -1.83009e-09 -0)
(1.9088e-07 -2.14351e-09 -0)
(1.92458e-07 -2.04824e-09 -0)
(1.93837e-07 -1.57346e-09 -0)
(1.94774e-07 -7.21134e-10 -0)
(1.95019e-07 5.21933e-10 -0)
(1.94306e-07 2.17577e-09 -0)
(1.92356e-07 4.26125e-09 -0)
(1.8887e-07 6.79636e-09 -0)
(1.83543e-07 9.79269e-09 -0)
(1.76058e-07 1.32505e-08 -0)
(1.66101e-07 1.71496e-08 -0)
(1.53377e-07 2.14354e-08 -0)
(1.37635e-07 2.59986e-08 -0)
(1.18717e-07 3.06546e-08 -0)
(9.66164e-08 3.51264e-08 -0)
(7.15526e-08 3.90475e-08 -0)
(4.40323e-08 4.19987e-08 -0)
(1.48705e-08 4.35937e-08 -0)
(3.79232e-06 1.887e-05 -0)
(4.24438e-07 3.85152e-06 -0)
(-9.6255e-08 2.59916e-06 -0)
(6.23627e-08 3.93644e-09 -0)
(1.41815e-07 7.74665e-08 -0)
(1.7825e-07 3.51598e-08 -0)
(1.83016e-07 1.75714e-08 -0)
(1.83584e-07 8.40899e-09 -0)
(1.84072e-07 3.01046e-09 -0)
(1.85121e-07 -3.50439e-10 -0)
(1.86697e-07 -2.42661e-09 -0)
(1.88635e-07 -3.58896e-09 -0)
(1.90748e-07 -4.02861e-09 -0)
(1.92843e-07 -3.83677e-09 -0)
(1.94721e-07 -3.04268e-09 -0)
(1.96168e-07 -1.63652e-09 -0)
(1.96946e-07 4.13244e-10 -0)
(1.96795e-07 3.14663e-09 -0)
(1.95433e-07 6.60268e-09 -0)
(1.92557e-07 1.08151e-08 -0)
(1.87849e-07 1.5809e-08 -0)
(1.80972e-07 2.15947e-08 -0)
(1.71577e-07 2.81547e-08 -0)
(1.5931e-07 3.54193e-08 -0)
(1.43833e-07 4.32306e-08 -0)
(1.24872e-07 5.12983e-08 -0)
(1.02294e-07 5.91572e-08 -0)
(7.6217e-08 6.61542e-08 -0)
(4.71263e-08 7.14989e-08 -0)
(1.59576e-08 7.44203e-08 -0)
(2.80045e-06 2.48407e-05 -0)
(-9.62754e-08 6.64078e-06 -0)
(2.97207e-08 1.55085e-06 -0)
(5.41642e-08 5.08281e-09 -0)
(1.54398e-07 3.5336e-08 -0)
(1.62572e-07 2.45626e-08 -0)
(1.71745e-07 1.42172e-08 -0)
(1.76342e-07 6.59808e-09 -0)
(1.79413e-07 1.26153e-09 -0)
(1.82139e-07 -2.37736e-09 -0)
(1.84897e-07 -4.73303e-09 -0)
(1.87747e-07 -6.0707e-09 -0)
(1.90632e-07 -6.54536e-09 -0)
(1.93444e-07 -6.2278e-09 -0)
(1.96037e-07 -5.1241e-09 -0)
(1.9823e-07 -3.19551e-09 -0)
(1.99802e-07 -3.78842e-10 -0)
(2.00496e-07 3.39493e-09 -0)
(2.00024e-07 8.1879e-09 -0)
(1.98077e-07 1.40525e-08 -0)
(1.94322e-07 2.10333e-08 -0)
(1.88404e-07 2.91644e-08 -0)
(1.79926e-07 3.84552e-08 -0)
(1.68453e-07 4.88567e-08 -0)
(1.53514e-07 6.02065e-08 -0)
(1.34643e-07 7.21504e-08 -0)
(1.11472e-07 8.40498e-08 -0)
(8.38943e-08 9.4913e-08 -0)
(5.22984e-08 1.03422e-07 -0)
(1.77919e-08 1.08169e-07 -0)
(3.332e-06 3.73426e-05 -0)
(4.21275e-07 7.60449e-06 -0)
(1.62659e-07 1.78894e-06 -0)
(5.57511e-08 6.22755e-09 -0)
(1.59201e-07 1.51512e-08 -0)
(1.5713e-07 1.35458e-08 -0)
(1.65052e-07 8.13682e-09 -0)
(1.70628e-07 2.50461e-09 -0)
(1.75097e-07 -2.18515e-09 -0)
(1.79127e-07 -5.68768e-09 -0)
(1.83004e-07 -8.05773e-09 -0)
(1.86823e-07 -9.41566e-09 -0)
(1.90591e-07 -9.85435e-09 -0)
(1.94264e-07 -9.40466e-09 -0)
(1.97753e-07 -8.03012e-09 -0)
(2.00913e-07 -5.64232e-09 -0)
(2.03536e-07 -2.12758e-09 -0)
(2.05362e-07 2.6241e-09 -0)
(2.06091e-07 8.70123e-09 -0)
(2.05403e-07 1.61735e-08 -0)
(2.02961e-07 2.51072e-08 -0)
(1.98394e-07 3.55747e-08 -0)
(1.9127e-07 4.76449e-08 -0)
(1.81061e-07 6.13456e-08 -0)
(1.67126e-07 7.65884e-08 -0)
(1.48715e-07 9.3046e-08 -0)
(1.25057e-07 1.09978e-07 -0)
(9.55892e-08 1.26026e-07 -0)
(6.03818e-08 1.39107e-07 -0)
(2.07043e-08 1.46664e-07 -0)
(2.2766e-06 3.86627e-05 -0)
(6.3041e-07 1.04883e-05 -0)
(2.22731e-07 1.85086e-06 -0)
(6.89749e-08 8.75549e-09 -0)
(1.58598e-07 6.71518e-09 -0)
(1.55557e-07 6.33375e-09 -0)
(1.60704e-07 2.27957e-09 -0)
(1.6602e-07 -2.53151e-09 -0)
(1.71221e-07 -6.81924e-09 -0)
(1.76267e-07 -1.01305e-08 -0)
(1.81169e-07 -1.23945e-08 -0)
(1.8595e-07 -1.36797e-08 -0)
(1.90643e-07 -1.40517e-08 -0)
(1.95268e-07 -1.35059e-08 -0)
(1.99799e-07 -1.19488e-08 -0)
(2.04132e-07 -9.2158e-09 -0)
(2.08068e-07 -5.11331e-09 -0)
(2.11325e-07 5.27668e-10 -0)
(2.13574e-07 7.81924e-09 -0)
(2.14483e-07 1.68333e-08 -0)
(2.13724e-07 2.76477e-08 -0)
(2.10941e-07 4.03824e-08 -0)
(2.05697e-07 5.52039e-08 -0)
(1.97396e-07 7.22919e-08 -0)
(1.85214e-07 9.17548e-08 -0)
(1.68033e-07 1.13468e-07 -0)
(1.44453e-07 1.36788e-07 -0)
(1.13024e-07 1.60108e-07 -0)
(7.29359e-08 1.80317e-07 -0)
(2.53486e-08 1.92715e-07 -0)
(1.89603e-06 5.74384e-05 -0)
(2.7965e-07 8.15059e-06 -0)
(2.4015e-07 2.29853e-06 -0)
(7.67841e-08 1.08788e-08 -0)
(1.55011e-07 7.14201e-09 -0)
(1.52694e-07 2.79444e-09 -0)
(1.56187e-07 -2.82086e-09 -0)
(1.61529e-07 -8.09099e-09 -0)
(1.67498e-07 -1.24297e-08 -0)
(1.73551e-07 -1.56207e-08 -0)
(1.79455e-07 -1.77104e-08 -0)
(1.85166e-07 -1.88565e-08 -0)
(1.90764e-07 -1.91669e-08 -0)
(1.96367e-07 -1.86187e-08 -0)
(2.02043e-07 -1.70436e-08 -0)
(2.07748e-07 -1.41585e-08 -0)
(2.1328e-07 -9.63756e-09 -0)
(2.18294e-07 -3.21912e-09 -0)
(2.22396e-07 5.21517e-09 -0)
(2.25231e-07 1.56929e-08 -0)
(2.2651e-07 2.82679e-08 -0)
(2.2595e-07 4.3103e-08 -0)
(2.23179e-07 6.04967e-08 -0)
(2.17612e-07 8.08637e-08 -0)
(2.08302e-07 1.04671e-07 -0)
(1.93749e-07 1.32281e-07 -0)
(1.71697e-07 1.63601e-07 -0)
(1.39117e-07 1.973e-07 -0)
(9.29896e-08 2.29336e-07 -0)
(3.31032e-08 2.51166e-07 -0)
(8.50406e-07 5.6246e-05 -0)
(-7.19392e-07 1.03931e-05 -0)
(2.51144e-08 2.53296e-06 -0)
(7.82386e-08 4.09445e-08 -0)
(1.50064e-07 1.43199e-08 -0)
(1.45595e-07 5.22776e-10 -0)
(1.49819e-07 -8.26646e-09 -0)
(1.56412e-07 -1.45818e-08 -0)
(1.63691e-07 -1.91882e-08 -0)
(1.70986e-07 -2.22119e-08 -0)
(1.77933e-07 -2.397e-08 -0)
(1.84494e-07 -2.4869e-08 -0)
(1.90881e-07 -2.51404e-08 -0)
(1.97392e-07 -2.47582e-08 -0)
(2.0426e-07 -2.34485e-08 -0)
(2.11538e-07 -2.07366e-08 -0)
(2.19008e-07 -1.6059e-08 -0)
(2.26177e-07 -8.98173e-09 -0)
(2.32486e-07 5.67736e-10 -0)
(2.37536e-07 1.24555e-08 -0)
(2.41134e-07 2.66281e-08 -0)
(2.4317e-07 4.32649e-08 -0)
(2.43457e-07 6.28157e-08 -0)
(2.41571e-07 8.59966e-08 -0)
(2.36632e-07 1.13785e-07 -0)
(2.26963e-07 1.47386e-07 -0)
(2.09471e-07 1.88037e-07 -0)
(1.78759e-07 2.36154e-07 -0)
(1.26802e-07 2.88563e-07 -0)
(4.71782e-08 3.31447e-07 -0)
(6.92822e-07 7.65967e-05 -0)
(-1.37113e-06 7.5579e-06 -0)
(2.11241e-08 1.54418e-08 -0)
(8.24919e-08 4.53673e-08 -0)
(1.14263e-07 9.91652e-09 -0)
(1.30108e-07 -6.75691e-09 -0)
(1.41082e-07 -1.61861e-08 -0)
(1.50607e-07 -2.27817e-08 -0)
(1.59868e-07 -2.75293e-08 -0)
(1.6877e-07 -3.00688e-08 -0)
(1.76798e-07 -3.10883e-08 -0)
(1.83995e-07 -3.15091e-08 -0)
(1.90875e-07 -3.17672e-08 -0)
(1.98059e-07 -3.18246e-08 -0)
(2.06065e-07 -3.12554e-08 -0)
(2.15138e-07 -2.92806e-08 -0)
(2.25035e-07 -2.488e-08 -0)
(2.34921e-07 -1.72167e-08 -0)
(2.43833e-07 -6.41816e-09 -0)
(2.51291e-07 6.93333e-09 -0)
(2.57319e-07 2.2524e-08 -0)
(2.62138e-07 4.05129e-08 -0)
(2.65911e-07 6.15045e-08 -0)
(2.68581e-07 8.6523e-08 -0)
(2.69691e-07 1.17086e-07 -0)
(2.68001e-07 1.55443e-07 -0)
(2.60465e-07 2.05006e-07 -0)
(2.39644e-07 2.70716e-07 -0)
(1.88282e-07 3.57317e-07 -0)
(7.59866e-08 4.54612e-07 -0)
(3.74927e-06 7.42873e-05 -0)
(9.69962e-07 9.35286e-06 -0)
(1.8151e-08 1.41842e-08 -0)
(6.88364e-08 -1.07104e-09 -0)
(9.79397e-08 -1.29575e-08 -0)
(1.19492e-07 -2.1281e-08 -0)
(1.33794e-07 -2.69395e-08 -0)
(1.45068e-07 -3.28294e-08 -0)
(1.56404e-07 -3.8078e-08 -0)
(1.67427e-07 -3.94457e-08 -0)
(1.76493e-07 -3.88053e-08 -0)
(1.83815e-07 -3.83117e-08 -0)
(1.90566e-07 -3.85946e-08 -0)
(1.97904e-07 -3.95175e-08 -0)
(2.06804e-07 -4.04674e-08 -0)
(2.17914e-07 -4.02508e-08 -0)
(2.31072e-07 -3.69641e-08 -0)
(2.44639e-07 -2.85867e-08 -0)
(2.56636e-07 -1.59573e-08 -0)
(2.66478e-07 -8.2798e-10 -0)
(2.74713e-07 1.60214e-08 -0)
(2.8215e-07 3.47581e-08 -0)
(2.89468e-07 5.61676e-08 -0)
(2.97152e-07 8.1505e-08 -0)
(3.05552e-07 1.12593e-07 -0)
(3.14884e-07 1.52294e-07 -0)
(3.24744e-07 2.0583e-07 -0)
(3.31069e-07 2.84388e-07 -0)
(3.10697e-07 4.15376e-07 -0)
(1.44473e-07 6.75071e-07 -0)
(2.17148e-06 8.98038e-05 -0)
(1.94049e-06 1.10652e-05 -0)
(8.38032e-07 1.16131e-06 -0)
(4.5087e-08 -7.2343e-09 -0)
(9.40533e-08 -4.42782e-08 -0)
(1.16126e-07 -3.84857e-08 -0)
(1.29534e-07 -3.74612e-08 -0)
(1.39469e-07 -4.3518e-08 -0)
(1.53252e-07 -5.25079e-08 -0)
(1.68042e-07 -5.08308e-08 -0)
(1.77932e-07 -4.63753e-08 -0)
(1.84206e-07 -4.43376e-08 -0)
(1.89669e-07 -4.47822e-08 -0)
(1.96186e-07 -4.71838e-08 -0)
(2.05332e-07 -5.08462e-08 -0)
(2.18641e-07 -5.4291e-08 -0)
(2.36699e-07 -5.41388e-08 -0)
(2.55928e-07 -4.42087e-08 -0)
(2.71592e-07 -2.79966e-08 -0)
(2.8327e-07 -1.03101e-08 -0)
(2.92905e-07 7.63185e-09 -0)
(3.02284e-07 2.63306e-08 -0)
(3.12658e-07 4.69037e-08 -0)
(3.25006e-07 7.07367e-08 -0)
(3.4048e-07 9.94867e-08 -0)
(3.61238e-07 1.3531e-07 -0)
(3.92559e-07 1.81631e-07 -0)
(4.49191e-07 2.45629e-07 -0)
(5.78966e-07 3.44731e-07 -0)
(9.66033e-07 5.24874e-07 -0)
(1.63827e-06 6.92376e-05 -0)
(2.59254e-06 1.04628e-05 -0)
(2.13743e-06 2.6648e-06 -0)
(2.01021e-06 2.05082e-06 -0)
(5.1152e-08 -6.09166e-09 -0)
(1.26137e-07 -2.56004e-08 -0)
(1.28762e-07 -4.26084e-08 -0)
(1.30022e-07 -5.12735e-08 -0)
(1.49091e-07 -7.76051e-08 -0)
(1.7356e-07 -6.49941e-08 -0)
(1.82986e-07 -5.15275e-08 -0)
(1.85408e-07 -4.78809e-08 -0)
(1.87719e-07 -4.90133e-08 -0)
(1.9184e-07 -5.35892e-08 -0)
(1.99696e-07 -6.14427e-08 -0)
(2.14621e-07 -7.19284e-08 -0)
(2.41154e-07 -8.10917e-08 -0)
(2.70781e-07 -6.61127e-08 -0)
(2.90534e-07 -4.15099e-08 -0)
(3.02106e-07 -2.00473e-08 -0)
(3.11354e-07 -1.51492e-09 -0)
(3.21422e-07 1.60295e-08 -0)
(3.33874e-07 3.43796e-08 -0)
(3.49735e-07 5.50516e-08 -0)
(3.70125e-07 7.93072e-08 -0)
(3.97028e-07 1.07829e-07 -0)
(4.35064e-07 1.39754e-07 -0)
(4.94169e-07 1.71768e-07 -0)
(5.89942e-07 1.93043e-07 -0)
(7.24765e-07 1.5467e-07 -0)
(1.66875e-05 8.49862e-05 -0)
(9.07431e-06 9.47169e-06 -0)
(2.63977e-06 1.20221e-06 -0)
(2.55022e-06 8.28671e-07 -0)
(2.0321e-06 8.77841e-07 -0)
(2.71882e-06 5.27975e-09 -0)
(8.78619e-08 -1.38862e-08 -0)
(1.04472e-07 -2.7038e-08 -0)
(1.3953e-07 -4.77899e-08 -0)
(1.9412e-07 -8.8403e-08 -0)
(1.95045e-07 -4.68643e-08 -0)
(1.8672e-07 -4.66499e-08 -0)
(1.83961e-07 -4.98134e-08 -0)
(1.83757e-07 -5.67173e-08 -0)
(1.86993e-07 -6.94068e-08 -0)
(1.98992e-07 -9.08885e-08 -0)
(2.42514e-07 -1.32187e-07 -0)
(2.9551e-07 -9.76404e-08 -0)
(3.17658e-07 -5.18825e-08 -0)
(3.23265e-07 -2.68539e-08 -0)
(3.28982e-07 -9.67385e-09 -0)
(3.38178e-07 4.92255e-09 -0)
(3.5168e-07 1.95333e-08 -0)
(3.69934e-07 3.57829e-08 -0)
(3.93257e-07 5.48618e-08 -0)
(4.21684e-07 7.69436e-08 -0)
(4.56499e-07 9.77871e-08 -0)
(5.0248e-07 1.08647e-07 -0)
(5.61867e-07 1.01003e-07 -0)
(6.18321e-07 5.54316e-08 -0)
(4.4331e-05 4.61681e-05 -0)
(6.25677e-05 2.56635e-05 -0)
(5.87658e-05 1.47877e-05 -0)
(5.20522e-05 9.15267e-06 -0)
(3.67859e-05 5.19263e-06 -0)
(3.14747e-05 3.28114e-06 -0)
(2.78013e-05 2.99856e-06 -0)
(2.34965e-05 1.25246e-06 -0)
(2.37661e-05 3.87284e-06 -0)
(1.18142e-07 -8.74803e-09 -0)
(2.24641e-07 -2.03368e-08 -0)
(1.82384e-07 -2.24278e-08 -0)
(1.7747e-07 -2.47587e-08 -0)
(1.72245e-07 -2.87885e-08 -0)
(1.65524e-07 -3.63693e-08 -0)
(1.5184e-07 -5.0374e-08 -0)
(2.34401e-07 -8.47244e-08 -0)
(3.51086e-07 -1.57415e-07 -0)
(3.61321e-07 -4.39162e-08 -0)
(3.44315e-07 -2.8035e-08 -0)
(3.4313e-07 -1.70573e-08 -0)
(3.50629e-07 -7.42176e-09 -0)
(3.64734e-07 2.53089e-09 -0)
(3.85063e-07 1.37978e-08 -0)
(4.11286e-07 2.69823e-08 -0)
(4.39953e-07 4.10271e-08 -0)
(4.66767e-07 4.97756e-08 -0)
(4.97385e-07 5.15831e-08 -0)
(5.36726e-07 4.63594e-08 -0)
(5.68331e-07 2.23341e-08 -0)
(1.6086e-05 -1.69724e-05 -0)
(4.34846e-05 -4.55476e-06 -0)
(5.78346e-05 7.28078e-06 -0)
(6.03857e-05 1.38214e-05 -0)
(6.50425e-05 1.53162e-05 -0)
(5.84083e-05 1.02415e-05 -0)
(6.3514e-05 8.63551e-06 -0)
(5.40412e-05 7.64555e-06 -0)
(6.02756e-05 1.57402e-05 -0)
(4.54721e-05 1.71584e-05 -0)
(4.39237e-05 2.05221e-06 -0)
(4.27655e-05 6.48421e-07 -0)
(4.08509e-05 1.2017e-07 -0)
(4.16068e-05 1.40393e-07 -0)
(3.994e-05 5.99922e-07 -0)
(3.65309e-05 2.389e-06 -0)
(3.2252e-05 7.78463e-06 -0)
(2.20865e-07 -3.85692e-09 -0)
(3.15451e-07 -1.09749e-08 -0)
(2.35173e-07 -9.13952e-09 -0)
(2.28353e-07 -6.88666e-09 -0)
(2.34089e-07 -4.73387e-09 -0)
(2.55705e-07 -2.44216e-09 -0)
(3.12644e-07 3.55857e-10 -0)
(4.8062e-07 4.78262e-09 -0)
(9.86042e-07 1.47691e-08 -0)
(1.88574e-06 3.62774e-08 -0)
(1.67352e-06 4.70217e-08 -0)
(5.78692e-07 1.70105e-08 -0)
(4.0585e-07 5.15459e-09 -0)
(1.81579e-06 -1.54135e-05 -0)
(7.84792e-06 -1.21333e-05 -0)
(1.42591e-05 -4.03908e-06 -0)
(2.40088e-05 1.58878e-06 -0)
(3.57791e-05 5.67768e-06 -0)
(4.08226e-05 6.4741e-06 -0)
(4.56728e-05 6.67539e-06 -0)
(4.70116e-05 7.68706e-06 -0)
(5.05027e-05 1.08359e-05 -0)
(5.95601e-05 1.29169e-05 -0)
(5.89792e-05 5.7155e-06 -0)
(5.93014e-05 2.01959e-06 -0)
(5.94168e-05 4.7269e-07 -0)
(5.91486e-05 5.69225e-07 -0)
(6.05974e-05 2.77209e-06 -0)
(5.51035e-05 7.43621e-06 -0)
(5.97839e-05 1.75819e-05 -0)
(4.89552e-05 2.07605e-05 -0)
(5.02036e-05 1.45186e-06 -0)
(5.04069e-05 -3.54893e-07 -0)
(5.27262e-05 -1.1397e-06 -0)
(5.65224e-05 -1.58753e-06 -0)
(6.11917e-05 -1.91158e-06 -0)
(6.6553e-05 -2.28735e-06 -0)
(7.27056e-05 -2.8993e-06 -0)
(7.96813e-05 -3.67933e-06 -0)
(8.77031e-05 -3.536e-06 -0)
(9.58571e-05 -2.36096e-06 -0)
(0.000104364 -1.59033e-06 -0)
(0.000108548 -7.95631e-07 -0)
(3.38652e-06 -2.76083e-05 -0)
(8.16046e-06 -1.75244e-05 -0)
(1.47021e-05 -1.07843e-05 -0)
(2.13209e-05 -4.74242e-06 -0)
(2.82353e-05 -6.19273e-07 -0)
(3.3987e-05 1.92821e-06 -0)
(3.79382e-05 3.38181e-06 -0)
(4.22515e-05 4.60736e-06 -0)
(4.56589e-05 5.47386e-06 -0)
(5.33053e-05 5.68968e-06 -0)
(5.71111e-05 3.58978e-06 -0)
(5.97354e-05 1.11381e-06 -0)
(6.15894e-05 -1.71794e-07 -0)
(6.28515e-05 1.96421e-07 -0)
(6.44134e-05 2.99624e-06 -0)
(6.53659e-05 7.45649e-06 -0)
(7.05181e-05 1.3157e-05 -0)
(7.9192e-05 1.3438e-05 -0)
(8.15912e-05 3.09455e-06 -0)
(8.55638e-05 -2.60035e-06 -0)
(9.07531e-05 -5.70199e-06 -0)
(9.73566e-05 -7.58899e-06 -0)
(0.000104867 -8.89451e-06 -0)
(0.000113313 -1.01664e-05 -0)
(0.000122512 -1.16709e-05 -0)
(0.000132613 -1.35158e-05 -0)
(0.000144476 -1.5077e-05 -0)
(0.000157967 -1.55635e-05 -0)
(0.000174247 -1.30897e-05 -0)
(0.000184651 -5.65012e-06 -0)
(3.59322e-06 -3.03675e-05 -0)
(1.08943e-05 -2.46619e-05 -0)
(1.8394e-05 -1.74992e-05 -0)
(2.58564e-05 -1.13045e-05 -0)
(3.25804e-05 -6.32388e-06 -0)
(3.85037e-05 -2.71328e-06 -0)
(4.32567e-05 -4.0669e-07 -0)
(4.78554e-05 8.48676e-07 -0)
(5.21116e-05 1.14719e-06 -0)
(5.70294e-05 8.66923e-07 -0)
(6.14701e-05 -3.09084e-08 -0)
(6.50331e-05 -1.3175e-06 -0)
(6.78687e-05 -1.94793e-06 -0)
(7.02149e-05 -1.28613e-06 -0)
(7.29202e-05 8.62696e-07 -0)
(7.7248e-05 3.50525e-06 -0)
(8.37208e-05 5.25295e-06 -0)
(9.43605e-05 3.71964e-06 -0)
(0.000102408 -2.00077e-06 -0)
(0.000110223 -7.98445e-06 -0)
(0.000117961 -1.23593e-05 -0)
(0.000126696 -1.53875e-05 -0)
(0.000135178 -1.7489e-05 -0)
(0.000144969 -1.94821e-05 -0)
(0.000153797 -2.15142e-05 -0)
(0.000164544 -2.45115e-05 -0)
(0.000174146 -2.79282e-05 -0)
(0.000188065 -3.17496e-05 -0)
(0.000202832 -3.05519e-05 -0)
(0.000221782 -1.70013e-05 -0)
(6.38845e-06 -4.27808e-05 -0)
(1.7304e-05 -3.2641e-05 -0)
(2.73939e-05 -2.51749e-05 -0)
(3.60918e-05 -1.84695e-05 -0)
(4.34032e-05 -1.27419e-05 -0)
(4.97439e-05 -8.34255e-06 -0)
(5.52489e-05 -5.40495e-06 -0)
(6.03513e-05 -3.85513e-06 -0)
(6.51018e-05 -3.42407e-06 -0)
(6.96609e-05 -3.64251e-06 -0)
(7.40459e-05 -4.18737e-06 -0)
(7.79482e-05 -4.81718e-06 -0)
(8.15067e-05 -5.0523e-06 -0)
(8.52633e-05 -4.63022e-06 -0)
(9.00871e-05 -3.77129e-06 -0)
(9.69945e-05 -3.26103e-06 -0)
(0.000105864 -4.12396e-06 -0)
(0.000116872 -6.95416e-06 -0)
(0.000127109 -1.16344e-05 -0)
(0.000136375 -1.69014e-05 -0)
(0.000144157 -2.1255e-05 -0)
(0.00015196 -2.4448e-05 -0)
(0.000158287 -2.66062e-05 -0)
(0.000165618 -2.85548e-05 -0)
(0.000170427 -3.02517e-05 -0)
(0.000177479 -3.29721e-05 -0)
(0.000179407 -3.63068e-05 -0)
(0.000187214 -4.27938e-05 -0)
(0.000190305 -4.69234e-05 -0)
(0.000210812 -4.05129e-05 -0)
(1.22496e-05 -5.49256e-05 -0)
(3.39378e-05 -4.34047e-05 -0)
(4.65713e-05 -3.4876e-05 -0)
(5.42969e-05 -2.66947e-05 -0)
(5.97173e-05 -1.96162e-05 -0)
(6.42776e-05 -1.42867e-05 -0)
(6.8365e-05 -1.0726e-05 -0)
(7.22519e-05 -8.75274e-06 -0)
(7.58511e-05 -7.96204e-06 -0)
(7.92531e-05 -7.92665e-06 -0)
(8.25265e-05 -8.2453e-06 -0)
(8.5759e-05 -8.69165e-06 -0)
(8.92737e-05 -9.1327e-06 -0)
(9.35225e-05 -9.60995e-06 -0)
(9.91668e-05 -1.03944e-05 -0)
(0.000106321 -1.18287e-05 -0)
(0.000114872 -1.42328e-05 -0)
(0.000123798 -1.74045e-05 -0)
(0.000132147 -2.10066e-05 -0)
(0.000138828 -2.44887e-05 -0)
(0.000144007 -2.73882e-05 -0)
(0.000147928 -2.94176e-05 -0)
(0.00015086 -3.07762e-05 -0)
(0.000153058 -3.17897e-05 -0)
(0.00015401 -3.27344e-05 -0)
(0.000155063 -3.36854e-05 -0)
(0.000151712 -3.53556e-05 -0)
(0.000153513 -4.02857e-05 -0)
(0.000141527 -4.8103e-05 -0)
(0.000195745 -7.85113e-05 -0)
(8.92691e-05 -8.03919e-05 -0)
(8.11083e-05 -6.32611e-05 -0)
(7.50321e-05 -4.49435e-05 -0)
(7.11421e-05 -3.17057e-05 -0)
(6.91006e-05 -2.28244e-05 -0)
(6.87546e-05 -1.70583e-05 -0)
(6.93153e-05 -1.33987e-05 -0)
(7.06396e-05 -1.13645e-05 -0)
(7.21354e-05 -1.04382e-05 -0)
(7.402e-05 -1.03441e-05 -0)
(7.6077e-05 -1.0729e-05 -0)
(7.87968e-05 -1.15258e-05 -0)
(8.22164e-05 -1.26384e-05 -0)
(8.67053e-05 -1.41817e-05 -0)
(9.23696e-05 -1.62056e-05 -0)
(9.89178e-05 -1.87031e-05 -0)
(0.000106222 -2.15747e-05 -0)
(0.000113213 -2.43657e-05 -0)
(0.000119667 -2.68493e-05 -0)
(0.000124544 -2.87417e-05 -0)
(0.000128035 -3.01874e-05 -0)
(0.000129833 -3.10548e-05 -0)
(0.000130726 -3.14093e-05 -0)
(0.000129548 -3.14461e-05 -0)
(0.000129098 -3.17279e-05 -0)
(0.000122951 -3.11868e-05 -0)
(0.000125056 -3.28952e-05 -0)
(0.000109508 -3.3653e-05 -0)
(0.000110418 -6.0655e-05 -0)
(6.15706e-05 -0.000151099 -0)
(7.99062e-05 -5.02367e-05 -0)
(6.46496e-05 -3.81231e-05 -0)
(5.70449e-05 -2.90828e-05 -0)
(5.47084e-05 -2.27372e-05 -0)
(5.47996e-05 -1.81623e-05 -0)
(5.63094e-05 -1.50071e-05 -0)
(5.81292e-05 -1.28575e-05 -0)
(6.05715e-05 -1.17344e-05 -0)
(6.28614e-05 -1.13688e-05 -0)
(6.58977e-05 -1.1842e-05 -0)
(6.88679e-05 -1.28441e-05 -0)
(7.30137e-05 -1.45478e-05 -0)
(7.73342e-05 -1.66233e-05 -0)
(8.28943e-05 -1.9325e-05 -0)
(8.87808e-05 -2.22832e-05 -0)
(9.51365e-05 -2.54858e-05 -0)
(0.00010171 -2.85545e-05 -0)
(0.000107356 -3.08746e-05 -0)
(0.000112208 -3.2334e-05 -0)
(0.000114772 -3.2522e-05 -0)
(0.000115445 -3.21273e-05 -0)
(0.000114119 -3.13572e-05 -0)
(0.000109987 -3.01825e-05 -0)
(0.000108048 -2.92559e-05 -0)
(9.98237e-05 -2.66585e-05 -0)
(9.40166e-05 -2.79675e-05 -0)
(8.77017e-05 -2.69233e-05 -0)
(7.40552e-05 -2.32516e-05 -0)
(5.73097e-05 -2.77397e-05 -0)
(9.90871e-06 -1.55628e-05 -0)
(8.54413e-05 -4.00442e-05 -0)
(7.93482e-05 -3.75131e-05 -0)
(7.59684e-05 -3.31192e-05 -0)
(7.44535e-05 -2.80717e-05 -0)
(7.35701e-05 -2.33252e-05 -0)
(7.35676e-05 -1.96715e-05 -0)
(7.34024e-05 -1.70354e-05 -0)
(7.40738e-05 -1.56715e-05 -0)
(7.42251e-05 -1.52139e-05 -0)
(7.55779e-05 -1.59197e-05 -0)
(7.61806e-05 -1.72169e-05 -0)
(7.86488e-05 -1.95513e-05 -0)
(8.01836e-05 -2.19977e-05 -0)
(8.41127e-05 -2.53767e-05 -0)
(8.70684e-05 -2.83073e-05 -0)
(9.16242e-05 -3.16326e-05 -0)
(9.55831e-05 -3.3991e-05 -0)
(9.83024e-05 -3.49875e-05 -0)
(9.97285e-05 -3.45331e-05 -0)
(9.73816e-05 -3.21812e-05 -0)
(9.54431e-05 -2.95102e-05 -0)
(8.79926e-05 -2.57703e-05 -0)
(8.13275e-05 -2.53139e-05 -0)
(7.74002e-05 -2.32893e-05 -0)
(6.54594e-05 -1.63089e-05 -0)
(6.05556e-05 -2.02659e-05 -0)
(4.66475e-05 -2.14696e-05 -0)
(3.93033e-05 -6.26139e-06 -0)
(2.3947e-05 -5.69194e-06 -0)
(1.0245e-05 -1.22965e-05 -0)
(8.74308e-05 -3.16629e-05 -0)
(8.02816e-05 -2.96561e-05 -0)
(7.40023e-05 -2.61822e-05 -0)
(6.93196e-05 -2.23026e-05 -0)
(6.58789e-05 -1.87403e-05 -0)
(6.38274e-05 -1.60291e-05 -0)
(6.22798e-05 -1.41592e-05 -0)
(6.17733e-05 -1.33234e-05 -0)
(6.1198e-05 -1.33166e-05 -0)
(6.19074e-05 -1.44e-05 -0)
(6.21788e-05 -1.61706e-05 -0)
(6.47232e-05 -1.91613e-05 -0)
(6.6141e-05 -2.22925e-05 -0)
(7.13442e-05 -2.6854e-05 -0)
(7.36865e-05 -3.0071e-05 -0)
(8.00645e-05 -3.44281e-05 -0)
(8.22756e-05 -3.56117e-05 -0)
(8.34909e-05 -3.52088e-05 -0)
(8.05155e-05 -3.19879e-05 -0)
(7.50046e-05 -2.83822e-05 -0)
(7.11558e-05 -2.39131e-05 -0)
(5.94155e-05 -1.58095e-05 -0)
(5.46072e-05 -1.87801e-05 -0)
(4.349e-05 -1.98581e-05 -0)
(3.51188e-05 -4.60642e-06 -0)
(3.25857e-05 -7.42446e-06 -0)
(1.25847e-06 -3.87019e-07 -0)
(5.12552e-07 -1.92273e-07 -0)
(2.6598e-07 -2.35303e-07 -0)
(8.91609e-08 -2.56433e-07 -0)
(8.81107e-05 -2.47987e-05 -0)
(8.2337e-05 -2.37235e-05 -0)
(7.73351e-05 -2.19244e-05 -0)
(7.37395e-05 -1.97844e-05 -0)
(7.09641e-05 -1.75608e-05 -0)
(6.93444e-05 -1.57691e-05 -0)
(6.79449e-05 -1.45135e-05 -0)
(6.7381e-05 -1.41527e-05 -0)
(6.66342e-05 -1.46527e-05 -0)
(6.67445e-05 -1.6317e-05 -0)
(6.65218e-05 -1.89784e-05 -0)
(6.77277e-05 -2.28769e-05 -0)
(6.80674e-05 -2.71901e-05 -0)
(7.16351e-05 -3.26004e-05 -0)
(7.12047e-05 -3.56391e-05 -0)
(7.73312e-05 -4.01478e-05 -0)
(7.31865e-05 -3.67436e-05 -0)
(6.98369e-05 -3.32191e-05 -0)
(5.95924e-05 -2.59098e-05 -0)
(5.3538e-05 -2.18525e-05 -0)
(4.14926e-05 -1.94588e-05 -0)
(3.29946e-05 -4.11238e-06 -0)
(3.01941e-05 -6.90423e-06 -0)
(7.03076e-07 -1.46577e-07 -0)
(4.72428e-07 -9.82381e-08 -0)
(2.84372e-07 -9.87514e-08 -0)
(2.96343e-07 -1.04932e-07 -0)
(3.02689e-07 -3.14272e-07 -0)
(1.95439e-07 -3.95703e-07 -0)
(6.70488e-08 -4.34219e-07 -0)
(8.86381e-05 -1.91873e-05 -0)
(8.37399e-05 -1.85975e-05 -0)
(7.90994e-05 -1.75344e-05 -0)
(7.52862e-05 -1.61907e-05 -0)
(7.18354e-05 -1.46791e-05 -0)
(6.92867e-05 -1.34216e-05 -0)
(6.68186e-05 -1.25165e-05 -0)
(6.50224e-05 -1.23408e-05 -0)
(6.30503e-05 -1.29111e-05 -0)
(6.13969e-05 -1.45371e-05 -0)
(5.98448e-05 -1.72876e-05 -0)
(5.82423e-05 -2.10521e-05 -0)
(5.79993e-05 -2.61204e-05 -0)
(5.78777e-05 -3.10402e-05 -0)
(5.80966e-05 -3.52912e-05 -0)
(6.2616e-05 -3.86253e-05 -0)
(5.12173e-05 -2.87615e-05 -0)
(4.63519e-05 -2.33996e-05 -0)
(3.00876e-05 -1.79718e-05 -0)
(2.84373e-05 -7.06033e-06 -0)
(2.45796e-07 -3.82578e-08 -0)
(4.03712e-07 -4.94274e-08 -0)
(2.77767e-07 -2.74016e-08 -0)
(3.35588e-07 6.74097e-09 -0)
(3.51005e-07 -1.46394e-07 -0)
(2.89402e-07 -1.6725e-07 -0)
(2.58455e-07 -1.66991e-07 -0)
(2.21809e-07 -2.37328e-07 -0)
(1.46033e-07 -2.89621e-07 -0)
(5.06446e-08 -3.16527e-07 -0)
(8.89598e-05 -1.43335e-05 -0)
(8.46059e-05 -1.40017e-05 -0)
(8.02469e-05 -1.3364e-05 -0)
(7.65957e-05 -1.25747e-05 -0)
(7.29674e-05 -1.16312e-05 -0)
(7.03124e-05 -1.08854e-05 -0)
(6.73484e-05 -1.03214e-05 -0)
(6.53814e-05 -1.04032e-05 -0)
(6.2626e-05 -1.10163e-05 -0)
(6.06868e-05 -1.28031e-05 -0)
(5.79172e-05 -1.56014e-05 -0)
(5.53365e-05 -2.00137e-05 -0)
(5.38893e-05 -2.60557e-05 -0)
(5.02937e-05 -3.13071e-05 -0)
(5.22342e-05 -3.81836e-05 -0)
(4.89702e-05 -3.56533e-05 -0)
(2.95715e-05 -2.03843e-05 -0)
(2.61971e-05 -9.44721e-06 -0)
(2.90219e-07 -5.34776e-08 -0)
(3.64821e-07 -1.47895e-08 -0)
(3.29921e-07 3.69159e-08 -0)
(3.37769e-07 -6.76752e-08 -0)
(3.0635e-07 -4.89853e-08 -0)
(3.07584e-07 -4.31635e-08 -0)
(2.98446e-07 -9.46218e-08 -0)
(2.63775e-07 -1.22749e-07 -0)
(2.26265e-07 -1.4304e-07 -0)
(1.80059e-07 -1.78431e-07 -0)
(1.16239e-07 -2.08926e-07 -0)
(4.01425e-08 -2.25741e-07 -0)
(8.91679e-05 -9.95894e-06 -0)
(8.51318e-05 -9.77159e-06 -0)
(8.10132e-05 -9.40561e-06 -0)
(7.74587e-05 -8.95243e-06 -0)
(7.37505e-05 -8.40109e-06 -0)
(7.09334e-05 -7.97751e-06 -0)
(6.75412e-05 -7.65467e-06 -0)
(6.53097e-05 -7.8097e-06 -0)
(6.1676e-05 -8.30181e-06 -0)
(5.94542e-05 -9.83712e-06 -0)
(5.47333e-05 -1.20283e-05 -0)
(5.15119e-05 -1.63229e-05 -0)
(4.57069e-05 -2.13105e-05 -0)
(4.01714e-05 -2.73548e-05 -0)
(3.94231e-05 -3.42694e-05 -0)
(2.27218e-05 -2.15324e-05 -0)
(2.22151e-06 -1.16119e-06 -0)
(2.97986e-07 -4.24639e-08 -0)
(2.97212e-07 3.52489e-08 -0)
(3.2647e-07 -1.93733e-08 -0)
(3.22727e-07 -7.82341e-09 -0)
(3.17811e-07 -3.25884e-08 -0)
(3.02279e-07 -3.71222e-08 -0)
(2.89952e-07 -4.3936e-08 -0)
(2.7142e-07 -6.61822e-08 -0)
(2.40984e-07 -8.60854e-08 -0)
(2.02773e-07 -1.03987e-07 -0)
(1.55922e-07 -1.24431e-07 -0)
(9.87228e-08 -1.4191e-07 -0)
(3.38297e-08 -1.51769e-07 -0)
(8.92924e-05 -5.87334e-06 -0)
(8.54301e-05 -5.77554e-06 -0)
(8.14794e-05 -5.5909e-06 -0)
(7.79606e-05 -5.35307e-06 -0)
(7.42672e-05 -5.07651e-06 -0)
(7.12915e-05 -4.85525e-06 -0)
(6.7745e-05 -4.71149e-06 -0)
(6.52251e-05 -4.82311e-06 -0)
(6.12292e-05 -5.16603e-06 -0)
(5.8691e-05 -6.14474e-06 -0)
(5.29621e-05 -7.57649e-06 -0)
(4.93978e-05 -1.07553e-05 -0)
(3.97945e-05 -1.43658e-05 -0)
(3.39703e-05 -2.18792e-05 -0)
(2.23769e-05 -2.312e-05 -0)
(1.16243e-06 -1.16244e-06 -0)
(2.76585e-07 -3.98108e-08 -0)
(3.48069e-07 -3.7716e-08 -0)
(3.23266e-07 -3.61526e-09 -0)
(3.2175e-07 -8.88124e-09 -0)
(3.16706e-07 -9.52807e-09 -0)
(3.0847e-07 -1.77335e-08 -0)
(2.95002e-07 -2.29793e-08 -0)
(2.78524e-07 -2.92769e-08 -0)
(2.56297e-07 -4.00868e-08 -0)
(2.2597e-07 -5.1423e-08 -0)
(1.87919e-07 -6.239e-08 -0)
(1.42135e-07 -7.33956e-08 -0)
(8.8901e-08 -8.25128e-08 -0)
(3.02834e-08 -8.76561e-08 -0)
(8.93763e-05 -1.94234e-06 -0)
(8.55303e-05 -1.90997e-06 -0)
(8.17465e-05 -1.85666e-06 -0)
(7.81276e-05 -1.77886e-06 -0)
(7.46072e-05 -1.70061e-06 -0)
(7.13389e-05 -1.62533e-06 -0)
(6.80142e-05 -1.59527e-06 -0)
(6.49599e-05 -1.6225e-06 -0)
(6.1305e-05 -1.76249e-06 -0)
(5.79387e-05 -2.0666e-06 -0)
(5.26176e-05 -2.60022e-06 -0)
(4.77809e-05 -3.67272e-06 -0)
(3.74373e-05 -5.23923e-06 -0)
(2.87379e-05 -9.1898e-06 -0)
(5.12445e-06 -5.73723e-06 -0)
(1.59851e-07 -5.8839e-08 -0)
(3.32397e-07 1.12677e-08 -0)
(3.34319e-07 -5.78872e-09 -0)
(3.26047e-07 -2.48246e-09 -0)
(3.20557e-07 -3.00764e-09 -0)
(3.13875e-07 -3.67482e-09 -0)
(3.0436e-07 -5.83859e-09 -0)
(2.90735e-07 -7.78462e-09 -0)
(2.72844e-07 -1.01053e-08 -0)
(2.49274e-07 -1.34643e-08 -0)
(2.18681e-07 -1.71283e-08 -0)
(1.808e-07 -2.07532e-08 -0)
(1.35799e-07 -2.42476e-08 -0)
(8.44622e-08 -2.70894e-08 -0)
(2.86864e-08 -2.86864e-08 -0)
)
;

boundaryField
{
    inlet1
    {
        type            extrapolatedCalculated;
        value           nonuniform List<vector> 10((1e-05 1.03523e-05 -0) (1e-05 3.76697e-05 -0) (1e-05 6.31479e-05 -0) (1e-05 8.06553e-05 -0) (1e-05 0.000102545 -0) (1e-05 0.000129104 -0) (1e-05 0.000158126 -0) (1e-05 0.000189787 -0) (1e-05 0.000210884 -0) (1e-05 0.000200139 -0));
    }
    inlet2
    {
        type            extrapolatedCalculated;
        value           nonuniform List<vector> 10((-0 8.98038e-05 -0) (-0 6.92376e-05 -0) (-0 8.49862e-05 -0) (-0 4.61681e-05 -0) (-0 -1.69724e-05 -0) (-0 -1.54135e-05 -0) (-0 -2.76083e-05 -0) (-0 -3.03675e-05 -0) (-0 -4.27808e-05 -0) (-0 -5.49256e-05 -0));
    }
    inlet3
    {
        type            extrapolatedCalculated;
        value           nonuniform List<vector> 10((9.13394e-05 -6.90034e-05 -0) (9.13394e-05 -5.32164e-05 -0) (9.13394e-05 -4.08582e-05 -0) (9.13394e-05 -3.19692e-05 -0) (9.13394e-05 -2.50028e-05 -0) (9.13394e-05 -1.92962e-05 -0) (9.13394e-05 -1.43911e-05 -0) (9.13394e-05 -9.98728e-06 -0) (9.13394e-05 -5.88575e-06 -0) (9.13394e-05 -1.94523e-06 -0));
    }
    output1
    {
        type            extrapolatedCalculated;
        value           nonuniform List<vector> 10((-0 1.4362e-08 -0) (-0 4.35937e-08 -0) (-0 7.44203e-08 -0) (-0 1.08169e-07 -0) (-0 1.46664e-07 -0) (-0 1.92715e-07 -0) (-0 2.51166e-07 -0) (-0 3.31447e-07 -0) (-0 4.54612e-07 -0) (-0 6.75071e-07 -0));
    }
    output2
    {
        type            extrapolatedCalculated;
        value           nonuniform List<vector> 10((1.2607e-06 5.24874e-07 -0) (8.00298e-07 1.5467e-07 -0) (6.42025e-07 5.54316e-08 -0) (5.78571e-07 2.23341e-08 -0) (4.08111e-07 5.15459e-09 -0) (0.000109534 -7.95631e-07 -0) (0.000186949 -5.65012e-06 -0) (0.000227615 -1.70013e-05 -0) (0.000229381 -4.05129e-05 -0) (0.000256227 -7.85113e-05 -0));
    }
    output3
    {
        type            extrapolatedCalculated;
        value           nonuniform List<vector> 10((-0 -0.000151099 -0) (-0 -1.55628e-05 -0) (-0 -1.22965e-05 -0) (-0 -2.56433e-07 -0) (-0 -4.34219e-07 -0) (-0 -3.16527e-07 -0) (-0 -2.25741e-07 -0) (-0 -1.51769e-07 -0) (-0 -8.76561e-08 -0) (-0 -2.86864e-08 -0));
    }
    up
    {
        type            extrapolatedCalculated;
        value           nonuniform List<vector> 
30
(
(8.93763e-05 -0 -0)
(8.55303e-05 -0 -0)
(8.17465e-05 -0 -0)
(7.81276e-05 -0 -0)
(7.46072e-05 -0 -0)
(7.13389e-05 -0 -0)
(6.80142e-05 -0 -0)
(6.49599e-05 -0 -0)
(6.1305e-05 -0 -0)
(5.79387e-05 -0 -0)
(5.26176e-05 -0 -0)
(4.77809e-05 -0 -0)
(3.74373e-05 -0 -0)
(2.87379e-05 -0 -0)
(5.12445e-06 -0 -0)
(1.59851e-07 -0 -0)
(3.32397e-07 -0 -0)
(3.34319e-07 -0 -0)
(3.26047e-07 -0 -0)
(3.20557e-07 -0 -0)
(3.13875e-07 -0 -0)
(3.0436e-07 -0 -0)
(2.90735e-07 -0 -0)
(2.72844e-07 -0 -0)
(2.49274e-07 -0 -0)
(2.18681e-07 -0 -0)
(1.808e-07 -0 -0)
(1.35799e-07 -0 -0)
(8.44622e-08 -0 -0)
(2.86864e-08 -0 -0)
)
;
    }
    down
    {
        type            extrapolatedCalculated;
        value           nonuniform List<vector> 
30
(
(4.57297e-06 -0 -0)
(9.55661e-07 -0 -0)
(1.47599e-07 -0 -0)
(1.80474e-07 -0 -0)
(1.18295e-07 -0 -0)
(2.05715e-07 -0 -0)
(1.99044e-07 -0 -0)
(1.93361e-07 -0 -0)
(1.90137e-07 -0 -0)
(1.88877e-07 -0 -0)
(1.88919e-07 -0 -0)
(1.89744e-07 -0 -0)
(1.90966e-07 -0 -0)
(1.92273e-07 -0 -0)
(1.93394e-07 -0 -0)
(1.94072e-07 -0 -0)
(1.94049e-07 -0 -0)
(1.93056e-07 -0 -0)
(1.90812e-07 -0 -0)
(1.87026e-07 -0 -0)
(1.81395e-07 -0 -0)
(1.73615e-07 -0 -0)
(1.63392e-07 -0 -0)
(1.50461e-07 -0 -0)
(1.34613e-07 -0 -0)
(1.15744e-07 -0 -0)
(9.39015e-08 -0 -0)
(6.93447e-08 -0 -0)
(4.25801e-08 -0 -0)
(1.43627e-08 -0 -0)
)
;
    }
    emptyWalls
    {
        type            empty;
    }
}


// ************************************************************************* //
