/*--------------------------------*- C++ -*----------------------------------*\
  =========                 |
  \\      /  F ield         | OpenFOAM: The Open Source CFD Toolbox
   \\    /   O peration     | Website:  https://openfoam.org
    \\  /    A nd           | Version:  9
     \\/     M anipulation  |
\*---------------------------------------------------------------------------*/
FoamFile
{
    format      ascii;
    class       volVectorField;
    location    "9000";
    object      ut;
}
// * * * * * * * * * * * * * * * * * * * * * * * * * * * * * * * * * * * * * //

dimensions      [0 1 -1 0 0 0 0];

internalField   nonuniform List<vector> 
100
(
(9.99985e-06 -0 -0)
(9.99641e-06 -0 -0)
(9.99014e-06 -0 -0)
(9.98144e-06 -0 -0)
(9.97195e-06 -0 -0)
(9.96232e-06 -0 -0)
(9.95429e-06 -0 -0)
(9.94886e-06 -0 -0)
(9.94682e-06 -0 -0)
(9.94845e-06 -0 -0)
(9.95261e-06 -0 -0)
(9.95876e-06 -0 -0)
(9.96539e-06 -0 -0)
(9.97211e-06 -0 -0)
(9.9781e-06 -0 -0)
(9.98304e-06 -0 -0)
(9.98715e-06 -0 -0)
(9.99009e-06 -0 -0)
(9.99268e-06 -0 -0)
(9.99429e-06 -0 -0)
(9.99572e-06 -0 -0)
(9.99654e-06 -0 -0)
(9.9972e-06 -0 -0)
(9.99785e-06 -0 -0)
(9.99799e-06 -0 -0)
(9.99859e-06 -0 -0)
(9.99836e-06 -0 -0)
(9.99892e-06 -0 -0)
(9.99872e-06 -0 -0)
(9.99905e-06 -0 -0)
(9.99913e-06 -0 -0)
(9.9989e-06 -0 -0)
(9.99954e-06 -0 -0)
(9.99875e-06 -0 -0)
(9.9999e-06 -0 -0)
(9.99878e-06 -0 -0)
(9.9999e-06 -0 -0)
(9.99916e-06 -0 -0)
(9.99944e-06 -0 -0)
(1.00001e-05 -0 -0)
(9.99858e-06 -0 -0)
(1.00012e-05 -0 -0)
(9.9977e-06 -0 -0)
(1.0002e-05 -0 -0)
(9.99765e-06 -0 -0)
(1.00015e-05 -0 -0)
(9.99933e-06 -0 -0)
(9.99901e-06 -0 -0)
(1.00032e-05 -0 -0)
(9.9946e-06 -0 -0)
(1.00084e-05 -0 -0)
(9.99016e-06 -0 -0)
(1.0012e-05 -0 -0)
(9.98979e-06 -0 -0)
(1.0009e-05 -0 -0)
(9.99924e-06 -0 -0)
(9.99389e-06 -0 -0)
(1.0023e-05 -0 -0)
(9.96506e-06 -0 -0)
(1.00587e-05 -0 -0)
(9.93165e-06 -0 -0)
(1.00898e-05 -0 -0)
(9.92169e-06 -0 -0)
(1.00783e-05 -0 -0)
(9.98828e-06 -0 -0)
(9.96417e-06 -0 -0)
(1.02062e-05 -0 -0)
(9.68403e-06 -0 -0)
(1.06548e-05 -0 -0)
(9.20972e-06 -0 -0)
(1.15065e-05 -0 -0)
(8.67131e-06 -0 -0)
(1.41808e-05 -0 -0)
(1.0304e-05 -0 -0)
(5.5057e-06 -0 -0)
(1.00229e-05 -0 -0)
(1e-05 -0 -0)
(1e-05 -0 -0)
(1e-05 -0 -0)
(1e-05 -0 -0)
(1e-05 -0 -0)
(1e-05 -0 -0)
(1e-05 -0 -0)
(1e-05 -0 -0)
(1e-05 -0 -0)
(1e-05 -0 -0)
(1e-05 -0 -0)
(1e-05 -0 -0)
(1e-05 -0 -0)
(1e-05 -0 -0)
(1e-05 -0 -0)
(1e-05 -0 -0)
(1e-05 -0 -0)
(1e-05 -0 -0)
(1e-05 -0 -0)
(1e-05 -0 -0)
(1e-05 -0 -0)
(1e-05 -0 -0)
(1e-05 -0 -0)
(1e-05 -0 -0)
)
;

boundaryField
{
    left
    {
        type            extrapolatedCalculated;
        value           uniform (1e-05 -0 -0);
    }
    right
    {
        type            extrapolatedCalculated;
        value           uniform (1e-05 -0 -0);
    }
    emptyFaces1D
    {
        type            empty;
    }
}


// ************************************************************************* //
