/*--------------------------------*- C++ -*----------------------------------*\
  =========                 |
  \\      /  F ield         | OpenFOAM: The Open Source CFD Toolbox
   \\    /   O peration     | Website:  https://openfoam.org
    \\  /    A nd           | Version:  9
     \\/     M anipulation  |
\*---------------------------------------------------------------------------*/
FoamFile
{
    format      ascii;
    class       volScalarField;
    location    "7500";
    object      alpha;
}
// * * * * * * * * * * * * * * * * * * * * * * * * * * * * * * * * * * * * * //

dimensions      [0 2 -1 0 0 0 0];

internalField   nonuniform List<scalar> 
900
(
-2.05657e-10
-1.16916e-11
-6.22208e-12
-8.00794e-14
-4.06354e-14
-4.0652e-14
-4.0652e-14
-4.0652e-14
-4.0652e-14
-4.0652e-14
-4.0652e-14
-4.0652e-14
-4.0652e-14
-4.0652e-14
-4.0652e-14
-4.0652e-14
-4.0652e-14
-4.0652e-14
-4.0652e-14
-4.0652e-14
-4.0652e-14
-4.0652e-14
-4.0652e-14
-4.0652e-14
-4.0652e-14
-4.0652e-14
-4.0652e-14
-4.0652e-14
-4.0652e-14
-4.0652e-14
-2.59481e-11
-1.10613e-11
-8.8387e-12
-3.14292e-14
-4.06502e-14
-4.0652e-14
-4.0652e-14
-4.0652e-14
-4.0652e-14
-4.0652e-14
-4.0652e-14
-4.0652e-14
-4.0652e-14
-4.0652e-14
-4.0652e-14
-4.0652e-14
-4.0652e-14
-4.0652e-14
-4.0652e-14
-4.0652e-14
-4.0652e-14
-4.0652e-14
-4.0652e-14
-4.0652e-14
-4.0652e-14
-4.0652e-14
-4.0652e-14
-4.0652e-14
-4.0652e-14
-4.0652e-14
-1.04993e-10
-2.34973e-11
-8.7749e-12
-2.6555e-14
-4.06516e-14
-4.0652e-14
-4.0652e-14
-4.0652e-14
-4.0652e-14
-4.0652e-14
-4.0652e-14
-4.0652e-14
-4.0652e-14
-4.0652e-14
-4.0652e-14
-4.0652e-14
-4.0652e-14
-4.0652e-14
-4.0652e-14
-4.0652e-14
-4.0652e-14
-4.0652e-14
-4.0652e-14
-4.0652e-14
-4.0652e-14
-4.0652e-14
-4.0652e-14
-4.0652e-14
-4.0652e-14
-4.0652e-14
-8.3176e-11
-1.85372e-11
-7.13248e-12
-2.83492e-14
-4.0652e-14
-4.0652e-14
-4.0652e-14
-4.0652e-14
-4.0652e-14
-4.0652e-14
-4.0652e-14
-4.0652e-14
-4.0652e-14
-4.0652e-14
-4.0652e-14
-4.0652e-14
-4.0652e-14
-4.0652e-14
-4.0652e-14
-4.0652e-14
-4.0652e-14
-4.0652e-14
-4.0652e-14
-4.0652e-14
-4.0652e-14
-4.0652e-14
-4.0652e-14
-4.0652e-14
-4.0652e-14
-4.0652e-14
-1.39862e-10
-1.75981e-11
-9.52088e-12
-3.41165e-14
-4.0652e-14
-4.0652e-14
-4.0652e-14
-4.0652e-14
-4.0652e-14
-4.0652e-14
-4.0652e-14
-4.0652e-14
-4.0652e-14
-4.0652e-14
-4.0652e-14
-4.0652e-14
-4.0652e-14
-4.0652e-14
-4.0652e-14
-4.0652e-14
-4.0652e-14
-4.0652e-14
-4.0652e-14
-4.0652e-14
-4.0652e-14
-4.0652e-14
-4.0652e-14
-4.0652e-14
-4.0652e-14
-4.0652e-14
-1.03306e-10
-1.15547e-11
-1.82512e-12
-4.00572e-14
-4.0652e-14
-4.0652e-14
-4.0652e-14
-4.0652e-14
-4.0652e-14
-4.0652e-14
-4.0652e-14
-4.0652e-14
-4.0652e-14
-4.0652e-14
-4.0652e-14
-4.0652e-14
-4.0652e-14
-4.0652e-14
-4.0652e-14
-4.0652e-14
-4.0652e-14
-4.0652e-14
-4.0652e-14
-4.0652e-14
-4.0652e-14
-4.0652e-14
-4.0652e-14
-4.0652e-14
-4.0652e-14
-4.0652e-14
-1.25839e-10
-1.01606e-11
-7.70918e-14
-4.06281e-14
-4.0652e-14
-4.0652e-14
-4.0652e-14
-4.0652e-14
-4.0652e-14
-4.0652e-14
-4.0652e-14
-4.0652e-14
-4.0652e-14
-4.0652e-14
-4.0652e-14
-4.0652e-14
-4.0652e-14
-4.0652e-14
-4.0652e-14
-4.0652e-14
-4.0652e-14
-4.0652e-14
-4.0652e-14
-4.0652e-14
-4.0652e-14
-4.0652e-14
-4.0652e-14
-4.0652e-14
-4.0652e-14
-4.0652e-14
-1.01561e-10
-9.84198e-12
-3.20867e-14
-4.06496e-14
-4.0652e-14
-4.0652e-14
-4.0652e-14
-4.0652e-14
-4.0652e-14
-4.0652e-14
-4.0652e-14
-4.0652e-14
-4.0652e-14
-4.0652e-14
-4.0652e-14
-4.0652e-14
-4.0652e-14
-4.0652e-14
-4.0652e-14
-4.0652e-14
-4.0652e-14
-4.0652e-14
-4.0652e-14
-4.0652e-14
-4.0652e-14
-4.0652e-14
-4.0652e-14
-4.0652e-14
-4.0652e-14
-4.0652e-14
-1.25088e-10
-1.12895e-11
-2.85553e-14
-4.0652e-14
-4.0652e-14
-4.0652e-14
-4.0652e-14
-4.0652e-14
-4.0652e-14
-4.0652e-14
-4.0652e-14
-4.0652e-14
-4.0652e-14
-4.0652e-14
-4.0652e-14
-4.0652e-14
-4.0652e-14
-4.0652e-14
-4.0652e-14
-4.0652e-14
-4.0652e-14
-4.0652e-14
-4.0652e-14
-4.0652e-14
-4.0652e-14
-4.0652e-14
-4.0652e-14
-4.0652e-14
-4.0652e-14
-4.0652e-14
-1.22087e-10
-1.17775e-11
-3.35257e-14
-4.0652e-14
-4.0652e-14
-4.0652e-14
-4.0652e-14
-4.0652e-14
-4.0652e-14
-4.0652e-14
-4.0652e-14
-4.0652e-14
-4.0652e-14
-4.0652e-14
-4.0652e-14
-4.0652e-14
-4.0652e-14
-4.0652e-14
-4.0652e-14
-4.0652e-14
-4.0652e-14
-4.0652e-14
-4.0652e-14
-4.0652e-14
-4.0652e-14
-4.0652e-14
-4.0652e-14
-4.0652e-14
-4.0652e-14
-4.0652e-14
-1.70263e-10
-1.63845e-11
-5.97442e-14
-4.065e-14
-4.0652e-14
-4.0652e-14
-4.0652e-14
-4.0652e-14
-4.0652e-14
-4.0652e-14
-4.0652e-14
-4.0652e-14
-4.0652e-14
-4.0652e-14
-4.0652e-14
-4.0652e-14
-4.0652e-14
-4.0652e-14
-4.0652e-14
-4.0652e-14
-4.0652e-14
-4.0652e-14
-4.0652e-14
-4.0652e-14
-4.0652e-14
-4.0652e-14
-4.0652e-14
-4.0652e-14
-4.0652e-14
-4.0652e-14
-1.64584e-10
-1.67896e-11
-4.46966e-12
-4.44428e-14
-4.06337e-14
-4.0652e-14
-4.0652e-14
-4.0652e-14
-4.0652e-14
-4.0652e-14
-4.0652e-14
-4.0652e-14
-4.0652e-14
-4.0652e-14
-4.0652e-14
-4.0652e-14
-4.0652e-14
-4.0652e-14
-4.0652e-14
-4.0652e-14
-4.0652e-14
-4.0652e-14
-4.0652e-14
-4.0652e-14
-4.0652e-14
-4.0652e-14
-4.0652e-14
-4.0652e-14
-4.0652e-14
-4.0652e-14
-2.95541e-10
-3.44635e-11
-1.0163e-11
-5.24476e-12
-3.69079e-13
-4.05942e-14
-4.0652e-14
-4.0652e-14
-4.0652e-14
-4.0652e-14
-4.0652e-14
-4.0652e-14
-4.0652e-14
-4.0652e-14
-4.0652e-14
-4.0652e-14
-4.0652e-14
-4.0652e-14
-4.0652e-14
-4.0652e-14
-4.0652e-14
-4.0652e-14
-4.0652e-14
-4.0652e-14
-4.0652e-14
-4.0652e-14
-4.0652e-14
-4.0652e-14
-4.0652e-14
-4.0652e-14
-3.74324e-10
-1.81724e-11
-9.46787e-12
-7.17948e-12
-6.23926e-12
-4.55115e-14
-4.06515e-14
-4.0652e-14
-4.0652e-14
-4.0652e-14
-4.0652e-14
-4.0652e-14
-4.0652e-14
-4.0652e-14
-4.0652e-14
-4.0652e-14
-4.0652e-14
-4.0652e-14
-4.0652e-14
-4.0652e-14
-4.0652e-14
-4.0652e-14
-4.0652e-14
-4.0652e-14
-4.0652e-14
-4.0652e-14
-4.0652e-14
-4.0652e-14
-4.0652e-14
-4.0652e-14
-1.04307e-09
-1.56336e-10
-2.20793e-11
-7.78506e-12
-5.33064e-12
-3.37378e-12
-3.04336e-14
-4.06518e-14
-4.06517e-14
-4.0652e-14
-4.0652e-14
-4.0652e-14
-4.0652e-14
-4.0652e-14
-4.0652e-14
-4.0652e-14
-4.0652e-14
-4.0652e-14
-4.0652e-14
-4.0652e-14
-4.0652e-14
-4.0652e-14
-4.0652e-14
-4.0652e-14
-4.0652e-14
-4.0652e-14
-4.0652e-14
-4.0652e-14
-4.0652e-14
-4.0652e-14
-4.85248e-10
-1.77948e-10
-6.52028e-11
-3.24904e-11
-1.86373e-11
-1.38186e-11
-8.63132e-12
-8.49255e-12
-4.9826e-12
-3.61068e-14
-3.57991e-14
-3.34401e-14
-3.09719e-14
-2.89822e-14
-2.76478e-14
-2.69617e-14
-2.67285e-14
-2.67467e-14
-2.69035e-14
-2.67196e-14
-2.66682e-14
-2.65215e-14
-2.68943e-14
-3.16804e-14
-3.67144e-14
-6.86787e-14
-1.77676e-13
-2.34547e-13
-1.01681e-13
-2.72751e-14
-3.98967e-11
-3.76603e-11
-2.67262e-11
-2.17384e-11
-1.66578e-11
-1.54315e-11
-1.33953e-11
-1.1406e-11
-8.81448e-12
-5.90321e-12
-5.66587e-12
-6.0703e-12
-6.49405e-12
-6.84778e-12
-7.12725e-12
-7.3399e-12
-7.49685e-12
-7.61634e-12
-7.71509e-12
-7.80952e-12
-7.89948e-12
-7.9759e-12
-8.02127e-12
-8.0266e-12
-8.00536e-12
-8.0045e-12
-8.05195e-12
-8.10673e-12
-8.28197e-12
-8.41393e-12
-1.99721e-11
-1.67603e-11
-1.48822e-11
-1.45453e-11
-1.35374e-11
-1.3256e-11
-1.26094e-11
-1.16037e-11
-1.07999e-11
-1.04337e-11
-1.02762e-11
-1.06879e-11
-1.12595e-11
-1.1782e-11
-1.2203e-11
-1.25075e-11
-1.26964e-11
-1.27971e-11
-1.28395e-11
-1.28883e-11
-1.29544e-11
-1.30399e-11
-1.30671e-11
-1.30363e-11
-1.2918e-11
-1.27726e-11
-1.25e-11
-1.23185e-11
-1.22801e-11
-1.25814e-11
-1.60568e-11
-1.55255e-11
-1.58615e-11
-1.61195e-11
-1.6027e-11
-1.56716e-11
-1.51576e-11
-1.46904e-11
-1.45215e-11
-1.49254e-11
-1.51318e-11
-1.53955e-11
-1.57156e-11
-1.59521e-11
-1.60987e-11
-1.61194e-11
-1.60262e-11
-1.58077e-11
-1.54966e-11
-1.52072e-11
-1.49811e-11
-1.48701e-11
-1.47157e-11
-1.45303e-11
-1.42827e-11
-1.40807e-11
-1.36327e-11
-1.30427e-11
-1.19455e-11
-1.1236e-11
-1.5421e-11
-1.76903e-11
-1.9525e-11
-2.05326e-11
-2.05093e-11
-2.02409e-11
-1.97623e-11
-1.95481e-11
-1.94849e-11
-1.9565e-11
-1.93457e-11
-1.8926e-11
-1.8425e-11
-1.78204e-11
-1.72376e-11
-1.6609e-11
-1.60698e-11
-1.5423e-11
-1.4734e-11
-1.40491e-11
-1.34162e-11
-1.29915e-11
-1.25647e-11
-1.22411e-11
-1.19328e-11
-1.19074e-11
-1.1456e-11
-1.13057e-11
-9.26317e-12
-7.74075e-12
-2.23771e-11
-2.61847e-11
-2.571e-11
-2.44471e-11
-2.28817e-11
-2.19713e-11
-2.09599e-11
-2.05778e-11
-1.99859e-11
-1.96009e-11
-1.88249e-11
-1.80226e-11
-1.69764e-11
-1.58969e-11
-1.48383e-11
-1.37461e-11
-1.30339e-11
-1.21917e-11
-1.1522e-11
-1.07295e-11
-9.94106e-12
-9.14062e-12
-8.52153e-12
-8.12749e-12
-8.0565e-12
-7.97078e-12
-7.99915e-12
-7.82083e-12
-8.96107e-12
-1.29968e-11
-1.83023e-11
-1.74035e-11
-1.73556e-11
-1.76086e-11
-1.76435e-11
-1.80043e-11
-1.78983e-11
-1.8287e-11
-1.79058e-11
-1.79275e-11
-1.71589e-11
-1.64971e-11
-1.50706e-11
-1.37884e-11
-1.22537e-11
-1.07252e-11
-9.63179e-12
-8.6906e-12
-8.32185e-12
-7.71107e-12
-7.08806e-12
-5.42391e-12
-4.33983e-12
-4.21089e-12
-4.2807e-12
-4.3182e-12
-4.41693e-12
-4.42404e-12
-4.75333e-12
-2.11403e-12
-1.90264e-11
-1.94185e-11
-2.01506e-11
-2.07575e-11
-2.08317e-11
-2.07378e-11
-2.01188e-11
-1.98803e-11
-1.86676e-11
-1.82671e-11
-1.65621e-11
-1.52056e-11
-1.28067e-11
-1.10949e-11
-8.95106e-12
-7.45545e-12
-5.20473e-12
-4.46597e-12
-4.52747e-12
-4.25203e-12
-4.80051e-12
-1.5197e-12
-4.0161e-14
-4.0652e-14
-4.0652e-14
-4.0652e-14
-4.0652e-14
-4.0652e-14
-4.0652e-14
-4.0652e-14
-1.92279e-11
-1.89584e-11
-1.87002e-11
-1.85857e-11
-1.84446e-11
-1.80768e-11
-1.78897e-11
-1.73981e-11
-1.64697e-11
-1.60415e-11
-1.34726e-11
-1.15762e-11
-8.85301e-12
-7.40874e-12
-4.59555e-12
-4.74162e-12
-4.46694e-13
-4.06141e-14
-4.0652e-14
-4.0652e-14
-4.0652e-14
-4.0652e-14
-4.0652e-14
-4.0652e-14
-4.0652e-14
-4.0652e-14
-4.0652e-14
-4.0652e-14
-4.0652e-14
-4.0652e-14
-1.92826e-11
-1.9193e-11
-1.90144e-11
-1.92583e-11
-1.92646e-11
-1.91239e-11
-1.91305e-11
-1.78032e-11
-1.70692e-11
-1.51609e-11
-1.08561e-11
-8.33184e-12
-4.99236e-12
-5.08783e-12
-2.92753e-14
-4.0652e-14
-4.0652e-14
-4.0652e-14
-4.0652e-14
-4.0652e-14
-4.0652e-14
-4.0652e-14
-4.0652e-14
-4.0652e-14
-4.0652e-14
-4.0652e-14
-4.0652e-14
-4.0652e-14
-4.0652e-14
-4.0652e-14
-1.93807e-11
-1.94305e-11
-1.91892e-11
-1.94604e-11
-1.89791e-11
-1.89905e-11
-1.81835e-11
-1.64941e-11
-1.59706e-11
-1.13405e-11
-6.79016e-12
-4.55495e-12
-2.73828e-14
-4.0652e-14
-4.0652e-14
-4.0652e-14
-4.0652e-14
-4.0652e-14
-4.0652e-14
-4.0652e-14
-4.0652e-14
-4.0652e-14
-4.0652e-14
-4.0652e-14
-4.0652e-14
-4.0652e-14
-4.0652e-14
-4.0652e-14
-4.0652e-14
-4.0652e-14
-1.94748e-11
-1.95953e-11
-1.94444e-11
-1.97941e-11
-1.92115e-11
-1.97272e-11
-1.79657e-11
-1.73483e-11
-1.4981e-11
-7.29796e-12
-3.5601e-12
-3.77747e-14
-4.0652e-14
-4.0652e-14
-4.0652e-14
-4.0652e-14
-4.0652e-14
-4.0652e-14
-4.0652e-14
-4.0652e-14
-4.0652e-14
-4.0652e-14
-4.0652e-14
-4.0652e-14
-4.0652e-14
-4.0652e-14
-4.0652e-14
-4.0652e-14
-4.0652e-14
-4.0652e-14
-1.95619e-11
-1.96947e-11
-1.97511e-11
-2.00514e-11
-1.97511e-11
-2.02114e-11
-1.78262e-11
-1.80928e-11
-1.11863e-11
-2.74749e-12
-3.98239e-14
-4.0652e-14
-4.0652e-14
-4.0652e-14
-4.0652e-14
-4.0652e-14
-4.0652e-14
-4.0652e-14
-4.0652e-14
-4.0652e-14
-4.0652e-14
-4.0652e-14
-4.0652e-14
-4.0652e-14
-4.0652e-14
-4.0652e-14
-4.0652e-14
-4.0652e-14
-4.0652e-14
-4.0652e-14
-1.96227e-11
-1.9751e-11
-2.00056e-11
-2.02217e-11
-2.04646e-11
-2.06282e-11
-1.89487e-11
-1.79867e-11
-6.38188e-12
-3.66121e-14
-4.0652e-14
-4.0652e-14
-4.0652e-14
-4.0652e-14
-4.0652e-14
-4.0652e-14
-4.0652e-14
-4.0652e-14
-4.0652e-14
-4.0652e-14
-4.0652e-14
-4.0652e-14
-4.0652e-14
-4.0652e-14
-4.0652e-14
-4.0652e-14
-4.0652e-14
-4.0652e-14
-4.0652e-14
-4.0652e-14
-1.96748e-11
-1.97411e-11
-2.01964e-11
-2.02171e-11
-2.10845e-11
-2.07654e-11
-2.17618e-11
-1.65554e-11
-3.03442e-14
-4.0652e-14
-4.0652e-14
-4.0652e-14
-4.0652e-14
-4.0652e-14
-4.0652e-14
-4.0652e-14
-4.0652e-14
-4.0652e-14
-4.0652e-14
-4.0652e-14
-4.0652e-14
-4.0652e-14
-4.0652e-14
-4.0652e-14
-4.0652e-14
-4.0652e-14
-4.0652e-14
-4.0652e-14
-4.0652e-14
-4.0652e-14
)
;

boundaryField
{
    inlet1
    {
        type            calculated;
        value           uniform -5e-10;
    }
    inlet2
    {
        type            calculated;
        value           nonuniform List<scalar> 10(-1.70263e-10 -1.64584e-10 -2.95541e-10 -3.74324e-10 -1.04307e-09 -4.85248e-10 -3.98967e-11 -1.99721e-11 -1.60568e-11 -1.5421e-11);
    }
    inlet3
    {
        type            calculated;
        value           uniform -1.95111e-11;
    }
    output1
    {
        type            calculated;
        value           nonuniform List<scalar> 10(-4.0652e-14 -4.0652e-14 -4.0652e-14 -4.0652e-14 -4.0652e-14 -4.0652e-14 -4.0652e-14 -4.0652e-14 -4.0652e-14 -4.0652e-14);
    }
    output2
    {
        type            calculated;
        value           nonuniform List<scalar> 10(-4.0652e-14 -4.0652e-14 -4.0652e-14 -4.0652e-14 -4.0652e-14 -2.72751e-14 -8.41393e-12 -1.25814e-11 -1.1236e-11 -7.74075e-12);
    }
    output3
    {
        type            calculated;
        value           nonuniform List<scalar> 10(-1.29968e-11 -2.11403e-12 -4.0652e-14 -4.0652e-14 -4.0652e-14 -4.0652e-14 -4.0652e-14 -4.0652e-14 -4.0652e-14 -4.0652e-14);
    }
    up
    {
        type            calculated;
        value           nonuniform List<scalar> 
30
(
-1.96748e-11
-1.97411e-11
-2.01964e-11
-2.02171e-11
-2.10845e-11
-2.07654e-11
-2.17618e-11
-1.65554e-11
-3.03442e-14
-4.0652e-14
-4.0652e-14
-4.0652e-14
-4.0652e-14
-4.0652e-14
-4.0652e-14
-4.0652e-14
-4.0652e-14
-4.0652e-14
-4.0652e-14
-4.0652e-14
-4.0652e-14
-4.0652e-14
-4.0652e-14
-4.0652e-14
-4.0652e-14
-4.0652e-14
-4.0652e-14
-4.0652e-14
-4.0652e-14
-4.0652e-14
)
;
    }
    down
    {
        type            calculated;
        value           nonuniform List<scalar> 
30
(
-2.05657e-10
-1.16916e-11
-6.22208e-12
-8.00794e-14
-4.06354e-14
-4.0652e-14
-4.0652e-14
-4.0652e-14
-4.0652e-14
-4.0652e-14
-4.0652e-14
-4.0652e-14
-4.0652e-14
-4.0652e-14
-4.0652e-14
-4.0652e-14
-4.0652e-14
-4.0652e-14
-4.0652e-14
-4.0652e-14
-4.0652e-14
-4.0652e-14
-4.0652e-14
-4.0652e-14
-4.0652e-14
-4.0652e-14
-4.0652e-14
-4.0652e-14
-4.0652e-14
-4.0652e-14
)
;
    }
    emptyWalls
    {
        type            empty;
    }
}


// ************************************************************************* //
