/*--------------------------------*- C++ -*----------------------------------*\
  =========                 |
  \\      /  F ield         | OpenFOAM: The Open Source CFD Toolbox
   \\    /   O peration     | Website:  https://openfoam.org
    \\  /    A nd           | Version:  9
     \\/     M anipulation  |
\*---------------------------------------------------------------------------*/
FoamFile
{
    format      ascii;
    class       volScalarField;
    location    "7500";
    object      fw;
}
// * * * * * * * * * * * * * * * * * * * * * * * * * * * * * * * * * * * * * //

dimensions      [0 0 0 0 0 0 0];

internalField   nonuniform List<scalar> 
900
(
0.999718
0.816327
0.623135
0.00422814
4.87504e-09
4.7991e-09
4.7991e-09
4.7991e-09
4.7991e-09
4.7991e-09
4.7991e-09
4.7991e-09
4.7991e-09
4.7991e-09
4.7991e-09
4.7991e-09
4.7991e-09
4.7991e-09
4.7991e-09
4.7991e-09
4.7991e-09
4.7991e-09
4.7991e-09
4.7991e-09
4.7991e-09
4.7991e-09
4.7991e-09
4.7991e-09
4.7991e-09
4.7991e-09
0.946134
0.802474
0.739704
0.000569135
4.80737e-09
4.7991e-09
4.7991e-09
4.7991e-09
4.7991e-09
4.7991e-09
4.7991e-09
4.7991e-09
4.7991e-09
4.7991e-09
4.7991e-09
4.7991e-09
4.7991e-09
4.7991e-09
4.7991e-09
4.7991e-09
4.7991e-09
4.7991e-09
4.7991e-09
4.7991e-09
4.7991e-09
4.7991e-09
4.7991e-09
4.7991e-09
4.7991e-09
4.7991e-09
0.997356
0.936144
0.737506
0.000140367
4.80114e-09
4.7991e-09
4.7991e-09
4.7991e-09
4.7991e-09
4.7991e-09
4.7991e-09
4.7991e-09
4.7991e-09
4.7991e-09
4.7991e-09
4.7991e-09
4.7991e-09
4.7991e-09
4.7991e-09
4.7991e-09
4.7991e-09
4.7991e-09
4.7991e-09
4.7991e-09
4.7991e-09
4.7991e-09
4.7991e-09
4.7991e-09
4.7991e-09
4.7991e-09
0.995153
0.905974
0.670656
1.73294e-05
4.79931e-09
4.7991e-09
4.7991e-09
4.7991e-09
4.7991e-09
4.7991e-09
4.7991e-09
4.7991e-09
4.7991e-09
4.7991e-09
4.7991e-09
4.7991e-09
4.7991e-09
4.7991e-09
4.7991e-09
4.7991e-09
4.7991e-09
4.7991e-09
4.7991e-09
4.7991e-09
4.7991e-09
4.7991e-09
4.7991e-09
4.7991e-09
4.7991e-09
4.7991e-09
0.998861
0.898032
0.761667
6.22757e-07
4.7991e-09
4.7991e-09
4.7991e-09
4.7991e-09
4.7991e-09
4.7991e-09
4.7991e-09
4.7991e-09
4.7991e-09
4.7991e-09
4.7991e-09
4.7991e-09
4.7991e-09
4.7991e-09
4.7991e-09
4.7991e-09
4.7991e-09
4.7991e-09
4.7991e-09
4.7991e-09
4.7991e-09
4.7991e-09
4.7991e-09
4.7991e-09
4.7991e-09
4.7991e-09
0.997236
0.813439
0.220808
8.28313e-09
4.7991e-09
4.7991e-09
4.7991e-09
4.7991e-09
4.7991e-09
4.7991e-09
4.7991e-09
4.7991e-09
4.7991e-09
4.7991e-09
4.7991e-09
4.7991e-09
4.7991e-09
4.7991e-09
4.7991e-09
4.7991e-09
4.7991e-09
4.7991e-09
4.7991e-09
4.7991e-09
4.7991e-09
4.7991e-09
4.7991e-09
4.7991e-09
4.7991e-09
4.7991e-09
0.998423
0.779949
0.00398941
4.90845e-09
4.7991e-09
4.7991e-09
4.7991e-09
4.7991e-09
4.7991e-09
4.7991e-09
4.7991e-09
4.7991e-09
4.7991e-09
4.7991e-09
4.7991e-09
4.7991e-09
4.7991e-09
4.7991e-09
4.7991e-09
4.7991e-09
4.7991e-09
4.7991e-09
4.7991e-09
4.7991e-09
4.7991e-09
4.7991e-09
4.7991e-09
4.7991e-09
4.7991e-09
4.7991e-09
0.997106
0.771103
0.000617495
4.81026e-09
4.7991e-09
4.7991e-09
4.7991e-09
4.7991e-09
4.7991e-09
4.7991e-09
4.7991e-09
4.7991e-09
4.7991e-09
4.7991e-09
4.7991e-09
4.7991e-09
4.7991e-09
4.7991e-09
4.7991e-09
4.7991e-09
4.7991e-09
4.7991e-09
4.7991e-09
4.7991e-09
4.7991e-09
4.7991e-09
4.7991e-09
4.7991e-09
4.7991e-09
4.7991e-09
0.998395
0.807656
1.52958e-05
4.79928e-09
4.7991e-09
4.7991e-09
4.7991e-09
4.7991e-09
4.7991e-09
4.7991e-09
4.7991e-09
4.7991e-09
4.7991e-09
4.7991e-09
4.7991e-09
4.7991e-09
4.7991e-09
4.7991e-09
4.7991e-09
4.7991e-09
4.7991e-09
4.7991e-09
4.7991e-09
4.7991e-09
4.7991e-09
4.7991e-09
4.7991e-09
4.7991e-09
4.7991e-09
4.7991e-09
0.998275
0.818105
8.8982e-07
4.7991e-09
4.7991e-09
4.7991e-09
4.7991e-09
4.7991e-09
4.7991e-09
4.7991e-09
4.7991e-09
4.7991e-09
4.7991e-09
4.7991e-09
4.7991e-09
4.7991e-09
4.7991e-09
4.7991e-09
4.7991e-09
4.7991e-09
4.7991e-09
4.7991e-09
4.7991e-09
4.7991e-09
4.7991e-09
4.7991e-09
4.7991e-09
4.7991e-09
4.7991e-09
4.79911e-09
0.999413
0.886265
0.0026406
4.80844e-09
4.7991e-09
4.7991e-09
4.7991e-09
4.7991e-09
4.7991e-09
4.7991e-09
4.7991e-09
4.7991e-09
4.7991e-09
4.7991e-09
4.7991e-09
4.7991e-09
4.7991e-09
4.7991e-09
4.7991e-09
4.7991e-09
4.7991e-09
4.7991e-09
4.7991e-09
4.7991e-09
4.7991e-09
4.7991e-09
4.7991e-09
4.7991e-09
4.79909e-09
4.79909e-09
0.999338
0.8904
0.502403
0.00150672
4.88285e-09
4.7991e-09
4.7991e-09
4.7991e-09
4.7991e-09
4.7991e-09
4.7991e-09
4.7991e-09
4.7991e-09
4.7991e-09
4.7991e-09
4.7991e-09
4.7991e-09
4.7991e-09
4.7991e-09
4.7991e-09
4.7991e-09
4.7991e-09
4.7991e-09
4.7991e-09
4.7991e-09
4.7991e-09
4.7991e-09
4.7991e-09
4.7991e-09
4.7991e-09
0.999956
0.967772
0.780014
0.561235
0.0328434
5.06727e-09
4.7991e-09
4.7991e-09
4.7991e-09
4.7991e-09
4.7991e-09
4.7991e-09
4.7991e-09
4.7991e-09
4.7991e-09
4.7991e-09
4.7991e-09
4.7991e-09
4.7991e-09
4.7991e-09
4.7991e-09
4.7991e-09
4.7991e-09
4.7991e-09
4.7991e-09
4.7991e-09
4.7991e-09
4.7991e-09
4.7991e-09
4.7991e-09
0.999994
0.902999
0.760056
0.672882
0.624115
0.00158426
4.80144e-09
4.7991e-09
4.7991e-09
4.7991e-09
4.7991e-09
4.7991e-09
4.7991e-09
4.7991e-09
4.7991e-09
4.7991e-09
4.7991e-09
4.7991e-09
4.7991e-09
4.7991e-09
4.7991e-09
4.7991e-09
4.7991e-09
4.7991e-09
4.7991e-09
4.7991e-09
4.7991e-09
4.7991e-09
4.7991e-09
4.7991e-09
1.00004
0.999209
0.929126
0.699781
0.567191
0.401633
5.22262e-06
4.80017e-09
4.80052e-09
4.7991e-09
4.7991e-09
4.7991e-09
4.7991e-09
4.79911e-09
4.79913e-09
4.79915e-09
4.79916e-09
4.79915e-09
4.79913e-09
4.79913e-09
4.79912e-09
4.79912e-09
4.7991e-09
4.7991e-09
4.7991e-09
4.7991e-09
4.7991e-09
4.7991e-09
4.7991e-09
4.7991e-09
1
0.999501
0.991363
0.964023
0.906768
0.854022
0.732462
0.727456
0.542385
1.73899e-07
2.13628e-07
9.36385e-07
3.86377e-06
1.18905e-05
2.72233e-05
4.62875e-05
5.87097e-05
5.7498e-05
4.88746e-05
5.93271e-05
6.32255e-05
0.000132671
0.000191284
0.000587665
0.000951176
0.0033271
0.0128514
0.0184458
0.00600568
3.56568e-05
0.975671
0.972784
0.948843
0.927276
0.889079
0.87561
0.847468
0.810227
0.738873
0.604295
0.589446
0.614321
0.63826
0.656722
0.670408
0.680322
0.687378
0.692604
0.696833
0.700802
0.704515
0.70762
0.709441
0.709654
0.708804
0.70877
0.710664
0.712829
0.719606
0.724562
0.916495
0.890109
0.868807
0.864366
0.849714
0.845219
0.834128
0.81448
0.79629
0.78715
0.78304
0.793555
0.806987
0.818198
0.826564
0.832276
0.835686
0.837461
0.838202
0.839047
0.840182
0.841634
0.842091
0.841574
0.839558
0.837033
0.832138
0.828764
0.828038
0.833622
0.882755
0.876723
0.880588
0.883439
0.882428
0.878426
0.872283
0.866304
0.864044
0.869361
0.871962
0.875179
0.878932
0.8816
0.883212
0.883437
0.882419
0.879981
0.876383
0.872895
0.87007
0.86865
0.866639
0.864163
0.860753
0.85788
0.851195
0.841681
0.821514
0.806459
0.875485
0.898854
0.913406
0.92015
0.920003
0.918278
0.915066
0.913569
0.913121
0.913689
0.912121
0.909005
0.905073
0.899996
0.894726
0.888585
0.882898
0.875509
0.866879
0.857423
0.847801
0.840814
0.83332
0.827295
0.821261
0.82075
0.811316
0.808018
0.753689
0.697919
0.930688
0.946979
0.945265
0.940304
0.933224
0.928548
0.922785
0.920435
0.916588
0.913942
0.90823
0.901737
0.892235
0.880985
0.86824
0.852929
0.841532
0.826347
0.812739
0.794576
0.773907
0.749763
0.728513
0.713644
0.710844
0.707413
0.708555
0.701272
0.743849
0.840904
0.904073
0.896267
0.895825
0.898126
0.898438
0.901581
0.900673
0.903948
0.900737
0.900924
0.893985
0.887438
0.871199
0.853569
0.827535
0.794473
0.764987
0.734561
0.721117
0.696663
0.668534
0.573539
0.491594
0.48057
0.486575
0.489764
0.498048
0.498637
0.525038
0.257696
0.909764
0.912646
0.917685
0.921553
0.922008
0.921431
0.917475
0.915874
0.907007
0.903784
0.888105
0.872875
0.837629
0.80325
0.743513
0.685537
0.558423
0.5021
0.507123
0.484119
0.528675
0.180729
7.54694e-09
4.7991e-09
4.7991e-09
4.7991e-09
4.7991e-09
4.7991e-09
4.7991e-09
4.7991e-09
0.911262
0.909251
0.907262
0.90636
0.905232
0.902196
0.900598
0.896217
0.887154
0.882587
0.848696
0.813896
0.740194
0.683444
0.512612
0.524129
0.0417205
4.97357e-09
4.79919e-09
4.7992e-09
4.79914e-09
4.79912e-09
4.7991e-09
4.7991e-09
4.7991e-09
4.7991e-09
4.7991e-09
4.7991e-09
4.7991e-09
4.7991e-09
0.911662
0.911005
0.909674
0.911485
0.911531
0.910493
0.910542
0.899847
0.89313
0.872323
0.797644
0.721494
0.543105
0.550075
0.000405739
4.79944e-09
4.79915e-09
4.7991e-09
4.7991e-09
4.7991e-09
4.7991e-09
4.7991e-09
4.7991e-09
4.7991e-09
4.7991e-09
4.7991e-09
4.7991e-09
4.7991e-09
4.7991e-09
4.7991e-09
0.912374
0.912732
0.910977
0.912946
0.909408
0.909494
0.903091
0.887407
0.881806
0.808788
0.653804
0.509348
3.2873e-05
4.79927e-09
4.79912e-09
4.7991e-09
4.7991e-09
4.7991e-09
4.7991e-09
4.7991e-09
4.7991e-09
4.7991e-09
4.7991e-09
4.7991e-09
4.7991e-09
4.7991e-09
4.7991e-09
4.7991e-09
4.7991e-09
4.7991e-09
0.913049
0.913903
0.912832
0.915285
0.911141
0.914823
0.901252
0.895758
0.870068
0.6784
0.420343
5.32581e-08
4.7991e-09
4.7991e-09
4.7991e-09
4.7991e-09
4.7991e-09
4.7991e-09
4.7991e-09
4.7991e-09
4.7991e-09
4.7991e-09
4.7991e-09
4.7991e-09
4.7991e-09
4.7991e-09
4.7991e-09
4.7991e-09
4.7991e-09
4.7991e-09
0.913667
0.914598
0.914988
0.917027
0.914989
0.918085
0.900048
0.902331
0.805338
0.333805
1.01808e-08
4.7991e-09
4.7991e-09
4.7991e-09
4.7991e-09
4.7991e-09
4.7991e-09
4.7991e-09
4.7991e-09
4.7991e-09
4.7991e-09
4.7991e-09
4.7991e-09
4.7991e-09
4.7991e-09
4.7991e-09
4.7991e-09
4.7991e-09
4.7991e-09
4.7991e-09
0.914095
0.914987
0.916721
0.918152
0.919719
0.920751
0.909177
0.901431
0.632123
1.23055e-07
4.7991e-09
4.7991e-09
4.7991e-09
4.7991e-09
4.7991e-09
4.7991e-09
4.7991e-09
4.7991e-09
4.7991e-09
4.7991e-09
4.7991e-09
4.7991e-09
4.7991e-09
4.7991e-09
4.7991e-09
4.7991e-09
4.7991e-09
4.7991e-09
4.7991e-09
4.7991e-09
0.914459
0.914919
0.917986
0.918122
0.92353
0.921602
0.927406
0.888037
0.00048809
4.79931e-09
4.7991e-09
4.7991e-09
4.7991e-09
4.7991e-09
4.7991e-09
4.7991e-09
4.7991e-09
4.7991e-09
4.7991e-09
4.7991e-09
4.7991e-09
4.7991e-09
4.7991e-09
4.7991e-09
4.7991e-09
4.7991e-09
4.7991e-09
4.7991e-09
4.7991e-09
4.7991e-09
)
;

boundaryField
{
    inlet1
    {
        type            calculated;
        value           uniform 1;
    }
    inlet2
    {
        type            calculated;
        value           nonuniform List<scalar> 10(0.999413 0.999338 0.999956 0.999994 1.00004 1 0.975671 0.916495 0.882755 0.875485);
    }
    inlet3
    {
        type            calculated;
        value           uniform 0.913307;
    }
    output1
    {
        type            calculated;
        value           nonuniform List<scalar> 10(4.7991e-09 4.7991e-09 4.7991e-09 4.7991e-09 4.7991e-09 4.7991e-09 4.7991e-09 4.7991e-09 4.7991e-09 4.79911e-09);
    }
    output2
    {
        type            calculated;
        value           nonuniform List<scalar> 10(4.79909e-09 4.7991e-09 4.7991e-09 4.7991e-09 4.7991e-09 3.56568e-05 0.724562 0.833622 0.806459 0.697919);
    }
    output3
    {
        type            calculated;
        value           nonuniform List<scalar> 10(0.840904 0.257696 4.7991e-09 4.7991e-09 4.7991e-09 4.7991e-09 4.7991e-09 4.7991e-09 4.7991e-09 4.7991e-09);
    }
    up
    {
        type            calculated;
        value           nonuniform List<scalar> 
30
(
0.914459
0.914919
0.917986
0.918122
0.92353
0.921602
0.927406
0.888037
0.00048809
4.79931e-09
4.7991e-09
4.7991e-09
4.7991e-09
4.7991e-09
4.7991e-09
4.7991e-09
4.7991e-09
4.7991e-09
4.7991e-09
4.7991e-09
4.7991e-09
4.7991e-09
4.7991e-09
4.7991e-09
4.7991e-09
4.7991e-09
4.7991e-09
4.7991e-09
4.7991e-09
4.7991e-09
)
;
    }
    down
    {
        type            calculated;
        value           nonuniform List<scalar> 
30
(
0.999718
0.816327
0.623135
0.00422814
4.87504e-09
4.7991e-09
4.7991e-09
4.7991e-09
4.7991e-09
4.7991e-09
4.7991e-09
4.7991e-09
4.7991e-09
4.7991e-09
4.7991e-09
4.7991e-09
4.7991e-09
4.7991e-09
4.7991e-09
4.7991e-09
4.7991e-09
4.7991e-09
4.7991e-09
4.7991e-09
4.7991e-09
4.7991e-09
4.7991e-09
4.7991e-09
4.7991e-09
4.7991e-09
)
;
    }
    emptyWalls
    {
        type            empty;
    }
}


// ************************************************************************* //
