/*--------------------------------*- C++ -*----------------------------------*\
  =========                 |
  \\      /  F ield         | OpenFOAM: The Open Source CFD Toolbox
   \\    /   O peration     | Website:  https://openfoam.org
    \\  /    A nd           | Version:  9
     \\/     M anipulation  |
\*---------------------------------------------------------------------------*/
FoamFile
{
    format      ascii;
    class       volScalarField;
    location    "7500";
    object      p;
}
// * * * * * * * * * * * * * * * * * * * * * * * * * * * * * * * * * * * * * //

dimensions      [0 0 0 0 0 0 0];

internalField   nonuniform List<scalar> 
900
(
3.26309e+07
3.26284e+07
3.26154e+07
3.26011e+07
3.18587e+07
3.09041e+07
3.00035e+07
2.91245e+07
2.82541e+07
2.73863e+07
2.65179e+07
2.56475e+07
2.47747e+07
2.39003e+07
2.30257e+07
2.21532e+07
2.12858e+07
2.04276e+07
1.95831e+07
1.87582e+07
1.79596e+07
1.7195e+07
1.64734e+07
1.58047e+07
1.51999e+07
1.46704e+07
1.42283e+07
1.38846e+07
1.36492e+07
1.35296e+07
3.26247e+07
3.2614e+07
3.2606e+07
3.25987e+07
3.17106e+07
3.08504e+07
2.99819e+07
2.91159e+07
2.82516e+07
2.73869e+07
2.65199e+07
2.56498e+07
2.47764e+07
2.39005e+07
2.30236e+07
2.2148e+07
2.12768e+07
2.04137e+07
1.95636e+07
1.87319e+07
1.79255e+07
1.71521e+07
1.64205e+07
1.57409e+07
1.51244e+07
1.45832e+07
1.41298e+07
1.37762e+07
1.35335e+07
1.34099e+07
3.26015e+07
3.25975e+07
3.25925e+07
3.25852e+07
3.16353e+07
3.08049e+07
2.9958e+07
2.91054e+07
2.82495e+07
2.73897e+07
2.65252e+07
2.56554e+07
2.47806e+07
2.39017e+07
2.30202e+07
2.21385e+07
2.12595e+07
2.0387e+07
1.95255e+07
1.86805e+07
1.78585e+07
1.70672e+07
1.63156e+07
1.56138e+07
1.49737e+07
1.44082e+07
1.39313e+07
1.35571e+07
1.32987e+07
1.31666e+07
3.25774e+07
3.25758e+07
3.25716e+07
3.25623e+07
3.16053e+07
3.0776e+07
2.99396e+07
2.90983e+07
2.82513e+07
2.73973e+07
2.65356e+07
2.5666e+07
2.47889e+07
2.39054e+07
2.30171e+07
2.21263e+07
2.12358e+07
2.03492e+07
1.94709e+07
1.8606e+07
1.77608e+07
1.69428e+07
1.61607e+07
1.54252e+07
1.47484e+07
1.41447e+07
1.36302e+07
1.32221e+07
1.29377e+07
1.27912e+07
3.25489e+07
3.25488e+07
3.2549e+07
3.25411e+07
3.15925e+07
3.0754e+07
2.99263e+07
2.9097e+07
2.826e+07
2.74126e+07
2.6554e+07
2.56841e+07
2.48037e+07
2.39139e+07
2.30166e+07
2.21138e+07
2.12082e+07
2.03033e+07
1.94029e+07
1.85118e+07
1.7636e+07
1.67823e+07
1.59594e+07
1.51777e+07
1.44501e+07
1.3792e+07
1.32225e+07
1.27636e+07
1.24386e+07
1.22693e+07
3.25145e+07
3.25151e+07
3.25228e+07
3.24698e+07
3.15458e+07
3.07211e+07
2.99147e+07
2.91033e+07
2.8279e+07
2.74392e+07
2.65836e+07
2.57128e+07
2.48278e+07
2.39301e+07
2.30214e+07
2.2104e+07
2.11801e+07
2.02528e+07
1.93255e+07
1.84025e+07
1.74889e+07
1.65911e+07
1.57169e+07
1.48763e+07
1.4082e+07
1.33508e+07
1.27044e+07
1.21709e+07
1.17839e+07
1.15781e+07
3.2469e+07
3.24685e+07
3.24728e+07
3.21024e+07
3.14066e+07
3.06698e+07
2.99081e+07
2.91226e+07
2.83135e+07
2.74817e+07
2.66285e+07
2.57556e+07
2.48645e+07
2.39571e+07
2.30352e+07
2.21006e+07
2.11554e+07
2.02022e+07
1.92438e+07
1.82837e+07
1.73261e+07
1.63763e+07
1.54409e+07
1.45285e+07
1.3651e+07
1.28246e+07
1.20734e+07
1.14318e+07
1.09481e+07
1.06811e+07
3.24146e+07
3.24125e+07
3.24091e+07
3.18972e+07
3.13087e+07
3.06434e+07
2.99252e+07
2.91654e+07
2.83707e+07
2.75456e+07
2.66932e+07
2.58165e+07
2.49176e+07
2.39988e+07
2.30616e+07
2.21077e+07
2.11388e+07
2.01568e+07
1.91638e+07
1.81623e+07
1.71555e+07
1.61471e+07
1.51418e+07
1.4146e+07
1.31686e+07
1.22234e+07
1.13327e+07
1.05349e+07
9.89547e+06
9.51709e+06
3.23521e+07
3.23505e+07
3.23473e+07
3.18224e+07
3.12876e+07
3.06701e+07
2.99838e+07
2.92431e+07
2.84585e+07
2.76366e+07
2.67824e+07
2.58994e+07
2.49908e+07
2.40587e+07
2.31046e+07
2.21298e+07
2.11354e+07
2.01224e+07
1.90923e+07
1.80464e+07
1.69865e+07
1.59147e+07
1.48333e+07
1.3745e+07
1.26542e+07
1.15676e+07
1.04991e+07
9.47954e+06
8.58181e+06
7.9747e+06
3.22877e+07
3.22858e+07
3.22828e+07
3.18356e+07
3.13492e+07
3.07655e+07
3.00968e+07
2.93648e+07
2.85834e+07
2.77601e+07
2.69001e+07
2.60081e+07
2.50876e+07
2.41406e+07
2.31684e+07
2.21716e+07
2.11505e+07
2.01053e+07
1.90364e+07
1.79444e+07
1.68295e+07
1.5692e+07
1.45315e+07
1.33467e+07
1.21355e+07
1.08938e+07
9.61665e+06
8.30232e+06
6.97753e+06
5.82521e+06
3.22272e+07
3.22253e+07
3.22072e+07
3.19272e+07
3.15083e+07
3.09459e+07
3.02732e+07
2.95358e+07
2.87503e+07
2.79202e+07
2.70499e+07
2.61454e+07
2.52107e+07
2.42477e+07
2.32569e+07
2.22378e+07
2.11896e+07
2.01118e+07
1.90038e+07
1.78652e+07
1.66952e+07
1.54923e+07
1.42538e+07
1.29749e+07
1.16471e+07
1.02554e+07
8.77137e+06
7.13556e+06
5.20077e+06
2.5234e+06
3.21755e+07
3.21722e+07
3.21463e+07
3.20844e+07
3.18108e+07
3.12365e+07
3.05145e+07
2.97548e+07
2.89617e+07
2.81204e+07
2.72341e+07
2.63128e+07
2.5362e+07
2.43828e+07
2.33737e+07
2.23329e+07
2.12583e+07
2.01484e+07
1.90019e+07
1.78175e+07
1.65937e+07
1.53282e+07
1.40166e+07
1.26521e+07
1.12228e+07
9.70921e+06
8.07789e+06
6.26778e+06
4.1666e+06
1.59104e+06
3.21392e+07
3.21368e+07
3.21089e+07
3.20386e+07
3.1928e+07
3.16751e+07
3.07934e+07
3.00074e+07
2.92214e+07
2.83655e+07
2.74532e+07
2.65097e+07
2.55418e+07
2.45475e+07
2.35223e+07
2.24618e+07
2.13624e+07
2.02217e+07
1.90378e+07
1.78091e+07
1.6534e+07
1.521e+07
1.38325e+07
1.2394e+07
1.08826e+07
9.2808e+06
7.56322e+06
5.69106e+06
3.60681e+06
1.26518e+06
3.21154e+07
3.21109e+07
3.2073e+07
3.19817e+07
3.18571e+07
3.17177e+07
3.09772e+07
3.02599e+07
2.95509e+07
2.86672e+07
2.77035e+07
2.67309e+07
2.57481e+07
2.47433e+07
2.37062e+07
2.26294e+07
2.15079e+07
2.03383e+07
1.91185e+07
1.78471e+07
1.65233e+07
1.51452e+07
1.37093e+07
1.22087e+07
1.06329e+07
8.96816e+06
7.20312e+06
5.32643e+06
3.30439e+06
1.12803e+06
3.21054e+07
3.20989e+07
3.20655e+07
3.19449e+07
3.17477e+07
3.14811e+07
3.11105e+07
3.0504e+07
3.00553e+07
2.90487e+07
2.79627e+07
2.69624e+07
2.59764e+07
2.49713e+07
2.39298e+07
2.28419e+07
2.17015e+07
2.05051e+07
1.92506e+07
1.79376e+07
1.65668e+07
1.51384e+07
1.36508e+07
1.20987e+07
1.04722e+07
8.75579e+06
6.95468e+06
5.10716e+06
3.15628e+06
1.07059e+06
3.21012e+07
3.20873e+07
3.20358e+07
3.19059e+07
3.16837e+07
3.13726e+07
3.09709e+07
3.05056e+07
3.00724e+07
2.95371e+07
2.81473e+07
2.72006e+07
2.62571e+07
2.52801e+07
2.42511e+07
2.31603e+07
2.20028e+07
2.07762e+07
1.94802e+07
1.81165e+07
1.66889e+07
1.52019e+07
1.36578e+07
1.20587e+07
1.03978e+07
8.66084e+06
6.87944e+06
5.07292e+06
3.14869e+06
1.06823e+06
3.21065e+07
3.20847e+07
3.20095e+07
3.18524e+07
3.16047e+07
3.12717e+07
3.08685e+07
3.03991e+07
2.98504e+07
2.91078e+07
2.81438e+07
2.72027e+07
2.62599e+07
2.52832e+07
2.42543e+07
2.31636e+07
2.2006e+07
2.07791e+07
1.94826e+07
1.81184e+07
1.66903e+07
1.52029e+07
1.36593e+07
1.20608e+07
1.04058e+07
8.69123e+06
6.91461e+06
5.06007e+06
3.1034e+06
1.05024e+06
3.21816e+07
3.2132e+07
3.2018e+07
3.18248e+07
3.1551e+07
3.12016e+07
3.07823e+07
3.02834e+07
2.96857e+07
2.89656e+07
2.81357e+07
2.72512e+07
2.63277e+07
2.53567e+07
2.4328e+07
2.32351e+07
2.20749e+07
2.08456e+07
1.95469e+07
1.81798e+07
1.67475e+07
1.52546e+07
1.37053e+07
1.21034e+07
1.04526e+07
8.75487e+06
6.99878e+06
5.15767e+06
3.1925e+06
1.09383e+06
3.23569e+07
3.22673e+07
3.20971e+07
3.18575e+07
3.15529e+07
3.11834e+07
3.07459e+07
3.02321e+07
2.96332e+07
2.89486e+07
2.8184e+07
2.73485e+07
2.64504e+07
2.54889e+07
2.44607e+07
2.3363e+07
2.21962e+07
2.09616e+07
1.96597e+07
1.82907e+07
1.68542e+07
1.53524e+07
1.37893e+07
1.21735e+07
1.0517e+07
8.83261e+06
7.11519e+06
5.34063e+06
3.42646e+06
1.25283e+06
3.26474e+07
3.24743e+07
3.22315e+07
3.19428e+07
3.16069e+07
3.12181e+07
3.07698e+07
3.02559e+07
2.96722e+07
2.90182e+07
2.82926e+07
2.74936e+07
2.66206e+07
2.56719e+07
2.46456e+07
2.35402e+07
2.23607e+07
2.11143e+07
1.98077e+07
1.84426e+07
1.70108e+07
1.55011e+07
1.3912e+07
1.22632e+07
1.05854e+07
8.90609e+06
7.22615e+06
5.55153e+06
3.81423e+06
1.76432e+06
3.30409e+07
3.27065e+07
3.23924e+07
3.20618e+07
3.16998e+07
3.12973e+07
3.0846e+07
3.03406e+07
2.97757e+07
2.91481e+07
2.84524e+07
2.76832e+07
2.68348e+07
2.59027e+07
2.48823e+07
2.37684e+07
2.25664e+07
2.12925e+07
1.99739e+07
1.86235e+07
1.72244e+07
1.5722e+07
1.40843e+07
1.23645e+07
1.0649e+07
8.96257e+06
7.31108e+06
5.6954e+06
4.21732e+06
3.18582e+06
3.33566e+07
3.29417e+07
3.25679e+07
3.22023e+07
3.18219e+07
3.14138e+07
3.09676e+07
3.04774e+07
2.99345e+07
2.9334e+07
2.86664e+07
2.79254e+07
2.71012e+07
2.61888e+07
2.51804e+07
2.4066e+07
2.2828e+07
2.14866e+07
2.01323e+07
1.88052e+07
1.75026e+07
1.60753e+07
1.43442e+07
1.24611e+07
1.06927e+07
9.0006e+06
7.37857e+06
5.85848e+06
4.59581e+06
3.63774e+06
3.36082e+07
3.31706e+07
3.27638e+07
3.23727e+07
3.19802e+07
3.1572e+07
3.11372e+07
3.06668e+07
3.015e+07
2.95793e+07
2.89399e+07
2.82231e+07
2.74187e+07
2.65273e+07
2.55305e+07
2.44441e+07
2.31858e+07
2.16778e+07
2.02396e+07
1.89181e+07
1.77819e+07
1.66785e+07
1.49245e+07
1.2486e+07
1.07094e+07
9.02032e+06
7.40292e+06
5.89115e+06
4.63378e+06
3.75353e+06
3.38159e+07
3.33713e+07
3.29504e+07
3.25472e+07
3.21515e+07
3.17504e+07
3.13344e+07
3.08904e+07
3.04074e+07
2.98729e+07
2.92636e+07
2.85668e+07
2.77706e+07
2.6911e+07
2.5919e+07
2.48525e+07
2.38869e+07
2.18701e+07
2.025e+07
1.89261e+07
1.77837e+07
1.66469e+07
1.49611e+07
1.31433e+07
1.151e+07
1.0006e+07
8.63187e+06
7.43077e+06
6.49563e+06
5.94196e+06
3.39887e+07
3.35436e+07
3.31209e+07
3.27186e+07
3.23297e+07
3.19452e+07
3.15559e+07
3.11467e+07
3.07073e+07
3.0215e+07
2.96415e+07
2.89692e+07
2.81561e+07
2.73135e+07
2.66356e+07
2.48593e+07
2.37527e+07
2.20622e+07
2.05367e+07
1.9165e+07
1.78849e+07
1.6589e+07
1.51294e+07
1.36163e+07
1.21811e+07
1.08617e+07
9.68786e+06
8.70442e+06
7.97599e+06
7.57673e+06
3.41313e+07
3.36884e+07
3.32697e+07
3.28753e+07
3.24997e+07
3.21386e+07
3.17816e+07
3.1416e+07
3.10283e+07
3.05823e+07
3.00478e+07
2.94307e+07
2.87529e+07
2.73145e+07
2.61959e+07
2.48374e+07
2.35322e+07
2.20893e+07
2.06694e+07
1.93123e+07
1.80018e+07
1.66947e+07
1.53514e+07
1.40111e+07
1.27367e+07
1.15717e+07
1.05535e+07
9.72305e+06
9.12717e+06
8.81224e+06
3.42455e+07
3.38055e+07
3.3393e+07
3.30093e+07
3.26509e+07
3.23176e+07
3.19982e+07
3.16862e+07
3.13578e+07
3.09709e+07
3.04806e+07
2.98775e+07
2.85782e+07
2.72938e+07
2.60577e+07
2.47623e+07
2.34494e+07
2.20935e+07
2.07395e+07
1.94129e+07
1.81155e+07
1.68364e+07
1.55704e+07
1.43401e+07
1.31828e+07
1.21349e+07
1.12313e+07
1.05071e+07
9.99738e+06
9.73282e+06
3.43315e+07
3.38942e+07
3.34878e+07
3.31143e+07
3.27735e+07
3.24676e+07
3.21885e+07
3.1933e+07
3.16712e+07
3.13637e+07
3.08487e+07
2.96777e+07
2.84631e+07
2.72247e+07
2.59787e+07
2.47046e+07
2.34096e+07
2.20958e+07
2.0782e+07
1.94844e+07
1.8211e+07
1.6965e+07
1.57538e+07
1.45961e+07
1.35194e+07
1.25539e+07
1.17297e+07
1.10768e+07
1.06224e+07
1.03888e+07
3.43892e+07
3.39537e+07
3.35519e+07
3.31858e+07
3.28589e+07
3.25751e+07
3.23344e+07
3.21335e+07
3.19455e+07
3.17576e+07
3.06524e+07
2.95405e+07
2.83717e+07
2.71632e+07
2.59279e+07
2.46677e+07
2.33887e+07
2.20981e+07
2.08083e+07
1.95319e+07
1.8279e+07
1.70588e+07
1.58835e+07
1.47711e+07
1.3745e+07
1.28313e+07
1.2057e+07
1.14478e+07
1.10266e+07
1.08112e+07
3.44182e+07
3.39836e+07
3.35842e+07
3.32217e+07
3.29021e+07
3.26296e+07
3.24144e+07
3.22607e+07
3.21706e+07
3.14469e+07
3.05198e+07
2.94601e+07
2.83201e+07
2.71284e+07
2.5902e+07
2.46496e+07
2.33793e+07
2.20995e+07
2.08212e+07
1.95557e+07
1.83142e+07
1.71078e+07
1.59504e+07
1.48599e+07
1.38582e+07
1.29695e+07
1.22191e+07
1.16307e+07
1.12252e+07
1.10182e+07
)
;

boundaryField
{
    inlet1
    {
        type            fixedGradient;
        gradient        uniform 20000;
    }
    inlet2
    {
        type            zeroGradient;
    }
    inlet3
    {
        type            fixedGradient;
        gradient        uniform 4.68141e+06;
    }
    output1
    {
        type            zeroGradient;
    }
    output2
    {
        type            fixedValue;
        value           uniform 0;
    }
    output3
    {
        type            zeroGradient;
    }
    up
    {
        type            zeroGradient;
    }
    down
    {
        type            zeroGradient;
    }
    emptyWalls
    {
        type            empty;
    }
}


// ************************************************************************* //
