/*--------------------------------*- C++ -*----------------------------------*\
  =========                 |
  \\      /  F ield         | OpenFOAM: The Open Source CFD Toolbox
   \\    /   O peration     | Website:  https://openfoam.org
    \\  /    A nd           | Version:  9
     \\/     M anipulation  |
\*---------------------------------------------------------------------------*/
FoamFile
{
    format      ascii;
    class       volScalarField;
    location    "7500";
    object      Sw;
}
// * * * * * * * * * * * * * * * * * * * * * * * * * * * * * * * * * * * * * //

dimensions      [0 0 0 0 0 0 0];

internalField   nonuniform List<scalar> 
900
(
0.771212
0.569009
0.533409
0.344998
0.150096
0.15
0.15
0.15
0.15
0.15
0.15
0.15
0.15
0.15
0.15
0.15
0.15
0.15
0.15
0.15
0.15
0.15
0.15
0.15
0.15
0.15
0.15
0.15
0.15
0.15
0.618149
0.565732
0.552863
0.297167
0.15001
0.15
0.15
0.15
0.15
0.15
0.15
0.15
0.15
0.15
0.15
0.15
0.15
0.15
0.15
0.15
0.15
0.15
0.15
0.15
0.15
0.15
0.15
0.15
0.15
0.15
0.717034
0.611749
0.552462
0.268657
0.150003
0.15
0.15
0.15
0.15
0.15
0.15
0.15
0.15
0.15
0.15
0.15
0.15
0.15
0.15
0.15
0.15
0.15
0.15
0.15
0.15
0.15
0.15
0.15
0.15
0.15
0.699352
0.596816
0.54088
0.232797
0.15
0.15
0.15
0.15
0.15
0.15
0.15
0.15
0.15
0.15
0.15
0.15
0.15
0.15
0.15
0.15
0.15
0.15
0.15
0.15
0.15
0.15
0.15
0.15
0.15
0.15
0.739581
0.593601
0.557098
0.189864
0.15
0.15
0.15
0.15
0.15
0.15
0.15
0.15
0.15
0.15
0.15
0.15
0.15
0.15
0.15
0.15
0.15
0.15
0.15
0.15
0.15
0.15
0.15
0.15
0.15
0.15
0.715834
0.56831
0.471692
0.153433
0.15
0.15
0.15
0.15
0.15
0.15
0.15
0.15
0.15
0.15
0.15
0.15
0.15
0.15
0.15
0.15
0.15
0.15
0.15
0.15
0.15
0.15
0.15
0.15
0.15
0.15
0.731205
0.560836
0.343484
0.150137
0.15
0.15
0.15
0.15
0.15
0.15
0.15
0.15
0.15
0.15
0.15
0.15
0.15
0.15
0.15
0.15
0.15
0.15
0.15
0.15
0.15
0.15
0.15
0.15
0.15
0.15
0.714527
0.559003
0.298944
0.150014
0.15
0.15
0.15
0.15
0.15
0.15
0.15
0.15
0.15
0.15
0.15
0.15
0.15
0.15
0.15
0.15
0.15
0.15
0.15
0.15
0.15
0.15
0.15
0.15
0.15
0.15
0.730731
0.566945
0.230891
0.15
0.15
0.15
0.15
0.15
0.15
0.15
0.15
0.15
0.15
0.15
0.15
0.15
0.15
0.15
0.15
0.15
0.15
0.15
0.15
0.15
0.15
0.15
0.15
0.15
0.15
0.15
0.728828
0.569422
0.193754
0.15
0.15
0.15
0.15
0.15
0.15
0.15
0.15
0.15
0.15
0.15
0.15
0.15
0.15
0.15
0.15
0.15
0.15
0.15
0.15
0.15
0.15
0.15
0.15
0.15
0.15
0.15
0.755514
0.589206
0.333003
0.150012
0.15
0.15
0.15
0.15
0.15
0.15
0.15
0.15
0.15
0.15
0.15
0.15
0.15
0.15
0.15
0.15
0.15
0.15
0.15
0.15
0.15
0.15
0.15
0.15
0.15
0.15
0.752753
0.590698
0.515834
0.319323
0.150105
0.15
0.15
0.15
0.15
0.15
0.15
0.15
0.15
0.15
0.15
0.15
0.15
0.15
0.15
0.15
0.15
0.15
0.15
0.15
0.15
0.15
0.15
0.15
0.15
0.15
0.802296
0.63687
0.56085
0.524253
0.40342
0.150332
0.15
0.15
0.15
0.15
0.15
0.15
0.15
0.15
0.15
0.15
0.15
0.15
0.15
0.15
0.15
0.15
0.15
0.15
0.15
0.15
0.15
0.15
0.15
0.15
0.823372
0.595548
0.55676
0.54123
0.533553
0.320561
0.150003
0.15
0.15
0.15
0.15
0.15
0.15
0.15
0.15
0.15
0.15
0.15
0.15
0.15
0.15
0.15
0.15
0.15
0.15
0.15
0.15
0.15
0.15
0.15
0.922214
0.74861
0.607837
0.545749
0.525109
0.501449
0.215539
0.150001
0.150002
0.15
0.15
0.15
0.15
0.15
0.15
0.15
0.15
0.15
0.15
0.15
0.15
0.15
0.15
0.15
0.15
0.15
0.15
0.15
0.15
0.15
0.847175
0.759152
0.681419
0.632933
0.597158
0.578896
0.55154
0.550584
0.521728
0.177297
0.17909
0.19433
0.211503
0.227138
0.239916
0.248702
0.252795
0.252432
0.249629
0.252976
0.254089
0.267598
0.274642
0.297871
0.308617
0.338845
0.375377
0.385884
0.354275
0.244312
0.646743
0.642837
0.620069
0.60681
0.590227
0.585545
0.577052
0.567539
0.552757
0.530577
0.528351
0.532059
0.535724
0.538629
0.540833
0.54246
0.543634
0.544513
0.54523
0.545908
0.546547
0.547086
0.547403
0.54744
0.547292
0.547286
0.547616
0.547995
0.549195
0.550083
0.601466
0.590591
0.583356
0.581973
0.577668
0.576411
0.573448
0.568548
0.564357
0.562358
0.561473
0.563744
0.566778
0.569437
0.571504
0.572961
0.573849
0.574318
0.574514
0.574739
0.575042
0.575433
0.575558
0.575418
0.574876
0.574204
0.572926
0.572062
0.571878
0.573311
0.587964
0.585919
0.587221
0.588206
0.587855
0.58649
0.584465
0.582571
0.581868
0.583525
0.584357
0.585406
0.586658
0.587569
0.588127
0.588206
0.587852
0.587015
0.585806
0.584662
0.583754
0.583303
0.582674
0.58191
0.580876
0.58002
0.578084
0.575448
0.570252
0.566666
0.585509
0.593915
0.600045
0.603201
0.60313
0.602302
0.6008
0.600117
0.599914
0.600172
0.59947
0.598104
0.596436
0.594369
0.592317
0.590035
0.588017
0.585517
0.582751
0.579886
0.577128
0.575209
0.57323
0.571688
0.570186
0.570062
0.567797
0.567027
0.555534
0.545419
0.608641
0.618732
0.617547
0.614298
0.610061
0.607479
0.604497
0.603338
0.601505
0.600289
0.59777
0.595067
0.591379
0.587359
0.583178
0.578581
0.575406
0.571453
0.568135
0.563984
0.559577
0.554773
0.550801
0.548134
0.547643
0.547047
0.547248
0.545991
0.55365
0.575247
0.596018
0.592905
0.592736
0.593627
0.59375
0.595001
0.594635
0.595966
0.594661
0.594737
0.592034
0.589621
0.584117
0.578765
0.571754
0.563962
0.557761
0.551913
0.549465
0.545209
0.540539
0.526062
0.5143
0.512729
0.513582
0.514038
0.515215
0.515301
0.519054
0.478594
0.59843
0.599702
0.602021
0.603886
0.604112
0.603826
0.601922
0.601173
0.597245
0.595898
0.58986
0.584656
0.574363
0.565928
0.553588
0.543333
0.52385
0.51579
0.516497
0.513245
0.519542
0.463519
0.152871
0.15
0.15
0.15
0.15
0.15
0.15
0.15
0.599087
0.598206
0.597355
0.596971
0.596501
0.595249
0.594608
0.592886
0.589519
0.587909
0.577379
0.56841
0.552959
0.542981
0.517286
0.518917
0.411235
0.150221
0.15
0.15
0.15
0.15
0.15
0.15
0.15
0.15
0.15
0.15
0.15
0.15
0.599264
0.598973
0.598392
0.599184
0.599209
0.598747
0.598775
0.594308
0.591717
0.584481
0.56467
0.549539
0.521631
0.522635
0.29013
0.15
0.15
0.15
0.15
0.15
0.15
0.15
0.15
0.15
0.15
0.15
0.15
0.15
0.15
0.15
0.599581
0.599741
0.598962
0.599837
0.598276
0.598312
0.59562
0.589611
0.587649
0.567217
0.538206
0.516828
0.243115
0.15
0.15
0.15
0.15
0.15
0.15
0.15
0.15
0.15
0.15
0.15
0.15
0.15
0.15
0.15
0.15
0.15
0.599883
0.60027
0.599785
0.600902
0.599033
0.60069
0.594871
0.592713
0.583768
0.542187
0.504241
0.167016
0.15
0.15
0.15
0.15
0.15
0.15
0.15
0.15
0.15
0.15
0.15
0.15
0.15
0.15
0.15
0.15
0.15
0.15
0.600162
0.600586
0.600764
0.601711
0.600763
0.602211
0.594385
0.595306
0.566423
0.491422
0.154826
0.15
0.15
0.15
0.15
0.15
0.15
0.15
0.15
0.15
0.15
0.15
0.15
0.15
0.15
0.15
0.15
0.15
0.15
0.15
0.600356
0.600765
0.601566
0.602242
0.60299
0.603494
0.598172
0.59494
0.534825
0.174106
0.15
0.15
0.15
0.15
0.15
0.15
0.15
0.15
0.15
0.15
0.15
0.15
0.15
0.15
0.15
0.15
0.15
0.15
0.15
0.15
0.600523
0.600733
0.602162
0.602227
0.60487
0.603912
0.606869
0.58986
0.294024
0.15
0.15
0.15
0.15
0.15
0.15
0.15
0.15
0.15
0.15
0.15
0.15
0.15
0.15
0.15
0.15
0.15
0.15
0.15
0.15
0.15
)
;

boundaryField
{
    inlet1
    {
        type            fixedValue;
        value           uniform 0.85;
    }
    inlet2
    {
        type            zeroGradient;
    }
    inlet3
    {
        type            fixedValue;
        value           uniform 0.6;
    }
    output1
    {
        type            zeroGradient;
    }
    output2
    {
        type            zeroGradient;
    }
    output3
    {
        type            zeroGradient;
    }
    up
    {
        type            zeroGradient;
    }
    down
    {
        type            zeroGradient;
    }
    emptyWalls
    {
        type            empty;
    }
}


// ************************************************************************* //
