/*--------------------------------*- C++ -*----------------------------------*\
  =========                 |
  \\      /  F ield         | OpenFOAM: The Open Source CFD Toolbox
   \\    /   O peration     | Website:  https://openfoam.org
    \\  /    A nd           | Version:  9
     \\/     M anipulation  |
\*---------------------------------------------------------------------------*/
FoamFile
{
    format      ascii;
    class       volScalarField;
    location    "6000";
    object      alpha;
}
// * * * * * * * * * * * * * * * * * * * * * * * * * * * * * * * * * * * * * //

dimensions      [0 2 -1 0 0 0 0];

internalField   nonuniform List<scalar> 
900
(
-3.60894e-11
-7.99826e-12
-6.84022e-12
-4.8469e-14
-4.06453e-14
-4.0652e-14
-4.0652e-14
-4.0652e-14
-4.0652e-14
-4.0652e-14
-4.0652e-14
-4.0652e-14
-4.0652e-14
-4.0652e-14
-4.0652e-14
-4.0652e-14
-4.0652e-14
-4.0652e-14
-4.0652e-14
-4.0652e-14
-4.0652e-14
-4.0652e-14
-4.0652e-14
-4.0652e-14
-4.0652e-14
-4.0652e-14
-4.0652e-14
-4.0652e-14
-4.0652e-14
-4.0652e-14
-1.34573e-10
-2.18648e-11
-8.51947e-12
-2.73521e-14
-4.06513e-14
-4.0652e-14
-4.0652e-14
-4.0652e-14
-4.0652e-14
-4.0652e-14
-4.0652e-14
-4.0652e-14
-4.0652e-14
-4.0652e-14
-4.0652e-14
-4.0652e-14
-4.0652e-14
-4.0652e-14
-4.0652e-14
-4.0652e-14
-4.0652e-14
-4.0652e-14
-4.0652e-14
-4.0652e-14
-4.0652e-14
-4.0652e-14
-4.0652e-14
-4.0652e-14
-4.0652e-14
-4.0652e-14
-1.10441e-10
-1.44972e-11
-7.03625e-12
-2.66993e-14
-4.06519e-14
-4.0652e-14
-4.0652e-14
-4.0652e-14
-4.0652e-14
-4.0652e-14
-4.0652e-14
-4.0652e-14
-4.0652e-14
-4.0652e-14
-4.0652e-14
-4.0652e-14
-4.0652e-14
-4.0652e-14
-4.0652e-14
-4.0652e-14
-4.0652e-14
-4.0652e-14
-4.0652e-14
-4.0652e-14
-4.0652e-14
-4.0652e-14
-4.0652e-14
-4.0652e-14
-4.0652e-14
-4.0652e-14
-1.01548e-10
-1.32798e-11
-7.11361e-12
-3.00981e-14
-4.0652e-14
-4.0652e-14
-4.0652e-14
-4.0652e-14
-4.0652e-14
-4.0652e-14
-4.0652e-14
-4.0652e-14
-4.0652e-14
-4.0652e-14
-4.0652e-14
-4.0652e-14
-4.0652e-14
-4.0652e-14
-4.0652e-14
-4.0652e-14
-4.0652e-14
-4.0652e-14
-4.0652e-14
-4.0652e-14
-4.0652e-14
-4.0652e-14
-4.0652e-14
-4.0652e-14
-4.0652e-14
-4.0652e-14
-9.43548e-11
-1.05274e-11
-7.3824e-12
-3.63299e-14
-4.0652e-14
-4.0652e-14
-4.0652e-14
-4.0652e-14
-4.0652e-14
-4.0652e-14
-4.0652e-14
-4.0652e-14
-4.0652e-14
-4.0652e-14
-4.0652e-14
-4.0652e-14
-4.0652e-14
-4.0652e-14
-4.0652e-14
-4.0652e-14
-4.0652e-14
-4.0652e-14
-4.0652e-14
-4.0652e-14
-4.0652e-14
-4.0652e-14
-4.0652e-14
-4.0652e-14
-4.0652e-14
-4.0652e-14
-8.53732e-11
-7.6143e-12
-5.28238e-13
-4.04555e-14
-4.0652e-14
-4.0652e-14
-4.0652e-14
-4.0652e-14
-4.0652e-14
-4.0652e-14
-4.0652e-14
-4.0652e-14
-4.0652e-14
-4.0652e-14
-4.0652e-14
-4.0652e-14
-4.0652e-14
-4.0652e-14
-4.0652e-14
-4.0652e-14
-4.0652e-14
-4.0652e-14
-4.0652e-14
-4.0652e-14
-4.0652e-14
-4.0652e-14
-4.0652e-14
-4.0652e-14
-4.0652e-14
-4.0652e-14
-8.93265e-11
-7.60196e-12
-6.78046e-14
-4.06357e-14
-4.0652e-14
-4.0652e-14
-4.0652e-14
-4.0652e-14
-4.0652e-14
-4.0652e-14
-4.0652e-14
-4.0652e-14
-4.0652e-14
-4.0652e-14
-4.0652e-14
-4.0652e-14
-4.0652e-14
-4.0652e-14
-4.0652e-14
-4.0652e-14
-4.0652e-14
-4.0652e-14
-4.0652e-14
-4.0652e-14
-4.0652e-14
-4.0652e-14
-4.0652e-14
-4.0652e-14
-4.0652e-14
-4.0652e-14
-8.33257e-11
-8.26849e-12
-2.9346e-14
-4.06505e-14
-4.0652e-14
-4.0652e-14
-4.0652e-14
-4.0652e-14
-4.0652e-14
-4.0652e-14
-4.0652e-14
-4.0652e-14
-4.0652e-14
-4.0652e-14
-4.0652e-14
-4.0652e-14
-4.0652e-14
-4.0652e-14
-4.0652e-14
-4.0652e-14
-4.0652e-14
-4.0652e-14
-4.0652e-14
-4.0652e-14
-4.0652e-14
-4.0652e-14
-4.0652e-14
-4.0652e-14
-4.0652e-14
-4.0652e-14
-9.56543e-11
-9.18191e-12
-2.96346e-14
-4.0652e-14
-4.0652e-14
-4.0652e-14
-4.0652e-14
-4.0652e-14
-4.0652e-14
-4.0652e-14
-4.0652e-14
-4.0652e-14
-4.0652e-14
-4.0652e-14
-4.0652e-14
-4.0652e-14
-4.0652e-14
-4.0652e-14
-4.0652e-14
-4.0652e-14
-4.0652e-14
-4.0652e-14
-4.0652e-14
-4.0652e-14
-4.0652e-14
-4.0652e-14
-4.0652e-14
-4.0652e-14
-4.0652e-14
-4.0652e-14
-9.83335e-11
-1.00574e-11
-3.50091e-14
-4.0652e-14
-4.0652e-14
-4.0652e-14
-4.0652e-14
-4.0652e-14
-4.0652e-14
-4.0652e-14
-4.0652e-14
-4.0652e-14
-4.0652e-14
-4.0652e-14
-4.0652e-14
-4.0652e-14
-4.0652e-14
-4.0652e-14
-4.0652e-14
-4.0652e-14
-4.0652e-14
-4.0652e-14
-4.0652e-14
-4.0652e-14
-4.0652e-14
-4.0652e-14
-4.0652e-14
-4.0652e-14
-4.0652e-14
-4.0652e-14
-1.27088e-10
-1.25813e-11
-2.80945e-14
-4.06518e-14
-4.0652e-14
-4.0652e-14
-4.0652e-14
-4.0652e-14
-4.0652e-14
-4.0652e-14
-4.0652e-14
-4.0652e-14
-4.0652e-14
-4.0652e-14
-4.0652e-14
-4.0652e-14
-4.0652e-14
-4.0652e-14
-4.0652e-14
-4.0652e-14
-4.0652e-14
-4.0652e-14
-4.0652e-14
-4.0652e-14
-4.0652e-14
-4.0652e-14
-4.0652e-14
-4.0652e-14
-4.0652e-14
-4.0652e-14
-1.15579e-10
-1.54045e-11
-4.32963e-12
-2.83163e-14
-4.06485e-14
-4.0652e-14
-4.0652e-14
-4.0652e-14
-4.0652e-14
-4.0652e-14
-4.0652e-14
-4.0652e-14
-4.0652e-14
-4.0652e-14
-4.0652e-14
-4.0652e-14
-4.0652e-14
-4.0652e-14
-4.0652e-14
-4.0652e-14
-4.0652e-14
-4.0652e-14
-4.0652e-14
-4.0652e-14
-4.0652e-14
-4.0652e-14
-4.0652e-14
-4.0652e-14
-4.0652e-14
-4.0652e-14
-1.8344e-10
-1.98329e-11
-6.81082e-12
-3.3477e-12
-7.4958e-14
-4.06442e-14
-4.0652e-14
-4.0652e-14
-4.0652e-14
-4.0652e-14
-4.0652e-14
-4.0652e-14
-4.0652e-14
-4.0652e-14
-4.0652e-14
-4.0652e-14
-4.0652e-14
-4.0652e-14
-4.0652e-14
-4.0652e-14
-4.0652e-14
-4.0652e-14
-4.0652e-14
-4.0652e-14
-4.0652e-14
-4.0652e-14
-4.0652e-14
-4.0652e-14
-4.0652e-14
-4.0652e-14
-1.84593e-10
-2.85912e-11
-1.14319e-11
-8.42734e-12
-4.22356e-12
-3.46526e-14
-4.0652e-14
-4.0652e-14
-4.0652e-14
-4.0652e-14
-4.0652e-14
-4.0652e-14
-4.0652e-14
-4.0652e-14
-4.0652e-14
-4.0652e-14
-4.0652e-14
-4.0652e-14
-4.0652e-14
-4.0652e-14
-4.0652e-14
-4.0652e-14
-4.0652e-14
-4.0652e-14
-4.0652e-14
-4.0652e-14
-4.0652e-14
-4.0652e-14
-4.0652e-14
-4.0652e-14
-4.08926e-10
-2.50769e-11
-9.0735e-12
-5.93739e-12
-5.29636e-12
-3.00519e-13
-4.06323e-14
-4.0652e-14
-4.0652e-14
-4.0652e-14
-4.0652e-14
-4.0652e-14
-4.0652e-14
-4.0652e-14
-4.0652e-14
-4.0652e-14
-4.0652e-14
-4.0652e-14
-4.0652e-14
-4.0652e-14
-4.0652e-14
-4.0652e-14
-4.0652e-14
-4.0652e-14
-4.0652e-14
-4.0652e-14
-4.0652e-14
-4.0652e-14
-4.0652e-14
-4.0652e-14
-4.06565e-10
-8.91446e-11
-3.45976e-11
-1.73553e-11
-1.16471e-11
-6.75386e-12
-4.77099e-12
-3.60853e-14
-4.06516e-14
-4.0304e-14
-4.03429e-14
-4.00685e-14
-3.82612e-14
-3.61489e-14
-3.42384e-14
-3.28698e-14
-3.21821e-14
-3.20811e-14
-3.21735e-14
-3.11997e-14
-3.03736e-14
-2.80877e-14
-2.7059e-14
-2.67215e-14
-2.70419e-14
-2.84142e-14
-3.15827e-14
-3.32687e-14
-2.75215e-14
-3.15863e-14
-6.85176e-11
-4.48759e-11
-2.69614e-11
-1.91267e-11
-1.55946e-11
-1.23495e-11
-9.50319e-12
-6.3757e-12
-5.93417e-12
-6.10912e-12
-6.21922e-12
-6.22742e-12
-5.97912e-12
-5.24406e-12
-4.48556e-12
-4.20233e-12
-4.32172e-12
-4.6082e-12
-4.90839e-12
-5.15703e-12
-5.32741e-12
-5.41777e-12
-5.44979e-12
-5.45549e-12
-5.47118e-12
-5.52792e-12
-5.66702e-12
-5.8793e-12
-6.20162e-12
-6.39997e-12
-1.78432e-11
-1.65094e-11
-1.43237e-11
-1.33973e-11
-1.26862e-11
-1.20151e-11
-1.10621e-11
-1.06053e-11
-1.01875e-11
-1.02545e-11
-1.04021e-11
-1.03778e-11
-1.01037e-11
-9.66864e-12
-9.32965e-12
-9.26759e-12
-9.44887e-12
-9.76519e-12
-1.01004e-11
-1.03846e-11
-1.05532e-11
-1.0614e-11
-1.06103e-11
-1.05846e-11
-1.05498e-11
-1.05235e-11
-1.05209e-11
-1.05423e-11
-1.06658e-11
-1.08386e-11
-1.62757e-11
-1.51023e-11
-1.48502e-11
-1.47772e-11
-1.44578e-11
-1.4233e-11
-1.40286e-11
-1.42566e-11
-1.42384e-11
-1.42355e-11
-1.42427e-11
-1.41258e-11
-1.39658e-11
-1.38274e-11
-1.37249e-11
-1.35847e-11
-1.34214e-11
-1.33189e-11
-1.32657e-11
-1.32615e-11
-1.31187e-11
-1.29445e-11
-1.27944e-11
-1.26926e-11
-1.25467e-11
-1.2356e-11
-1.20038e-11
-1.1479e-11
-1.07858e-11
-9.94573e-12
-1.49816e-11
-1.71851e-11
-1.86251e-11
-1.94546e-11
-1.93314e-11
-1.92809e-11
-1.9102e-11
-1.90211e-11
-1.86427e-11
-1.811e-11
-1.75464e-11
-1.69404e-11
-1.64807e-11
-1.60474e-11
-1.56888e-11
-1.50723e-11
-1.43254e-11
-1.35721e-11
-1.28895e-11
-1.24865e-11
-1.19044e-11
-1.15176e-11
-1.12734e-11
-1.11623e-11
-1.09618e-11
-1.07773e-11
-1.01709e-11
-9.51204e-12
-8.22789e-12
-6.2344e-12
-2.22756e-11
-2.57727e-11
-2.49413e-11
-2.38437e-11
-2.21932e-11
-2.14716e-11
-2.03862e-11
-1.97693e-11
-1.87532e-11
-1.79366e-11
-1.69763e-11
-1.60483e-11
-1.51782e-11
-1.41977e-11
-1.35861e-11
-1.25954e-11
-1.17271e-11
-1.06699e-11
-9.66644e-12
-8.93194e-12
-8.15208e-12
-7.82481e-12
-7.64374e-12
-7.58046e-12
-7.43206e-12
-7.44239e-12
-6.8257e-12
-6.64098e-12
-5.31856e-12
-7.79046e-12
-1.82648e-11
-1.73467e-11
-1.72681e-11
-1.76835e-11
-1.74293e-11
-1.79331e-11
-1.74149e-11
-1.76449e-11
-1.68913e-11
-1.66754e-11
-1.54904e-11
-1.44176e-11
-1.28774e-11
-1.12677e-11
-1.01817e-11
-9.05007e-12
-8.60777e-12
-7.62446e-12
-6.87721e-12
-4.75293e-12
-4.29597e-12
-4.20933e-12
-4.12974e-12
-4.08963e-12
-4.02434e-12
-4.15523e-12
-3.89281e-12
-4.63693e-12
-2.71574e-14
-4.0652e-14
-1.90814e-11
-1.92414e-11
-1.99058e-11
-2.04263e-11
-2.00795e-11
-2.02653e-11
-1.90408e-11
-1.89645e-11
-1.7367e-11
-1.67041e-11
-1.41352e-11
-1.232e-11
-9.72893e-12
-8.05333e-12
-5.40011e-12
-4.77842e-12
-4.82864e-12
-4.44394e-12
-5.18928e-12
-2.67383e-14
-4.06489e-14
-4.0652e-14
-4.0652e-14
-4.0652e-14
-4.0652e-14
-4.0652e-14
-4.0652e-14
-4.0652e-14
-4.0652e-14
-4.0652e-14
-1.93296e-11
-1.86633e-11
-1.86842e-11
-1.82381e-11
-1.80774e-11
-1.79628e-11
-1.69765e-11
-1.7013e-11
-1.50995e-11
-1.37242e-11
-1.01319e-11
-8.32298e-12
-4.96107e-12
-5.16646e-12
-1.09367e-13
-4.06501e-14
-4.0652e-14
-4.0652e-14
-4.0652e-14
-4.0652e-14
-4.0652e-14
-4.0652e-14
-4.0652e-14
-4.0652e-14
-4.0652e-14
-4.0652e-14
-4.0652e-14
-4.0652e-14
-4.0652e-14
-4.0652e-14
-1.94157e-11
-1.88491e-11
-1.9204e-11
-1.86684e-11
-1.91724e-11
-1.85579e-11
-1.77285e-11
-1.7275e-11
-1.39155e-11
-1.06965e-11
-5.85427e-12
-5.62701e-12
-4.06135e-14
-4.06518e-14
-4.0652e-14
-4.0652e-14
-4.0652e-14
-4.0652e-14
-4.0652e-14
-4.0652e-14
-4.0652e-14
-4.0652e-14
-4.0652e-14
-4.0652e-14
-4.0652e-14
-4.0652e-14
-4.0652e-14
-4.0652e-14
-4.0652e-14
-4.0652e-14
-1.95064e-11
-1.91275e-11
-1.94887e-11
-1.86533e-11
-1.92847e-11
-1.74672e-11
-1.71454e-11
-1.52723e-11
-1.03943e-11
-5.88081e-12
-2.98802e-13
-4.06391e-14
-4.0652e-14
-4.0652e-14
-4.0652e-14
-4.0652e-14
-4.0652e-14
-4.0652e-14
-4.0652e-14
-4.0652e-14
-4.0652e-14
-4.0652e-14
-4.0652e-14
-4.0652e-14
-4.0652e-14
-4.0652e-14
-4.0652e-14
-4.0652e-14
-4.0652e-14
-4.0652e-14
-1.95496e-11
-1.94718e-11
-1.9726e-11
-1.91741e-11
-1.97208e-11
-1.74418e-11
-1.77829e-11
-1.30464e-11
-6.26946e-12
-7.76537e-14
-4.06511e-14
-4.0652e-14
-4.0652e-14
-4.0652e-14
-4.0652e-14
-4.0652e-14
-4.0652e-14
-4.0652e-14
-4.0652e-14
-4.0652e-14
-4.0652e-14
-4.0652e-14
-4.0652e-14
-4.0652e-14
-4.0652e-14
-4.0652e-14
-4.0652e-14
-4.0652e-14
-4.0652e-14
-4.0652e-14
-1.95844e-11
-1.98022e-11
-1.99539e-11
-1.99419e-11
-2.00131e-11
-1.79863e-11
-1.782e-11
-9.03325e-12
-1.0003e-13
-4.06508e-14
-4.0652e-14
-4.0652e-14
-4.0652e-14
-4.0652e-14
-4.0652e-14
-4.0652e-14
-4.0652e-14
-4.0652e-14
-4.0652e-14
-4.0652e-14
-4.0652e-14
-4.0652e-14
-4.0652e-14
-4.0652e-14
-4.0652e-14
-4.0652e-14
-4.0652e-14
-4.0652e-14
-4.0652e-14
-4.0652e-14
-1.96097e-11
-2.00452e-11
-2.01485e-11
-2.06972e-11
-2.04303e-11
-1.9498e-11
-1.75386e-11
-4.03791e-12
-3.99161e-14
-4.0652e-14
-4.0652e-14
-4.0652e-14
-4.0652e-14
-4.0652e-14
-4.0652e-14
-4.0652e-14
-4.0652e-14
-4.0652e-14
-4.0652e-14
-4.0652e-14
-4.0652e-14
-4.0652e-14
-4.0652e-14
-4.0652e-14
-4.0652e-14
-4.0652e-14
-4.0652e-14
-4.0652e-14
-4.0652e-14
-4.0652e-14
-1.95981e-11
-2.02133e-11
-2.01825e-11
-2.12954e-11
-2.06508e-11
-2.23553e-11
-1.43758e-11
-2.64963e-14
-4.0652e-14
-4.0652e-14
-4.0652e-14
-4.0652e-14
-4.0652e-14
-4.0652e-14
-4.0652e-14
-4.0652e-14
-4.0652e-14
-4.0652e-14
-4.0652e-14
-4.0652e-14
-4.0652e-14
-4.0652e-14
-4.0652e-14
-4.0652e-14
-4.0652e-14
-4.0652e-14
-4.0652e-14
-4.0652e-14
-4.0652e-14
-4.0652e-14
)
;

boundaryField
{
    inlet1
    {
        type            calculated;
        value           uniform -5e-10;
    }
    inlet2
    {
        type            calculated;
        value           nonuniform List<scalar> 10(-1.27088e-10 -1.15579e-10 -1.8344e-10 -1.84593e-10 -4.08926e-10 -4.06565e-10 -6.85176e-11 -1.78432e-11 -1.62757e-11 -1.49816e-11);
    }
    inlet3
    {
        type            calculated;
        value           uniform -1.95111e-11;
    }
    output1
    {
        type            calculated;
        value           nonuniform List<scalar> 10(-4.0652e-14 -4.0652e-14 -4.0652e-14 -4.0652e-14 -4.0652e-14 -4.0652e-14 -4.0652e-14 -4.0652e-14 -4.0652e-14 -4.0652e-14);
    }
    output2
    {
        type            calculated;
        value           nonuniform List<scalar> 10(-4.0652e-14 -4.0652e-14 -4.0652e-14 -4.0652e-14 -4.0652e-14 -3.15863e-14 -6.39997e-12 -1.08386e-11 -9.94573e-12 -6.2344e-12);
    }
    output3
    {
        type            calculated;
        value           nonuniform List<scalar> 10(-7.79046e-12 -4.0652e-14 -4.0652e-14 -4.0652e-14 -4.0652e-14 -4.0652e-14 -4.0652e-14 -4.0652e-14 -4.0652e-14 -4.0652e-14);
    }
    up
    {
        type            calculated;
        value           nonuniform List<scalar> 
30
(
-1.95981e-11
-2.02133e-11
-2.01825e-11
-2.12954e-11
-2.06508e-11
-2.23553e-11
-1.43758e-11
-2.64963e-14
-4.0652e-14
-4.0652e-14
-4.0652e-14
-4.0652e-14
-4.0652e-14
-4.0652e-14
-4.0652e-14
-4.0652e-14
-4.0652e-14
-4.0652e-14
-4.0652e-14
-4.0652e-14
-4.0652e-14
-4.0652e-14
-4.0652e-14
-4.0652e-14
-4.0652e-14
-4.0652e-14
-4.0652e-14
-4.0652e-14
-4.0652e-14
-4.0652e-14
)
;
    }
    down
    {
        type            calculated;
        value           nonuniform List<scalar> 
30
(
-3.60894e-11
-7.99826e-12
-6.84022e-12
-4.8469e-14
-4.06453e-14
-4.0652e-14
-4.0652e-14
-4.0652e-14
-4.0652e-14
-4.0652e-14
-4.0652e-14
-4.0652e-14
-4.0652e-14
-4.0652e-14
-4.0652e-14
-4.0652e-14
-4.0652e-14
-4.0652e-14
-4.0652e-14
-4.0652e-14
-4.0652e-14
-4.0652e-14
-4.0652e-14
-4.0652e-14
-4.0652e-14
-4.0652e-14
-4.0652e-14
-4.0652e-14
-4.0652e-14
-4.0652e-14
)
;
    }
    emptyWalls
    {
        type            empty;
    }
}


// ************************************************************************* //
