/*--------------------------------*- C++ -*----------------------------------*\
  =========                 |
  \\      /  F ield         | OpenFOAM: The Open Source CFD Toolbox
   \\    /   O peration     | Website:  https://openfoam.org
    \\  /    A nd           | Version:  9
     \\/     M anipulation  |
\*---------------------------------------------------------------------------*/
FoamFile
{
    format      ascii;
    class       volScalarField;
    location    "6000";
    object      fw;
}
// * * * * * * * * * * * * * * * * * * * * * * * * * * * * * * * * * * * * * //

dimensions      [0 0 0 0 0 0 0];

internalField   nonuniform List<scalar> 
900
(
0.970467
0.708519
0.656341
0.00180004
4.82971e-09
4.7991e-09
4.7991e-09
4.7991e-09
4.7991e-09
4.7991e-09
4.7991e-09
4.7991e-09
4.7991e-09
4.7991e-09
4.7991e-09
4.7991e-09
4.7991e-09
4.7991e-09
4.7991e-09
4.7991e-09
4.7991e-09
4.7991e-09
4.7991e-09
4.7991e-09
4.7991e-09
4.7991e-09
4.7991e-09
4.7991e-09
4.7991e-09
4.7991e-09
0.998714
0.92797
0.728438
0.000240867
4.80245e-09
4.7991e-09
4.7991e-09
4.7991e-09
4.7991e-09
4.7991e-09
4.7991e-09
4.7991e-09
4.7991e-09
4.7991e-09
4.7991e-09
4.7991e-09
4.7991e-09
4.7991e-09
4.7991e-09
4.7991e-09
4.7991e-09
4.7991e-09
4.7991e-09
4.7991e-09
4.7991e-09
4.7991e-09
4.7991e-09
4.7991e-09
4.7991e-09
4.7991e-09
0.997701
0.863714
0.666035
6.07929e-05
4.79992e-09
4.7991e-09
4.7991e-09
4.7991e-09
4.7991e-09
4.7991e-09
4.7991e-09
4.7991e-09
4.7991e-09
4.7991e-09
4.7991e-09
4.7991e-09
4.7991e-09
4.7991e-09
4.7991e-09
4.7991e-09
4.7991e-09
4.7991e-09
4.7991e-09
4.7991e-09
4.7991e-09
4.7991e-09
4.7991e-09
4.7991e-09
4.7991e-09
4.7991e-09
0.997105
0.845607
0.669758
6.30269e-06
4.79917e-09
4.7991e-09
4.7991e-09
4.7991e-09
4.7991e-09
4.7991e-09
4.7991e-09
4.7991e-09
4.7991e-09
4.7991e-09
4.7991e-09
4.7991e-09
4.7991e-09
4.7991e-09
4.7991e-09
4.7991e-09
4.7991e-09
4.7991e-09
4.7991e-09
4.7991e-09
4.7991e-09
4.7991e-09
4.7991e-09
4.7991e-09
4.7991e-09
4.7991e-09
0.996483
0.789544
0.682254
1.49463e-07
4.7991e-09
4.7991e-09
4.7991e-09
4.7991e-09
4.7991e-09
4.7991e-09
4.7991e-09
4.7991e-09
4.7991e-09
4.7991e-09
4.7991e-09
4.7991e-09
4.7991e-09
4.7991e-09
4.7991e-09
4.7991e-09
4.7991e-09
4.7991e-09
4.7991e-09
4.7991e-09
4.7991e-09
4.7991e-09
4.7991e-09
4.7991e-09
4.7991e-09
4.7991e-09
0.995458
0.692516
0.0513931
5.76655e-09
4.7991e-09
4.7991e-09
4.7991e-09
4.7991e-09
4.7991e-09
4.7991e-09
4.7991e-09
4.7991e-09
4.7991e-09
4.7991e-09
4.7991e-09
4.7991e-09
4.7991e-09
4.7991e-09
4.7991e-09
4.7991e-09
4.7991e-09
4.7991e-09
4.7991e-09
4.7991e-09
4.7991e-09
4.7991e-09
4.7991e-09
4.7991e-09
4.7991e-09
4.7991e-09
0.995949
0.691982
0.00325917
4.87343e-09
4.7991e-09
4.7991e-09
4.7991e-09
4.7991e-09
4.7991e-09
4.7991e-09
4.7991e-09
4.7991e-09
4.7991e-09
4.7991e-09
4.7991e-09
4.7991e-09
4.7991e-09
4.7991e-09
4.7991e-09
4.7991e-09
4.7991e-09
4.7991e-09
4.7991e-09
4.7991e-09
4.7991e-09
4.7991e-09
4.7991e-09
4.7991e-09
4.7991e-09
4.7991e-09
0.995174
0.719093
0.000411297
4.80615e-09
4.7991e-09
4.7991e-09
4.7991e-09
4.7991e-09
4.7991e-09
4.7991e-09
4.7991e-09
4.7991e-09
4.7991e-09
4.7991e-09
4.7991e-09
4.7991e-09
4.7991e-09
4.7991e-09
4.7991e-09
4.7991e-09
4.7991e-09
4.7991e-09
4.7991e-09
4.7991e-09
4.7991e-09
4.7991e-09
4.7991e-09
4.7991e-09
4.7991e-09
4.7991e-09
0.996606
0.751096
8.1833e-06
4.79919e-09
4.7991e-09
4.7991e-09
4.7991e-09
4.7991e-09
4.7991e-09
4.7991e-09
4.7991e-09
4.7991e-09
4.7991e-09
4.7991e-09
4.7991e-09
4.7991e-09
4.7991e-09
4.7991e-09
4.7991e-09
4.7991e-09
4.7991e-09
4.7991e-09
4.7991e-09
4.7991e-09
4.7991e-09
4.7991e-09
4.7991e-09
4.7991e-09
4.7991e-09
4.7991e-09
0.996845
0.777137
3.56909e-07
4.7991e-09
4.7991e-09
4.7991e-09
4.7991e-09
4.7991e-09
4.7991e-09
4.7991e-09
4.7991e-09
4.7991e-09
4.7991e-09
4.7991e-09
4.7991e-09
4.7991e-09
4.7991e-09
4.7991e-09
4.7991e-09
4.7991e-09
4.7991e-09
4.7991e-09
4.7991e-09
4.7991e-09
4.7991e-09
4.7991e-09
4.7991e-09
4.7991e-09
4.7991e-09
4.79911e-09
0.998469
0.83362
0.000308952
4.8003e-09
4.7991e-09
4.7991e-09
4.7991e-09
4.7991e-09
4.7991e-09
4.7991e-09
4.7991e-09
4.7991e-09
4.7991e-09
4.7991e-09
4.7991e-09
4.7991e-09
4.7991e-09
4.7991e-09
4.7991e-09
4.7991e-09
4.7991e-09
4.7991e-09
4.7991e-09
4.7991e-09
4.7991e-09
4.7991e-09
4.7991e-09
4.7991e-09
4.79909e-09
4.79909e-09
0.997978
0.875288
0.490732
0.000327874
4.81525e-09
4.7991e-09
4.7991e-09
4.7991e-09
4.7991e-09
4.7991e-09
4.7991e-09
4.7991e-09
4.7991e-09
4.7991e-09
4.7991e-09
4.7991e-09
4.7991e-09
4.7991e-09
4.7991e-09
4.7991e-09
4.7991e-09
4.7991e-09
4.7991e-09
4.7991e-09
4.7991e-09
4.7991e-09
4.7991e-09
4.7991e-09
4.7991e-09
4.7991e-09
0.999555
0.91555
0.654854
0.398961
0.00382002
4.83474e-09
4.7991e-09
4.7991e-09
4.7991e-09
4.7991e-09
4.7991e-09
4.7991e-09
4.7991e-09
4.7991e-09
4.7991e-09
4.7991e-09
4.7991e-09
4.7991e-09
4.7991e-09
4.7991e-09
4.7991e-09
4.7991e-09
4.7991e-09
4.7991e-09
4.7991e-09
4.7991e-09
4.7991e-09
4.7991e-09
4.7991e-09
4.7991e-09
0.999565
0.954602
0.810793
0.725059
0.481666
4.46989e-07
4.7991e-09
4.7991e-09
4.7991e-09
4.7991e-09
4.7991e-09
4.7991e-09
4.7991e-09
4.7991e-09
4.7991e-09
4.7991e-09
4.7991e-09
4.7991e-09
4.7991e-09
4.7991e-09
4.7991e-09
4.7991e-09
4.7991e-09
4.7991e-09
4.7991e-09
4.7991e-09
4.7991e-09
4.7991e-09
4.7991e-09
4.7991e-09
0.999998
0.942854
0.747575
0.606374
0.564826
0.0253271
4.88935e-09
4.7991e-09
4.7991e-09
4.7991e-09
4.7991e-09
4.7991e-09
4.7991e-09
4.7991e-09
4.7991e-09
4.7991e-09
4.7991e-09
4.7991e-09
4.7991e-09
4.7991e-09
4.7991e-09
4.7991e-09
4.7991e-09
4.7991e-09
4.7991e-09
4.7991e-09
4.7991e-09
4.7991e-09
4.7991e-09
4.7991e-09
0.999998
0.995928
0.968007
0.895823
0.815395
0.651948
0.526403
1.76432e-07
4.80095e-09
6.62837e-09
6.39705e-09
8.20017e-09
3.67825e-08
1.69023e-07
5.77915e-07
1.31039e-06
1.94932e-06
2.06519e-06
1.95894e-06
3.40014e-06
5.40108e-06
2.03904e-05
4.24775e-05
0.000168562
0.000208431
0.000336093
0.000580467
0.000703522
0.000257288
2.73498e-06
0.992291
0.980755
0.949624
0.910515
0.877533
0.829347
0.761131
0.631781
0.606179
0.616601
0.622972
0.62344
0.608893
0.561186
0.503707
0.479828
0.490063
0.513623
0.53686
0.555041
0.566968
0.573125
0.575279
0.575661
0.57671
0.580475
0.58952
0.602832
0.621962
0.633122
0.900195
0.887564
0.861326
0.847499
0.835504
0.822901
0.802493
0.791506
0.780674
0.782465
0.786334
0.785706
0.778407
0.766076
0.755783
0.753829
0.759475
0.768895
0.778317
0.785882
0.790196
0.791722
0.791631
0.790986
0.79011
0.789446
0.78938
0.789922
0.79301
0.797222
0.885117
0.871595
0.868393
0.867445
0.863177
0.860055
0.857125
0.860387
0.86013
0.860089
0.860191
0.858529
0.856206
0.854154
0.852606
0.850452
0.847884
0.84624
0.845377
0.845308
0.842955
0.840013
0.837415
0.835617
0.832992
0.82947
0.822677
0.811813
0.795948
0.774038
0.870077
0.894232
0.906672
0.912904
0.912018
0.91165
0.91033
0.909725
0.906811
0.902476
0.897567
0.891885
0.887268
0.882652
0.878623
0.87122
0.86135
0.850256
0.839069
0.831892
0.820689
0.812646
0.807297
0.804792
0.800154
0.795743
0.780228
0.761399
0.717539
0.623838
0.930161
0.945496
0.942318
0.937708
0.929729
0.92578
0.919218
0.915114
0.907676
0.901003
0.892234
0.882662
0.872537
0.859554
0.850474
0.833876
0.817065
0.79311
0.766011
0.742871
0.714605
0.701438
0.693786
0.691048
0.684492
0.684954
0.655608
0.646089
0.566359
0.700007
0.903765
0.895743
0.895012
0.898794
0.896504
0.900972
0.896371
0.89845
0.891405
0.889257
0.87631
0.862626
0.838859
0.80717
0.780519
0.746805
0.731622
0.692955
0.6582
0.525007
0.487877
0.480435
0.473483
0.469936
0.4641
0.475721
0.452111
0.51591
0.000220963
4.79919e-09
0.910177
0.911361
0.916047
0.919475
0.917214
0.918436
0.909873
0.909297
0.895931
0.889546
0.858663
0.828792
0.767842
0.710718
0.571931
0.526977
0.530827
0.500284
0.557331
5.80468e-05
4.81321e-09
4.79945e-09
4.7991e-09
4.7991e-09
4.7991e-09
4.7991e-09
4.7991e-09
4.7991e-09
4.7991e-09
4.7991e-09
0.912004
0.906973
0.907137
0.903544
0.902201
0.901227
0.892236
0.89259
0.871561
0.852596
0.779172
0.72116
0.540791
0.555713
0.00665853
4.80813e-09
4.79922e-09
4.7992e-09
4.79919e-09
4.7991e-09
4.7991e-09
4.7991e-09
4.7991e-09
4.7991e-09
4.7991e-09
4.7991e-09
4.7991e-09
4.7991e-09
4.7991e-09
4.7991e-09
0.912626
0.908417
0.911086
0.907013
0.910853
0.906139
0.899191
0.895077
0.855466
0.793766
0.601293
0.586945
0.00123057
4.80003e-09
4.79922e-09
4.7991e-09
4.7991e-09
4.7991e-09
4.7991e-09
4.7991e-09
4.7991e-09
4.7991e-09
4.7991e-09
4.7991e-09
4.7991e-09
4.7991e-09
4.7991e-09
4.7991e-09
4.7991e-09
4.7991e-09
0.913274
0.910521
0.913148
0.906895
0.911678
0.896849
0.893857
0.873692
0.786132
0.602924
0.0251433
4.85807e-09
4.79917e-09
4.7991e-09
4.7991e-09
4.7991e-09
4.7991e-09
4.7991e-09
4.7991e-09
4.7991e-09
4.7991e-09
4.7991e-09
4.7991e-09
4.7991e-09
4.7991e-09
4.7991e-09
4.7991e-09
4.7991e-09
4.7991e-09
4.7991e-09
0.91358
0.913027
0.914815
0.910866
0.914778
0.896618
0.899669
0.841743
0.625831
0.00403417
4.80333e-09
4.7991e-09
4.7991e-09
4.7991e-09
4.7991e-09
4.7991e-09
4.7991e-09
4.7991e-09
4.7991e-09
4.7991e-09
4.7991e-09
4.7991e-09
4.7991e-09
4.7991e-09
4.7991e-09
4.7991e-09
4.7991e-09
4.7991e-09
4.7991e-09
4.7991e-09
0.913826
0.91534
0.916373
0.916292
0.916771
0.901428
0.899994
0.74625
0.00586683
4.80461e-09
4.7991e-09
4.7991e-09
4.7991e-09
4.7991e-09
4.7991e-09
4.7991e-09
4.7991e-09
4.7991e-09
4.7991e-09
4.7991e-09
4.7991e-09
4.7991e-09
4.7991e-09
4.7991e-09
4.7991e-09
4.7991e-09
4.7991e-09
4.7991e-09
4.7991e-09
4.7991e-09
0.914004
0.916986
0.917671
0.92118
0.9195
0.913214
0.897497
0.46532
9.38888e-09
4.7991e-09
4.7991e-09
4.7991e-09
4.7991e-09
4.7991e-09
4.7991e-09
4.7991e-09
4.7991e-09
4.7991e-09
4.7991e-09
4.7991e-09
4.7991e-09
4.7991e-09
4.7991e-09
4.7991e-09
4.7991e-09
4.7991e-09
4.7991e-09
4.7991e-09
4.7991e-09
4.7991e-09
0.913922
0.918097
0.917895
0.924768
0.920892
0.930575
0.86205
8.5448e-05
4.79915e-09
4.7991e-09
4.7991e-09
4.7991e-09
4.7991e-09
4.7991e-09
4.7991e-09
4.7991e-09
4.7991e-09
4.7991e-09
4.7991e-09
4.7991e-09
4.7991e-09
4.7991e-09
4.7991e-09
4.7991e-09
4.7991e-09
4.7991e-09
4.7991e-09
4.7991e-09
4.7991e-09
4.7991e-09
)
;

boundaryField
{
    inlet1
    {
        type            calculated;
        value           uniform 1;
    }
    inlet2
    {
        type            calculated;
        value           nonuniform List<scalar> 10(0.998469 0.997978 0.999555 0.999565 0.999998 0.999998 0.992291 0.900195 0.885117 0.870077);
    }
    inlet3
    {
        type            calculated;
        value           uniform 0.913307;
    }
    output1
    {
        type            calculated;
        value           nonuniform List<scalar> 10(4.7991e-09 4.7991e-09 4.7991e-09 4.7991e-09 4.7991e-09 4.7991e-09 4.7991e-09 4.7991e-09 4.7991e-09 4.79911e-09);
    }
    output2
    {
        type            calculated;
        value           nonuniform List<scalar> 10(4.79909e-09 4.7991e-09 4.7991e-09 4.7991e-09 4.7991e-09 2.73498e-06 0.633122 0.797222 0.774038 0.623838);
    }
    output3
    {
        type            calculated;
        value           nonuniform List<scalar> 10(0.700007 4.79919e-09 4.7991e-09 4.7991e-09 4.7991e-09 4.7991e-09 4.7991e-09 4.7991e-09 4.7991e-09 4.7991e-09);
    }
    up
    {
        type            calculated;
        value           nonuniform List<scalar> 
30
(
0.913922
0.918097
0.917895
0.924768
0.920892
0.930575
0.86205
8.5448e-05
4.79915e-09
4.7991e-09
4.7991e-09
4.7991e-09
4.7991e-09
4.7991e-09
4.7991e-09
4.7991e-09
4.7991e-09
4.7991e-09
4.7991e-09
4.7991e-09
4.7991e-09
4.7991e-09
4.7991e-09
4.7991e-09
4.7991e-09
4.7991e-09
4.7991e-09
4.7991e-09
4.7991e-09
4.7991e-09
)
;
    }
    down
    {
        type            calculated;
        value           nonuniform List<scalar> 
30
(
0.970467
0.708519
0.656341
0.00180004
4.82971e-09
4.7991e-09
4.7991e-09
4.7991e-09
4.7991e-09
4.7991e-09
4.7991e-09
4.7991e-09
4.7991e-09
4.7991e-09
4.7991e-09
4.7991e-09
4.7991e-09
4.7991e-09
4.7991e-09
4.7991e-09
4.7991e-09
4.7991e-09
4.7991e-09
4.7991e-09
4.7991e-09
4.7991e-09
4.7991e-09
4.7991e-09
4.7991e-09
4.7991e-09
)
;
    }
    emptyWalls
    {
        type            empty;
    }
}


// ************************************************************************* //
