/*--------------------------------*- C++ -*----------------------------------*\
  =========                 |
  \\      /  F ield         | OpenFOAM: The Open Source CFD Toolbox
   \\    /   O peration     | Website:  https://openfoam.org
    \\  /    A nd           | Version:  9
     \\/     M anipulation  |
\*---------------------------------------------------------------------------*/
FoamFile
{
    format      ascii;
    class       surfaceScalarField;
    location    "6000";
    object      phi;
}
// * * * * * * * * * * * * * * * * * * * * * * * * * * * * * * * * * * * * * //

dimensions      [0 3 -1 0 0 0 0];

internalField   nonuniform List<scalar> 
1740
(
1.18927e-08
8.53837e-08
7.64667e-09
1.1115e-08
5.51463e-09
4.08119e-09
3.603e-09
8.02488e-12
4.48021e-09
2.31994e-10
4.40994e-09
9.70785e-11
4.3418e-09
4.42453e-11
4.31541e-09
1.81913e-11
4.30867e-09
2.90684e-12
4.31243e-09
-6.31062e-12
4.32121e-09
-1.09169e-11
4.33064e-09
-1.14294e-11
4.33675e-09
-8.06027e-12
4.33567e-09
-8.79885e-13
4.32351e-09
1.01403e-11
4.29628e-09
2.51138e-11
4.24981e-09
4.42324e-11
4.17966e-09
6.77566e-11
4.08111e-09
9.59954e-11
3.94914e-09
1.29277e-10
3.77849e-09
1.67895e-10
3.56378e-09
2.12022e-10
3.29985e-09
2.61557e-10
2.98224e-09
3.15927e-10
2.60791e-09
3.73825e-10
2.1762e-09
4.32943e-10
1.68995e-09
4.89766e-10
1.1564e-09
5.39608e-10
5.8764e-10
5.77123e-10
5.97398e-10
2.37553e-08
1.74894e-07
9.68638e-09
2.25703e-08
4.51373e-09
9.53626e-09
3.11173e-09
3.40578e-11
4.43493e-09
1.90691e-10
4.29987e-09
1.12227e-10
4.30016e-09
6.17025e-11
4.29574e-09
2.56042e-11
4.29817e-09
-2.61612e-13
4.30741e-09
-1.72389e-11
4.32055e-09
-2.59344e-11
4.33397e-09
-2.67476e-11
4.34395e-09
-1.9938e-11
4.34675e-09
-5.60633e-12
4.33858e-09
1.63184e-11
4.31553e-09
4.60723e-11
4.27349e-09
8.40506e-11
4.20806e-09
1.30789e-10
4.11453e-09
1.86935e-10
3.98783e-09
2.53202e-10
3.82254e-09
3.30273e-10
3.61299e-09
4.18627e-10
3.35354e-09
5.18269e-10
3.03897e-09
6.2831e-10
2.66528e-09
7.46419e-10
2.23074e-09
8.68176e-10
1.73725e-09
9.86501e-10
1.19162e-09
1.09152e-09
6.0652e-10
1.17148e-09
1.21507e-09
1.72694e-08
2.40729e-07
7.56126e-09
3.05769e-08
4.35038e-09
1.42273e-08
3.12347e-09
6.12188e-11
4.4226e-09
8.5148e-11
4.25335e-09
9.95326e-11
4.26322e-09
6.473e-11
4.26923e-09
2.27823e-11
4.28084e-09
-1.23188e-11
4.2985e-09
-3.64454e-11
4.31961e-09
-4.88298e-11
4.34073e-09
-4.96853e-11
4.35831e-09
-3.93355e-11
4.36879e-09
-1.79234e-11
4.36853e-09
1.46672e-11
4.35377e-09
5.88064e-11
4.32054e-09
1.15109e-10
4.26454e-09
1.84411e-10
4.18111e-09
2.67752e-10
4.0651e-09
3.66326e-10
3.91084e-09
4.81369e-10
3.71212e-09
6.1395e-10
3.46234e-09
7.64583e-10
3.1548e-09
9.32623e-10
2.78349e-09
1.11536e-09
2.34426e-09
1.30684e-09
1.83667e-09
1.49653e-09
1.26633e-09
1.6685e-09
6.46826e-10
1.8022e-09
1.87632e-09
1.4488e-08
3.31909e-07
6.62722e-09
3.84676e-08
4.35047e-09
1.88313e-08
3.22091e-09
2.48222e-10
4.42467e-09
1.50488e-10
4.24085e-09
1.36035e-10
4.23015e-09
7.49042e-11
4.23711e-09
1.31178e-11
4.25748e-09
-3.53419e-11
4.28616e-09
-6.7384e-11
4.31864e-09
-8.32443e-11
4.35102e-09
-8.38185e-11
4.37979e-09
-6.97881e-11
4.40156e-09
-4.14113e-11
4.41297e-09
1.47315e-12
4.41049e-09
5.93849e-11
4.39036e-09
1.33174e-10
4.34847e-09
2.24e-10
4.28028e-09
3.33344e-10
4.18063e-09
4.62988e-10
4.0436e-09
6.1494e-10
3.86232e-09
7.91228e-10
3.62888e-09
9.93494e-10
3.33442e-09
1.22224e-09
2.96964e-09
1.47558e-09
2.52611e-09
1.74731e-09
1.99885e-09
2.02427e-09
1.39022e-09
2.28374e-09
7.14464e-10
2.49251e-09
2.6117e-09
6.97915e-09
4.17526e-07
3.01086e-09
4.10904e-08
3.81769e-09
1.2091e-08
3.40701e-09
8.35617e-10
4.42512e-09
3.99929e-10
4.21521e-09
2.19216e-10
4.17943e-09
8.57386e-11
4.19159e-09
-9.86546e-12
4.2258e-09
-7.47724e-11
4.27001e-09
-1.14495e-10
4.31777e-09
-1.32939e-10
4.36493e-09
-1.3255e-10
4.40824e-09
-1.1458e-10
4.4447e-09
-7.93972e-11
4.47131e-09
-2.67413e-11
4.48486e-09
4.40947e-11
4.48192e-09
1.34207e-10
4.45869e-09
2.45075e-10
4.4109e-09
3.78639e-10
4.33354e-09
5.37349e-10
4.22061e-09
7.2418e-10
4.06468e-09
9.42534e-10
3.85645e-09
1.19593e-09
3.58435e-09
1.48727e-09
3.23452e-09
1.81743e-09
2.7917e-09
2.18253e-09
2.2424e-09
2.56952e-09
1.58124e-09
2.94971e-09
8.20827e-10
3.27237e-09
3.46628e-09
1.75664e-09
5.19815e-07
-1.90999e-10
4.59742e-08
3.60098e-09
1.71252e-09
3.44787e-09
1.28832e-09
4.19636e-09
5.88384e-10
4.08049e-09
2.55166e-10
4.08078e-09
5.87075e-11
4.12401e-09
-6.35364e-11
4.18412e-09
-1.3938e-10
4.25032e-09
-1.82878e-10
4.3175e-09
-2.01463e-10
4.38268e-09
-1.98857e-10
4.44353e-09
-1.76579e-10
4.49771e-09
-1.34845e-10
4.54269e-09
-7.3129e-11
4.57572e-09
9.53833e-12
4.59376e-09
1.14484e-10
4.59348e-09
2.43457e-10
4.57108e-09
3.98794e-10
4.52203e-09
5.83597e-10
4.44062e-09
8.01906e-10
4.31933e-09
1.05881e-09
4.14787e-09
1.36042e-09
3.91203e-09
1.7135e-09
3.59237e-09
2.12433e-09
3.16379e-09
2.59587e-09
2.59779e-09
3.12157e-09
1.87151e-09
3.67322e-09
9.8762e-10
4.181e-09
4.51477e-09
1.01692e-08
6.02138e-07
1.73837e-09
5.62322e-08
2.29398e-09
3.69677e-10
3.21285e-09
1.00163e-09
3.69464e-09
4.74383e-10
3.8323e-09
1.54363e-10
3.93921e-09
-4.25294e-11
4.03955e-09
-1.63601e-10
4.13636e-09
-2.36328e-10
4.22963e-09
-2.76172e-10
4.31922e-09
-2.91172e-10
4.40478e-09
-2.84832e-10
4.48549e-09
-2.58029e-10
4.55989e-09
-2.1027e-10
4.62603e-09
-1.40466e-10
4.68156e-09
-4.7293e-11
4.72392e-09
7.07348e-11
4.75039e-09
2.15481e-10
4.75791e-09
3.89492e-10
4.74287e-09
5.9635e-10
4.70052e-09
8.41046e-10
4.62416e-09
1.13039e-09
4.50369e-09
1.47345e-09
4.32351e-09
1.882e-09
4.05913e-09
2.37053e-09
3.67329e-09
2.95504e-09
3.11348e-09
3.64769e-09
2.31937e-09
4.44059e-09
1.25815e-09
5.26365e-09
5.89705e-09
1.19029e-08
6.90751e-07
2.24011e-09
6.72814e-08
1.96832e-09
2.28829e-10
3.06473e-09
4.28528e-10
3.36071e-09
1.55739e-10
3.61502e-09
-6.95604e-11
3.80422e-09
-2.19581e-10
3.95862e-09
-3.12008e-10
4.09213e-09
-3.66155e-10
4.21263e-09
-3.94308e-10
4.32496e-09
-4.02219e-10
4.43173e-09
-3.91266e-10
4.53374e-09
-3.60435e-10
4.63035e-09
-3.07744e-10
4.71997e-09
-2.31168e-10
4.80055e-09
-1.28982e-10
4.86998e-09
2.71235e-13
4.92623e-09
1.58249e-10
4.96732e-09
3.47351e-10
4.99103e-09
5.71269e-10
4.99445e-09
8.3554e-10
4.97307e-09
1.14824e-09
4.91923e-09
1.521e-09
4.81915e-09
1.97051e-09
4.64735e-09
2.52076e-09
4.35678e-09
3.20607e-09
3.86348e-09
4.07356e-09
3.03436e-09
5.1778e-09
1.72563e-09
6.53597e-09
7.91275e-09
1.24173e-08
7.69897e-07
2.32638e-09
7.66474e-08
1.94212e-09
2.77248e-10
2.9202e-09
2.22661e-11
3.16584e-09
-2.10211e-10
3.46288e-09
-3.6876e-10
3.70401e-09
-4.54224e-10
3.89857e-09
-4.98697e-10
4.06093e-09
-5.21975e-10
4.20381e-09
-5.32687e-10
4.33624e-09
-5.32132e-10
4.46344e-09
-5.17583e-10
4.5874e-09
-4.84698e-10
4.70779e-09
-4.29117e-10
4.82293e-09
-3.4747e-10
4.9307e-09
-2.3774e-10
5.02923e-09
-9.8915e-11
5.11726e-09
6.98951e-11
5.1941e-09
2.70395e-10
5.25947e-09
5.0583e-10
5.31315e-09
7.81594e-10
5.35444e-09
1.10604e-09
5.38102e-09
1.49181e-09
5.3865e-09
1.95828e-09
5.35434e-09
2.53593e-09
5.243e-09
3.27495e-09
4.94931e-09
4.26268e-09
4.22895e-09
5.66109e-09
2.61002e-09
7.78967e-09
1.13052e-08
1.29326e-08
8.56498e-07
2.38138e-09
8.72255e-08
1.8348e-09
2.86179e-10
2.70023e-09
-4.4253e-10
3.01609e-09
-6.50088e-10
3.36666e-09
-7.41046e-10
3.65039e-09
-7.2986e-10
3.87072e-09
-7.06581e-10
4.0492e-09
-6.90362e-10
4.20543e-09
-6.82337e-10
4.35276e-09
-6.76042e-10
4.49838e-09
-6.62244e-10
4.64462e-09
-6.31658e-10
4.79048e-09
-5.76559e-10
4.93326e-09
-4.91856e-10
5.07008e-09
-3.75591e-10
5.19899e-09
-2.28087e-10
5.31946e-09
-5.01491e-11
5.43234e-09
1.58507e-10
5.5396e-09
4.00062e-10
5.64426e-09
6.78967e-10
5.75052e-09
1.0025e-09
5.86392e-09
1.38193e-09
5.99147e-09
1.83486e-09
6.14051e-09
2.38973e-09
6.3116e-09
3.09513e-09
6.46179e-09
4.04111e-09
6.32213e-09
5.41423e-09
4.4855e-09
7.6564e-09
1.19747e-08
2.27652e-08
8.25148e-07
1.05434e-08
9.5477e-08
1.36966e-09
1.5232e-08
2.33692e-09
-5.31007e-10
2.87542e-09
-1.13341e-09
3.33729e-09
-1.21555e-09
3.66015e-09
-1.01759e-09
3.88472e-09
-9.07407e-10
4.05972e-09
-8.50558e-10
4.21596e-09
-8.30266e-10
4.37098e-09
-8.27467e-10
4.53269e-09
-8.23698e-10
4.70221e-09
-8.03138e-10
4.87626e-09
-7.53596e-10
5.04956e-09
-6.67807e-10
5.21736e-09
-5.44683e-10
5.37717e-09
-3.87688e-10
5.52927e-09
-2.00908e-10
5.6762e-09
1.37216e-11
5.82231e-09
2.56945e-10
5.97377e-09
5.31713e-10
6.13945e-09
8.43067e-10
6.33269e-09
1.19855e-09
6.57496e-09
1.60949e-09
6.90461e-09
2.09301e-09
7.40109e-09
2.67474e-09
8.26413e-09
3.39241e-09
1.01123e-08
4.29833e-09
1.52483e-08
5.44697e-09
6.79133e-09
2.96824e-08
7.94679e-07
2.70148e-08
9.64372e-08
1.21869e-08
3.44303e-08
1.76794e-09
1.16943e-08
2.92811e-09
-1.26338e-09
3.44695e-09
-1.72765e-09
3.76821e-09
-1.21766e-09
3.94831e-09
-1.0549e-09
4.08898e-09
-9.74203e-10
4.2277e-09
-9.60704e-10
4.3825e-09
-9.79871e-10
4.55919e-09
-1.00194e-09
4.75529e-09
-1.0036e-09
4.96278e-09
-9.66874e-10
5.17137e-09
-8.8109e-10
5.37263e-09
-7.4764e-10
5.56308e-09
-5.77069e-10
5.74425e-09
-3.79511e-10
5.9209e-09
-1.59659e-10
6.09965e-09
8.22806e-11
6.28905e-09
3.47876e-10
6.50083e-09
6.39509e-10
6.75242e-09
9.59708e-10
7.07108e-09
1.31156e-09
7.50189e-09
1.69808e-09
8.124e-09
2.11842e-09
9.08136e-09
2.55546e-09
1.06146e-08
2.9397e-09
1.28973e-08
3.04181e-09
2.13239e-09
5.074e-08
7.31449e-07
4.60653e-08
9.56363e-08
3.94298e-08
4.72663e-08
1.86584e-08
4.41392e-08
3.12786e-09
2.32557e-08
3.68071e-09
-1.12195e-09
4.01751e-09
-1.16132e-09
4.05132e-09
-1.12033e-09
4.12017e-09
-1.03065e-09
4.22335e-09
-1.05847e-09
4.37213e-09
-1.12936e-09
4.5663e-09
-1.20058e-09
4.79698e-09
-1.24245e-09
5.04821e-09
-1.2292e-09
5.30049e-09
-1.14203e-09
5.53871e-09
-9.87715e-10
5.75827e-09
-7.93433e-10
5.96375e-09
-5.80406e-10
6.16349e-09
-3.55121e-10
6.36636e-09
-1.16036e-10
6.58194e-09
1.38009e-10
6.8224e-09
4.07388e-10
7.10508e-09
6.89218e-10
7.45506e-09
9.7897e-10
7.90787e-09
1.26932e-09
8.51166e-09
1.54539e-09
9.32271e-09
1.77132e-09
1.03674e-08
1.86319e-09
1.14938e-08
1.6482e-09
8.28798e-10
7.16164e-08
6.54123e-07
8.52338e-08
7.76825e-08
9.02226e-08
4.53972e-08
6.53275e-08
5.38106e-08
2.00003e-08
6.15556e-08
3.36538e-09
4.23475e-09
4.32726e-09
-7.04671e-10
4.11937e-09
-1.25763e-09
4.11705e-09
-9.69591e-10
4.1734e-09
-1.11439e-09
4.31638e-09
-1.27986e-09
4.53691e-09
-1.43162e-09
4.81811e-09
-1.55068e-09
5.13258e-09
-1.59439e-09
5.44369e-09
-1.51e-09
5.72343e-09
-1.30953e-09
5.96753e-09
-1.06549e-09
6.18898e-09
-8.23279e-10
6.40294e-09
-5.87065e-10
6.62036e-09
-3.47374e-10
6.84994e-09
-9.87276e-11
7.10176e-09
1.59012e-10
7.39045e-09
4.17702e-10
7.73621e-09
6.62671e-10
8.16287e-09
8.78351e-10
8.69208e-09
1.04697e-09
9.33041e-09
1.13929e-09
1.00385e-08
1.10612e-09
1.06704e-08
8.74636e-10
3.67168e-10
1.39844e-07
4.89905e-07
1.00627e-07
1.1729e-07
9.87567e-08
7.774e-08
1.11159e-07
7.71437e-08
6.84676e-08
1.06467e-07
8.41767e-09
6.41628e-08
3.61364e-09
2.66916e-08
4.07277e-09
-7.24388e-10
4.05525e-09
-6.43765e-10
4.03683e-09
-8.51442e-10
4.18305e-09
-1.03999e-09
4.44687e-09
-1.20286e-09
4.80596e-09
-1.32727e-09
5.22031e-09
-1.37972e-09
5.61825e-09
-1.30088e-09
5.94381e-09
-1.11038e-09
6.19944e-09
-8.97424e-10
6.4217e-09
-7.07016e-10
6.63895e-09
-5.33351e-10
6.86221e-09
-3.58379e-10
7.09568e-09
-1.81554e-10
7.34426e-09
-1.02252e-12
7.61874e-09
1.70846e-10
7.93645e-09
3.23437e-10
8.31532e-09
4.45021e-10
8.76339e-09
5.26821e-10
9.26834e-09
5.58652e-10
9.78594e-09
5.14529e-10
1.02093e-08
3.62892e-10
1.39301e-10
4.18363e-07
5.99831e-08
4.38915e-07
8.19213e-08
4.02363e-07
9.65884e-08
3.65104e-07
1.13955e-07
3.15783e-07
1.4478e-07
2.51616e-07
1.41465e-07
1.16702e-07
1.09677e-07
3.77465e-09
7.8838e-08
3.99922e-09
2.20981e-09
3.70229e-09
-5.77856e-09
3.87399e-09
-8.11004e-09
4.06414e-09
-7.51655e-09
4.28236e-09
-4.18048e-09
4.56874e-09
-9.83898e-10
4.82876e-09
-1.83455e-09
4.99871e-09
-5.73728e-09
5.13043e-09
-9.6486e-09
5.28354e-09
-1.19225e-08
5.37052e-09
-1.23048e-08
5.39035e-09
-1.13172e-08
5.28804e-09
-9.40597e-09
5.15338e-09
-7.26234e-09
5.18617e-09
-5.85078e-09
5.35662e-09
-5.87647e-09
5.73272e-09
-7.86498e-09
6.47225e-09
-1.20378e-08
7.32639e-09
-1.76085e-08
7.17492e-09
-2.21976e-08
7.25827e-09
-2.21168e-08
-1.08906e-08
2.15607e-07
-1.618e-07
3.62067e-07
-6.20405e-08
4.45407e-07
2.01989e-08
5.08663e-07
6.9925e-08
5.46511e-07
1.08035e-07
5.57852e-07
1.28458e-07
5.30822e-07
1.36106e-07
5.13515e-07
1.17572e-07
5.38189e-07
-3.00566e-09
5.64726e-07
-3.29094e-08
5.99111e-07
-4.28544e-08
6.32706e-07
-4.00283e-08
6.43712e-07
-2.6876e-08
6.29316e-07
-1.51525e-08
6.25222e-07
-2.04523e-08
6.56064e-07
-4.09199e-08
7.13942e-07
-6.17346e-08
7.83536e-07
-7.3932e-08
8.54213e-07
-7.60158e-08
9.18964e-07
-7.01837e-08
9.73189e-07
-5.84787e-08
1.01613e-06
-4.51359e-08
1.05178e-06
-3.60483e-08
1.0884e-06
-3.57796e-08
1.13623e-06
-4.66821e-08
1.20678e-06
-7.00523e-08
1.30482e-06
-1.02683e-07
1.42943e-06
-1.35048e-07
1.54582e-06
-1.42832e-07
-7.97838e-08
1.05313e-07
-2.70953e-07
2.15479e-07
-1.74845e-07
3.25768e-07
-8.45966e-08
4.31206e-07
-2.33688e-08
5.29436e-07
1.93891e-08
6.19535e-07
4.62999e-08
7.10744e-07
5.25989e-08
7.91627e-07
2.06207e-08
8.57063e-07
-5.28924e-08
9.28977e-07
-9.86305e-08
1.00517e-06
-1.17976e-07
1.08014e-06
-1.16002e-07
1.15186e-06
-9.99914e-08
1.22581e-06
-8.69865e-08
1.31092e-06
-9.71211e-08
1.40981e-06
-1.2846e-07
1.51949e-06
-1.61781e-07
1.63461e-06
-1.83538e-07
1.74796e-06
-1.86794e-07
1.84989e-06
-1.7079e-07
1.93193e-06
-1.37531e-07
1.99375e-06
-1.01688e-07
2.04269e-06
-7.8182e-08
2.08973e-06
-7.53227e-08
2.14801e-06
-9.5853e-08
2.23309e-06
-1.44314e-07
2.35659e-06
-2.1468e-07
2.52632e-06
-2.95831e-07
2.71791e-06
-3.40305e-07
-2.51302e-07
1.54044e-07
-4.32084e-07
2.90064e-07
-3.02617e-07
4.16086e-07
-2.02753e-07
5.32327e-07
-1.34332e-07
6.45559e-07
-8.86138e-08
7.63115e-07
-6.8614e-08
8.93783e-07
-7.49082e-08
1.02502e-06
-1.10883e-07
1.14182e-06
-1.63376e-07
1.25668e-06
-2.07832e-07
1.37347e-06
-2.32195e-07
1.49549e-06
-2.3618e-07
1.62649e-06
-2.28627e-07
1.76183e-06
-2.18119e-07
1.88824e-06
-2.17756e-07
1.99597e-06
-2.28044e-07
2.09224e-06
-2.48815e-07
2.18652e-06
-2.72503e-07
2.2817e-06
-2.81881e-07
2.36121e-06
-2.54637e-07
2.41112e-06
-1.86399e-07
2.43935e-06
-1.25943e-07
2.45707e-06
-9.12713e-08
2.4696e-06
-8.4579e-08
2.48378e-06
-1.04344e-07
2.50757e-06
-1.61582e-07
2.55163e-06
-2.4773e-07
2.64073e-06
-3.71131e-07
2.76349e-06
-4.52398e-07
-5.14578e-07
2.63512e-07
-6.50867e-07
4.71569e-07
-4.90704e-07
6.26961e-07
-3.51775e-07
7.61234e-07
-2.66855e-07
8.91066e-07
-2.14495e-07
1.02682e-06
-2.0172e-07
1.16663e-06
-2.12247e-07
1.3027e-06
-2.4672e-07
1.42532e-06
-2.84947e-07
1.54194e-06
-3.22628e-07
1.65709e-06
-3.45979e-07
1.77856e-06
-3.54983e-07
1.90352e-06
-3.52343e-07
2.02013e-06
-3.33737e-07
2.10458e-06
-3.03104e-07
2.14261e-06
-2.61663e-07
2.15659e-06
-2.55236e-07
2.16925e-06
-2.80763e-07
2.20444e-06
-3.21501e-07
2.22704e-06
-2.95807e-07
2.21316e-06
-1.69632e-07
2.19016e-06
-9.9179e-08
2.16839e-06
-6.73976e-08
2.14106e-06
-5.99925e-08
2.11082e-06
-7.08987e-08
2.0629e-06
-1.15626e-07
2.01789e-06
-1.88401e-07
1.99717e-06
-3.50774e-07
2.04242e-06
-4.72842e-07
-6.51565e-07
8.9377e-07
-6.66744e-07
8.78735e-07
-5.17716e-07
9.01545e-07
-3.91105e-07
9.48955e-07
-3.23333e-07
1.01759e-06
-2.85045e-07
1.10201e-06
-2.89812e-07
1.19321e-06
-3.03926e-07
1.28755e-06
-3.43631e-07
1.37854e-06
-3.74362e-07
1.47215e-06
-4.1366e-07
1.56049e-06
-4.29025e-07
1.64868e-06
-4.36295e-07
1.72051e-06
-4.20672e-07
1.78124e-06
-3.92074e-07
1.79929e-06
-3.31136e-07
1.76007e-06
-2.13599e-07
1.69712e-06
-1.82395e-07
1.6401e-06
-2.07319e-07
1.63211e-06
-3.08397e-07
1.61388e-06
-3.35322e-07
1.5614e-06
-9.24474e-08
1.51478e-06
-4.67613e-08
1.4786e-06
-3.08952e-08
1.43952e-06
-2.71067e-08
1.40362e-06
-3.07371e-08
1.32628e-06
-5.1993e-08
1.26558e-06
-9.19185e-08
1.12341e-06
-2.33104e-07
8.11268e-07
-2.41674e-07
-3.22516e-07
7.63174e-07
-5.03247e-07
6.96202e-07
-4.36301e-07
7.02682e-07
-3.87496e-07
7.46757e-07
-3.62319e-07
8.21517e-07
-3.4996e-07
9.08204e-07
-3.74238e-07
1.00667e-06
-3.92918e-07
1.11045e-06
-4.4588e-07
1.21584e-06
-4.69756e-07
1.31237e-06
-5.08082e-07
1.37802e-06
-4.85405e-07
1.41747e-06
-4.72915e-07
1.41439e-06
-4.13996e-07
1.4091e-06
-3.79659e-07
1.36605e-06
-3.33953e-07
1.2884e-06
-1.14725e-07
1.18265e-06
-8.1536e-08
1.10074e-06
-9.63189e-08
1.00946e-06
-2.03402e-07
9.17137e-07
-1.82629e-07
8.80663e-07
-2.12449e-08
8.33219e-07
-1.0235e-08
8.0244e-07
-7.38957e-09
7.74331e-07
-7.00664e-09
7.53881e-07
-8.06995e-09
6.88659e-07
-1.28191e-08
6.41838e-07
-2.31633e-08
3.31154e-07
-7.23732e-08
5.66058e-09
-4.34965e-09
-8.22031e-09
8.53745e-07
-4.3951e-07
8.34934e-07
-4.21006e-07
8.47477e-07
-4.08346e-07
8.71945e-07
-3.97561e-07
9.20859e-07
-4.03489e-07
9.7301e-07
-4.36427e-07
1.0415e-06
-4.61562e-07
1.11283e-06
-5.26595e-07
1.18245e-06
-5.37588e-07
1.2118e-06
-5.52429e-07
1.18457e-06
-4.56994e-07
1.11459e-06
-4.15852e-07
1.0253e-06
-3.39596e-07
9.07258e-07
-2.35362e-07
7.86658e-07
-1.6747e-07
7.34797e-07
-2.79277e-08
6.4004e-07
-1.51313e-08
5.7461e-07
-1.86178e-08
2.92029e-07
-5.72692e-08
8.31393e-09
5.86312e-10
9.54241e-09
-1.01961e-09
8.12431e-09
-1.39299e-09
7.92371e-09
-1.79223e-09
7.73962e-09
-2.27652e-09
7.46763e-09
-2.88893e-09
6.89765e-09
-3.61622e-09
5.00739e-09
-4.54706e-09
3.00969e-09
-5.42493e-09
2.19937e-09
-5.86632e-09
-8.81706e-09
8.55599e-07
-3.80091e-07
8.09969e-07
-3.70438e-07
7.82672e-07
-3.793e-07
7.71893e-07
-3.82765e-07
7.92585e-07
-4.18335e-07
8.18161e-07
-4.58904e-07
8.72763e-07
-5.03369e-07
9.24516e-07
-5.76542e-07
9.55229e-07
-5.56771e-07
9.03838e-07
-5.16306e-07
8.04204e-07
-3.52997e-07
6.52683e-07
-2.48195e-07
5.28207e-07
-1.46025e-07
2.75553e-07
-5.97025e-08
1.34255e-08
-5.87333e-10
7.12314e-09
-4.65671e-10
5.6637e-09
-3.51725e-10
5.60652e-09
-1.14678e-10
6.96619e-09
5.733e-10
8.20445e-09
1.02248e-09
8.11973e-09
-9.66297e-10
7.6195e-09
-1.58931e-09
7.26263e-09
-2.1505e-09
6.88926e-09
-2.76292e-09
6.38269e-09
-3.4791e-09
5.59078e-09
-4.29311e-09
4.29857e-09
-5.22272e-09
2.86284e-09
-6.02411e-09
1.59685e-09
-5.76039e-09
-6.54895e-09
8.57282e-07
-3.22983e-07
8.15541e-07
-3.24461e-07
7.84042e-07
-3.49125e-07
7.7038e-07
-3.66748e-07
7.77321e-07
-4.27306e-07
7.81387e-07
-4.65104e-07
8.1859e-07
-5.3641e-07
8.23289e-07
-5.91477e-07
7.7168e-07
-5.09844e-07
6.10957e-07
-3.90398e-07
4.54993e-07
-1.53695e-07
2.20108e-07
-7.08753e-08
5.84753e-09
3.44533e-10
6.52774e-09
3.56867e-10
6.79909e-09
1.01988e-09
6.7289e-09
-1.45187e-10
6.23005e-09
-2.25638e-10
6.22142e-09
-7.22445e-11
6.72535e-09
3.60377e-10
7.20743e-09
9.87041e-11
7.23301e-09
-6.8643e-10
6.97131e-09
-1.27907e-09
6.61804e-09
-1.80825e-09
6.1721e-09
-2.34557e-09
5.5831e-09
-2.92264e-09
4.78419e-09
-3.53422e-09
3.73326e-09
-4.14346e-09
2.54626e-09
-4.62187e-09
1.32518e-09
-4.79414e-09
-5.06941e-09
8.55004e-07
-2.64439e-07
8.0638e-07
-2.72853e-07
7.55863e-07
-3.00206e-07
7.21826e-07
-3.27228e-07
6.89343e-07
-3.96405e-07
6.63432e-07
-4.3058e-07
6.68532e-07
-5.33338e-07
5.99712e-07
-5.29337e-07
4.47069e-07
-3.66721e-07
1.95515e-07
-1.47233e-07
1.78989e-08
-4.56737e-09
5.41075e-09
5.97282e-11
5.81495e-09
9.29247e-10
6.20326e-09
4.63921e-10
6.40761e-09
5.69667e-10
6.42447e-09
1.38562e-10
6.3062e-09
-1.9258e-11
6.32377e-09
-2.45979e-11
6.50635e-09
1.76963e-11
6.66693e-09
-1.80702e-10
6.63356e-09
-5.99075e-10
6.41469e-09
-1.03228e-09
6.0661e-09
-1.45787e-09
5.59799e-09
-1.88845e-09
4.99341e-09
-2.33167e-09
4.22962e-09
-2.77765e-09
3.30403e-09
-3.19505e-09
2.26376e-09
-3.52574e-09
1.15763e-09
-3.72487e-09
-3.86512e-09
8.51015e-07
-2.02277e-07
7.92804e-07
-2.1368e-07
7.2884e-07
-2.37361e-07
6.77108e-07
-2.71446e-07
6.1352e-07
-3.34898e-07
5.72544e-07
-3.78897e-07
5.31805e-07
-4.93092e-07
3.81507e-07
-3.9899e-07
1.43991e-07
-1.43079e-07
5.80811e-09
-1.17908e-09
5.46809e-09
2.82708e-10
5.72523e-09
2.4319e-10
5.86256e-09
4.50893e-10
6.06311e-09
3.66263e-10
6.20367e-09
3.17698e-10
6.25519e-09
1.49043e-10
6.24651e-09
3.46548e-11
6.26113e-09
-2.45735e-11
6.30934e-09
-8.42911e-11
6.32037e-09
-2.40144e-10
6.21959e-09
-4.96892e-10
5.9878e-09
-7.93094e-10
5.63368e-09
-1.10247e-09
5.16033e-09
-1.41869e-09
4.56291e-09
-1.73794e-09
3.83687e-09
-2.04963e-09
2.98948e-09
-2.33331e-09
2.04713e-09
-2.56116e-09
1.04159e-09
-2.71447e-09
-2.80108e-09
8.47428e-07
-1.36828e-07
7.79837e-07
-1.47049e-07
7.05514e-07
-1.63798e-07
6.30818e-07
-1.95515e-07
5.37281e-07
-2.41797e-07
4.65642e-07
-2.96775e-07
3.55492e-07
-3.85753e-07
1.32425e-07
-2.10343e-07
5.21351e-09
-2.65157e-09
5.02245e-09
1.58092e-10
5.61038e-09
3.32458e-10
5.72213e-09
2.46701e-10
5.84701e-09
2.6529e-10
5.98296e-09
2.32565e-10
6.08875e-09
1.85851e-10
6.1461e-09
1.05262e-10
6.16354e-09
3.34157e-11
6.16491e-09
-2.40645e-11
6.14948e-09
-9.01578e-11
6.08564e-09
-1.987e-10
5.93661e-09
-3.55257e-10
5.68324e-09
-5.40725e-10
5.32048e-09
-7.40228e-10
4.84675e-09
-9.45871e-10
4.26103e-09
-1.15175e-09
3.56548e-09
-1.34961e-09
2.76989e-09
-1.52739e-09
1.89368e-09
-1.6711e-09
9.61591e-10
-1.77074e-09
-1.82364e-09
8.44796e-07
-6.89817e-08
7.70429e-07
-7.49715e-08
6.89171e-07
-8.32833e-08
5.94865e-07
-1.02545e-07
4.7946e-07
-1.26317e-07
3.64393e-07
-1.73882e-07
1.76991e-07
-2.07355e-07
2.37902e-08
-5.54794e-08
4.45353e-09
4.2397e-10
5.70337e-09
3.4507e-10
5.62119e-09
2.05847e-10
5.70595e-09
1.45892e-10
5.82038e-09
1.31009e-10
5.93299e-09
1.12864e-10
6.02227e-09
8.78691e-11
6.0769e-09
5.27391e-11
6.09662e-09
1.78037e-11
6.08548e-09
-1.49587e-11
6.03803e-09
-5.35897e-11
5.93611e-09
-1.09249e-10
5.758e-09
-1.84706e-10
5.48808e-09
-2.74316e-10
5.11824e-09
-3.71837e-10
4.64516e-09
-4.72813e-10
4.06897e-09
-5.73556e-10
3.39412e-09
-6.69675e-10
2.63093e-09
-7.55538e-10
1.79612e-09
-8.2509e-10
9.11091e-10
-8.73734e-10
-8.99118e-10
8.43771e-07
7.65331e-07
6.82151e-07
5.75477e-07
4.51038e-07
2.75684e-07
7.72474e-08
2.52255e-09
4.42647e-09
5.15504e-09
5.47878e-09
5.66011e-09
5.79561e-09
5.90634e-09
5.99041e-09
6.04262e-09
6.06053e-09
6.04235e-09
5.98105e-09
5.86279e-09
5.67121e-09
5.39285e-09
5.01925e-09
4.54666e-09
3.97558e-09
3.3111e-09
2.56361e-09
1.74879e-09
8.86635e-10
)
;

boundaryField
{
    inlet1
    {
        type            calculated;
        value           nonuniform List<scalar> 10(-1e-07 -1e-07 -1e-07 -1e-07 -1e-07 -1e-07 -1e-07 -1e-07 -1e-07 -1e-07);
    }
    inlet2
    {
        type            calculated;
        value           uniform 0;
    }
    inlet3
    {
        type            calculated;
        value           nonuniform List<scalar> 10(-9.13394e-07 -9.13394e-07 -9.13394e-07 -9.13394e-07 -9.13394e-07 -9.13394e-07 -9.13394e-07 -9.13394e-07 -9.13394e-07 -9.13394e-07);
    }
    output1
    {
        type            calculated;
        value           uniform 0;
    }
    output2
    {
        type            calculated;
        value           nonuniform List<scalar> 10(2.4954e-08 1.57311e-08 1.25024e-08 1.11236e-08 1.04796e-08 7.93236e-09 1.60933e-06 2.86981e-06 3.0065e-06 2.56559e-06);
    }
    output3
    {
        type            calculated;
        value           uniform -0;
    }
    up
    {
        type            calculated;
        value           uniform 0;
    }
    down
    {
        type            calculated;
        value           uniform 0;
    }
    emptyWalls
    {
        type            empty;
        value           nonuniform List<scalar> 0();
    }
}


// ************************************************************************* //
