/*--------------------------------*- C++ -*----------------------------------*\
  =========                 |
  \\      /  F ield         | OpenFOAM: The Open Source CFD Toolbox
   \\    /   O peration     | Website:  https://openfoam.org
    \\  /    A nd           | Version:  9
     \\/     M anipulation  |
\*---------------------------------------------------------------------------*/
FoamFile
{
    format      ascii;
    class       volVectorField;
    location    "6000";
    object      ut;
}
// * * * * * * * * * * * * * * * * * * * * * * * * * * * * * * * * * * * * * //

dimensions      [0 1 -1 0 0 0 0];

internalField   nonuniform List<vector> 
900
(
(1.68173e-06 1.77346e-06 -0)
(6.96811e-07 2.31417e-07 -0)
(8.32523e-07 1.15461e-07 -0)
(2.70403e-07 -2.99349e-10 -0)
(4.50196e-07 1.90542e-08 -0)
(4.45846e-07 6.87729e-09 -0)
(4.36142e-07 2.80697e-09 -0)
(4.32219e-07 1.11449e-09 -0)
(4.30862e-07 2.40768e-10 -0)
(4.30872e-07 -2.52205e-10 -0)
(4.31614e-07 -4.92774e-10 -0)
(4.32627e-07 -5.2207e-10 -0)
(4.33502e-07 -3.54775e-10 -0)
(4.33849e-07 4.53548e-12 -0)
(4.33285e-07 5.56955e-10 -0)
(4.31417e-07 1.30799e-09 -0)
(4.2784e-07 2.26707e-09 -0)
(4.22122e-07 3.44709e-09 -0)
(4.13809e-07 4.8631e-09 -0)
(4.02413e-07 6.53058e-09 -0)
(3.87416e-07 8.46303e-09 -0)
(3.68281e-07 1.06674e-08 -0)
(3.44474e-07 1.31363e-08 -0)
(3.15497e-07 1.58378e-08 -0)
(2.80952e-07 1.87032e-08 -0)
(2.40629e-07 2.16155e-08 -0)
(1.9461e-07 2.43997e-08 -0)
(1.43379e-07 2.68283e-08 -0)
(8.79015e-08 2.86465e-08 -0)
(2.96265e-08 2.96253e-08 -0)
(3.55157e-06 1.53033e-05 -0)
(1.19949e-06 1.99158e-06 -0)
(7.3779e-07 7.00778e-07 -0)
(1.64955e-07 1.90433e-09 -0)
(4.57391e-07 2.73445e-08 -0)
(4.29595e-07 1.25384e-08 -0)
(4.30379e-07 6.04209e-09 -0)
(4.29653e-07 2.52376e-09 -0)
(4.29495e-07 3.40599e-10 -0)
(4.30138e-07 -1.00992e-09 -0)
(4.31345e-07 -1.69061e-09 -0)
(4.32765e-07 -1.76382e-09 -0)
(4.34028e-07 -1.25728e-09 -0)
(4.34761e-07 -1.80513e-10 -0)
(4.34588e-07 1.4711e-09 -0)
(4.33127e-07 3.71476e-09 -0)
(4.29979e-07 6.57941e-09 -0)
(4.24719e-07 1.01042e-08 -0)
(4.16893e-07 1.4336e-08 -0)
(4.06013e-07 1.93248e-08 -0)
(3.91553e-07 2.5116e-08 -0)
(3.72955e-07 3.17369e-08 -0)
(3.49644e-07 3.91751e-08 -0)
(3.21063e-07 4.73476e-08 -0)
(2.8673e-07 5.60617e-08 -0)
(2.46326e-07 6.49732e-08 -0)
(1.99823e-07 7.35534e-08 -0)
(1.47626e-07 8.10934e-08 -0)
(9.06986e-08 8.67782e-08 -0)
(3.06054e-08 8.98544e-08 -0)
(2.64699e-06 1.96755e-05 -0)
(8.06893e-07 2.52247e-06 -0)
(7.05359e-07 1.20647e-06 -0)
(1.64716e-07 4.90724e-09 -0)
(4.59977e-07 1.07936e-08 -0)
(4.24543e-07 9.90706e-09 -0)
(4.26127e-07 6.29841e-09 -0)
(4.26518e-07 2.59709e-09 -0)
(4.27328e-07 -3.92922e-10 -0)
(4.2884e-07 -2.43785e-09 -0)
(4.30861e-07 -3.49627e-09 -0)
(4.33061e-07 -3.58571e-09 -0)
(4.35085e-07 -2.73033e-09 -0)
(4.36578e-07 -9.40753e-10 -0)
(4.3718e-07 1.79258e-09 -0)
(4.36526e-07 5.49971e-09 -0)
(4.34229e-07 1.02307e-08 -0)
(4.29879e-07 1.60535e-08 -0)
(4.2303e-07 2.30509e-08 -0)
(4.13193e-07 3.13157e-08 -0)
(3.99828e-07 4.09386e-08 -0)
(3.8234e-07 5.19886e-08 -0)
(3.60084e-07 6.44787e-08 -0)
(3.32383e-07 7.83143e-08 -0)
(2.98578e-07 9.3222e-08 -0)
(2.58121e-07 1.08662e-07 -0)
(2.1073e-07 1.23747e-07 -0)
(1.56604e-07 1.37211e-07 -0)
(9.66624e-08 1.47518e-07 -0)
(3.27027e-08 1.53159e-07 -0)
(2.2579e-06 2.84702e-05 -0)
(6.39696e-07 3.59291e-06 -0)
(6.85748e-07 1.63898e-06 -0)
(1.84347e-07 7.33651e-09 -0)
(4.59834e-07 6.23595e-09 -0)
(4.251e-07 9.99946e-09 -0)
(4.23069e-07 6.64758e-09 -0)
(4.22962e-07 1.95937e-09 -0)
(4.2446e-07 -2.07084e-09 -0)
(4.27035e-07 -4.85123e-09 -0)
(4.30197e-07 -6.2697e-09 -0)
(4.33531e-07 -6.35135e-09 -0)
(4.36673e-07 -5.13677e-09 -0)
(4.39284e-07 -2.64394e-09 -0)
(4.41029e-07 1.14087e-09 -0)
(4.41565e-07 6.26157e-09 -0)
(4.40532e-07 1.2791e-08 -0)
(4.37539e-07 2.08286e-08 -0)
(4.32155e-07 3.04995e-08 -0)
(4.239e-07 4.19495e-08 -0)
(4.12226e-07 5.53353e-08 -0)
(3.96495e-07 7.08014e-08 -0)
(3.7597e-07 8.84378e-08 -0)
(3.49807e-07 1.0821e-07 -0)
(3.17077e-07 1.29851e-07 -0)
(2.7685e-07 1.52707e-07 -0)
(2.28372e-07 1.75559e-07 -0)
(1.71397e-07 1.96488e-07 -0)
(1.06646e-07 2.12923e-07 -0)
(3.62466e-08 2.22105e-07 -0)
(1.33586e-06 3.79116e-05 -0)
(5.99677e-08 4.10061e-06 -0)
(5.42205e-07 2.12728e-06 -0)
(2.21332e-07 4.2308e-08 -0)
(4.60069e-07 2.38617e-08 -0)
(4.24955e-07 1.72074e-08 -0)
(4.18087e-07 8.33327e-09 -0)
(4.17799e-07 6.64197e-10 -0)
(4.20518e-07 -4.99755e-09 -0)
(4.24642e-07 -8.62556e-09 -0)
(4.2936e-07 -1.03792e-08 -0)
(4.34193e-07 -1.04124e-08 -0)
(4.38792e-07 -8.82085e-09 -0)
(4.42855e-07 -5.63832e-09 -0)
(4.46086e-07 -8.46235e-10 -0)
(4.48176e-07 5.61541e-09 -0)
(4.48796e-07 1.38438e-08 -0)
(4.47588e-07 2.39713e-08 -0)
(4.44151e-07 3.61693e-08 -0)
(4.38029e-07 5.06482e-08 -0)
(4.2868e-07 6.76526e-08 -0)
(4.15443e-07 8.74442e-08 -0)
(3.97493e-07 1.10261e-07 -0)
(3.73796e-07 1.36238e-07 -0)
(3.43074e-07 1.65266e-07 -0)
(3.03829e-07 1.96755e-07 -0)
(2.54512e-07 2.29295e-07 -0)
(1.93968e-07 2.60261e-07 -0)
(1.2228e-07 2.85578e-07 -0)
(4.18855e-08 3.00235e-07 -0)
(8.49851e-07 4.55936e-05 -0)
(-4.98523e-07 4.11748e-06 -0)
(4.60323e-07 2.90921e-07 -0)
(2.59873e-07 1.24815e-07 -0)
(4.29701e-07 5.6124e-08 -0)
(4.09572e-07 2.66357e-08 -0)
(4.06526e-07 8.81445e-09 -0)
(4.09631e-07 -2.63729e-09 -0)
(4.15171e-07 -9.95694e-09 -0)
(4.21653e-07 -1.42735e-08 -0)
(4.2841e-07 -1.62087e-08 -0)
(4.35089e-07 -1.60976e-08 -0)
(4.41447e-07 -1.40952e-08 -0)
(4.47258e-07 -1.02411e-08 -0)
(4.52283e-07 -4.50202e-09 -0)
(4.56256e-07 3.20353e-09 -0)
(4.58888e-07 1.29976e-08 -0)
(4.59864e-07 2.50438e-08 -0)
(4.58832e-07 3.95586e-08 -0)
(4.55384e-07 5.68217e-08 -0)
(4.49022e-07 7.71834e-08 -0)
(4.39103e-07 1.01063e-07 -0)
(4.24764e-07 1.28925e-07 -0)
(4.04811e-07 1.61216e-07 -0)
(3.77594e-07 1.9822e-07 -0)
(3.4088e-07 2.39752e-07 -0)
(2.91878e-07 2.84608e-07 -0)
(2.2768e-07 3.29682e-07 -0)
(1.46621e-07 3.68896e-07 -0)
(5.09032e-08 3.93021e-07 -0)
(1.86369e-06 5.83695e-05 -0)
(1.70165e-07 5.07735e-06 -0)
(1.77509e-07 5.15837e-08 -0)
(2.81287e-07 1.32849e-07 -0)
(3.61283e-07 6.15527e-08 -0)
(3.77645e-07 2.43975e-08 -0)
(3.88814e-07 2.92706e-09 -0)
(3.99028e-07 -1.007e-08 -0)
(4.08882e-07 -1.7919e-08 -0)
(4.1839e-07 -2.23021e-08 -0)
(4.27536e-07 -2.40839e-08 -0)
(4.36307e-07 -2.36738e-08 -0)
(4.44649e-07 -2.12206e-08 -0)
(4.52448e-07 -1.67279e-08 -0)
(4.5953e-07 -1.01238e-08 -0)
(4.65675e-07 -1.29586e-09 -0)
(4.70636e-07 9.89918e-09 -0)
(4.74148e-07 2.36477e-08 -0)
(4.75929e-07 4.02002e-08 -0)
(4.75653e-07 5.98977e-08 -0)
(4.72921e-07 8.31978e-08 -0)
(4.67184e-07 1.107e-07 -0)
(4.57647e-07 1.4316e-07 -0)
(4.43092e-07 1.81485e-07 -0)
(4.21609e-07 2.26647e-07 -0)
(3.90217e-07 2.79422e-07 -0)
(3.44441e-07 3.39705e-07 -0)
(2.78255e-07 4.04962e-07 -0)
(1.8562e-07 4.67304e-07 -0)
(6.60112e-08 5.09934e-07 -0)
(2.03447e-06 6.20581e-05 -0)
(3.46109e-07 6.16908e-06 -0)
(1.01913e-07 2.23516e-08 -0)
(2.9175e-07 6.74765e-08 -0)
(3.21196e-07 3.33238e-08 -0)
(3.50946e-07 6.47516e-09 -0)
(3.72058e-07 -1.14329e-08 -0)
(3.88785e-07 -2.26503e-08 -0)
(4.02939e-07 -2.93465e-08 -0)
(4.15488e-07 -3.29322e-08 -0)
(4.27038e-07 -3.41505e-08 -0)
(4.37953e-07 -3.32925e-08 -0)
(4.48393e-07 -3.03852e-08 -0)
(4.58355e-07 -2.53261e-08 -0)
(4.67715e-07 -1.79694e-08 -0)
(4.76278e-07 -8.16274e-09 -0)
(4.83832e-07 4.24778e-09 -0)
(4.90165e-07 1.94485e-08 -0)
(4.95082e-07 3.76982e-08 -0)
(4.98381e-07 5.93723e-08 -0)
(4.99824e-07 8.50114e-08 -0)
(4.99065e-07 1.15378e-07 -0)
(4.95548e-07 1.51531e-07 -0)
(4.88298e-07 1.94915e-07 -0)
(4.75532e-07 2.4746e-07 -0)
(4.53939e-07 3.11585e-07 -0)
(4.17417e-07 3.89832e-07 -0)
(3.55279e-07 4.83156e-07 -0)
(2.51593e-07 5.85426e-07 -0)
(9.35333e-08 6.69477e-07 -0)
(2.12285e-06 7.60921e-05 -0)
(3.60614e-07 7.2872e-06 -0)
(1.04662e-07 2.34143e-08 -0)
(2.83761e-07 1.82291e-08 -0)
(3.00279e-07 -2.17596e-09 -0)
(3.32888e-07 -2.03872e-08 -0)
(3.59689e-07 -3.24833e-08 -0)
(3.81114e-07 -3.97514e-08 -0)
(3.986e-07 -4.38845e-08 -0)
(4.13586e-07 -4.59294e-08 -0)
(4.27176e-07 -4.62934e-08 -0)
(4.40072e-07 -4.49607e-08 -0)
(4.52615e-07 -4.17018e-08 -0)
(4.64864e-07 -3.62228e-08 -0)
(4.76694e-07 -2.82641e-08 -0)
(4.87892e-07 -1.76338e-08 -0)
(4.98248e-07 -4.19353e-09 -0)
(5.07599e-07 1.22013e-08 -0)
(5.15852e-07 3.1772e-08 -0)
(5.22967e-07 5.48814e-08 -0)
(5.28927e-07 8.20966e-08 -0)
(5.33704e-07 1.14271e-07 -0)
(5.37184e-07 1.5267e-07 -0)
(5.39021e-07 1.99187e-07 -0)
(5.38279e-07 2.56692e-07 -0)
(5.32589e-07 3.29629e-07 -0)
(5.16012e-07 4.2488e-07 -0)
(4.73849e-07 5.52404e-07 -0)
(3.71941e-07 7.21768e-07 -0)
(1.50062e-07 9.13073e-07 -0)
(2.21973e-06 7.78873e-05 -0)
(3.66784e-07 8.04229e-06 -0)
(1.09493e-07 3.20354e-08 -0)
(2.57466e-07 -1.37758e-08 -0)
(2.8258e-07 -3.98663e-08 -0)
(3.20639e-07 -5.33648e-08 -0)
(3.52694e-07 -5.83616e-08 -0)
(3.77383e-07 -5.99879e-08 -0)
(3.96761e-07 -6.05105e-08 -0)
(4.13079e-07 -6.06079e-08 -0)
(4.28007e-07 -6.0133e-08 -0)
(4.42544e-07 -5.85559e-08 -0)
(4.57131e-07 -5.52379e-08 -0)
(4.71793e-07 -4.96006e-08 -0)
(4.86304e-07 -4.12298e-08 -0)
(5.00349e-07 -2.99142e-08 -0)
(5.13667e-07 -1.55895e-08 -0)
(5.26131e-07 1.77776e-09 -0)
(5.37762e-07 2.23071e-08 -0)
(5.48706e-07 4.62845e-08 -0)
(5.59213e-07 7.42222e-08 -0)
(5.69639e-07 1.06937e-07 -0)
(5.80464e-07 1.45693e-07 -0)
(5.9232e-07 1.92469e-07 -0)
(6.05974e-07 2.50493e-07 -0)
(6.22127e-07 3.25361e-07 -0)
(6.40193e-07 4.27656e-07 -0)
(6.52166e-07 5.79814e-07 -0)
(6.12261e-07 8.36167e-07 -0)
(2.84838e-07 1.34797e-06 -0)
(2.51158e-06 9.34124e-05 -0)
(2.04145e-06 9.40281e-06 -0)
(6.72371e-08 2.52003e-08 -0)
(2.06694e-07 -7.47301e-08 -0)
(2.60691e-07 -9.01514e-08 -0)
(3.14393e-07 -9.48444e-08 -0)
(3.53066e-07 -8.76105e-08 -0)
(3.78965e-07 -8.13283e-08 -0)
(3.9798e-07 -7.7562e-08 -0)
(4.13963e-07 -7.58596e-08 -0)
(4.29228e-07 -7.50754e-08 -0)
(4.44967e-07 -7.3893e-08 -0)
(4.61571e-07 -7.10937e-08 -0)
(4.78872e-07 -6.57112e-08 -0)
(4.9638e-07 -5.71413e-08 -0)
(5.13533e-07 -4.5204e-08 -0)
(5.29939e-07 -3.00279e-08 -0)
(5.45495e-07 -1.18076e-08 -0)
(5.60359e-07 9.39439e-09 -0)
(5.74882e-07 3.3728e-08 -0)
(5.89579e-07 6.15711e-08 -0)
(6.05174e-07 9.35629e-08 -0)
(6.22716e-07 1.30693e-07 -0)
(6.43822e-07 1.74503e-07 -0)
(6.71171e-07 2.27453e-07 -0)
(7.09751e-07 2.93666e-07 -0)
(7.70466e-07 3.80567e-07 -0)
(8.82361e-07 5.03032e-07 -0)
(1.1401e-06 6.95114e-07 -0)
(1.90957e-06 1.04698e-06 -0)
(2.87976e-06 7.16172e-05 -0)
(3.05672e-06 9.6926e-06 -0)
(2.34624e-06 3.0212e-06 -0)
(9.11444e-08 -3.14713e-08 -0)
(2.62443e-07 -1.36531e-07 -0)
(3.2318e-07 -1.48266e-07 -0)
(3.6621e-07 -1.15908e-07 -0)
(3.87432e-07 -1.00153e-07 -0)
(4.02229e-07 -9.25497e-08 -0)
(4.15566e-07 -9.01936e-08 -0)
(4.29974e-07 -9.04181e-08 -0)
(4.46526e-07 -9.08466e-08 -0)
(4.65313e-07 -8.95339e-08 -0)
(4.85745e-07 -8.50081e-08 -0)
(5.06811e-07 -7.64201e-08 -0)
(5.27462e-07 -6.37326e-08 -0)
(5.47063e-07 -4.75098e-08 -0)
(5.65553e-07 -2.8374e-08 -0)
(5.83298e-07 -6.65008e-09 -0)
(6.00883e-07 1.76611e-08 -0)
(6.19048e-07 4.47715e-08 -0)
(6.38761e-07 7.50504e-08 -0)
(6.61404e-07 1.09016e-07 -0)
(6.89079e-07 1.47396e-07 -0)
(7.25137e-07 1.91149e-07 -0)
(7.75241e-07 2.41283e-07 -0)
(8.49559e-07 2.97915e-07 -0)
(9.66713e-07 3.56633e-07 -0)
(1.15621e-06 3.94279e-07 -0)
(1.42326e-06 3.11289e-07 -0)
(5.37983e-06 8.73186e-05 -0)
(4.76817e-06 9.59485e-06 -0)
(4.4449e-06 3.86486e-06 -0)
(3.44106e-06 2.37032e-06 -0)
(2.90609e-07 -1.16145e-07 -0)
(3.34963e-07 -1.97265e-07 -0)
(4.01179e-07 -1.27624e-07 -0)
(4.02324e-07 -1.10826e-07 -0)
(4.07939e-07 -1.02291e-07 -0)
(4.16095e-07 -1.01947e-07 -0)
(4.28575e-07 -1.05556e-07 -0)
(4.45852e-07 -1.09541e-07 -0)
(4.67409e-07 -1.11187e-07 -0)
(4.91986e-07 -1.08367e-07 -0)
(5.17656e-07 -9.97978e-08 -0)
(5.42443e-07 -8.57954e-08 -0)
(5.65298e-07 -6.79039e-08 -0)
(5.86355e-07 -4.75283e-08 -0)
(6.06394e-07 -2.52817e-08 -0)
(6.26303e-07 -1.20498e-09 -0)
(6.46969e-07 2.48037e-08 -0)
(6.69419e-07 5.28513e-08 -0)
(6.95061e-07 8.29254e-08 -0)
(7.25955e-07 1.14916e-07 -0)
(7.65058e-07 1.48466e-07 -0)
(8.16517e-07 1.82401e-07 -0)
(8.85816e-07 2.13177e-07 -0)
(9.78726e-07 2.31306e-07 -0)
(1.09475e-06 2.14083e-07 -0)
(1.204e-06 1.15189e-07 -0)
(6.03521e-06 5.89712e-05 -0)
(8.28807e-06 9.53241e-06 -0)
(8.75869e-06 5.5884e-06 -0)
(9.28583e-06 6.45752e-06 -0)
(3.77967e-06 4.76729e-06 -0)
(2.20389e-07 -2.71244e-08 -0)
(4.52686e-07 -1.04639e-07 -0)
(4.12765e-07 -1.13239e-07 -0)
(4.11109e-07 -1.03839e-07 -0)
(4.12301e-07 -1.09748e-07 -0)
(4.2238e-07 -1.20316e-07 -0)
(4.40895e-07 -1.30575e-07 -0)
(4.66487e-07 -1.37304e-07 -0)
(4.97134e-07 -1.37474e-07 -0)
(5.29382e-07 -1.28609e-07 -0)
(5.59356e-07 -1.11748e-07 -0)
(5.8533e-07 -9.07826e-08 -0)
(6.08175e-07 -6.8553e-08 -0)
(6.29621e-07 -4.57426e-08 -0)
(6.50968e-07 -2.20022e-08 -0)
(6.73104e-07 2.79808e-09 -0)
(6.96883e-07 2.86262e-08 -0)
(7.23469e-07 5.49182e-08 -0)
(7.5462e-07 8.0878e-08 -0)
(7.92622e-07 1.05398e-07 -0)
(8.39952e-07 1.26677e-07 -0)
(8.98464e-07 1.41088e-07 -0)
(9.67618e-07 1.41332e-07 -0)
(1.04009e-06 1.15557e-07 -0)
(1.09399e-06 5.05711e-08 -0)
(1.76923e-05 7.18534e-05 -0)
(1.02764e-05 6.00408e-06 -0)
(9.84907e-06 3.49103e-06 -0)
(9.90228e-06 4.30461e-06 -0)
(1.23296e-05 7.54382e-06 -0)
(1.36393e-06 8.74074e-07 -0)
(3.19605e-07 -3.62949e-08 -0)
(4.03124e-07 -1.38287e-07 -0)
(4.11431e-07 -9.00788e-08 -0)
(3.99619e-07 -1.13131e-07 -0)
(4.07747e-07 -1.35657e-07 -0)
(4.28863e-07 -1.55748e-07 -0)
(4.60511e-07 -1.72832e-07 -0)
(5.00681e-07 -1.81405e-07 -0)
(5.43381e-07 -1.7339e-07 -0)
(5.80269e-07 -1.50158e-07 -0)
(6.08493e-07 -1.22315e-07 -0)
(6.31395e-07 -9.61028e-08 -0)
(6.52945e-07 -7.16703e-08 -0)
(6.74844e-07 -4.74727e-08 -0)
(6.97597e-07 -2.25436e-08 -0)
(7.21539e-07 3.17621e-09 -0)
(7.47313e-07 2.86223e-08 -0)
(7.76434e-07 5.16563e-08 -0)
(8.10857e-07 7.02724e-08 -0)
(8.52206e-07 8.27181e-08 -0)
(9.00472e-07 8.67707e-08 -0)
(9.53195e-07 7.98927e-08 -0)
(1.00399e-06 5.93698e-08 -0)
(1.03787e-06 2.28625e-08 -0)
(3.91965e-05 2.61277e-05 -0)
(4.4476e-05 1.7454e-05 -0)
(4.3307e-05 1.2057e-05 -0)
(3.71657e-05 1.11241e-05 -0)
(3.58551e-05 1.37495e-05 -0)
(2.73015e-05 1.19585e-05 -0)
(2.30217e-05 5.37461e-06 -0)
(3.1867e-07 -6.59015e-09 -0)
(4.36261e-07 -3.86741e-08 -0)
(3.63583e-07 -5.71579e-08 -0)
(3.76874e-07 -7.23411e-08 -0)
(3.97925e-07 -8.48243e-08 -0)
(4.14904e-07 -9.26218e-08 -0)
(4.41569e-07 -9.45389e-08 -0)
(4.72179e-07 -8.67854e-08 -0)
(4.93573e-07 -7.19173e-08 -0)
(5.06169e-07 -5.71697e-08 -0)
(5.19916e-07 -4.53004e-08 -0)
(5.36793e-07 -3.49999e-08 -0)
(5.37311e-07 -2.4203e-08 -0)
(5.4076e-07 -1.37672e-08 -0)
(5.16849e-07 -3.38072e-09 -0)
(5.13828e-07 5.5469e-09 -0)
(5.23406e-07 1.3031e-08 -0)
(5.47918e-07 1.87318e-08 -0)
(5.98626e-07 2.26461e-08 -0)
(6.95824e-07 2.49597e-08 -0)
(7.69453e-07 2.30131e-08 -0)
(6.65531e-07 1.32085e-08 -0)
(7.86123e-07 4.99776e-09 -0)
(1.19766e-05 -1.41311e-05 -0)
(3.11449e-05 -1.06975e-06 -0)
(4.12684e-05 7.2607e-06 -0)
(4.78129e-05 1.16669e-05 -0)
(5.39197e-05 1.52064e-05 -0)
(5.53824e-05 1.63345e-05 -0)
(5.6188e-05 1.65607e-05 -0)
(4.99764e-05 1.57742e-05 -0)
(5.27265e-05 4.80636e-07 -0)
(5.49113e-05 -1.09856e-06 -0)
(5.80339e-05 -1.54967e-06 -0)
(6.17884e-05 -1.41849e-06 -0)
(6.47529e-05 -7.43474e-07 -0)
(6.39896e-05 -1.02241e-07 -0)
(6.18736e-05 -2.80124e-07 -0)
(6.31709e-05 -1.07554e-06 -0)
(6.8042e-05 -1.87255e-06 -0)
(7.47463e-05 -2.33919e-06 -0)
(8.19608e-05 -2.42595e-06 -0)
(8.88819e-05 -2.23923e-06 -0)
(9.49108e-05 -1.86743e-06 -0)
(9.9727e-05 -1.44909e-06 -0)
(0.000103498 -1.1757e-06 -0)
(0.000106858 -1.18833e-06 -0)
(0.000110822 -1.59173e-06 -0)
(0.000116424 -2.4302e-06 -0)
(0.000124932 -3.54666e-06 -0)
(0.000136031 -4.46254e-06 -0)
(0.000149854 -4.43656e-06 -0)
(0.000159311 -2.18312e-06 -0)
(4.97487e-06 -1.82289e-05 -0)
(1.60878e-05 -1.13383e-05 -0)
(2.7008e-05 -3.22092e-06 -0)
(3.81456e-05 2.31815e-06 -0)
(4.80956e-05 6.40061e-06 -0)
(5.77916e-05 9.35716e-06 -0)
(6.61155e-05 1.06606e-05 -0)
(7.60334e-05 7.74016e-06 -0)
(8.2292e-05 -1.08177e-06 -0)
(8.91205e-05 -5.48333e-06 -0)
(9.66749e-05 -7.02121e-06 -0)
(0.000104359 -6.58717e-06 -0)
(0.000111669 -4.63174e-06 -0)
(0.000118704 -2.92825e-06 -0)
(0.000126458 -3.81033e-06 -0)
(0.000135726 -7.10845e-06 -0)
(0.000146236 -1.04744e-05 -0)
(0.000157662 -1.24472e-05 -0)
(0.00016926 -1.27772e-05 -0)
(0.000180333 -1.17975e-05 -0)
(0.000189644 -9.82832e-06 -0)
(0.000196741 -7.57809e-06 -0)
(0.000202009 -6.03395e-06 -0)
(0.000206529 -5.9676e-06 -0)
(0.000211418 -7.74469e-06 -0)
(0.000218184 -1.15803e-05 -0)
(0.000228435 -1.69899e-05 -0)
(0.000242883 -2.25471e-05 -0)
(0.00026238 -2.41298e-05 -0)
(0.000281202 -1.37736e-05 -0)
(8.29468e-06 -3.59617e-05 -0)
(2.25142e-05 -2.36307e-05 -0)
(3.54987e-05 -1.36984e-05 -0)
(4.77184e-05 -6.99191e-06 -0)
(5.87469e-05 -2.52279e-06 -0)
(7.03649e-05 -9.71784e-08 -0)
(8.22581e-05 -1.40807e-07 -0)
(9.64985e-05 -3.61602e-06 -0)
(0.000108506 -9.49671e-06 -0)
(0.000119858 -1.42428e-05 -0)
(0.000131479 -1.6574e-05 -0)
(0.000143215 -1.66133e-05 -0)
(0.000155882 -1.53665e-05 -0)
(0.000169417 -1.4469e-05 -0)
(0.00018295 -1.56139e-05 -0)
(0.000194699 -1.85836e-05 -0)
(0.000204496 -2.18819e-05 -0)
(0.000213952 -2.42604e-05 -0)
(0.000223351 -2.45815e-05 -0)
(0.000232988 -2.23604e-05 -0)
(0.000239255 -1.76779e-05 -0)
(0.000242969 -1.27596e-05 -0)
(0.000244902 -9.60246e-06 -0)
(0.000246512 -9.09695e-06 -0)
(0.000247408 -1.14259e-05 -0)
(0.000249348 -1.72826e-05 -0)
(0.000252166 -2.59461e-05 -0)
(0.00025816 -3.6619e-05 -0)
(0.000269986 -4.39312e-05 -0)
(0.000282713 -3.64868e-05 -0)
(1.38376e-05 -5.04551e-05 -0)
(3.88649e-05 -3.68926e-05 -0)
(5.54489e-05 -2.68521e-05 -0)
(6.99434e-05 -1.98746e-05 -0)
(8.23035e-05 -1.52e-05 -0)
(9.59098e-05 -1.36256e-05 -0)
(0.000109454 -1.48408e-05 -0)
(0.000123873 -1.85606e-05 -0)
(0.000136668 -2.31784e-05 -0)
(0.000148396 -2.73237e-05 -0)
(0.000159992 -2.98649e-05 -0)
(0.000171425 -3.06227e-05 -0)
(0.000184287 -3.03589e-05 -0)
(0.000196418 -2.91548e-05 -0)
(0.000207608 -2.79373e-05 -0)
(0.000213309 -2.70252e-05 -0)
(0.000215212 -2.78811e-05 -0)
(0.000216105 -3.02401e-05 -0)
(0.000217744 -3.17947e-05 -0)
(0.000223144 -2.8567e-05 -0)
(0.000222264 -1.96019e-05 -0)
(0.000220367 -1.24289e-05 -0)
(0.000217664 -8.6518e-06 -0)
(0.000216013 -7.81885e-06 -0)
(0.000212199 -9.44283e-06 -0)
(0.000209965 -1.50339e-05 -0)
(0.000202615 -2.35999e-05 -0)
(0.000200964 -3.76072e-05 -0)
(0.00019847 -4.65484e-05 -0)
(0.000210014 -6.64287e-05 -0)
(9.06921e-05 -7.97183e-05 -0)
(8.8062e-05 -6.12482e-05 -0)
(8.7685e-05 -4.35029e-05 -0)
(9.2624e-05 -3.34964e-05 -0)
(9.7167e-05 -2.7699e-05 -0)
(0.000106351 -2.67183e-05 -0)
(0.00011405 -2.76087e-05 -0)
(0.000124592 -3.07834e-05 -0)
(0.000132918 -3.38109e-05 -0)
(0.000142791 -3.7202e-05 -0)
(0.000151639 -3.93309e-05 -0)
(0.00016046 -4.0374e-05 -0)
(0.000169276 -4.01097e-05 -0)
(0.000174825 -3.75927e-05 -0)
(0.000181423 -3.26835e-05 -0)
(0.000178435 -2.53074e-05 -0)
(0.000173579 -2.31661e-05 -0)
(0.000165845 -2.59125e-05 -0)
(0.000162174 -3.25056e-05 -0)
(0.000164248 -3.05943e-05 -0)
(0.000158528 -1.43245e-05 -0)
(0.000153751 -7.40687e-06 -0)
(0.000149206 -4.82772e-06 -0)
(0.000146514 -4.17965e-06 -0)
(0.000141391 -4.73691e-06 -0)
(0.000139332 -8.0913e-06 -0)
(0.000125924 -1.40803e-05 -0)
(0.000127193 -3.25475e-05 -0)
(9.74897e-05 -4.802e-05 -0)
(6.4764e-05 -6.38843e-05 -0)
(8.15815e-05 -5.36305e-05 -0)
(7.10533e-05 -4.22949e-05 -0)
(6.81871e-05 -3.47181e-05 -0)
(7.23493e-05 -3.11701e-05 -0)
(7.70021e-05 -2.931e-05 -0)
(8.73012e-05 -3.1244e-05 -0)
(9.43397e-05 -3.31765e-05 -0)
(0.000106994 -3.79427e-05 -0)
(0.000115096 -4.10616e-05 -0)
(0.000128071 -4.55301e-05 -0)
(0.000134403 -4.64741e-05 -0)
(0.0001412 -4.6885e-05 -0)
(0.000142295 -4.40246e-05 -0)
(0.000140584 -4.08221e-05 -0)
(0.000141235 -3.35437e-05 -0)
(0.000131974 -1.74124e-05 -0)
(0.000125706 -1.33129e-05 -0)
(0.000110825 -1.55513e-05 -0)
(0.000109323 -2.91738e-05 -0)
(9.257e-05 -3.647e-05 -0)
(9.08574e-05 -4.16499e-06 -0)
(8.52752e-05 -1.94538e-06 -0)
(8.13685e-05 -1.35131e-06 -0)
(7.91194e-05 -1.24169e-06 -0)
(7.57468e-05 -1.4105e-06 -0)
(7.50294e-05 -2.30729e-06 -0)
(6.27024e-05 -4.3034e-06 -0)
(6.56653e-05 -1.40732e-05 -0)
(5.65482e-07 -3.14797e-07 -0)
(5.66635e-07 -6.18916e-07 -0)
(8.71914e-05 -4.70188e-05 -0)
(8.35577e-05 -4.49653e-05 -0)
(8.3429e-05 -4.27811e-05 -0)
(8.60663e-05 -4.12937e-05 -0)
(8.83228e-05 -4.06819e-05 -0)
(9.5849e-05 -4.36035e-05 -0)
(9.8753e-05 -4.54072e-05 -0)
(0.000109547 -5.12334e-05 -0)
(0.000113019 -5.28896e-05 -0)
(0.00012347 -5.60863e-05 -0)
(0.000118889 -5.06069e-05 -0)
(0.000118025 -4.76981e-05 -0)
(0.000104893 -3.87745e-05 -0)
(0.000100167 -3.51097e-05 -0)
(8.1285e-05 -3.32468e-05 -0)
(7.60465e-05 -5.53248e-06 -0)
(7.09128e-05 -2.99427e-06 -0)
(5.70953e-05 -3.71242e-06 -0)
(5.78266e-05 -1.15066e-05 -0)
(5.79192e-07 -5.58015e-08 -0)
(1.08359e-06 -8.39934e-08 -0)
(8.24888e-07 -1.01613e-07 -0)
(7.99973e-07 -1.26602e-07 -0)
(7.84769e-07 -1.59634e-07 -0)
(7.63155e-07 -2.03493e-07 -0)
(7.30371e-07 -2.5652e-07 -0)
(6.4916e-07 -3.29268e-07 -0)
(3.52318e-07 -4.0142e-07 -0)
(2.4962e-07 -5.55134e-07 -0)
(1.90254e-07 -1.02515e-06 -0)
(8.87962e-05 -4.08833e-05 -0)
(8.23235e-05 -3.9236e-05 -0)
(7.96704e-05 -3.88881e-05 -0)
(7.68641e-05 -3.82186e-05 -0)
(7.75146e-05 -4.0016e-05 -0)
(8.10025e-05 -4.36818e-05 -0)
(8.26297e-05 -4.69052e-05 -0)
(9.19228e-05 -5.40857e-05 -0)
(9.29805e-05 -5.46281e-05 -0)
(9.80654e-05 -5.43995e-05 -0)
(8.27022e-05 -4.07919e-05 -0)
(7.81385e-05 -3.54724e-05 -0)
(5.23982e-05 -2.91446e-05 -0)
(5.32433e-05 -1.19628e-05 -0)
(1.86726e-06 -2.47154e-07 -0)
(8.17849e-07 -5.30648e-08 -0)
(6.06779e-07 -3.19846e-08 -0)
(5.25962e-07 -1.1141e-08 -0)
(5.95342e-07 5.27961e-08 -0)
(7.97897e-07 1.73064e-07 -0)
(8.42993e-07 -1.19928e-07 -0)
(7.80952e-07 -1.76985e-07 -0)
(7.42948e-07 -2.31843e-07 -0)
(7.09578e-07 -2.9567e-07 -0)
(6.68275e-07 -3.74293e-07 -0)
(6.08264e-07 -4.66724e-07 -0)
(5.09891e-07 -5.80145e-07 -0)
(3.49822e-07 -6.83565e-07 -0)
(2.22746e-07 -6.1813e-07 -0)
(9.66237e-08 -7.38266e-07 -0)
(8.89663e-05 -3.5135e-05 -0)
(8.24901e-05 -3.48516e-05 -0)
(8.0618e-05 -3.69719e-05 -0)
(7.61904e-05 -3.83345e-05 -0)
(7.78855e-05 -4.3651e-05 -0)
(7.75786e-05 -4.80991e-05 -0)
(7.86987e-05 -5.37686e-05 -0)
(8.50193e-05 -6.12227e-05 -0)
(7.96385e-05 -5.67262e-05 -0)
(7.46974e-05 -4.88616e-05 -0)
(4.74939e-05 -2.98075e-05 -0)
(4.35046e-05 -1.41667e-05 -0)
(5.16932e-07 -6.0282e-08 -0)
(6.52573e-07 2.23126e-08 -0)
(6.52975e-07 1.29687e-07 -0)
(7.06843e-07 -4.00694e-08 -0)
(6.38937e-07 -3.83604e-08 -0)
(6.07074e-07 -1.17945e-08 -0)
(6.3721e-07 6.18639e-08 -0)
(7.07859e-07 3.14312e-08 -0)
(7.33628e-07 -7.33315e-08 -0)
(7.12974e-07 -1.40878e-07 -0)
(6.81288e-07 -1.98257e-07 -0)
(6.42319e-07 -2.56914e-07 -0)
(5.92101e-07 -3.21527e-07 -0)
(5.24519e-07 -3.91899e-07 -0)
(4.32319e-07 -4.64399e-07 -0)
(3.14333e-07 -5.21257e-07 -0)
(1.94919e-07 -5.33948e-07 -0)
(7.0118e-08 -5.71524e-07 -0)
(8.88406e-05 -2.94616e-05 -0)
(8.21602e-05 -3.00406e-05 -0)
(7.91158e-05 -3.28531e-05 -0)
(7.20568e-05 -3.50151e-05 -0)
(7.23085e-05 -4.18102e-05 -0)
(6.55601e-05 -4.49217e-05 -0)
(6.71263e-05 -5.35134e-05 -0)
(6.658e-05 -5.70726e-05 -0)
(5.33624e-05 -4.52426e-05 -0)
(3.60514e-05 -2.92181e-05 -0)
(3.05165e-06 -9.31454e-07 -0)
(5.28128e-07 -8.35072e-09 -0)
(5.54021e-07 1.29189e-07 -0)
(6.08969e-07 4.90609e-08 -0)
(6.31682e-07 7.42882e-08 -0)
(6.49841e-07 1.1032e-08 -0)
(6.35054e-07 -6.76717e-09 -0)
(6.26187e-07 -2.65437e-09 -0)
(6.38568e-07 1.02115e-08 -0)
(6.62701e-07 -1.16903e-08 -0)
(6.70685e-07 -6.39546e-08 -0)
(6.56027e-07 -1.14936e-07 -0)
(6.26912e-07 -1.63394e-07 -0)
(5.86308e-07 -2.122e-07 -0)
(5.33289e-07 -2.63001e-07 -0)
(4.65392e-07 -3.14945e-07 -0)
(3.80533e-07 -3.64294e-07 -0)
(2.80273e-07 -4.03116e-07 -0)
(1.72479e-07 -4.24879e-07 -0)
(5.90475e-08 -4.42357e-07 -0)
(8.84034e-05 -2.34262e-05 -0)
(8.17997e-05 -2.453e-05 -0)
(7.67611e-05 -2.71882e-05 -0)
(6.90069e-05 -3.04306e-05 -0)
(6.64147e-05 -3.74708e-05 -0)
(5.62893e-05 -4.11944e-05 -0)
(5.82195e-05 -5.31542e-05 -0)
(4.81414e-05 -4.87948e-05 -0)
(2.81599e-05 -2.81017e-05 -0)
(6.38215e-07 -2.28505e-07 -0)
(5.23407e-07 1.79796e-08 -0)
(5.7021e-07 2.02964e-08 -0)
(5.74837e-07 5.66608e-08 -0)
(5.97676e-07 4.37233e-08 -0)
(6.14946e-07 3.96452e-08 -0)
(6.25787e-07 1.66804e-08 -0)
(6.2525e-07 2.91558e-09 -0)
(6.24052e-07 -2.2652e-09 -0)
(6.28174e-07 -6.67219e-09 -0)
(6.33693e-07 -2.44501e-08 -0)
(6.30382e-07 -5.58604e-08 -0)
(6.13535e-07 -9.15192e-08 -0)
(5.84025e-07 -1.2818e-07 -0)
(5.42711e-07 -1.6549e-07 -0)
(4.89356e-07 -2.03333e-07 -0)
(4.23227e-07 -2.40584e-07 -0)
(3.44148e-07 -2.74715e-07 -0)
(2.53748e-07 -3.02032e-07 -0)
(1.55677e-07 -3.20095e-07 -0)
(5.264e-08 -3.30668e-07 -0)
(8.79919e-05 -1.70292e-05 -0)
(8.14937e-05 -1.8206e-05 -0)
(7.44737e-05 -2.0284e-05 -0)
(6.66292e-05 -2.38586e-05 -0)
(5.95345e-05 -2.95088e-05 -0)
(4.79217e-05 -3.4585e-05 -0)
(4.52068e-05 -4.54642e-05 -0)
(2.58917e-05 -3.10031e-05 -0)
(5.9331e-07 -5.14107e-07 -0)
(4.49393e-07 -7.31094e-09 -0)
(5.55098e-07 3.8562e-08 -0)
(5.66977e-07 2.83417e-08 -0)
(5.77448e-07 3.35178e-08 -0)
(5.91954e-07 2.95294e-08 -0)
(6.04639e-07 2.38945e-08 -0)
(6.13111e-07 1.31282e-08 -0)
(6.16108e-07 4.01539e-09 -0)
(6.16599e-07 -2.6495e-09 -0)
(6.16383e-07 -1.0186e-08 -0)
(6.13513e-07 -2.35787e-08 -0)
(6.03616e-07 -4.35181e-08 -0)
(5.83707e-07 -6.70997e-08 -0)
(5.52941e-07 -9.23148e-08 -0)
(5.11155e-07 -1.18247e-07 -0)
(4.58196e-07 -1.44255e-07 -0)
(3.9401e-07 -1.69342e-07 -0)
(3.19085e-07 -1.91948e-07 -0)
(2.34893e-07 -2.102e-07 -0)
(1.43843e-07 -2.22799e-07 -0)
(4.84748e-08 -2.29549e-07 -0)
(8.76972e-05 -1.03364e-05 -0)
(8.1262e-05 -1.12037e-05 -0)
(7.28238e-05 -1.24756e-05 -0)
(6.50104e-05 -1.52444e-05 -0)
(5.39627e-05 -1.88507e-05 -0)
(4.19293e-05 -2.477e-05 -0)
(3.09492e-05 -3.16865e-05 -0)
(4.44894e-06 -1.10655e-05 -0)
(3.09105e-07 -1.62065e-08 -0)
(5.81602e-07 3.89293e-08 -0)
(5.59072e-07 2.79296e-08 -0)
(5.65166e-07 2.09985e-08 -0)
(5.76024e-07 1.95401e-08 -0)
(5.88053e-07 1.69837e-08 -0)
(5.98545e-07 1.32756e-08 -0)
(6.05908e-07 7.92423e-09 -0)
(6.09473e-07 2.66776e-09 -0)
(6.09851e-07 -2.1634e-09 -0)
(6.07245e-07 -7.84552e-09 -0)
(6.00361e-07 -1.61614e-08 -0)
(5.86861e-07 -2.75333e-08 -0)
(5.64738e-07 -4.10454e-08 -0)
(5.32877e-07 -5.57308e-08 -0)
(4.90771e-07 -7.09269e-08 -0)
(4.38261e-07 -8.60945e-08 -0)
(3.75534e-07 -1.0058e-07 -0)
(3.0329e-07 -1.13531e-07 -0)
(2.22896e-07 -1.2402e-07 -0)
(1.36328e-07 -1.31349e-07 -0)
(4.58897e-08 -1.3518e-07 -0)
(8.74301e-05 -3.45996e-06 -0)
(8.13241e-05 -3.79061e-06 -0)
(7.1742e-05 -4.18107e-06 -0)
(6.46881e-05 -5.26467e-06 -0)
(5.04072e-05 -6.41275e-06 -0)
(3.98004e-05 -1.00063e-05 -0)
(1.53364e-05 -9.78442e-06 -0)
(1.13058e-07 -3.03493e-08 -0)
(3.91453e-07 1.01001e-07 -0)
(4.93841e-07 3.00847e-08 -0)
(5.37167e-07 1.32398e-08 -0)
(5.58588e-07 8.17992e-09 -0)
(5.73433e-07 6.66159e-09 -0)
(5.85689e-07 5.58897e-09 -0)
(5.9558e-07 4.29817e-09 -0)
(6.02503e-07 2.62359e-09 -0)
(6.06021e-07 8.92992e-10 -0)
(6.06086e-07 -8.28344e-10 -0)
(6.02385e-07 -2.87242e-09 -0)
(5.93825e-07 -5.68842e-09 -0)
(5.78732e-07 -9.40789e-09 -0)
(5.5551e-07 -1.38178e-08 -0)
(5.23059e-07 -1.86366e-08 -0)
(4.80791e-07 -2.36357e-08 -0)
(4.28542e-07 -2.86166e-08 -0)
(3.66574e-07 -3.33545e-08 -0)
(2.95646e-07 -3.75766e-08 -0)
(2.17075e-07 -4.09985e-08 -0)
(1.32683e-07 -4.33979e-08 -0)
(4.46438e-08 -4.46438e-08 -0)
)
;

boundaryField
{
    inlet1
    {
        type            extrapolatedCalculated;
        value           nonuniform List<vector> 10((1e-05 2.45704e-05 -0) (1e-05 5.68588e-05 -0) (1e-05 8.90771e-05 -0) (1e-05 0.000140182 -0) (1e-05 0.000200899 -0) (1e-05 0.000267025 -0) (1e-05 0.00032672 -0) (1e-05 0.000372383 -0) (1e-05 0.000397745 -0) (1e-05 0.000396036 -0));
    }
    inlet2
    {
        type            extrapolatedCalculated;
        value           nonuniform List<vector> 10((-0 9.34124e-05 -0) (-0 7.16172e-05 -0) (-0 8.73186e-05 -0) (-0 5.89712e-05 -0) (-0 7.18534e-05 -0) (-0 2.61277e-05 -0) (-0 -1.41311e-05 -0) (-0 -1.82289e-05 -0) (-0 -3.59617e-05 -0) (-0 -5.04551e-05 -0));
    }
    inlet3
    {
        type            extrapolatedCalculated;
        value           nonuniform List<vector> 10((9.13394e-05 -6.98248e-05 -0) (9.13394e-05 -5.72899e-05 -0) (9.13394e-05 -4.80774e-05 -0) (9.13394e-05 -4.12671e-05 -0) (9.13394e-05 -3.53075e-05 -0) (9.13394e-05 -2.94687e-05 -0) (9.13394e-05 -2.338e-05 -0) (9.13394e-05 -1.69654e-05 -0) (9.13394e-05 -1.02844e-05 -0) (9.13394e-05 -3.44459e-06 -0));
    }
    output1
    {
        type            extrapolatedCalculated;
        value           nonuniform List<vector> 10((-0 2.96253e-08 -0) (-0 8.98544e-08 -0) (-0 1.53159e-07 -0) (-0 2.22105e-07 -0) (-0 3.00235e-07 -0) (-0 3.93021e-07 -0) (-0 5.09934e-07 -0) (-0 6.69477e-07 -0) (-0 9.13073e-07 -0) (-0 1.34797e-06 -0));
    }
    output2
    {
        type            extrapolatedCalculated;
        value           nonuniform List<vector> 10((2.4954e-06 1.04698e-06 -0) (1.57311e-06 3.11289e-07 -0) (1.25024e-06 1.15189e-07 -0) (1.11236e-06 5.05711e-08 -0) (1.04796e-06 2.28625e-08 -0) (7.93236e-07 4.99776e-09 -0) (0.000160933 -2.18312e-06 -0) (0.000286981 -1.37736e-05 -0) (0.00030065 -3.64868e-05 -0) (0.000256559 -6.64287e-05 -0));
    }
    output3
    {
        type            extrapolatedCalculated;
        value           nonuniform List<vector> 10((-0 -6.38843e-05 -0) (-0 -6.18916e-07 -0) (-0 -1.02515e-06 -0) (-0 -7.38266e-07 -0) (-0 -5.71524e-07 -0) (-0 -4.42357e-07 -0) (-0 -3.30668e-07 -0) (-0 -2.29549e-07 -0) (-0 -1.3518e-07 -0) (-0 -4.46438e-08 -0));
    }
    up
    {
        type            extrapolatedCalculated;
        value           nonuniform List<vector> 
30
(
(8.74301e-05 -0 -0)
(8.13241e-05 -0 -0)
(7.1742e-05 -0 -0)
(6.46881e-05 -0 -0)
(5.04072e-05 -0 -0)
(3.98004e-05 -0 -0)
(1.53364e-05 -0 -0)
(1.13058e-07 -0 -0)
(3.91453e-07 -0 -0)
(4.93841e-07 -0 -0)
(5.37167e-07 -0 -0)
(5.58588e-07 -0 -0)
(5.73433e-07 -0 -0)
(5.85689e-07 -0 -0)
(5.9558e-07 -0 -0)
(6.02503e-07 -0 -0)
(6.06021e-07 -0 -0)
(6.06086e-07 -0 -0)
(6.02385e-07 -0 -0)
(5.93825e-07 -0 -0)
(5.78732e-07 -0 -0)
(5.5551e-07 -0 -0)
(5.23059e-07 -0 -0)
(4.80791e-07 -0 -0)
(4.28542e-07 -0 -0)
(3.66574e-07 -0 -0)
(2.95646e-07 -0 -0)
(2.17075e-07 -0 -0)
(1.32683e-07 -0 -0)
(4.46438e-08 -0 -0)
)
;
    }
    down
    {
        type            extrapolatedCalculated;
        value           nonuniform List<vector> 
30
(
(1.68173e-06 -0 -0)
(6.96811e-07 -0 -0)
(8.32523e-07 -0 -0)
(2.70403e-07 -0 -0)
(4.50196e-07 -0 -0)
(4.45846e-07 -0 -0)
(4.36142e-07 -0 -0)
(4.32219e-07 -0 -0)
(4.30862e-07 -0 -0)
(4.30872e-07 -0 -0)
(4.31614e-07 -0 -0)
(4.32627e-07 -0 -0)
(4.33502e-07 -0 -0)
(4.33849e-07 -0 -0)
(4.33285e-07 -0 -0)
(4.31417e-07 -0 -0)
(4.2784e-07 -0 -0)
(4.22122e-07 -0 -0)
(4.13809e-07 -0 -0)
(4.02413e-07 -0 -0)
(3.87416e-07 -0 -0)
(3.68281e-07 -0 -0)
(3.44474e-07 -0 -0)
(3.15497e-07 -0 -0)
(2.80952e-07 -0 -0)
(2.40629e-07 -0 -0)
(1.9461e-07 -0 -0)
(1.43379e-07 -0 -0)
(8.79015e-08 -0 -0)
(2.96265e-08 -0 -0)
)
;
    }
    emptyWalls
    {
        type            empty;
    }
}


// ************************************************************************* //
