/*--------------------------------*- C++ -*----------------------------------*\
  =========                 |
  \\      /  F ield         | OpenFOAM: The Open Source CFD Toolbox
   \\    /   O peration     | Website:  https://openfoam.org
    \\  /    A nd           | Version:  9
     \\/     M anipulation  |
\*---------------------------------------------------------------------------*/
FoamFile
{
    format      ascii;
    class       volScalarField;
    location    "8000";
    object      alpha;
}
// * * * * * * * * * * * * * * * * * * * * * * * * * * * * * * * * * * * * * //

dimensions      [0 2 -1 0 0 0 0];

internalField   nonuniform List<scalar> 
900
(
-2.84477e-10
-1.7577e-11
-6.20257e-12
-9.60034e-14
-4.06299e-14
-4.0652e-14
-4.0652e-14
-4.0652e-14
-4.0652e-14
-4.0652e-14
-4.0652e-14
-4.0652e-14
-4.0652e-14
-4.0652e-14
-4.0652e-14
-4.0652e-14
-4.0652e-14
-4.0652e-14
-4.0652e-14
-4.0652e-14
-4.0652e-14
-4.0652e-14
-4.0652e-14
-4.0652e-14
-4.0652e-14
-4.0652e-14
-4.0652e-14
-4.0652e-14
-4.0652e-14
-4.0652e-14
-3.5861e-11
-9.18737e-12
-8.13093e-12
-3.39887e-14
-4.06497e-14
-4.0652e-14
-4.0652e-14
-4.0652e-14
-4.0652e-14
-4.0652e-14
-4.0652e-14
-4.0652e-14
-4.0652e-14
-4.0652e-14
-4.0652e-14
-4.0652e-14
-4.0652e-14
-4.0652e-14
-4.0652e-14
-4.0652e-14
-4.0652e-14
-4.0652e-14
-4.0652e-14
-4.0652e-14
-4.0652e-14
-4.0652e-14
-4.0652e-14
-4.0652e-14
-4.0652e-14
-4.0652e-14
-6.95832e-11
-1.84147e-11
-9.5951e-12
-2.68291e-14
-4.06515e-14
-4.0652e-14
-4.0652e-14
-4.0652e-14
-4.0652e-14
-4.0652e-14
-4.0652e-14
-4.0652e-14
-4.0652e-14
-4.0652e-14
-4.0652e-14
-4.0652e-14
-4.0652e-14
-4.0652e-14
-4.0652e-14
-4.0652e-14
-4.0652e-14
-4.0652e-14
-4.0652e-14
-4.0652e-14
-4.0652e-14
-4.0652e-14
-4.0652e-14
-4.0652e-14
-4.0652e-14
-4.0652e-14
-7.67495e-11
-1.90884e-11
-7.53e-12
-2.79414e-14
-4.0652e-14
-4.0652e-14
-4.0652e-14
-4.0652e-14
-4.0652e-14
-4.0652e-14
-4.0652e-14
-4.0652e-14
-4.0652e-14
-4.0652e-14
-4.0652e-14
-4.0652e-14
-4.0652e-14
-4.0652e-14
-4.0652e-14
-4.0652e-14
-4.0652e-14
-4.0652e-14
-4.0652e-14
-4.0652e-14
-4.0652e-14
-4.0652e-14
-4.0652e-14
-4.0652e-14
-4.0652e-14
-4.0652e-14
-1.06181e-10
-2.01357e-11
-9.80798e-12
-3.35474e-14
-4.0652e-14
-4.0652e-14
-4.0652e-14
-4.0652e-14
-4.0652e-14
-4.0652e-14
-4.0652e-14
-4.0652e-14
-4.0652e-14
-4.0652e-14
-4.0652e-14
-4.0652e-14
-4.0652e-14
-4.0652e-14
-4.0652e-14
-4.0652e-14
-4.0652e-14
-4.0652e-14
-4.0652e-14
-4.0652e-14
-4.0652e-14
-4.0652e-14
-4.0652e-14
-4.0652e-14
-4.0652e-14
-4.0652e-14
-1.17348e-10
-1.43868e-11
-2.81781e-12
-3.97819e-14
-4.0652e-14
-4.0652e-14
-4.0652e-14
-4.0652e-14
-4.0652e-14
-4.0652e-14
-4.0652e-14
-4.0652e-14
-4.0652e-14
-4.0652e-14
-4.0652e-14
-4.0652e-14
-4.0652e-14
-4.0652e-14
-4.0652e-14
-4.0652e-14
-4.0652e-14
-4.0652e-14
-4.0652e-14
-4.0652e-14
-4.0652e-14
-4.0652e-14
-4.0652e-14
-4.0652e-14
-4.0652e-14
-4.0652e-14
-1.21681e-10
-1.16463e-11
-8.2054e-14
-4.06256e-14
-4.0652e-14
-4.0652e-14
-4.0652e-14
-4.0652e-14
-4.0652e-14
-4.0652e-14
-4.0652e-14
-4.0652e-14
-4.0652e-14
-4.0652e-14
-4.0652e-14
-4.0652e-14
-4.0652e-14
-4.0652e-14
-4.0652e-14
-4.0652e-14
-4.0652e-14
-4.0652e-14
-4.0652e-14
-4.0652e-14
-4.0652e-14
-4.0652e-14
-4.0652e-14
-4.0652e-14
-4.0652e-14
-4.0652e-14
-1.28475e-10
-1.12751e-11
-3.31477e-14
-4.06492e-14
-4.0652e-14
-4.0652e-14
-4.0652e-14
-4.0652e-14
-4.0652e-14
-4.0652e-14
-4.0652e-14
-4.0652e-14
-4.0652e-14
-4.0652e-14
-4.0652e-14
-4.0652e-14
-4.0652e-14
-4.0652e-14
-4.0652e-14
-4.0652e-14
-4.0652e-14
-4.0652e-14
-4.0652e-14
-4.0652e-14
-4.0652e-14
-4.0652e-14
-4.0652e-14
-4.0652e-14
-4.0652e-14
-4.0652e-14
-1.2807e-10
-1.25063e-11
-2.82628e-14
-4.0652e-14
-4.0652e-14
-4.0652e-14
-4.0652e-14
-4.0652e-14
-4.0652e-14
-4.0652e-14
-4.0652e-14
-4.0652e-14
-4.0652e-14
-4.0652e-14
-4.0652e-14
-4.0652e-14
-4.0652e-14
-4.0652e-14
-4.0652e-14
-4.0652e-14
-4.0652e-14
-4.0652e-14
-4.0652e-14
-4.0652e-14
-4.0652e-14
-4.0652e-14
-4.0652e-14
-4.0652e-14
-4.0652e-14
-4.0652e-14
-1.5202e-10
-1.29775e-11
-3.30888e-14
-4.0652e-14
-4.0652e-14
-4.0652e-14
-4.0652e-14
-4.0652e-14
-4.0652e-14
-4.0652e-14
-4.0652e-14
-4.0652e-14
-4.0652e-14
-4.0652e-14
-4.0652e-14
-4.0652e-14
-4.0652e-14
-4.0652e-14
-4.0652e-14
-4.0652e-14
-4.0652e-14
-4.0652e-14
-4.0652e-14
-4.0652e-14
-4.0652e-14
-4.0652e-14
-4.0652e-14
-4.0652e-14
-4.0652e-14
-4.0652e-14
-1.72405e-10
-1.79947e-11
-8.56377e-14
-4.06483e-14
-4.0652e-14
-4.0652e-14
-4.0652e-14
-4.0652e-14
-4.0652e-14
-4.0652e-14
-4.0652e-14
-4.0652e-14
-4.0652e-14
-4.0652e-14
-4.0652e-14
-4.0652e-14
-4.0652e-14
-4.0652e-14
-4.0652e-14
-4.0652e-14
-4.0652e-14
-4.0652e-14
-4.0652e-14
-4.0652e-14
-4.0652e-14
-4.0652e-14
-4.0652e-14
-4.0652e-14
-4.0652e-14
-4.0652e-14
-2.07753e-10
-1.69927e-11
-4.36657e-12
-5.43157e-14
-4.06244e-14
-4.0652e-14
-4.0652e-14
-4.0652e-14
-4.0652e-14
-4.0652e-14
-4.0652e-14
-4.0652e-14
-4.0652e-14
-4.0652e-14
-4.0652e-14
-4.0652e-14
-4.0652e-14
-4.0652e-14
-4.0652e-14
-4.0652e-14
-4.0652e-14
-4.0652e-14
-4.0652e-14
-4.0652e-14
-4.0652e-14
-4.0652e-14
-4.0652e-14
-4.0652e-14
-4.0652e-14
-4.0652e-14
-3.00465e-10
-4.11346e-11
-1.12821e-11
-6.45565e-12
-7.75029e-13
-4.04998e-14
-4.0652e-14
-4.0652e-14
-4.0652e-14
-4.0652e-14
-4.0652e-14
-4.0652e-14
-4.0652e-14
-4.0652e-14
-4.0652e-14
-4.0652e-14
-4.0652e-14
-4.0652e-14
-4.0652e-14
-4.0652e-14
-4.0652e-14
-4.0652e-14
-4.0652e-14
-4.0652e-14
-4.0652e-14
-4.0652e-14
-4.0652e-14
-4.0652e-14
-4.0652e-14
-4.0652e-14
-5.28104e-10
-1.2981e-11
-6.24824e-12
-5.39327e-12
-5.09277e-12
-1.43413e-13
-4.06464e-14
-4.0652e-14
-4.0652e-14
-4.0652e-14
-4.0652e-14
-4.0652e-14
-4.0652e-14
-4.0652e-14
-4.0652e-14
-4.0652e-14
-4.0652e-14
-4.0652e-14
-4.0652e-14
-4.0652e-14
-4.0652e-14
-4.0652e-14
-4.0652e-14
-4.0652e-14
-4.0652e-14
-4.0652e-14
-4.0652e-14
-4.0652e-14
-4.0652e-14
-4.0652e-14
-1.0925e-09
-2.25613e-10
-5.72424e-11
-1.41345e-11
-6.54651e-12
-4.0301e-12
-2.64706e-14
-4.06518e-14
-4.06517e-14
-4.06517e-14
-4.0652e-14
-4.0652e-14
-4.0652e-14
-4.0652e-14
-4.0652e-14
-4.0652e-14
-4.0652e-14
-4.0652e-14
-4.0652e-14
-4.0652e-14
-4.0652e-14
-4.0652e-14
-4.0652e-14
-4.0652e-14
-4.0652e-14
-4.0652e-14
-4.0652e-14
-4.0652e-14
-4.0652e-14
-4.0652e-14
-3.78721e-10
-1.68532e-10
-7.88722e-11
-4.11829e-11
-2.33221e-11
-1.53613e-11
-1.06075e-11
-8.36829e-12
-1.05478e-11
-1.3054e-12
-3.56599e-14
-3.26029e-14
-2.94722e-14
-2.74651e-14
-2.65658e-14
-2.64975e-14
-2.6661e-14
-2.66462e-14
-2.65317e-14
-2.66589e-14
-2.66894e-14
-2.80865e-14
-2.942e-14
-4.00051e-14
-5.50694e-14
-1.70723e-13
-4.32933e-13
-3.7447e-13
-1.24708e-13
-2.68657e-14
-3.20295e-11
-2.7334e-11
-2.7453e-11
-2.29689e-11
-2.01577e-11
-1.62045e-11
-1.59161e-11
-1.25546e-11
-1.17487e-11
-7.50554e-12
-5.98697e-12
-6.04884e-12
-6.3529e-12
-6.60977e-12
-6.81963e-12
-6.99832e-12
-7.14965e-12
-7.27984e-12
-7.39817e-12
-7.51548e-12
-7.63658e-12
-7.75521e-12
-7.85625e-12
-7.93117e-12
-8.00027e-12
-8.11092e-12
-8.19355e-12
-8.18245e-12
-8.28602e-12
-8.38619e-12
-2.06961e-11
-1.71716e-11
-1.59418e-11
-1.48652e-11
-1.49034e-11
-1.39359e-11
-1.38219e-11
-1.24211e-11
-1.14726e-11
-1.10091e-11
-1.04783e-11
-1.0423e-11
-1.07434e-11
-1.11558e-11
-1.15389e-11
-1.18726e-11
-1.21312e-11
-1.23186e-11
-1.24422e-11
-1.25405e-11
-1.2646e-11
-1.27792e-11
-1.28941e-11
-1.29635e-11
-1.29303e-11
-1.27806e-11
-1.24971e-11
-1.23492e-11
-1.23411e-11
-1.26481e-11
-1.56724e-11
-1.55168e-11
-1.60076e-11
-1.64527e-11
-1.65344e-11
-1.62306e-11
-1.56638e-11
-1.50143e-11
-1.44594e-11
-1.45935e-11
-1.47571e-11
-1.48517e-11
-1.50706e-11
-1.53595e-11
-1.55772e-11
-1.57367e-11
-1.57774e-11
-1.57275e-11
-1.55436e-11
-1.53002e-11
-1.5067e-11
-1.49259e-11
-1.48282e-11
-1.46783e-11
-1.43966e-11
-1.41422e-11
-1.36736e-11
-1.31107e-11
-1.20361e-11
-1.13286e-11
-1.57128e-11
-1.79743e-11
-1.99196e-11
-2.09007e-11
-2.09685e-11
-2.06126e-11
-2.00292e-11
-1.95038e-11
-1.92232e-11
-1.91642e-11
-1.9086e-11
-1.87755e-11
-1.83783e-11
-1.79363e-11
-1.73957e-11
-1.68832e-11
-1.63154e-11
-1.58375e-11
-1.52055e-11
-1.45498e-11
-1.38754e-11
-1.32971e-11
-1.29114e-11
-1.24764e-11
-1.20171e-11
-1.19018e-11
-1.1417e-11
-1.12826e-11
-9.25637e-12
-7.75643e-12
-2.23718e-11
-2.62356e-11
-2.58017e-11
-2.44924e-11
-2.30205e-11
-2.19749e-11
-2.10073e-11
-2.03494e-11
-1.98791e-11
-1.94071e-11
-1.89753e-11
-1.82308e-11
-1.74441e-11
-1.64083e-11
-1.53549e-11
-1.4342e-11
-1.33236e-11
-1.27095e-11
-1.18875e-11
-1.12411e-11
-1.04274e-11
-9.60827e-12
-8.98596e-12
-8.32055e-12
-8.0714e-12
-7.91407e-12
-7.91762e-12
-7.75103e-12
-8.89686e-12
-1.30067e-11
-1.83541e-11
-1.74366e-11
-1.73923e-11
-1.7654e-11
-1.76978e-11
-1.80204e-11
-1.79745e-11
-1.82141e-11
-1.8081e-11
-1.79406e-11
-1.76142e-11
-1.68407e-11
-1.59779e-11
-1.44145e-11
-1.30845e-11
-1.158e-11
-1.01516e-11
-9.27118e-12
-8.3944e-12
-8.13812e-12
-7.3859e-12
-6.79828e-12
-4.85224e-12
-4.34709e-12
-4.32328e-12
-4.33284e-12
-4.42425e-12
-4.43242e-12
-4.78942e-12
-2.13138e-12
-1.90589e-11
-1.94113e-11
-2.02184e-11
-2.08554e-11
-2.0976e-11
-2.09912e-11
-2.04367e-11
-2.02246e-11
-1.92338e-11
-1.86621e-11
-1.74217e-11
-1.60014e-11
-1.43384e-11
-1.19087e-11
-1.02343e-11
-8.21313e-12
-6.89246e-12
-4.80642e-12
-4.37235e-12
-4.49885e-12
-4.16476e-12
-4.96522e-12
-2.25255e-13
-4.06423e-14
-4.0652e-14
-4.0652e-14
-4.0652e-14
-4.0652e-14
-4.0652e-14
-4.0652e-14
-1.92585e-11
-1.89323e-11
-1.87623e-11
-1.86079e-11
-1.85439e-11
-1.83114e-11
-1.81311e-11
-1.79228e-11
-1.71476e-11
-1.67741e-11
-1.4844e-11
-1.30169e-11
-1.04521e-11
-8.12379e-12
-6.59523e-12
-4.19155e-12
-4.45752e-12
-3.16502e-14
-4.06519e-14
-4.0652e-14
-4.0652e-14
-4.0652e-14
-4.0652e-14
-4.0652e-14
-4.0652e-14
-4.0652e-14
-4.0652e-14
-4.0652e-14
-4.0652e-14
-4.0652e-14
-1.92982e-11
-1.9152e-11
-1.90528e-11
-1.92032e-11
-1.93503e-11
-1.92817e-11
-1.93908e-11
-1.86997e-11
-1.8035e-11
-1.67183e-11
-1.32782e-11
-1.01861e-11
-5.99961e-12
-4.808e-12
-4.04766e-12
-3.63103e-14
-4.0652e-14
-4.0652e-14
-4.0652e-14
-4.0652e-14
-4.0652e-14
-4.0652e-14
-4.0652e-14
-4.0652e-14
-4.0652e-14
-4.0652e-14
-4.0652e-14
-4.0652e-14
-4.0652e-14
-4.0652e-14
-1.93695e-11
-1.94016e-11
-1.91922e-11
-1.93837e-11
-1.9087e-11
-1.89987e-11
-1.85588e-11
-1.73995e-11
-1.6872e-11
-1.38772e-11
-9.73598e-12
-5.72536e-12
-6.56975e-13
-4.0581e-14
-4.0652e-14
-4.0652e-14
-4.0652e-14
-4.0652e-14
-4.0652e-14
-4.0652e-14
-4.0652e-14
-4.0652e-14
-4.0652e-14
-4.0652e-14
-4.0652e-14
-4.0652e-14
-4.0652e-14
-4.0652e-14
-4.0652e-14
-4.0652e-14
-1.94368e-11
-1.95937e-11
-1.93853e-11
-1.97483e-11
-1.92446e-11
-1.95749e-11
-1.83648e-11
-1.75849e-11
-1.61023e-11
-1.09421e-11
-6.11309e-12
-3.51693e-14
-4.06519e-14
-4.0652e-14
-4.0652e-14
-4.0652e-14
-4.0652e-14
-4.0652e-14
-4.0652e-14
-4.0652e-14
-4.0652e-14
-4.0652e-14
-4.0652e-14
-4.0652e-14
-4.0652e-14
-4.0652e-14
-4.0652e-14
-4.0652e-14
-4.0652e-14
-4.0652e-14
-1.95039e-11
-1.97168e-11
-1.96209e-11
-2.00654e-11
-1.96373e-11
-2.01954e-11
-1.81768e-11
-1.7616e-11
-1.30981e-11
-6.24728e-12
-2.64661e-14
-4.0652e-14
-4.0652e-14
-4.0652e-14
-4.0652e-14
-4.0652e-14
-4.0652e-14
-4.0652e-14
-4.0652e-14
-4.0652e-14
-4.0652e-14
-4.0652e-14
-4.0652e-14
-4.0652e-14
-4.0652e-14
-4.0652e-14
-4.0652e-14
-4.0652e-14
-4.0652e-14
-4.0652e-14
-1.95557e-11
-1.97832e-11
-1.98227e-11
-2.02704e-11
-2.01618e-11
-2.08748e-11
-1.90385e-11
-1.82785e-11
-9.40693e-12
-3.10217e-14
-4.0652e-14
-4.0652e-14
-4.0652e-14
-4.0652e-14
-4.0652e-14
-4.0652e-14
-4.0652e-14
-4.0652e-14
-4.0652e-14
-4.0652e-14
-4.0652e-14
-4.0652e-14
-4.0652e-14
-4.0652e-14
-4.0652e-14
-4.0652e-14
-4.0652e-14
-4.0652e-14
-4.0652e-14
-4.0652e-14
-1.96041e-11
-1.97797e-11
-1.99804e-11
-2.02941e-11
-2.06021e-11
-2.11725e-11
-2.08521e-11
-2.03537e-11
-3.67489e-12
-4.03252e-14
-4.0652e-14
-4.0652e-14
-4.0652e-14
-4.0652e-14
-4.0652e-14
-4.0652e-14
-4.0652e-14
-4.0652e-14
-4.0652e-14
-4.0652e-14
-4.0652e-14
-4.0652e-14
-4.0652e-14
-4.0652e-14
-4.0652e-14
-4.0652e-14
-4.0652e-14
-4.0652e-14
-4.0652e-14
-4.0652e-14
)
;

boundaryField
{
    inlet1
    {
        type            calculated;
        value           uniform -5e-10;
    }
    inlet2
    {
        type            calculated;
        value           nonuniform List<scalar> 10(-1.72405e-10 -2.07753e-10 -3.00465e-10 -5.28104e-10 -1.0925e-09 -3.78721e-10 -3.20295e-11 -2.06961e-11 -1.56724e-11 -1.57128e-11);
    }
    inlet3
    {
        type            calculated;
        value           uniform -1.95111e-11;
    }
    output1
    {
        type            calculated;
        value           nonuniform List<scalar> 10(-4.0652e-14 -4.0652e-14 -4.0652e-14 -4.0652e-14 -4.0652e-14 -4.0652e-14 -4.0652e-14 -4.0652e-14 -4.0652e-14 -4.0652e-14);
    }
    output2
    {
        type            calculated;
        value           nonuniform List<scalar> 10(-4.0652e-14 -4.0652e-14 -4.0652e-14 -4.0652e-14 -4.0652e-14 -2.68657e-14 -8.38619e-12 -1.26481e-11 -1.13286e-11 -7.75643e-12);
    }
    output3
    {
        type            calculated;
        value           nonuniform List<scalar> 10(-1.30067e-11 -2.13138e-12 -4.0652e-14 -4.0652e-14 -4.0652e-14 -4.0652e-14 -4.0652e-14 -4.0652e-14 -4.0652e-14 -4.0652e-14);
    }
    up
    {
        type            calculated;
        value           nonuniform List<scalar> 
30
(
-1.96041e-11
-1.97797e-11
-1.99804e-11
-2.02941e-11
-2.06021e-11
-2.11725e-11
-2.08521e-11
-2.03537e-11
-3.67489e-12
-4.03252e-14
-4.0652e-14
-4.0652e-14
-4.0652e-14
-4.0652e-14
-4.0652e-14
-4.0652e-14
-4.0652e-14
-4.0652e-14
-4.0652e-14
-4.0652e-14
-4.0652e-14
-4.0652e-14
-4.0652e-14
-4.0652e-14
-4.0652e-14
-4.0652e-14
-4.0652e-14
-4.0652e-14
-4.0652e-14
-4.0652e-14
)
;
    }
    down
    {
        type            calculated;
        value           nonuniform List<scalar> 
30
(
-2.84477e-10
-1.7577e-11
-6.20257e-12
-9.60034e-14
-4.06299e-14
-4.0652e-14
-4.0652e-14
-4.0652e-14
-4.0652e-14
-4.0652e-14
-4.0652e-14
-4.0652e-14
-4.0652e-14
-4.0652e-14
-4.0652e-14
-4.0652e-14
-4.0652e-14
-4.0652e-14
-4.0652e-14
-4.0652e-14
-4.0652e-14
-4.0652e-14
-4.0652e-14
-4.0652e-14
-4.0652e-14
-4.0652e-14
-4.0652e-14
-4.0652e-14
-4.0652e-14
-4.0652e-14
)
;
    }
    emptyWalls
    {
        type            empty;
    }
}


// ************************************************************************* //
