/*--------------------------------*- C++ -*----------------------------------*\
  =========                 |
  \\      /  F ield         | OpenFOAM: The Open Source CFD Toolbox
   \\    /   O peration     | Website:  https://openfoam.org
    \\  /    A nd           | Version:  9
     \\/     M anipulation  |
\*---------------------------------------------------------------------------*/
FoamFile
{
    format      ascii;
    class       volScalarField;
    location    "8000";
    object      fw;
}
// * * * * * * * * * * * * * * * * * * * * * * * * * * * * * * * * * * * * * //

dimensions      [0 0 0 0 0 0 0];

internalField   nonuniform List<scalar> 
900
(
0.999945
0.897843
0.622017
0.00553011
4.90019e-09
4.7991e-09
4.7991e-09
4.7991e-09
4.7991e-09
4.7991e-09
4.7991e-09
4.7991e-09
4.7991e-09
4.7991e-09
4.7991e-09
4.7991e-09
4.7991e-09
4.7991e-09
4.7991e-09
4.7991e-09
4.7991e-09
4.7991e-09
4.7991e-09
4.7991e-09
4.7991e-09
4.7991e-09
4.7991e-09
4.7991e-09
4.7991e-09
4.7991e-09
0.970107
0.751271
0.713779
0.000755535
4.80989e-09
4.7991e-09
4.7991e-09
4.7991e-09
4.7991e-09
4.7991e-09
4.7991e-09
4.7991e-09
4.7991e-09
4.7991e-09
4.7991e-09
4.7991e-09
4.7991e-09
4.7991e-09
4.7991e-09
4.7991e-09
4.7991e-09
4.7991e-09
4.7991e-09
4.7991e-09
4.7991e-09
4.7991e-09
4.7991e-09
4.7991e-09
4.7991e-09
4.7991e-09
0.992562
0.90499
0.763896
0.000183141
4.80174e-09
4.7991e-09
4.7991e-09
4.7991e-09
4.7991e-09
4.7991e-09
4.7991e-09
4.7991e-09
4.7991e-09
4.7991e-09
4.7991e-09
4.7991e-09
4.7991e-09
4.7991e-09
4.7991e-09
4.7991e-09
4.7991e-09
4.7991e-09
4.7991e-09
4.7991e-09
4.7991e-09
4.7991e-09
4.7991e-09
4.7991e-09
4.7991e-09
4.7991e-09
0.994101
0.910229
0.68884
2.23901e-05
4.79939e-09
4.7991e-09
4.7991e-09
4.7991e-09
4.7991e-09
4.7991e-09
4.7991e-09
4.7991e-09
4.7991e-09
4.7991e-09
4.7991e-09
4.7991e-09
4.7991e-09
4.7991e-09
4.7991e-09
4.7991e-09
4.7991e-09
4.7991e-09
4.7991e-09
4.7991e-09
4.7991e-09
4.7991e-09
4.7991e-09
4.7991e-09
4.7991e-09
4.7991e-09
0.997436
0.917587
0.770129
8.7839e-07
4.79911e-09
4.7991e-09
4.7991e-09
4.7991e-09
4.7991e-09
4.7991e-09
4.7991e-09
4.7991e-09
4.7991e-09
4.7991e-09
4.7991e-09
4.7991e-09
4.7991e-09
4.7991e-09
4.7991e-09
4.7991e-09
4.7991e-09
4.7991e-09
4.7991e-09
4.7991e-09
4.7991e-09
4.7991e-09
4.7991e-09
4.7991e-09
4.7991e-09
4.7991e-09
0.998065
0.862201
0.341799
1.0561e-08
4.7991e-09
4.7991e-09
4.7991e-09
4.7991e-09
4.7991e-09
4.7991e-09
4.7991e-09
4.7991e-09
4.7991e-09
4.7991e-09
4.7991e-09
4.7991e-09
4.7991e-09
4.7991e-09
4.7991e-09
4.7991e-09
4.7991e-09
4.7991e-09
4.7991e-09
4.7991e-09
4.7991e-09
4.7991e-09
4.7991e-09
4.7991e-09
4.7991e-09
4.7991e-09
0.998258
0.815378
0.00438692
4.92006e-09
4.7991e-09
4.7991e-09
4.7991e-09
4.7991e-09
4.7991e-09
4.7991e-09
4.7991e-09
4.7991e-09
4.7991e-09
4.7991e-09
4.7991e-09
4.7991e-09
4.7991e-09
4.7991e-09
4.7991e-09
4.7991e-09
4.7991e-09
4.7991e-09
4.7991e-09
4.7991e-09
4.7991e-09
4.7991e-09
4.7991e-09
4.7991e-09
4.7991e-09
4.7991e-09
0.998519
0.807337
0.000694756
4.8118e-09
4.7991e-09
4.7991e-09
4.7991e-09
4.7991e-09
4.7991e-09
4.7991e-09
4.7991e-09
4.7991e-09
4.7991e-09
4.7991e-09
4.7991e-09
4.7991e-09
4.7991e-09
4.7991e-09
4.7991e-09
4.7991e-09
4.7991e-09
4.7991e-09
4.7991e-09
4.7991e-09
4.7991e-09
4.7991e-09
4.7991e-09
4.7991e-09
4.7991e-09
4.7991e-09
0.998504
0.832255
1.82759e-05
4.79932e-09
4.7991e-09
4.7991e-09
4.7991e-09
4.7991e-09
4.7991e-09
4.7991e-09
4.7991e-09
4.7991e-09
4.7991e-09
4.7991e-09
4.7991e-09
4.7991e-09
4.7991e-09
4.7991e-09
4.7991e-09
4.7991e-09
4.7991e-09
4.7991e-09
4.7991e-09
4.7991e-09
4.7991e-09
4.7991e-09
4.7991e-09
4.7991e-09
4.7991e-09
4.7991e-09
0.999131
0.840576
1.15261e-06
4.79911e-09
4.7991e-09
4.7991e-09
4.7991e-09
4.7991e-09
4.7991e-09
4.7991e-09
4.7991e-09
4.7991e-09
4.7991e-09
4.7991e-09
4.7991e-09
4.7991e-09
4.7991e-09
4.7991e-09
4.7991e-09
4.7991e-09
4.7991e-09
4.7991e-09
4.7991e-09
4.7991e-09
4.7991e-09
4.7991e-09
4.7991e-09
4.7991e-09
4.7991e-09
4.79911e-09
0.999439
0.901499
0.00467706
4.81597e-09
4.7991e-09
4.7991e-09
4.7991e-09
4.7991e-09
4.7991e-09
4.7991e-09
4.7991e-09
4.7991e-09
4.7991e-09
4.7991e-09
4.7991e-09
4.7991e-09
4.7991e-09
4.7991e-09
4.7991e-09
4.7991e-09
4.7991e-09
4.7991e-09
4.7991e-09
4.7991e-09
4.7991e-09
4.7991e-09
4.7991e-09
4.7991e-09
4.79909e-09
4.79909e-09
0.99973
0.892393
0.493843
0.00223229
4.92552e-09
4.7991e-09
4.7991e-09
4.7991e-09
4.7991e-09
4.7991e-09
4.7991e-09
4.7991e-09
4.7991e-09
4.7991e-09
4.7991e-09
4.7991e-09
4.7991e-09
4.7991e-09
4.7991e-09
4.7991e-09
4.7991e-09
4.7991e-09
4.7991e-09
4.7991e-09
4.7991e-09
4.7991e-09
4.7991e-09
4.7991e-09
4.7991e-09
4.7991e-09
0.999961
0.977092
0.807493
0.636175
0.0822205
5.53421e-09
4.7991e-09
4.7991e-09
4.7991e-09
4.7991e-09
4.7991e-09
4.7991e-09
4.7991e-09
4.7991e-09
4.7991e-09
4.7991e-09
4.7991e-09
4.7991e-09
4.7991e-09
4.7991e-09
4.7991e-09
4.7991e-09
4.7991e-09
4.7991e-09
4.7991e-09
4.7991e-09
4.7991e-09
4.7991e-09
4.7991e-09
4.7991e-09
1
0.840636
0.624627
0.571467
0.550432
0.00966338
4.82486e-09
4.7991e-09
4.7991e-09
4.7991e-09
4.7991e-09
4.7991e-09
4.7991e-09
4.7991e-09
4.7991e-09
4.7991e-09
4.7991e-09
4.7991e-09
4.7991e-09
4.7991e-09
4.7991e-09
4.7991e-09
4.7991e-09
4.7991e-09
4.7991e-09
4.7991e-09
4.7991e-09
4.7991e-09
4.7991e-09
4.7991e-09
1.00005
0.999812
0.98846
0.858653
0.641082
0.464619
0.000115192
4.80027e-09
4.80052e-09
4.8007e-09
4.7991e-09
4.7991e-09
4.79911e-09
4.79913e-09
4.79918e-09
4.79924e-09
4.79927e-09
4.79925e-09
4.7992e-09
4.7992e-09
4.79917e-09
4.79917e-09
4.7991e-09
4.7991e-09
4.7991e-09
4.7991e-09
4.7991e-09
4.7991e-09
4.7991e-09
4.7991e-09
0.999995
0.999391
0.994478
0.977145
0.935332
0.87477
0.79156
0.722862
0.790061
0.152212
2.34218e-07
1.53017e-06
8.97312e-06
3.09547e-05
7.35761e-05
0.000125962
0.000159449
0.000157063
0.000135151
0.000159115
0.000163837
0.000308261
0.00041709
0.0011869
0.00228858
0.0121924
0.0401213
0.033448
0.00799057
5.0703e-05
0.96306
0.950827
0.951203
0.933649
0.917731
0.884356
0.881199
0.833136
0.817512
0.687762
0.609364
0.613052
0.630515
0.644445
0.655301
0.664189
0.671472
0.677564
0.682967
0.6882
0.693478
0.698528
0.702739
0.705808
0.7086
0.712994
0.716215
0.715785
0.71976
0.723531
0.921174
0.894105
0.881486
0.868587
0.869079
0.855767
0.854072
0.830684
0.811676
0.80126
0.788295
0.786875
0.794918
0.804645
0.813101
0.820047
0.825178
0.828766
0.831075
0.83288
0.834786
0.837148
0.839147
0.840338
0.83977
0.837172
0.832086
0.829341
0.82919
0.834823
0.878435
0.876622
0.882214
0.886978
0.887821
0.884636
0.878335
0.87049
0.863198
0.865014
0.867183
0.868413
0.871199
0.874747
0.877329
0.879174
0.879637
0.879068
0.876937
0.874031
0.871154
0.869367
0.868108
0.866144
0.862337
0.858764
0.851823
0.842822
0.823316
0.808526
0.8789
0.901325
0.916141
0.922428
0.922837
0.920653
0.916879
0.913255
0.911227
0.910792
0.910211
0.907849
0.904695
0.901
0.896195
0.891326
0.885539
0.880318
0.872873
0.864427
0.854871
0.845888
0.839445
0.831706
0.822941
0.820637
0.810469
0.807503
0.753474
0.69858
0.93066
0.947158
0.945601
0.940493
0.933899
0.928567
0.92307
0.918981
0.915866
0.912564
0.909379
0.903484
0.896639
0.886515
0.874692
0.861581
0.846316
0.835918
0.820348
0.806575
0.78699
0.764289
0.74468
0.721068
0.711435
0.705112
0.705256
0.698352
0.741686
0.841072
0.904498
0.89657
0.896164
0.898532
0.89892
0.901718
0.901327
0.903346
0.902231
0.901037
0.898176
0.890907
0.881887
0.862583
0.842384
0.813977
0.779707
0.753943
0.723836
0.71406
0.682413
0.654217
0.532623
0.492205
0.490195
0.491004
0.498655
0.499332
0.527823
0.259873
0.910008
0.912594
0.91813
0.922152
0.922882
0.922973
0.919541
0.918171
0.911305
0.906964
0.896434
0.882146
0.861531
0.820777
0.781927
0.716971
0.658962
0.529129
0.494328
0.504794
0.476555
0.541099
0.0175085
4.84343e-09
4.7991e-09
4.7991e-09
4.7991e-09
4.7991e-09
4.7991e-09
4.7991e-09
0.911486
0.909053
0.907746
0.906536
0.906028
0.904148
0.902653
0.900884
0.893878
0.890247
0.868313
0.841245
0.787624
0.713499
0.643676
0.478891
0.501404
0.000585446
4.79969e-09
4.7992e-09
4.79914e-09
4.79912e-09
4.7991e-09
4.7991e-09
4.7991e-09
4.7991e-09
4.7991e-09
4.7991e-09
4.7991e-09
4.7991e-09
0.911776
0.910702
0.909963
0.91108
0.912154
0.911656
0.912447
0.907258
0.901842
0.889689
0.845581
0.780637
0.610121
0.52925
0.466194
1.51474e-07
4.79915e-09
4.79912e-09
4.7991e-09
4.7991e-09
4.7991e-09
4.7991e-09
4.7991e-09
4.7991e-09
4.7991e-09
4.7991e-09
4.7991e-09
4.7991e-09
4.7991e-09
4.7991e-09
0.912293
0.912524
0.910999
0.912396
0.910219
0.909556
0.906147
0.89623
0.891215
0.854897
0.768047
0.593237
0.067232
5.13042e-09
4.7992e-09
4.7991e-09
4.7991e-09
4.7991e-09
4.7991e-09
4.7991e-09
4.7991e-09
4.7991e-09
4.7991e-09
4.7991e-09
4.7991e-09
4.7991e-09
4.7991e-09
4.7991e-09
4.7991e-09
4.7991e-09
0.912777
0.913891
0.912408
0.914969
0.911384
0.913759
0.904585
0.897914
0.883252
0.799687
0.616834
0.00084044
4.79973e-09
4.7991e-09
4.7991e-09
4.7991e-09
4.7991e-09
4.7991e-09
4.7991e-09
4.7991e-09
4.7991e-09
4.7991e-09
4.7991e-09
4.7991e-09
4.7991e-09
4.7991e-09
4.7991e-09
4.7991e-09
4.7991e-09
4.7991e-09
0.913256
0.914751
0.914082
0.91712
0.914197
0.91798
0.903035
0.898192
0.84261
0.624572
0.000112303
4.79921e-09
4.7991e-09
4.7991e-09
4.7991e-09
4.7991e-09
4.7991e-09
4.7991e-09
4.7991e-09
4.7991e-09
4.7991e-09
4.7991e-09
4.7991e-09
4.7991e-09
4.7991e-09
4.7991e-09
4.7991e-09
4.7991e-09
4.7991e-09
4.7991e-09
0.913623
0.91521
0.915481
0.91847
0.917758
0.922271
0.909855
0.903878
0.758185
0.000538916
4.79942e-09
4.7991e-09
4.7991e-09
4.7991e-09
4.7991e-09
4.7991e-09
4.7991e-09
4.7991e-09
4.7991e-09
4.7991e-09
4.7991e-09
4.7991e-09
4.7991e-09
4.7991e-09
4.7991e-09
4.7991e-09
4.7991e-09
4.7991e-09
4.7991e-09
4.7991e-09
0.913964
0.915186
0.916551
0.918624
0.920588
0.92405
0.922133
0.919009
0.431539
6.50135e-09
4.7991e-09
4.7991e-09
4.7991e-09
4.7991e-09
4.7991e-09
4.7991e-09
4.7991e-09
4.7991e-09
4.7991e-09
4.7991e-09
4.7991e-09
4.7991e-09
4.7991e-09
4.7991e-09
4.7991e-09
4.7991e-09
4.7991e-09
4.7991e-09
4.7991e-09
4.7991e-09
)
;

boundaryField
{
    inlet1
    {
        type            calculated;
        value           uniform 1;
    }
    inlet2
    {
        type            calculated;
        value           nonuniform List<scalar> 10(0.999439 0.99973 0.999961 1 1.00005 0.999995 0.96306 0.921174 0.878435 0.8789);
    }
    inlet3
    {
        type            calculated;
        value           uniform 0.913307;
    }
    output1
    {
        type            calculated;
        value           nonuniform List<scalar> 10(4.7991e-09 4.7991e-09 4.7991e-09 4.7991e-09 4.7991e-09 4.7991e-09 4.7991e-09 4.7991e-09 4.7991e-09 4.79911e-09);
    }
    output2
    {
        type            calculated;
        value           nonuniform List<scalar> 10(4.79909e-09 4.7991e-09 4.7991e-09 4.7991e-09 4.7991e-09 5.0703e-05 0.723531 0.834823 0.808526 0.69858);
    }
    output3
    {
        type            calculated;
        value           nonuniform List<scalar> 10(0.841072 0.259873 4.7991e-09 4.7991e-09 4.7991e-09 4.7991e-09 4.7991e-09 4.7991e-09 4.7991e-09 4.7991e-09);
    }
    up
    {
        type            calculated;
        value           nonuniform List<scalar> 
30
(
0.913964
0.915186
0.916551
0.918624
0.920588
0.92405
0.922133
0.919009
0.431539
6.50135e-09
4.7991e-09
4.7991e-09
4.7991e-09
4.7991e-09
4.7991e-09
4.7991e-09
4.7991e-09
4.7991e-09
4.7991e-09
4.7991e-09
4.7991e-09
4.7991e-09
4.7991e-09
4.7991e-09
4.7991e-09
4.7991e-09
4.7991e-09
4.7991e-09
4.7991e-09
4.7991e-09
)
;
    }
    down
    {
        type            calculated;
        value           nonuniform List<scalar> 
30
(
0.999945
0.897843
0.622017
0.00553011
4.90019e-09
4.7991e-09
4.7991e-09
4.7991e-09
4.7991e-09
4.7991e-09
4.7991e-09
4.7991e-09
4.7991e-09
4.7991e-09
4.7991e-09
4.7991e-09
4.7991e-09
4.7991e-09
4.7991e-09
4.7991e-09
4.7991e-09
4.7991e-09
4.7991e-09
4.7991e-09
4.7991e-09
4.7991e-09
4.7991e-09
4.7991e-09
4.7991e-09
4.7991e-09
)
;
    }
    emptyWalls
    {
        type            empty;
    }
}


// ************************************************************************* //
