/*--------------------------------*- C++ -*----------------------------------*\
  =========                 |
  \\      /  F ield         | OpenFOAM: The Open Source CFD Toolbox
   \\    /   O peration     | Website:  https://openfoam.org
    \\  /    A nd           | Version:  9
     \\/     M anipulation  |
\*---------------------------------------------------------------------------*/
FoamFile
{
    format      ascii;
    class       volScalarField;
    location    "8000";
    object      p;
}
// * * * * * * * * * * * * * * * * * * * * * * * * * * * * * * * * * * * * * //

dimensions      [0 0 0 0 0 0 0];

internalField   nonuniform List<scalar> 
900
(
3.18508e+07
3.18487e+07
3.18373e+07
3.18229e+07
3.11668e+07
3.02316e+07
2.93578e+07
2.85083e+07
2.76682e+07
2.68303e+07
2.59911e+07
2.51489e+07
2.43032e+07
2.34546e+07
2.26046e+07
2.17554e+07
2.09103e+07
2.00729e+07
1.92482e+07
1.84419e+07
1.76605e+07
1.6912e+07
1.6205e+07
1.55496e+07
1.49564e+07
1.44371e+07
1.40031e+07
1.36658e+07
1.34347e+07
1.33172e+07
3.18464e+07
3.18358e+07
3.18246e+07
3.18171e+07
3.09991e+07
3.01705e+07
2.93335e+07
2.8499e+07
2.76659e+07
2.68316e+07
2.59942e+07
2.51524e+07
2.43061e+07
2.3456e+07
2.26037e+07
2.17515e+07
2.09024e+07
2.00603e+07
1.92299e+07
1.84168e+07
1.76278e+07
1.68704e+07
1.61535e+07
1.54873e+07
1.48827e+07
1.43516e+07
1.39066e+07
1.35595e+07
1.33212e+07
1.31998e+07
3.18189e+07
3.18129e+07
3.1807e+07
3.18007e+07
3.09092e+07
3.01178e+07
2.93067e+07
2.84881e+07
2.76648e+07
2.68362e+07
2.60015e+07
2.51603e+07
2.43127e+07
2.34597e+07
2.26028e+07
2.17444e+07
2.08875e+07
2.00359e+07
1.91942e+07
1.83678e+07
1.75633e+07
1.67882e+07
1.60515e+07
1.53633e+07
1.47353e+07
1.41803e+07
1.3712e+07
1.33445e+07
1.30907e+07
1.29609e+07
3.17891e+07
3.17861e+07
3.17826e+07
3.17744e+07
3.08707e+07
3.00848e+07
2.92875e+07
2.84821e+07
2.76688e+07
2.68468e+07
2.60155e+07
2.51747e+07
2.43249e+07
2.34672e+07
2.26034e+07
2.17359e+07
2.08674e+07
2.00017e+07
1.91432e+07
1.8297e+07
1.74693e+07
1.66677e+07
1.59009e+07
1.51792e+07
1.45149e+07
1.39221e+07
1.34167e+07
1.30157e+07
1.27361e+07
1.25922e+07
3.17558e+07
3.17559e+07
3.17567e+07
3.17497e+07
3.08557e+07
3.00632e+07
2.92762e+07
2.8484e+07
2.76817e+07
2.68669e+07
2.60389e+07
2.5198e+07
2.43448e+07
2.34808e+07
2.26079e+07
2.17282e+07
2.08446e+07
1.99604e+07
1.90798e+07
1.82075e+07
1.73494e+07
1.65124e+07
1.57051e+07
1.49378e+07
1.42231e+07
1.35765e+07
1.30168e+07
1.25656e+07
1.2246e+07
1.20795e+07
3.17196e+07
3.1721e+07
3.17286e+07
3.16955e+07
3.08173e+07
3.00362e+07
2.92701e+07
2.84961e+07
2.77069e+07
2.69001e+07
2.60754e+07
2.52335e+07
2.43756e+07
2.35035e+07
2.2619e+07
2.17244e+07
2.08222e+07
1.99156e+07
1.90081e+07
1.81039e+07
1.72083e+07
1.63275e+07
1.54694e+07
1.46437e+07
1.38631e+07
1.31442e+07
1.25085e+07
1.19837e+07
1.16029e+07
1.14004e+07
3.16765e+07
3.1677e+07
3.16839e+07
3.13483e+07
3.06911e+07
2.99944e+07
2.92717e+07
2.85235e+07
2.77497e+07
2.69511e+07
2.6129e+07
2.52849e+07
2.44208e+07
2.35385e+07
2.26402e+07
2.17281e+07
2.08044e+07
1.98717e+07
1.8933e+07
1.79918e+07
1.70524e+07
1.612e+07
1.52011e+07
1.43044e+07
1.34415e+07
1.26286e+07
1.18893e+07
1.12578e+07
1.07815e+07
1.05186e+07
3.16272e+07
3.16259e+07
3.16232e+07
3.11555e+07
3.06048e+07
2.99785e+07
2.92988e+07
2.85764e+07
2.78174e+07
2.70258e+07
2.62046e+07
2.53565e+07
2.4484e+07
2.35896e+07
2.26754e+07
2.17434e+07
2.07955e+07
1.98338e+07
1.88604e+07
1.7878e+07
1.68896e+07
1.58989e+07
1.49107e+07
1.39314e+07
1.29697e+07
1.20394e+07
1.11624e+07
1.03767e+07
9.7468e+06
9.37397e+06
3.1572e+07
3.15707e+07
3.1568e+07
3.1089e+07
3.05939e+07
3.0016e+07
2.93688e+07
2.8666e+07
2.79177e+07
2.713e+07
2.63071e+07
2.54523e+07
2.45692e+07
2.36604e+07
2.27283e+07
2.17746e+07
2.08005e+07
1.98075e+07
1.87969e+07
1.77701e+07
1.67289e+07
1.56753e+07
1.46116e+07
1.35407e+07
1.24668e+07
1.13968e+07
1.03443e+07
9.33975e+06
8.45498e+06
7.85648e+06
3.15149e+07
3.15133e+07
3.15107e+07
3.11114e+07
3.0666e+07
3.01228e+07
2.94942e+07
2.8801e+07
2.80573e+07
2.72696e+07
2.64413e+07
2.55767e+07
2.468e+07
2.37546e+07
2.28029e+07
2.1826e+07
2.08245e+07
1.97989e+07
1.87495e+07
1.76767e+07
1.65807e+07
1.54618e+07
1.43196e+07
1.31529e+07
1.19598e+07
1.07366e+07
9.4783e+06
8.18302e+06
6.87689e+06
5.74049e+06
3.14602e+07
3.14589e+07
3.1444e+07
3.1217e+07
3.08361e+07
3.03149e+07
2.96844e+07
2.89866e+07
2.82409e+07
2.74497e+07
2.6612e+07
2.5733e+07
2.48193e+07
2.38753e+07
2.29027e+07
2.1902e+07
2.08727e+07
1.9814e+07
1.87255e+07
1.76063e+07
1.64555e+07
1.52717e+07
1.40519e+07
1.27917e+07
1.1483e+07
1.01115e+07
8.6493e+06
7.03712e+06
5.12907e+06
2.4881e+06
3.14142e+07
3.14113e+07
3.13882e+07
3.13316e+07
3.11464e+07
3.06163e+07
2.99417e+07
2.92202e+07
2.84701e+07
2.76763e+07
2.68239e+07
2.59241e+07
2.49891e+07
2.40244e+07
2.30307e+07
2.20066e+07
2.09501e+07
1.98591e+07
1.87321e+07
1.75675e+07
1.63635e+07
1.51173e+07
1.38248e+07
1.2479e+07
1.10691e+07
9.57698e+06
7.97029e+06
6.1871e+06
4.11417e+06
1.57095e+06
3.13812e+07
3.13795e+07
3.13568e+07
3.12975e+07
3.12086e+07
3.10631e+07
3.02462e+07
2.94822e+07
2.87429e+07
2.79615e+07
2.70833e+07
2.61503e+07
2.51885e+07
2.42025e+07
2.31892e+07
2.21437e+07
2.10619e+07
1.99402e+07
1.87764e+07
1.75682e+07
1.63136e+07
1.50094e+07
1.36508e+07
1.22304e+07
1.07374e+07
9.15705e+06
7.46778e+06
5.62683e+06
3.56954e+06
1.25247e+06
3.13615e+07
3.13573e+07
3.13207e+07
3.12443e+07
3.1128e+07
3.09751e+07
3.04993e+07
2.97194e+07
2.9058e+07
2.83436e+07
2.73973e+07
2.64055e+07
2.54121e+07
2.4408e+07
2.33798e+07
2.23173e+07
2.12134e+07
2.00636e+07
1.88649e+07
1.76154e+07
1.63132e+07
1.49558e+07
1.35387e+07
1.20545e+07
1.0493e+07
8.84603e+06
7.11696e+06
5.28291e+06
3.28468e+06
1.12188e+06
3.13529e+07
3.13455e+07
3.13137e+07
3.1229e+07
3.10513e+07
3.08004e+07
3.04456e+07
2.98383e+07
2.9426e+07
2.89577e+07
2.77567e+07
2.66623e+07
2.56465e+07
2.46376e+07
2.36047e+07
2.25321e+07
2.14109e+07
2.02358e+07
1.90042e+07
1.77152e+07
1.6368e+07
1.49621e+07
1.34936e+07
1.19558e+07
1.03341e+07
8.61709e+06
6.87112e+06
5.10316e+06
3.1644e+06
1.07224e+06
3.13502e+07
3.13361e+07
3.12888e+07
3.11807e+07
3.09872e+07
3.07002e+07
3.03137e+07
2.98386e+07
2.94292e+07
2.90391e+07
2.8026e+07
2.68602e+07
2.59101e+07
2.49403e+07
2.39246e+07
2.28512e+07
2.17147e+07
2.05121e+07
1.92423e+07
1.7906e+07
1.65052e+07
1.50434e+07
1.35217e+07
1.19408e+07
1.02802e+07
8.54016e+06
6.83269e+06
5.10141e+06
3.18068e+06
1.07545e+06
3.13589e+07
3.13379e+07
3.12689e+07
3.11314e+07
3.09116e+07
3.06048e+07
3.02223e+07
2.97779e+07
2.92909e+07
2.86808e+07
2.7817e+07
2.68592e+07
2.59124e+07
2.49434e+07
2.3928e+07
2.28548e+07
2.1718e+07
2.05151e+07
1.92449e+07
1.79082e+07
1.65071e+07
1.50451e+07
1.35248e+07
1.19467e+07
1.03088e+07
8.61521e+06
6.87314e+06
5.05001e+06
3.10495e+06
1.05128e+06
3.14504e+07
3.14026e+07
3.1293e+07
3.11151e+07
3.08654e+07
3.05426e+07
3.01531e+07
2.96944e+07
2.91542e+07
2.85054e+07
2.77329e+07
2.68718e+07
2.59612e+07
2.5005e+07
2.39944e+07
2.29225e+07
2.17854e+07
2.05818e+07
1.93111e+07
1.79735e+07
1.65706e+07
1.51057e+07
1.35828e+07
1.20054e+07
1.03767e+07
8.6985e+06
6.96018e+06
5.13461e+06
3.18105e+06
1.0904e+06
3.16329e+07
3.15466e+07
3.13834e+07
3.11578e+07
3.08736e+07
3.05302e+07
3.01247e+07
2.96503e+07
2.90964e+07
2.84571e+07
2.77335e+07
2.69305e+07
2.6058e+07
2.51214e+07
2.41191e+07
2.30484e+07
2.19084e+07
2.0701e+07
1.94278e+07
1.80895e+07
1.6686e+07
1.52175e+07
1.36871e+07
1.21e+07
1.04642e+07
8.7926e+06
7.08317e+06
5.31576e+06
3.40994e+06
1.24658e+06
3.19301e+07
3.17602e+07
3.15247e+07
3.12484e+07
3.09305e+07
3.05656e+07
3.01468e+07
2.96666e+07
2.91185e+07
2.84995e+07
2.78089e+07
2.70441e+07
2.62043e+07
2.52894e+07
2.4298e+07
2.32285e+07
2.20812e+07
2.08631e+07
1.95815e+07
1.82426e+07
1.68457e+07
1.53803e+07
1.38378e+07
1.22234e+07
1.05604e+07
8.88383e+06
7.20305e+06
5.5289e+06
3.79507e+06
1.75414e+06
3.23252e+07
3.19944e+07
3.16872e+07
3.13676e+07
3.10214e+07
3.06396e+07
3.0214e+07
2.97369e+07
2.92024e+07
2.86055e+07
2.79426e+07
2.7208e+07
2.63972e+07
2.5505e+07
2.45278e+07
2.34624e+07
2.23048e+07
2.1064e+07
1.9758e+07
1.84149e+07
1.70403e+07
1.56073e+07
1.40543e+07
1.23722e+07
1.06554e+07
8.95791e+06
7.29703e+06
5.67639e+06
4.19783e+06
3.16957e+06
3.26411e+07
3.22292e+07
3.18613e+07
3.15049e+07
3.11375e+07
3.07464e+07
3.03215e+07
2.98554e+07
2.93401e+07
2.87684e+07
2.81332e+07
2.74262e+07
2.66424e+07
2.57724e+07
2.48135e+07
2.37591e+07
2.25987e+07
2.13168e+07
1.99416e+07
1.85782e+07
1.72455e+07
1.59342e+07
1.4414e+07
1.25398e+07
1.07284e+07
9.00909e+06
7.37124e+06
5.8429e+06
4.57918e+06
3.62312e+06
3.28908e+07
3.24553e+07
3.20527e+07
3.16683e+07
3.1285e+07
3.08897e+07
3.04716e+07
3.00221e+07
2.9531e+07
2.89889e+07
2.8383e+07
2.7701e+07
2.69362e+07
2.60829e+07
2.51464e+07
2.4108e+07
2.29847e+07
2.16685e+07
2.00959e+07
1.86819e+07
1.73813e+07
1.63147e+07
1.53016e+07
1.26738e+07
1.07471e+07
9.02895e+06
7.39567e+06
5.87563e+06
4.61689e+06
3.73782e+06
3.3095e+07
3.26516e+07
3.22331e+07
3.18338e+07
3.14434e+07
3.10507e+07
3.06458e+07
3.02188e+07
2.97588e+07
2.9254e+07
2.86831e+07
2.80258e+07
2.72631e+07
2.64078e+07
2.55137e+07
2.44882e+07
2.34262e+07
2.24927e+07
2.01143e+07
1.86893e+07
1.73906e+07
1.6314e+07
1.51016e+07
1.32356e+07
1.15444e+07
1.00126e+07
8.62397e+06
7.41533e+06
6.47728e+06
5.923e+06
3.32635e+07
3.28186e+07
3.23967e+07
3.19953e+07
3.1608e+07
3.12264e+07
3.0842e+07
3.04439e+07
3.00225e+07
2.9562e+07
2.90369e+07
2.84144e+07
2.76331e+07
2.67006e+07
2.5897e+07
2.51604e+07
2.34295e+07
2.20644e+07
2.04202e+07
1.89763e+07
1.76502e+07
1.64052e+07
1.51015e+07
1.36225e+07
1.21821e+07
1.08532e+07
9.67226e+06
8.68444e+06
7.95389e+06
7.55391e+06
3.34015e+07
3.2958e+07
3.25385e+07
3.21426e+07
3.17654e+07
3.14021e+07
3.1044e+07
3.06808e+07
3.03035e+07
2.98908e+07
2.94196e+07
2.88578e+07
2.81619e+07
2.68703e+07
2.58904e+07
2.47261e+07
2.33406e+07
2.19626e+07
2.05259e+07
1.91455e+07
1.78286e+07
1.6555e+07
1.52766e+07
1.39708e+07
1.27082e+07
1.15459e+07
1.05274e+07
9.69626e+06
9.09992e+06
8.78482e+06
3.35112e+07
3.30701e+07
3.26554e+07
3.22683e+07
3.19056e+07
3.15663e+07
3.12411e+07
3.09217e+07
3.05936e+07
3.0233e+07
2.98214e+07
2.93459e+07
2.81318e+07
2.68905e+07
2.57405e+07
2.45364e+07
2.3244e+07
2.19197e+07
2.05751e+07
1.92514e+07
1.79636e+07
1.67097e+07
1.54792e+07
1.42758e+07
1.31342e+07
1.20946e+07
1.11953e+07
1.04733e+07
9.96468e+06
9.70063e+06
3.35935e+07
3.31547e+07
3.27448e+07
3.23665e+07
3.20189e+07
3.17047e+07
3.14167e+07
3.11488e+07
3.08769e+07
3.05679e+07
3.01917e+07
2.90758e+07
2.79825e+07
2.68192e+07
2.56448e+07
2.44348e+07
2.31794e+07
2.18969e+07
2.06036e+07
1.93214e+07
1.80647e+07
1.68408e+07
1.56548e+07
1.4519e+07
1.34582e+07
1.25031e+07
1.16857e+07
1.10369e+07
1.05849e+07
1.03524e+07
3.36486e+07
3.32113e+07
3.28052e+07
3.24333e+07
3.20973e+07
3.18031e+07
3.15498e+07
3.13372e+07
3.11389e+07
3.09085e+07
3.00153e+07
2.89962e+07
2.79031e+07
2.67592e+07
2.55846e+07
2.43787e+07
2.3142e+07
2.18849e+07
2.06209e+07
1.93657e+07
1.81331e+07
1.69341e+07
1.57803e+07
1.46871e+07
1.36763e+07
1.2774e+07
1.20076e+07
1.14036e+07
1.09856e+07
1.07717e+07
3.36761e+07
3.32397e+07
3.28357e+07
3.24668e+07
3.21369e+07
3.18526e+07
3.16194e+07
3.14489e+07
3.13363e+07
3.13025e+07
3.01012e+07
2.89907e+07
2.78746e+07
2.67299e+07
2.55559e+07
2.43532e+07
2.3125e+07
2.18798e+07
2.06294e+07
1.93876e+07
1.81676e+07
1.69823e+07
1.58451e+07
1.47727e+07
1.3786e+07
1.2909e+07
1.21669e+07
1.15843e+07
1.11823e+07
1.0977e+07
)
;

boundaryField
{
    inlet1
    {
        type            fixedGradient;
        gradient        uniform 20000;
    }
    inlet2
    {
        type            zeroGradient;
    }
    inlet3
    {
        type            fixedGradient;
        gradient        uniform 4.68141e+06;
    }
    output1
    {
        type            zeroGradient;
    }
    output2
    {
        type            fixedValue;
        value           uniform 0;
    }
    output3
    {
        type            zeroGradient;
    }
    up
    {
        type            zeroGradient;
    }
    down
    {
        type            zeroGradient;
    }
    emptyWalls
    {
        type            empty;
    }
}


// ************************************************************************* //
