/*--------------------------------*- C++ -*----------------------------------*\
  =========                 |
  \\      /  F ield         | OpenFOAM: The Open Source CFD Toolbox
   \\    /   O peration     | Website:  https://openfoam.org
    \\  /    A nd           | Version:  9
     \\/     M anipulation  |
\*---------------------------------------------------------------------------*/
FoamFile
{
    format      ascii;
    class       surfaceScalarField;
    location    "8000";
    object      phi;
}
// * * * * * * * * * * * * * * * * * * * * * * * * * * * * * * * * * * * * * //

dimensions      [0 3 -1 0 0 0 0];

internalField   nonuniform List<scalar> 
1740
(
3.46875e-08
5.92334e-08
9.91719e-09
1.39163e-08
5.60655e-09
8.12335e-09
3.2255e-09
3.28485e-11
3.45487e-09
4.32166e-10
3.58994e-09
1.77808e-10
3.46862e-09
7.66358e-11
3.42256e-09
3.00095e-11
3.40975e-09
5.77849e-12
3.41321e-09
-7.34079e-12
3.42427e-09
-1.36915e-11
3.43735e-09
-1.5154e-11
3.44818e-09
-1.26426e-11
3.45313e-09
-6.62769e-12
3.44881e-09
2.67149e-12
3.43192e-09
1.52062e-11
3.39909e-09
3.10591e-11
3.34678e-09
5.04145e-11
3.27122e-09
7.35263e-11
3.16839e-09
1.00681e-10
3.03404e-09
1.3214e-10
2.86383e-09
1.68062e-10
2.65355e-09
2.08378e-10
2.39959e-09
2.52628e-10
2.09948e-09
2.99746e-10
1.75271e-09
3.47845e-10
1.36155e-09
3.9406e-10
9.31907e-10
4.3459e-10
4.73626e-10
4.65099e-10
4.81589e-10
1.63557e-08
1.28358e-07
8.80134e-09
3.10904e-08
4.49414e-09
1.62428e-08
2.3748e-09
4.75736e-11
3.36616e-09
3.92368e-10
3.39161e-09
2.02803e-10
3.39362e-09
9.87214e-11
3.38931e-09
3.76195e-11
3.39347e-09
4.40475e-13
3.40561e-09
-2.14542e-11
3.42225e-09
-3.22751e-11
3.43959e-09
-3.42861e-11
3.45408e-09
-2.87927e-11
3.4624e-09
-1.6544e-11
3.46139e-09
2.10148e-12
3.44786e-09
2.70881e-11
3.41857e-09
5.86104e-11
3.37002e-09
9.70675e-11
3.29849e-09
1.43007e-10
3.19991e-09
1.97056e-10
3.0699e-09
2.59816e-10
2.90388e-09
3.3173e-10
2.69724e-09
4.12823e-10
2.44575e-09
5.02377e-10
2.14616e-09
5.9849e-10
1.79707e-09
6.97554e-10
1.40001e-09
7.93801e-10
9.60547e-10
8.79212e-10
4.88983e-10
9.44229e-10
9.79668e-10
1.95268e-08
2.20957e-07
8.42096e-09
5.00546e-08
3.52386e-09
1.95442e-08
2.31245e-09
6.42583e-11
3.33887e-09
1.8489e-10
3.28483e-09
1.42574e-10
3.32497e-09
7.78274e-11
3.3476e-09
2.13057e-11
3.3692e-09
-2.01828e-11
3.39352e-09
-4.66423e-11
3.41952e-09
-5.96701e-11
3.44468e-09
-6.0923e-11
3.46613e-09
-5.17004e-11
3.48101e-09
-3.2859e-11
3.48646e-09
-4.81278e-12
3.47958e-09
3.24303e-11
3.45729e-09
7.92249e-11
3.41626e-09
1.36237e-10
3.35282e-09
2.04375e-10
3.26286e-09
2.84713e-10
3.1418e-09
3.78343e-10
2.98457e-09
4.86214e-10
2.78578e-09
6.08789e-10
2.54e-09
7.45551e-10
2.24233e-09
8.94277e-10
1.8894e-09
1.05008e-09
1.48087e-09
1.20439e-09
1.0213e-09
1.34424e-09
5.21758e-10
1.45294e-09
1.51319e-09
1.2525e-08
3.05658e-07
5.29088e-09
5.99994e-08
2.84781e-09
2.27092e-08
2.35414e-09
1.01775e-10
3.3262e-09
1.08634e-10
3.23787e-09
1.04805e-10
3.27381e-09
4.87101e-11
3.30692e-09
-1.00408e-11
3.34222e-09
-5.58341e-11
3.37975e-09
-8.52615e-11
3.41764e-09
-9.88399e-11
3.45348e-09
-9.80331e-11
3.48476e-09
-8.42256e-11
3.50905e-09
-5.83774e-11
3.52388e-09
-2.09241e-11
3.5267e-09
2.82191e-11
3.51474e-09
8.9622e-11
3.48492e-09
1.64282e-10
3.43369e-09
2.53551e-10
3.35692e-09
3.59069e-10
3.24983e-09
4.8263e-10
3.10679e-09
6.26002e-10
2.92132e-09
7.9058e-10
2.68618e-09
9.76773e-10
2.3938e-09
1.183e-09
2.03734e-09
1.40413e-09
1.61277e-09
1.62943e-09
1.12203e-09
1.84041e-09
5.76746e-10
2.0101e-09
2.10696e-09
4.64585e-09
4.17041e-07
1.04195e-09
6.11777e-08
2.2619e-09
1.83748e-08
2.46963e-09
4.65389e-10
3.31924e-09
2.2153e-10
3.21023e-09
1.19309e-10
3.22549e-09
2.22475e-11
3.26404e-09
-5.4346e-11
3.31301e-09
-1.07852e-10
3.36561e-09
-1.39729e-10
3.41782e-09
-1.52394e-10
3.46682e-09
-1.48143e-10
3.5104e-09
-1.28791e-10
3.54654e-09
-9.54993e-11
3.5733e-09
-4.87261e-11
3.58859e-09
1.17487e-11
3.59007e-09
8.67659e-11
3.57499e-09
1.77718e-10
3.54007e-09
2.86489e-10
3.48132e-09
4.15384e-10
3.39382e-09
5.67105e-10
3.27145e-09
7.44592e-10
3.10653e-09
9.50772e-10
2.8896e-09
1.18798e-09
2.60934e-09
1.45681e-09
2.25339e-09
1.75399e-09
1.81081e-09
2.0688e-09
1.27732e-09
2.37788e-09
6.63196e-10
2.64008e-09
2.7976e-09
-1.579e-09
5.13544e-07
-1.45334e-09
5.6057e-08
2.70222e-09
5.34501e-09
2.59263e-09
9.47654e-10
3.25876e-09
3.8325e-10
3.1377e-09
1.28653e-10
3.15389e-09
-2.46852e-11
3.21072e-09
-1.2174e-10
3.28018e-09
-1.81501e-10
3.35188e-09
-2.13413e-10
3.42119e-09
-2.2286e-10
3.4856e-09
-2.13357e-10
3.54346e-09
-1.87299e-10
3.59342e-09
-1.46101e-10
3.63418e-09
-9.02281e-11
3.66429e-09
-1.92624e-11
3.68195e-09
6.79809e-11
3.68491e-09
1.73338e-10
3.6703e-09
2.99292e-10
3.63447e-09
4.48872e-10
3.57269e-09
6.25801e-10
3.47864e-09
8.34474e-10
3.34376e-09
1.07993e-09
3.15635e-09
1.36757e-09
2.90058e-09
1.70228e-09
2.55607e-09
2.08622e-09
2.09977e-09
2.51388e-09
1.51323e-09
2.96226e-09
7.98722e-10
3.37474e-09
3.64576e-09
2.61538e-09
6.169e-07
-1.47382e-09
5.76406e-08
1.68245e-09
3.12243e-10
2.38429e-09
8.1201e-10
2.81858e-09
3.14783e-10
2.93747e-09
3.67354e-11
3.04166e-09
-1.27902e-10
3.14476e-09
-2.26429e-10
3.24513e-09
-2.82998e-10
3.34053e-09
-3.09566e-10
3.42946e-09
-3.12281e-10
3.51094e-09
-2.95128e-10
3.58441e-09
-2.60947e-10
3.64948e-09
-2.1138e-10
3.70573e-09
-1.46821e-10
3.75245e-09
-6.65507e-11
3.78855e-09
3.10728e-11
3.81239e-09
1.4838e-10
3.82174e-09
2.88439e-10
3.81359e-09
4.54999e-10
3.78383e-09
6.52746e-10
3.72666e-09
8.87563e-10
3.63352e-09
1.16689e-09
3.49148e-09
1.50007e-09
3.28056e-09
1.89852e-09
2.97054e-09
2.37473e-09
2.51898e-09
2.93824e-09
1.87712e-09
3.58253e-09
1.01846e-09
4.25085e-09
4.76496e-09
1.15774e-08
6.95475e-07
1.51388e-09
6.51727e-08
1.4248e-09
1.75509e-10
2.23115e-09
3.08405e-10
2.5234e-09
3.65112e-11
2.75214e-09
-1.68592e-10
2.93052e-09
-2.97226e-10
3.08151e-09
-3.73076e-10
3.21504e-09
-4.14496e-10
3.33566e-09
-4.29576e-10
3.44517e-09
-4.21573e-10
3.5443e-09
-3.93932e-10
3.63377e-09
-3.4998e-10
3.71438e-09
-2.91651e-10
3.7868e-09
-2.19129e-10
3.85124e-09
-1.3118e-10
3.90738e-09
-2.55487e-11
3.95435e-09
1.00697e-10
3.99068e-09
2.51091e-10
4.01432e-09
4.29943e-10
4.0224e-09
6.42631e-10
4.01064e-09
8.96154e-10
3.97221e-09
1.19999e-09
3.89549e-09
1.56733e-09
3.75962e-09
2.01698e-09
3.52656e-09
2.57595e-09
3.1285e-09
3.2818e-09
2.4578e-09
4.17878e-09
1.398e-09
5.28118e-09
6.39824e-09
1.17471e-08
7.84244e-07
1.56887e-09
7.14725e-08
1.33032e-09
1.8207e-10
2.08042e-09
-8.52661e-11
2.33561e-09
-3.08332e-10
2.61718e-09
-4.50384e-10
2.84677e-09
-5.19329e-10
3.03573e-09
-5.54145e-10
3.19785e-09
-5.72336e-10
3.34191e-09
-5.72667e-10
3.47125e-09
-5.50505e-10
3.58733e-09
-5.09048e-10
3.69198e-09
-4.53389e-10
3.78748e-09
-3.8611e-10
3.87584e-09
-3.06881e-10
3.95833e-09
-2.13474e-10
4.03541e-09
-1.02778e-10
4.10693e-09
2.88557e-11
4.17229e-09
1.85304e-10
4.23062e-09
3.71074e-10
4.28082e-09
5.9169e-10
4.3213e-09
8.54441e-10
4.34921e-09
1.16959e-09
4.35863e-09
1.55228e-09
4.33589e-09
2.02613e-09
4.24757e-09
2.63027e-09
4.01067e-09
3.43423e-09
3.42759e-09
4.56962e-09
2.11572e-09
6.29682e-09
9.14859e-09
1.48797e-08
8.58398e-07
1.68268e-09
8.21725e-08
1.19092e-09
3.64914e-10
1.86315e-09
-3.53877e-10
2.19562e-09
-7.34289e-10
2.5342e-09
-8.0528e-10
2.80366e-09
-7.75555e-10
3.01677e-09
-7.51831e-10
3.19874e-09
-7.48034e-10
3.36285e-09
-7.38242e-10
3.51061e-09
-6.98725e-10
3.64179e-09
-6.38358e-10
3.75934e-09
-5.68419e-10
3.86771e-09
-4.92517e-10
3.97074e-09
-4.088e-10
4.07082e-09
-3.131e-10
4.16903e-09
-2.009e-10
4.2657e-09
-6.78278e-11
4.36092e-09
9.01923e-11
4.45504e-09
2.77373e-10
4.54898e-09
4.98616e-10
4.64453e-09
7.60332e-10
4.7447e-09
1.07163e-09
4.85394e-09
1.44607e-09
4.97772e-09
1.905e-09
5.11718e-09
2.48475e-09
5.23902e-09
3.25525e-09
5.12617e-09
4.36862e-09
3.63727e-09
6.18788e-09
9.69339e-09
1.29728e-08
8.44361e-07
7.81113e-09
7.96249e-08
1.13575e-09
9.78298e-09
1.53462e-09
-3.33153e-10
2.08727e-09
-8.66643e-10
2.52036e-09
-1.26193e-09
2.81687e-09
-1.02577e-09
3.02894e-09
-9.29589e-10
3.21747e-09
-9.29714e-10
3.40016e-09
-9.33532e-10
3.56654e-09
-8.67793e-10
3.70989e-09
-7.77236e-10
3.83585e-09
-6.8939e-10
3.95329e-09
-6.06759e-10
4.06863e-09
-5.22667e-10
4.18518e-09
-4.29268e-10
4.30418e-09
-3.19885e-10
4.42589e-09
-1.8946e-10
4.55066e-09
-3.40724e-11
4.67965e-09
1.49618e-10
4.81551e-09
3.65071e-10
4.96315e-09
6.16646e-10
5.13112e-09
9.10516e-10
5.33471e-09
1.25538e-09
5.60387e-09
1.66304e-09
6.0044e-09
2.14851e-09
6.70208e-09
2.73337e-09
8.20078e-09
3.46173e-09
1.23645e-08
4.39271e-09
5.49328e-09
2.65441e-08
8.06454e-07
1.97655e-08
8.92378e-08
9.02516e-09
2.85484e-08
1.05474e-09
1.39718e-08
1.95081e-09
-2.11668e-11
2.64321e-09
-1.12372e-09
2.91453e-09
-1.13759e-09
3.06466e-09
-1.01104e-09
3.24202e-09
-1.10769e-09
3.45379e-09
-1.19838e-09
3.64551e-09
-1.06167e-09
3.79537e-09
-9.1341e-10
3.92092e-09
-8.05139e-10
4.04094e-09
-7.22446e-10
4.16526e-09
-6.45858e-10
4.29714e-09
-5.61376e-10
4.43664e-09
-4.59926e-10
4.58304e-09
-3.36051e-10
4.73617e-09
-1.86626e-10
4.89739e-09
-9.89741e-12
5.07026e-09
1.95405e-10
5.26144e-09
4.30667e-10
5.48191e-09
6.98409e-10
5.74992e-09
1.00191e-09
6.09866e-09
1.34328e-09
6.59446e-09
1.71286e-09
7.36412e-09
2.06801e-09
8.61038e-09
2.35221e-09
1.04692e-08
2.42796e-09
1.71217e-09
3.7238e-08
7.68467e-07
4.81901e-08
6.65817e-08
4.704e-08
2.57593e-08
2.8452e-08
2.33206e-08
5.5174e-09
2.03886e-08
2.58115e-09
5.78363e-10
3.1344e-09
-7.69228e-10
3.07316e-09
-8.69333e-10
3.23216e-09
-1.29164e-09
3.52745e-09
-1.69061e-09
3.76634e-09
-1.2671e-09
3.90519e-09
-1.00959e-09
4.01147e-09
-8.95341e-10
4.12428e-09
-8.31985e-10
4.25438e-09
-7.76969e-10
4.40146e-09
-7.1042e-10
4.56219e-09
-6.22399e-10
4.73344e-09
-5.08188e-10
4.91362e-09
-3.66479e-10
5.10347e-09
-1.97992e-10
5.3067e-09
-4.22248e-12
5.53043e-09
2.1221e-10
5.78517e-09
4.50549e-10
6.08438e-09
7.10576e-10
6.44638e-09
9.95315e-10
6.91067e-09
1.29162e-09
7.54955e-09
1.47363e-09
8.40746e-09
1.45115e-09
9.34629e-09
1.25475e-09
6.39569e-10
6.96844e-08
6.8362e-07
3.08864e-08
1.30283e-07
4.36239e-08
5.23807e-08
6.02616e-08
3.17136e-08
3.65314e-08
4.30677e-08
3.53017e-09
2.86404e-08
2.74077e-09
-7.97933e-11
2.863e-09
-4.83037e-10
3.08601e-09
-1.07143e-09
3.65749e-09
-1.71918e-09
3.98721e-09
-1.32335e-09
4.04757e-09
-9.82409e-10
4.09554e-09
-9.71487e-10
4.1903e-09
-9.8311e-10
4.32651e-09
-9.75926e-10
4.49212e-09
-9.37398e-10
4.67725e-09
-8.64177e-10
4.87494e-09
-7.56185e-10
5.08139e-09
-6.15141e-10
5.29616e-09
-4.44746e-10
5.52264e-09
-2.50456e-10
5.76841e-09
-4.09202e-11
6.04397e-09
1.77054e-10
6.35606e-09
3.94651e-10
6.69183e-09
6.26066e-10
7.05228e-09
8.59606e-10
7.51595e-09
8.95289e-10
8.12361e-09
7.16673e-10
8.70725e-09
5.17439e-10
2.30359e-10
4.25405e-07
2.54778e-07
3.87979e-07
1.51078e-07
2.59377e-07
1.33899e-07
1.6286e-07
1.22952e-07
1.31175e-07
1.0452e-07
6.16677e-08
1.02808e-07
1.67291e-09
5.93283e-08
1.93115e-09
1.25113e-08
2.59141e-09
3.5245e-08
4.02929e-09
8.32987e-09
4.47743e-09
-6.92749e-10
4.20235e-09
-6.22572e-10
4.13282e-09
-7.02013e-10
4.21486e-09
-7.50928e-10
4.36927e-09
-7.68448e-10
4.56327e-09
-7.564e-10
4.77973e-09
-7.14094e-10
5.00766e-09
-6.41841e-10
5.24085e-09
-5.4326e-10
5.47715e-09
-4.23999e-10
5.71929e-09
-2.87908e-10
5.97659e-09
-1.47297e-10
6.26624e-09
-5.67151e-12
6.60405e-09
1.24627e-10
6.91258e-09
2.5116e-10
7.09068e-09
3.18875e-10
7.33836e-09
2.67068e-10
7.86378e-09
6.82009e-10
8.40233e-09
2.91051e-10
6.12551e-11
3.91209e-07
-1.36497e-07
5.64804e-07
-1.36005e-08
6.16886e-07
8.54048e-08
5.90672e-07
1.38174e-07
5.38847e-07
1.42894e-07
4.87155e-07
1.38963e-07
4.13526e-07
1.23118e-07
3.95869e-07
5.78741e-08
2.56626e-07
1.16415e-07
4.77373e-08
1.09177e-07
3.66705e-09
4.38119e-08
3.1392e-09
-1.91567e-09
2.77789e-09
-8.30989e-09
2.75074e-09
-1.08927e-08
2.8514e-09
-1.21186e-08
3.02307e-09
-1.26783e-08
3.20608e-09
-1.28488e-08
3.37555e-09
-1.28743e-08
3.5528e-09
-1.28806e-08
3.73424e-09
-1.28132e-08
4.00492e-09
-1.25785e-08
4.37687e-09
-1.21343e-08
5.52383e-09
-1.20181e-08
7.92363e-09
-1.28043e-08
1.93962e-08
-1.92505e-08
5.19332e-08
-3.20984e-08
7.14079e-08
-2.61357e-08
4.67409e-08
-6.29414e-09
1.54103e-08
1.088e-10
-3.12001e-09
7.82461e-08
-2.22047e-07
2.03175e-07
-1.35026e-07
3.46935e-07
-4.84781e-08
4.70579e-07
2.79079e-08
5.44589e-07
7.55646e-08
6.08257e-07
8.9866e-08
6.21374e-07
9.76254e-08
6.14581e-07
8.48675e-08
5.98791e-07
1.36585e-07
5.492e-07
1.61708e-07
5.60668e-07
6.5746e-08
5.92298e-07
-2.03459e-08
6.32182e-07
-4.7224e-08
6.83988e-07
-6.03369e-08
7.42745e-07
-6.70122e-08
8.04862e-07
-6.99325e-08
8.68291e-07
-7.03825e-08
9.32245e-07
-6.99357e-08
9.96562e-07
-6.95865e-08
1.06101e-06
-6.95234e-08
1.12482e-06
-6.90447e-08
1.18676e-06
-6.71677e-08
1.24621e-06
-6.43124e-08
1.30398e-06
-6.25161e-08
1.36297e-06
-6.95431e-08
1.42695e-06
-8.87841e-08
1.50112e-06
-9.17319e-08
1.59916e-06
-8.8837e-08
1.69971e-06
-9.41757e-08
-6.48883e-08
9.2307e-08
-3.29694e-07
1.82193e-07
-2.28263e-07
2.73504e-07
-1.38364e-07
3.72212e-07
-6.46018e-08
4.6148e-07
-1.27566e-08
5.41239e-07
1.66703e-08
6.03261e-07
3.61545e-08
6.51234e-07
5.00863e-08
7.32207e-07
6.86848e-08
8.19088e-07
6.37051e-08
8.89592e-07
-6.143e-09
9.6308e-07
-8.25563e-08
1.04993e-06
-1.30703e-07
1.14926e-06
-1.58896e-07
1.25641e-06
-1.7332e-07
1.36556e-06
-1.77866e-07
1.47189e-06
-1.74427e-07
1.57332e-06
-1.67855e-07
1.6705e-06
-1.61949e-07
1.76584e-06
-1.5978e-07
1.86121e-06
-1.6017e-07
1.95393e-06
-1.57541e-07
2.03844e-06
-1.46853e-07
2.10805e-06
-1.29682e-07
2.16061e-06
-1.16387e-07
2.20507e-06
-1.22203e-07
2.28018e-06
-1.48643e-07
2.41448e-06
-2.11281e-07
2.59839e-06
-2.7886e-07
-2.49737e-07
1.30575e-07
-4.59912e-07
2.52351e-07
-3.39928e-07
3.65312e-07
-2.44006e-07
4.69133e-07
-1.64464e-07
5.63265e-07
-1.04397e-07
6.48399e-07
-6.57379e-08
7.30562e-07
-4.22372e-08
8.17334e-07
-3.17448e-08
9.2854e-07
-3.80672e-08
1.06041e-06
-6.89558e-08
1.18529e-06
-1.27783e-07
1.30372e-06
-1.94185e-07
1.42615e-06
-2.47456e-07
1.55182e-06
-2.8127e-07
1.67701e-06
-2.95966e-07
1.79563e-06
-2.95147e-07
1.90126e-06
-2.78363e-07
1.99016e-06
-2.5434e-07
2.06354e-06
-2.30625e-07
2.13053e-06
-2.21308e-07
2.20084e-06
-2.26513e-07
2.27471e-06
-2.32008e-07
2.3383e-06
-2.13078e-07
2.37303e-06
-1.6486e-07
2.3858e-06
-1.23569e-07
2.38392e-06
-1.14714e-07
2.39249e-06
-1.44068e-07
2.4284e-06
-2.30954e-07
2.54323e-06
-3.67086e-07
-5.60869e-07
2.48895e-07
-6.69689e-07
4.37037e-07
-5.08895e-07
5.65355e-07
-3.68425e-07
6.68384e-07
-2.66762e-07
7.61737e-07
-1.96604e-07
8.53998e-07
-1.557e-07
9.51583e-07
-1.36405e-07
1.06228e-06
-1.38269e-07
1.18831e-06
-1.61111e-07
1.3219e-06
-2.01545e-07
1.44763e-06
-2.53628e-07
1.55936e-06
-3.04396e-07
1.66099e-06
-3.46921e-07
1.7511e-06
-3.70154e-07
1.83193e-06
-3.7566e-07
1.90046e-06
-3.65009e-07
1.95456e-06
-3.34035e-07
1.98587e-06
-2.87885e-07
1.99129e-06
-2.32552e-07
1.98807e-06
-2.12657e-07
1.99282e-06
-2.27146e-07
2.0189e-06
-2.62626e-07
2.04124e-06
-2.47985e-07
2.02554e-06
-1.50704e-07
2.00225e-06
-9.13433e-08
1.95655e-06
-7.39708e-08
1.91886e-06
-9.43336e-08
1.83478e-06
-1.62564e-07
1.94957e-06
-3.56728e-07
-9.80613e-07
8.65361e-07
-6.57204e-07
8.22782e-07
-5.0856e-07
8.11992e-07
-3.76064e-07
8.26657e-07
-2.89806e-07
8.62537e-07
-2.35751e-07
9.17677e-07
-2.11978e-07
9.88733e-07
-2.07486e-07
1.07689e-06
-2.25929e-07
1.1735e-06
-2.58688e-07
1.2742e-06
-3.02417e-07
1.36728e-06
-3.47816e-07
1.44696e-06
-3.8173e-07
1.50951e-06
-4.06343e-07
1.55097e-06
-4.0635e-07
1.58118e-06
-4.00253e-07
1.59596e-06
-3.77155e-07
1.60809e-06
-3.44928e-07
1.59648e-06
-2.84269e-07
1.55103e-06
-1.7793e-07
1.49566e-06
-1.48608e-07
1.44916e-06
-1.67215e-07
1.44401e-06
-2.53302e-07
1.43377e-06
-2.80743e-07
1.39596e-06
-9.85988e-08
1.35341e-06
-4.38146e-08
1.31401e-06
-3.24779e-08
1.2501e-06
-4.42006e-08
1.15812e-06
-8.29239e-08
8.91929e-07
-2.24578e-07
-6.38006e-07
7.43745e-07
-4.75766e-07
6.54863e-07
-4.05844e-07
6.34407e-07
-3.46843e-07
6.55109e-07
-3.04137e-07
7.03237e-07
-2.77088e-07
7.67967e-07
-2.72378e-07
8.47225e-07
-2.81469e-07
9.38222e-07
-3.13607e-07
1.03267e-06
-3.49847e-07
1.13234e-06
-3.98512e-07
1.21869e-06
-4.33464e-07
1.28828e-06
-4.47412e-07
1.31967e-06
-4.37774e-07
1.31763e-06
-3.97396e-07
1.29977e-06
-3.8148e-07
1.26104e-06
-3.36599e-07
1.23571e-06
-3.15152e-07
1.19059e-06
-2.81418e-07
1.12325e-06
-8.9798e-08
1.03672e-06
-6.68154e-08
9.69439e-07
-7.80783e-08
8.93006e-07
-1.67375e-07
8.12299e-07
-1.55173e-07
7.82144e-07
-3.34829e-08
7.45259e-07
-1.07407e-08
7.13854e-07
-8.71517e-09
6.59591e-07
-1.21831e-08
5.75176e-07
-2.36766e-08
3.1673e-07
-5.21049e-08
-3.26165e-08
8.37283e-07
-3.95724e-07
8.04507e-07
-3.76924e-07
7.98059e-07
-3.49297e-07
8.0853e-07
-3.23582e-07
8.35133e-07
-3.10207e-07
8.70164e-07
-3.13824e-07
9.18873e-07
-3.33629e-07
9.7236e-07
-3.72742e-07
1.03238e-06
-4.1203e-07
1.09656e-06
-4.66863e-07
1.13973e-06
-4.82191e-07
1.15879e-06
-4.72037e-07
1.11288e-06
-4.04588e-07
1.03815e-06
-3.14626e-07
9.49134e-07
-3.02902e-07
8.64199e-07
-2.59983e-07
7.67469e-07
-1.9215e-07
6.73584e-07
-1.41615e-07
6.31783e-07
-1.92083e-08
5.51784e-07
-1.27969e-08
5.04627e-07
-1.53804e-08
2.78664e-07
-4.72319e-08
2.51311e-08
-3.66913e-09
8.33179e-09
-1.67114e-09
7.11033e-09
-2.28757e-09
6.61083e-09
-2.87389e-09
6.02881e-09
-3.58686e-09
4.99674e-09
-4.45266e-09
3.06606e-09
-5.32044e-09
-6.21567e-09
8.46861e-07
-3.2729e-07
7.9154e-07
-3.18717e-07
7.50952e-07
-3.0683e-07
7.30394e-07
-3.0039e-07
7.28171e-07
-3.05491e-07
7.42207e-07
-3.235e-07
7.74525e-07
-3.60946e-07
8.11072e-07
-4.04992e-07
8.64692e-07
-4.56315e-07
9.06831e-07
-5.06469e-07
9.17885e-07
-4.87152e-07
8.84915e-07
-4.44049e-07
7.78082e-07
-3.16915e-07
6.71802e-07
-1.81041e-07
5.3525e-07
-1.61887e-07
4.41122e-07
-1.10495e-07
2.24998e-07
-4.94781e-08
6.48597e-09
2.25466e-10
6.63349e-09
-7.47856e-10
5.18208e-09
-7.62933e-10
4.74032e-09
-7.18319e-10
5.45488e-09
-3.36894e-10
6.74385e-09
2.55019e-11
6.89076e-09
-1.71139e-09
6.24348e-09
-2.64119e-09
5.60762e-09
-3.41224e-09
4.82132e-09
-4.24818e-09
3.69834e-09
-5.17271e-09
2.07997e-09
-6.05679e-09
-6.78676e-09
8.55523e-07
-2.67778e-07
8.07185e-07
-2.68737e-07
7.70798e-07
-2.69572e-07
7.50606e-07
-2.80526e-07
7.41205e-07
-2.97743e-07
7.48571e-07
-3.30839e-07
7.62445e-07
-3.78165e-07
7.80734e-07
-4.23836e-07
8.09562e-07
-4.86487e-07
7.92876e-07
-4.98934e-07
7.38431e-07
-4.3542e-07
6.14553e-07
-3.45192e-07
4.65736e-07
-1.43005e-07
3.64529e-07
-5.57805e-08
1.58093e-07
-3.7961e-08
5.38636e-09
4.18272e-10
6.20479e-09
2.75538e-10
6.19679e-09
6.85838e-10
5.95366e-09
-5.75724e-10
5.42826e-09
-7.4329e-10
5.20328e-09
-7.63622e-10
5.41827e-09
-5.54439e-10
5.79503e-09
-5.61768e-10
5.78141e-09
-1.41118e-09
5.36514e-09
-2.15052e-09
4.75486e-09
-2.81989e-09
3.95052e-09
-3.48229e-09
2.89535e-09
-4.1361e-09
1.55546e-09
-4.70896e-09
-5.09019e-09
8.59981e-07
-2.13276e-07
8.0982e-07
-2.18348e-07
7.6592e-07
-2.24097e-07
7.28009e-07
-2.42823e-07
6.95979e-07
-2.63984e-07
6.77261e-07
-3.09572e-07
6.56744e-07
-3.56251e-07
6.55364e-07
-4.13592e-07
6.39894e-07
-4.71717e-07
5.58055e-07
-4.18003e-07
4.31439e-07
-3.08935e-07
2.1267e-07
-1.33513e-07
3.49485e-08
-8.00805e-09
4.48365e-09
-1.40753e-10
4.7705e-09
4.08656e-10
5.39991e-09
9.30275e-10
5.66911e-09
3.52307e-10
5.72357e-09
2.13933e-10
5.60428e-09
-2.36381e-10
5.37402e-09
-4.58262e-10
5.2263e-09
-5.5851e-10
5.21988e-09
-5.99956e-10
5.2366e-09
-7.68288e-10
5.07471e-09
-1.22109e-09
4.68083e-09
-1.7298e-09
4.09614e-09
-2.23449e-09
3.33054e-09
-2.72498e-09
2.37707e-09
-3.18044e-09
1.24653e-09
-3.55275e-09
-3.77485e-09
8.61024e-07
-1.60301e-07
8.07842e-07
-1.6595e-07
7.58784e-07
-1.73499e-07
7.07881e-07
-1.93318e-07
6.62925e-07
-2.1611e-07
6.21171e-07
-2.67677e-07
5.80584e-07
-3.11405e-07
5.6188e-07
-3.88735e-07
4.88499e-07
-4.09373e-07
3.46813e-07
-2.90732e-07
1.37056e-07
-1.18121e-07
3.98103e-09
1.63664e-10
4.92568e-09
4.14674e-10
4.82274e-09
1.85257e-10
4.92967e-09
4.07954e-10
5.19654e-09
4.56333e-10
5.37173e-09
2.67452e-10
5.42413e-09
1.02164e-10
5.36585e-09
-1.25469e-10
5.23727e-09
-2.9486e-10
5.10801e-09
-4.122e-10
4.99838e-09
-5.18588e-10
4.85679e-09
-6.90325e-10
4.6e-09
-9.75095e-10
4.18731e-09
-1.31309e-09
3.61835e-09
-1.66331e-09
2.89842e-09
-2.00271e-09
2.03587e-09
-2.30792e-09
1.05358e-09
-2.54674e-09
-2.68161e-09
8.60571e-07
-1.0735e-07
8.04985e-07
-1.11644e-07
7.50796e-07
-1.18518e-07
6.89027e-07
-1.3363e-07
6.28927e-07
-1.53614e-07
5.56655e-07
-1.96722e-07
4.90337e-07
-2.36765e-07
4.27973e-07
-3.20118e-07
2.97258e-07
-2.86581e-07
1.08004e-07
-1.06079e-07
3.2324e-09
-3.62907e-11
4.53859e-09
4.4191e-10
4.66919e-09
3.42058e-10
4.79912e-09
2.24166e-10
4.92888e-09
2.48722e-10
5.08487e-09
2.43224e-10
5.19714e-09
1.59005e-10
5.23535e-09
5.27448e-11
5.19775e-09
-7.27927e-11
5.10119e-09
-1.83509e-10
4.9701e-09
-2.76839e-10
4.80886e-09
-3.71871e-10
4.59219e-09
-4.9933e-10
4.2812e-09
-6.75879e-10
3.85007e-09
-8.84146e-10
3.29152e-09
-1.10293e-09
2.60893e-09
-1.31462e-09
1.81439e-09
-1.5018e-09
9.31909e-10
-1.6447e-09
-1.72324e-09
8.59703e-07
-5.39006e-08
8.0268e-07
-5.60709e-08
7.44322e-07
-6.02072e-08
6.76344e-07
-6.78944e-08
6.03365e-07
-7.98692e-08
5.07518e-07
-1.03331e-07
4.09529e-07
-1.32747e-07
2.88577e-07
-1.93987e-07
1.01687e-07
-1.26164e-07
2.81489e-09
-9.66968e-10
4.09001e-09
4.61652e-12
4.42002e-09
9.22204e-11
4.62973e-09
1.38722e-10
4.77566e-09
1.20609e-10
4.90187e-09
1.19544e-10
5.01691e-09
1.08844e-10
5.09661e-09
7.26109e-11
5.1224e-09
2.26069e-11
5.08862e-09
-3.49341e-11
4.99964e-09
-8.95545e-11
4.86235e-09
-1.39778e-10
4.67477e-09
-1.92725e-10
4.42193e-09
-2.5925e-10
4.08254e-09
-3.44952e-10
3.64024e-09
-4.44688e-10
3.08873e-09
-5.49667e-10
2.43138e-09
-6.5106e-10
1.68083e-09
-7.39966e-10
8.59653e-10
-8.07017e-10
-8.43415e-10
8.58933e-07
8.01668e-07
7.40566e-07
6.70884e-07
5.9032e-07
4.84363e-07
3.54486e-07
1.57516e-07
1.46965e-08
3.59464e-09
4.61247e-09
4.56055e-09
4.65407e-09
4.77192e-09
4.88603e-09
4.9843e-09
5.04998e-09
5.06902e-09
5.03469e-09
4.94641e-09
4.80491e-09
4.60597e-09
4.33823e-09
3.98679e-09
3.53961e-09
2.99179e-09
2.34703e-09
1.61791e-09
8.25857e-10
)
;

boundaryField
{
    inlet1
    {
        type            calculated;
        value           nonuniform List<scalar> 10(-1e-07 -1e-07 -1e-07 -1e-07 -1e-07 -1e-07 -1e-07 -1e-07 -1e-07 -1e-07);
    }
    inlet2
    {
        type            calculated;
        value           uniform 0;
    }
    inlet3
    {
        type            calculated;
        value           nonuniform List<scalar> 10(-9.13394e-07 -9.13394e-07 -9.13394e-07 -9.13394e-07 -9.13394e-07 -9.13394e-07 -9.13394e-07 -9.13394e-07 -9.13394e-07 -9.13394e-07);
    }
    output1
    {
        type            calculated;
        value           uniform 0;
    }
    output2
    {
        type            calculated;
        value           nonuniform List<scalar> 10(2.02293e-08 1.27725e-08 1.01831e-08 9.12132e-09 8.71772e-09 5.77856e-09 1.76326e-06 2.75829e-06 2.82441e-06 2.72118e-06);
    }
    output3
    {
        type            calculated;
        value           uniform -0;
    }
    up
    {
        type            calculated;
        value           uniform 0;
    }
    down
    {
        type            calculated;
        value           uniform 0;
    }
    emptyWalls
    {
        type            empty;
        value           nonuniform List<scalar> 0();
    }
}


// ************************************************************************* //
