/*--------------------------------*- C++ -*----------------------------------*\
  =========                 |
  \\      /  F ield         | OpenFOAM: The Open Source CFD Toolbox
   \\    /   O peration     | Website:  https://openfoam.org
    \\  /    A nd           | Version:  9
     \\/     M anipulation  |
\*---------------------------------------------------------------------------*/
FoamFile
{
    format      ascii;
    class       volVectorField;
    location    "8000";
    object      ut;
}
// * * * * * * * * * * * * * * * * * * * * * * * * * * * * * * * * * * * * * //

dimensions      [0 1 -1 0 0 0 0];

internalField   nonuniform List<vector> 
900
(
(5.75355e-06 6.13777e-06 -0)
(1.18396e-06 1.13608e-06 -0)
(7.99481e-07 3.92314e-07 -0)
(3.21828e-07 2.78697e-09 -0)
(3.23272e-07 3.40665e-08 -0)
(3.67703e-07 1.24238e-08 -0)
(3.50285e-07 4.94217e-09 -0)
(3.4344e-07 1.90152e-09 -0)
(3.41072e-07 4.64568e-10 -0)
(3.40877e-07 -2.70357e-10 -0)
(3.41765e-07 -6.19039e-10 -0)
(3.43089e-07 -7.06115e-10 -0)
(3.44381e-07 -5.87328e-10 -0)
(3.45256e-07 -2.89656e-10 -0)
(3.4537e-07 1.74576e-10 -0)
(3.44392e-07 8.02266e-10 -0)
(3.41992e-07 1.5971e-09 -0)
(3.37826e-07 2.56788e-09 -0)
(3.3153e-07 3.72681e-09 -0)
(3.22714e-07 5.08759e-09 -0)
(3.10964e-07 6.66216e-09 -0)
(2.95844e-07 8.45664e-09 -0)
(2.76921e-07 1.04658e-08 -0)
(2.53789e-07 1.26646e-08 -0)
(2.26128e-07 1.49971e-08 -0)
(1.93768e-07 1.73667e-08 -0)
(1.56773e-07 1.96309e-08 -0)
(1.15536e-07 2.16054e-08 -0)
(7.08451e-08 2.3084e-08 -0)
(2.38801e-08 2.38804e-08 -0)
(2.26941e-06 5.7089e-06 -0)
(1.00173e-06 1.64719e-06 -0)
(7.58542e-07 1.23236e-06 -0)
(1.40287e-07 3.78272e-09 -0)
(3.34672e-07 5.23666e-08 -0)
(3.3856e-07 2.31378e-08 -0)
(3.39762e-07 1.0385e-08 -0)
(3.38962e-07 4.10038e-09 -0)
(3.38901e-07 6.91129e-10 -0)
(3.39793e-07 -1.1978e-09 -0)
(3.41329e-07 -2.11925e-09 -0)
(3.4312e-07 -2.32469e-09 -0)
(3.44797e-07 -1.94119e-09 -0)
(3.46018e-07 -1.03588e-09 -0)
(3.46462e-07 3.59722e-10 -0)
(3.45815e-07 2.23898e-09 -0)
(3.43758e-07 4.61471e-09 -0)
(3.39955e-07 7.51502e-09 -0)
(3.34049e-07 1.09785e-08 -0)
(3.25649e-07 1.50486e-08 -0)
(3.14333e-07 1.97658e-08 -0)
(2.99648e-07 2.51558e-08 -0)
(2.81129e-07 3.12098e-08 -0)
(2.5832e-07 3.7861e-08 -0)
(2.3083e-07 4.49522e-08 -0)
(1.98402e-07 5.22023e-08 -0)
(1.61012e-07 5.91811e-08 -0)
(1.18989e-07 6.53126e-08 -0)
(7.31201e-08 6.99358e-08 -0)
(2.46765e-08 7.24374e-08 -0)
(2.8055e-06 1.99628e-05 -0)
(1.09985e-06 4.57089e-06 -0)
(5.84338e-07 2.01621e-06 -0)
(1.20434e-07 5.73201e-09 -0)
(3.42057e-07 2.6107e-08 -0)
(3.25718e-07 1.74228e-08 -0)
(3.31247e-07 9.3593e-09 -0)
(3.33746e-07 3.42352e-09 -0)
(3.35774e-07 -6.03034e-10 -0)
(3.38066e-07 -3.09303e-09 -0)
(3.40638e-07 -4.33577e-09 -0)
(3.43267e-07 -4.53253e-09 -0)
(3.45669e-07 -3.81735e-09 -0)
(3.47557e-07 -2.27292e-09 -0)
(3.48645e-07 6.05731e-11 -0)
(3.48647e-07 3.17864e-09 -0)
(3.47268e-07 7.10737e-09 -0)
(3.44189e-07 1.18985e-08 -0)
(3.39063e-07 1.76229e-08 -0)
(3.31501e-07 2.43625e-08 -0)
(3.21071e-07 3.21974e-08 -0)
(3.07288e-07 4.11902e-08 -0)
(2.89626e-07 5.13548e-08 -0)
(2.67531e-07 6.26145e-08 -0)
(2.4047e-07 7.47458e-08 -0)
(2.07997e-07 8.73085e-08 -0)
(1.69883e-07 9.95792e-08 -0)
(1.26291e-07 1.1053e-07 -0)
(7.79699e-08 1.1891e-07 -0)
(2.63818e-08 1.23496e-07 -0)
(1.88899e-06 2.42286e-05 -0)
(6.16013e-07 5.44002e-06 -0)
(4.42163e-07 1.89263e-06 -0)
(1.274e-07 7.11965e-09 -0)
(3.43429e-07 1.0871e-08 -0)
(3.21812e-07 1.1092e-08 -0)
(3.25763e-07 6.20618e-09 -0)
(3.29e-07 8.37622e-10 -0)
(3.32384e-07 -3.43353e-09 -0)
(3.36061e-07 -6.23543e-09 -0)
(3.3989e-07 -7.59824e-09 -0)
(3.43639e-07 -7.65208e-09 -0)
(3.47057e-07 -6.52273e-09 -0)
(3.49896e-07 -4.29889e-09 -0)
(3.51914e-07 -1.02313e-09 -0)
(3.52862e-07 3.30742e-09 -0)
(3.52477e-07 8.73762e-09 -0)
(3.50471e-07 1.53489e-08 -0)
(3.46513e-07 2.32521e-08 -0)
(3.40224e-07 3.258e-08 -0)
(3.3116e-07 4.34712e-08 -0)
(3.18805e-07 5.60525e-08 -0)
(3.02553e-07 7.04031e-08 -0)
(2.81711e-07 8.64956e-08 -0)
(2.55524e-07 1.0411e-07 -0)
(2.23235e-07 1.22709e-07 -0)
(1.84233e-07 1.41299e-07 -0)
(1.3832e-07 1.58318e-07 -0)
(8.60865e-08 1.71678e-07 -0)
(2.92627e-08 1.79142e-07 -0)
(1.02203e-06 3.69031e-05 -0)
(-9.28598e-08 6.55987e-06 -0)
(3.0125e-07 2.64921e-06 -0)
(1.51131e-07 1.32354e-08 -0)
(3.42795e-07 1.08557e-08 -0)
(3.21053e-07 9.86906e-09 -0)
(3.20993e-07 3.53583e-09 -0)
(3.24106e-07 -2.84577e-09 -0)
(3.28701e-07 -7.73329e-09 -0)
(3.33902e-07 -1.08169e-08 -0)
(3.39221e-07 -1.21697e-08 -0)
(3.44342e-07 -1.19546e-08 -0)
(3.49023e-07 -1.03224e-08 -0)
(3.53057e-07 -7.37659e-09 -0)
(3.56251e-07 -3.16169e-09 -0)
(3.58408e-07 2.3364e-09 -0)
(3.59309e-07 9.18677e-09 -0)
(3.58704e-07 1.75075e-08 -0)
(3.56294e-07 2.74581e-08 -0)
(3.5172e-07 3.92338e-08 -0)
(3.44543e-07 5.30548e-08 -0)
(3.3422e-07 6.91478e-08 -0)
(3.20069e-07 8.77129e-08 -0)
(3.01238e-07 1.08859e-07 -0)
(2.76683e-07 1.3249e-07 -0)
(2.45186e-07 1.58117e-07 -0)
(2.05493e-07 1.84588e-07 -0)
(1.5667e-07 2.09765e-07 -0)
(9.87936e-08 2.30342e-07 -0)
(3.38456e-08 2.42251e-07 -0)
(3.34046e-07 4.65051e-05 -0)
(-6.49847e-07 5.67566e-06 -0)
(3.59178e-07 1.02576e-06 -0)
(1.81266e-07 7.98423e-08 -0)
(3.3726e-07 3.34503e-08 -0)
(3.14492e-07 1.39928e-08 -0)
(3.13048e-07 9.13665e-10 -0)
(3.17731e-07 -8.02343e-09 -0)
(3.24413e-07 -1.38372e-08 -0)
(3.31624e-07 -1.7129e-08 -0)
(3.38752e-07 -1.8309e-08 -0)
(3.45486e-07 -1.76741e-08 -0)
(3.51635e-07 -1.54358e-08 -0)
(3.57057e-07 -1.17233e-08 -0)
(3.61627e-07 -6.58353e-09 -0)
(3.6521e-07 1.33481e-11 -0)
(3.67649e-07 8.16641e-09 -0)
(3.68742e-07 1.80361e-08 -0)
(3.6824e-07 2.98397e-08 -0)
(3.65821e-07 4.3843e-08 -0)
(3.61074e-07 6.03661e-08 -0)
(3.53464e-07 7.97706e-08 -0)
(3.42264e-07 1.02442e-07 -0)
(3.26488e-07 1.28737e-07 -0)
(3.04782e-07 1.58873e-07 -0)
(2.75334e-07 1.92681e-07 -0)
(2.35881e-07 2.29171e-07 -0)
(1.84074e-07 2.65812e-07 -0)
(1.18573e-07 2.97674e-07 -0)
(4.11719e-08 3.17269e-07 -0)
(9.52671e-07 5.62037e-05 -0)
(-4.29596e-07 5.53573e-06 -0)
(1.34832e-07 4.32427e-08 -0)
(2.01658e-07 1.09688e-07 -0)
(2.75199e-07 4.31996e-08 -0)
(2.88517e-07 1.17378e-08 -0)
(2.98977e-07 -5.8507e-09 -0)
(3.09355e-07 -1.63245e-08 -0)
(3.19596e-07 -2.24629e-08 -0)
(3.2943e-07 -2.55535e-08 -0)
(3.38676e-07 -2.62631e-08 -0)
(3.47215e-07 -2.49973e-08 -0)
(3.54973e-07 -2.2024e-08 -0)
(3.61909e-07 -1.7497e-08 -0)
(3.67988e-07 -1.14621e-08 -0)
(3.73158e-07 -3.86584e-09 -0)
(3.77332e-07 5.42976e-09 -0)
(3.80377e-07 1.66314e-08 -0)
(3.82101e-07 3.00186e-08 -0)
(3.82247e-07 4.59314e-08 -0)
(3.80471e-07 6.47941e-08 -0)
(3.76296e-07 8.71241e-08 -0)
(3.69036e-07 1.13544e-07 -0)
(3.57669e-07 1.44776e-07 -0)
(3.40626e-07 1.81583e-07 -0)
(3.15485e-07 2.24563e-07 -0)
(2.78624e-07 2.73604e-07 -0)
(2.25173e-07 3.26639e-07 -0)
(1.50251e-07 3.77273e-07 -0)
(5.34411e-08 4.11883e-07 -0)
(2.09066e-06 6.71763e-05 -0)
(2.24809e-07 5.9924e-06 -0)
(7.79677e-08 1.9206e-08 -0)
(2.06992e-07 5.27136e-08 -0)
(2.39238e-07 1.9757e-08 -0)
(2.65442e-07 -4.39069e-09 -0)
(2.84986e-07 -1.97296e-08 -0)
(3.01118e-07 -2.89613e-08 -0)
(3.15184e-07 -3.41366e-08 -0)
(3.27824e-07 -3.63597e-08 -0)
(3.39308e-07 -3.61931e-08 -0)
(3.49725e-07 -3.40283e-08 -0)
(3.59135e-07 -3.01655e-08 -0)
(3.67619e-07 -2.4779e-08 -0)
(3.75258e-07 -1.79021e-08 -0)
(3.82102e-07 -9.4443e-09 -0)
(3.88146e-07 7.84803e-10 -0)
(3.93331e-07 1.30446e-08 -0)
(3.9754e-07 2.76693e-08 -0)
(4.00596e-07 4.50684e-08 -0)
(4.02267e-07 6.57551e-08 -0)
(4.02213e-07 9.03884e-08 -0)
(3.99915e-07 1.19833e-07 -0)
(3.94527e-07 1.55239e-07 -0)
(3.8457e-07 1.98121e-07 -0)
(3.67355e-07 2.50383e-07 -0)
(3.37957e-07 3.14043e-07 -0)
(2.87743e-07 3.89867e-07 -0)
(2.03817e-07 4.72897e-07 -0)
(7.57822e-08 5.41108e-07 -0)
(2.10371e-06 7.19188e-05 -0)
(2.45703e-07 7.04213e-06 -0)
(6.80718e-08 1.58958e-08 -0)
(1.97992e-07 8.96742e-09 -0)
(2.18091e-07 -1.24548e-08 -0)
(2.4903e-07 -2.93277e-08 -0)
(2.74406e-07 -3.97155e-08 -0)
(2.94948e-07 -4.56539e-08 -0)
(3.12197e-07 -4.87626e-08 -0)
(3.27373e-07 -4.95555e-08 -0)
(3.41008e-07 -4.81216e-08 -0)
(3.53243e-07 -4.47581e-08 -0)
(3.64223e-07 -3.98305e-08 -0)
(3.74172e-07 -3.35513e-08 -0)
(3.83323e-07 -2.59238e-08 -0)
(3.91845e-07 -1.67917e-08 -0)
(3.99821e-07 -5.89455e-09 -0)
(4.07262e-07 7.09486e-09 -0)
(4.14125e-07 2.25489e-08 -0)
(4.20333e-07 4.09203e-08 -0)
(4.25791e-07 6.27711e-08 -0)
(4.30374e-07 8.88424e-08 -0)
(4.33886e-07 1.20164e-07 -0)
(4.35956e-07 1.58227e-07 -0)
(4.35771e-07 2.05276e-07 -0)
(4.31407e-07 2.64806e-07 -0)
(4.18107e-07 3.42317e-07 -0)
(3.84026e-07 4.45889e-07 -0)
(3.01491e-07 5.83339e-07 -0)
(1.21652e-07 7.38541e-07 -0)
(2.70589e-06 8.49301e-05 -0)
(2.70039e-07 7.25236e-06 -0)
(6.64964e-08 2.05181e-08 -0)
(1.71687e-07 -2.60206e-08 -0)
(2.00943e-07 -4.92116e-08 -0)
(2.38181e-07 -6.07492e-08 -0)
(2.6866e-07 -6.41503e-08 -0)
(2.92071e-07 -6.51752e-08 -0)
(3.11282e-07 -6.57046e-08 -0)
(3.28465e-07 -6.49778e-08 -0)
(3.44105e-07 -6.19793e-08 -0)
(3.58016e-07 -5.70515e-08 -0)
(3.70342e-07 -5.08473e-08 -0)
(3.81525e-07 -4.36708e-08 -0)
(3.92017e-07 -3.54524e-08 -0)
(4.02131e-07 -2.59031e-08 -0)
(4.12032e-07 -1.46611e-08 -0)
(4.21775e-07 -1.32372e-09 -0)
(4.31365e-07 1.45118e-08 -0)
(4.40818e-07 3.32946e-08 -0)
(4.50189e-07 5.55669e-08 -0)
(4.59606e-07 8.20458e-08 -0)
(4.69301e-07 1.13753e-07 -0)
(4.7964e-07 1.52229e-07 -0)
(4.91149e-07 1.99951e-07 -0)
(5.04395e-07 2.61247e-07 -0)
(5.1904e-07 3.4453e-07 -0)
(5.28765e-07 4.68034e-07 -0)
(4.96469e-07 6.76026e-07 -0)
(2.30985e-07 1.09118e-06 -0)
(1.13591e-06 8.67494e-05 -0)
(1.45864e-06 9.18213e-06 -0)
(1.03588e-07 5.24648e-08 -0)
(1.23561e-07 -4.47547e-08 -0)
(1.83363e-07 -9.76463e-08 -0)
(2.34091e-07 -1.00307e-07 -0)
(2.6998e-07 -9.09606e-08 -0)
(2.93394e-07 -8.51911e-08 -0)
(3.12395e-07 -8.39021e-08 -0)
(3.31099e-07 -8.26706e-08 -0)
(3.48934e-07 -7.77658e-08 -0)
(3.64375e-07 -7.062e-08 -0)
(3.77603e-07 -6.28364e-08 -0)
(3.89567e-07 -5.48325e-08 -0)
(4.0109e-07 -4.63075e-08 -0)
(4.12636e-07 -3.67168e-08 -0)
(4.24401e-07 -2.55189e-08 -0)
(4.36435e-07 -1.22418e-08 -0)
(4.48743e-07 3.52664e-09 -0)
(4.61388e-07 2.218e-08 -0)
(4.74542e-07 4.41563e-08 -0)
(4.8856e-07 7.00207e-08 -0)
(5.0407e-07 1.00572e-07 -0)
(5.22154e-07 1.36986e-07 -0)
(5.44789e-07 1.8105e-07 -0)
(5.75986e-07 2.35703e-07 -0)
(6.24894e-07 3.06519e-07 -0)
(7.15522e-07 4.0569e-07 -0)
(9.24634e-07 5.61551e-07 -0)
(1.54827e-06 8.47502e-07 -0)
(3.09511e-06 8.21228e-05 -0)
(2.21371e-06 6.74284e-06 -0)
(1.73938e-06 1.90413e-06 -0)
(6.56515e-08 -2.18759e-08 -0)
(1.45296e-07 -7.56824e-08 -0)
(2.44867e-07 -1.52078e-07 -0)
(2.83775e-07 -1.14194e-07 -0)
(2.9913e-07 -1.00727e-07 -0)
(3.13803e-07 -1.02041e-07 -0)
(3.34601e-07 -1.04036e-07 -0)
(3.56156e-07 -9.57928e-08 -0)
(3.72946e-07 -8.48272e-08 -0)
(3.86129e-07 -7.50417e-08 -0)
(3.98054e-07 -6.65193e-08 -0)
(4.10133e-07 -5.82258e-08 -0)
(4.2292e-07 -4.91367e-08 -0)
(4.36507e-07 -3.84581e-08 -0)
(4.5082e-07 -2.56502e-08 -0)
(4.65787e-07 -1.03411e-08 -0)
(4.81448e-07 7.74355e-09 -0)
(4.9803e-07 2.8858e-08 -0)
(5.16022e-07 5.33085e-08 -0)
(5.36265e-07 8.15307e-08 -0)
(5.60117e-07 1.14091e-07 -0)
(5.89866e-07 1.51559e-07 -0)
(6.29865e-07 1.93998e-07 -0)
(6.89027e-07 2.40155e-07 -0)
(7.83796e-07 2.86655e-07 -0)
(9.3828e-07 3.1699e-07 -0)
(1.15556e-06 2.51154e-07 -0)
(2.43576e-06 7.91681e-05 -0)
(5.01185e-06 1.11047e-05 -0)
(4.62618e-06 3.80555e-06 -0)
(4.78183e-06 2.81623e-06 -0)
(9.0858e-07 7.14491e-08 -0)
(1.94899e-07 -7.26652e-08 -0)
(3.21332e-07 -1.13324e-07 -0)
(3.05547e-07 -1.01481e-07 -0)
(3.09085e-07 -1.19498e-07 -0)
(3.37347e-07 -1.35639e-07 -0)
(3.68143e-07 -1.16541e-07 -0)
(3.85126e-07 -9.78549e-08 -0)
(3.95911e-07 -8.59862e-08 -0)
(4.06383e-07 -7.79699e-08 -0)
(4.18473e-07 -7.09457e-08 -0)
(4.32404e-07 -6.31385e-08 -0)
(4.47887e-07 -5.35272e-08 -0)
(4.64552e-07 -4.15599e-08 -0)
(4.82137e-07 -2.6984e-08 -0)
(5.00587e-07 -9.72304e-09 -0)
(5.20107e-07 1.02231e-08 -0)
(5.41233e-07 3.28249e-08 -0)
(5.64853e-07 5.81512e-08 -0)
(5.92182e-07 8.62908e-08 -0)
(6.24695e-07 1.17097e-07 -0)
(6.64582e-07 1.48573e-07 -0)
(7.17551e-07 1.73448e-07 -0)
(7.92358e-07 1.83787e-07 -0)
(8.89134e-07 1.68601e-07 -0)
(9.80124e-07 9.12787e-08 -0)
(1.12875e-05 7.45254e-05 -0)
(2.64938e-06 2.21162e-06 -0)
(3.5279e-06 1.34631e-06 -0)
(5.19687e-06 1.84788e-06 -0)
(6.85544e-06 4.00627e-06 -0)
(4.50837e-07 1.88338e-07 -0)
(2.55197e-07 -4.05214e-08 -0)
(2.92956e-07 -7.23857e-08 -0)
(2.79644e-07 -1.38831e-07 -0)
(3.37558e-07 -2.02482e-07 -0)
(3.93941e-07 -1.36879e-07 -0)
(4.03501e-07 -1.04062e-07 -0)
(4.06014e-07 -9.30819e-08 -0)
(4.13095e-07 -8.84271e-08 -0)
(4.24965e-07 -8.4448e-08 -0)
(4.40338e-07 -7.89454e-08 -0)
(4.58086e-07 -7.09526e-08 -0)
(4.77363e-07 -6.00776e-08 -0)
(4.97624e-07 -4.63118e-08 -0)
(5.18655e-07 -2.98753e-08 -0)
(5.40578e-07 -1.10676e-08 -0)
(5.6395e-07 9.61724e-09 -0)
(5.89731e-07 3.19586e-08 -0)
(6.19063e-07 5.58243e-08 -0)
(6.52149e-07 8.19657e-08 -0)
(6.86216e-07 1.09751e-07 -0)
(7.2424e-07 1.21277e-07 -0)
(7.7895e-07 1.06442e-07 -0)
(8.45772e-07 8.2349e-08 -0)
(8.95678e-07 3.66351e-08 -0)
(4.08174e-05 6.21985e-05 -0)
(4.42636e-05 2.38449e-05 -0)
(3.33322e-05 9.12983e-06 -0)
(1.85431e-05 4.49484e-06 -0)
(1.40288e-05 4.60728e-06 -0)
(1.22062e-05 5.53974e-06 -0)
(1.27339e-07 2.45627e-08 -0)
(2.07242e-07 -2.42216e-08 -0)
(1.78987e-07 -7.54558e-08 -0)
(3.39295e-07 -1.41353e-07 -0)
(4.66563e-07 -1.27792e-07 -0)
(4.28923e-07 -9.24194e-08 -0)
(4.11547e-07 -1.01215e-07 -0)
(4.15017e-07 -1.08195e-07 -0)
(4.27954e-07 -1.10737e-07 -0)
(4.45899e-07 -1.08534e-07 -0)
(4.66754e-07 -1.01883e-07 -0)
(4.89192e-07 -9.11594e-08 -0)
(5.12339e-07 -7.67163e-08 -0)
(5.35831e-07 -5.9074e-08 -0)
(5.59599e-07 -3.90235e-08 -0)
(5.84259e-07 -1.78013e-08 -0)
(6.1106e-07 3.45218e-09 -0)
(6.42189e-07 2.31059e-08 -0)
(6.78621e-07 4.32475e-08 -0)
(7.03894e-07 6.21705e-08 -0)
(7.14243e-07 5.77805e-08 -0)
(7.53429e-07 3.68922e-08 -0)
(8.19326e-07 2.11389e-08 -0)
(8.6114e-07 9.43666e-09 -0)
(2.65599e-05 -1.12429e-05 -0)
(5.16819e-05 6.37072e-06 -0)
(6.12789e-05 1.765e-05 -0)
(6.20983e-05 2.00955e-05 -0)
(5.6036e-05 1.62968e-05 -0)
(5.17334e-05 1.50218e-05 -0)
(4.56976e-05 1.18411e-05 -0)
(3.70076e-05 2.52648e-06 -0)
(4.21663e-05 7.12446e-06 -0)
(9.15897e-06 1.80733e-06 -0)
(3.88489e-07 -1.07581e-08 -0)
(3.44921e-07 -3.20949e-08 -0)
(2.82918e-07 -3.91873e-08 -0)
(2.7266e-07 -4.19906e-08 -0)
(2.77489e-07 -4.29525e-08 -0)
(2.9279e-07 -4.27459e-08 -0)
(3.11824e-07 -4.09358e-08 -0)
(3.29393e-07 -3.72087e-08 -0)
(3.45716e-07 -3.19356e-08 -0)
(3.64844e-07 -2.57258e-08 -0)
(3.82005e-07 -1.8558e-08 -0)
(4.1898e-07 -1.1658e-08 -0)
(4.56394e-07 -4.58648e-09 -0)
(6.48373e-07 1.81957e-09 -0)
(9.36354e-07 6.98437e-09 -0)
(2.94288e-06 1.60448e-09 -0)
(7.44376e-06 -4.36699e-09 -0)
(6.83783e-06 9.95096e-08 -0)
(2.51035e-06 3.70713e-08 -0)
(5.71721e-07 2.81436e-09 -0)
(3.35826e-06 -1.60565e-05 -0)
(1.2291e-05 -9.09082e-06 -0)
(2.8344e-05 -5.68994e-07 -0)
(4.1043e-05 7.53929e-06 -0)
(5.30728e-05 1.22821e-05 -0)
(5.58451e-05 1.27708e-05 -0)
(6.58063e-05 1.27825e-05 -0)
(5.84685e-05 9.04833e-06 -0)
(6.44478e-05 1.61585e-05 -0)
(5.53103e-05 2.00281e-05 -0)
(5.45297e-05 8.77313e-06 -0)
(5.76039e-05 -3.51039e-07 -0)
(6.08556e-05 -1.62279e-06 -0)
(6.55808e-05 -2.13654e-06 -0)
(7.12168e-05 -2.38076e-06 -0)
(7.73322e-05 -2.49292e-06 -0)
(8.36402e-05 -2.52882e-06 -0)
(9.0018e-05 -2.53764e-06 -0)
(9.64311e-05 -2.54419e-06 -0)
(0.000102881 -2.53692e-06 -0)
(0.000109321 -2.49714e-06 -0)
(0.000115643 -2.4152e-06 -0)
(0.000121709 -2.39903e-06 -0)
(0.000127533 -2.56267e-06 -0)
(0.000133263 -3.85708e-06 -0)
(0.000139331 -6.42128e-06 -0)
(0.000146058 -5.22277e-06 -0)
(0.000154165 -1.35834e-06 -0)
(0.000165668 -1.53113e-08 -0)
(0.000174275 -6.26817e-07 -0)
(4.94329e-06 -2.83529e-05 -0)
(1.35181e-05 -1.79143e-05 -0)
(2.29205e-05 -9.12663e-06 -0)
(3.17803e-05 -1.9577e-06 -0)
(4.26621e-05 2.83085e-06 -0)
(4.96339e-05 5.20237e-06 -0)
(5.8614e-05 6.74255e-06 -0)
(6.20382e-05 7.92517e-06 -0)
(6.82086e-05 1.11586e-05 -0)
(7.82328e-05 1.23135e-05 -0)
(8.55847e-05 4.37608e-06 -0)
(9.23337e-05 -3.71814e-06 -0)
(0.000100282 -7.82202e-06 -0)
(0.000109704 -9.93083e-06 -0)
(0.000120147 -1.10217e-05 -0)
(0.000131134 -1.14936e-05 -0)
(0.000141978 -1.15477e-05 -0)
(0.0001524 -1.14495e-05 -0)
(0.000162263 -1.13731e-05 -0)
(0.000171836 -1.13678e-05 -0)
(0.000181332 -1.13118e-05 -0)
(0.000190909 -1.10183e-05 -0)
(0.000199877 -1.04634e-05 -0)
(0.000207812 -9.94054e-06 -0)
(0.000213798 -1.00515e-05 -0)
(0.000218323 -1.13355e-05 -0)
(0.000222691 -1.31236e-05 -0)
(0.000233345 -1.64091e-05 -0)
(0.00024955 -1.88198e-05 -0)
(0.000270128 -1.23508e-05 -0)
(6.76356e-06 -3.75859e-05 -0)
(1.93514e-05 -2.77384e-05 -0)
(3.11189e-05 -1.85462e-05 -0)
(4.19436e-05 -1.09627e-05 -0)
(5.1883e-05 -5.38218e-06 -0)
(6.07699e-05 -1.86832e-06 -0)
(6.89099e-05 4.88356e-07 -0)
(7.72026e-05 2.0921e-06 -0)
(8.62642e-05 2.57839e-06 -0)
(9.94439e-05 4.27487e-07 -0)
(0.000112639 -5.60468e-06 -0)
(0.000124419 -1.27931e-05 -0)
(0.000136324 -1.83186e-05 -0)
(0.000148906 -2.18484e-05 -0)
(0.000161458 -2.36424e-05 -0)
(0.000173944 -2.40796e-05 -0)
(0.000185181 -2.33377e-05 -0)
(0.000195072 -2.21216e-05 -0)
(0.00020296 -2.10167e-05 -0)
(0.000209748 -2.05883e-05 -0)
(0.000216359 -2.07222e-05 -0)
(0.000223808 -2.04898e-05 -0)
(0.000231133 -1.89071e-05 -0)
(0.000236527 -1.59958e-05 -0)
(0.00023808 -1.32258e-05 -0)
(0.00023908 -1.31052e-05 -0)
(0.000237704 -1.6605e-05 -0)
(0.000240794 -2.58471e-05 -0)
(0.000244886 -3.69521e-05 -0)
(0.00026376 -3.75965e-05 -0)
(1.33473e-05 -5.43965e-05 -0)
(3.64317e-05 -4.02473e-05 -0)
(5.09758e-05 -3.02549e-05 -0)
(6.20953e-05 -2.19301e-05 -0)
(7.15815e-05 -1.54972e-05 -0)
(8.07659e-05 -1.12793e-05 -0)
(9.00336e-05 -8.9358e-06 -0)
(0.000100283 -8.44105e-06 -0)
(0.000112173 -1.01918e-05 -0)
(0.000125489 -1.42186e-05 -0)
(0.000138891 -1.99519e-05 -0)
(0.000150634 -2.60438e-05 -0)
(0.000161237 -3.11727e-05 -0)
(0.000170962 -3.44057e-05 -0)
(0.000179258 -3.55507e-05 -0)
(0.000187128 -3.49498e-05 -0)
(0.000192964 -3.23349e-05 -0)
(0.000197947 -2.87465e-05 -0)
(0.000199226 -2.51083e-05 -0)
(0.000199031 -2.36733e-05 -0)
(0.000198584 -2.45804e-05 -0)
(0.00019998 -2.59119e-05 -0)
(0.000203799 -2.37084e-05 -0)
(0.00020445 -1.69762e-05 -0)
(0.000200659 -1.1488e-05 -0)
(0.000199792 -9.83762e-06 -0)
(0.000191517 -1.22086e-05 -0)
(0.000192254 -2.03437e-05 -0)
(0.000174702 -3.6465e-05 -0)
(0.000215211 -7.45773e-05 -0)
(8.93758e-05 -7.95412e-05 -0)
(8.36964e-05 -6.15317e-05 -0)
(8.08601e-05 -4.34302e-05 -0)
(8.15382e-05 -3.14224e-05 -0)
(8.37931e-05 -2.38237e-05 -0)
(8.87143e-05 -1.98607e-05 -0)
(9.48212e-05 -1.83452e-05 -0)
(0.000102925 -1.92128e-05 -0)
(0.000112453 -2.20303e-05 -0)
(0.000122247 -2.60903e-05 -0)
(0.000132593 -3.07737e-05 -0)
(0.000140863 -3.48353e-05 -0)
(0.00014853 -3.82115e-05 -0)
(0.000153372 -3.96252e-05 -0)
(0.000156822 -3.95813e-05 -0)
(0.000159414 -3.8052e-05 -0)
(0.000159779 -3.44721e-05 -0)
(0.00016184 -2.88304e-05 -0)
(0.000157455 -2.14021e-05 -0)
(0.000152751 -1.88581e-05 -0)
(0.000146382 -2.08488e-05 -0)
(0.000143451 -2.66134e-05 -0)
(0.000145352 -2.58885e-05 -0)
(0.000141402 -1.31646e-05 -0)
(0.000137789 -6.78063e-06 -0)
(0.000132893 -4.95653e-06 -0)
(0.000129909 -6.65813e-06 -0)
(0.00012011 -1.21691e-05 -0)
(0.000111514 -3.48805e-05 -0)
(6.68715e-05 -0.000121545 -0)
(8.07624e-05 -5.18995e-05 -0)
(6.79865e-05 -4.01802e-05 -0)
(6.2986e-05 -3.17826e-05 -0)
(6.38954e-05 -2.65389e-05 -0)
(6.71263e-05 -2.33266e-05 -0)
(7.35212e-05 -2.25348e-05 -0)
(8.00721e-05 -2.31519e-05 -0)
(8.93728e-05 -2.59731e-05 -0)
(9.82715e-05 -2.97074e-05 -0)
(0.000108263 -3.43931e-05 -0)
(0.000118204 -3.87894e-05 -0)
(0.000125534 -4.15108e-05 -0)
(0.000132122 -4.30572e-05 -0)
(0.000131811 -4.16447e-05 -0)
(0.000131715 -4.04692e-05 -0)
(0.000128238 -3.7379e-05 -0)
(0.00012397 -3.45135e-05 -0)
(0.000123172 -2.80233e-05 -0)
(0.000114945 -1.41839e-05 -0)
(0.000109704 -1.08636e-05 -0)
(9.76393e-05 -1.25942e-05 -0)
(9.62486e-05 -2.4047e-05 -0)
(8.23525e-05 -3.02602e-05 -0)
(8.01074e-05 -6.55519e-06 -0)
(7.63214e-05 -1.9823e-06 -0)
(7.27305e-05 -1.53905e-06 -0)
(7.00402e-05 -2.18199e-06 -0)
(6.18779e-05 -4.4157e-06 -0)
(5.31573e-05 -1.00352e-05 -0)
(1.01887e-05 -6.05582e-06 -0)
(8.61145e-05 -4.32536e-05 -0)
(8.13422e-05 -4.09886e-05 -0)
(7.95591e-05 -3.75861e-05 -0)
(8.00526e-05 -3.42885e-05 -0)
(8.16533e-05 -3.2091e-05 -0)
(8.53732e-05 -3.19409e-05 -0)
(8.86596e-05 -3.31419e-05 -0)
(9.5115e-05 -3.67484e-05 -0)
(9.9357e-05 -4.0262e-05 -0)
(0.000107119 -4.53094e-05 -0)
(0.000112193 -4.79033e-05 -0)
(0.000115754 -4.79717e-05 -0)
(0.000116004 -4.44976e-05 -0)
(0.000106573 -3.78345e-05 -0)
(0.000101057 -3.58269e-05 -0)
(8.87697e-05 -2.99407e-05 -0)
(8.40701e-05 -2.8517e-05 -0)
(6.94236e-05 -2.82603e-05 -0)
(6.52931e-05 -3.77574e-06 -0)
(6.10635e-05 -2.49953e-06 -0)
(4.92933e-05 -3.02143e-06 -0)
(5.16321e-05 -9.428e-06 -0)
(4.1007e-06 -7.74496e-07 -0)
(9.25512e-07 -1.4139e-07 -0)
(7.40845e-07 -1.65849e-07 -0)
(6.81221e-07 -2.03979e-07 -0)
(6.40945e-07 -2.54631e-07 -0)
(5.64816e-07 -3.19614e-07 -0)
(4.34532e-07 -3.85808e-07 -0)
(1.7868e-07 -4.67476e-07 -0)
(8.77826e-05 -3.58911e-05 -0)
(8.15895e-05 -3.43962e-05 -0)
(7.67184e-05 -3.22733e-05 -0)
(7.34721e-05 -3.0428e-05 -0)
(7.26068e-05 -2.99505e-05 -0)
(7.30274e-05 -3.08239e-05 -0)
(7.54141e-05 -3.3584e-05 -0)
(7.94909e-05 -3.78001e-05 -0)
(8.27236e-05 -4.2144e-05 -0)
(9.02148e-05 -4.80633e-05 -0)
(9.11514e-05 -4.8535e-05 -0)
(9.24256e-05 -4.64357e-05 -0)
(8.45573e-05 -3.64201e-05 -0)
(7.10592e-05 -2.50906e-05 -0)
(6.33012e-05 -2.47535e-05 -0)
(4.37489e-05 -2.20559e-05 -0)
(4.44755e-05 -9.91301e-06 -0)
(5.24108e-07 -6.26518e-08 -0)
(7.73085e-07 -6.59124e-08 -0)
(5.53612e-07 -5.98458e-08 -0)
(4.82803e-07 -5.46459e-08 -0)
(4.65261e-07 -1.83858e-08 -0)
(6.25716e-07 4.06703e-08 -0)
(7.23054e-07 -1.92838e-07 -0)
(6.55098e-07 -2.91665e-07 -0)
(5.93598e-07 -3.708e-07 -0)
(5.27927e-07 -4.62741e-07 -0)
(4.36338e-07 -5.70919e-07 -0)
(3.03331e-07 -6.78279e-07 -0)
(1.12662e-07 -7.75659e-07 -0)
(8.80998e-05 -2.95669e-05 -0)
(8.30047e-05 -2.93472e-05 -0)
(7.84323e-05 -2.90928e-05 -0)
(7.57272e-05 -2.96501e-05 -0)
(7.43939e-05 -3.11477e-05 -0)
(7.3847e-05 -3.38761e-05 -0)
(7.58673e-05 -3.86052e-05 -0)
(7.66218e-05 -4.31983e-05 -0)
(7.95249e-05 -4.91189e-05 -0)
(8.23875e-05 -5.32306e-05 -0)
(7.61877e-05 -4.88955e-05 -0)
(7.14984e-05 -4.23741e-05 -0)
(5.14121e-05 -2.69628e-05 -0)
(4.17351e-05 -1.11176e-05 -0)
(3.11706e-05 -7.62401e-06 -0)
(4.47983e-07 -4.31878e-08 -0)
(6.2929e-07 1.74011e-08 -0)
(6.11668e-07 1.07745e-07 -0)
(6.2769e-07 -8.36588e-08 -0)
(5.63042e-07 -9.27409e-08 -0)
(5.2261e-07 -8.90179e-08 -0)
(5.18046e-07 -4.89929e-08 -0)
(5.65607e-07 -3.55699e-08 -0)
(5.93399e-07 -1.49441e-07 -0)
(5.62883e-07 -2.36572e-07 -0)
(5.10146e-07 -3.11649e-07 -0)
(4.40826e-07 -3.86894e-07 -0)
(3.49278e-07 -4.63623e-07 -0)
(2.29792e-07 -5.33078e-07 -0)
(8.13004e-08 -5.81694e-07 -0)
(8.82842e-05 -2.39887e-05 -0)
(8.37119e-05 -2.44002e-05 -0)
(7.82522e-05 -2.48216e-05 -0)
(7.49319e-05 -2.64551e-05 -0)
(7.06699e-05 -2.84008e-05 -0)
(6.85258e-05 -3.22917e-05 -0)
(6.69264e-05 -3.70279e-05 -0)
(6.44224e-05 -4.15689e-05 -0)
(6.66503e-05 -4.81785e-05 -0)
(6.13285e-05 -4.65562e-05 -0)
(5.02825e-05 -3.81885e-05 -0)
(3.60052e-05 -2.66644e-05 -0)
(6.52879e-06 -1.63807e-06 -0)
(4.60902e-07 -3.8529e-08 -0)
(4.35828e-07 3.18175e-08 -0)
(5.18273e-07 1.26842e-07 -0)
(5.61708e-07 3.77065e-08 -0)
(5.72113e-07 2.94227e-08 -0)
(5.72602e-07 -3.14859e-08 -0)
(5.48254e-07 -5.59172e-08 -0)
(5.26551e-07 -6.37065e-08 -0)
(5.18709e-07 -6.18949e-08 -0)
(5.25268e-07 -7.67837e-08 -0)
(5.22052e-07 -1.32795e-07 -0)
(4.9289e-07 -1.93531e-07 -0)
(4.43276e-07 -2.52329e-07 -0)
(3.75953e-07 -3.09564e-07 -0)
(2.90154e-07 -3.63598e-07 -0)
(1.8526e-07 -4.08714e-07 -0)
(6.40464e-08 -4.36344e-07 -0)
(8.83602e-05 -1.86665e-05 -0)
(8.38447e-05 -1.92695e-05 -0)
(7.77238e-05 -1.99978e-05 -0)
(7.4033e-05 -2.21096e-05 -0)
(6.75432e-05 -2.43959e-05 -0)
(6.50418e-05 -2.96227e-05 -0)
(5.91923e-05 -3.42223e-05 -0)
(5.69245e-05 -4.11495e-05 -0)
(5.54515e-05 -4.61648e-05 -0)
(4.22484e-05 -3.70445e-05 -0)
(2.71141e-05 -2.35985e-05 -0)
(2.9712e-07 -3.83355e-08 -0)
(4.99086e-07 3.64614e-08 -0)
(4.86051e-07 1.03785e-08 -0)
(4.78496e-07 4.99138e-08 -0)
(5.07438e-07 5.92128e-08 -0)
(5.3187e-07 3.27548e-08 -0)
(5.42475e-07 1.33639e-08 -0)
(5.4235e-07 -1.57904e-08 -0)
(5.30821e-07 -3.57351e-08 -0)
(5.16633e-07 -4.79956e-08 -0)
(5.04969e-07 -5.80963e-08 -0)
(4.94707e-07 -7.68738e-08 -0)
(4.76651e-07 -1.11423e-07 -0)
(4.4335e-07 -1.52428e-07 -0)
(3.94113e-07 -1.9457e-07 -0)
(3.29557e-07 -2.35433e-07 -0)
(2.50127e-07 -2.7249e-07 -0)
(1.57046e-07 -3.01835e-07 -0)
(5.36701e-08 -3.18625e-07 -0)
(8.84464e-05 -1.33936e-05 -0)
(8.36677e-05 -1.39205e-05 -0)
(7.73292e-05 -1.47019e-05 -0)
(7.28299e-05 -1.65541e-05 -0)
(6.49755e-05 -1.88261e-05 -0)
(6.081e-05 -2.39126e-05 -0)
(5.05211e-05 -2.80588e-05 -0)
(4.75462e-05 -3.65975e-05 -0)
(3.80483e-05 -3.57097e-05 -0)
(2.14033e-05 -2.11019e-05 -0)
(1.9744e-07 -2.56505e-08 -0)
(4.49041e-07 7.10684e-08 -0)
(4.58677e-07 4.64733e-08 -0)
(4.75161e-07 2.6673e-08 -0)
(4.84662e-07 3.1677e-08 -0)
(5.01114e-07 3.20538e-08 -0)
(5.15859e-07 2.07355e-08 -0)
(5.23568e-07 7.0688e-09 -0)
(5.23502e-07 -9.30354e-09 -0)
(5.16048e-07 -2.32368e-08 -0)
(5.0419e-07 -3.44444e-08 -0)
(4.8983e-07 -4.56214e-08 -0)
(4.71941e-07 -6.11912e-08 -0)
(4.46497e-07 -8.35957e-08 -0)
(4.09743e-07 -1.10189e-07 -0)
(3.60271e-07 -1.38091e-07 -0)
(2.98033e-07 -1.65109e-07 -0)
(2.23752e-07 -1.89094e-07 -0)
(1.39125e-07 -2.07513e-07 -0)
(4.72566e-08 -2.17696e-07 -0)
(8.8523e-05 -8.07641e-06 -0)
(8.34175e-05 -8.40836e-06 -0)
(7.71186e-05 -9.00162e-06 -0)
(7.17458e-05 -1.01718e-05 -0)
(6.3523e-05 -1.18966e-05 -0)
(5.71499e-05 -1.54318e-05 -0)
(4.43536e-05 -1.92942e-05 -0)
(3.75521e-05 -2.7426e-05 -0)
(2.01632e-05 -2.16065e-05 -0)
(1.74288e-07 -1.13951e-07 -0)
(3.8869e-07 1.83923e-08 -0)
(4.29312e-07 1.73137e-08 -0)
(4.54692e-07 2.19383e-08 -0)
(4.71255e-07 1.81602e-08 -0)
(4.83877e-07 1.80674e-08 -0)
(4.96497e-07 1.6591e-08 -0)
(5.06885e-07 1.10654e-08 -0)
(5.12436e-07 3.48017e-09 -0)
(5.12044e-07 -5.255e-09 -0)
(5.0568e-07 -1.34651e-08 -0)
(4.94248e-07 -2.09234e-08 -0)
(4.78222e-07 -2.87529e-08 -0)
(4.56732e-07 -3.86747e-08 -0)
(4.27654e-07 -5.158e-08 -0)
(3.88854e-07 -6.66402e-08 -0)
(3.39193e-07 -8.24959e-08 -0)
(2.78554e-07 -9.78161e-08 -0)
(2.07723e-07 -1.11266e-07 -0)
(1.28444e-07 -1.21426e-07 -0)
(4.34867e-08 -1.26951e-07 -0)
(8.8665e-05 -2.70371e-06 -0)
(8.31215e-05 -2.80582e-06 -0)
(7.7212e-05 -3.03982e-06 -0)
(7.09011e-05 -3.40708e-06 -0)
(6.32758e-05 -4.07719e-06 -0)
(5.47882e-05 -5.23443e-06 -0)
(4.20844e-05 -7.25519e-06 -0)
(2.88128e-05 -1.13713e-05 -0)
(2.69028e-06 -3.6263e-06 -0)
(2.49021e-07 -7.94428e-08 -0)
(4.69908e-07 -1.7469e-08 -0)
(4.52587e-07 1.13037e-09 -0)
(4.59523e-07 5.80609e-09 -0)
(4.7129e-07 5.96155e-09 -0)
(4.83093e-07 5.84141e-09 -0)
(4.94112e-07 5.17783e-09 -0)
(5.02749e-07 3.45676e-09 -0)
(5.07248e-07 1.0412e-09 -0)
(5.06557e-07 -1.73182e-09 -0)
(5.0038e-07 -4.44585e-09 -0)
(4.88902e-07 -7.03216e-09 -0)
(4.72079e-07 -9.79204e-09 -0)
(4.49114e-07 -1.31754e-08 -0)
(4.18532e-07 -1.74104e-08 -0)
(3.78827e-07 -2.22973e-08 -0)
(3.29095e-07 -2.74375e-08 -0)
(2.69264e-07 -3.23959e-08 -0)
(2.00142e-07 -3.67275e-08 -0)
(1.2344e-07 -3.99769e-08 -0)
(4.17318e-08 -4.17318e-08 -0)
)
;

boundaryField
{
    inlet1
    {
        type            extrapolatedCalculated;
        value           nonuniform List<vector> 10((1e-05 1.07878e-05 -0) (1e-05 7.95978e-05 -0) (1e-05 0.000143445 -0) (1e-05 0.000157842 -0) (1e-05 0.000173774 -0) (1e-05 0.000198151 -0) (1e-05 0.000230947 -0) (1e-05 0.000261437 -0) (1e-05 0.000280779 -0) (1e-05 0.000279339 -0));
    }
    inlet2
    {
        type            extrapolatedCalculated;
        value           nonuniform List<vector> 10((-0 8.67494e-05 -0) (-0 8.21228e-05 -0) (-0 7.91681e-05 -0) (-0 7.45254e-05 -0) (-0 6.21985e-05 -0) (-0 -1.12429e-05 -0) (-0 -1.60565e-05 -0) (-0 -2.83529e-05 -0) (-0 -3.75859e-05 -0) (-0 -5.43965e-05 -0));
    }
    inlet3
    {
        type            extrapolatedCalculated;
        value           nonuniform List<vector> 10((9.13394e-05 -6.93703e-05 -0) (9.13394e-05 -5.5171e-05 -0) (9.13394e-05 -4.42799e-05 -0) (9.13394e-05 -3.63618e-05 -0) (9.13394e-05 -2.98931e-05 -0) (9.13394e-05 -2.41641e-05 -0) (9.13394e-05 -1.87378e-05 -0) (9.13394e-05 -1.33986e-05 -0) (9.13394e-05 -8.058e-06 -0) (9.13394e-05 -2.69089e-06 -0));
    }
    output1
    {
        type            extrapolatedCalculated;
        value           nonuniform List<vector> 10((-0 2.38804e-08 -0) (-0 7.24374e-08 -0) (-0 1.23496e-07 -0) (-0 1.79142e-07 -0) (-0 2.42251e-07 -0) (-0 3.17269e-07 -0) (-0 4.11883e-07 -0) (-0 5.41108e-07 -0) (-0 7.38541e-07 -0) (-0 1.09118e-06 -0));
    }
    output2
    {
        type            extrapolatedCalculated;
        value           nonuniform List<vector> 10((2.02293e-06 8.47502e-07 -0) (1.27725e-06 2.51154e-07 -0) (1.01831e-06 9.12787e-08 -0) (9.12132e-07 3.66351e-08 -0) (8.71772e-07 9.43666e-09 -0) (5.77856e-07 2.81436e-09 -0) (0.000176326 -6.26817e-07 -0) (0.000275829 -1.23508e-05 -0) (0.000282441 -3.75965e-05 -0) (0.000272118 -7.45773e-05 -0));
    }
    output3
    {
        type            extrapolatedCalculated;
        value           nonuniform List<vector> 10((-0 -0.000121545 -0) (-0 -6.05582e-06 -0) (-0 -4.67476e-07 -0) (-0 -7.75659e-07 -0) (-0 -5.81694e-07 -0) (-0 -4.36344e-07 -0) (-0 -3.18625e-07 -0) (-0 -2.17696e-07 -0) (-0 -1.26951e-07 -0) (-0 -4.17318e-08 -0));
    }
    up
    {
        type            extrapolatedCalculated;
        value           nonuniform List<vector> 
30
(
(8.8665e-05 -0 -0)
(8.31215e-05 -0 -0)
(7.7212e-05 -0 -0)
(7.09011e-05 -0 -0)
(6.32758e-05 -0 -0)
(5.47882e-05 -0 -0)
(4.20844e-05 -0 -0)
(2.88128e-05 -0 -0)
(2.69028e-06 -0 -0)
(2.49021e-07 -0 -0)
(4.69908e-07 -0 -0)
(4.52587e-07 -0 -0)
(4.59523e-07 -0 -0)
(4.7129e-07 -0 -0)
(4.83093e-07 -0 -0)
(4.94112e-07 -0 -0)
(5.02749e-07 -0 -0)
(5.07248e-07 -0 -0)
(5.06557e-07 -0 -0)
(5.0038e-07 -0 -0)
(4.88902e-07 -0 -0)
(4.72079e-07 -0 -0)
(4.49114e-07 -0 -0)
(4.18532e-07 -0 -0)
(3.78827e-07 -0 -0)
(3.29095e-07 -0 -0)
(2.69264e-07 -0 -0)
(2.00142e-07 -0 -0)
(1.2344e-07 -0 -0)
(4.17318e-08 -0 -0)
)
;
    }
    down
    {
        type            extrapolatedCalculated;
        value           nonuniform List<vector> 
30
(
(5.75355e-06 -0 -0)
(1.18396e-06 -0 -0)
(7.99481e-07 -0 -0)
(3.21828e-07 -0 -0)
(3.23272e-07 -0 -0)
(3.67703e-07 -0 -0)
(3.50285e-07 -0 -0)
(3.4344e-07 -0 -0)
(3.41072e-07 -0 -0)
(3.40877e-07 -0 -0)
(3.41765e-07 -0 -0)
(3.43089e-07 -0 -0)
(3.44381e-07 -0 -0)
(3.45256e-07 -0 -0)
(3.4537e-07 -0 -0)
(3.44392e-07 -0 -0)
(3.41992e-07 -0 -0)
(3.37826e-07 -0 -0)
(3.3153e-07 -0 -0)
(3.22714e-07 -0 -0)
(3.10964e-07 -0 -0)
(2.95844e-07 -0 -0)
(2.76921e-07 -0 -0)
(2.53789e-07 -0 -0)
(2.26128e-07 -0 -0)
(1.93768e-07 -0 -0)
(1.56773e-07 -0 -0)
(1.15536e-07 -0 -0)
(7.08451e-08 -0 -0)
(2.38801e-08 -0 -0)
)
;
    }
    emptyWalls
    {
        type            empty;
    }
}


// ************************************************************************* //
