/*--------------------------------*- C++ -*----------------------------------*\
  =========                 |
  \\      /  F ield         | OpenFOAM: The Open Source CFD Toolbox
   \\    /   O peration     | Website:  https://openfoam.org
    \\  /    A nd           | Version:  9
     \\/     M anipulation  |
\*---------------------------------------------------------------------------*/
FoamFile
{
    format      ascii;
    class       volScalarField;
    location    "7000";
    object      alpha;
}
// * * * * * * * * * * * * * * * * * * * * * * * * * * * * * * * * * * * * * //

dimensions      [0 2 -1 0 0 0 0];

internalField   nonuniform List<scalar> 
900
(
-1.09206e-10
-8.84326e-12
-6.39122e-12
-6.70669e-14
-4.06396e-14
-4.0652e-14
-4.0652e-14
-4.0652e-14
-4.0652e-14
-4.0652e-14
-4.0652e-14
-4.0652e-14
-4.0652e-14
-4.0652e-14
-4.0652e-14
-4.0652e-14
-4.0652e-14
-4.0652e-14
-4.0652e-14
-4.0652e-14
-4.0652e-14
-4.0652e-14
-4.0652e-14
-4.0652e-14
-4.0652e-14
-4.0652e-14
-4.0652e-14
-4.0652e-14
-4.0652e-14
-4.0652e-14
-3.29244e-11
-1.54609e-11
-9.03101e-12
-2.96253e-14
-4.06507e-14
-4.0652e-14
-4.0652e-14
-4.0652e-14
-4.0652e-14
-4.0652e-14
-4.0652e-14
-4.0652e-14
-4.0652e-14
-4.0652e-14
-4.0652e-14
-4.0652e-14
-4.0652e-14
-4.0652e-14
-4.0652e-14
-4.0652e-14
-4.0652e-14
-4.0652e-14
-4.0652e-14
-4.0652e-14
-4.0652e-14
-4.0652e-14
-4.0652e-14
-4.0652e-14
-4.0652e-14
-4.0652e-14
-1.59069e-10
-2.28287e-11
-7.93887e-12
-2.64621e-14
-4.06517e-14
-4.0652e-14
-4.0652e-14
-4.0652e-14
-4.0652e-14
-4.0652e-14
-4.0652e-14
-4.0652e-14
-4.0652e-14
-4.0652e-14
-4.0652e-14
-4.0652e-14
-4.0652e-14
-4.0652e-14
-4.0652e-14
-4.0652e-14
-4.0652e-14
-4.0652e-14
-4.0652e-14
-4.0652e-14
-4.0652e-14
-4.0652e-14
-4.0652e-14
-4.0652e-14
-4.0652e-14
-4.0652e-14
-8.95901e-11
-1.63859e-11
-7.01345e-12
-2.88323e-14
-4.0652e-14
-4.0652e-14
-4.0652e-14
-4.0652e-14
-4.0652e-14
-4.0652e-14
-4.0652e-14
-4.0652e-14
-4.0652e-14
-4.0652e-14
-4.0652e-14
-4.0652e-14
-4.0652e-14
-4.0652e-14
-4.0652e-14
-4.0652e-14
-4.0652e-14
-4.0652e-14
-4.0652e-14
-4.0652e-14
-4.0652e-14
-4.0652e-14
-4.0652e-14
-4.0652e-14
-4.0652e-14
-4.0652e-14
-1.44303e-10
-1.47584e-11
-9.05485e-12
-3.47819e-14
-4.0652e-14
-4.0652e-14
-4.0652e-14
-4.0652e-14
-4.0652e-14
-4.0652e-14
-4.0652e-14
-4.0652e-14
-4.0652e-14
-4.0652e-14
-4.0652e-14
-4.0652e-14
-4.0652e-14
-4.0652e-14
-4.0652e-14
-4.0652e-14
-4.0652e-14
-4.0652e-14
-4.0652e-14
-4.0652e-14
-4.0652e-14
-4.0652e-14
-4.0652e-14
-4.0652e-14
-4.0652e-14
-4.0652e-14
-8.87444e-11
-9.63059e-12
-1.20067e-12
-4.02497e-14
-4.0652e-14
-4.0652e-14
-4.0652e-14
-4.0652e-14
-4.0652e-14
-4.0652e-14
-4.0652e-14
-4.0652e-14
-4.0652e-14
-4.0652e-14
-4.0652e-14
-4.0652e-14
-4.0652e-14
-4.0652e-14
-4.0652e-14
-4.0652e-14
-4.0652e-14
-4.0652e-14
-4.0652e-14
-4.0652e-14
-4.0652e-14
-4.0652e-14
-4.0652e-14
-4.0652e-14
-4.0652e-14
-4.0652e-14
-1.16177e-10
-8.99381e-12
-7.44881e-14
-4.06306e-14
-4.0652e-14
-4.0652e-14
-4.0652e-14
-4.0652e-14
-4.0652e-14
-4.0652e-14
-4.0652e-14
-4.0652e-14
-4.0652e-14
-4.0652e-14
-4.0652e-14
-4.0652e-14
-4.0652e-14
-4.0652e-14
-4.0652e-14
-4.0652e-14
-4.0652e-14
-4.0652e-14
-4.0652e-14
-4.0652e-14
-4.0652e-14
-4.0652e-14
-4.0652e-14
-4.0652e-14
-4.0652e-14
-4.0652e-14
-8.5925e-11
-9.01674e-12
-3.1076e-14
-4.06499e-14
-4.0652e-14
-4.0652e-14
-4.0652e-14
-4.0652e-14
-4.0652e-14
-4.0652e-14
-4.0652e-14
-4.0652e-14
-4.0652e-14
-4.0652e-14
-4.0652e-14
-4.0652e-14
-4.0652e-14
-4.0652e-14
-4.0652e-14
-4.0652e-14
-4.0652e-14
-4.0652e-14
-4.0652e-14
-4.0652e-14
-4.0652e-14
-4.0652e-14
-4.0652e-14
-4.0652e-14
-4.0652e-14
-4.0652e-14
-1.17613e-10
-1.05128e-11
-2.88824e-14
-4.0652e-14
-4.0652e-14
-4.0652e-14
-4.0652e-14
-4.0652e-14
-4.0652e-14
-4.0652e-14
-4.0652e-14
-4.0652e-14
-4.0652e-14
-4.0652e-14
-4.0652e-14
-4.0652e-14
-4.0652e-14
-4.0652e-14
-4.0652e-14
-4.0652e-14
-4.0652e-14
-4.0652e-14
-4.0652e-14
-4.0652e-14
-4.0652e-14
-4.0652e-14
-4.0652e-14
-4.0652e-14
-4.0652e-14
-4.0652e-14
-1.07517e-10
-1.1083e-11
-3.39876e-14
-4.0652e-14
-4.0652e-14
-4.0652e-14
-4.0652e-14
-4.0652e-14
-4.0652e-14
-4.0652e-14
-4.0652e-14
-4.0652e-14
-4.0652e-14
-4.0652e-14
-4.0652e-14
-4.0652e-14
-4.0652e-14
-4.0652e-14
-4.0652e-14
-4.0652e-14
-4.0652e-14
-4.0652e-14
-4.0652e-14
-4.0652e-14
-4.0652e-14
-4.0652e-14
-4.0652e-14
-4.0652e-14
-4.0652e-14
-4.0652e-14
-1.64557e-10
-1.49713e-11
-4.28141e-14
-4.0651e-14
-4.0652e-14
-4.0652e-14
-4.0652e-14
-4.0652e-14
-4.0652e-14
-4.0652e-14
-4.0652e-14
-4.0652e-14
-4.0652e-14
-4.0652e-14
-4.0652e-14
-4.0652e-14
-4.0652e-14
-4.0652e-14
-4.0652e-14
-4.0652e-14
-4.0652e-14
-4.0652e-14
-4.0652e-14
-4.0652e-14
-4.0652e-14
-4.0652e-14
-4.0652e-14
-4.0652e-14
-4.0652e-14
-4.0652e-14
-1.44034e-10
-1.62724e-11
-4.47991e-12
-3.66898e-14
-4.06417e-14
-4.0652e-14
-4.0652e-14
-4.0652e-14
-4.0652e-14
-4.0652e-14
-4.0652e-14
-4.0652e-14
-4.0652e-14
-4.0652e-14
-4.0652e-14
-4.0652e-14
-4.0652e-14
-4.0652e-14
-4.0652e-14
-4.0652e-14
-4.0652e-14
-4.0652e-14
-4.0652e-14
-4.0652e-14
-4.0652e-14
-4.0652e-14
-4.0652e-14
-4.0652e-14
-4.0652e-14
-4.0652e-14
-2.77487e-10
-2.82689e-11
-8.77589e-12
-4.22103e-12
-1.89178e-13
-4.06262e-14
-4.0652e-14
-4.0652e-14
-4.0652e-14
-4.0652e-14
-4.0652e-14
-4.0652e-14
-4.0652e-14
-4.0652e-14
-4.0652e-14
-4.0652e-14
-4.0652e-14
-4.0652e-14
-4.0652e-14
-4.0652e-14
-4.0652e-14
-4.0652e-14
-4.0652e-14
-4.0652e-14
-4.0652e-14
-4.0652e-14
-4.0652e-14
-4.0652e-14
-4.0652e-14
-4.0652e-14
-2.85334e-10
-2.64875e-11
-1.15477e-11
-8.30439e-12
-6.68322e-12
-2.64654e-14
-4.0652e-14
-4.0652e-14
-4.0652e-14
-4.0652e-14
-4.0652e-14
-4.0652e-14
-4.0652e-14
-4.0652e-14
-4.0652e-14
-4.0652e-14
-4.0652e-14
-4.0652e-14
-4.0652e-14
-4.0652e-14
-4.0652e-14
-4.0652e-14
-4.0652e-14
-4.0652e-14
-4.0652e-14
-4.0652e-14
-4.0652e-14
-4.0652e-14
-4.0652e-14
-4.0652e-14
-8.41244e-10
-7.56007e-11
-1.25345e-11
-6.39275e-12
-4.98444e-12
-2.88373e-12
-3.62689e-14
-4.06518e-14
-4.0652e-14
-4.0652e-14
-4.0652e-14
-4.0652e-14
-4.0652e-14
-4.0652e-14
-4.0652e-14
-4.0652e-14
-4.0652e-14
-4.0652e-14
-4.0652e-14
-4.0652e-14
-4.0652e-14
-4.0652e-14
-4.0652e-14
-4.0652e-14
-4.0652e-14
-4.0652e-14
-4.0652e-14
-4.0652e-14
-4.0652e-14
-4.0652e-14
-5.55636e-10
-1.33592e-10
-4.93859e-11
-2.6011e-11
-1.66463e-11
-1.21299e-11
-7.73265e-12
-8.29669e-12
-2.72964e-14
-3.87018e-14
-3.65548e-14
-3.52158e-14
-3.3129e-14
-3.11885e-14
-2.9667e-14
-2.86945e-14
-2.82758e-14
-2.83193e-14
-2.85958e-14
-2.81665e-14
-2.79287e-14
-2.67615e-14
-2.6473e-14
-2.83107e-14
-3.05307e-14
-4.19272e-14
-7.91455e-14
-1.13593e-13
-6.21224e-14
-2.82174e-14
-6.19082e-11
-3.22093e-11
-2.50625e-11
-1.98964e-11
-1.61313e-11
-1.52698e-11
-1.22249e-11
-1.07038e-11
-6.65888e-12
-6.0159e-12
-6.16401e-12
-6.42122e-12
-6.71551e-12
-7.0154e-12
-7.28985e-12
-7.51588e-12
-7.69093e-12
-7.8263e-12
-7.93903e-12
-8.03931e-12
-8.12509e-12
-8.17993e-12
-8.19211e-12
-8.14721e-12
-8.07633e-12
-8.00041e-12
-7.99934e-12
-8.04683e-12
-8.26869e-12
-8.39846e-12
-1.87319e-11
-1.63561e-11
-1.48931e-11
-1.42163e-11
-1.33364e-11
-1.3111e-11
-1.2213e-11
-1.1295e-11
-1.09824e-11
-1.04202e-11
-1.05613e-11
-1.10039e-11
-1.15206e-11
-1.20085e-11
-1.24198e-11
-1.27161e-11
-1.28991e-11
-1.29873e-11
-1.30288e-11
-1.30693e-11
-1.31272e-11
-1.31646e-11
-1.31435e-11
-1.30353e-11
-1.28938e-11
-1.26885e-11
-1.24559e-11
-1.22189e-11
-1.22086e-11
-1.24087e-11
-1.66845e-11
-1.55164e-11
-1.57732e-11
-1.58077e-11
-1.5688e-11
-1.52577e-11
-1.48771e-11
-1.44922e-11
-1.4797e-11
-1.48817e-11
-1.50956e-11
-1.54526e-11
-1.57804e-11
-1.59889e-11
-1.6072e-11
-1.60169e-11
-1.58518e-11
-1.5561e-11
-1.52134e-11
-1.48998e-11
-1.46859e-11
-1.4537e-11
-1.43471e-11
-1.41241e-11
-1.39672e-11
-1.37187e-11
-1.33599e-11
-1.26148e-11
-1.16688e-11
-1.08627e-11
-1.5247e-11
-1.73468e-11
-1.94841e-11
-2.01273e-11
-2.02618e-11
-1.98461e-11
-1.95967e-11
-1.94237e-11
-1.94633e-11
-1.93423e-11
-1.90366e-11
-1.86618e-11
-1.81324e-11
-1.74954e-11
-1.67883e-11
-1.60873e-11
-1.54633e-11
-1.47477e-11
-1.40078e-11
-1.33071e-11
-1.27211e-11
-1.23595e-11
-1.19288e-11
-1.16663e-11
-1.15624e-11
-1.14548e-11
-1.12279e-11
-1.06321e-11
-9.04231e-12
-7.07441e-12
-2.24382e-11
-2.60431e-11
-2.58363e-11
-2.4089e-11
-2.29612e-11
-2.16233e-11
-2.10543e-11
-2.03314e-11
-1.99149e-11
-1.92374e-11
-1.84573e-11
-1.75438e-11
-1.64411e-11
-1.53376e-11
-1.41241e-11
-1.30662e-11
-1.23294e-11
-1.1498e-11
-1.07743e-11
-9.96208e-12
-9.14625e-12
-8.52312e-12
-7.96154e-12
-7.7697e-12
-7.80661e-12
-7.72976e-12
-7.8689e-12
-7.4825e-12
-8.64584e-12
-9.53119e-12
-1.82722e-11
-1.73638e-11
-1.73942e-11
-1.74577e-11
-1.78702e-11
-1.77448e-11
-1.82609e-11
-1.79376e-11
-1.81089e-11
-1.74878e-11
-1.69438e-11
-1.58142e-11
-1.44052e-11
-1.30731e-11
-1.1419e-11
-1.00154e-11
-9.02228e-12
-8.18988e-12
-7.79567e-12
-7.09982e-12
-6.22609e-12
-4.47035e-12
-4.11557e-12
-4.11125e-12
-4.16132e-12
-4.20591e-12
-4.33071e-12
-4.32361e-12
-4.45287e-12
-1.40098e-12
-1.90234e-11
-1.94263e-11
-2.01071e-11
-2.06727e-11
-2.08766e-11
-2.0447e-11
-2.04425e-11
-1.92822e-11
-1.90432e-11
-1.7437e-11
-1.6388e-11
-1.40571e-11
-1.19011e-11
-9.98238e-12
-8.1206e-12
-6.67946e-12
-4.66044e-12
-4.27052e-12
-4.20769e-12
-4.17327e-12
-3.98546e-12
-3.54068e-14
-4.0652e-14
-4.0652e-14
-4.0652e-14
-4.0652e-14
-4.0652e-14
-4.0652e-14
-4.0652e-14
-4.0652e-14
-1.9208e-11
-1.89795e-11
-1.85597e-11
-1.86628e-11
-1.82169e-11
-1.81779e-11
-1.78927e-11
-1.70671e-11
-1.69113e-11
-1.48325e-11
-1.33323e-11
-1.00038e-11
-8.0794e-12
-5.28905e-12
-4.28403e-12
-3.87e-12
-3.57742e-14
-4.0652e-14
-4.0652e-14
-4.0652e-14
-4.0652e-14
-4.0652e-14
-4.0652e-14
-4.0652e-14
-4.0652e-14
-4.0652e-14
-4.0652e-14
-4.0652e-14
-4.0652e-14
-4.0652e-14
-1.9296e-11
-1.91772e-11
-1.89266e-11
-1.93335e-11
-1.88971e-11
-1.94246e-11
-1.84882e-11
-1.7923e-11
-1.68695e-11
-1.3409e-11
-1.03681e-11
-5.79574e-12
-5.38447e-12
-7.08461e-13
-4.05717e-14
-4.0652e-14
-4.0652e-14
-4.0652e-14
-4.0652e-14
-4.0652e-14
-4.0652e-14
-4.0652e-14
-4.0652e-14
-4.0652e-14
-4.0652e-14
-4.0652e-14
-4.0652e-14
-4.0652e-14
-4.0652e-14
-4.0652e-14
-1.94199e-11
-1.93698e-11
-1.91947e-11
-1.93728e-11
-1.86817e-11
-1.90472e-11
-1.70808e-11
-1.7018e-11
-1.42221e-11
-9.83898e-12
-5.69221e-12
-5.06517e-13
-4.0612e-14
-4.0652e-14
-4.0652e-14
-4.0652e-14
-4.0652e-14
-4.0652e-14
-4.0652e-14
-4.0652e-14
-4.0652e-14
-4.0652e-14
-4.0652e-14
-4.0652e-14
-4.0652e-14
-4.0652e-14
-4.0652e-14
-4.0652e-14
-4.0652e-14
-4.0652e-14
-1.95278e-11
-1.95205e-11
-1.95463e-11
-1.95924e-11
-1.91827e-11
-1.9274e-11
-1.69854e-11
-1.71464e-11
-1.14896e-11
-6.09338e-12
-5.77425e-14
-4.06515e-14
-4.0652e-14
-4.0652e-14
-4.0652e-14
-4.0652e-14
-4.0652e-14
-4.0652e-14
-4.0652e-14
-4.0652e-14
-4.0652e-14
-4.0652e-14
-4.0652e-14
-4.0652e-14
-4.0652e-14
-4.0652e-14
-4.0652e-14
-4.0652e-14
-4.0652e-14
-4.0652e-14
-1.96051e-11
-1.96557e-11
-1.98852e-11
-1.98846e-11
-1.99098e-11
-1.94224e-11
-1.71956e-11
-1.60347e-11
-6.74856e-12
-3.70647e-14
-4.06519e-14
-4.0652e-14
-4.0652e-14
-4.0652e-14
-4.0652e-14
-4.0652e-14
-4.0652e-14
-4.0652e-14
-4.0652e-14
-4.0652e-14
-4.0652e-14
-4.0652e-14
-4.0652e-14
-4.0652e-14
-4.0652e-14
-4.0652e-14
-4.0652e-14
-4.0652e-14
-4.0652e-14
-4.0652e-14
-1.96563e-11
-1.97519e-11
-2.01391e-11
-2.01605e-11
-2.0701e-11
-1.99435e-11
-1.88232e-11
-1.4742e-11
-3.0016e-13
-4.06465e-14
-4.0652e-14
-4.0652e-14
-4.0652e-14
-4.0652e-14
-4.0652e-14
-4.0652e-14
-4.0652e-14
-4.0652e-14
-4.0652e-14
-4.0652e-14
-4.0652e-14
-4.0652e-14
-4.0652e-14
-4.0652e-14
-4.0652e-14
-4.0652e-14
-4.0652e-14
-4.0652e-14
-4.0652e-14
-4.0652e-14
-1.96914e-11
-1.97813e-11
-2.02998e-11
-2.02625e-11
-2.13015e-11
-2.04148e-11
-2.2126e-11
-1.06959e-11
-3.58836e-14
-4.0652e-14
-4.0652e-14
-4.0652e-14
-4.0652e-14
-4.0652e-14
-4.0652e-14
-4.0652e-14
-4.0652e-14
-4.0652e-14
-4.0652e-14
-4.0652e-14
-4.0652e-14
-4.0652e-14
-4.0652e-14
-4.0652e-14
-4.0652e-14
-4.0652e-14
-4.0652e-14
-4.0652e-14
-4.0652e-14
-4.0652e-14
)
;

boundaryField
{
    inlet1
    {
        type            calculated;
        value           uniform -5e-10;
    }
    inlet2
    {
        type            calculated;
        value           nonuniform List<scalar> 10(-1.64557e-10 -1.44034e-10 -2.77487e-10 -2.85334e-10 -8.41244e-10 -5.55636e-10 -6.19082e-11 -1.87319e-11 -1.66845e-11 -1.5247e-11);
    }
    inlet3
    {
        type            calculated;
        value           uniform -1.95111e-11;
    }
    output1
    {
        type            calculated;
        value           nonuniform List<scalar> 10(-4.0652e-14 -4.0652e-14 -4.0652e-14 -4.0652e-14 -4.0652e-14 -4.0652e-14 -4.0652e-14 -4.0652e-14 -4.0652e-14 -4.0652e-14);
    }
    output2
    {
        type            calculated;
        value           nonuniform List<scalar> 10(-4.0652e-14 -4.0652e-14 -4.0652e-14 -4.0652e-14 -4.0652e-14 -2.82174e-14 -8.39846e-12 -1.24087e-11 -1.08627e-11 -7.07441e-12);
    }
    output3
    {
        type            calculated;
        value           nonuniform List<scalar> 10(-9.53119e-12 -1.40098e-12 -4.0652e-14 -4.0652e-14 -4.0652e-14 -4.0652e-14 -4.0652e-14 -4.0652e-14 -4.0652e-14 -4.0652e-14);
    }
    up
    {
        type            calculated;
        value           nonuniform List<scalar> 
30
(
-1.96914e-11
-1.97813e-11
-2.02998e-11
-2.02625e-11
-2.13015e-11
-2.04148e-11
-2.2126e-11
-1.06959e-11
-3.58836e-14
-4.0652e-14
-4.0652e-14
-4.0652e-14
-4.0652e-14
-4.0652e-14
-4.0652e-14
-4.0652e-14
-4.0652e-14
-4.0652e-14
-4.0652e-14
-4.0652e-14
-4.0652e-14
-4.0652e-14
-4.0652e-14
-4.0652e-14
-4.0652e-14
-4.0652e-14
-4.0652e-14
-4.0652e-14
-4.0652e-14
-4.0652e-14
)
;
    }
    down
    {
        type            calculated;
        value           nonuniform List<scalar> 
30
(
-1.09206e-10
-8.84326e-12
-6.39122e-12
-6.70669e-14
-4.06396e-14
-4.0652e-14
-4.0652e-14
-4.0652e-14
-4.0652e-14
-4.0652e-14
-4.0652e-14
-4.0652e-14
-4.0652e-14
-4.0652e-14
-4.0652e-14
-4.0652e-14
-4.0652e-14
-4.0652e-14
-4.0652e-14
-4.0652e-14
-4.0652e-14
-4.0652e-14
-4.0652e-14
-4.0652e-14
-4.0652e-14
-4.0652e-14
-4.0652e-14
-4.0652e-14
-4.0652e-14
-4.0652e-14
)
;
    }
    emptyWalls
    {
        type            empty;
    }
}


// ************************************************************************* //
