/*--------------------------------*- C++ -*----------------------------------*\
  =========                 |
  \\      /  F ield         | OpenFOAM: The Open Source CFD Toolbox
   \\    /   O peration     | Website:  https://openfoam.org
    \\  /    A nd           | Version:  9
     \\/     M anipulation  |
\*---------------------------------------------------------------------------*/
FoamFile
{
    format      ascii;
    class       volScalarField;
    location    "7000";
    object      Sw;
}
// * * * * * * * * * * * * * * * * * * * * * * * * * * * * * * * * * * * * * //

dimensions      [0 0 0 0 0 0 0];

internalField   nonuniform List<scalar> 
900
(
0.72017
0.552906
0.534865
0.33785
0.150072
0.15
0.15
0.15
0.15
0.15
0.15
0.15
0.15
0.15
0.15
0.15
0.15
0.15
0.15
0.15
0.15
0.15
0.15
0.15
0.15
0.15
0.15
0.15
0.15
0.15
0.633761
0.585644
0.554087
0.2913
0.150008
0.15
0.15
0.15
0.15
0.15
0.15
0.15
0.15
0.15
0.15
0.15
0.15
0.15
0.15
0.15
0.15
0.15
0.15
0.15
0.15
0.15
0.15
0.15
0.15
0.15
0.749942
0.609924
0.54683
0.263802
0.150002
0.15
0.15
0.15
0.15
0.15
0.15
0.15
0.15
0.15
0.15
0.15
0.15
0.15
0.15
0.15
0.15
0.15
0.15
0.15
0.15
0.15
0.15
0.15
0.15
0.15
0.704952
0.589214
0.539951
0.228424
0.15
0.15
0.15
0.15
0.15
0.15
0.15
0.15
0.15
0.15
0.15
0.15
0.15
0.15
0.15
0.15
0.15
0.15
0.15
0.15
0.15
0.15
0.15
0.15
0.15
0.15
0.742098
0.58286
0.55424
0.185554
0.15
0.15
0.15
0.15
0.15
0.15
0.15
0.15
0.15
0.15
0.15
0.15
0.15
0.15
0.15
0.15
0.15
0.15
0.15
0.15
0.15
0.15
0.15
0.15
0.15
0.15
0.704249
0.557761
0.452617
0.152319
0.15
0.15
0.15
0.15
0.15
0.15
0.15
0.15
0.15
0.15
0.15
0.15
0.15
0.15
0.15
0.15
0.15
0.15
0.15
0.15
0.15
0.15
0.15
0.15
0.15
0.15
0.724937
0.553858
0.34211
0.150123
0.15
0.15
0.15
0.15
0.15
0.15
0.15
0.15
0.15
0.15
0.15
0.15
0.15
0.15
0.15
0.15
0.15
0.15
0.15
0.15
0.15
0.15
0.15
0.15
0.15
0.15
0.701815
0.554
0.296142
0.150012
0.15
0.15
0.15
0.15
0.15
0.15
0.15
0.15
0.15
0.15
0.15
0.15
0.15
0.15
0.15
0.15
0.15
0.15
0.15
0.15
0.15
0.15
0.15
0.15
0.15
0.15
0.725892
0.5628
0.227985
0.15
0.15
0.15
0.15
0.15
0.15
0.15
0.15
0.15
0.15
0.15
0.15
0.15
0.15
0.15
0.15
0.15
0.15
0.15
0.15
0.15
0.15
0.15
0.15
0.15
0.15
0.15
0.718912
0.565867
0.190707
0.15
0.15
0.15
0.15
0.15
0.15
0.15
0.15
0.15
0.15
0.15
0.15
0.15
0.15
0.15
0.15
0.15
0.15
0.15
0.15
0.15
0.15
0.15
0.15
0.15
0.15
0.15
0.752725
0.583721
0.317401
0.150006
0.15
0.15
0.15
0.15
0.15
0.15
0.15
0.15
0.15
0.15
0.15
0.15
0.15
0.15
0.15
0.15
0.15
0.15
0.15
0.15
0.15
0.15
0.15
0.15
0.15
0.15
0.741955
0.588784
0.515954
0.30857
0.150059
0.15
0.15
0.15
0.15
0.15
0.15
0.15
0.15
0.15
0.15
0.15
0.15
0.15
0.15
0.15
0.15
0.15
0.15
0.15
0.15
0.15
0.15
0.15
0.15
0.15
0.796789
0.623735
0.552471
0.512876
0.377733
0.150148
0.15
0.15
0.15
0.15
0.15
0.15
0.15
0.15
0.15
0.15
0.15
0.15
0.15
0.15
0.15
0.15
0.15
0.15
0.15
0.15
0.15
0.15
0.15
0.15
0.799239
0.619462
0.568257
0.549341
0.537305
0.264428
0.15
0.15
0.15
0.15
0.15
0.15
0.15
0.15
0.15
0.15
0.15
0.15
0.15
0.15
0.15
0.15
0.15
0.15
0.15
0.15
0.15
0.15
0.15
0.15
0.900425
0.692307
0.573114
0.534886
0.521551
0.49364
0.176189
0.150001
0.15
0.15
0.15
0.15
0.15
0.15
0.15
0.15
0.15
0.15
0.15
0.15
0.15
0.15
0.15
0.15
0.15
0.15
0.15
0.15
0.15
0.15
0.859953
0.73596
0.66156
0.618312
0.590174
0.571166
0.545362
0.549325
0.244276
0.161383
0.17439
0.182788
0.196417
0.209928
0.221473
0.229656
0.233508
0.233095
0.230541
0.234559
0.236929
0.252138
0.260957
0.285451
0.294465
0.316294
0.344554
0.358511
0.334673
0.23406
0.677619
0.632349
0.615888
0.601229
0.588246
0.584915
0.571613
0.56385
0.537111
0.531592
0.532906
0.535122
0.537565
0.539961
0.542078
0.543771
0.545051
0.546025
0.546824
0.547527
0.548122
0.5485
0.548585
0.548278
0.547789
0.54726
0.547253
0.547583
0.549108
0.549983
0.597462
0.589098
0.583395
0.580599
0.576771
0.575758
0.571556
0.566971
0.565336
0.562286
0.563062
0.565443
0.56812
0.570553
0.57254
0.573936
0.574785
0.575191
0.575382
0.575567
0.575829
0.575999
0.575904
0.575414
0.574766
0.573814
0.572719
0.571585
0.571535
0.572495
0.590312
0.585882
0.586882
0.587015
0.586553
0.584864
0.583335
0.581753
0.583008
0.583351
0.584213
0.58563
0.586906
0.587706
0.588024
0.587815
0.587184
0.586059
0.584688
0.583427
0.582553
0.581938
0.581146
0.580204
0.579533
0.578459
0.576876
0.573469
0.568875
0.564699
0.58482
0.592705
0.599914
0.601949
0.602367
0.601067
0.600274
0.59972
0.599847
0.599457
0.598464
0.597227
0.595443
0.593234
0.590697
0.588087
0.585679
0.58281
0.579713
0.576643
0.573965
0.572259
0.570167
0.568858
0.568332
0.567786
0.566616
0.563453
0.554156
0.540437
0.608814
0.61838
0.617864
0.613351
0.610282
0.606467
0.604781
0.602582
0.601282
0.59912
0.596544
0.593405
0.589418
0.585186
0.580212
0.575558
0.572121
0.568014
0.564226
0.559697
0.554812
0.550817
0.546985
0.545619
0.545879
0.545328
0.546323
0.543527
0.551619
0.557202
0.595916
0.592765
0.592872
0.593097
0.594538
0.594103
0.595877
0.594772
0.59536
0.593206
0.59126
0.587044
0.581393
0.575591
0.567615
0.560009
0.554043
0.548572
0.545815
0.540627
0.533468
0.515856
0.511566
0.511505
0.512123
0.512672
0.514185
0.514106
0.515641
0.459625
0.59842
0.599728
0.601884
0.603628
0.604247
0.602937
0.602923
0.599263
0.598485
0.593026
0.589215
0.579924
0.570034
0.559819
0.548099
0.537299
0.518033
0.513473
0.512712
0.51226
0.509998
0.181768
0.15
0.15
0.15
0.15
0.15
0.15
0.15
0.15
0.599022
0.598277
0.596884
0.597229
0.595728
0.595595
0.594616
0.591703
0.59114
0.583154
0.576754
0.559938
0.547809
0.524712
0.513618
0.508483
0.179421
0.15
0.15
0.15
0.15
0.15
0.15
0.15
0.15
0.15
0.15
0.15
0.15
0.15
0.599307
0.598923
0.598102
0.59943
0.598005
0.599723
0.596645
0.594721
0.590989
0.577098
0.561998
0.529588
0.525627
0.430107
0.150468
0.15
0.15
0.15
0.15
0.15
0.15
0.15
0.15
0.15
0.15
0.15
0.15
0.15
0.15
0.15
0.599707
0.599547
0.598978
0.599557
0.597291
0.598501
0.591753
0.591528
0.580624
0.558982
0.528609
0.416239
0.150232
0.15
0.15
0.15
0.15
0.15
0.15
0.15
0.15
0.15
0.15
0.15
0.15
0.15
0.15
0.15
0.15
0.15
0.600053
0.600031
0.600112
0.600262
0.598939
0.599241
0.591408
0.591995
0.567976
0.532282
0.331686
0.150003
0.15
0.15
0.15
0.15
0.15
0.15
0.15
0.15
0.15
0.15
0.15
0.15
0.15
0.15
0.15
0.15
0.15
0.15
0.6003
0.600462
0.601188
0.601188
0.601266
0.59972
0.592166
0.587898
0.537848
0.30934
0.150001
0.15
0.15
0.15
0.15
0.15
0.15
0.15
0.15
0.15
0.15
0.15
0.15
0.15
0.15
0.15
0.15
0.15
0.15
0.15
0.600464
0.600767
0.601984
0.602051
0.603715
0.601375
0.597766
0.582804
0.395557
0.150032
0.15
0.15
0.15
0.15
0.15
0.15
0.15
0.15
0.15
0.15
0.15
0.15
0.15
0.15
0.15
0.15
0.15
0.15
0.15
0.15
0.600575
0.60086
0.602483
0.602367
0.605519
0.602839
0.607931
0.563829
0.178622
0.15
0.15
0.15
0.15
0.15
0.15
0.15
0.15
0.15
0.15
0.15
0.15
0.15
0.15
0.15
0.15
0.15
0.15
0.15
0.15
0.15
)
;

boundaryField
{
    inlet1
    {
        type            fixedValue;
        value           uniform 0.85;
    }
    inlet2
    {
        type            zeroGradient;
    }
    inlet3
    {
        type            fixedValue;
        value           uniform 0.6;
    }
    output1
    {
        type            zeroGradient;
    }
    output2
    {
        type            zeroGradient;
    }
    output3
    {
        type            zeroGradient;
    }
    up
    {
        type            zeroGradient;
    }
    down
    {
        type            zeroGradient;
    }
    emptyWalls
    {
        type            empty;
    }
}


// ************************************************************************* //
