/*--------------------------------*- C++ -*----------------------------------*\
  =========                 |
  \\      /  F ield         | OpenFOAM: The Open Source CFD Toolbox
   \\    /   O peration     | Website:  https://openfoam.org
    \\  /    A nd           | Version:  9
     \\/     M anipulation  |
\*---------------------------------------------------------------------------*/
FoamFile
{
    format      ascii;
    class       volVectorField;
    location    "7000";
    object      ut;
}
// * * * * * * * * * * * * * * * * * * * * * * * * * * * * * * * * * * * * * //

dimensions      [0 1 -1 0 0 0 0];

internalField   nonuniform List<vector> 
900
(
(3.42244e-06 5.74796e-06 -0)
(7.4645e-07 5.66984e-07 -0)
(8.49326e-07 2.11321e-07 -0)
(2.85392e-07 6.88137e-11 -0)
(3.69479e-07 2.59877e-08 -0)
(3.89422e-07 9.43272e-09 -0)
(3.76111e-07 3.84783e-09 -0)
(3.70658e-07 1.60517e-09 -0)
(3.68517e-07 5.35809e-10 -0)
(3.68001e-07 -1.99307e-11 -0)
(3.683e-07 -2.79937e-10 -0)
(3.68905e-07 -3.24763e-10 -0)
(3.69417e-07 -1.88055e-10 -0)
(3.69489e-07 1.15616e-10 -0)
(3.68791e-07 5.81746e-10 -0)
(3.66996e-07 1.21271e-09 -0)
(3.63766e-07 2.01615e-09 -0)
(3.58745e-07 3.00368e-09 -0)
(3.51551e-07 4.18947e-09 -0)
(3.41772e-07 5.58852e-09 -0)
(3.28969e-07 7.2139e-09 -0)
(3.12682e-07 9.07247e-09 -0)
(2.9245e-07 1.11586e-08 -0)
(2.67844e-07 1.34457e-08 -0)
(2.38522e-07 1.58756e-08 -0)
(2.04297e-07 1.83479e-08 -0)
(1.65234e-07 2.07133e-08 -0)
(1.21742e-07 2.27777e-08 -0)
(7.46389e-08 2.43241e-08 -0)
(2.51571e-08 2.51567e-08 -0)
(1.40983e-06 4.45835e-06 -0)
(1.00248e-06 1.94504e-06 -0)
(6.30372e-07 8.0518e-07 -0)
(1.44031e-07 1.8474e-09 -0)
(3.78971e-07 3.86131e-08 -0)
(3.67275e-07 1.73477e-08 -0)
(3.68284e-07 8.20127e-09 -0)
(3.67346e-07 3.642e-09 -0)
(3.66892e-07 1.09363e-09 -0)
(3.67185e-07 -3.55718e-10 -0)
(3.67996e-07 -1.05518e-09 -0)
(3.68997e-07 -1.15602e-09 -0)
(3.69858e-07 -7.31423e-10 -0)
(3.70259e-07 1.83927e-10 -0)
(3.69888e-07 1.57999e-09 -0)
(3.68431e-07 3.46547e-09 -0)
(3.65557e-07 5.86432e-09 -0)
(3.60919e-07 8.81259e-09 -0)
(3.54136e-07 1.23548e-08 -0)
(3.44797e-07 1.65388e-08 -0)
(3.32453e-07 2.1408e-08 -0)
(3.16627e-07 2.69893e-08 -0)
(2.96823e-07 3.32744e-08 -0)
(2.72561e-07 4.01939e-08 -0)
(2.43424e-07 4.75839e-08 -0)
(2.09135e-07 5.515e-08 -0)
(1.69664e-07 6.24405e-08 -0)
(1.25353e-07 6.88507e-08 -0)
(7.70179e-08 7.36858e-08 -0)
(2.59897e-08 7.63027e-08 -0)
(3.45675e-06 2.83662e-05 -0)
(8.71009e-07 3.55194e-06 -0)
(5.5131e-07 1.20038e-06 -0)
(1.35381e-07 4.33232e-09 -0)
(3.84402e-07 1.72966e-08 -0)
(3.59009e-07 1.31722e-08 -0)
(3.62405e-07 7.9675e-09 -0)
(3.6355e-07 3.66774e-09 -0)
(3.64519e-07 5.52373e-10 -0)
(3.65852e-07 -1.44158e-09 -0)
(3.675e-07 -2.4293e-09 -0)
(3.69229e-07 -2.51289e-09 -0)
(3.70757e-07 -1.76557e-09 -0)
(3.71801e-07 -2.28402e-10 -0)
(3.72073e-07 2.08887e-09 -0)
(3.7128e-07 5.20486e-09 -0)
(3.69113e-07 9.16296e-09 -0)
(3.65236e-07 1.40273e-08 -0)
(3.59277e-07 1.9878e-08 -0)
(3.50826e-07 2.68034e-08 -0)
(3.3942e-07 3.48896e-08 -0)
(3.24548e-07 4.42019e-08 -0)
(3.05655e-07 5.47553e-08 -0)
(2.82154e-07 6.64711e-08 -0)
(2.53478e-07 7.91157e-08 -0)
(2.19154e-07 9.22276e-08 -0)
(1.78935e-07 1.05048e-07 -0)
(1.32987e-07 1.16499e-07 -0)
(8.2091e-08 1.25266e-07 -0)
(2.7774e-08 1.30066e-07 -0)
(1.79942e-06 2.10821e-05 -0)
(6.18006e-07 3.69822e-06 -0)
(5.46542e-07 1.41533e-06 -0)
(1.48083e-07 5.88407e-09 -0)
(3.855e-07 7.28952e-09 -0)
(3.57945e-07 1.00799e-08 -0)
(3.58779e-07 6.8286e-09 -0)
(3.59931e-07 2.50908e-09 -0)
(3.61782e-07 -1.11029e-09 -0)
(3.64203e-07 -3.53369e-09 -0)
(3.66924e-07 -4.70739e-09 -0)
(3.6966e-07 -4.70044e-09 -0)
(3.72142e-07 -3.58934e-09 -0)
(3.74113e-07 -1.42054e-09 -0)
(3.75322e-07 1.79927e-09 -0)
(3.75505e-07 6.10224e-09 -0)
(3.7438e-07 1.15554e-08 -0)
(3.71634e-07 1.8256e-08 -0)
(3.66912e-07 2.63265e-08 -0)
(3.59809e-07 3.59073e-08 -0)
(3.49852e-07 4.71454e-08 -0)
(3.36492e-07 6.01735e-08 -0)
(3.19092e-07 7.50741e-08 -0)
(2.96922e-07 9.18198e-08 -0)
(2.69181e-07 1.10181e-07 -0)
(2.35067e-07 1.29597e-07 -0)
(1.93935e-07 1.49027e-07 -0)
(1.4557e-07 1.6683e-07 -0)
(9.0585e-08 1.80814e-07 -0)
(3.07895e-08 1.88628e-07 -0)
(1.74732e-06 4.63956e-05 -0)
(6.84653e-08 4.59598e-06 -0)
(4.33083e-07 2.16941e-06 -0)
(1.77164e-07 2.08717e-08 -0)
(3.86189e-07 1.46616e-08 -0)
(3.58548e-07 1.30299e-08 -0)
(3.54835e-07 6.75776e-09 -0)
(3.55611e-07 6.50236e-10 -0)
(3.58476e-07 -3.96903e-09 -0)
(3.62255e-07 -6.87562e-09 -0)
(3.66333e-07 -8.16607e-09 -0)
(3.70347e-07 -7.99187e-09 -0)
(3.74037e-07 -6.47088e-09 -0)
(3.77189e-07 -3.66391e-09 -0)
(3.79596e-07 4.26325e-10 -0)
(3.81037e-07 5.84938e-09 -0)
(3.81267e-07 1.27004e-08 -0)
(3.80007e-07 2.11149e-08 -0)
(3.76929e-07 3.12647e-08 -0)
(3.71645e-07 4.33539e-08 -0)
(3.63686e-07 5.7611e-08 -0)
(3.52477e-07 7.42725e-08 -0)
(3.37301e-07 9.3548e-08 -0)
(3.17261e-07 1.15553e-07 -0)
(2.91255e-07 1.40192e-07 -0)
(2.58e-07 1.66954e-07 -0)
(2.16168e-07 1.94632e-07 -0)
(1.64774e-07 2.20982e-07 -0)
(1.03889e-07 2.4253e-07 -0)
(3.55886e-08 2.55005e-07 -0)
(8.86186e-07 3.8802e-05 -0)
(-4.25794e-07 4.24217e-06 -0)
(4.40151e-07 5.12097e-07 -0)
(2.11596e-07 9.72309e-08 -0)
(3.74136e-07 4.30139e-08 -0)
(3.50041e-07 2.06201e-08 -0)
(3.46399e-07 6.52224e-09 -0)
(3.49204e-07 -2.69699e-09 -0)
(3.54257e-07 -8.54046e-09 -0)
(3.60006e-07 -1.18337e-08 -0)
(3.65808e-07 -1.30896e-08 -0)
(3.71356e-07 -1.263e-08 -0)
(3.7647e-07 -1.06382e-08 -0)
(3.81011e-07 -7.19042e-09 -0)
(3.84835e-07 -2.27935e-09 -0)
(3.87779e-07 4.16856e-09 -0)
(3.89645e-07 1.22818e-08 -0)
(3.90198e-07 2.22382e-08 -0)
(3.89151e-07 3.42634e-08 -0)
(3.86155e-07 4.86325e-08 -0)
(3.8077e-07 6.56724e-08 -0)
(3.72429e-07 8.57577e-08 -0)
(3.60373e-07 1.09292e-07 -0)
(3.43565e-07 1.36655e-07 -0)
(3.20581e-07 1.68078e-07 -0)
(2.89508e-07 2.03394e-07 -0)
(2.47963e-07 2.41566e-07 -0)
(1.93468e-07 2.79935e-07 -0)
(1.24608e-07 3.13319e-07 -0)
(4.32647e-08 3.33858e-07 -0)
(1.78492e-06 6.51403e-05 -0)
(-5.47333e-08 5.15948e-06 -0)
(1.50692e-07 4.75392e-08 -0)
(2.32617e-07 1.22537e-07 -0)
(3.08606e-07 5.33481e-08 -0)
(3.22057e-07 1.99144e-08 -0)
(3.31517e-07 1.40804e-09 -0)
(3.40549e-07 -9.42008e-09 -0)
(3.4934e-07 -1.56622e-08 -0)
(3.57706e-07 -1.88289e-08 -0)
(3.65537e-07 -1.97284e-08 -0)
(3.72798e-07 -1.88003e-08 -0)
(3.79477e-07 -1.62614e-08 -0)
(3.85548e-07 -1.218e-08 -0)
(3.90955e-07 -6.52178e-09 -0)
(3.95598e-07 8.22382e-10 -0)
(3.99337e-07 1.00202e-08 -0)
(4.01988e-07 2.12929e-08 -0)
(4.03323e-07 3.49181e-08 -0)
(4.03054e-07 5.12405e-08 -0)
(4.00811e-07 7.06886e-08 -0)
(3.96097e-07 9.37941e-08 -0)
(3.88198e-07 1.21208e-07 -0)
(3.76047e-07 1.53696e-07 -0)
(3.57995e-07 1.92073e-07 -0)
(3.31488e-07 2.36979e-07 -0)
(2.92708e-07 2.88303e-07 -0)
(2.36527e-07 3.4387e-07 -0)
(1.57812e-07 3.96955e-07 -0)
(5.61273e-08 4.3325e-07 -0)
(1.97272e-06 5.59673e-05 -0)
(3.00274e-07 5.90461e-06 -0)
(8.72865e-08 2.12977e-08 -0)
(2.41102e-07 6.155e-08 -0)
(2.71448e-07 2.88338e-08 -0)
(2.98101e-07 4.2813e-09 -0)
(3.17065e-07 -1.13846e-08 -0)
(3.32134e-07 -2.0729e-08 -0)
(3.44848e-07 -2.58593e-08 -0)
(3.5594e-07 -2.80914e-08 -0)
(3.65837e-07 -2.81945e-08 -0)
(3.74823e-07 -2.65816e-08 -0)
(3.8309e-07 -2.34273e-08 -0)
(3.9075e-07 -1.87468e-08 -0)
(3.97837e-07 -1.24502e-08 -0)
(4.04321e-07 -4.37743e-09 -0)
(4.10116e-07 5.68398e-09 -0)
(4.15096e-07 1.79954e-08 -0)
(4.19099e-07 3.2876e-08 -0)
(4.21925e-07 5.07232e-08 -0)
(4.23324e-07 7.20475e-08 -0)
(4.22949e-07 9.7522e-08 -0)
(4.20276e-07 1.2805e-07 -0)
(4.1443e-07 1.64849e-07 -0)
(4.03863e-07 2.09537e-07 -0)
(3.85739e-07 2.64143e-07 -0)
(3.54855e-07 3.30798e-07 -0)
(3.02119e-07 4.10289e-07 -0)
(2.13988e-07 4.97379e-07 -0)
(7.95605e-08 5.68939e-07 -0)
(2.21854e-06 8.21481e-05 -0)
(2.93369e-07 7.30269e-06 -0)
(8.32488e-08 1.99839e-08 -0)
(2.33712e-07 1.60223e-08 -0)
(2.51334e-07 -3.80799e-09 -0)
(2.81838e-07 -2.02385e-08 -0)
(3.06507e-07 -3.04985e-08 -0)
(3.26074e-07 -3.62524e-08 -0)
(3.41977e-07 -3.89539e-08 -0)
(3.55371e-07 -3.94832e-08 -0)
(3.67047e-07 -3.83769e-08 -0)
(3.77565e-07 -3.59045e-08 -0)
(3.87311e-07 -3.21197e-08 -0)
(3.96525e-07 -2.69298e-08 -0)
(4.05324e-07 -2.01547e-08 -0)
(4.13732e-07 -1.15657e-08 -0)
(4.2171e-07 -9.01979e-10 -0)
(4.2918e-07 1.21292e-08 -0)
(4.36051e-07 2.78675e-08 -0)
(4.42225e-07 4.6729e-08 -0)
(4.4761e-07 6.92565e-08 -0)
(4.52099e-07 9.61967e-08 -0)
(4.55525e-07 1.28621e-07 -0)
(4.57534e-07 1.68113e-07 -0)
(4.57289e-07 2.17081e-07 -0)
(4.52749e-07 2.7926e-07 -0)
(4.38854e-07 3.60456e-07 -0)
(4.03108e-07 4.69108e-07 -0)
(3.16463e-07 6.13334e-07 -0)
(1.27687e-07 7.76187e-07 -0)
(2.05881e-06 7.27474e-05 -0)
(2.96435e-07 7.52534e-06 -0)
(8.52507e-08 2.60148e-08 -0)
(2.0918e-07 -1.672e-08 -0)
(2.35188e-07 -3.98461e-08 -0)
(2.71411e-07 -5.09289e-08 -0)
(3.01051e-07 -5.41184e-08 -0)
(3.23678e-07 -5.48278e-08 -0)
(3.41617e-07 -5.42207e-08 -0)
(3.56517e-07 -5.251e-08 -0)
(3.69415e-07 -4.99257e-08 -0)
(3.8108e-07 -4.65394e-08 -0)
(3.92065e-07 -4.2217e-08 -0)
(4.02715e-07 -3.66978e-08 -0)
(4.13201e-07 -2.9673e-08 -0)
(4.23573e-07 -2.08283e-08 -0)
(4.33811e-07 -9.85505e-09 -0)
(4.43865e-07 3.55633e-09 -0)
(4.53699e-07 1.9736e-08 -0)
(4.63314e-07 3.90693e-08 -0)
(4.72792e-07 6.2053e-08 -0)
(4.82313e-07 8.93878e-08 -0)
(4.92192e-07 1.22123e-07 -0)
(5.02891e-07 1.61901e-07 -0)
(5.1501e-07 2.11416e-07 -0)
(5.29114e-07 2.75358e-07 -0)
(5.44703e-07 3.6266e-07 -0)
(5.54997e-07 4.92355e-07 -0)
(5.21067e-07 7.10661e-07 -0)
(2.42414e-07 1.14629e-06 -0)
(1.85089e-06 9.93383e-05 -0)
(1.74732e-06 9.1701e-06 -0)
(7.67245e-08 3.16944e-08 -0)
(1.62746e-07 -5.75283e-08 -0)
(2.17125e-07 -8.7936e-08 -0)
(2.67566e-07 -8.95119e-08 -0)
(3.02608e-07 -8.02184e-08 -0)
(3.25972e-07 -7.47194e-08 -0)
(3.44295e-07 -7.05917e-08 -0)
(3.59666e-07 -6.641e-08 -0)
(3.73017e-07 -6.22764e-08 -0)
(3.85274e-07 -5.81107e-08 -0)
(3.97153e-07 -5.35114e-08 -0)
(4.09069e-07 -4.79712e-08 -0)
(4.21193e-07 -4.1011e-08 -0)
(4.3355e-07 -3.22191e-08 -0)
(4.46094e-07 -2.12459e-08 -0)
(4.58771e-07 -7.78464e-09 -0)
(4.71564e-07 8.45128e-09 -0)
(4.84542e-07 2.77593e-08 -0)
(4.97929e-07 5.04989e-08 -0)
(5.12169e-07 7.71789e-08 -0)
(5.28039e-07 1.08582e-07 -0)
(5.46827e-07 1.45954e-07 -0)
(5.70746e-07 1.91322e-07 -0)
(6.03993e-07 2.48099e-07 -0)
(6.5585e-07 3.22473e-07 -0)
(7.51109e-07 4.26991e-07 -0)
(9.70395e-07 5.90669e-07 -0)
(1.62497e-06 8.90359e-07 -0)
(2.5911e-06 6.87134e-05 -0)
(2.65817e-06 7.87311e-06 -0)
(2.15303e-06 2.46665e-06 -0)
(8.22659e-08 -2.65256e-08 -0)
(2.03154e-07 -9.73342e-08 -0)
(2.79128e-07 -1.39007e-07 -0)
(3.15844e-07 -1.02523e-07 -0)
(3.33305e-07 -9.32398e-08 -0)
(3.49926e-07 -8.70165e-08 -0)
(3.64832e-07 -8.02624e-08 -0)
(3.77715e-07 -7.46595e-08 -0)
(3.89845e-07 -7.01156e-08 -0)
(4.02204e-07 -6.57466e-08 -0)
(4.15216e-07 -6.06642e-08 -0)
(4.28953e-07 -5.41803e-08 -0)
(4.43338e-07 -4.57912e-08 -0)
(4.58245e-07 -3.51248e-08 -0)
(4.73563e-07 -2.19001e-08 -0)
(4.89242e-07 -5.90548e-09 -0)
(5.05362e-07 1.30177e-08 -0)
(5.22211e-07 3.50047e-08 -0)
(5.40396e-07 6.02472e-08 -0)
(5.60967e-07 8.90706e-08 -0)
(5.85631e-07 1.22012e-07 -0)
(6.17155e-07 1.59819e-07 -0)
(6.60265e-07 2.03243e-07 -0)
(7.23595e-07 2.52143e-07 -0)
(8.23193e-07 3.02465e-07 -0)
(9.84436e-07 3.34665e-07 -0)
(1.21174e-06 2.64489e-07 -0)
(4.99892e-06 9.32238e-05 -0)
(5.37818e-06 9.68516e-06 -0)
(5.136e-06 3.6937e-06 -0)
(4.46571e-06 2.56045e-06 -0)
(5.00299e-07 -1.21966e-07 -0)
(2.62235e-07 -1.25343e-07 -0)
(3.48376e-07 -9.7685e-08 -0)
(3.41479e-07 -1.087e-07 -0)
(3.57273e-07 -1.03972e-07 -0)
(3.72023e-07 -9.29634e-08 -0)
(3.83164e-07 -8.59831e-08 -0)
(3.94187e-07 -8.19455e-08 -0)
(4.06604e-07 -7.86949e-08 -0)
(4.20636e-07 -7.47588e-08 -0)
(4.36066e-07 -6.92544e-08 -0)
(4.52605e-07 -6.16405e-08 -0)
(4.69985e-07 -5.1562e-08 -0)
(4.87991e-07 -3.87855e-08 -0)
(5.06482e-07 -2.31909e-08 -0)
(5.25452e-07 -4.78768e-09 -0)
(5.45158e-07 1.62547e-08 -0)
(5.66235e-07 3.97344e-08 -0)
(5.89803e-07 6.54418e-08 -0)
(6.17575e-07 9.3203e-08 -0)
(6.51978e-07 1.22699e-07 -0)
(6.96317e-07 1.52913e-07 -0)
(7.55071e-07 1.80388e-07 -0)
(8.33631e-07 1.96059e-07 -0)
(9.32419e-07 1.81038e-07 -0)
(1.02581e-06 9.74213e-08 -0)
(7.03084e-06 5.72172e-05 -0)
(6.57657e-06 5.68286e-06 -0)
(8.59823e-06 3.30006e-06 -0)
(9.77089e-06 4.97057e-06 -0)
(8.73351e-06 6.47082e-06 -0)
(1.35187e-07 9.02546e-09 -0)
(3.32566e-07 -8.8202e-08 -0)
(3.27018e-07 -1.39903e-07 -0)
(3.65663e-07 -1.27208e-07 -0)
(3.82821e-07 -1.01636e-07 -0)
(3.88733e-07 -9.4364e-08 -0)
(3.97133e-07 -9.29883e-08 -0)
(4.09391e-07 -9.23286e-08 -0)
(4.24656e-07 -9.04213e-08 -0)
(4.42072e-07 -8.64379e-08 -0)
(4.61031e-07 -7.99544e-08 -0)
(4.811e-07 -7.06974e-08 -0)
(5.01934e-07 -5.84891e-08 -0)
(5.2324e-07 -4.32854e-08 -0)
(5.44808e-07 -2.52325e-08 -0)
(5.66733e-07 -4.93295e-09 -0)
(5.89583e-07 1.6994e-08 -0)
(6.14436e-07 3.97594e-08 -0)
(6.42888e-07 6.26598e-08 -0)
(6.76865e-07 8.48617e-08 -0)
(7.17954e-07 1.05322e-07 -0)
(7.66741e-07 1.20438e-07 -0)
(8.23843e-07 1.20346e-07 -0)
(8.85798e-07 9.60086e-08 -0)
(9.33278e-07 4.15798e-08 -0)
(2.69503e-05 7.69241e-05 -0)
(2.08279e-05 1.06957e-05 -0)
(1.21489e-05 3.12048e-06 -0)
(1.1126e-05 3.16751e-06 -0)
(1.18982e-05 5.18441e-06 -0)
(9.56508e-06 5.71589e-06 -0)
(1.73627e-07 -1.61906e-08 -0)
(3.02471e-07 -8.3633e-08 -0)
(3.95539e-07 -1.81506e-07 -0)
(4.04866e-07 -9.29864e-08 -0)
(3.91812e-07 -9.94014e-08 -0)
(3.96222e-07 -1.07198e-07 -0)
(4.09171e-07 -1.13077e-07 -0)
(4.26526e-07 -1.15908e-07 -0)
(4.46533e-07 -1.15233e-07 -0)
(4.68346e-07 -1.10727e-07 -0)
(4.91451e-07 -1.02176e-07 -0)
(5.15403e-07 -8.95317e-08 -0)
(5.39738e-07 -7.30568e-08 -0)
(5.63805e-07 -5.33477e-08 -0)
(5.87384e-07 -3.14086e-08 -0)
(6.10927e-07 -8.48135e-09 -0)
(6.35469e-07 1.40729e-08 -0)
(6.62677e-07 3.44551e-08 -0)
(6.9464e-07 5.09908e-08 -0)
(7.31893e-07 6.27424e-08 -0)
(7.70095e-07 6.64932e-08 -0)
(8.09202e-07 5.74851e-08 -0)
(8.53653e-07 3.92625e-08 -0)
(8.88224e-07 1.47996e-08 -0)
(4.14925e-05 6.58514e-06 -0)
(5.42116e-05 1.43525e-05 -0)
(5.42549e-05 1.62339e-05 -0)
(5.11833e-05 1.27017e-05 -0)
(4.65e-05 1.34095e-05 -0)
(4.39286e-05 1.38663e-05 -0)
(3.20239e-05 9.91509e-06 -0)
(3.34013e-05 7.37968e-06 -0)
(2.39249e-07 -1.19321e-08 -0)
(4.42622e-07 -3.86534e-08 -0)
(3.36774e-07 -4.60324e-08 -0)
(3.32179e-07 -5.0881e-08 -0)
(3.26532e-07 -5.22236e-08 -0)
(3.24145e-07 -5.15918e-08 -0)
(3.26396e-07 -4.9708e-08 -0)
(3.34637e-07 -4.69498e-08 -0)
(3.49374e-07 -4.33598e-08 -0)
(3.69945e-07 -3.87332e-08 -0)
(3.93515e-07 -3.27368e-08 -0)
(4.06336e-07 -2.47252e-08 -0)
(4.2018e-07 -1.62271e-08 -0)
(4.18067e-07 -7.38068e-09 -0)
(4.28087e-07 4.01072e-10 -0)
(4.73426e-07 7.41247e-09 -0)
(5.29586e-07 1.30115e-08 -0)
(7.56463e-07 1.97416e-08 -0)
(1.48253e-06 3.13117e-08 -0)
(2.22595e-06 3.71251e-08 -0)
(1.2884e-06 1.65839e-08 -0)
(6.10281e-07 2.67303e-09 -0)
(7.90072e-06 -1.85111e-05 -0)
(1.90796e-05 -4.62357e-06 -0)
(3.38376e-05 3.87098e-06 -0)
(4.41154e-05 8.63192e-06 -0)
(4.90699e-05 1.11405e-05 -0)
(5.79275e-05 1.41438e-05 -0)
(5.54218e-05 1.36775e-05 -0)
(6.12379e-05 1.82049e-05 -0)
(5.22167e-05 2.0565e-05 -0)
(5.49683e-05 8.82009e-07 -0)
(5.66601e-05 -1.06782e-06 -0)
(6.05494e-05 -1.94821e-06 -0)
(6.61871e-05 -2.45463e-06 -0)
(7.29108e-05 -2.75857e-06 -0)
(8.02049e-05 -2.90576e-06 -0)
(8.7657e-05 -2.93913e-06 -0)
(9.5042e-05 -2.91409e-06 -0)
(0.000102267 -2.85948e-06 -0)
(0.000109296 -2.75739e-06 -0)
(0.00011603 -2.58073e-06 -0)
(0.000122292 -2.30828e-06 -0)
(0.000127806 -1.96334e-06 -0)
(0.000132463 -1.62033e-06 -0)
(0.000136158 -1.38852e-06 -0)
(0.000139692 -1.59061e-06 -0)
(0.000143794 -2.6003e-06 -0)
(0.000150384 -3.97053e-06 -0)
(0.000159141 -4.22222e-06 -0)
(0.000171715 -3.4723e-06 -0)
(0.000180464 -1.7515e-06 -0)
(4.31092e-06 -2.15611e-05 -0)
(1.40542e-05 -1.33404e-05 -0)
(2.49605e-05 -5.75855e-06 -0)
(3.55964e-05 -1.25056e-07 -0)
(4.38212e-05 3.53034e-06 -0)
(5.3096e-05 6.60464e-06 -0)
(6.00382e-05 9.06096e-06 -0)
(6.77181e-05 1.17249e-05 -0)
(7.91903e-05 1.05094e-05 -0)
(8.51861e-05 5.58812e-08 -0)
(9.25471e-05 -5.88189e-06 -0)
(0.00010168 -9.32647e-06 -0)
(0.000112516 -1.15132e-05 -0)
(0.000124408 -1.27974e-05 -0)
(0.000136669 -1.33129e-05 -0)
(0.000148547 -1.32348e-05 -0)
(0.000159712 -1.28866e-05 -0)
(0.000170068 -1.2496e-05 -0)
(0.000179871 -1.21007e-05 -0)
(0.000189368 -1.15416e-05 -0)
(0.000198558 -1.05608e-05 -0)
(0.000206793 -9.06815e-06 -0)
(0.000213454 -7.2284e-06 -0)
(0.000217995 -5.72782e-06 -0)
(0.000221663 -5.73553e-06 -0)
(0.00022513 -8.0879e-06 -0)
(0.000230834 -1.28691e-05 -0)
(0.000240373 -1.87818e-05 -0)
(0.000257064 -2.1808e-05 -0)
(0.000276172 -1.33971e-05 -0)
(7.7255e-06 -3.83834e-05 -0)
(2.10517e-05 -2.56169e-05 -0)
(3.40221e-05 -1.63053e-05 -0)
(4.53462e-05 -9.20436e-06 -0)
(5.57623e-05 -4.45928e-06 -0)
(6.51624e-05 -1.0732e-06 -0)
(7.53945e-05 1.07091e-06 -0)
(8.60282e-05 1.29865e-06 -0)
(0.000100752 -2.02184e-06 -0)
(0.000113448 -9.03373e-06 -0)
(0.000125885 -1.59751e-05 -0)
(0.000138875 -2.12128e-05 -0)
(0.000152087 -2.4608e-05 -0)
(0.000165012 -2.62822e-05 -0)
(0.000177229 -2.63801e-05 -0)
(0.000187971 -2.51846e-05 -0)
(0.000197138 -2.34904e-05 -0)
(0.00020443 -2.19474e-05 -0)
(0.000210644 -2.10265e-05 -0)
(0.000216898 -2.05114e-05 -0)
(0.000223892 -1.93395e-05 -0)
(0.000230832 -1.65778e-05 -0)
(0.000235564 -1.23413e-05 -0)
(0.00023753 -8.61273e-06 -0)
(0.000238817 -7.47045e-06 -0)
(0.000238499 -9.84712e-06 -0)
(0.00023914 -1.66563e-05 -0)
(0.00023998 -2.78461e-05 -0)
(0.000247664 -4.02058e-05 -0)
(0.000264548 -3.75572e-05 -0)
(1.34131e-05 -5.19118e-05 -0)
(3.68804e-05 -3.78156e-05 -0)
(5.34773e-05 -2.87088e-05 -0)
(6.54823e-05 -2.08222e-05 -0)
(7.69497e-05 -1.54591e-05 -0)
(8.74413e-05 -1.21246e-05 -0)
(9.94705e-05 -1.12285e-05 -0)
(0.0001124 -1.30071e-05 -0)
(0.000126785 -1.74941e-05 -0)
(0.0001403 -2.36237e-05 -0)
(0.000152238 -2.98039e-05 -0)
(0.00016309 -3.45576e-05 -0)
(0.000172177 -3.7038e-05 -0)
(0.000179818 -3.74755e-05 -0)
(0.000185939 -3.59922e-05 -0)
(0.000190495 -3.28236e-05 -0)
(0.000193965 -2.89081e-05 -0)
(0.000194591 -2.52207e-05 -0)
(0.00019386 -2.36499e-05 -0)
(0.00019368 -2.42453e-05 -0)
(0.000195422 -2.46984e-05 -0)
(0.000199791 -2.1268e-05 -0)
(0.000200057 -1.37121e-05 -0)
(0.000198896 -8.02575e-06 -0)
(0.000197525 -5.99073e-06 -0)
(0.000195087 -7.1641e-06 -0)
(0.00019135 -1.25817e-05 -0)
(0.00018578 -2.2859e-05 -0)
(0.000179091 -4.25448e-05 -0)
(0.000206285 -7.42025e-05 -0)
(9.03918e-05 -8.0031e-05 -0)
(8.56299e-05 -6.141e-05 -0)
(8.5322e-05 -4.41236e-05 -0)
(8.6217e-05 -3.21507e-05 -0)
(9.13407e-05 -2.59843e-05 -0)
(9.64567e-05 -2.28407e-05 -0)
(0.000105463 -2.32495e-05 -0)
(0.000114066 -2.55431e-05 -0)
(0.000124613 -2.98095e-05 -0)
(0.000133825 -3.42908e-05 -0)
(0.000142282 -3.84339e-05 -0)
(0.0001493 -4.11146e-05 -0)
(0.000153683 -4.14698e-05 -0)
(0.000156738 -4.02619e-05 -0)
(0.000157184 -3.74797e-05 -0)
(0.000156928 -3.36709e-05 -0)
(0.000157404 -2.80614e-05 -0)
(0.000153136 -2.12856e-05 -0)
(0.000147976 -1.90228e-05 -0)
(0.000142497 -2.14274e-05 -0)
(0.000140364 -2.62992e-05 -0)
(0.000142088 -2.37378e-05 -0)
(0.000138943 -1.06356e-05 -0)
(0.000135571 -4.9377e-06 -0)
(0.000133969 -3.21194e-06 -0)
(0.000129725 -3.5885e-06 -0)
(0.000128855 -6.82308e-06 -0)
(0.000115524 -1.41257e-05 -0)
(0.000111406 -3.96815e-05 -0)
(5.28256e-05 -0.000100899 -0)
(8.09304e-05 -5.26006e-05 -0)
(6.91948e-05 -4.11249e-05 -0)
(6.55417e-05 -3.32365e-05 -0)
(6.68554e-05 -2.83268e-05 -0)
(7.28412e-05 -2.65872e-05 -0)
(7.86691e-05 -2.63456e-05 -0)
(8.90373e-05 -2.91787e-05 -0)
(9.6759e-05 -3.22838e-05 -0)
(0.000108434 -3.75284e-05 -0)
(0.000116609 -4.13672e-05 -0)
(0.000125995 -4.49652e-05 -0)
(0.000131246 -4.56597e-05 -0)
(0.00013273 -4.38134e-05 -0)
(0.000132649 -4.03274e-05 -0)
(0.000127021 -3.53233e-05 -0)
(0.000122378 -3.28209e-05 -0)
(0.000119719 -2.64342e-05 -0)
(0.000112243 -1.40816e-05 -0)
(0.000105552 -1.09746e-05 -0)
(9.5456e-05 -1.40153e-05 -0)
(9.16963e-05 -2.41503e-05 -0)
(7.91452e-05 -2.85534e-05 -0)
(7.78686e-05 -3.38047e-06 -0)
(7.38922e-05 -1.47126e-06 -0)
(7.18024e-05 -1.04288e-06 -0)
(6.97145e-05 -1.23752e-06 -0)
(6.76407e-05 -2.17038e-06 -0)
(5.94534e-05 -4.82515e-06 -0)
(4.94604e-05 -1.00945e-05 -0)
(6.83619e-06 -5.01149e-06 -0)
(8.63429e-05 -4.49157e-05 -0)
(8.26774e-05 -4.31268e-05 -0)
(8.13982e-05 -4.0087e-05 -0)
(8.27341e-05 -3.77364e-05 -0)
(8.59267e-05 -3.67996e-05 -0)
(8.89589e-05 -3.74e-05 -0)
(9.59577e-05 -4.08505e-05 -0)
(9.90305e-05 -4.35746e-05 -0)
(0.000108386 -4.92651e-05 -0)
(0.000111163 -5.08643e-05 -0)
(0.00011778 -5.24717e-05 -0)
(0.000114177 -4.73449e-05 -0)
(0.000108894 -4.20919e-05 -0)
(0.000101494 -3.50021e-05 -0)
(8.88116e-05 -2.5405e-05 -0)
(8.13138e-05 -2.61642e-05 -0)
(6.67567e-05 -2.55503e-05 -0)
(6.33768e-05 -3.72072e-06 -0)
(5.67176e-05 -2.42546e-06 -0)
(4.93815e-05 -3.63253e-06 -0)
(4.35744e-05 -8.39217e-06 -0)
(6.9852e-07 -8.9526e-08 -0)
(9.54559e-07 -1.10892e-07 -0)
(7.32529e-07 -1.35347e-07 -0)
(7.00216e-07 -1.67002e-07 -0)
(6.72058e-07 -2.08059e-07 -0)
(6.32282e-07 -2.59176e-07 -0)
(5.55855e-07 -3.22801e-07 -0)
(4.23772e-07 -3.88281e-07 -0)
(1.72049e-07 -4.76674e-07 -0)
(8.77846e-05 -3.80795e-05 -0)
(8.26061e-05 -3.7054e-05 -0)
(7.72568e-05 -3.50504e-05 -0)
(7.57803e-05 -3.46286e-05 -0)
(7.41872e-05 -3.45089e-05 -0)
(7.63065e-05 -3.71904e-05 -0)
(7.95353e-05 -4.09078e-05 -0)
(8.20159e-05 -4.48664e-05 -0)
(9.01488e-05 -5.12594e-05 -0)
(8.97844e-05 -5.09896e-05 -0)
(9.31266e-05 -5.0012e-05 -0)
(7.96727e-05 -3.7734e-05 -0)
(7.33261e-05 -3.11937e-05 -0)
(5.58265e-05 -2.55053e-05 -0)
(4.58944e-05 -1.14499e-05 -0)
(3.81776e-05 -7.96236e-06 -0)
(5.83662e-07 -6.24489e-08 -0)
(7.56577e-07 -5.33431e-08 -0)
(5.50453e-07 -4.47362e-08 -0)
(4.84392e-07 -2.97534e-08 -0)
(5.31309e-07 1.60765e-08 -0)
(6.94432e-07 8.58212e-08 -0)
(7.36598e-07 -1.73523e-07 -0)
(6.74536e-07 -2.40348e-07 -0)
(6.28728e-07 -3.05763e-07 -0)
(5.81648e-07 -3.82055e-07 -0)
(5.20196e-07 -4.7221e-07 -0)
(4.29896e-07 -5.7738e-07 -0)
(2.9767e-07 -6.82202e-07 -0)
(1.09972e-07 -7.7411e-07 -0)
(8.8162e-05 -3.21067e-05 -0)
(8.3419e-05 -3.22271e-05 -0)
(7.84518e-05 -3.24353e-05 -0)
(7.72622e-05 -3.44733e-05 -0)
(7.41808e-05 -3.62699e-05 -0)
(7.68969e-05 -4.18223e-05 -0)
(7.60076e-05 -4.56571e-05 -0)
(7.87011e-05 -5.19421e-05 -0)
(8.23687e-05 -5.67734e-05 -0)
(7.58274e-05 -5.16747e-05 -0)
(7.10492e-05 -4.46351e-05 -0)
(4.64396e-05 -2.73574e-05 -0)
(4.36124e-05 -1.37236e-05 -0)
(8.04491e-06 -1.83533e-06 -0)
(5.55889e-07 -4.53267e-08 -0)
(5.32573e-07 2.42654e-08 -0)
(6.12602e-07 1.08649e-07 -0)
(6.29526e-07 -6.23876e-08 -0)
(5.71559e-07 -6.55387e-08 -0)
(5.4184e-07 -4.84235e-08 -0)
(5.60037e-07 1.43789e-09 -0)
(6.12402e-07 -2.51359e-08 -0)
(6.2839e-07 -1.26241e-07 -0)
(6.00289e-07 -1.97464e-07 -0)
(5.58509e-07 -2.61057e-07 -0)
(5.05611e-07 -3.26783e-07 -0)
(4.36957e-07 -3.97377e-07 -0)
(3.45863e-07 -4.7082e-07 -0)
(2.27042e-07 -5.37716e-07 -0)
(8.01409e-08 -5.83997e-07 -0)
(8.84309e-05 -2.65711e-05 -0)
(8.33397e-05 -2.71704e-05 -0)
(7.7931e-05 -2.83548e-05 -0)
(7.46804e-05 -3.09811e-05 -0)
(6.9168e-05 -3.3658e-05 -0)
(6.94761e-05 -4.00028e-05 -0)
(6.32011e-05 -4.27191e-05 -0)
(6.65328e-05 -5.12996e-05 -0)
(6.22219e-05 -5.04724e-05 -0)
(5.03127e-05 -4.03024e-05 -0)
(3.48281e-05 -2.70152e-05 -0)
(4.92363e-06 -1.39109e-06 -0)
(4.55073e-07 -2.5271e-08 -0)
(4.87281e-07 5.96347e-08 -0)
(5.65079e-07 2.19599e-08 -0)
(5.55098e-07 3.92998e-08 -0)
(5.76592e-07 3.55383e-08 -0)
(5.8239e-07 -1.70213e-08 -0)
(5.64417e-07 -3.49639e-08 -0)
(5.51369e-07 -3.62334e-08 -0)
(5.54597e-07 -3.21827e-08 -0)
(5.66753e-07 -5.60392e-08 -0)
(5.64271e-07 -1.08845e-07 -0)
(5.3972e-07 -1.62211e-07 -0)
(4.99408e-07 -2.1422e-07 -0)
(4.45328e-07 -2.66644e-07 -0)
(3.76159e-07 -3.19695e-07 -0)
(2.89557e-07 -3.70807e-07 -0)
(1.84494e-07 -4.13847e-07 -0)
(6.36915e-08 -4.40164e-07 -0)
(8.85481e-05 -2.09832e-05 -0)
(8.27851e-05 -2.16893e-05 -0)
(7.71799e-05 -2.33194e-05 -0)
(7.19402e-05 -2.60182e-05 -0)
(6.56917e-05 -2.98509e-05 -0)
(6.28217e-05 -3.64294e-05 -0)
(5.43003e-05 -4.02627e-05 -0)
(5.73238e-05 -5.08517e-05 -0)
(4.3671e-05 -4.12281e-05 -0)
(2.71633e-05 -2.48993e-05 -0)
(4.73632e-07 -1.04675e-07 -0)
(4.93366e-07 2.30858e-08 -0)
(5.00549e-07 1.10259e-08 -0)
(5.08879e-07 6.55316e-08 -0)
(5.36655e-07 3.47761e-08 -0)
(5.46151e-07 2.69646e-08 -0)
(5.56281e-07 1.62474e-08 -0)
(5.59024e-07 -6.27339e-09 -0)
(5.52347e-07 -2.10644e-08 -0)
(5.44622e-07 -2.93641e-08 -0)
(5.40231e-07 -3.78958e-08 -0)
(5.3574e-07 -5.79949e-08 -0)
(5.22219e-07 -9.08895e-08 -0)
(4.94914e-07 -1.28315e-07 -0)
(4.54076e-07 -1.6697e-07 -0)
(4.00136e-07 -2.05878e-07 -0)
(3.32795e-07 -2.43954e-07 -0)
(2.51712e-07 -2.78865e-07 -0)
(1.57684e-07 -3.06699e-07 -0)
(5.38232e-08 -3.2265e-07 -0)
(8.85572e-05 -1.51922e-05 -0)
(8.22404e-05 -1.58186e-05 -0)
(7.64217e-05 -1.73577e-05 -0)
(6.94334e-05 -1.96279e-05 -0)
(6.25236e-05 -2.36595e-05 -0)
(5.50292e-05 -2.9099e-05 -0)
(4.51293e-05 -3.43876e-05 -0)
(4.31605e-05 -4.28121e-05 -0)
(2.19629e-05 -2.40822e-05 -0)
(2.55343e-07 -1.28914e-07 -0)
(4.37932e-07 2.24066e-08 -0)
(4.79881e-07 3.25424e-08 -0)
(4.97966e-07 2.27579e-08 -0)
(5.11032e-07 3.24001e-08 -0)
(5.26512e-07 2.46496e-08 -0)
(5.3657e-07 1.75355e-08 -0)
(5.43354e-07 8.76129e-09 -0)
(5.45078e-07 -3.2562e-09 -0)
(5.41327e-07 -1.36575e-08 -0)
(5.34538e-07 -2.22618e-08 -0)
(5.25966e-07 -3.20412e-08 -0)
(5.13759e-07 -4.71552e-08 -0)
(4.93951e-07 -6.84018e-08 -0)
(4.6364e-07 -9.31888e-08 -0)
(4.21845e-07 -1.19465e-07 -0)
(3.68344e-07 -1.45945e-07 -0)
(3.03172e-07 -1.71377e-07 -0)
(2.26812e-07 -1.94002e-07 -0)
(1.40709e-07 -2.11434e-07 -0)
(4.77401e-08 -2.21088e-07 -0)
(8.85435e-05 -9.20794e-06 -0)
(8.18309e-05 -9.62159e-06 -0)
(7.58492e-05 -1.06876e-05 -0)
(6.76669e-05 -1.21506e-05 -0)
(6.03103e-05 -1.52009e-05 -0)
(4.88207e-05 -1.88847e-05 -0)
(3.81196e-05 -2.54515e-05 -0)
(2.61595e-05 -2.94956e-05 -0)
(8.98328e-07 -1.00097e-06 -0)
(3.48646e-07 -1.54414e-08 -0)
(5.07381e-07 7.70436e-09 -0)
(4.93723e-07 1.54625e-08 -0)
(5.00407e-07 1.50664e-08 -0)
(5.10771e-07 1.66637e-08 -0)
(5.2179e-07 1.3885e-08 -0)
(5.30263e-07 9.76601e-09 -0)
(5.35489e-07 4.5198e-09 -0)
(5.36605e-07 -1.8526e-09 -0)
(5.33342e-07 -8.04638e-09 -0)
(5.26238e-07 -1.39836e-08 -0)
(5.15338e-07 -2.085e-08 -0)
(4.9938e-07 -3.01801e-08 -0)
(4.76185e-07 -4.23723e-08 -0)
(4.4385e-07 -5.65713e-08 -0)
(4.01319e-07 -7.17572e-08 -0)
(3.48224e-07 -8.70602e-08 -0)
(2.84738e-07 -1.01607e-07 -0)
(2.11655e-07 -1.14331e-07 -0)
(1.30598e-07 -1.23947e-07 -0)
(4.41688e-08 -1.29181e-07 -0)
(8.85793e-05 -3.08786e-06 -0)
(8.15347e-05 -3.22462e-06 -0)
(7.5669e-05 -3.61213e-06 -0)
(6.66271e-05 -4.08714e-06 -0)
(5.95616e-05 -5.24331e-06 -0)
(4.52282e-05 -6.512e-06 -0)
(3.47509e-05 -1.05904e-05 -0)
(7.58364e-06 -8.2736e-06 -0)
(1.74945e-07 -5.54079e-08 -0)
(4.23327e-07 4.50827e-08 -0)
(4.6884e-07 1.18626e-08 -0)
(4.87243e-07 6.54104e-09 -0)
(4.99168e-07 5.38239e-09 -0)
(5.09851e-07 5.30196e-09 -0)
(5.19614e-07 4.46222e-09 -0)
(5.27204e-07 3.12593e-09 -0)
(5.31736e-07 1.40377e-09 -0)
(5.32512e-07 -6.27434e-10 -0)
(5.29196e-07 -2.68963e-09 -0)
(5.21734e-07 -4.77357e-09 -0)
(5.0977e-07 -7.19318e-09 -0)
(4.92237e-07 -1.03418e-08 -0)
(4.67559e-07 -1.43361e-08 -0)
(4.34255e-07 -1.89674e-08 -0)
(3.91356e-07 -2.3931e-08 -0)
(3.38494e-07 -2.89305e-08 -0)
(2.75902e-07 -3.36611e-08 -0)
(2.04472e-07 -3.77672e-08 -0)
(1.25858e-07 -4.08443e-08 -0)
(4.25066e-08 -4.25066e-08 -0)
)
;

boundaryField
{
    inlet1
    {
        type            extrapolatedCalculated;
        value           nonuniform List<vector> 10((1e-05 2.63169e-05 -0) (1e-05 6.77059e-05 -0) (1e-05 8.91633e-05 -0) (1e-05 0.000117659 -0) (1e-05 0.000160757 -0) (1e-05 0.000218617 -0) (1e-05 0.000280349 -0) (1e-05 0.000325675 -0) (1e-05 0.00034923 -0) (1e-05 0.000338307 -0));
    }
    inlet2
    {
        type            extrapolatedCalculated;
        value           nonuniform List<vector> 10((-0 9.93383e-05 -0) (-0 6.87134e-05 -0) (-0 9.32238e-05 -0) (-0 5.72172e-05 -0) (-0 7.69241e-05 -0) (-0 6.58514e-06 -0) (-0 -1.85111e-05 -0) (-0 -2.15611e-05 -0) (-0 -3.83834e-05 -0) (-0 -5.19118e-05 -0));
    }
    inlet3
    {
        type            extrapolatedCalculated;
        value           nonuniform List<vector> 10((9.13394e-05 -6.95909e-05 -0) (9.13394e-05 -5.61668e-05 -0) (9.13394e-05 -4.60672e-05 -0) (9.13394e-05 -3.86803e-05 -0) (9.13394e-05 -3.24647e-05 -0) (9.13394e-05 -2.66959e-05 -0) (9.13394e-05 -2.09652e-05 -0) (9.13394e-05 -1.51194e-05 -0) (9.13394e-05 -9.13989e-06 -0) (9.13394e-05 -3.05959e-06 -0));
    }
    output1
    {
        type            extrapolatedCalculated;
        value           nonuniform List<vector> 10((-0 2.51567e-08 -0) (-0 7.63027e-08 -0) (-0 1.30066e-07 -0) (-0 1.88628e-07 -0) (-0 2.55005e-07 -0) (-0 3.33858e-07 -0) (-0 4.3325e-07 -0) (-0 5.68939e-07 -0) (-0 7.76187e-07 -0) (-0 1.14629e-06 -0));
    }
    output2
    {
        type            extrapolatedCalculated;
        value           nonuniform List<vector> 10((2.12331e-06 8.90359e-07 -0) (1.33927e-06 2.64489e-07 -0) (1.06535e-06 9.74213e-08 -0) (9.49582e-07 4.15798e-08 -0) (8.99031e-07 1.47996e-08 -0) (6.18033e-07 2.67303e-09 -0) (0.000182552 -1.7515e-06 -0) (0.000282133 -1.33971e-05 -0) (0.000283029 -3.75572e-05 -0) (0.000258686 -7.42025e-05 -0));
    }
    output3
    {
        type            extrapolatedCalculated;
        value           nonuniform List<vector> 10((-0 -0.000100899 -0) (-0 -5.01149e-06 -0) (-0 -4.76674e-07 -0) (-0 -7.7411e-07 -0) (-0 -5.83997e-07 -0) (-0 -4.40164e-07 -0) (-0 -3.2265e-07 -0) (-0 -2.21088e-07 -0) (-0 -1.29181e-07 -0) (-0 -4.25066e-08 -0));
    }
    up
    {
        type            extrapolatedCalculated;
        value           nonuniform List<vector> 
30
(
(8.85793e-05 -0 -0)
(8.15347e-05 -0 -0)
(7.5669e-05 -0 -0)
(6.66271e-05 -0 -0)
(5.95616e-05 -0 -0)
(4.52282e-05 -0 -0)
(3.47509e-05 -0 -0)
(7.58364e-06 -0 -0)
(1.74945e-07 -0 -0)
(4.23327e-07 -0 -0)
(4.6884e-07 -0 -0)
(4.87243e-07 -0 -0)
(4.99168e-07 -0 -0)
(5.09851e-07 -0 -0)
(5.19614e-07 -0 -0)
(5.27204e-07 -0 -0)
(5.31736e-07 -0 -0)
(5.32512e-07 -0 -0)
(5.29196e-07 -0 -0)
(5.21734e-07 -0 -0)
(5.0977e-07 -0 -0)
(4.92237e-07 -0 -0)
(4.67559e-07 -0 -0)
(4.34255e-07 -0 -0)
(3.91356e-07 -0 -0)
(3.38494e-07 -0 -0)
(2.75902e-07 -0 -0)
(2.04472e-07 -0 -0)
(1.25858e-07 -0 -0)
(4.25066e-08 -0 -0)
)
;
    }
    down
    {
        type            extrapolatedCalculated;
        value           nonuniform List<vector> 
30
(
(3.42244e-06 -0 -0)
(7.4645e-07 -0 -0)
(8.49326e-07 -0 -0)
(2.85392e-07 -0 -0)
(3.69479e-07 -0 -0)
(3.89422e-07 -0 -0)
(3.76111e-07 -0 -0)
(3.70658e-07 -0 -0)
(3.68517e-07 -0 -0)
(3.68001e-07 -0 -0)
(3.683e-07 -0 -0)
(3.68905e-07 -0 -0)
(3.69417e-07 -0 -0)
(3.69489e-07 -0 -0)
(3.68791e-07 -0 -0)
(3.66996e-07 -0 -0)
(3.63766e-07 -0 -0)
(3.58745e-07 -0 -0)
(3.51551e-07 -0 -0)
(3.41772e-07 -0 -0)
(3.28969e-07 -0 -0)
(3.12682e-07 -0 -0)
(2.9245e-07 -0 -0)
(2.67844e-07 -0 -0)
(2.38522e-07 -0 -0)
(2.04297e-07 -0 -0)
(1.65234e-07 -0 -0)
(1.21742e-07 -0 -0)
(7.46389e-08 -0 -0)
(2.51571e-08 -0 -0)
)
;
    }
    emptyWalls
    {
        type            empty;
    }
}


// ************************************************************************* //
