/*--------------------------------*- C++ -*----------------------------------*\
  =========                 |
  \\      /  F ield         | OpenFOAM: The Open Source CFD Toolbox
   \\    /   O peration     | Website:  https://openfoam.org
    \\  /    A nd           | Version:  9
     \\/     M anipulation  |
\*---------------------------------------------------------------------------*/
FoamFile
{
    format      ascii;
    class       volScalarField;
    location    "9500";
    object      fw;
}
// * * * * * * * * * * * * * * * * * * * * * * * * * * * * * * * * * * * * * //

dimensions      [0 0 0 0 0 0 0];

internalField   nonuniform List<scalar> 
900
(
0.993107
0.95789
0.670857
0.0111441
5.02448e-09
4.7991e-09
4.7991e-09
4.7991e-09
4.7991e-09
4.7991e-09
4.7991e-09
4.7991e-09
4.7991e-09
4.7991e-09
4.7991e-09
4.7991e-09
4.7991e-09
4.7991e-09
4.7991e-09
4.7991e-09
4.7991e-09
4.7991e-09
4.7991e-09
4.7991e-09
4.7991e-09
4.7991e-09
4.7991e-09
4.7991e-09
4.7991e-09
4.7991e-09
1
0.947863
0.642492
0.0015402
4.82187e-09
4.7991e-09
4.7991e-09
4.7991e-09
4.7991e-09
4.7991e-09
4.7991e-09
4.7991e-09
4.7991e-09
4.7991e-09
4.7991e-09
4.7991e-09
4.7991e-09
4.7991e-09
4.7991e-09
4.7991e-09
4.7991e-09
4.7991e-09
4.7991e-09
4.7991e-09
4.7991e-09
4.7991e-09
4.7991e-09
4.7991e-09
4.7991e-09
4.7991e-09
0.987461
0.805652
0.713568
0.000449209
4.80471e-09
4.7991e-09
4.7991e-09
4.7991e-09
4.7991e-09
4.7991e-09
4.7991e-09
4.7991e-09
4.7991e-09
4.7991e-09
4.7991e-09
4.7991e-09
4.7991e-09
4.7991e-09
4.7991e-09
4.7991e-09
4.7991e-09
4.7991e-09
4.7991e-09
4.7991e-09
4.7991e-09
4.7991e-09
4.7991e-09
4.7991e-09
4.7991e-09
4.7991e-09
0.998844
0.866631
0.722586
5.31158e-05
4.79974e-09
4.7991e-09
4.7991e-09
4.7991e-09
4.7991e-09
4.7991e-09
4.7991e-09
4.7991e-09
4.7991e-09
4.7991e-09
4.7991e-09
4.7991e-09
4.7991e-09
4.7991e-09
4.7991e-09
4.7991e-09
4.7991e-09
4.7991e-09
4.7991e-09
4.7991e-09
4.7991e-09
4.7991e-09
4.7991e-09
4.7991e-09
4.7991e-09
4.7991e-09
0.981092
0.838478
0.768501
2.21924e-06
4.79912e-09
4.7991e-09
4.7991e-09
4.7991e-09
4.7991e-09
4.7991e-09
4.7991e-09
4.7991e-09
4.7991e-09
4.7991e-09
4.7991e-09
4.7991e-09
4.7991e-09
4.7991e-09
4.7991e-09
4.7991e-09
4.7991e-09
4.7991e-09
4.7991e-09
4.7991e-09
4.7991e-09
4.7991e-09
4.7991e-09
4.7991e-09
4.7991e-09
4.7991e-09
0.99826
0.886239
0.761869
2.44695e-08
4.7991e-09
4.7991e-09
4.7991e-09
4.7991e-09
4.7991e-09
4.7991e-09
4.7991e-09
4.7991e-09
4.7991e-09
4.7991e-09
4.7991e-09
4.7991e-09
4.7991e-09
4.7991e-09
4.7991e-09
4.7991e-09
4.7991e-09
4.7991e-09
4.7991e-09
4.7991e-09
4.7991e-09
4.7991e-09
4.7991e-09
4.7991e-09
4.7991e-09
4.7991e-09
0.992265
0.830954
0.0169024
4.98326e-09
4.7991e-09
4.7991e-09
4.7991e-09
4.7991e-09
4.7991e-09
4.7991e-09
4.7991e-09
4.7991e-09
4.7991e-09
4.7991e-09
4.7991e-09
4.7991e-09
4.7991e-09
4.7991e-09
4.7991e-09
4.7991e-09
4.7991e-09
4.7991e-09
4.7991e-09
4.7991e-09
4.7991e-09
4.7991e-09
4.7991e-09
4.7991e-09
4.7991e-09
4.7991e-09
0.999409
0.882681
0.00091793
4.81668e-09
4.7991e-09
4.7991e-09
4.7991e-09
4.7991e-09
4.7991e-09
4.7991e-09
4.7991e-09
4.7991e-09
4.7991e-09
4.7991e-09
4.7991e-09
4.7991e-09
4.7991e-09
4.7991e-09
4.7991e-09
4.7991e-09
4.7991e-09
4.7991e-09
4.7991e-09
4.7991e-09
4.7991e-09
4.7991e-09
4.7991e-09
4.7991e-09
4.7991e-09
4.7991e-09
0.997781
0.902687
2.88417e-05
4.79944e-09
4.7991e-09
4.7991e-09
4.7991e-09
4.7991e-09
4.7991e-09
4.7991e-09
4.7991e-09
4.7991e-09
4.7991e-09
4.7991e-09
4.7991e-09
4.7991e-09
4.7991e-09
4.7991e-09
4.7991e-09
4.7991e-09
4.7991e-09
4.7991e-09
4.7991e-09
4.7991e-09
4.7991e-09
4.7991e-09
4.7991e-09
4.7991e-09
4.7991e-09
4.7991e-09
0.999891
0.934336
2.30309e-06
4.79911e-09
4.7991e-09
4.7991e-09
4.7991e-09
4.7991e-09
4.7991e-09
4.7991e-09
4.7991e-09
4.7991e-09
4.7991e-09
4.7991e-09
4.7991e-09
4.7991e-09
4.7991e-09
4.7991e-09
4.7991e-09
4.7991e-09
4.7991e-09
4.7991e-09
4.7991e-09
4.7991e-09
4.7991e-09
4.7991e-09
4.7991e-09
4.7991e-09
4.7991e-09
4.79911e-09
0.999602
0.957271
0.0185494
4.88008e-09
4.7991e-09
4.7991e-09
4.7991e-09
4.7991e-09
4.7991e-09
4.7991e-09
4.7991e-09
4.7991e-09
4.7991e-09
4.7991e-09
4.7991e-09
4.7991e-09
4.7991e-09
4.7991e-09
4.7991e-09
4.7991e-09
4.7991e-09
4.7991e-09
4.7991e-09
4.7991e-09
4.7991e-09
4.7991e-09
4.7991e-09
4.7991e-09
4.79909e-09
4.79909e-09
0.999996
0.955067
0.521224
0.00625087
4.94434e-09
4.7991e-09
4.7991e-09
4.7991e-09
4.7991e-09
4.7991e-09
4.7991e-09
4.7991e-09
4.7991e-09
4.7991e-09
4.7991e-09
4.7991e-09
4.7991e-09
4.7991e-09
4.7991e-09
4.7991e-09
4.7991e-09
4.7991e-09
4.7991e-09
4.7991e-09
4.7991e-09
4.7991e-09
4.7991e-09
4.7991e-09
4.7991e-09
4.7991e-09
0.999986
0.988862
0.859926
0.724017
0.603404
1.64279e-07
4.7991e-09
4.7991e-09
4.7991e-09
4.7991e-09
4.7991e-09
4.7991e-09
4.7991e-09
4.7991e-09
4.7991e-09
4.7991e-09
4.7991e-09
4.7991e-09
4.7991e-09
4.7991e-09
4.7991e-09
4.7991e-09
4.7991e-09
4.7991e-09
4.7991e-09
4.7991e-09
4.7991e-09
4.7991e-09
4.7991e-09
4.7991e-09
1.00006
0.913591
0.557182
0.398878
0.33056
0.0784449
6.47534e-09
4.79917e-09
4.7991e-09
4.7991e-09
4.7991e-09
4.7991e-09
4.7991e-09
4.7991e-09
4.7991e-09
4.7991e-09
4.7991e-09
4.7991e-09
4.7991e-09
4.7991e-09
4.7991e-09
4.7991e-09
4.7991e-09
4.7991e-09
4.7991e-09
4.7991e-09
4.7991e-09
4.7991e-09
4.7991e-09
4.7991e-09
1.00007
0.999889
0.995703
0.975567
0.929543
0.802999
0.757594
0.000694763
4.80079e-09
4.8007e-09
4.80087e-09
4.80081e-09
4.80092e-09
4.79938e-09
4.79997e-09
4.80086e-09
4.80146e-09
4.80135e-09
4.80088e-09
4.8009e-09
4.80064e-09
4.80161e-09
4.81398e-09
5.29486e-09
5.89498e-09
5.21746e-09
4.7991e-09
4.7991e-09
4.7991e-09
4.7991e-09
0.999788
0.997062
0.992214
0.97341
0.960977
0.923221
0.895675
0.77294
0.720967
0.746339
0.713769
0.787574
0.300913
0.000111479
0.000420423
0.00103936
0.00152991
0.00163519
0.00153019
0.00187551
0.0022961
0.00620599
0.0359424
0.171221
0.224822
0.229301
0.198201
0.154951
0.0234787
6.73986e-05
0.946585
0.932758
0.932418
0.912221
0.903336
0.892584
0.872905
0.872453
0.843537
0.846428
0.818164
0.807614
0.697295
0.593937
0.593941
0.61604
0.632881
0.644805
0.653756
0.661556
0.670209
0.68465
0.709762
0.732455
0.743601
0.74378
0.733578
0.710739
0.68102
0.670491
0.923436
0.901422
0.884002
0.878225
0.866665
0.866152
0.858333
0.866349
0.856967
0.848716
0.831641
0.815884
0.803143
0.792084
0.789165
0.796976
0.805893
0.813832
0.819446
0.824729
0.828644
0.834214
0.835498
0.836353
0.837199
0.835946
0.829927
0.821805
0.820914
0.82441
0.876395
0.876067
0.885032
0.893114
0.895385
0.896422
0.895906
0.895556
0.892263
0.885995
0.87933
0.873546
0.873522
0.875763
0.875154
0.87572
0.876835
0.878237
0.878715
0.878827
0.877346
0.874836
0.869798
0.86565
0.86119
0.858615
0.850809
0.841394
0.822758
0.808421
0.88149
0.90499
0.920154
0.9271
0.928297
0.928009
0.926332
0.923904
0.92034
0.915924
0.912044
0.909587
0.909094
0.907883
0.90451
0.899945
0.89477
0.889856
0.884393
0.879735
0.872641
0.864299
0.85319
0.842713
0.829838
0.825186
0.809357
0.807689
0.753209
0.70394
0.93091
0.947914
0.946638
0.941908
0.935804
0.931417
0.926285
0.922075
0.917223
0.913186
0.909895
0.907339
0.905198
0.900668
0.894549
0.885185
0.874739
0.862031
0.847971
0.837938
0.823501
0.809202
0.793331
0.770509
0.744636
0.71965
0.701688
0.694816
0.741297
0.855122
0.904804
0.897364
0.89672
0.899793
0.900136
0.903511
0.902591
0.904687
0.902932
0.903907
0.902181
0.901047
0.897395
0.889728
0.879369
0.861454
0.843841
0.815939
0.784461
0.758953
0.730599
0.715447
0.699362
0.665375
0.606437
0.490561
0.47196
0.477701
0.522744
0.257314
0.910161
0.913479
0.918994
0.924325
0.924594
0.925873
0.921741
0.92132
0.915148
0.913986
0.906398
0.902444
0.889813
0.873553
0.849556
0.811429
0.773777
0.712636
0.663997
0.534601
0.498709
0.499069
0.485769
0.481493
0.397782
7.85053e-08
4.7991e-09
4.7991e-09
4.7991e-09
4.7991e-09
0.911786
0.90965
0.90827
0.908051
0.905853
0.906103
0.901459
0.902986
0.896631
0.898014
0.887457
0.883009
0.852182
0.820167
0.764746
0.700711
0.594353
0.469298
0.517188
0.00152227
4.80062e-09
4.79912e-09
4.7991e-09
4.7991e-09
4.7991e-09
4.7991e-09
4.7991e-09
4.7991e-09
4.7991e-09
4.7991e-09
0.91222
0.910668
0.910543
0.911763
0.912217
0.914271
0.911435
0.913258
0.905178
0.903335
0.886448
0.867886
0.794753
0.73286
0.561998
0.549149
0.223146
8.63671e-09
4.79913e-09
4.79912e-09
4.7991e-09
4.7991e-09
4.7991e-09
4.7991e-09
4.7991e-09
4.7991e-09
4.7991e-09
4.7991e-09
4.7991e-09
4.7991e-09
0.912871
0.911705
0.911981
0.911687
0.911962
0.911474
0.90772
0.906676
0.893189
0.888876
0.856905
0.792142
0.607407
0.539943
0.000129636
4.7993e-09
4.7992e-09
4.7991e-09
4.7991e-09
4.7991e-09
4.7991e-09
4.7991e-09
4.7991e-09
4.7991e-09
4.7991e-09
4.7991e-09
4.7991e-09
4.7991e-09
4.7991e-09
4.7991e-09
0.91329
0.912547
0.913331
0.912848
0.9143
0.913334
0.912086
0.909137
0.893568
0.887236
0.812953
0.624838
0.166362
6.42155e-09
4.7991e-09
4.7991e-09
4.7991e-09
4.7991e-09
4.7991e-09
4.7991e-09
4.7991e-09
4.7991e-09
4.7991e-09
4.7991e-09
4.7991e-09
4.7991e-09
4.7991e-09
4.7991e-09
4.7991e-09
4.7991e-09
0.913568
0.913208
0.914444
0.914109
0.916621
0.915415
0.917065
0.909575
0.894274
0.870294
0.647936
0.00538052
4.80479e-09
4.7991e-09
4.7991e-09
4.7991e-09
4.7991e-09
4.7991e-09
4.7991e-09
4.7991e-09
4.7991e-09
4.7991e-09
4.7991e-09
4.7991e-09
4.7991e-09
4.7991e-09
4.7991e-09
4.7991e-09
4.7991e-09
4.7991e-09
0.913691
0.913728
0.915089
0.915235
0.91819
0.917943
0.922233
0.914828
0.907457
0.840989
0.0186462
4.81753e-09
4.7991e-09
4.7991e-09
4.7991e-09
4.7991e-09
4.7991e-09
4.7991e-09
4.7991e-09
4.7991e-09
4.7991e-09
4.7991e-09
4.7991e-09
4.7991e-09
4.7991e-09
4.7991e-09
4.7991e-09
4.7991e-09
4.7991e-09
4.7991e-09
0.913706
0.914039
0.915343
0.915904
0.918919
0.919489
0.925354
0.920843
0.927428
0.730706
3.34319e-08
4.7991e-09
4.7991e-09
4.7991e-09
4.7991e-09
4.7991e-09
4.7991e-09
4.7991e-09
4.7991e-09
4.7991e-09
4.7991e-09
4.7991e-09
4.7991e-09
4.7991e-09
4.7991e-09
4.7991e-09
4.7991e-09
4.7991e-09
4.7991e-09
4.7991e-09
)
;

boundaryField
{
    inlet1
    {
        type            calculated;
        value           uniform 1;
    }
    inlet2
    {
        type            calculated;
        value           nonuniform List<scalar> 10(0.999602 0.999996 0.999986 1.00006 1.00007 0.999788 0.946585 0.923436 0.876395 0.88149);
    }
    inlet3
    {
        type            calculated;
        value           uniform 0.913307;
    }
    output1
    {
        type            calculated;
        value           nonuniform List<scalar> 10(4.7991e-09 4.7991e-09 4.7991e-09 4.7991e-09 4.7991e-09 4.7991e-09 4.7991e-09 4.7991e-09 4.7991e-09 4.79911e-09);
    }
    output2
    {
        type            calculated;
        value           nonuniform List<scalar> 10(4.79909e-09 4.7991e-09 4.7991e-09 4.7991e-09 4.7991e-09 6.73986e-05 0.670491 0.82441 0.808421 0.70394);
    }
    output3
    {
        type            calculated;
        value           nonuniform List<scalar> 10(0.855122 0.257314 4.7991e-09 4.7991e-09 4.7991e-09 4.7991e-09 4.7991e-09 4.7991e-09 4.7991e-09 4.7991e-09);
    }
    up
    {
        type            calculated;
        value           nonuniform List<scalar> 
30
(
0.913706
0.914039
0.915343
0.915904
0.918919
0.919489
0.925354
0.920843
0.927428
0.730706
3.34319e-08
4.7991e-09
4.7991e-09
4.7991e-09
4.7991e-09
4.7991e-09
4.7991e-09
4.7991e-09
4.7991e-09
4.7991e-09
4.7991e-09
4.7991e-09
4.7991e-09
4.7991e-09
4.7991e-09
4.7991e-09
4.7991e-09
4.7991e-09
4.7991e-09
4.7991e-09
)
;
    }
    down
    {
        type            calculated;
        value           nonuniform List<scalar> 
30
(
0.993107
0.95789
0.670857
0.0111441
5.02448e-09
4.7991e-09
4.7991e-09
4.7991e-09
4.7991e-09
4.7991e-09
4.7991e-09
4.7991e-09
4.7991e-09
4.7991e-09
4.7991e-09
4.7991e-09
4.7991e-09
4.7991e-09
4.7991e-09
4.7991e-09
4.7991e-09
4.7991e-09
4.7991e-09
4.7991e-09
4.7991e-09
4.7991e-09
4.7991e-09
4.7991e-09
4.7991e-09
4.7991e-09
)
;
    }
    emptyWalls
    {
        type            empty;
    }
}


// ************************************************************************* //
