/*--------------------------------*- C++ -*----------------------------------*\
  =========                 |
  \\      /  F ield         | OpenFOAM: The Open Source CFD Toolbox
   \\    /   O peration     | Website:  https://openfoam.org
    \\  /    A nd           | Version:  9
     \\/     M anipulation  |
\*---------------------------------------------------------------------------*/
FoamFile
{
    format      ascii;
    class       surfaceScalarField;
    location    "9500";
    object      phi;
}
// * * * * * * * * * * * * * * * * * * * * * * * * * * * * * * * * * * * * * //

dimensions      [0 3 -1 0 0 0 0];

internalField   nonuniform List<scalar> 
1740
(
1.29981e-08
1.15177e-07
7.66689e-09
1.0099e-08
4.56813e-09
4.00221e-09
3.0634e-09
1.92359e-11
2.97957e-09
5.1625e-10
3.23988e-09
2.15791e-10
3.09373e-09
9.39103e-11
3.03761e-09
3.71173e-11
3.02197e-09
7.33929e-12
3.02681e-09
-9.27109e-12
3.04208e-09
-1.81756e-11
3.06157e-09
-2.17162e-11
3.08062e-09
-2.09759e-11
3.09532e-09
-1.64807e-11
3.10208e-09
-8.48225e-12
3.09743e-09
2.92421e-12
3.07791e-09
1.77496e-11
3.03997e-09
3.60895e-11
2.97991e-09
5.81065e-11
2.89387e-09
8.4002e-11
2.77781e-09
1.13971e-10
2.62764e-09
1.48132e-10
2.43943e-09
1.86413e-10
2.20976e-09
2.28389e-10
1.93629e-09
2.73081e-10
1.61852e-09
3.18729e-10
1.2586e-09
3.6263e-10
8.62097e-10
4.01166e-10
4.38348e-10
4.30198e-10
4.45901e-10
3.95136e-08
1.52291e-07
7.43183e-09
1.82159e-08
3.12013e-09
1.0834e-08
2.09136e-09
4.22936e-11
2.88484e-09
4.95546e-10
3.00812e-09
2.5372e-10
3.00423e-09
1.22734e-10
2.99712e-09
4.72207e-11
3.0015e-09
1.5111e-12
3.01637e-09
-2.625e-11
3.03788e-09
-4.17176e-11
3.062e-09
-4.77152e-11
3.08497e-09
-4.57073e-11
3.10326e-09
-3.64646e-11
3.11349e-09
-2.03728e-11
3.1123e-09
2.42703e-12
3.09633e-09
3.19808e-11
3.06208e-09
6.84978e-11
3.0059e-09
1.12328e-10
2.92388e-09
1.63921e-10
2.81192e-09
2.23742e-10
2.66569e-09
2.92138e-10
2.48089e-09
3.69122e-10
2.25355e-09
4.54058e-10
1.98059e-09
5.452e-10
1.66066e-09
6.39195e-10
1.29516e-09
7.30613e-10
8.89341e-10
8.11836e-10
4.52966e-10
8.73734e-10
9.07494e-10
1.522e-08
2.47365e-07
7.93133e-09
3.11705e-08
3.94666e-09
1.86332e-08
1.983e-09
6.13951e-11
2.85524e-09
2.61171e-10
2.87035e-09
1.81323e-10
2.91799e-09
9.60868e-11
2.94514e-09
2.75207e-11
2.97054e-09
-2.22666e-11
2.99929e-09
-5.55242e-11
3.03105e-09
-7.47304e-11
3.06357e-09
-8.17186e-11
3.094e-09
-7.76717e-11
3.11928e-09
-6.32961e-11
3.13631e-09
-3.8971e-11
3.14196e-09
-4.82588e-12
3.13301e-09
3.92451e-11
3.10612e-09
9.35882e-11
3.0577e-09
1.58785e-10
2.98385e-09
2.35609e-10
2.88028e-09
3.24933e-10
2.7423e-09
4.27553e-10
2.56489e-09
5.43884e-10
2.34297e-09
6.73515e-10
2.07187e-09
8.14463e-10
1.74836e-09
9.62237e-10
1.37204e-09
1.10879e-09
9.47156e-10
1.24184e-09
4.8417e-10
1.3454e-09
1.40285e-09
2.58147e-08
2.95873e-07
8.42382e-09
4.6435e-08
3.86674e-09
2.58074e-08
1.97417e-09
8.46528e-11
2.84131e-09
1.29781e-10
2.79829e-09
1.14365e-10
2.85225e-09
5.27693e-11
2.89489e-09
-1.09596e-11
2.93623e-09
-6.25761e-11
2.9792e-09
-9.88502e-11
3.02346e-09
-1.19959e-10
3.06725e-09
-1.26755e-10
3.10818e-09
-1.19963e-10
3.14353e-09
-1.00076e-10
3.17051e-09
-6.73913e-11
3.1862e-09
-2.20085e-11
3.18764e-09
3.62328e-11
3.17169e-09
1.07822e-10
3.13494e-09
1.93613e-10
3.07353e-09
2.948e-10
2.98305e-09
4.12832e-10
2.85833e-09
5.49251e-10
2.69342e-09
7.05352e-10
2.48156e-09
8.81652e-10
2.21556e-09
1.07689e-09
1.88887e-09
1.28648e-09
1.49748e-09
1.50048e-09
1.04306e-09
1.70132e-09
5.36563e-10
1.86317e-09
1.95568e-09
1.20886e-08
3.93311e-07
5.71798e-09
6.21928e-08
3.05787e-09
3.03943e-08
2.06141e-09
2.95784e-10
2.82622e-09
1.57985e-10
2.76128e-09
9.35965e-11
2.79781e-09
1.15833e-11
2.84596e-09
-6.15547e-11
2.9003e-09
-1.18229e-10
2.9578e-09
-1.5734e-10
3.01633e-09
-1.79501e-10
3.0738e-09
-1.85377e-10
3.12792e-09
-1.7535e-10
3.17618e-09
-1.49657e-10
3.21598e-09
-1.08514e-10
3.24469e-09
-5.20534e-11
3.25965e-09
1.98694e-11
3.25807e-09
1.07854e-10
3.23683e-09
2.13047e-10
3.19229e-09
3.37147e-10
3.12004e-09
4.82353e-10
3.01457e-09
6.51256e-10
2.8689e-09
8.46616e-10
2.67426e-09
1.07084e-09
2.41995e-09
1.32493e-09
2.09408e-09
1.60632e-09
1.68593e-09
1.90531e-09
1.19106e-09
2.19981e-09
6.1904e-10
2.45028e-09
2.60102e-09
4.12631e-09
4.76659e-07
-2.41859e-09
6.93779e-08
9.82259e-10
1.61969e-08
2.17196e-09
6.98275e-10
2.79155e-09
2.83763e-10
2.70502e-09
9.04527e-11
2.73175e-09
-3.84805e-11
2.79083e-09
-1.28615e-10
2.8612e-09
-1.91444e-10
2.93539e-09
-2.3278e-10
3.01027e-09
-2.55328e-10
3.0837e-09
-2.59901e-10
3.15351e-09
-2.46407e-10
3.21727e-09
-2.1469e-10
3.27253e-09
-1.64954e-10
3.31692e-09
-9.75596e-11
3.34821e-09
-1.25529e-11
3.36411e-09
9.06834e-11
3.36201e-09
2.13581e-10
3.33876e-09
3.58391e-10
3.29025e-09
5.2818e-10
3.21098e-09
7.26804e-10
3.09335e-09
9.59005e-10
2.92663e-09
1.23018e-09
2.6959e-09
1.54568e-09
2.38158e-09
1.90859e-09
1.96112e-09
2.31464e-09
1.41621e-09
2.74232e-09
7.48558e-10
3.13715e-09
3.39709e-09
-7.52281e-09
5.98507e-07
-6.35693e-09
7.32674e-08
1.76381e-09
7.18752e-10
2.06142e-09
7.58157e-10
2.50196e-09
2.75393e-10
2.553e-09
2.29288e-11
2.63334e-09
-1.27345e-10
2.72442e-09
-2.2298e-10
2.81827e-09
-2.86153e-10
2.9123e-09
-3.27009e-10
3.00564e-09
-3.49129e-10
3.09722e-09
-3.52493e-10
3.18514e-09
-3.35684e-10
3.26688e-09
-2.97737e-10
3.33994e-09
-2.3905e-10
3.40226e-09
-1.60672e-10
3.45217e-09
-6.31986e-11
3.48813e-09
5.38583e-11
3.50836e-09
1.92206e-10
3.51048e-09
3.54662e-10
3.49121e-09
5.45156e-10
3.44576e-09
7.68799e-10
3.36688e-09
1.03243e-09
3.24299e-09
1.3452e-09
3.05547e-09
1.71904e-09
2.77523e-09
2.16775e-09
2.36075e-09
2.70235e-09
1.7641e-09
3.31768e-09
9.58994e-10
3.95889e-09
4.45311e-09
1.29872e-08
6.81864e-07
9.32783e-10
8.31934e-08
1.13934e-09
1.77989e-10
1.85697e-09
3.58209e-10
2.17341e-09
5.40396e-11
2.37199e-09
-1.46787e-10
2.52419e-09
-2.70847e-10
2.65524e-09
-3.49807e-10
2.77518e-09
-4.03179e-10
2.88989e-09
-4.39972e-10
3.00276e-09
-4.61685e-10
3.11441e-09
-4.65252e-10
3.22295e-09
-4.46089e-10
3.32516e-09
-4.01518e-10
3.4181e-09
-3.32831e-10
3.5e-09
-2.42875e-10
3.57007e-09
-1.33426e-10
3.62789e-09
-4.25137e-12
3.67279e-09
1.46718e-10
3.70359e-09
3.22916e-10
3.71833e-09
5.28959e-10
3.71398e-09
7.70818e-10
3.68542e-09
1.05673e-09
3.62299e-09
1.39914e-09
3.50776e-09
1.81754e-09
3.30312e-09
2.34101e-09
2.94253e-09
3.0093e-09
2.32045e-09
3.86717e-09
1.32332e-09
4.92763e-09
6.00335e-09
9.35338e-09
7.80474e-07
1.30841e-09
8.93171e-08
1.04944e-09
1.34638e-10
1.71247e-09
-1.04444e-10
1.98165e-09
-2.70357e-10
2.23738e-09
-3.93271e-10
2.43619e-09
-4.5945e-10
2.59718e-09
-5.02223e-10
2.73729e-09
-5.36783e-10
2.86934e-09
-5.68014e-10
3.0011e-09
-5.9238e-10
3.13471e-09
-6.00734e-10
3.26709e-09
-5.81894e-10
3.3927e-09
-5.29412e-10
3.50729e-09
-4.47881e-10
3.60956e-09
-3.44573e-10
3.70024e-09
-2.23381e-10
3.78056e-09
-8.41463e-11
3.85133e-09
7.59837e-11
3.91274e-09
2.61329e-10
3.96454e-09
4.7695e-10
4.00643e-09
7.28775e-10
4.03781e-09
1.02454e-09
4.05579e-09
1.37712e-09
4.04947e-09
1.81095e-09
3.98693e-09
2.36945e-09
3.78581e-09
3.12668e-09
3.25184e-09
4.21406e-09
2.01387e-09
5.88113e-09
8.62931e-09
2.05142e-08
8.51474e-07
1.61988e-09
9.93975e-08
9.25843e-10
5.80019e-10
1.53351e-09
-3.13897e-10
1.8638e-09
-6.37909e-10
2.1597e-09
-6.96487e-10
2.38599e-09
-6.71459e-10
2.55999e-09
-6.62851e-10
2.70749e-09
-6.73715e-10
2.84907e-09
-7.02914e-10
2.99761e-09
-7.39081e-10
3.15625e-09
-7.63405e-10
3.31799e-09
-7.51344e-10
3.47124e-09
-6.86357e-10
3.6088e-09
-5.84708e-10
3.73072e-09
-4.64154e-10
3.84077e-09
-3.31383e-10
3.94277e-09
-1.84945e-10
4.03923e-09
-1.99464e-11
4.13147e-09
1.69429e-10
4.22066e-09
3.88765e-10
4.30941e-09
6.42801e-10
4.40362e-09
9.35526e-10
4.51286e-09
1.27386e-09
4.64739e-09
1.67969e-09
4.80933e-09
2.19915e-09
4.96195e-09
2.91393e-09
4.88722e-09
3.98128e-09
3.48034e-09
5.75353e-09
9.16099e-09
6.61112e-09
8.43744e-07
6.582e-09
9.10115e-08
1.27494e-09
8.52105e-09
1.29212e-09
-1.41733e-10
1.81335e-09
-6.82508e-10
2.15163e-09
-1.10622e-09
2.3881e-09
-8.67049e-10
2.54931e-09
-8.04006e-10
2.6836e-09
-7.92306e-10
2.82185e-09
-8.30844e-10
2.98402e-09
-8.97623e-10
3.17468e-09
-9.62468e-10
3.37738e-09
-9.73724e-10
3.56546e-09
-8.79964e-10
3.72593e-09
-7.4044e-10
3.86376e-09
-5.95961e-10
3.98934e-09
-4.53046e-10
4.11051e-09
-3.04325e-10
4.23134e-09
-1.40223e-10
4.35327e-09
4.75573e-11
4.47724e-09
2.65894e-10
4.60694e-09
5.1814e-10
4.75437e-09
8.00903e-10
4.94465e-09
1.10311e-09
5.2179e-09
1.43479e-09
5.64106e-09
1.83355e-09
6.36545e-09
2.34864e-09
7.85476e-09
3.04359e-09
1.18628e-08
3.99073e-09
5.1562e-09
2.99886e-08
8.03567e-07
2.28892e-08
8.93259e-08
9.56574e-09
2.84554e-08
1.0391e-09
1.72143e-08
1.61559e-09
1.27567e-08
2.24554e-09
-8.23519e-10
2.46546e-09
-9.28183e-10
2.56554e-09
-8.93815e-10
2.65575e-09
-8.60657e-10
2.7707e-09
-9.30535e-10
2.94194e-09
-1.05811e-09
3.18107e-09
-1.21512e-09
3.45138e-09
-1.30112e-09
3.68731e-09
-1.11933e-09
3.86568e-09
-9.01123e-10
4.00905e-09
-7.26207e-10
4.14232e-09
-5.80517e-10
4.27863e-09
-4.39075e-10
4.42231e-09
-2.84199e-10
4.57302e-09
-1.04849e-10
4.7281e-09
1.09121e-10
4.88673e-09
3.62965e-10
5.06228e-09
6.46833e-10
5.29345e-09
9.02906e-10
5.6385e-09
1.1228e-09
6.17158e-09
1.35165e-09
7.00403e-09
1.60349e-09
8.3036e-09
1.85369e-09
1.01626e-08
2.0096e-09
1.52196e-09
4.49021e-08
7.57879e-07
6.39942e-08
6.17088e-08
6.09889e-08
2.56866e-08
4.89515e-08
2.25057e-08
1.93455e-08
2.19459e-08
2.09664e-09
5.39656e-09
2.68559e-09
-6.28066e-10
2.59166e-09
-1.01441e-09
2.60317e-09
-8.25975e-10
2.66327e-09
-9.72534e-10
2.83197e-09
-1.18916e-09
3.15627e-09
-1.53879e-09
3.55978e-09
-1.8963e-09
3.86668e-09
-1.39512e-09
4.04044e-09
-1.01851e-09
4.16446e-09
-8.27213e-10
4.29225e-09
-7.03753e-10
4.43936e-09
-5.87241e-10
4.60625e-09
-4.5266e-10
4.78842e-09
-2.91858e-10
4.9754e-09
-8.75155e-11
5.14961e-09
1.77769e-10
5.31456e-09
5.20565e-10
5.52838e-09
7.39093e-10
5.87109e-09
8.022e-10
6.40271e-09
8.46885e-10
7.17549e-09
8.59958e-10
8.19308e-09
7.58066e-10
9.25356e-09
6.72053e-10
4.43978e-10
9.67914e-08
6.51383e-07
3.71914e-08
1.24383e-07
3.36271e-08
6.60811e-08
3.92067e-08
5.09353e-08
3.09158e-08
5.95614e-08
1.00711e-08
4.10297e-08
2.17627e-09
3.03585e-08
2.554e-09
-6.12915e-10
2.50201e-09
-5.56181e-10
2.44724e-09
-7.27985e-10
2.56639e-09
-9.40751e-10
3.05226e-09
-1.34408e-09
3.76477e-09
-1.90285e-09
4.17921e-09
-1.62176e-09
4.26491e-09
-9.75576e-10
4.31609e-09
-8.67456e-10
4.42286e-09
-8.0876e-10
4.58032e-09
-7.38449e-10
4.77493e-09
-6.36939e-10
4.99901e-09
-5.02979e-10
5.23547e-09
-3.19893e-10
5.42172e-09
-3.47731e-11
5.51799e-09
3.79887e-10
5.63443e-09
5.11975e-10
5.91475e-09
4.50243e-10
6.39265e-09
3.885e-10
7.10214e-09
2.90676e-10
8.03967e-09
2.62582e-11
8.90846e-09
-1.63873e-10
1.77909e-11
5.56176e-07
9.22477e-08
5.71806e-07
1.02347e-07
5.09961e-07
1.01392e-07
4.33861e-07
1.04819e-07
3.3107e-07
1.34776e-07
2.54794e-07
1.16597e-07
1.24405e-07
1.27513e-07
2.24809e-09
9.03248e-08
2.4356e-09
8.62948e-09
2.05728e-09
3.30643e-09
1.93409e-09
4.52259e-09
2.72158e-09
2.98743e-08
4.26783e-09
1.67011e-08
4.82045e-09
-8.94273e-10
4.52384e-09
-5.79055e-10
4.4121e-09
-6.38238e-10
4.50271e-09
-6.77755e-10
4.68409e-09
-6.60149e-10
4.91411e-09
-5.95748e-10
5.19716e-09
-5.29391e-10
5.54568e-09
-4.32861e-10
5.78375e-09
-4.31029e-10
5.69439e-09
-1.61777e-09
5.55452e-09
-5.85512e-09
5.73876e-09
-3.56282e-09
6.14407e-09
-3.26284e-10
6.80066e-09
2.30427e-09
7.95501e-09
5.27671e-09
9.07753e-09
9.7705e-10
-3.1612e-11
2.45337e-07
-1.72711e-07
4.24386e-07
-6.44919e-08
5.19543e-07
1.77121e-08
5.71898e-07
6.92696e-08
5.91507e-07
1.18618e-07
5.8048e-07
1.3572e-07
5.38422e-07
1.63994e-07
4.64672e-07
1.59336e-07
4.65655e-07
3.43371e-08
4.34358e-07
1.83883e-08
4.28793e-07
2.73215e-08
3.13845e-07
9.8071e-08
8.30357e-08
1.1695e-07
3.38212e-09
6.91945e-08
3.85867e-09
-9.39622e-10
4.44357e-09
-8.77794e-09
5.05179e-09
-1.12441e-08
5.30492e-09
-1.20592e-08
5.82834e-09
-1.28449e-08
6.93459e-09
-1.44616e-08
1.1574e-08
-1.93675e-08
3.69747e-08
-3.7801e-08
1.27383e-07
-7.62716e-08
2.24976e-07
-7.73964e-08
2.64681e-07
-4.62539e-08
2.66207e-07
-1.63434e-08
2.42553e-07
1.04531e-08
1.4428e-07
4.72949e-08
3.32493e-08
5.97408e-08
1.47877e-08
6.31493e-08
-2.40124e-07
1.59242e-07
-1.60644e-07
2.64217e-07
-8.36701e-08
3.60898e-07
-1.62219e-08
4.56776e-07
3.3775e-08
5.30797e-07
7.17347e-08
6.16708e-07
9.28823e-08
6.62539e-07
9.49096e-08
6.71751e-07
4.05742e-08
6.6053e-07
2.7109e-08
6.51736e-07
4.55843e-08
6.38984e-07
1.16246e-07
5.87977e-07
1.64408e-07
5.92179e-07
1.03436e-07
6.29488e-07
-1.64735e-08
6.70509e-07
-4.82948e-08
7.23001e-07
-6.10796e-08
7.8215e-07
-6.65523e-08
8.46074e-07
-7.0109e-08
9.16425e-07
-7.61374e-08
9.96973e-07
-9.0131e-08
1.09019e-06
-1.2532e-07
1.18281e-06
-1.77447e-07
1.26269e-06
-1.70732e-07
1.33453e-06
-1.22223e-07
1.39938e-06
-7.31213e-08
1.45498e-06
-3.08751e-08
1.50192e-06
8.20225e-09
1.55629e-06
1.33166e-08
-2.79056e-08
9.23449e-08
-3.49117e-07
1.76167e-07
-2.5182e-07
2.60181e-07
-1.64177e-07
3.39437e-07
-9.37515e-08
4.19141e-07
-3.98853e-08
4.95822e-07
-3.35236e-09
5.79416e-07
1.45207e-08
6.509e-07
1.72404e-08
6.90014e-07
5.95909e-09
7.16606e-07
4.94519e-09
7.49791e-07
2.23503e-08
8.21282e-07
5.51878e-08
9.13231e-07
6.69045e-08
9.95654e-07
8.81889e-09
1.07409e-06
-7.90007e-08
1.1619e-06
-1.31204e-07
1.25934e-06
-1.57038e-07
1.36164e-06
-1.68332e-07
1.46597e-06
-1.72065e-07
1.56826e-06
-1.76542e-07
1.66937e-06
-1.87664e-07
1.75355e-06
-2.09553e-07
1.81391e-06
-2.29242e-07
1.87716e-06
-2.25857e-07
1.9555e-06
-1.94981e-07
2.04748e-06
-1.56409e-07
2.1624e-06
-1.26636e-07
2.34095e-06
-1.45381e-07
2.56575e-06
-2.09683e-07
-2.25257e-07
1.23579e-07
-4.69925e-07
2.39219e-07
-3.55188e-07
3.47483e-07
-2.64463e-07
4.44991e-07
-1.8719e-07
5.34578e-07
-1.26088e-07
6.19713e-07
-8.63773e-08
7.01477e-07
-6.57819e-08
7.77448e-07
-5.81948e-08
8.43325e-07
-5.67563e-08
9.09075e-07
-5.50161e-08
9.88632e-07
-5.06286e-08
1.09876e-06
-5.0697e-08
1.23856e-06
-7.22177e-08
1.37219e-06
-1.23993e-07
1.48809e-06
-1.88312e-07
1.59931e-06
-2.37396e-07
1.70997e-06
-2.64788e-07
1.8166e-06
-2.74422e-07
1.91371e-06
-2.68739e-07
1.99389e-06
-2.56816e-07
2.05282e-06
-2.4452e-07
2.08843e-06
-2.4175e-07
2.11655e-06
-2.49179e-07
2.15331e-06
-2.58236e-07
2.20966e-06
-2.4782e-07
2.26901e-06
-2.16269e-07
2.33446e-06
-1.78471e-07
2.42385e-06
-2.15448e-07
2.58009e-06
-3.38006e-07
-5.59664e-07
2.45527e-07
-6.77106e-07
4.28516e-07
-5.20487e-07
5.48178e-07
-3.8071e-07
6.39639e-07
-2.78684e-07
7.20564e-07
-2.06545e-07
7.98654e-07
-1.64098e-07
8.74492e-07
-1.40828e-07
9.49741e-07
-1.32217e-07
1.02623e-06
-1.31041e-07
1.11135e-06
-1.36539e-07
1.21305e-06
-1.48552e-07
1.3357e-06
-1.70604e-07
1.46879e-06
-2.05508e-07
1.59019e-06
-2.46818e-07
1.69122e-06
-2.88466e-07
1.7745e-06
-3.18544e-07
1.8467e-06
-3.34838e-07
1.9066e-06
-3.34942e-07
1.9533e-06
-3.17293e-07
1.97537e-06
-2.82525e-07
1.96634e-06
-2.3366e-07
1.93703e-06
-2.08102e-07
1.91165e-06
-2.15728e-07
1.89863e-06
-2.44343e-07
1.91924e-06
-2.67558e-07
1.9181e-06
-2.35157e-07
1.9146e-06
-1.57853e-07
1.85219e-06
-1.70221e-07
1.9906e-06
-3.45176e-07
-1.01761e-06
8.56197e-07
-6.55646e-07
8.02136e-07
-5.09087e-07
7.77936e-07
-3.75101e-07
7.77674e-07
-2.87342e-07
7.96986e-07
-2.29419e-07
8.31192e-07
-2.00531e-07
8.75421e-07
-1.85329e-07
9.30086e-07
-1.86674e-07
9.95044e-07
-1.94569e-07
1.07465e-06
-2.14363e-07
1.16725e-06
-2.39841e-07
1.27071e-06
-2.73388e-07
1.37133e-06
-3.07261e-07
1.45899e-06
-3.33519e-07
1.52624e-06
-3.53663e-07
1.57201e-06
-3.59184e-07
1.6014e-06
-3.59047e-07
1.61232e-06
-3.41728e-07
1.62101e-06
-3.25297e-07
1.60717e-06
-2.76784e-07
1.55514e-06
-1.75832e-07
1.49218e-06
-1.36354e-07
1.42831e-06
-1.44621e-07
1.38377e-06
-1.88935e-07
1.36637e-06
-2.55383e-07
1.34374e-06
-2.4975e-07
1.2801e-06
-8.8929e-08
1.1879e-06
-8.96541e-08
9.31012e-07
-2.21956e-07
-6.69788e-07
7.37171e-07
-4.67986e-07
6.39429e-07
-3.98137e-07
6.08875e-07
-3.35569e-07
6.1753e-07
-2.90331e-07
6.50286e-07
-2.55395e-07
6.95727e-07
-2.42539e-07
7.52345e-07
-2.36419e-07
8.19088e-07
-2.508e-07
8.96148e-07
-2.66881e-07
9.84765e-07
-3.00936e-07
1.0781e-06
-3.30424e-07
1.17422e-06
-3.68308e-07
1.25372e-06
-3.86921e-07
1.3132e-06
-3.91279e-07
1.33921e-06
-3.80045e-07
1.34193e-06
-3.57548e-07
1.32112e-06
-3.40487e-07
1.27655e-06
-2.91707e-07
1.24937e-06
-2.94582e-07
1.20721e-06
-2.75377e-07
1.13625e-06
-8.93163e-08
1.0634e-06
-5.95276e-08
9.78882e-07
-6.36011e-08
9.03383e-07
-9.79181e-08
8.12536e-07
-1.59084e-07
7.40099e-07
-1.32493e-07
6.78722e-07
-2.31888e-08
5.87673e-07
-2.48013e-08
3.25827e-07
-5.22472e-08
-3.15828e-08
8.31925e-07
-3.82636e-07
7.91851e-07
-3.62776e-07
7.78097e-07
-3.30372e-07
7.77813e-07
-3.00095e-07
7.91419e-07
-2.74747e-07
8.11407e-07
-2.69587e-07
8.42899e-07
-2.70295e-07
8.82437e-07
-2.95896e-07
9.33703e-07
-3.18907e-07
9.92965e-07
-3.6547e-07
1.05566e-06
-3.93426e-07
1.11322e-06
-4.30726e-07
1.13838e-06
-4.15208e-07
1.13657e-06
-3.94186e-07
1.08942e-06
-3.39995e-07
1.02783e-06
-2.8968e-07
9.40331e-07
-2.71023e-07
8.58339e-07
-2.02227e-07
7.66048e-07
-1.79619e-07
6.75642e-07
-1.39429e-07
6.32981e-07
-1.97123e-08
5.74652e-07
-1.16204e-08
5.13542e-07
-1.22877e-08
4.32042e-07
-2.20633e-08
1.9292e-07
-3.92091e-08
8.0691e-09
-1.36419e-09
7.50828e-09
-3.28876e-09
5.33012e-09
-4.32989e-09
3.19784e-09
-5.25416e-09
-6.17509e-09
8.43478e-07
-3.11008e-07
7.82109e-07
-2.9923e-07
7.36134e-07
-2.82384e-07
7.04852e-07
-2.67762e-07
6.9306e-07
-2.592e-07
6.93189e-07
-2.67657e-07
7.12261e-07
-2.82445e-07
7.42479e-07
-3.23372e-07
7.88562e-07
-3.56437e-07
8.39586e-07
-4.14869e-07
8.9361e-07
-4.38364e-07
9.15927e-07
-4.56539e-07
8.89634e-07
-3.8213e-07
8.35575e-07
-3.42719e-07
7.45181e-07
-2.66565e-07
6.40698e-07
-1.56882e-07
5.05571e-07
-1.31816e-07
4.36213e-07
-7.84112e-08
2.25071e-07
-4.71863e-08
7.42345e-09
-5.34822e-11
6.63332e-09
-9.5341e-10
5.37934e-09
-1.11229e-09
4.91454e-09
-1.2474e-09
4.6164e-09
-1.34333e-09
5.06154e-09
-1.32236e-09
5.73549e-09
-1.52774e-09
5.30212e-09
-3.72037e-09
3.94999e-09
-4.91147e-09
2.18774e-09
-5.90241e-09
-6.67573e-09
8.53914e-07
-2.5017e-07
8.02105e-07
-2.45888e-07
7.6288e-07
-2.42466e-07
7.3446e-07
-2.40771e-07
7.21273e-07
-2.46119e-07
7.14998e-07
-2.64333e-07
7.25048e-07
-2.91091e-07
7.40219e-07
-3.42441e-07
7.66027e-07
-3.80815e-07
7.93916e-07
-4.47337e-07
8.08713e-07
-4.54852e-07
7.51929e-07
-4.202e-07
6.59815e-07
-2.89724e-07
5.40979e-07
-2.28181e-07
4.34899e-07
-1.16658e-07
2.98497e-07
-3.82586e-08
8.83162e-08
-1.90134e-08
5.32115e-09
4.59899e-11
5.67705e-09
8.72138e-11
5.94795e-09
4.73599e-10
5.77944e-09
-8.58677e-10
5.24781e-09
-1.18707e-09
4.85983e-09
-1.41067e-09
4.61338e-09
-1.58071e-09
4.58945e-09
-1.69378e-09
4.53831e-09
-2.00989e-09
4.013e-09
-2.98528e-09
2.97999e-09
-3.8303e-09
1.60315e-09
-4.50398e-09
-4.92892e-09
8.60066e-07
-1.96212e-07
8.10654e-07
-1.95417e-07
7.66156e-07
-1.97643e-07
7.26431e-07
-2.01046e-07
6.94693e-07
-2.13494e-07
6.6519e-07
-2.35021e-07
6.50148e-07
-2.71093e-07
6.35172e-07
-3.26964e-07
6.36794e-07
-3.71959e-07
6.41152e-07
-4.48284e-07
5.98432e-07
-4.13149e-07
4.67091e-07
-3.0594e-07
3.38773e-07
-1.27424e-07
1.57157e-07
-7.3793e-08
3.66149e-09
1.17501e-10
4.38923e-09
-7.07169e-11
4.676e-09
5.01912e-10
5.22415e-09
5.04501e-10
5.33363e-09
1.26643e-10
5.39886e-09
4.45475e-12
5.27021e-09
-5.15155e-10
4.97262e-09
-8.46983e-10
4.66358e-09
-1.08652e-09
4.38781e-09
-1.28822e-09
4.14457e-09
-1.50063e-09
3.81528e-09
-1.83448e-09
3.23162e-09
-2.38056e-09
2.35382e-09
-2.92048e-09
1.24486e-09
-3.35432e-09
-3.60705e-09
8.62859e-07
-1.45517e-07
8.14321e-07
-1.46249e-07
7.6679e-07
-1.50332e-07
7.21758e-07
-1.55853e-07
6.78977e-07
-1.70768e-07
6.36301e-07
-1.92495e-07
6.02816e-07
-2.34255e-07
5.63305e-07
-2.88351e-07
5.48899e-07
-3.45517e-07
5.11894e-07
-4.17681e-07
3.86387e-07
-3.07239e-07
2.03014e-07
-1.21248e-07
5.04609e-08
-1.56585e-08
4.17906e-09
4.05592e-11
4.52046e-09
4.83023e-10
4.5245e-09
7.23335e-11
4.69762e-09
4.13489e-10
4.93371e-09
2.89553e-10
5.03597e-09
9.35549e-11
5.04366e-09
-8.57385e-11
4.92992e-09
-3.59429e-10
4.70889e-09
-5.99194e-10
4.43405e-09
-8.00228e-10
4.12968e-09
-9.8503e-10
3.78574e-09
-1.18608e-09
3.34661e-09
-1.44683e-09
2.74438e-09
-1.782e-09
1.95883e-09
-2.11673e-09
1.02248e-09
-2.38578e-09
-2.53792e-09
8.64113e-07
-9.64251e-08
8.15731e-07
-9.75386e-08
7.65768e-07
-1.01193e-07
7.16405e-07
-1.06287e-07
6.62968e-07
-1.18604e-07
6.06734e-07
-1.35889e-07
5.45672e-07
-1.72473e-07
4.75135e-07
-2.15891e-07
4.26495e-07
-2.83042e-07
3.1919e-07
-3.21205e-07
1.16419e-07
-1.1872e-07
4.96658e-09
-1.65357e-09
3.9792e-09
-9.05454e-11
4.25409e-09
2.07623e-10
4.43643e-09
2.20793e-10
4.53572e-09
1.42788e-10
4.65627e-09
1.97362e-10
4.7771e-09
1.48169e-10
4.83286e-09
4.3748e-11
4.80991e-09
-8.15451e-11
4.69693e-09
-2.37643e-10
4.49894e-09
-3.90155e-10
4.23401e-09
-5.30189e-10
3.91113e-09
-6.65596e-10
3.5221e-09
-8.11834e-10
3.04105e-09
-9.84744e-10
2.44048e-09
-1.18388e-09
1.71465e-09
-1.37869e-09
8.86225e-10
-1.53416e-09
-1.62094e-09
8.64675e-07
-4.80637e-08
8.15986e-07
-4.88333e-08
7.64556e-07
-5.08569e-08
7.12119e-07
-5.38694e-08
6.52065e-07
-6.05534e-08
5.86515e-07
-7.01359e-08
5.03076e-07
-9.12065e-08
4.06735e-07
-1.17085e-07
3.01596e-07
-1.72744e-07
1.2333e-07
-1.63137e-07
5.58981e-09
-4.28967e-09
3.83443e-09
-9.32247e-12
4.35944e-09
9.04856e-12
4.34878e-09
7.77512e-11
4.43591e-09
9.47978e-11
4.52569e-09
8.06493e-11
4.61463e-09
8.50033e-11
4.68553e-09
6.19936e-11
4.70846e-09
1.47988e-11
4.66618e-09
-4.65509e-11
4.54895e-09
-1.1945e-10
4.35593e-09
-1.936e-10
4.09192e-09
-2.64782e-10
3.75871e-09
-3.35322e-10
3.3505e-09
-4.10899e-10
2.85501e-09
-4.96432e-10
2.26184e-09
-5.9008e-10
1.57304e-09
-6.80002e-10
8.07787e-10
-7.51225e-10
-7.90726e-10
8.64879e-07
8.15916e-07
7.63816e-07
7.09881e-07
6.46831e-07
5.77071e-07
4.81647e-07
3.67527e-07
1.87588e-07
3.0179e-08
2.89316e-09
4.08845e-09
4.25577e-09
4.34576e-09
4.43272e-09
4.51648e-09
4.59102e-09
4.64194e-09
4.64926e-09
4.59739e-09
4.47675e-09
4.28391e-09
4.01905e-09
3.68131e-09
3.26616e-09
2.76666e-09
2.1788e-09
1.50791e-09
7.71893e-10
)
;

boundaryField
{
    inlet1
    {
        type            calculated;
        value           nonuniform List<scalar> 10(-1e-07 -1e-07 -1e-07 -1e-07 -1e-07 -1e-07 -1e-07 -1e-07 -1e-07 -1e-07);
    }
    inlet2
    {
        type            calculated;
        value           uniform 0;
    }
    inlet3
    {
        type            calculated;
        value           nonuniform List<scalar> 10(-9.13394e-07 -9.13394e-07 -9.13394e-07 -9.13394e-07 -9.13394e-07 -9.13394e-07 -9.13394e-07 -9.13394e-07 -9.13394e-07 -9.13394e-07);
    }
    output1
    {
        type            calculated;
        value           uniform 0;
    }
    output2
    {
        type            calculated;
        value           nonuniform List<scalar> 10(1.93699e-08 1.24058e-08 1.01438e-08 9.45627e-09 9.54153e-09 6.49372e-09 1.61782e-06 2.74923e-06 2.88945e-06 2.81003e-06);
    }
    output3
    {
        type            calculated;
        value           uniform -0;
    }
    up
    {
        type            calculated;
        value           uniform 0;
    }
    down
    {
        type            calculated;
        value           uniform 0;
    }
    emptyWalls
    {
        type            empty;
        value           nonuniform List<scalar> 0();
    }
}


// ************************************************************************* //
