/*--------------------------------*- C++ -*----------------------------------*\
  =========                 |
  \\      /  F ield         | OpenFOAM: The Open Source CFD Toolbox
   \\    /   O peration     | Website:  https://openfoam.org
    \\  /    A nd           | Version:  9
     \\/     M anipulation  |
\*---------------------------------------------------------------------------*/
FoamFile
{
    format      ascii;
    class       volScalarField;
    location    "9500";
    object      Sw;
}
// * * * * * * * * * * * * * * * * * * * * * * * * * * * * * * * * * * * * * //

dimensions      [0 0 0 0 0 0 0];

internalField   nonuniform List<scalar> 
900
(
0.688475
0.627207
0.540914
0.371294
0.15028
0.15
0.15
0.15
0.15
0.15
0.15
0.15
0.15
0.15
0.15
0.15
0.15
0.15
0.15
0.15
0.15
0.15
0.15
0.15
0.15
0.15
0.15
0.15
0.15
0.15
0.838892
0.619407
0.536396
0.31984
0.150029
0.15
0.15
0.15
0.15
0.15
0.15
0.15
0.15
0.15
0.15
0.15
0.15
0.15
0.15
0.15
0.15
0.15
0.15
0.15
0.15
0.15
0.15
0.15
0.15
0.15
0.669265
0.566478
0.54812
0.292076
0.150007
0.15
0.15
0.15
0.15
0.15
0.15
0.15
0.15
0.15
0.15
0.15
0.15
0.15
0.15
0.15
0.15
0.15
0.15
0.15
0.15
0.15
0.15
0.15
0.15
0.15
0.739271
0.582679
0.549727
0.251046
0.150001
0.15
0.15
0.15
0.15
0.15
0.15
0.15
0.15
0.15
0.15
0.15
0.15
0.15
0.15
0.15
0.15
0.15
0.15
0.15
0.15
0.15
0.15
0.15
0.15
0.15
0.65547
0.574577
0.558462
0.204456
0.15
0.15
0.15
0.15
0.15
0.15
0.15
0.15
0.15
0.15
0.15
0.15
0.15
0.15
0.15
0.15
0.15
0.15
0.15
0.15
0.15
0.15
0.15
0.15
0.15
0.15
0.728589
0.589185
0.557153
0.160933
0.15
0.15
0.15
0.15
0.15
0.15
0.15
0.15
0.15
0.15
0.15
0.15
0.15
0.15
0.15
0.15
0.15
0.15
0.15
0.15
0.15
0.15
0.15
0.15
0.15
0.15
0.684881
0.57261
0.383311
0.15023
0.15
0.15
0.15
0.15
0.15
0.15
0.15
0.15
0.15
0.15
0.15
0.15
0.15
0.15
0.15
0.15
0.15
0.15
0.15
0.15
0.15
0.15
0.15
0.15
0.15
0.15
0.755348
0.58794
0.307793
0.150022
0.15
0.15
0.15
0.15
0.15
0.15
0.15
0.15
0.15
0.15
0.15
0.15
0.15
0.15
0.15
0.15
0.15
0.15
0.15
0.15
0.15
0.15
0.15
0.15
0.15
0.15
0.721954
0.595451
0.240832
0.15
0.15
0.15
0.15
0.15
0.15
0.15
0.15
0.15
0.15
0.15
0.15
0.15
0.15
0.15
0.15
0.15
0.15
0.15
0.15
0.15
0.15
0.15
0.15
0.15
0.15
0.15
0.788556
0.610712
0.204911
0.15
0.15
0.15
0.15
0.15
0.15
0.15
0.15
0.15
0.15
0.15
0.15
0.15
0.15
0.15
0.15
0.15
0.15
0.15
0.15
0.15
0.15
0.15
0.15
0.15
0.15
0.15
0.764089
0.626694
0.386039
0.150102
0.15
0.15
0.15
0.15
0.15
0.15
0.15
0.15
0.15
0.15
0.15
0.15
0.15
0.15
0.15
0.15
0.15
0.15
0.15
0.15
0.15
0.15
0.15
0.15
0.15
0.15
0.826586
0.624863
0.518511
0.355346
0.150182
0.15
0.15
0.15
0.15
0.15
0.15
0.15
0.15
0.15
0.15
0.15
0.15
0.15
0.15
0.15
0.15
0.15
0.15
0.15
0.15
0.15
0.15
0.15
0.15
0.15
0.815675
0.673184
0.580635
0.549988
0.530455
0.176663
0.15
0.15
0.15
0.15
0.15
0.15
0.15
0.15
0.15
0.15
0.15
0.15
0.15
0.15
0.15
0.15
0.15
0.15
0.15
0.15
0.15
0.15
0.15
0.15
0.932594
0.600149
0.523657
0.501039
0.490735
0.431996
0.151858
0.15
0.15
0.15
0.15
0.15
0.15
0.15
0.15
0.15
0.15
0.15
0.15
0.15
0.15
0.15
0.15
0.15
0.15
0.15
0.15
0.15
0.15
0.15
0.940966
0.788235
0.702976
0.646627
0.608035
0.565894
0.55632
0.301728
0.150002
0.150002
0.150002
0.150002
0.150002
0.15
0.150001
0.150002
0.150003
0.150003
0.150002
0.150002
0.150002
0.150003
0.150019
0.150604
0.151269
0.150511
0.15
0.15
0.15
0.15
0.77681
0.714048
0.684677
0.643649
0.62998
0.604718
0.592684
0.559373
0.549436
0.554113
0.548158
0.562414
0.48636
0.26437
0.290667
0.310642
0.31969
0.32128
0.319697
0.324588
0.329543
0.355194
0.406323
0.46106
0.472485
0.473348
0.467069
0.457071
0.393116
0.2552
0.618454
0.609788
0.609592
0.59951
0.595715
0.591507
0.584667
0.58452
0.575954
0.576742
0.569448
0.566931
0.545361
0.529019
0.529007
0.532321
0.534899
0.536756
0.538167
0.539409
0.540805
0.54318
0.54746
0.551523
0.553599
0.553633
0.551731
0.547632
0.542577
0.540847
0.604822
0.594941
0.588402
0.586423
0.582685
0.582525
0.580155
0.582587
0.579754
0.577387
0.572804
0.568887
0.565897
0.563429
0.562789
0.564507
0.566532
0.568393
0.569745
0.571046
0.572031
0.573462
0.573796
0.57402
0.574244
0.573914
0.572356
0.570319
0.570101
0.570964
0.585809
0.585699
0.588763
0.591705
0.592566
0.592966
0.592767
0.592633
0.591389
0.589108
0.586794
0.584874
0.58486
0.585599
0.5854
0.585587
0.585956
0.586425
0.586586
0.586623
0.586126
0.585294
0.583666
0.582366
0.581004
0.580235
0.577971
0.575365
0.570554
0.567115
0.587529
0.596399
0.603203
0.606711
0.607345
0.607192
0.606309
0.605062
0.603294
0.601198
0.599435
0.598353
0.598139
0.597621
0.596202
0.594348
0.592333
0.590498
0.58854
0.586931
0.584581
0.581954
0.578657
0.575729
0.572337
0.571161
0.567335
0.566943
0.555433
0.546442
0.608764
0.619394
0.618493
0.615321
0.611556
0.609044
0.606284
0.604145
0.601803
0.599946
0.598488
0.597387
0.596487
0.594637
0.592251
0.58882
0.585264
0.581263
0.577177
0.574445
0.570745
0.567305
0.563713
0.558884
0.553803
0.549211
0.54606
0.544882
0.553155
0.579197
0.596321
0.59333
0.59308
0.594285
0.594421
0.595787
0.595411
0.596273
0.59555
0.59595
0.595245
0.594787
0.593345
0.590454
0.586811
0.581091
0.576036
0.5689
0.561787
0.556562
0.551186
0.54846
0.545673
0.540033
0.530921
0.514171
0.511523
0.512329
0.518712
0.478521
0.598603
0.600078
0.602643
0.605275
0.605411
0.60607
0.603979
0.603772
0.600839
0.600307
0.596988
0.595351
0.590484
0.584878
0.577628
0.567831
0.559553
0.547968
0.539802
0.520415
0.515313
0.51536
0.513491
0.512861
0.501017
0.170288
0.15
0.15
0.15
0.15
0.599319
0.59838
0.597784
0.59769
0.596758
0.596864
0.594951
0.595571
0.593046
0.593583
0.589628
0.588055
0.578365
0.569921
0.557721
0.5459
0.529121
0.511146
0.517924
0.319789
0.150002
0.15
0.15
0.15
0.15
0.15
0.15
0.15
0.15
0.15
0.599512
0.598826
0.59877
0.59931
0.599511
0.600438
0.599163
0.599978
0.596476
0.595712
0.589269
0.583066
0.564019
0.551596
0.524357
0.522487
0.472362
0.153743
0.15
0.15
0.15
0.15
0.15
0.15
0.15
0.15
0.15
0.15
0.15
0.15
0.599804
0.599284
0.599405
0.599276
0.599396
0.599183
0.597547
0.597107
0.591732
0.590138
0.579739
0.563446
0.531052
0.521173
0.267316
0.15
0.15
0.15
0.15
0.15
0.15
0.15
0.15
0.15
0.15
0.15
0.15
0.15
0.15
0.15
0.599992
0.599659
0.60001
0.599794
0.600449
0.600015
0.599451
0.598163
0.591873
0.589552
0.568189
0.533664
0.460053
0.15182
0.15
0.15
0.15
0.15
0.15
0.15
0.15
0.15
0.15
0.15
0.15
0.15
0.15
0.15
0.15
0.15
0.600118
0.599956
0.600515
0.600363
0.60152
0.600963
0.601727
0.598355
0.59214
0.583846
0.537259
0.351477
0.150007
0.15
0.15
0.15
0.15
0.15
0.15
0.15
0.15
0.15
0.15
0.15
0.15
0.15
0.15
0.15
0.15
0.15
0.600174
0.60019
0.600811
0.600878
0.602259
0.602142
0.604222
0.600696
0.59744
0.575297
0.386383
0.150024
0.15
0.15
0.15
0.15
0.15
0.15
0.15
0.15
0.15
0.15
0.15
0.15
0.15
0.15
0.15
0.15
0.15
0.15
0.60018
0.600331
0.600928
0.601186
0.602607
0.602879
0.605802
0.603536
0.606891
0.551266
0.163318
0.15
0.15
0.15
0.15
0.15
0.15
0.15
0.15
0.15
0.15
0.15
0.15
0.15
0.15
0.15
0.15
0.15
0.15
0.15
)
;

boundaryField
{
    inlet1
    {
        type            fixedValue;
        value           uniform 0.85;
    }
    inlet2
    {
        type            zeroGradient;
    }
    inlet3
    {
        type            fixedValue;
        value           uniform 0.6;
    }
    output1
    {
        type            zeroGradient;
    }
    output2
    {
        type            zeroGradient;
    }
    output3
    {
        type            zeroGradient;
    }
    up
    {
        type            zeroGradient;
    }
    down
    {
        type            zeroGradient;
    }
    emptyWalls
    {
        type            empty;
    }
}


// ************************************************************************* //
