/*--------------------------------*- C++ -*----------------------------------*\
  =========                 |
  \\      /  F ield         | OpenFOAM: The Open Source CFD Toolbox
   \\    /   O peration     | Website:  https://openfoam.org
    \\  /    A nd           | Version:  9
     \\/     M anipulation  |
\*---------------------------------------------------------------------------*/
FoamFile
{
    format      ascii;
    class       volVectorField;
    location    "4500";
    object      ut;
}
// * * * * * * * * * * * * * * * * * * * * * * * * * * * * * * * * * * * * * //

dimensions      [0 1 -1 0 0 0 0];

internalField   nonuniform List<vector> 
100
(
(9.99136e-06 -0 -0)
(9.99587e-06 -0 -0)
(9.97215e-06 -0 -0)
(9.93186e-06 -0 -0)
(9.92991e-06 -0 -0)
(9.89857e-06 -0 -0)
(9.90371e-06 -0 -0)
(9.89202e-06 -0 -0)
(9.91092e-06 -0 -0)
(9.93821e-06 -0 -0)
(9.94498e-06 -0 -0)
(9.97508e-06 -0 -0)
(9.95824e-06 -0 -0)
(9.99569e-06 -0 -0)
(9.97811e-06 -0 -0)
(1.00036e-05 -0 -0)
(9.9939e-06 -0 -0)
(9.9862e-06 -0 -0)
(1.00164e-05 -0 -0)
(9.96658e-06 -0 -0)
(1.00465e-05 -0 -0)
(9.94728e-06 -0 -0)
(1.00572e-05 -0 -0)
(9.95053e-06 -0 -0)
(1.00342e-05 -0 -0)
(1.00109e-05 -0 -0)
(9.94871e-06 -0 -0)
(1.01449e-05 -0 -0)
(9.78818e-06 -0 -0)
(1.0354e-05 -0 -0)
(9.59488e-06 -0 -0)
(1.05906e-05 -0 -0)
(9.51596e-06 -0 -0)
(1.07027e-05 -0 -0)
(1.01113e-05 -0 -0)
(1.01086e-05 -0 -0)
(1.39719e-05 -0 -0)
(4.60373e-06 -0 -0)
(1.0466e-05 -0 -0)
(1e-05 -0 -0)
(1e-05 -0 -0)
(1e-05 -0 -0)
(1e-05 -0 -0)
(1e-05 -0 -0)
(1e-05 -0 -0)
(1e-05 -0 -0)
(1e-05 -0 -0)
(1e-05 -0 -0)
(1e-05 -0 -0)
(1e-05 -0 -0)
(1e-05 -0 -0)
(1e-05 -0 -0)
(1e-05 -0 -0)
(1e-05 -0 -0)
(1e-05 -0 -0)
(1e-05 -0 -0)
(1e-05 -0 -0)
(1e-05 -0 -0)
(1e-05 -0 -0)
(1e-05 -0 -0)
(1e-05 -0 -0)
(1e-05 -0 -0)
(1e-05 -0 -0)
(1e-05 -0 -0)
(1e-05 -0 -0)
(1e-05 -0 -0)
(1e-05 -0 -0)
(1e-05 -0 -0)
(1e-05 -0 -0)
(1e-05 -0 -0)
(1e-05 -0 -0)
(1e-05 -0 -0)
(1e-05 -0 -0)
(1e-05 -0 -0)
(1e-05 -0 -0)
(1e-05 -0 -0)
(1e-05 -0 -0)
(1e-05 -0 -0)
(1e-05 -0 -0)
(1e-05 -0 -0)
(1e-05 -0 -0)
(1e-05 -0 -0)
(1e-05 -0 -0)
(1e-05 -0 -0)
(1e-05 -0 -0)
(1e-05 -0 -0)
(1e-05 -0 -0)
(1e-05 -0 -0)
(1e-05 -0 -0)
(1e-05 -0 -0)
(1e-05 -0 -0)
(1e-05 -0 -0)
(1e-05 -0 -0)
(1e-05 -0 -0)
(1e-05 -0 -0)
(1e-05 -0 -0)
(1e-05 -0 -0)
(1e-05 -0 -0)
(1e-05 -0 -0)
(1e-05 -0 -0)
)
;

boundaryField
{
    left
    {
        type            extrapolatedCalculated;
        value           uniform (1e-05 -0 -0);
    }
    right
    {
        type            extrapolatedCalculated;
        value           uniform (1e-05 -0 -0);
    }
    emptyFaces1D
    {
        type            empty;
    }
}


// ************************************************************************* //
