/*--------------------------------*- C++ -*----------------------------------*\
  =========                 |
  \\      /  F ield         | OpenFOAM: The Open Source CFD Toolbox
   \\    /   O peration     | Website:  https://openfoam.org
    \\  /    A nd           | Version:  9
     \\/     M anipulation  |
\*---------------------------------------------------------------------------*/
FoamFile
{
    format      ascii;
    class       volScalarField;
    location    "22000";
    object      alpha;
}
// * * * * * * * * * * * * * * * * * * * * * * * * * * * * * * * * * * * * * //

dimensions      [0 2 -1 0 0 0 0];

internalField   nonuniform List<scalar> 
900
(
-1.83717e-10
-2.57211e-10
-3.81132e-11
-1.09451e-12
-3.99432e-14
-4.0652e-14
-4.0652e-14
-4.0652e-14
-4.0652e-14
-4.0652e-14
-4.0652e-14
-4.0652e-14
-4.0652e-14
-4.0652e-14
-4.0652e-14
-4.0652e-14
-4.0652e-14
-4.0652e-14
-4.0652e-14
-4.0652e-14
-4.0652e-14
-4.0652e-14
-4.0652e-14
-4.0652e-14
-4.0652e-14
-4.0652e-14
-4.0652e-14
-4.0652e-14
-4.0652e-14
-4.0652e-14
-2.35305e-10
-2.15429e-11
-6.73559e-12
-9.46582e-12
-3.08606e-14
-4.0652e-14
-4.0652e-14
-4.0652e-14
-4.0652e-14
-4.0652e-14
-4.0652e-14
-4.0652e-14
-4.0652e-14
-4.0652e-14
-4.0652e-14
-4.0652e-14
-4.0652e-14
-4.0652e-14
-4.0652e-14
-4.0652e-14
-4.0652e-14
-4.0652e-14
-4.0652e-14
-4.0652e-14
-4.0652e-14
-4.0652e-14
-4.0652e-14
-4.0652e-14
-4.0652e-14
-4.0652e-14
-1.63106e-10
-4.82919e-11
-7.8938e-12
-3.48529e-13
-4.05887e-14
-4.0652e-14
-4.0652e-14
-4.0652e-14
-4.0652e-14
-4.0652e-14
-4.0652e-14
-4.0652e-14
-4.0652e-14
-4.0652e-14
-4.0652e-14
-4.0652e-14
-4.0652e-14
-4.0652e-14
-4.0652e-14
-4.0652e-14
-4.0652e-14
-4.0652e-14
-4.0652e-14
-4.0652e-14
-4.0652e-14
-4.0652e-14
-4.0652e-14
-4.0652e-14
-4.0652e-14
-4.0652e-14
-1.82357e-10
-1.72993e-11
-8.34295e-12
-4.5445e-14
-4.0648e-14
-4.0652e-14
-4.0652e-14
-4.0652e-14
-4.0652e-14
-4.0652e-14
-4.0652e-14
-4.0652e-14
-4.0652e-14
-4.0652e-14
-4.0652e-14
-4.0652e-14
-4.0652e-14
-4.0652e-14
-4.0652e-14
-4.0652e-14
-4.0652e-14
-4.0652e-14
-4.0652e-14
-4.0652e-14
-4.0652e-14
-4.0652e-14
-4.0652e-14
-4.0652e-14
-4.0652e-14
-4.0652e-14
-1.42511e-10
-4.38737e-11
-1.22756e-11
-2.69088e-14
-4.06516e-14
-4.0652e-14
-4.0652e-14
-4.0652e-14
-4.0652e-14
-4.0652e-14
-4.0652e-14
-4.0652e-14
-4.0652e-14
-4.0652e-14
-4.0652e-14
-4.0652e-14
-4.0652e-14
-4.0652e-14
-4.0652e-14
-4.0652e-14
-4.0652e-14
-4.0652e-14
-4.0652e-14
-4.0652e-14
-4.0652e-14
-4.0652e-14
-4.0652e-14
-4.0652e-14
-4.0652e-14
-4.0652e-14
-1.72757e-10
-2.64887e-11
-1.51684e-11
-3.02812e-14
-4.0652e-14
-4.0652e-14
-4.0652e-14
-4.0652e-14
-4.0652e-14
-4.0652e-14
-4.0652e-14
-4.0652e-14
-4.0652e-14
-4.0652e-14
-4.0652e-14
-4.0652e-14
-4.0652e-14
-4.0652e-14
-4.0652e-14
-4.0652e-14
-4.0652e-14
-4.0652e-14
-4.0652e-14
-4.0652e-14
-4.0652e-14
-4.0652e-14
-4.0652e-14
-4.0652e-14
-4.0652e-14
-4.0652e-14
-1.76979e-10
-5.91005e-11
-1.9706e-11
-3.55349e-14
-4.0652e-14
-4.0652e-14
-4.0652e-14
-4.0652e-14
-4.0652e-14
-4.0652e-14
-4.0652e-14
-4.0652e-14
-4.0652e-14
-4.0652e-14
-4.0652e-14
-4.0652e-14
-4.0652e-14
-4.0652e-14
-4.0652e-14
-4.0652e-14
-4.0652e-14
-4.0652e-14
-4.0652e-14
-4.0652e-14
-4.0652e-14
-4.0652e-14
-4.0652e-14
-4.0652e-14
-4.0652e-14
-4.0652e-14
-2.48627e-10
-4.1932e-11
-1.85216e-11
-3.94169e-14
-4.0652e-14
-4.0652e-14
-4.0652e-14
-4.0652e-14
-4.0652e-14
-4.0652e-14
-4.0652e-14
-4.0652e-14
-4.0652e-14
-4.0652e-14
-4.0652e-14
-4.0652e-14
-4.0652e-14
-4.0652e-14
-4.0652e-14
-4.0652e-14
-4.0652e-14
-4.0652e-14
-4.0652e-14
-4.0652e-14
-4.0652e-14
-4.0652e-14
-4.0652e-14
-4.0652e-14
-4.0652e-14
-4.0652e-14
-2.87305e-10
-8.85719e-11
-2.87186e-11
-4.04346e-14
-4.0652e-14
-4.0652e-14
-4.0652e-14
-4.0652e-14
-4.0652e-14
-4.0652e-14
-4.0652e-14
-4.0652e-14
-4.0652e-14
-4.0652e-14
-4.0652e-14
-4.0652e-14
-4.0652e-14
-4.0652e-14
-4.0652e-14
-4.0652e-14
-4.0652e-14
-4.0652e-14
-4.0652e-14
-4.0652e-14
-4.0652e-14
-4.0652e-14
-4.0652e-14
-4.0652e-14
-4.0652e-14
-4.0652e-14
-4.29526e-10
-5.7448e-11
-1.40992e-12
-4.06242e-14
-4.0652e-14
-4.0652e-14
-4.0652e-14
-4.0652e-14
-4.0652e-14
-4.0652e-14
-4.0652e-14
-4.0652e-14
-4.0652e-14
-4.0652e-14
-4.0652e-14
-4.0652e-14
-4.0652e-14
-4.0652e-14
-4.0652e-14
-4.0652e-14
-4.0652e-14
-4.0652e-14
-4.0652e-14
-4.0652e-14
-4.0652e-14
-4.0652e-14
-4.0652e-14
-4.0652e-14
-4.0652e-14
-4.0652e-14
-5.50341e-10
-1.41228e-10
-8.63436e-12
-2.64745e-14
-4.06508e-14
-4.0652e-14
-4.0652e-14
-4.0652e-14
-4.0652e-14
-4.0652e-14
-4.0652e-14
-4.0652e-14
-4.0652e-14
-4.0652e-14
-4.0652e-14
-4.0652e-14
-4.0652e-14
-4.0652e-14
-4.0652e-14
-4.0652e-14
-4.0652e-14
-4.0652e-14
-4.0652e-14
-4.0652e-14
-4.0652e-14
-4.0652e-14
-4.0652e-14
-4.0652e-14
-4.0652e-14
-4.0652e-14
-8.01948e-10
-8.67272e-11
-6.28591e-12
-3.0219e-12
-4.0602e-13
-4.05056e-14
-4.06517e-14
-4.0652e-14
-4.0652e-14
-4.0652e-14
-4.0652e-14
-4.0652e-14
-4.0652e-14
-4.0652e-14
-4.0652e-14
-4.0652e-14
-4.0652e-14
-4.0652e-14
-4.0652e-14
-4.0652e-14
-4.0652e-14
-4.0652e-14
-4.0652e-14
-4.0652e-14
-4.0652e-14
-4.0652e-14
-4.0652e-14
-4.0652e-14
-4.0652e-14
-4.0652e-14
-1.18869e-09
-3.26529e-10
-1.15913e-10
-3.1574e-11
-9.32713e-12
-6.73436e-12
-2.13944e-12
-3.99742e-14
-4.04291e-14
-3.95908e-14
-3.93802e-14
-3.96627e-14
-4.01599e-14
-4.0628e-14
-4.06519e-14
-4.06519e-14
-4.06519e-14
-4.06519e-14
-4.0652e-14
-4.0652e-14
-4.0652e-14
-4.0652e-14
-4.0652e-14
-4.0652e-14
-4.0652e-14
-4.0652e-14
-4.0652e-14
-4.0652e-14
-4.0652e-14
-4.0652e-14
-4.1045e-10
-2.62197e-10
-1.34671e-10
-8.10406e-11
-4.41468e-11
-2.97681e-11
-1.98702e-11
-1.45091e-11
-1.3608e-11
-1.36084e-11
-1.4178e-11
-1.40177e-11
-1.49772e-11
-1.43079e-11
-1.63327e-11
-1.40854e-11
-1.75584e-11
-5.55336e-12
-3.505e-14
-3.52401e-14
-3.36535e-14
-3.23212e-14
-3.11341e-14
-3.00003e-14
-2.88232e-14
-2.81588e-14
-2.80376e-14
-2.9237e-14
-3.22676e-14
-3.74428e-14
-4.61882e-11
-5.54149e-11
-4.09159e-11
-3.83069e-11
-3.39853e-11
-2.66252e-11
-2.34735e-11
-2.09114e-11
-2.01803e-11
-1.91024e-11
-2.0122e-11
-1.90754e-11
-2.08438e-11
-1.92236e-11
-2.15869e-11
-1.84178e-11
-1.7973e-11
-1.17703e-11
-7.02733e-12
-6.60044e-12
-6.98751e-12
-7.2715e-12
-7.40586e-12
-7.47905e-12
-7.58479e-12
-7.74024e-12
-7.99479e-12
-8.25693e-12
-8.54781e-12
-8.60604e-12
-2.71404e-11
-2.11079e-11
-1.98317e-11
-1.85018e-11
-1.91264e-11
-1.81346e-11
-1.7903e-11
-1.75513e-11
-1.71487e-11
-1.66626e-11
-1.67267e-11
-1.65088e-11
-1.68801e-11
-1.63795e-11
-1.65252e-11
-1.51436e-11
-1.43538e-11
-1.35837e-11
-1.25345e-11
-1.17001e-11
-1.1682e-11
-1.18211e-11
-1.19364e-11
-1.20209e-11
-1.218e-11
-1.23673e-11
-1.27462e-11
-1.31144e-11
-1.37157e-11
-1.38551e-11
-1.97502e-11
-1.79472e-11
-1.69748e-11
-1.64813e-11
-1.63509e-11
-1.62735e-11
-1.62731e-11
-1.61991e-11
-1.60823e-11
-1.59588e-11
-1.59794e-11
-1.60273e-11
-1.60264e-11
-1.5851e-11
-1.53485e-11
-1.48442e-11
-1.42621e-11
-1.44438e-11
-1.46195e-11
-1.42193e-11
-1.39882e-11
-1.40262e-11
-1.41795e-11
-1.44219e-11
-1.46495e-11
-1.48837e-11
-1.51166e-11
-1.53618e-11
-1.59376e-11
-1.62837e-11
-1.73424e-11
-1.56248e-11
-1.56632e-11
-1.62162e-11
-1.68376e-11
-1.73717e-11
-1.77319e-11
-1.79282e-11
-1.8056e-11
-1.81269e-11
-1.8206e-11
-1.82245e-11
-1.81404e-11
-1.78987e-11
-1.75054e-11
-1.71579e-11
-1.69221e-11
-1.69918e-11
-1.71249e-11
-1.70122e-11
-1.68916e-11
-1.69912e-11
-1.71664e-11
-1.74839e-11
-1.75372e-11
-1.76405e-11
-1.71568e-11
-1.68073e-11
-1.6258e-11
-1.65166e-11
-1.56696e-11
-1.57715e-11
-1.71327e-11
-1.85978e-11
-1.97306e-11
-2.05076e-11
-2.09939e-11
-2.12523e-11
-2.13827e-11
-2.13808e-11
-2.13152e-11
-2.11205e-11
-2.0879e-11
-2.05186e-11
-2.02339e-11
-1.99673e-11
-1.99421e-11
-1.98911e-11
-1.99689e-11
-1.98287e-11
-1.97944e-11
-1.96498e-11
-1.96577e-11
-1.95037e-11
-1.91973e-11
-1.87608e-11
-1.76188e-11
-1.64899e-11
-1.41091e-11
-1.31957e-11
-1.58009e-11
-1.86286e-11
-2.13789e-11
-2.29389e-11
-2.35802e-11
-2.3777e-11
-2.37435e-11
-2.35952e-11
-2.33525e-11
-2.30281e-11
-2.26402e-11
-2.21858e-11
-2.17402e-11
-2.1287e-11
-2.09713e-11
-2.06891e-11
-2.05964e-11
-2.04083e-11
-2.03847e-11
-2.01285e-11
-2.00793e-11
-1.96453e-11
-1.95633e-11
-1.88565e-11
-1.85747e-11
-1.74991e-11
-1.68225e-11
-1.55559e-11
-1.25339e-11
-1.05555e-11
-2.26676e-11
-2.71273e-11
-2.70586e-11
-2.56063e-11
-2.42307e-11
-2.323e-11
-2.24892e-11
-2.19475e-11
-2.14579e-11
-2.10338e-11
-2.05859e-11
-2.01961e-11
-1.98123e-11
-1.95422e-11
-1.93323e-11
-1.92508e-11
-1.92148e-11
-1.92407e-11
-1.92597e-11
-1.9242e-11
-1.9166e-11
-1.88928e-11
-1.86628e-11
-1.78995e-11
-1.75356e-11
-1.59825e-11
-1.5954e-11
-1.37533e-11
-1.82129e-11
-2.16938e-11
-1.84671e-11
-1.74956e-11
-1.74232e-11
-1.76169e-11
-1.7901e-11
-1.82283e-11
-1.85243e-11
-1.87869e-11
-1.89485e-11
-1.90807e-11
-1.91135e-11
-1.91781e-11
-1.91803e-11
-1.92785e-11
-1.93345e-11
-1.94804e-11
-1.95511e-11
-1.96339e-11
-1.95692e-11
-1.94493e-11
-1.90473e-11
-1.86238e-11
-1.7744e-11
-1.69085e-11
-1.55365e-11
-1.4577e-11
-1.29647e-11
-1.22696e-11
-1.0198e-11
-3.46657e-12
-1.9141e-11
-1.96778e-11
-2.08148e-11
-2.18244e-11
-2.24699e-11
-2.27883e-11
-2.28942e-11
-2.28795e-11
-2.27625e-11
-2.26149e-11
-2.23769e-11
-2.21555e-11
-2.18231e-11
-2.15371e-11
-2.11048e-11
-2.07271e-11
-2.02076e-11
-1.9722e-11
-1.91874e-11
-1.85606e-11
-1.78774e-11
-1.69078e-11
-1.5634e-11
-1.40226e-11
-1.26516e-11
-1.1053e-11
-9.69954e-12
-8.21512e-12
-6.28679e-12
-5.87615e-12
-1.93388e-11
-1.91006e-11
-1.89965e-11
-1.89383e-11
-1.88961e-11
-1.87955e-11
-1.87168e-11
-1.85944e-11
-1.85281e-11
-1.84165e-11
-1.8365e-11
-1.8266e-11
-1.82107e-11
-1.81329e-11
-1.80487e-11
-1.8023e-11
-1.78878e-11
-1.78739e-11
-1.76056e-11
-1.72183e-11
-1.64839e-11
-1.51435e-11
-1.2992e-11
-1.10498e-11
-9.20993e-12
-7.70371e-12
-6.58605e-12
-5.04869e-12
-3.55622e-12
-1.84635e-12
-1.93628e-11
-1.91668e-11
-1.91648e-11
-1.93185e-11
-1.95887e-11
-1.98249e-11
-2.00936e-11
-2.02365e-11
-2.04621e-11
-2.05136e-11
-2.0733e-11
-2.07043e-11
-2.09137e-11
-2.0766e-11
-2.08486e-11
-2.04915e-11
-2.01686e-11
-1.95087e-11
-1.84857e-11
-1.72705e-11
-1.56517e-11
-1.28808e-11
-9.90067e-12
-7.70848e-12
-5.49571e-12
-3.98382e-12
-3.82537e-12
-2.28541e-12
-3.9197e-14
-4.0652e-14
-1.9406e-11
-1.92649e-11
-1.92085e-11
-1.92178e-11
-1.92943e-11
-1.93543e-11
-1.94579e-11
-1.94682e-11
-1.95815e-11
-1.95196e-11
-1.96789e-11
-1.95078e-11
-1.9716e-11
-1.9311e-11
-1.94623e-11
-1.86318e-11
-1.84919e-11
-1.73446e-11
-1.64362e-11
-1.51048e-11
-1.26199e-11
-9.00145e-12
-6.44086e-12
-4.26335e-12
-1.97985e-12
-3.95679e-14
-4.0652e-14
-4.0652e-14
-4.0652e-14
-4.0652e-14
-1.94353e-11
-1.93272e-11
-1.92601e-11
-1.92409e-11
-1.92743e-11
-1.9331e-11
-1.94326e-11
-1.95007e-11
-1.96479e-11
-1.96862e-11
-1.99103e-11
-1.98783e-11
-2.02328e-11
-2.00036e-11
-2.04952e-11
-1.96982e-11
-2.013e-11
-1.82188e-11
-1.75594e-11
-1.4567e-11
-9.90345e-12
-5.15384e-12
-4.26544e-12
-3.36243e-14
-4.0652e-14
-4.0652e-14
-4.0652e-14
-4.0652e-14
-4.0652e-14
-4.0652e-14
-1.94527e-11
-1.93704e-11
-1.93045e-11
-1.92812e-11
-1.92772e-11
-1.93234e-11
-1.93738e-11
-1.94658e-11
-1.95512e-11
-1.96681e-11
-1.98001e-11
-1.99261e-11
-2.01498e-11
-2.02028e-11
-2.05465e-11
-2.005e-11
-2.02364e-11
-1.75177e-11
-1.68608e-11
-1.13009e-11
-5.44474e-12
-3.30146e-14
-4.0652e-14
-4.0652e-14
-4.0652e-14
-4.0652e-14
-4.0652e-14
-4.0652e-14
-4.0652e-14
-4.0652e-14
-1.94632e-11
-1.93962e-11
-1.93351e-11
-1.93119e-11
-1.92915e-11
-1.9331e-11
-1.9354e-11
-1.94596e-11
-1.95114e-11
-1.96846e-11
-1.97618e-11
-2.00217e-11
-2.01525e-11
-2.05119e-11
-2.07408e-11
-2.09734e-11
-2.10724e-11
-1.9026e-11
-1.75793e-11
-7.35478e-12
-3.33257e-14
-4.0652e-14
-4.0652e-14
-4.0652e-14
-4.0652e-14
-4.0652e-14
-4.0652e-14
-4.0652e-14
-4.0652e-14
-4.0652e-14
-1.94683e-11
-1.94081e-11
-1.93508e-11
-1.93277e-11
-1.93025e-11
-1.9337e-11
-1.93501e-11
-1.94573e-11
-1.94959e-11
-1.96916e-11
-1.97416e-11
-2.00727e-11
-2.01337e-11
-2.06983e-11
-2.07568e-11
-2.16638e-11
-2.14255e-11
-2.20251e-11
-1.76609e-11
-2.65021e-14
-4.0652e-14
-4.0652e-14
-4.0652e-14
-4.0652e-14
-4.0652e-14
-4.0652e-14
-4.0652e-14
-4.0652e-14
-4.0652e-14
-4.0652e-14
)
;

boundaryField
{
    inlet1
    {
        type            calculated;
        value           uniform -5e-10;
    }
    inlet2
    {
        type            calculated;
        value           nonuniform List<scalar> 10(-5.50341e-10 -8.01948e-10 -1.18869e-09 -4.1045e-10 -4.61882e-11 -2.71404e-11 -1.97502e-11 -1.73424e-11 -1.56696e-11 -1.58009e-11);
    }
    inlet3
    {
        type            calculated;
        value           uniform -1.95111e-11;
    }
    output1
    {
        type            calculated;
        value           nonuniform List<scalar> 10(-4.0652e-14 -4.0652e-14 -4.0652e-14 -4.0652e-14 -4.0652e-14 -4.0652e-14 -4.0652e-14 -4.0652e-14 -4.0652e-14 -4.0652e-14);
    }
    output2
    {
        type            calculated;
        value           nonuniform List<scalar> 10(-4.0652e-14 -4.0652e-14 -4.0652e-14 -3.74428e-14 -8.60604e-12 -1.38551e-11 -1.62837e-11 -1.65166e-11 -1.31957e-11 -1.05555e-11);
    }
    output3
    {
        type            calculated;
        value           nonuniform List<scalar> 10(-2.16938e-11 -3.46657e-12 -5.87615e-12 -1.84635e-12 -4.0652e-14 -4.0652e-14 -4.0652e-14 -4.0652e-14 -4.0652e-14 -4.0652e-14);
    }
    up
    {
        type            calculated;
        value           nonuniform List<scalar> 
30
(
-1.94683e-11
-1.94081e-11
-1.93508e-11
-1.93277e-11
-1.93025e-11
-1.9337e-11
-1.93501e-11
-1.94573e-11
-1.94959e-11
-1.96916e-11
-1.97416e-11
-2.00727e-11
-2.01337e-11
-2.06983e-11
-2.07568e-11
-2.16638e-11
-2.14255e-11
-2.20251e-11
-1.76609e-11
-2.65021e-14
-4.0652e-14
-4.0652e-14
-4.0652e-14
-4.0652e-14
-4.0652e-14
-4.0652e-14
-4.0652e-14
-4.0652e-14
-4.0652e-14
-4.0652e-14
)
;
    }
    down
    {
        type            calculated;
        value           nonuniform List<scalar> 
30
(
-1.83717e-10
-2.57211e-10
-3.81132e-11
-1.09451e-12
-3.99432e-14
-4.0652e-14
-4.0652e-14
-4.0652e-14
-4.0652e-14
-4.0652e-14
-4.0652e-14
-4.0652e-14
-4.0652e-14
-4.0652e-14
-4.0652e-14
-4.0652e-14
-4.0652e-14
-4.0652e-14
-4.0652e-14
-4.0652e-14
-4.0652e-14
-4.0652e-14
-4.0652e-14
-4.0652e-14
-4.0652e-14
-4.0652e-14
-4.0652e-14
-4.0652e-14
-4.0652e-14
-4.0652e-14
)
;
    }
    emptyWalls
    {
        type            empty;
    }
}


// ************************************************************************* //
