/*--------------------------------*- C++ -*----------------------------------*\
  =========                 |
  \\      /  F ield         | OpenFOAM: The Open Source CFD Toolbox
   \\    /   O peration     | Website:  https://openfoam.org
    \\  /    A nd           | Version:  9
     \\/     M anipulation  |
\*---------------------------------------------------------------------------*/
FoamFile
{
    format      ascii;
    class       volScalarField;
    location    "22000";
    object      fw;
}
// * * * * * * * * * * * * * * * * * * * * * * * * * * * * * * * * * * * * * //

dimensions      [0 0 0 0 0 0 0];

internalField   nonuniform List<scalar> 
900
(
0.999557
0.999901
0.973405
0.124107
9.16657e-09
4.7991e-09
4.7991e-09
4.7991e-09
4.7991e-09
4.7991e-09
4.7991e-09
4.7991e-09
4.7991e-09
4.7991e-09
4.7991e-09
4.7991e-09
4.7991e-09
4.7991e-09
4.7991e-09
4.7991e-09
4.7991e-09
4.7991e-09
4.7991e-09
4.7991e-09
4.7991e-09
4.7991e-09
4.7991e-09
4.7991e-09
4.7991e-09
4.7991e-09
0.999846
0.926184
0.651009
0.759993
4.11248e-06
4.79912e-09
4.7991e-09
4.7991e-09
4.7991e-09
4.7991e-09
4.7991e-09
4.7991e-09
4.7991e-09
4.7991e-09
4.7991e-09
4.7991e-09
4.7991e-09
4.7991e-09
4.7991e-09
4.7991e-09
4.7991e-09
4.7991e-09
4.7991e-09
4.7991e-09
4.7991e-09
4.7991e-09
4.7991e-09
4.7991e-09
4.7991e-09
4.7991e-09
0.999317
0.98344
0.704283
0.0305555
5.09383e-09
4.7991e-09
4.7991e-09
4.7991e-09
4.7991e-09
4.7991e-09
4.7991e-09
4.7991e-09
4.7991e-09
4.7991e-09
4.7991e-09
4.7991e-09
4.7991e-09
4.7991e-09
4.7991e-09
4.7991e-09
4.7991e-09
4.7991e-09
4.7991e-09
4.7991e-09
4.7991e-09
4.7991e-09
4.7991e-09
4.7991e-09
4.7991e-09
4.7991e-09
0.999544
0.895303
0.721911
0.00157942
4.81747e-09
4.7991e-09
4.7991e-09
4.7991e-09
4.7991e-09
4.7991e-09
4.7991e-09
4.7991e-09
4.7991e-09
4.7991e-09
4.7991e-09
4.7991e-09
4.7991e-09
4.7991e-09
4.7991e-09
4.7991e-09
4.7991e-09
4.7991e-09
4.7991e-09
4.7991e-09
4.7991e-09
4.7991e-09
4.7991e-09
4.7991e-09
4.7991e-09
4.7991e-09
0.998927
0.979857
0.827951
0.000193034
4.80094e-09
4.7991e-09
4.7991e-09
4.7991e-09
4.7991e-09
4.7991e-09
4.7991e-09
4.7991e-09
4.7991e-09
4.7991e-09
4.7991e-09
4.7991e-09
4.7991e-09
4.7991e-09
4.7991e-09
4.7991e-09
4.7991e-09
4.7991e-09
4.7991e-09
4.7991e-09
4.7991e-09
4.7991e-09
4.7991e-09
4.7991e-09
4.7991e-09
4.7991e-09
0.999443
0.948037
0.872417
5.68789e-06
4.79914e-09
4.7991e-09
4.7991e-09
4.7991e-09
4.7991e-09
4.7991e-09
4.7991e-09
4.7991e-09
4.7991e-09
4.7991e-09
4.7991e-09
4.7991e-09
4.7991e-09
4.7991e-09
4.7991e-09
4.7991e-09
4.7991e-09
4.7991e-09
4.7991e-09
4.7991e-09
4.7991e-09
4.7991e-09
4.7991e-09
4.7991e-09
4.7991e-09
4.7991e-09
0.99949
0.98924
0.914676
2.54228e-07
4.7991e-09
4.7991e-09
4.7991e-09
4.7991e-09
4.7991e-09
4.7991e-09
4.7991e-09
4.7991e-09
4.7991e-09
4.7991e-09
4.7991e-09
4.7991e-09
4.7991e-09
4.7991e-09
4.7991e-09
4.7991e-09
4.7991e-09
4.7991e-09
4.7991e-09
4.7991e-09
4.7991e-09
4.7991e-09
4.7991e-09
4.7991e-09
4.7991e-09
4.7991e-09
0.999882
0.977947
0.90585
1.44484e-08
4.7991e-09
4.7991e-09
4.7991e-09
4.7991e-09
4.7991e-09
4.7991e-09
4.7991e-09
4.7991e-09
4.7991e-09
4.7991e-09
4.7991e-09
4.7991e-09
4.7991e-09
4.7991e-09
4.7991e-09
4.7991e-09
4.7991e-09
4.7991e-09
4.7991e-09
4.7991e-09
4.7991e-09
4.7991e-09
4.7991e-09
4.7991e-09
4.7991e-09
4.7991e-09
0.999948
0.995861
0.954961
5.87937e-09
4.7991e-09
4.7991e-09
4.7991e-09
4.7991e-09
4.7991e-09
4.7991e-09
4.7991e-09
4.7991e-09
4.7991e-09
4.7991e-09
4.7991e-09
4.7991e-09
4.7991e-09
4.7991e-09
4.7991e-09
4.7991e-09
4.7991e-09
4.7991e-09
4.7991e-09
4.7991e-09
4.7991e-09
4.7991e-09
4.7991e-09
4.7991e-09
4.7991e-09
4.7991e-09
0.999999
0.98855
0.166143
4.92681e-09
4.7991e-09
4.7991e-09
4.7991e-09
4.7991e-09
4.7991e-09
4.7991e-09
4.7991e-09
4.7991e-09
4.7991e-09
4.7991e-09
4.7991e-09
4.7991e-09
4.7991e-09
4.7991e-09
4.7991e-09
4.7991e-09
4.7991e-09
4.7991e-09
4.7991e-09
4.7991e-09
4.7991e-09
4.7991e-09
4.7991e-09
4.7991e-09
4.7991e-09
4.79911e-09
1
0.998895
0.73257
9.21842e-05
4.80458e-09
4.7991e-09
4.7991e-09
4.7991e-09
4.7991e-09
4.7991e-09
4.7991e-09
4.7991e-09
4.7991e-09
4.7991e-09
4.7991e-09
4.7991e-09
4.7991e-09
4.7991e-09
4.7991e-09
4.7991e-09
4.7991e-09
4.7991e-09
4.7991e-09
4.7991e-09
4.7991e-09
4.7991e-09
4.7991e-09
4.7991e-09
4.79909e-09
4.79909e-09
1.00001
0.995634
0.626761
0.364462
0.037024
5.50488e-09
4.8008e-09
4.7991e-09
4.7991e-09
4.7991e-09
4.7991e-09
4.7991e-09
4.7991e-09
4.7991e-09
4.7991e-09
4.7991e-09
4.7991e-09
4.7991e-09
4.7991e-09
4.7991e-09
4.7991e-09
4.7991e-09
4.7991e-09
4.7991e-09
4.7991e-09
4.7991e-09
4.7991e-09
4.7991e-09
4.7991e-09
4.7991e-09
1.00006
0.999979
0.997995
0.962073
0.755704
0.650946
0.260881
8.91805e-09
5.90918e-09
1.24595e-08
1.4904e-08
1.17116e-08
7.554e-09
4.90888e-09
4.79978e-09
4.79973e-09
4.79972e-09
4.79964e-09
4.7991e-09
4.7991e-09
4.7991e-09
4.7991e-09
4.7991e-09
4.7991e-09
4.7991e-09
4.7991e-09
4.7991e-09
4.7991e-09
4.7991e-09
4.7991e-09
0.999998
0.999911
0.998717
0.994832
0.980107
0.957777
0.915806
0.863876
0.850814
0.85082
0.859275
0.856966
0.870021
0.861106
0.885721
0.857948
0.897676
0.582149
3.47713e-07
3.07837e-07
8.24297e-07
1.79997e-06
3.52789e-06
6.65855e-06
1.30488e-05
1.94979e-05
2.10491e-05
1.02636e-05
1.85623e-06
6.80778e-08
0.981851
0.987618
0.976849
0.973665
0.966915
0.948502
0.936034
0.922492
0.91788
0.910333
0.917496
0.910132
0.922082
0.911231
0.926432
0.905015
0.901314
0.817957
0.665602
0.643952
0.663661
0.677179
0.683314
0.686588
0.691236
0.697898
0.70838
0.718651
0.729465
0.73156
0.950207
0.923669
0.915543
0.905692
0.910512
0.902682
0.900713
0.897612
0.893888
0.889128
0.889773
0.887558
0.891295
0.886213
0.887727
0.872109
0.861745
0.850437
0.832771
0.816503
0.816125
0.818999
0.821333
0.823015
0.826122
0.829681
0.836567
0.842883
0.852468
0.854568
0.914982
0.901093
0.89222
0.887274
0.885913
0.885094
0.885089
0.884299
0.883034
0.881674
0.881903
0.882431
0.882421
0.880469
0.874615
0.868316
0.860464
0.862986
0.865363
0.85986
0.856535
0.85709
0.859295
0.862686
0.865762
0.868825
0.871774
0.874775
0.881439
0.885203
0.895703
0.877884
0.878329
0.884481
0.890876
0.895974
0.899221
0.90093
0.902021
0.902618
0.903278
0.903431
0.902731
0.900676
0.897197
0.893975
0.891706
0.892384
0.893662
0.892582
0.891408
0.892379
0.894056
0.897002
0.897484
0.898412
0.893965
0.890577
0.884929
0.887639
0.878403
0.87957
0.893736
0.906456
0.914846
0.919992
0.92299
0.924517
0.925272
0.925261
0.924882
0.923743
0.922296
0.920062
0.918232
0.916463
0.916293
0.915947
0.916474
0.915522
0.915287
0.914285
0.91434
0.913255
0.911037
0.907735
0.898218
0.887363
0.858289
0.84423
0.879904
0.9067
0.92525
0.933504
0.936523
0.937411
0.937261
0.936591
0.935474
0.933936
0.932027
0.92969
0.927286
0.924719
0.922854
0.92113
0.920552
0.91936
0.919208
0.917539
0.917213
0.914253
0.913677
0.908473
0.906273
0.89714
0.890727
0.87708
0.832759
0.790255
0.932165
0.950165
0.949942
0.94488
0.939391
0.934899
0.931263
0.928419
0.925702
0.923228
0.920486
0.917984
0.91541
0.913528
0.912024
0.91143
0.911166
0.911356
0.911495
0.911365
0.910806
0.908752
0.906969
0.900683
0.89747
0.881937
0.881621
0.853038
0.903335
0.927029
0.905413
0.897107
0.896448
0.898201
0.900696
0.903463
0.905871
0.907937
0.909175
0.910172
0.910416
0.910895
0.910912
0.911632
0.91204
0.913089
0.913591
0.914173
0.913718
0.912867
0.909921
0.906662
0.899327
0.891574
0.876852
0.864793
0.840357
0.827837
0.780958
0.411035
0.91062
0.91448
0.921905
0.92775
0.931164
0.932765
0.933286
0.933214
0.932637
0.9319
0.930687
0.92953
0.927743
0.926151
0.92365
0.921365
0.91806
0.914787
0.910964
0.906161
0.900492
0.891567
0.877991
0.857038
0.834886
0.802284
0.766984
0.717047
0.62681
0.602638
0.912071
0.91032
0.909539
0.909098
0.908777
0.908004
0.907392
0.90643
0.905902
0.905005
0.904586
0.903775
0.903317
0.902668
0.901958
0.90174
0.900582
0.900461
0.8981
0.894546
0.887301
0.872108
0.840823
0.802209
0.751995
0.69635
0.643189
0.547234
0.41996
0.223557
0.912245
0.910812
0.910797
0.911924
0.913856
0.915496
0.917308
0.918248
0.919703
0.92003
0.921402
0.921224
0.922506
0.921605
0.922111
0.91989
0.917804
0.913291
0.905562
0.895035
0.878196
0.838918
0.77277
0.696553
0.578343
0.46044
0.445839
0.27898
1.73732e-08
4.7991e-09
0.912556
0.911533
0.911119
0.911188
0.911748
0.912183
0.912928
0.913002
0.913805
0.913368
0.914488
0.913284
0.914745
0.911869
0.91296
0.906725
0.905612
0.895724
0.886806
0.871627
0.834318
0.745196
0.635367
0.48509
0.240711
1.2706e-08
4.7991e-09
4.7991e-09
4.7991e-09
4.7991e-09
0.912766
0.911987
0.911498
0.911357
0.911602
0.912015
0.912747
0.913233
0.914271
0.914538
0.916078
0.91586
0.918224
0.916707
0.919914
0.914622
0.917549
0.903385
0.897685
0.864658
0.772849
0.554814
0.485269
8.38848e-07
4.7991e-09
4.7991e-09
4.7991e-09
4.7991e-09
4.7991e-09
4.7991e-09
0.912891
0.9123
0.911822
0.911652
0.911623
0.911959
0.912324
0.912985
0.913592
0.914412
0.915325
0.916185
0.91768
0.918028
0.920238
0.917017
0.918248
0.897308
0.891105
0.80791
0.57494
1.20398e-06
4.7991e-09
4.7991e-09
4.7991e-09
4.7991e-09
4.7991e-09
4.7991e-09
4.7991e-09
4.7991e-09
0.912966
0.912486
0.912044
0.911876
0.911727
0.912014
0.912181
0.912941
0.913309
0.914527
0.915062
0.916828
0.917697
0.92002
0.92145
0.922866
0.923458
0.909761
0.897863
0.681001
1.00223e-06
4.7991e-09
4.7991e-09
4.7991e-09
4.7991e-09
4.7991e-09
4.7991e-09
4.7991e-09
4.7991e-09
4.7991e-09
0.913002
0.912571
0.912158
0.91199
0.911808
0.912058
0.912153
0.912924
0.913199
0.914576
0.914923
0.917169
0.917573
0.921187
0.921549
0.926862
0.925517
0.928837
0.898593
0.000127349
4.79913e-09
4.7991e-09
4.7991e-09
4.7991e-09
4.7991e-09
4.7991e-09
4.7991e-09
4.7991e-09
4.7991e-09
4.7991e-09
)
;

boundaryField
{
    inlet1
    {
        type            calculated;
        value           uniform 1;
    }
    inlet2
    {
        type            calculated;
        value           nonuniform List<scalar> 10(1 1.00001 1.00006 0.999998 0.981851 0.950207 0.914982 0.895703 0.878403 0.879904);
    }
    inlet3
    {
        type            calculated;
        value           uniform 0.913307;
    }
    output1
    {
        type            calculated;
        value           nonuniform List<scalar> 10(4.7991e-09 4.7991e-09 4.7991e-09 4.7991e-09 4.7991e-09 4.7991e-09 4.7991e-09 4.7991e-09 4.7991e-09 4.79911e-09);
    }
    output2
    {
        type            calculated;
        value           nonuniform List<scalar> 10(4.79909e-09 4.7991e-09 4.7991e-09 6.80778e-08 0.73156 0.854568 0.885203 0.887639 0.84423 0.790255);
    }
    output3
    {
        type            calculated;
        value           nonuniform List<scalar> 10(0.927029 0.411035 0.602638 0.223557 4.7991e-09 4.7991e-09 4.7991e-09 4.7991e-09 4.7991e-09 4.7991e-09);
    }
    up
    {
        type            calculated;
        value           nonuniform List<scalar> 
30
(
0.913002
0.912571
0.912158
0.91199
0.911808
0.912058
0.912153
0.912924
0.913199
0.914576
0.914923
0.917169
0.917573
0.921187
0.921549
0.926862
0.925517
0.928837
0.898593
0.000127349
4.79913e-09
4.7991e-09
4.7991e-09
4.7991e-09
4.7991e-09
4.7991e-09
4.7991e-09
4.7991e-09
4.7991e-09
4.7991e-09
)
;
    }
    down
    {
        type            calculated;
        value           nonuniform List<scalar> 
30
(
0.999557
0.999901
0.973405
0.124107
9.16657e-09
4.7991e-09
4.7991e-09
4.7991e-09
4.7991e-09
4.7991e-09
4.7991e-09
4.7991e-09
4.7991e-09
4.7991e-09
4.7991e-09
4.7991e-09
4.7991e-09
4.7991e-09
4.7991e-09
4.7991e-09
4.7991e-09
4.7991e-09
4.7991e-09
4.7991e-09
4.7991e-09
4.7991e-09
4.7991e-09
4.7991e-09
4.7991e-09
4.7991e-09
)
;
    }
    emptyWalls
    {
        type            empty;
    }
}


// ************************************************************************* //
