/*--------------------------------*- C++ -*----------------------------------*\
  =========                 |
  \\      /  F ield         | OpenFOAM: The Open Source CFD Toolbox
   \\    /   O peration     | Website:  https://openfoam.org
    \\  /    A nd           | Version:  9
     \\/     M anipulation  |
\*---------------------------------------------------------------------------*/
FoamFile
{
    format      ascii;
    class       volScalarField;
    location    "22000";
    object      p;
}
// * * * * * * * * * * * * * * * * * * * * * * * * * * * * * * * * * * * * * //

dimensions      [0 0 0 0 0 0 0];

internalField   nonuniform List<scalar> 
900
(
1.34703e+07
1.34686e+07
1.34679e+07
1.3466e+07
1.34387e+07
1.30383e+07
1.26626e+07
1.23011e+07
1.19484e+07
1.16006e+07
1.1255e+07
1.091e+07
1.05645e+07
1.02178e+07
9.86983e+06
9.52098e+06
9.17196e+06
8.82404e+06
8.47902e+06
8.13927e+06
7.80775e+06
7.48803e+06
7.18427e+06
6.90115e+06
6.64379e+06
6.4176e+06
6.22806e+06
6.08038e+06
5.97907e+06
5.92752e+06
1.34673e+07
1.34667e+07
1.34648e+07
1.34618e+07
1.34576e+07
1.30171e+07
1.26484e+07
1.22923e+07
1.19435e+07
1.15983e+07
1.12545e+07
1.09106e+07
1.05656e+07
1.0219e+07
9.87076e+06
9.52114e+06
9.17086e+06
8.82115e+06
8.47375e+06
8.13103e+06
7.79594e+06
7.47208e+06
7.16364e+06
6.8754e+06
6.61262e+06
6.38095e+06
6.18621e+06
6.03401e+06
5.92933e+06
5.87596e+06
1.34595e+07
1.34576e+07
1.34553e+07
1.34564e+07
1.33624e+07
1.29772e+07
1.26217e+07
1.22763e+07
1.19349e+07
1.15947e+07
1.12541e+07
1.09122e+07
1.05683e+07
1.02219e+07
9.87306e+06
9.52195e+06
9.1692e+06
8.81593e+06
8.46382e+06
8.11517e+06
7.77292e+06
7.44072e+06
7.12282e+06
6.82418e+06
6.55034e+06
6.3074e+06
6.10182e+06
5.94012e+06
5.82828e+06
5.77104e+06
1.34459e+07
1.34436e+07
1.34382e+07
1.34367e+07
1.32137e+07
1.29078e+07
1.25848e+07
1.22563e+07
1.19251e+07
1.15914e+07
1.12551e+07
1.09159e+07
1.05734e+07
1.02273e+07
9.87763e+06
9.52439e+06
9.16806e+06
8.80957e+06
8.45044e+06
8.09289e+06
7.73987e+06
7.39504e+06
7.06276e+06
6.74817e+06
6.45716e+06
6.19648e+06
5.97357e+06
5.79637e+06
5.67265e+06
5.60888e+06
1.34267e+07
1.34232e+07
1.34188e+07
1.34172e+07
1.3135e+07
1.28554e+07
1.25533e+07
1.22392e+07
1.19177e+07
1.15907e+07
1.1259e+07
1.09228e+07
1.0582e+07
1.02364e+07
9.88575e+06
9.52994e+06
9.16909e+06
8.80384e+06
8.43547e+06
8.0661e+06
7.69865e+06
7.3368e+06
6.98502e+06
6.64856e+06
6.33368e+06
6.04778e+06
5.79961e+06
5.59916e+06
5.45706e+06
5.38296e+06
1.34027e+07
1.33997e+07
1.33958e+07
1.33944e+07
1.31012e+07
1.28257e+07
1.25337e+07
1.22294e+07
1.19158e+07
1.15948e+07
1.12674e+07
1.09343e+07
1.05954e+07
1.02505e+07
9.89904e+06
9.54051e+06
9.17453e+06
8.80122e+06
8.42151e+06
8.03739e+06
7.65181e+06
7.26851e+06
6.89195e+06
6.5274e+06
6.18121e+06
5.86136e+06
5.57793e+06
5.34361e+06
5.17347e+06
5.08294e+06
1.33771e+07
1.33752e+07
1.33737e+07
1.33726e+07
1.30872e+07
1.28126e+07
1.25265e+07
1.2229e+07
1.19213e+07
1.16051e+07
1.12817e+07
1.09516e+07
1.06149e+07
1.02711e+07
9.91941e+06
9.55854e+06
9.1873e+06
8.80499e+06
8.41197e+06
8.01016e+06
7.60269e+06
7.19348e+06
6.78688e+06
6.38786e+06
6.00243e+06
5.63852e+06
5.30713e+06
5.02389e+06
4.81027e+06
4.69238e+06
1.33524e+07
1.33512e+07
1.33509e+07
1.33498e+07
1.30805e+07
1.28108e+07
1.25308e+07
1.22386e+07
1.19353e+07
1.16228e+07
1.13025e+07
1.09754e+07
1.06414e+07
1.02997e+07
9.94894e+06
9.58692e+06
9.21116e+06
8.81946e+06
8.41123e+06
7.98856e+06
7.55533e+06
7.11584e+06
6.67424e+06
6.23472e+06
5.80213e+06
5.38316e+06
4.9882e+06
4.63455e+06
4.35136e+06
4.18394e+06
1.33297e+07
1.333e+07
1.33326e+07
1.33318e+07
1.30782e+07
1.28193e+07
1.25473e+07
1.22594e+07
1.19585e+07
1.16481e+07
1.13303e+07
1.10062e+07
1.06756e+07
1.03374e+07
9.9897e+06
9.62906e+06
9.25096e+06
8.85045e+06
8.42493e+06
7.97754e+06
7.51423e+06
7.0403e+06
6.55954e+06
6.07465e+06
5.58821e+06
5.10379e+06
4.62795e+06
4.17476e+06
3.77668e+06
3.50808e+06
1.33098e+07
1.33097e+07
1.33145e+07
1.33023e+07
1.30818e+07
1.2841e+07
1.25796e+07
1.22932e+07
1.19913e+07
1.16807e+07
1.13645e+07
1.10434e+07
1.07172e+07
1.03847e+07
1.00434e+07
9.68867e+06
9.31317e+06
8.90646e+06
8.4605e+06
7.98243e+06
7.48373e+06
6.97161e+06
6.44896e+06
5.91614e+06
5.37227e+06
4.81584e+06
4.24507e+06
3.65985e+06
3.07253e+06
2.56361e+06
1.32933e+07
1.32929e+07
1.32905e+07
1.32696e+07
1.31057e+07
1.28833e+07
1.26369e+07
1.23425e+07
1.20326e+07
1.1719e+07
1.14035e+07
1.10858e+07
1.07653e+07
1.04408e+07
1.01104e+07
9.76908e+06
9.40657e+06
9.00172e+06
8.52819e+06
8.00795e+06
7.46667e+06
6.91345e+06
6.34854e+06
5.76867e+06
5.16891e+06
4.54222e+06
3.87663e+06
3.14705e+06
2.28997e+06
1.11024e+06
1.32815e+07
1.32788e+07
1.32619e+07
1.3213e+07
1.3126e+07
1.29496e+07
1.27423e+07
1.24074e+07
1.20777e+07
1.17593e+07
1.14448e+07
1.11309e+07
1.08172e+07
1.05027e+07
1.01885e+07
9.87066e+06
9.54231e+06
9.16567e+06
8.64259e+06
8.05451e+06
7.46154e+06
6.86698e+06
6.2631e+06
5.64109e+06
4.99247e+06
4.30752e+06
3.57218e+06
2.76175e+06
1.83005e+06
697620
1.32748e+07
1.3269e+07
1.32493e+07
1.32035e+07
1.31044e+07
1.29412e+07
1.2751e+07
1.24675e+07
1.21115e+07
1.17961e+07
1.14862e+07
1.11764e+07
1.08704e+07
1.05642e+07
1.02703e+07
9.98274e+06
9.72636e+06
9.47604e+06
8.82201e+06
8.10597e+06
7.458e+06
6.82985e+06
6.19576e+06
5.54014e+06
4.85237e+06
4.12321e+06
3.34283e+06
2.49772e+06
1.57088e+06
547805
1.32718e+07
1.32621e+07
1.32352e+07
1.31766e+07
1.30736e+07
1.29142e+07
1.27032e+07
1.24274e+07
1.21114e+07
1.17963e+07
1.14865e+07
1.11766e+07
1.08707e+07
1.05645e+07
1.02706e+07
9.98321e+06
9.72718e+06
9.48642e+06
9.08129e+06
8.08817e+06
7.43242e+06
6.7951e+06
6.14388e+06
5.46098e+06
4.73683e+06
3.96597e+06
3.14796e+06
2.28566e+06
1.38919e+06
467353
1.32755e+07
1.32625e+07
1.32265e+07
1.31534e+07
1.30382e+07
1.28735e+07
1.2656e+07
1.23939e+07
1.21024e+07
1.17972e+07
1.14903e+07
1.11808e+07
1.08737e+07
1.05656e+07
1.02639e+07
9.96368e+06
9.65618e+06
9.29925e+06
8.77338e+06
8.08426e+06
7.43171e+06
6.79466e+06
6.14344e+06
5.46035e+06
4.73595e+06
3.96484e+06
3.14672e+06
2.28457e+06
1.38871e+06
467290
1.33169e+07
1.32918e+07
1.32398e+07
1.3149e+07
1.30174e+07
1.28425e+07
1.26245e+07
1.23722e+07
1.20944e+07
1.17995e+07
1.14964e+07
1.11883e+07
1.08786e+07
1.05657e+07
1.02494e+07
9.92029e+06
9.5604e+06
9.14253e+06
8.63696e+06
8.05418e+06
7.44305e+06
6.81934e+06
6.17478e+06
5.49829e+06
4.78139e+06
4.01692e+06
3.20111e+06
2.33296e+06
1.42227e+06
479736
1.34073e+07
1.33727e+07
1.32985e+07
1.3184e+07
1.30306e+07
1.2841e+07
1.26182e+07
1.23679e+07
1.20955e+07
1.18067e+07
1.15068e+07
1.11996e+07
1.08864e+07
1.05657e+07
1.02326e+07
9.87814e+06
9.48918e+06
9.05537e+06
8.57253e+06
8.03935e+06
7.46571e+06
6.86286e+06
6.2322e+06
5.5695e+06
4.86764e+06
4.11856e+06
3.31204e+06
2.43893e+06
1.49983e+06
508939
1.35569e+07
1.35051e+07
1.34028e+07
1.32583e+07
1.30792e+07
1.28711e+07
1.26378e+07
1.2383e+07
1.21102e+07
1.18229e+07
1.15243e+07
1.12164e+07
1.08993e+07
1.05707e+07
1.02258e+07
9.85796e+06
9.46012e+06
9.02792e+06
8.55974e+06
8.05279e+06
7.50746e+06
6.92815e+06
6.31725e+06
5.67395e+06
4.99295e+06
4.26744e+06
3.48267e+06
2.6192e+06
1.65e+06
573024
1.37767e+07
1.36943e+07
1.35493e+07
1.33658e+07
1.31562e+07
1.2926e+07
1.26782e+07
1.24148e+07
1.21376e+07
1.18484e+07
1.15488e+07
1.1239e+07
1.09185e+07
1.05848e+07
1.02342e+07
9.8623e+06
9.46534e+06
9.04018e+06
8.58474e+06
8.09629e+06
7.57369e+06
7.0172e+06
6.4283e+06
5.80618e+06
5.14827e+06
4.44954e+06
3.69906e+06
2.87506e+06
1.91624e+06
729940
1.40897e+07
1.39303e+07
1.37205e+07
1.34914e+07
1.32495e+07
1.29961e+07
1.27321e+07
1.24578e+07
1.2174e+07
1.18809e+07
1.15787e+07
1.12669e+07
1.09444e+07
1.0609e+07
1.02579e+07
9.8882e+06
9.49707e+06
9.08163e+06
8.63957e+06
8.16813e+06
7.66579e+06
7.13073e+06
6.56355e+06
5.96233e+06
5.32741e+06
4.65385e+06
3.94088e+06
3.17941e+06
2.33427e+06
1.18461e+06
1.44883e+07
1.41712e+07
1.38928e+07
1.36217e+07
1.33496e+07
1.30739e+07
1.27936e+07
1.25079e+07
1.22162e+07
1.19182e+07
1.16131e+07
1.12999e+07
1.09774e+07
1.06436e+07
1.02963e+07
9.93322e+06
9.55165e+06
9.14893e+06
8.72227e+06
8.26896e+06
7.78631e+06
7.27199e+06
6.72483e+06
6.14344e+06
5.52952e+06
4.88025e+06
4.20064e+06
3.48094e+06
2.78773e+06
2.24729e+06
1.48009e+07
1.44024e+07
1.40625e+07
1.37515e+07
1.34517e+07
1.31556e+07
1.28599e+07
1.25629e+07
1.22633e+07
1.19601e+07
1.16523e+07
1.13389e+07
1.10185e+07
1.06893e+07
1.03496e+07
9.99688e+06
9.62857e+06
9.24173e+06
8.83316e+06
8.39957e+06
7.93723e+06
7.44306e+06
6.91363e+06
6.34896e+06
5.75045e+06
5.12642e+06
4.48382e+06
3.8505e+06
3.25763e+06
2.7522e+06
1.50381e+07
1.46137e+07
1.42343e+07
1.38874e+07
1.35596e+07
1.32424e+07
1.29309e+07
1.2622e+07
1.23141e+07
1.20058e+07
1.16958e+07
1.13831e+07
1.10664e+07
1.07442e+07
1.04146e+07
1.00752e+07
9.72327e+06
9.35523e+06
8.96751e+06
8.55568e+06
8.11554e+06
7.64165e+06
7.12895e+06
6.57545e+06
5.98739e+06
5.37728e+06
4.76941e+06
4.19007e+06
3.67841e+06
3.37271e+06
1.52234e+07
1.47875e+07
1.43851e+07
1.4012e+07
1.3661e+07
1.33251e+07
1.29991e+07
1.26795e+07
1.2364e+07
1.20511e+07
1.17396e+07
1.14284e+07
1.11166e+07
1.08027e+07
1.04853e+07
1.0162e+07
9.82968e+06
9.4844e+06
9.12153e+06
8.73528e+06
8.32016e+06
7.86803e+06
7.3706e+06
6.82579e+06
6.23692e+06
5.62158e+06
5.02952e+06
4.49145e+06
4.00703e+06
3.64193e+06
1.53684e+07
1.49266e+07
1.45116e+07
1.4122e+07
1.3754e+07
1.34029e+07
1.30644e+07
1.27352e+07
1.24131e+07
1.20962e+07
1.17838e+07
1.14747e+07
1.11687e+07
1.08644e+07
1.05612e+07
1.02563e+07
9.94707e+06
9.62841e+06
9.2945e+06
8.93727e+06
8.54856e+06
8.11609e+06
7.63359e+06
7.09815e+06
6.50434e+06
5.84701e+06
5.22507e+06
4.75128e+06
4.29591e+06
3.6984e+06
1.54812e+07
1.50358e+07
1.46136e+07
1.42136e+07
1.38338e+07
1.34711e+07
1.31227e+07
1.27855e+07
1.24577e+07
1.21376e+07
1.18246e+07
1.15178e+07
1.12175e+07
1.09228e+07
1.0634e+07
1.03484e+07
1.00644e+07
9.77565e+06
9.47574e+06
9.15318e+06
8.79197e+06
8.37223e+06
7.90631e+06
7.39224e+06
6.81511e+06
6.16028e+06
5.24427e+06
4.78095e+06
4.64375e+06
4.4222e+06
1.55669e+07
1.51193e+07
1.46926e+07
1.4286e+07
1.38983e+07
1.35276e+07
1.31716e+07
1.28283e+07
1.24961e+07
1.21735e+07
1.18602e+07
1.15555e+07
1.12604e+07
1.09745e+07
1.06995e+07
1.04336e+07
1.01769e+07
9.92213e+06
9.66318e+06
9.38338e+06
9.05581e+06
8.63534e+06
8.16453e+06
7.76955e+06
6.83609e+06
6.30352e+06
5.71689e+06
5.30362e+06
5.06973e+06
4.92445e+06
1.56287e+07
1.51798e+07
1.47503e+07
1.43396e+07
1.39469e+07
1.35707e+07
1.32096e+07
1.2862e+07
1.25264e+07
1.22021e+07
1.18885e+07
1.15857e+07
1.12945e+07
1.10159e+07
1.07523e+07
1.0504e+07
1.02732e+07
1.00538e+07
9.8403e+06
9.60982e+06
9.33322e+06
8.98774e+06
8.17104e+06
7.66904e+06
7.03724e+06
6.4989e+06
6.01614e+06
5.64692e+06
5.40709e+06
5.28143e+06
1.56689e+07
1.52193e+07
1.47881e+07
1.4375e+07
1.39792e+07
1.35998e+07
1.32354e+07
1.2885e+07
1.25474e+07
1.22219e+07
1.19082e+07
1.16066e+07
1.13181e+07
1.10446e+07
1.07886e+07
1.05533e+07
1.03428e+07
1.01567e+07
9.99267e+06
9.82415e+06
9.61041e+06
8.92759e+06
8.27772e+06
7.70701e+06
7.14493e+06
6.63869e+06
6.20186e+06
5.86084e+06
5.63027e+06
5.51276e+06
1.56887e+07
1.52387e+07
1.48067e+07
1.43925e+07
1.39954e+07
1.36144e+07
1.32485e+07
1.28968e+07
1.25581e+07
1.22321e+07
1.19182e+07
1.16174e+07
1.13301e+07
1.10592e+07
1.08069e+07
1.05782e+07
1.03776e+07
1.02128e+07
1.00904e+07
1.00106e+07
9.47216e+06
8.90167e+06
8.30525e+06
7.73635e+06
7.19679e+06
6.70908e+06
6.29175e+06
5.96433e+06
5.74039e+06
5.62657e+06
)
;

boundaryField
{
    inlet1
    {
        type            fixedGradient;
        gradient        uniform 20000;
    }
    inlet2
    {
        type            zeroGradient;
    }
    inlet3
    {
        type            fixedGradient;
        gradient        uniform 4.68141e+06;
    }
    output1
    {
        type            zeroGradient;
    }
    output2
    {
        type            fixedValue;
        value           uniform 0;
    }
    output3
    {
        type            zeroGradient;
    }
    up
    {
        type            zeroGradient;
    }
    down
    {
        type            zeroGradient;
    }
    emptyWalls
    {
        type            empty;
    }
}


// ************************************************************************* //
