/*--------------------------------*- C++ -*----------------------------------*\
  =========                 |
  \\      /  F ield         | OpenFOAM: The Open Source CFD Toolbox
   \\    /   O peration     | Website:  https://openfoam.org
    \\  /    A nd           | Version:  9
     \\/     M anipulation  |
\*---------------------------------------------------------------------------*/
FoamFile
{
    format      ascii;
    class       surfaceScalarField;
    location    "22000";
    object      phi;
}
// * * * * * * * * * * * * * * * * * * * * * * * * * * * * * * * * * * * * * //

dimensions      [0 3 -1 0 0 0 0];

internalField   nonuniform List<scalar> 
1740
(
3.23988e-08
7.71634e-08
1.79588e-08
1.82349e-08
3.29899e-09
5.01879e-09
1.22525e-09
2.38307e-09
1.21575e-09
3.99691e-11
1.53793e-09
8.3692e-11
1.47508e-09
5.60439e-11
1.43782e-09
3.41447e-11
1.41661e-09
1.87228e-11
1.40647e-09
8.30669e-12
1.40366e-09
1.46557e-12
1.40539e-09
-2.78361e-12
1.4095e-09
-5.011e-12
1.4141e-09
-5.47683e-12
1.4174e-09
-4.22314e-12
1.41755e-09
-1.14948e-12
1.41253e-09
3.92111e-12
1.40017e-09
1.11827e-11
1.37815e-09
2.07966e-11
1.34406e-09
3.28587e-11
1.29548e-09
4.73843e-11
1.23008e-09
6.43002e-11
1.14575e-09
8.34222e-11
1.04073e-09
1.04403e-10
9.13937e-10
1.26654e-10
7.65219e-10
1.49244e-10
5.95763e-10
1.70831e-10
4.08402e-10
1.89673e-10
2.07754e-10
2.03803e-10
2.11418e-10
1.66421e-08
1.50507e-07
2.13993e-09
3.38123e-08
2.52413e-09
7.36668e-09
2.04696e-09
2.48793e-09
1.16544e-09
3.06364e-10
1.55897e-09
1.73289e-10
1.45304e-09
1.06339e-10
1.42177e-09
6.18118e-11
1.40553e-09
3.24394e-11
1.39914e-09
1.30378e-11
1.39912e-09
3.39497e-13
1.40303e-09
-7.58813e-12
1.409e-09
-1.17826e-11
1.41539e-09
-1.26727e-11
1.42056e-09
-1.02674e-11
1.42271e-09
-4.2989e-12
1.41987e-09
5.64704e-12
1.40983e-09
2.00086e-11
1.39022e-09
3.91409e-11
1.35855e-09
6.32496e-11
1.3123e-09
9.23744e-11
1.24902e-09
1.26391e-10
1.16642e-09
1.6498e-10
1.06251e-09
2.07532e-10
9.3586e-10
2.52963e-10
7.85957e-10
2.99486e-10
6.13667e-10
3.44404e-10
4.21689e-10
3.84056e-10
2.1486e-10
4.14115e-10
4.30458e-10
2.11274e-08
2.36384e-07
5.32231e-09
4.27266e-08
1.04438e-09
1.28575e-08
1.29563e-09
2.63107e-10
1.23905e-09
4.78578e-10
1.46507e-09
2.34835e-10
1.41025e-09
1.34212e-10
1.39071e-09
7.43224e-11
1.38459e-09
3.61842e-11
1.38545e-09
1.10659e-11
1.39064e-09
-5.5561e-12
1.39859e-09
-1.61239e-11
1.40809e-09
-2.18576e-11
1.41792e-09
-2.31646e-11
1.42672e-09
-1.98767e-11
1.43286e-09
-1.14286e-11
1.4344e-09
2.95524e-12
1.42907e-09
2.40634e-11
1.41435e-09
5.25093e-11
1.38761e-09
8.86251e-11
1.34615e-09
1.32473e-10
1.28729e-09
1.83908e-10
1.2084e-09
2.42577e-10
1.10702e-09
3.07782e-10
9.81032e-10
3.78177e-10
8.29087e-10
4.51333e-10
6.5126e-10
5.23249e-10
4.49831e-10
5.88028e-10
2.30007e-10
6.38144e-10
6.65845e-10
2.30707e-08
3.03083e-07
4.75456e-09
6.29729e-08
1.68951e-09
2.06298e-08
7.92577e-10
7.28789e-11
1.17671e-09
3.45388e-10
1.30126e-09
2.07054e-10
1.33249e-09
1.2135e-10
1.34621e-09
6.50799e-11
1.35667e-09
2.6909e-11
1.36743e-09
5.99417e-13
1.37939e-09
-1.75039e-11
1.39262e-09
-2.94921e-11
1.40684e-09
-3.63591e-11
1.42146e-09
-3.82536e-11
1.43553e-09
-3.46476e-11
1.44762e-09
-2.44955e-11
1.4558e-09
-6.46017e-12
1.45768e-09
2.07825e-11
1.4505e-09
5.82105e-11
1.43138e-09
1.06271e-10
1.39739e-09
1.64988e-10
1.34557e-09
2.34195e-10
1.27289e-09
3.13643e-10
1.17615e-09
4.02845e-10
1.05216e-09
5.00636e-10
8.981e-10
6.04425e-10
7.12451e-10
7.09235e-10
4.96373e-10
8.06662e-10
2.55351e-10
8.84593e-10
9.28931e-10
2.84243e-08
3.68172e-07
1.05605e-08
7.99174e-08
2.02331e-09
3.01273e-08
7.61871e-10
6.22648e-11
1.16214e-09
1.62849e-10
1.21749e-09
1.26934e-10
1.27226e-09
7.90551e-11
1.30498e-09
3.77381e-11
1.32845e-09
5.77387e-12
1.34823e-09
-1.80711e-11
1.36687e-09
-3.55655e-11
1.38566e-09
-4.79808e-11
1.40519e-09
-5.58334e-11
1.42556e-09
-5.88453e-11
1.44631e-09
-5.59645e-11
1.46628e-09
-4.54452e-11
1.48351e-09
-2.50818e-11
1.49534e-09
7.31789e-12
1.4986e-09
5.32805e-11
1.49002e-09
1.13262e-10
1.46645e-09
1.87015e-10
1.42472e-09
2.74245e-10
1.36141e-09
3.74959e-10
1.27253e-09
4.89326e-10
1.15336e-09
6.17098e-10
9.9871e-10
7.56508e-10
8.04066e-10
9.02596e-10
5.6786e-10
1.04479e-09
2.95034e-10
1.16464e-09
1.23635e-09
2.63381e-08
4.37054e-07
6.58915e-09
1.03484e-07
2.22243e-09
3.92317e-08
8.00943e-10
7.352e-11
1.15471e-09
6.96742e-11
1.1828e-09
5.87928e-11
1.23407e-09
3.0198e-11
1.27301e-09
1.04507e-12
1.30392e-09
-2.34787e-11
1.33015e-09
-4.30906e-11
1.35421e-09
-5.87056e-11
1.37794e-09
-7.10329e-11
1.40269e-09
-8.01486e-11
1.42929e-09
-8.53296e-11
1.45788e-09
-8.49194e-11
1.48767e-09
-7.62378e-11
1.51664e-09
-5.57386e-11
1.54156e-09
-1.97091e-11
1.55852e-09
3.43328e-11
1.56366e-09
1.06484e-10
1.55366e-09
1.95569e-10
1.52544e-09
3.00817e-10
1.47552e-09
4.22622e-10
1.39922e-09
5.62405e-10
1.29002e-09
7.21918e-10
1.13931e-09
9.01929e-10
9.3724e-10
1.09985e-09
6.75971e-10
1.30527e-09
3.5693e-10
1.49284e-09
1.61548e-09
2.23666e-08
5.17217e-07
6.38173e-09
1.19082e-07
1.55752e-09
4.11601e-08
8.236e-10
7.98413e-11
1.13896e-09
3.03234e-11
1.16296e-09
8.36687e-12
1.2082e-09
-1.80997e-11
1.24909e-09
-4.02755e-11
1.28405e-09
-5.76415e-11
1.31426e-09
-7.21074e-11
1.34187e-09
-8.51333e-11
1.3692e-09
-9.72968e-11
1.39834e-09
-1.08399e-10
1.43101e-09
-1.17403e-10
1.46825e-09
-1.22145e-10
1.50987e-09
-1.18848e-10
1.5538e-09
-1.01925e-10
1.59576e-09
-6.47472e-11
1.63026e-09
-2.72221e-12
1.65245e-09
8.27763e-11
1.6591e-09
1.87964e-10
1.64787e-09
3.10835e-10
1.616e-09
4.52306e-10
1.55879e-09
6.15761e-10
1.46818e-09
8.06236e-10
1.33128e-09
1.02945e-09
1.12961e-09
1.2896e-09
8.41869e-10
1.58359e-09
4.56725e-10
1.88596e-09
2.11726e-09
2.16266e-08
6.00325e-07
2.24317e-09
1.39293e-07
9.28668e-10
4.51582e-08
8.1426e-10
8.81232e-11
1.10638e-09
7.84953e-12
1.14011e-09
-3.75478e-11
1.1867e-09
-7.06867e-11
1.23109e-09
-8.64048e-11
1.26895e-09
-9.47037e-11
1.30095e-09
-1.02566e-10
1.32982e-09
-1.12425e-10
1.35865e-09
-1.24621e-10
1.39047e-09
-1.38749e-10
1.42816e-09
-1.53738e-10
1.47422e-09
-1.67411e-10
1.52978e-09
-1.75083e-10
1.59295e-09
-1.68364e-10
1.65741e-09
-1.3463e-10
1.71429e-09
-6.32483e-11
1.7568e-09
3.93806e-11
1.7824e-09
1.62673e-10
1.79093e-09
3.02255e-10
1.78182e-09
4.60009e-10
1.75178e-09
6.4209e-10
1.69264e-09
8.57833e-10
1.58801e-09
1.12002e-09
1.40803e-09
1.4455e-09
1.10517e-09
1.85357e-09
6.28106e-10
2.35012e-09
2.85035e-09
6.15925e-09
6.96724e-07
-7.587e-09
1.45109e-07
-1.04936e-09
2.76044e-08
7.7802e-10
1.11181e-10
1.06041e-09
-2.93735e-11
1.10858e-09
-9.57195e-11
1.16739e-09
-1.40694e-10
1.21964e-09
-1.39953e-10
1.2597e-09
-1.32204e-10
1.29078e-09
-1.31028e-10
1.31781e-09
-1.37378e-10
1.34512e-09
-1.50014e-10
1.37671e-09
-1.68237e-10
1.41694e-09
-1.91392e-10
1.47068e-09
-2.18677e-10
1.54208e-09
-2.45709e-10
1.6308e-09
-2.61816e-10
1.72664e-09
-2.42159e-10
1.81269e-09
-1.55022e-10
1.87806e-09
-2.46788e-11
1.92276e-09
1.21095e-10
1.95165e-09
2.75499e-10
1.96856e-09
4.43394e-10
1.97385e-09
6.34742e-10
1.9626e-09
8.62998e-10
1.92009e-09
1.14729e-09
1.80932e-09
1.51881e-09
1.54269e-09
2.03505e-09
9.50528e-10
2.81063e-09
4.08366e-09
1.64e-08
7.80175e-07
-6.4652e-09
1.62149e-07
4.96629e-10
1.2837e-08
7.05196e-10
1.22303e-10
9.79203e-10
-7.29478e-11
1.0671e-09
-1.75387e-10
1.15464e-09
-2.56417e-10
1.22037e-09
-2.00511e-10
1.25942e-09
-1.63133e-10
1.28466e-09
-1.51966e-10
1.30551e-09
-1.56046e-10
1.3273e-09
-1.69823e-10
1.35432e-09
-1.92793e-10
1.39222e-09
-2.24917e-10
1.44948e-09
-2.70194e-10
1.53707e-09
-3.27257e-10
1.66152e-09
-3.91031e-10
1.80565e-09
-4.17169e-10
1.93178e-09
-2.90004e-10
2.01999e-09
-1.04167e-10
2.07894e-09
7.08877e-11
2.12433e-09
2.35252e-10
2.16692e-09
4.03327e-10
2.21247e-09
5.90491e-10
2.26382e-09
8.12127e-10
2.32041e-09
1.08732e-09
2.36648e-09
1.44742e-09
2.30576e-09
1.9572e-09
1.63131e-09
2.77367e-09
4.33334e-09
1.51197e-08
7.61385e-07
1.5002e-08
1.60852e-07
5.16678e-09
1.78317e-08
5.14862e-10
5.0512e-09
8.69057e-10
-3.07663e-11
1.02604e-09
-1.69062e-10
1.1637e-09
-2.81217e-10
1.24778e-09
-2.43053e-10
1.27297e-09
-1.67948e-10
1.28291e-09
-1.58145e-10
1.29228e-09
-1.65678e-10
1.30424e-09
-1.81002e-10
1.32105e-09
-2.08525e-10
1.34813e-09
-2.45305e-10
1.39796e-09
-3.09923e-10
1.4952e-09
-4.02094e-10
1.67257e-09
-5.57884e-10
1.90267e-09
-7.45481e-10
2.0888e-09
-4.83662e-10
2.19117e-09
-1.72871e-10
2.24869e-09
3.13697e-11
2.2998e-09
1.91298e-10
2.36231e-09
3.44165e-10
2.4453e-09
5.11778e-10
2.55979e-09
7.07695e-10
2.73126e-09
9.42443e-10
3.03045e-09
1.22636e-09
3.68254e-09
1.57265e-09
5.52564e-09
1.99354e-09
2.46802e-09
9.70371e-08
6.62776e-07
5.28975e-08
1.88375e-07
2.06118e-08
8.3759e-08
1.29434e-08
3.37217e-08
3.06248e-09
1.22343e-08
9.39632e-10
5.9031e-09
1.22648e-09
1.97481e-09
1.33406e-09
-1.46999e-10
1.30178e-09
-1.14265e-10
1.28175e-09
-1.14881e-10
1.27644e-09
-1.25028e-10
1.27634e-09
-1.37415e-10
1.27749e-09
-1.60607e-10
1.28129e-09
-1.88179e-10
1.29903e-09
-2.45895e-10
1.37321e-09
-3.31519e-10
1.63087e-09
-5.1288e-10
2.04365e-09
-8.08027e-10
2.32957e-09
-7.4445e-10
2.40719e-09
-1.33819e-10
2.42487e-09
3.84087e-11
2.46385e-09
1.5802e-10
2.53721e-09
2.76433e-10
2.64665e-09
4.15302e-10
2.79875e-09
5.81517e-10
3.01441e-09
7.72961e-10
3.3415e-09
9.73644e-10
3.86831e-09
1.14376e-09
4.66666e-09
1.17886e-09
8.05623e-10
3.79031e-07
2.82999e-07
3.97794e-07
1.79379e-07
3.04223e-07
1.53858e-07
1.75551e-07
1.30293e-07
1.2065e-07
8.52198e-08
8.48351e-08
5.63991e-08
2.59768e-08
4.92511e-08
1.31769e-09
2.66696e-08
1.29747e-09
3.05643e-09
1.22894e-09
-4.21395e-10
1.22071e-09
-1.48208e-09
1.22529e-09
-1.59185e-09
1.22428e-09
-1.26135e-09
1.20051e-09
-5.66529e-10
1.14366e-09
2.49851e-09
1.06772e-09
6.59782e-09
1.43405e-09
3.06167e-08
2.3115e-09
2.4218e-08
2.77865e-09
-4.03238e-10
2.68317e-09
-1.50765e-11
2.57973e-09
5.17134e-11
2.59354e-09
1.01493e-10
2.67602e-09
1.61886e-10
2.80532e-09
2.42894e-10
2.97417e-09
3.43703e-10
3.18613e-09
4.58607e-10
3.45282e-09
5.68602e-10
3.78254e-09
6.39647e-10
4.13492e-09
5.94997e-10
3.09388e-10
3.38424e-07
-5.97035e-08
5.27194e-07
1.81931e-09
6.15384e-07
7.18988e-08
6.17198e-07
1.27991e-07
5.65306e-07
1.2069e-07
5.17491e-07
9.81655e-08
4.56471e-07
9.333e-08
4.2934e-07
5.55372e-08
4.27318e-07
1.16652e-08
4.32236e-07
-1.95033e-09
4.35397e-07
-6.42958e-09
4.45002e-07
-7.11007e-09
4.43883e-07
-5.31888e-09
4.51995e-07
-1.09113e-09
4.28703e-07
1.40233e-08
4.09438e-07
3.56823e-08
3.07742e-07
1.05744e-07
9.08968e-08
1.25734e-07
2.67787e-09
7.81033e-08
2.54056e-09
5.62779e-09
2.12909e-09
-1.83498e-09
2.07959e-09
-4.37704e-09
2.09372e-09
-5.67966e-09
2.13257e-09
-6.91652e-09
2.19579e-09
-8.36647e-09
2.29631e-09
-9.74821e-09
2.46332e-09
-1.04857e-08
2.75234e-09
-9.60769e-09
3.20467e-09
-6.92225e-09
-2.58883e-09
8.29015e-08
-1.41518e-07
1.79421e-07
-9.92734e-08
2.9194e-07
-4.03697e-08
4.18167e-07
1.22591e-08
4.92209e-07
5.13421e-08
5.35806e-07
6.24576e-08
5.70836e-07
6.30844e-08
5.9047e-07
4.02842e-08
5.93352e-07
1.15147e-08
6.02397e-07
-5.50266e-09
6.04157e-07
-1.19008e-08
6.14663e-07
-1.33321e-08
6.13624e-07
-9.49632e-09
6.17858e-07
-6.43002e-10
6.04662e-07
2.4371e-08
5.78377e-07
6.13542e-08
5.58313e-07
1.34868e-07
4.73226e-07
1.84012e-07
4.34846e-07
1.40999e-07
4.46668e-07
1.87446e-08
4.59469e-07
-1.17887e-08
4.81233e-07
-2.45633e-08
5.10209e-07
-3.22096e-08
5.46745e-07
-3.97779e-08
5.91104e-07
-4.85524e-08
6.43361e-07
-5.73858e-08
6.98728e-07
-6.33055e-08
7.51237e-07
-6.03707e-08
7.87665e-07
-4.51711e-08
-1.70906e-08
5.76693e-08
-2.0798e-07
1.11427e-07
-1.53894e-07
1.73635e-07
-1.04839e-07
2.49439e-07
-5.91885e-08
3.2473e-07
-2.1595e-08
3.88645e-07
3.09115e-09
4.43074e-07
1.14956e-08
4.78081e-07
7.05584e-09
4.94626e-07
-3.40164e-09
5.04716e-07
-1.32715e-08
5.10551e-07
-1.80714e-08
5.17715e-07
-1.90288e-08
5.20405e-07
-1.36673e-08
5.2428e-07
-2.05935e-09
5.2749e-07
2.19896e-08
5.39953e-07
5.55155e-08
5.92686e-07
9.56849e-08
6.54643e-07
1.24208e-07
6.90272e-07
9.1162e-08
7.09857e-07
1.36305e-08
7.35445e-07
-3.24566e-08
7.69023e-07
-5.83138e-08
8.12956e-07
-7.69938e-08
8.6982e-07
-9.61329e-08
9.39672e-07
-1.17583e-07
1.0252e-06
-1.40741e-07
1.11981e-06
-1.59087e-07
1.21867e-06
-1.60535e-07
1.29427e-06
-1.28836e-07
-5.24034e-08
6.59219e-08
-2.78679e-07
1.289e-07
-2.21334e-07
1.90485e-07
-1.67345e-07
2.50622e-07
-1.18718e-07
3.07975e-07
-7.8118e-08
3.60232e-07
-4.85744e-08
4.04152e-07
-3.20104e-08
4.3731e-07
-2.53992e-08
4.60506e-07
-2.53241e-08
4.7738e-07
-2.82657e-08
4.91095e-07
-3.0243e-08
5.02575e-07
-2.92124e-08
5.13064e-07
-2.28374e-08
5.22908e-07
-1.05375e-08
5.3973e-07
8.3798e-09
5.6926e-07
2.9926e-08
6.24358e-07
4.584e-08
7.02342e-07
4.78401e-08
7.648e-07
2.29979e-08
8.04877e-07
-2.3724e-08
8.43959e-07
-6.81225e-08
8.91019e-07
-1.03716e-07
9.50471e-07
-1.34663e-07
1.02338e-06
-1.66786e-07
1.11022e-06
-2.00516e-07
1.21358e-06
-2.39183e-07
1.33073e-06
-2.72404e-07
1.46495e-06
-2.93185e-07
1.58674e-06
-2.59982e-07
-1.29232e-07
8.26759e-08
-3.68844e-07
1.56864e-07
-2.93252e-07
2.27821e-07
-2.34279e-07
2.94161e-07
-1.82103e-07
3.54685e-07
-1.36869e-07
4.08063e-07
-1.01055e-07
4.52844e-07
-7.60659e-08
4.89288e-07
-6.07907e-08
5.1832e-07
-5.30637e-08
5.41559e-07
-4.98957e-08
5.60818e-07
-4.80392e-08
5.7759e-07
-4.46169e-08
5.94187e-07
-3.81017e-08
6.13299e-07
-2.81528e-08
6.40383e-07
-1.69289e-08
6.79595e-07
-8.30454e-09
7.33623e-07
-8.33952e-09
7.99948e-07
-2.02553e-08
8.65014e-07
-4.50763e-08
9.22465e-07
-8.13968e-08
9.80505e-07
-1.23949e-07
1.04383e-06
-1.65076e-07
1.1171e-06
-2.05203e-07
1.1955e-06
-2.44068e-07
1.28271e-06
-2.83553e-07
1.37302e-06
-3.27201e-07
1.47702e-06
-3.6783e-07
1.60173e-06
-4.14203e-07
1.74959e-06
-4.1061e-07
-2.93012e-07
1.21963e-07
-4.89786e-07
2.3037e-07
-3.89742e-07
3.2348e-07
-3.19697e-07
3.99697e-07
-2.55177e-07
4.61965e-07
-1.98003e-07
5.13384e-07
-1.52022e-07
5.55573e-07
-1.17949e-07
5.89969e-07
-9.46943e-08
6.17471e-07
-7.99957e-08
6.39486e-07
-7.11183e-08
6.57525e-07
-6.53558e-08
6.74281e-07
-6.04509e-08
6.92538e-07
-5.55443e-08
7.16503e-07
-5.09172e-08
7.49261e-07
-4.88339e-08
7.93666e-07
-5.17822e-08
8.47776e-07
-6.28618e-08
9.09115e-07
-8.21919e-08
9.72405e-07
-1.09939e-07
1.03519e-06
-1.44066e-07
1.09666e-06
-1.85085e-07
1.15781e-06
-2.24649e-07
1.21928e-06
-2.66072e-07
1.27523e-06
-2.99601e-07
1.33081e-06
-3.37558e-07
1.37322e-06
-3.69661e-07
1.42848e-06
-4.12776e-07
1.49161e-06
-4.66571e-07
1.6296e-06
-5.14442e-07
-6.0217e-07
2.34891e-07
-6.84144e-07
4.06472e-07
-5.42289e-07
5.04634e-07
-4.14956e-07
5.62076e-07
-3.13242e-07
5.99549e-07
-2.36518e-07
6.27092e-07
-1.80537e-07
6.48745e-07
-1.40361e-07
6.66074e-07
-1.12555e-07
6.79572e-07
-9.38124e-08
6.9021e-07
-8.18164e-08
6.99274e-07
-7.43144e-08
7.09374e-07
-7.01439e-08
7.22916e-07
-6.8673e-08
7.43215e-07
-7.05625e-08
7.71435e-07
-7.68746e-08
8.08858e-07
-8.89837e-08
8.52817e-07
-1.0761e-07
9.03034e-07
-1.32497e-07
9.55547e-07
-1.63304e-07
1.01078e-06
-1.98219e-07
1.06211e-06
-2.36791e-07
1.11279e-06
-2.72654e-07
1.15417e-06
-3.08366e-07
1.19035e-06
-3.32e-07
1.21419e-06
-3.62496e-07
1.22667e-06
-3.77251e-07
1.2449e-06
-4.27496e-07
1.24987e-06
-4.66368e-07
1.55366e-06
-6.93509e-07
-1.25059e-06
8.48825e-07
-6.56885e-07
7.75532e-07
-5.13725e-07
7.19481e-07
-3.80081e-07
6.79628e-07
-2.83463e-07
6.54744e-07
-2.1652e-07
6.41138e-07
-1.69431e-07
6.35019e-07
-1.35462e-07
6.33104e-07
-1.11251e-07
6.33496e-07
-9.42721e-08
6.3535e-07
-8.34454e-08
6.39141e-07
-7.74562e-08
6.46056e-07
-7.62374e-08
6.57826e-07
-7.93599e-08
6.76057e-07
-8.77503e-08
7.01726e-07
-1.01448e-07
7.35151e-07
-1.21462e-07
7.75695e-07
-1.47058e-07
8.22641e-07
-1.78275e-07
8.73941e-07
-2.13193e-07
9.27942e-07
-2.50746e-07
9.79057e-07
-2.86831e-07
1.02791e-06
-3.19633e-07
1.06143e-06
-3.42604e-07
1.08865e-06
-3.55631e-07
1.08474e-06
-3.63296e-07
1.08909e-06
-3.69952e-07
1.04392e-06
-4.00899e-07
1.04751e-06
-4.4826e-07
8.54812e-07
-6.47508e-07
-9.47711e-07
7.2309e-07
-4.56002e-07
6.06499e-07
-3.83019e-07
5.52494e-07
-3.16644e-07
5.35629e-07
-2.59142e-07
5.36341e-07
-2.11581e-07
5.44201e-07
-1.73331e-07
5.5476e-07
-1.43219e-07
5.65799e-07
-1.20295e-07
5.76973e-07
-1.03727e-07
5.88233e-07
-9.32467e-08
6.00723e-07
-8.83762e-08
6.1539e-07
-8.94395e-08
6.33854e-07
-9.62121e-08
6.5709e-07
-1.09537e-07
6.85852e-07
-1.28793e-07
7.20233e-07
-1.54725e-07
7.59522e-07
-1.85482e-07
8.02437e-07
-2.20909e-07
8.47645e-07
-2.58302e-07
8.91106e-07
-2.95192e-07
9.32053e-07
-3.27919e-07
9.6192e-07
-3.51747e-07
9.77034e-07
-3.57872e-07
9.66543e-07
-3.49777e-07
9.36437e-07
-3.31709e-07
8.75135e-07
-3.17953e-07
7.89667e-07
-3.16672e-07
6.56133e-07
-3.49154e-07
3.23815e-07
-3.44862e-07
-2.28238e-07
8.22533e-07
-3.61871e-07
7.73385e-07
-3.3887e-07
7.46081e-07
-2.99586e-07
7.30404e-07
-2.53233e-07
7.20506e-07
-2.09403e-07
7.13309e-07
-1.71924e-07
7.07847e-07
-1.42148e-07
7.03437e-07
-1.19286e-07
7.00251e-07
-1.03192e-07
6.97904e-07
-9.30966e-08
6.96961e-07
-8.92299e-08
6.97214e-07
-9.13848e-08
6.99539e-07
-1.00097e-07
7.0391e-07
-1.1556e-07
7.11183e-07
-1.37782e-07
7.21969e-07
-1.67151e-07
7.3637e-07
-2.01675e-07
7.56159e-07
-2.41717e-07
7.78857e-07
-2.82245e-07
8.0384e-07
-3.20034e-07
8.25541e-07
-3.49589e-07
8.33752e-07
-3.59254e-07
8.16917e-07
-3.42512e-07
7.79162e-07
-3.11552e-07
7.1553e-07
-2.72896e-07
6.24445e-07
-2.2729e-07
5.11951e-07
-2.07349e-07
3.52531e-07
-2.02471e-07
1.73373e-07
-1.72681e-07
-1.45737e-07
8.37321e-07
-2.8451e-07
7.68583e-07
-2.68368e-07
7.11128e-07
-2.41144e-07
6.67328e-07
-2.08433e-07
6.3555e-07
-1.76425e-07
6.1315e-07
-1.47777e-07
5.97316e-07
-1.24588e-07
5.86258e-07
-1.06252e-07
5.78537e-07
-9.37661e-08
5.73388e-07
-8.59902e-08
5.70418e-07
-8.44658e-08
5.69364e-07
-8.80965e-08
5.70994e-07
-9.93647e-08
5.75259e-07
-1.16833e-07
5.84538e-07
-1.43624e-07
5.98445e-07
-1.77073e-07
6.19453e-07
-2.18438e-07
6.46152e-07
-2.64118e-07
6.74673e-07
-3.07618e-07
7.02349e-07
-3.44687e-07
7.16882e-07
-3.6306e-07
6.98009e-07
-3.41981e-07
6.51693e-07
-2.96502e-07
5.90443e-07
-2.53553e-07
5.09807e-07
-1.98467e-07
4.18614e-07
-1.44118e-07
3.15132e-07
-9.55625e-08
2.04583e-07
-8.73749e-08
9.23797e-08
-5.55227e-08
-1.58263e-08
8.51088e-07
-2.21069e-07
7.96057e-07
-2.1182e-07
7.51365e-07
-1.9638e-07
7.18041e-07
-1.76166e-07
6.93935e-07
-1.54212e-07
6.77174e-07
-1.32727e-07
6.64919e-07
-1.14237e-07
6.56397e-07
-9.89709e-08
6.49595e-07
-8.85669e-08
6.44857e-07
-8.20754e-08
6.40526e-07
-8.16465e-08
6.37466e-07
-8.56743e-08
6.34464e-07
-9.79904e-08
6.32352e-07
-1.15449e-07
6.31575e-07
-1.44757e-07
6.31208e-07
-1.78051e-07
6.34868e-07
-2.24599e-07
6.37675e-07
-2.69411e-07
6.41476e-07
-3.15191e-07
6.4339e-07
-3.48892e-07
6.15958e-07
-3.44653e-07
5.46598e-07
-2.7921e-07
4.69578e-07
-2.1809e-07
3.89515e-07
-1.80722e-07
2.99307e-07
-9.58589e-08
2.32199e-07
-5.41037e-08
1.57877e-07
-2.10374e-08
5.41195e-08
-1.71019e-08
1.63899e-09
-1.41038e-09
-2.03903e-09
8.61051e-07
-1.6794e-07
8.12716e-07
-1.62431e-07
7.69508e-07
-1.52748e-07
7.32778e-07
-1.39455e-07
7.02198e-07
-1.24117e-07
6.77608e-07
-1.08474e-07
6.57168e-07
-9.43831e-08
6.40794e-07
-8.26075e-08
6.26097e-07
-7.43872e-08
6.13864e-07
-6.94494e-08
6.01008e-07
-6.93559e-08
5.89362e-07
-7.31229e-08
5.75009e-07
-8.41219e-08
5.61204e-07
-9.9697e-08
5.44782e-07
-1.27886e-07
5.30079e-07
-1.59211e-07
5.20035e-07
-2.11311e-07
5.11038e-07
-2.54046e-07
5.13986e-07
-3.11529e-07
5.04595e-07
-3.34759e-07
4.45692e-07
-2.94044e-07
3.57104e-07
-1.96155e-07
2.74104e-07
-1.13724e-07
1.77282e-07
-7.17932e-08
6.25316e-08
-1.66459e-08
2.95568e-09
-7.95714e-10
2.01211e-09
-1.28429e-09
9.74902e-10
-1.44143e-09
5.89761e-10
-1.56221e-09
-2.11928e-09
8.67329e-07
-1.21321e-07
8.2366e-07
-1.17973e-07
7.83287e-07
-1.11902e-07
7.47516e-07
-1.03514e-07
7.1666e-07
-9.34739e-08
6.90903e-07
-8.30162e-08
6.69041e-07
-7.31273e-08
6.50985e-07
-6.48718e-08
6.34619e-07
-5.8811e-08
6.20583e-07
-5.55323e-08
6.0569e-07
-5.55205e-08
5.91972e-07
-5.91774e-08
5.74403e-07
-6.80077e-08
5.57662e-07
-8.19785e-08
5.34511e-07
-1.064e-07
5.14739e-07
-1.36674e-07
4.91353e-07
-1.88998e-07
4.70475e-07
-2.29408e-07
4.57694e-07
-2.98919e-07
4.06396e-07
-2.90826e-07
3.00042e-07
-2.09498e-07
2.07161e-07
-7.95473e-08
9.3441e-08
-2.83447e-08
2.60663e-09
-1.69123e-10
2.62738e-09
-5.39629e-10
2.15364e-09
-6.8478e-10
1.6739e-09
-1.27733e-09
1.04306e-09
-1.44639e-09
5.32993e-10
-1.34546e-09
-1.47113e-09
8.71344e-07
-7.88486e-08
8.30875e-07
-7.69199e-08
7.92765e-07
-7.33414e-08
7.57833e-07
-6.84055e-08
7.26732e-07
-6.2348e-08
6.99466e-07
-5.59834e-08
6.75757e-07
-4.97196e-08
6.54994e-07
-4.45312e-08
6.36209e-07
-4.05016e-08
6.18808e-07
-3.85564e-08
6.01029e-07
-3.84261e-08
5.82901e-07
-4.13269e-08
5.60871e-07
-4.7039e-08
5.36803e-07
-5.76102e-08
5.03067e-07
-7.41186e-08
4.67914e-07
-9.89086e-08
4.17371e-07
-1.38932e-07
3.7673e-07
-1.78365e-07
3.30402e-07
-2.4881e-07
2.27936e-07
-1.98216e-07
8.56355e-08
-7.56072e-08
2.29942e-09
-1.53739e-10
2.49248e-09
-2.5143e-10
2.3415e-09
-4.85323e-12
2.22696e-09
-4.76025e-10
1.90361e-09
-5.54246e-10
1.48484e-09
-7.72982e-10
9.90431e-10
-8.88885e-10
4.99153e-10
-9.08414e-10
-9.48662e-10
8.73735e-07
-3.88474e-08
8.35243e-07
-3.79603e-08
7.98609e-07
-3.62983e-08
7.6437e-07
-3.40045e-08
7.33311e-07
-3.11622e-08
7.05285e-07
-2.81575e-08
6.80567e-07
-2.5142e-08
6.58192e-07
-2.2647e-08
6.38037e-07
-2.06514e-08
6.18562e-07
-1.97537e-08
5.99324e-07
-1.96516e-08
5.78495e-07
-2.12624e-08
5.54678e-07
-2.40144e-08
5.26249e-07
-2.97744e-08
4.88511e-07
-3.78007e-08
4.42732e-07
-5.23434e-08
3.75473e-07
-7.36757e-08
3.12669e-07
-1.06541e-07
2.16431e-07
-1.53087e-07
7.10326e-08
-7.38113e-08
2.10138e-09
2.47361e-11
2.59488e-09
1.1382e-10
2.39173e-09
-1.64368e-10
2.23699e-09
-9.82234e-11
2.04418e-09
-2.14847e-10
1.74897e-09
-2.8514e-10
1.37143e-09
-3.71468e-10
9.34666e-10
-4.27751e-10
4.73188e-10
-4.50651e-10
-4.66439e-10
8.74854e-07
8.37308e-07
8.01394e-07
7.67541e-07
7.36541e-07
7.08199e-07
6.82994e-07
6.59818e-07
6.38976e-07
6.18382e-07
5.98485e-07
5.7604e-07
5.51701e-07
5.2038e-07
4.82109e-07
4.28199e-07
3.53844e-07
2.47428e-07
8.97e-08
1.53662e-09
2.31293e-09
2.37026e-09
2.31085e-09
2.17055e-09
1.9638e-09
1.67667e-09
1.31724e-09
9.03613e-10
4.58932e-10
)
;

boundaryField
{
    inlet1
    {
        type            calculated;
        value           nonuniform List<scalar> 10(-1e-07 -1e-07 -1e-07 -1e-07 -1e-07 -1e-07 -1e-07 -1e-07 -1e-07 -1e-07);
    }
    inlet2
    {
        type            calculated;
        value           uniform 0;
    }
    inlet3
    {
        type            calculated;
        value           nonuniform List<scalar> 10(-9.13394e-07 -9.13394e-07 -9.13394e-07 -9.13394e-07 -9.13394e-07 -9.13394e-07 -9.13394e-07 -9.13394e-07 -9.13394e-07 -9.13394e-07);
    }
    output1
    {
        type            calculated;
        value           uniform 0;
    }
    output2
    {
        type            calculated;
        value           nonuniform List<scalar> 10(9.02671e-09 5.67193e-09 4.45388e-09 3.4998e-09 8.04303e-07 1.32936e-06 1.65749e-06 1.89289e-06 1.92642e-06 2.50084e-06);
    }
    output3
    {
        type            calculated;
        value           uniform -0;
    }
    up
    {
        type            calculated;
        value           uniform 0;
    }
    down
    {
        type            calculated;
        value           uniform 0;
    }
    emptyWalls
    {
        type            empty;
        value           nonuniform List<scalar> 0();
    }
}


// ************************************************************************* //
