/*--------------------------------*- C++ -*----------------------------------*\
  =========                 |
  \\      /  F ield         | OpenFOAM: The Open Source CFD Toolbox
   \\    /   O peration     | Website:  https://openfoam.org
    \\  /    A nd           | Version:  9
     \\/     M anipulation  |
\*---------------------------------------------------------------------------*/
FoamFile
{
    format      ascii;
    class       volScalarField;
    location    "26500";
    object      alpha;
}
// * * * * * * * * * * * * * * * * * * * * * * * * * * * * * * * * * * * * * //

dimensions      [0 2 -1 0 0 0 0];

internalField   nonuniform List<scalar> 
900
(
-8.88519e-11
-6.62075e-12
-9.33305e-11
-4.01198e-12
-3.90071e-14
-4.0652e-14
-4.0652e-14
-4.0652e-14
-4.0652e-14
-4.0652e-14
-4.0652e-14
-4.0652e-14
-4.0652e-14
-4.0652e-14
-4.0652e-14
-4.0652e-14
-4.0652e-14
-4.0652e-14
-4.0652e-14
-4.0652e-14
-4.0652e-14
-4.0652e-14
-4.0652e-14
-4.0652e-14
-4.0652e-14
-4.0652e-14
-4.0652e-14
-4.0652e-14
-4.0652e-14
-4.0652e-14
-2.56427e-10
-3.10417e-10
-2.92798e-11
-8.01319e-12
-2.82471e-14
-4.0652e-14
-4.0652e-14
-4.0652e-14
-4.0652e-14
-4.0652e-14
-4.0652e-14
-4.0652e-14
-4.0652e-14
-4.0652e-14
-4.0652e-14
-4.0652e-14
-4.0652e-14
-4.0652e-14
-4.0652e-14
-4.0652e-14
-4.0652e-14
-4.0652e-14
-4.0652e-14
-4.0652e-14
-4.0652e-14
-4.0652e-14
-4.0652e-14
-4.0652e-14
-4.0652e-14
-4.0652e-14
-1.80807e-10
-1.59181e-11
-8.7835e-12
-9.02484e-13
-4.03341e-14
-4.0652e-14
-4.0652e-14
-4.0652e-14
-4.0652e-14
-4.0652e-14
-4.0652e-14
-4.0652e-14
-4.0652e-14
-4.0652e-14
-4.0652e-14
-4.0652e-14
-4.0652e-14
-4.0652e-14
-4.0652e-14
-4.0652e-14
-4.0652e-14
-4.0652e-14
-4.0652e-14
-4.0652e-14
-4.0652e-14
-4.0652e-14
-4.0652e-14
-4.0652e-14
-4.0652e-14
-4.0652e-14
-2.93962e-10
-1.40501e-10
-1.13869e-11
-6.07641e-14
-4.06428e-14
-4.0652e-14
-4.0652e-14
-4.0652e-14
-4.0652e-14
-4.0652e-14
-4.0652e-14
-4.0652e-14
-4.0652e-14
-4.0652e-14
-4.0652e-14
-4.0652e-14
-4.0652e-14
-4.0652e-14
-4.0652e-14
-4.0652e-14
-4.0652e-14
-4.0652e-14
-4.0652e-14
-4.0652e-14
-4.0652e-14
-4.0652e-14
-4.0652e-14
-4.0652e-14
-4.0652e-14
-4.0652e-14
-2.30112e-10
-4.48672e-11
-9.44762e-12
-3.06387e-14
-4.06509e-14
-4.0652e-14
-4.0652e-14
-4.0652e-14
-4.0652e-14
-4.0652e-14
-4.0652e-14
-4.0652e-14
-4.0652e-14
-4.0652e-14
-4.0652e-14
-4.0652e-14
-4.0652e-14
-4.0652e-14
-4.0652e-14
-4.0652e-14
-4.0652e-14
-4.0652e-14
-4.0652e-14
-4.0652e-14
-4.0652e-14
-4.0652e-14
-4.0652e-14
-4.0652e-14
-4.0652e-14
-4.0652e-14
-2.81117e-10
-1.20202e-10
-1.19634e-11
-2.77536e-14
-4.0652e-14
-4.0652e-14
-4.0652e-14
-4.0652e-14
-4.0652e-14
-4.0652e-14
-4.0652e-14
-4.0652e-14
-4.0652e-14
-4.0652e-14
-4.0652e-14
-4.0652e-14
-4.0652e-14
-4.0652e-14
-4.0652e-14
-4.0652e-14
-4.0652e-14
-4.0652e-14
-4.0652e-14
-4.0652e-14
-4.0652e-14
-4.0652e-14
-4.0652e-14
-4.0652e-14
-4.0652e-14
-4.0652e-14
-2.42829e-10
-3.56129e-11
-1.30867e-11
-3.16276e-14
-4.0652e-14
-4.0652e-14
-4.0652e-14
-4.0652e-14
-4.0652e-14
-4.0652e-14
-4.0652e-14
-4.0652e-14
-4.0652e-14
-4.0652e-14
-4.0652e-14
-4.0652e-14
-4.0652e-14
-4.0652e-14
-4.0652e-14
-4.0652e-14
-4.0652e-14
-4.0652e-14
-4.0652e-14
-4.0652e-14
-4.0652e-14
-4.0652e-14
-4.0652e-14
-4.0652e-14
-4.0652e-14
-4.0652e-14
-3.05887e-10
-1.38421e-10
-1.40305e-11
-3.57012e-14
-4.0652e-14
-4.0652e-14
-4.0652e-14
-4.0652e-14
-4.0652e-14
-4.0652e-14
-4.0652e-14
-4.0652e-14
-4.0652e-14
-4.0652e-14
-4.0652e-14
-4.0652e-14
-4.0652e-14
-4.0652e-14
-4.0652e-14
-4.0652e-14
-4.0652e-14
-4.0652e-14
-4.0652e-14
-4.0652e-14
-4.0652e-14
-4.0652e-14
-4.0652e-14
-4.0652e-14
-4.0652e-14
-4.0652e-14
-3.2804e-10
-4.72778e-11
-2.47255e-11
-3.8748e-14
-4.0652e-14
-4.0652e-14
-4.0652e-14
-4.0652e-14
-4.0652e-14
-4.0652e-14
-4.0652e-14
-4.0652e-14
-4.0652e-14
-4.0652e-14
-4.0652e-14
-4.0652e-14
-4.0652e-14
-4.0652e-14
-4.0652e-14
-4.0652e-14
-4.0652e-14
-4.0652e-14
-4.0652e-14
-4.0652e-14
-4.0652e-14
-4.0652e-14
-4.0652e-14
-4.0652e-14
-4.0652e-14
-4.0652e-14
-4.86683e-10
-2.36741e-10
-1.65967e-11
-3.87763e-14
-4.0652e-14
-4.0652e-14
-4.0652e-14
-4.0652e-14
-4.0652e-14
-4.0652e-14
-4.0652e-14
-4.0652e-14
-4.0652e-14
-4.0652e-14
-4.0652e-14
-4.0652e-14
-4.0652e-14
-4.0652e-14
-4.0652e-14
-4.0652e-14
-4.0652e-14
-4.0652e-14
-4.0652e-14
-4.0652e-14
-4.0652e-14
-4.0652e-14
-4.0652e-14
-4.0652e-14
-4.0652e-14
-4.0652e-14
-6.49815e-10
-1.17352e-10
-3.70494e-11
-3.14727e-13
-4.06397e-14
-4.0652e-14
-4.0652e-14
-4.0652e-14
-4.0652e-14
-4.0652e-14
-4.0652e-14
-4.0652e-14
-4.0652e-14
-4.0652e-14
-4.0652e-14
-4.0652e-14
-4.0652e-14
-4.0652e-14
-4.0652e-14
-4.0652e-14
-4.0652e-14
-4.0652e-14
-4.0652e-14
-4.0652e-14
-4.0652e-14
-4.0652e-14
-4.0652e-14
-4.0652e-14
-4.0652e-14
-4.0652e-14
-9.04245e-10
-4.52909e-10
-7.07659e-11
-6.36129e-12
-2.24486e-12
-3.7544e-14
-4.06517e-14
-4.06518e-14
-4.06519e-14
-4.06519e-14
-4.0652e-14
-4.0652e-14
-4.0652e-14
-4.0652e-14
-4.0652e-14
-4.0652e-14
-4.0652e-14
-4.0652e-14
-4.0652e-14
-4.0652e-14
-4.0652e-14
-4.0652e-14
-4.0652e-14
-4.0652e-14
-4.0652e-14
-4.0652e-14
-4.0652e-14
-4.0652e-14
-4.0652e-14
-4.0652e-14
-6.24152e-10
-3.25339e-10
-1.8797e-10
-7.61162e-11
-3.76891e-11
-2.28566e-11
-1.83252e-11
-1.67134e-11
-1.33432e-11
-1.25713e-11
-2.65025e-14
-3.77074e-14
-3.73933e-14
-3.69015e-14
-3.67277e-14
-3.68696e-14
-3.71146e-14
-3.74281e-14
-3.78459e-14
-3.83034e-14
-3.87202e-14
-3.91409e-14
-3.95896e-14
-4.00711e-14
-4.05329e-14
-4.0652e-14
-4.0652e-14
-4.0652e-14
-4.0652e-14
-4.0652e-14
-2.41922e-10
-6.3904e-11
-6.82937e-11
-6.62192e-11
-4.56774e-11
-3.79441e-11
-2.99634e-11
-2.93158e-11
-2.25475e-11
-2.0328e-11
-1.03972e-11
-8.49627e-12
-8.30099e-12
-8.40327e-12
-8.6491e-12
-8.97459e-12
-9.30952e-12
-9.55625e-12
-9.78288e-12
-9.84255e-12
-1.00519e-11
-9.98005e-12
-1.03217e-11
-1.01842e-11
-1.06413e-11
-1.06816e-11
-1.03441e-11
-1.06816e-11
-6.0383e-14
-3.34735e-14
-2.97516e-11
-2.62406e-11
-2.35638e-11
-2.79939e-11
-2.69313e-11
-2.64175e-11
-2.3644e-11
-2.25354e-11
-2.01906e-11
-1.87853e-11
-1.76319e-11
-1.53332e-11
-1.45419e-11
-1.44829e-11
-1.47351e-11
-1.49773e-11
-1.53278e-11
-1.54109e-11
-1.56469e-11
-1.55151e-11
-1.56767e-11
-1.55281e-11
-1.55867e-11
-1.56896e-11
-1.52705e-11
-1.56786e-11
-1.32076e-11
-1.21622e-11
-7.02092e-12
-5.99438e-12
-2.51992e-11
-2.19407e-11
-1.93554e-11
-1.84173e-11
-1.8073e-11
-1.77588e-11
-1.70591e-11
-1.62991e-11
-1.60118e-11
-1.57562e-11
-1.65902e-11
-1.60854e-11
-1.55466e-11
-1.53471e-11
-1.53419e-11
-1.53953e-11
-1.54446e-11
-1.54556e-11
-1.54579e-11
-1.54209e-11
-1.54363e-11
-1.54004e-11
-1.54206e-11
-1.52916e-11
-1.49539e-11
-1.43091e-11
-1.32057e-11
-1.23022e-11
-1.22211e-11
-1.08492e-11
-1.84539e-11
-1.65866e-11
-1.6051e-11
-1.59637e-11
-1.60124e-11
-1.58884e-11
-1.5609e-11
-1.5193e-11
-1.50426e-11
-1.50313e-11
-1.5356e-11
-1.54021e-11
-1.5222e-11
-1.50835e-11
-1.50481e-11
-1.50976e-11
-1.51972e-11
-1.53805e-11
-1.55771e-11
-1.58749e-11
-1.61142e-11
-1.6422e-11
-1.65539e-11
-1.65352e-11
-1.62614e-11
-1.55161e-11
-1.51201e-11
-1.45214e-11
-1.55386e-11
-1.52694e-11
-1.73288e-11
-1.59236e-11
-1.5951e-11
-1.64181e-11
-1.69211e-11
-1.72311e-11
-1.73451e-11
-1.7321e-11
-1.72979e-11
-1.72973e-11
-1.73526e-11
-1.73862e-11
-1.7357e-11
-1.73165e-11
-1.73412e-11
-1.74873e-11
-1.77143e-11
-1.80915e-11
-1.84209e-11
-1.8909e-11
-1.90972e-11
-1.95028e-11
-1.92682e-11
-1.93837e-11
-1.86116e-11
-1.83882e-11
-1.7407e-11
-1.70583e-11
-1.67369e-11
-1.69588e-11
-1.56004e-11
-1.56471e-11
-1.70515e-11
-1.84733e-11
-1.95207e-11
-2.0131e-11
-2.04921e-11
-2.06554e-11
-2.07855e-11
-2.08381e-11
-2.09153e-11
-2.09165e-11
-2.09311e-11
-2.08375e-11
-2.08573e-11
-2.08461e-11
-2.10118e-11
-2.10894e-11
-2.12495e-11
-2.12387e-11
-2.11227e-11
-2.09401e-11
-2.03526e-11
-2.0207e-11
-1.91651e-11
-1.94997e-11
-1.78975e-11
-1.79614e-11
-1.47696e-11
-1.38058e-11
-1.5849e-11
-1.87612e-11
-2.15213e-11
-2.29851e-11
-2.35092e-11
-2.35722e-11
-2.35167e-11
-2.34018e-11
-2.33408e-11
-2.32283e-11
-2.31691e-11
-2.30007e-11
-2.28825e-11
-2.25946e-11
-2.24274e-11
-2.20625e-11
-2.19175e-11
-2.1439e-11
-2.12938e-11
-2.06004e-11
-2.0477e-11
-1.95836e-11
-1.95895e-11
-1.87282e-11
-1.88283e-11
-1.85126e-11
-1.80548e-11
-1.91135e-11
-1.38701e-11
-1.30695e-11
-2.26736e-11
-2.70801e-11
-2.69086e-11
-2.53475e-11
-2.39241e-11
-2.29177e-11
-2.22732e-11
-2.18649e-11
-2.16123e-11
-2.14216e-11
-2.12708e-11
-2.10994e-11
-2.09238e-11
-2.06968e-11
-2.04589e-11
-2.01731e-11
-1.99027e-11
-1.95986e-11
-1.93743e-11
-1.90697e-11
-1.9021e-11
-1.86125e-11
-1.89725e-11
-1.81262e-11
-1.92505e-11
-1.72592e-11
-1.96236e-11
-1.64283e-11
-2.62073e-11
-4.10391e-11
-1.84544e-11
-1.74545e-11
-1.73657e-11
-1.75592e-11
-1.78588e-11
-1.81997e-11
-1.85504e-11
-1.88552e-11
-1.91339e-11
-1.93367e-11
-1.95305e-11
-1.9642e-11
-1.97765e-11
-1.98139e-11
-1.98958e-11
-1.98683e-11
-1.9894e-11
-1.98366e-11
-1.9764e-11
-1.9715e-11
-1.9433e-11
-1.94639e-11
-1.88794e-11
-1.90269e-11
-1.80306e-11
-1.81417e-11
-1.68195e-11
-1.65672e-11
-1.57031e-11
-3.83083e-12
-1.91337e-11
-1.96724e-11
-2.08001e-11
-2.18064e-11
-2.24373e-11
-2.27593e-11
-2.2893e-11
-2.29208e-11
-2.29096e-11
-2.28452e-11
-2.27929e-11
-2.26616e-11
-2.25682e-11
-2.23203e-11
-2.21432e-11
-2.16992e-11
-2.14108e-11
-2.07256e-11
-2.03724e-11
-1.95245e-11
-1.92581e-11
-1.84413e-11
-1.83074e-11
-1.73732e-11
-1.70393e-11
-1.53768e-11
-1.39373e-11
-1.20596e-11
-8.83685e-12
-9.42475e-12
-1.93322e-11
-1.90899e-11
-1.89657e-11
-1.89159e-11
-1.88589e-11
-1.8802e-11
-1.87238e-11
-1.86839e-11
-1.86292e-11
-1.86261e-11
-1.85814e-11
-1.85854e-11
-1.8513e-11
-1.84871e-11
-1.83633e-11
-1.82874e-11
-1.81429e-11
-1.80423e-11
-1.79906e-11
-1.79094e-11
-1.79575e-11
-1.77768e-11
-1.74143e-11
-1.67111e-11
-1.52238e-11
-1.2553e-11
-1.04648e-11
-7.7226e-12
-6.13594e-12
-2.56424e-12
-1.93569e-11
-1.91586e-11
-1.91441e-11
-1.93104e-11
-1.95589e-11
-1.98323e-11
-2.00569e-11
-2.02735e-11
-2.04174e-11
-2.05888e-11
-2.06713e-11
-2.0824e-11
-2.08537e-11
-2.09976e-11
-2.09683e-11
-2.10815e-11
-2.09634e-11
-2.09334e-11
-2.06636e-11
-2.01827e-11
-1.96769e-11
-1.83768e-11
-1.7371e-11
-1.53934e-11
-1.24252e-11
-9.02151e-12
-6.82707e-12
-4.22622e-12
-3.492e-12
-7.65701e-14
-1.94019e-11
-1.92579e-11
-1.91936e-11
-1.92099e-11
-1.92707e-11
-1.93588e-11
-1.94236e-11
-1.95016e-11
-1.9524e-11
-1.95962e-11
-1.95733e-11
-1.96624e-11
-1.95761e-11
-1.96993e-11
-1.94986e-11
-1.96529e-11
-1.92219e-11
-1.93299e-11
-1.8507e-11
-1.83763e-11
-1.73302e-11
-1.64216e-11
-1.5333e-11
-1.23778e-11
-8.71831e-12
-5.78885e-12
-4.02499e-12
-5.54407e-14
-4.06516e-14
-4.0652e-14
-1.94334e-11
-1.93197e-11
-1.92506e-11
-1.92294e-11
-1.9257e-11
-1.93194e-11
-1.93969e-11
-1.94874e-11
-1.95623e-11
-1.9661e-11
-1.97156e-11
-1.98388e-11
-1.98631e-11
-2.00485e-11
-2.00141e-11
-2.03171e-11
-2.01172e-11
-2.05676e-11
-1.98621e-11
-2.03081e-11
-1.85067e-11
-1.78093e-11
-1.48083e-11
-9.64306e-12
-5.03158e-12
-3.36808e-12
-3.72837e-14
-4.0652e-14
-4.0652e-14
-4.0652e-14
-1.94526e-11
-1.93614e-11
-1.92997e-11
-1.92638e-11
-1.92674e-11
-1.92926e-11
-1.93495e-11
-1.9407e-11
-1.94852e-11
-1.95515e-11
-1.96368e-11
-1.97147e-11
-1.98071e-11
-1.99223e-11
-2.00161e-11
-2.02168e-11
-2.02369e-11
-2.05523e-11
-2.00407e-11
-2.02027e-11
-1.74877e-11
-1.68273e-11
-1.12153e-11
-5.25916e-12
-3.39887e-14
-4.0652e-14
-4.0652e-14
-4.0652e-14
-4.0652e-14
-4.0652e-14
-1.94638e-11
-1.93867e-11
-1.9332e-11
-1.92914e-11
-1.92841e-11
-1.92893e-11
-1.93341e-11
-1.93728e-11
-1.94554e-11
-1.95059e-11
-1.96182e-11
-1.96731e-11
-1.98262e-11
-1.98988e-11
-2.01187e-11
-2.02471e-11
-2.05472e-11
-2.07789e-11
-2.0941e-11
-2.10673e-11
-1.90406e-11
-1.77867e-11
-7.46968e-12
-3.30171e-14
-4.0652e-14
-4.0652e-14
-4.0652e-14
-4.0652e-14
-4.0652e-14
-4.0652e-14
-1.94688e-11
-1.93988e-11
-1.93475e-11
-1.93065e-11
-1.92945e-11
-1.92921e-11
-1.93293e-11
-1.93603e-11
-1.94413e-11
-1.94861e-11
-1.96077e-11
-1.96527e-11
-1.98344e-11
-1.98798e-11
-2.01738e-11
-2.02308e-11
-2.07322e-11
-2.0791e-11
-2.15982e-11
-2.13656e-11
-2.18244e-11
-1.75257e-11
-2.69164e-14
-4.0652e-14
-4.0652e-14
-4.0652e-14
-4.0652e-14
-4.0652e-14
-4.0652e-14
-4.0652e-14
)
;

boundaryField
{
    inlet1
    {
        type            calculated;
        value           uniform -5e-10;
    }
    inlet2
    {
        type            calculated;
        value           nonuniform List<scalar> 10(-6.49815e-10 -9.04245e-10 -6.24152e-10 -2.41922e-10 -2.97516e-11 -2.51992e-11 -1.84539e-11 -1.73288e-11 -1.56004e-11 -1.5849e-11);
    }
    inlet3
    {
        type            calculated;
        value           uniform -1.95111e-11;
    }
    output1
    {
        type            calculated;
        value           nonuniform List<scalar> 10(-4.0652e-14 -4.0652e-14 -4.0652e-14 -4.0652e-14 -4.0652e-14 -4.0652e-14 -4.0652e-14 -4.0652e-14 -4.0652e-14 -4.0652e-14);
    }
    output2
    {
        type            calculated;
        value           nonuniform List<scalar> 10(-4.0652e-14 -4.0652e-14 -4.0652e-14 -3.34735e-14 -5.99438e-12 -1.08492e-11 -1.52694e-11 -1.69588e-11 -1.38058e-11 -1.30695e-11);
    }
    output3
    {
        type            calculated;
        value           nonuniform List<scalar> 10(-4.10391e-11 -3.83083e-12 -9.42475e-12 -2.56424e-12 -7.65701e-14 -4.0652e-14 -4.0652e-14 -4.0652e-14 -4.0652e-14 -4.0652e-14);
    }
    up
    {
        type            calculated;
        value           nonuniform List<scalar> 
30
(
-1.94688e-11
-1.93988e-11
-1.93475e-11
-1.93065e-11
-1.92945e-11
-1.92921e-11
-1.93293e-11
-1.93603e-11
-1.94413e-11
-1.94861e-11
-1.96077e-11
-1.96527e-11
-1.98344e-11
-1.98798e-11
-2.01738e-11
-2.02308e-11
-2.07322e-11
-2.0791e-11
-2.15982e-11
-2.13656e-11
-2.18244e-11
-1.75257e-11
-2.69164e-14
-4.0652e-14
-4.0652e-14
-4.0652e-14
-4.0652e-14
-4.0652e-14
-4.0652e-14
-4.0652e-14
)
;
    }
    down
    {
        type            calculated;
        value           nonuniform List<scalar> 
30
(
-8.88519e-11
-6.62075e-12
-9.33305e-11
-4.01198e-12
-3.90071e-14
-4.0652e-14
-4.0652e-14
-4.0652e-14
-4.0652e-14
-4.0652e-14
-4.0652e-14
-4.0652e-14
-4.0652e-14
-4.0652e-14
-4.0652e-14
-4.0652e-14
-4.0652e-14
-4.0652e-14
-4.0652e-14
-4.0652e-14
-4.0652e-14
-4.0652e-14
-4.0652e-14
-4.0652e-14
-4.0652e-14
-4.0652e-14
-4.0652e-14
-4.0652e-14
-4.0652e-14
-4.0652e-14
)
;
    }
    emptyWalls
    {
        type            empty;
    }
}


// ************************************************************************* //
