/*--------------------------------*- C++ -*----------------------------------*\
  =========                 |
  \\      /  F ield         | OpenFOAM: The Open Source CFD Toolbox
   \\    /   O peration     | Website:  https://openfoam.org
    \\  /    A nd           | Version:  9
     \\/     M anipulation  |
\*---------------------------------------------------------------------------*/
FoamFile
{
    format      ascii;
    class       volScalarField;
    location    "26500";
    object      p;
}
// * * * * * * * * * * * * * * * * * * * * * * * * * * * * * * * * * * * * * //

dimensions      [0 0 0 0 0 0 0];

internalField   nonuniform List<scalar> 
900
(
1.14928e+07
1.14876e+07
1.14865e+07
1.1486e+07
1.14791e+07
1.11222e+07
1.07925e+07
1.04738e+07
1.01615e+07
9.85248e+06
9.54484e+06
9.23751e+06
8.93005e+06
8.62253e+06
8.31545e+06
8.00963e+06
7.70617e+06
7.40645e+06
7.11212e+06
6.82511e+06
6.54766e+06
6.28237e+06
6.03218e+06
5.80043e+06
5.59081e+06
5.40726e+06
5.25384e+06
5.1345e+06
5.05271e+06
5.01111e+06
1.14884e+07
1.14864e+07
1.1486e+07
1.14846e+07
1.1481e+07
1.11023e+07
1.07815e+07
1.04675e+07
1.01582e+07
9.85109e+06
9.54454e+06
9.23764e+06
8.93009e+06
8.62209e+06
8.3142e+06
8.00726e+06
7.70243e+06
7.40106e+06
7.1048e+06
6.81554e+06
6.5355e+06
6.26725e+06
6.01374e+06
5.77831e+06
5.56474e+06
5.37711e+06
5.21976e+06
5.09694e+06
5.01253e+06
4.9695e+06
1.1483e+07
1.14822e+07
1.14814e+07
1.14805e+07
1.14406e+07
1.10821e+07
1.07637e+07
1.04565e+07
1.01527e+07
9.84914e+06
9.54458e+06
9.23841e+06
8.9306e+06
8.62155e+06
8.31197e+06
8.0028e+06
7.69521e+06
7.39057e+06
7.09046e+06
6.79674e+06
6.51156e+06
6.2374e+06
5.9772e+06
5.73434e+06
5.5127e+06
5.3167e+06
5.15113e+06
5.02098e+06
4.93096e+06
4.88486e+06
1.14741e+07
1.14727e+07
1.14723e+07
1.14714e+07
1.13003e+07
1.10234e+07
1.07346e+07
1.04421e+07
1.01468e+07
9.84825e+06
9.54624e+06
9.2408e+06
8.93234e+06
8.62155e+06
8.30933e+06
7.99676e+06
7.68504e+06
7.37553e+06
7.06974e+06
6.76942e+06
6.47657e+06
6.1936e+06
5.92332e+06
5.66912e+06
5.43504e+06
5.22585e+06
5.04709e+06
4.90489e+06
4.80545e+06
4.75413e+06
1.14633e+07
1.14619e+07
1.14606e+07
1.14589e+07
1.12239e+07
1.09767e+07
1.07093e+07
1.04306e+07
1.01441e+07
9.85082e+06
9.55132e+06
9.24623e+06
8.93642e+06
8.62296e+06
8.30703e+06
7.98985e+06
7.67267e+06
7.35677e+06
7.04356e+06
6.7346e+06
6.43172e+06
6.13709e+06
5.85336e+06
5.58379e+06
5.33248e+06
5.10457e+06
4.90649e+06
4.74602e+06
4.63182e+06
4.57207e+06
1.14492e+07
1.14479e+07
1.14467e+07
1.14452e+07
1.11885e+07
1.09503e+07
1.06951e+07
1.0427e+07
1.01482e+07
9.85961e+06
9.562e+06
9.25637e+06
8.94414e+06
8.62684e+06
8.30599e+06
7.98296e+06
7.65901e+06
7.33532e+06
7.01312e+06
6.6937e+06
6.37861e+06
6.06969e+06
5.76923e+06
5.4802e+06
5.20651e+06
4.95344e+06
4.72828e+06
4.54089e+06
4.40374e+06
4.33026e+06
1.14325e+07
1.14306e+07
1.14292e+07
1.14278e+07
1.11755e+07
1.09409e+07
1.06938e+07
1.04341e+07
1.0162e+07
9.87745e+06
9.58068e+06
9.27313e+06
8.95692e+06
8.63427e+06
8.30712e+06
7.97699e+06
7.64508e+06
7.3124e+06
6.97988e+06
6.64849e+06
6.31934e+06
5.99381e+06
5.67368e+06
5.36128e+06
5.05991e+06
4.7744e+06
4.5123e+06
4.28551e+06
4.11197e+06
4.01497e+06
1.14139e+07
1.14126e+07
1.14112e+07
1.14099e+07
1.11727e+07
1.0944e+07
1.0705e+07
1.04537e+07
1.01884e+07
9.90745e+06
9.61015e+06
9.29854e+06
8.97613e+06
8.64622e+06
8.31123e+06
7.97278e+06
7.63192e+06
7.28932e+06
6.94552e+06
6.60102e+06
6.25643e+06
5.91254e+06
5.57038e+06
5.23134e+06
4.89744e+06
4.57196e+06
4.26102e+06
3.97687e+06
3.74365e+06
3.60269e+06
1.13956e+07
1.13936e+07
1.13935e+07
1.13928e+07
1.1176e+07
1.09574e+07
1.07285e+07
1.04872e+07
1.02304e+07
9.9538e+06
9.65395e+06
9.33474e+06
9.00285e+06
8.66324e+06
8.3188e+06
7.971e+06
7.62049e+06
7.26744e+06
6.91185e+06
6.55364e+06
6.19284e+06
5.82954e+06
5.46395e+06
5.09625e+06
4.72654e+06
4.35498e+06
3.98292e+06
3.61732e+06
3.28308e+06
3.04945e+06
1.13798e+07
1.13786e+07
1.13773e+07
1.13759e+07
1.11861e+07
1.09811e+07
1.07645e+07
1.05363e+07
1.02921e+07
1.00234e+07
9.71712e+06
9.38362e+06
9.03729e+06
8.68509e+06
8.32972e+06
7.97194e+06
7.61159e+06
7.24811e+06
6.88078e+06
6.50887e+06
6.13173e+06
5.74884e+06
5.35963e+06
4.96316e+06
4.5575e+06
4.13851e+06
3.69837e+06
3.22639e+06
2.72189e+06
2.26257e+06
1.13674e+07
1.13651e+07
1.1359e+07
1.13503e+07
1.12156e+07
1.10164e+07
1.0812e+07
1.06014e+07
1.03785e+07
1.01306e+07
9.80751e+06
9.44533e+06
9.07759e+06
8.71012e+06
8.34307e+06
7.97543e+06
7.60581e+06
7.23264e+06
6.85431e+06
6.46931e+06
6.07639e+06
5.67445e+06
5.26256e+06
4.83928e+06
4.40178e+06
3.94318e+06
3.44566e+06
2.86796e+06
2.11554e+06
1.01638e+06
1.13595e+07
1.13553e+07
1.13442e+07
1.13074e+07
1.12028e+07
1.10587e+07
1.08656e+07
1.06787e+07
1.04899e+07
1.03128e+07
9.93702e+06
9.5126e+06
9.11762e+06
8.73471e+06
8.35702e+06
7.9809e+06
7.60359e+06
7.22232e+06
6.83452e+06
6.43766e+06
6.03006e+06
5.61002e+06
5.17688e+06
4.72961e+06
4.26717e+06
3.78677e+06
3.27313e+06
2.68426e+06
1.85592e+06
703784
1.13553e+07
1.13483e+07
1.13265e+07
1.12804e+07
1.11878e+07
1.10451e+07
1.08658e+07
1.06791e+07
1.04905e+07
1.03153e+07
1.01526e+07
9.55187e+06
9.14674e+06
8.75504e+06
8.37003e+06
7.98786e+06
7.60543e+06
7.21837e+06
6.8234e+06
6.41612e+06
5.99534e+06
5.55772e+06
5.10439e+06
4.63443e+06
4.15034e+06
3.66359e+06
3.17583e+06
2.74003e+06
1.92009e+06
646604
1.13553e+07
1.13461e+07
1.13125e+07
1.12531e+07
1.11577e+07
1.10194e+07
1.08486e+07
1.06602e+07
1.04593e+07
1.02405e+07
9.96115e+06
9.55128e+06
9.14686e+06
8.75514e+06
8.37012e+06
7.98794e+06
7.6055e+06
7.21843e+06
6.82344e+06
6.41609e+06
5.99523e+06
5.55746e+06
5.10399e+06
4.63384e+06
4.14949e+06
3.66267e+06
3.17467e+06
2.74336e+06
2.33672e+06
605521
1.13656e+07
1.13551e+07
1.13122e+07
1.12403e+07
1.11355e+07
1.09958e+07
1.08248e+07
1.0629e+07
1.04087e+07
1.01573e+07
9.85996e+06
9.51118e+06
9.13596e+06
8.75614e+06
8.37741e+06
7.99871e+06
7.61811e+06
7.23193e+06
6.83745e+06
6.431e+06
6.01061e+06
5.57449e+06
5.12062e+06
4.65082e+06
4.16049e+06
3.65774e+06
3.12353e+06
2.53917e+06
1.74875e+06
591510
1.14274e+07
1.14038e+07
1.13481e+07
1.12583e+07
1.11376e+07
1.09863e+07
1.08056e+07
1.05967e+07
1.03599e+07
1.00928e+07
9.79664e+06
9.47158e+06
9.12154e+06
8.75828e+06
8.38929e+06
8.01648e+06
7.63914e+06
7.25518e+06
6.86221e+06
6.45765e+06
6.03928e+06
5.60512e+06
5.15293e+06
4.68074e+06
4.18245e+06
3.64914e+06
3.05498e+06
2.36231e+06
1.52712e+06
534318
1.15308e+07
1.14956e+07
1.14223e+07
1.13122e+07
1.11701e+07
1.09996e+07
1.08023e+07
1.05787e+07
1.03296e+07
1.00562e+07
9.76138e+06
9.44641e+06
9.11231e+06
8.76373e+06
8.40547e+06
8.04004e+06
7.66769e+06
7.28765e+06
6.89812e+06
6.49735e+06
6.08271e+06
5.65212e+06
5.20195e+06
4.72775e+06
4.22086e+06
3.66536e+06
3.03767e+06
2.30588e+06
1.46078e+06
508285
1.16913e+07
1.16401e+07
1.154e+07
1.14006e+07
1.12311e+07
1.10366e+07
1.08195e+07
1.05809e+07
1.0322e+07
1.00441e+07
9.74922e+06
9.43881e+06
9.11381e+06
8.77596e+06
8.42751e+06
8.07017e+06
7.70461e+06
7.33066e+06
6.94696e+06
6.55202e+06
6.14281e+06
5.71699e+06
5.26934e+06
4.79537e+06
4.28472e+06
3.72617e+06
3.09825e+06
2.37552e+06
1.5258e+06
539953
1.19175e+07
1.18361e+07
1.1694e+07
1.15155e+07
1.13133e+07
1.10924e+07
1.08547e+07
1.06012e+07
1.03325e+07
1.00496e+07
9.75366e+06
9.44557e+06
9.12611e+06
8.79586e+06
8.45584e+06
8.10682e+06
7.74944e+06
7.38323e+06
7.0073e+06
6.61955e+06
6.2174e+06
5.79736e+06
5.35458e+06
4.88407e+06
4.37714e+06
3.82835e+06
3.22298e+06
2.54702e+06
1.73532e+06
683940
1.22352e+07
1.2077e+07
1.18697e+07
1.16446e+07
1.14079e+07
1.11605e+07
1.09028e+07
1.06345e+07
1.0356e+07
1.00676e+07
9.76956e+06
9.46242e+06
9.14658e+06
8.82215e+06
8.48959e+06
8.14897e+06
7.80055e+06
7.44339e+06
7.0767e+06
6.69776e+06
6.30472e+06
5.89274e+06
5.45916e+06
4.99675e+06
4.50218e+06
3.96757e+06
3.38996e+06
2.77184e+06
2.08716e+06
1.13624e+06
1.26366e+07
1.23205e+07
1.20441e+07
1.17758e+07
1.15071e+07
1.12352e+07
1.09587e+07
1.06766e+07
1.03885e+07
1.0094e+07
9.79332e+06
9.48627e+06
9.17302e+06
8.85356e+06
8.5279e+06
8.19581e+06
7.8569e+06
7.51021e+06
7.15435e+06
6.78703e+06
6.40578e+06
6.00653e+06
5.58653e+06
5.139e+06
4.66341e+06
4.14792e+06
3.59846e+06
2.99534e+06
2.41432e+06
1.98523e+06
1.29509e+07
1.25531e+07
1.22145e+07
1.19055e+07
1.16078e+07
1.13139e+07
1.10202e+07
1.07252e+07
1.04277e+07
1.01272e+07
9.82336e+06
9.51587e+06
9.20475e+06
8.88977e+06
8.57084e+06
8.24743e+06
7.91895e+06
7.58418e+06
7.24148e+06
6.88869e+06
6.52267e+06
6.14064e+06
5.73786e+06
5.31171e+06
4.85608e+06
4.371e+06
3.85457e+06
3.32787e+06
2.82455e+06
2.36597e+06
1.31888e+07
1.27648e+07
1.23862e+07
1.20403e+07
1.17136e+07
1.13975e+07
1.10868e+07
1.07789e+07
1.0472e+07
1.01652e+07
9.85787e+06
9.54956e+06
9.2401e+06
8.9292e+06
8.61671e+06
8.302e+06
7.98452e+06
7.66276e+06
7.33533e+06
6.99938e+06
6.65258e+06
6.29074e+06
5.911e+06
5.50805e+06
5.0798e+06
4.62175e+06
4.14276e+06
3.66425e+06
3.22834e+06
2.97899e+06
1.3374e+07
1.29384e+07
1.25363e+07
1.21636e+07
1.1813e+07
1.14773e+07
1.11513e+07
1.08317e+07
1.05162e+07
1.02036e+07
9.89289e+06
9.58368e+06
9.27554e+06
8.9684e+06
8.66193e+06
8.35595e+06
8.04973e+06
7.74236e+06
7.43212e+06
7.11666e+06
6.79278e+06
6.45651e+06
6.10308e+06
5.72828e+06
5.32641e+06
4.89379e+06
4.44038e+06
3.98266e+06
3.5859e+06
3.27697e+06
1.35187e+07
1.30768e+07
1.26619e+07
1.22722e+07
1.1904e+07
1.15525e+07
1.12134e+07
1.08833e+07
1.056e+07
1.0242e+07
9.92806e+06
9.61784e+06
9.31082e+06
9.00712e+06
8.7065e+06
8.40925e+06
8.11485e+06
7.82299e+06
7.53197e+06
7.23956e+06
6.94205e+06
6.63424e+06
6.31045e+06
5.96343e+06
5.58464e+06
5.17274e+06
4.73822e+06
4.27329e+06
3.84999e+06
3.61198e+06
1.36309e+07
1.31854e+07
1.27629e+07
1.23625e+07
1.19821e+07
1.16186e+07
1.12688e+07
1.09301e+07
1.06e+07
1.02772e+07
9.96039e+06
9.6492e+06
9.34306e+06
9.04238e+06
8.74694e+06
8.45778e+06
8.17448e+06
7.89802e+06
7.62636e+06
7.35876e+06
7.0899e+06
6.81493e+06
6.52474e+06
6.20532e+06
5.84176e+06
5.44759e+06
5.0518e+06
4.64711e+06
3.8854e+06
3.91315e+06
1.37159e+07
1.32682e+07
1.2841e+07
1.24338e+07
1.20452e+07
1.16732e+07
1.13155e+07
1.09699e+07
1.06344e+07
1.03076e+07
9.98844e+06
9.67635e+06
9.37096e+06
9.07272e+06
8.78177e+06
8.49955e+06
8.22635e+06
7.96423e+06
7.71207e+06
7.4706e+06
7.23368e+06
6.99667e+06
6.7452e+06
6.4567e+06
6.09521e+06
5.69184e+06
5.33981e+06
4.88126e+06
4.49561e+06
4.37513e+06
1.37772e+07
1.33281e+07
1.2898e+07
1.24866e+07
1.20927e+07
1.1715e+07
1.13517e+07
1.10011e+07
1.06616e+07
1.03318e+07
1.00107e+07
9.69792e+06
9.39312e+06
9.09671e+06
8.80932e+06
8.53246e+06
8.26746e+06
8.01705e+06
7.78209e+06
7.56494e+06
7.36049e+06
7.16459e+06
6.95643e+06
6.71077e+06
6.40481e+06
5.70568e+06
5.429e+06
5.10408e+06
4.84064e+06
4.71662e+06
1.3817e+07
1.3367e+07
1.29353e+07
1.25213e+07
1.21243e+07
1.17431e+07
1.13763e+07
1.10225e+07
1.06803e+07
1.03485e+07
1.00262e+07
9.71288e+06
9.40848e+06
9.11329e+06
8.82835e+06
8.55508e+06
8.29571e+06
8.05322e+06
7.83078e+06
7.63252e+06
7.45852e+06
7.30706e+06
7.1548e+06
6.96748e+06
6.41851e+06
5.92073e+06
5.56274e+06
5.26544e+06
5.04624e+06
4.9341e+06
1.38366e+07
1.33863e+07
1.29537e+07
1.25386e+07
1.21401e+07
1.17572e+07
1.13887e+07
1.10333e+07
1.06899e+07
1.0357e+07
1.00341e+07
9.72053e+06
9.41635e+06
9.12176e+06
8.83808e+06
8.56656e+06
8.31009e+06
8.07136e+06
7.85531e+06
7.66644e+06
7.51188e+06
7.39764e+06
7.32377e+06
6.87982e+06
6.43144e+06
5.99599e+06
5.6358e+06
5.34868e+06
5.14479e+06
5.03945e+06
)
;

boundaryField
{
    inlet1
    {
        type            fixedGradient;
        gradient        uniform 20000;
    }
    inlet2
    {
        type            zeroGradient;
    }
    inlet3
    {
        type            fixedGradient;
        gradient        uniform 4.68141e+06;
    }
    output1
    {
        type            zeroGradient;
    }
    output2
    {
        type            fixedValue;
        value           uniform 0;
    }
    output3
    {
        type            zeroGradient;
    }
    up
    {
        type            zeroGradient;
    }
    down
    {
        type            zeroGradient;
    }
    emptyWalls
    {
        type            empty;
    }
}


// ************************************************************************* //
