/*--------------------------------*- C++ -*----------------------------------*\
  =========                 |
  \\      /  F ield         | OpenFOAM: The Open Source CFD Toolbox
   \\    /   O peration     | Website:  https://openfoam.org
    \\  /    A nd           | Version:  9
     \\/     M anipulation  |
\*---------------------------------------------------------------------------*/
FoamFile
{
    format      ascii;
    class       surfaceScalarField;
    location    "26500";
    object      phi;
}
// * * * * * * * * * * * * * * * * * * * * * * * * * * * * * * * * * * * * * //

dimensions      [0 3 -1 0 0 0 0];

internalField   nonuniform List<scalar> 
1740
(
1.6953e-08
7.2454e-08
4.72986e-09
4.18881e-08
4.43718e-09
4.98822e-09
1.10185e-09
1.25583e-09
1.05253e-09
2.52454e-11
1.35666e-09
6.09767e-11
1.30023e-09
4.04896e-11
1.27279e-09
2.4064e-11
1.25821e-09
1.23603e-11
1.25171e-09
4.80078e-12
1.24981e-09
5.72089e-13
1.24982e-09
-1.04373e-12
1.24961e-09
-6.13337e-13
1.2475e-09
1.43876e-12
1.24211e-09
4.81765e-12
1.23223e-09
9.34426e-12
1.21675e-09
1.49416e-11
1.19456e-09
2.16185e-11
1.16448e-09
2.94485e-11
1.12525e-09
3.85468e-11
1.07547e-09
4.90442e-11
1.01367e-09
6.10526e-11
9.38351e-10
7.46188e-11
8.48154e-10
8.96593e-11
7.42052e-10
1.05876e-10
6.19665e-10
1.22661e-10
4.81605e-10
1.39014e-10
3.29806e-10
1.53537e-10
1.67686e-10
1.64581e-10
1.70591e-10
4.47471e-08
1.2751e-07
2.03936e-08
4.7131e-08
2.29021e-09
6.72347e-09
1.25738e-09
1.41324e-09
9.80951e-10
2.09438e-10
1.35605e-09
1.2084e-10
1.27858e-09
7.69188e-11
1.25994e-09
4.34076e-11
1.25012e-09
2.05776e-11
1.2471e-09
6.27195e-12
1.24791e-09
-1.46701e-12
1.25004e-09
-4.13188e-12
1.25152e-09
-2.84693e-12
1.25079e-09
1.55259e-12
1.24659e-09
8.48894e-12
1.23783e-09
1.76188e-11
1.22346e-09
2.88059e-11
1.20244e-09
4.2087e-11
1.17364e-09
5.76319e-11
1.1358e-09
7.56977e-11
1.08749e-09
9.65802e-11
1.02718e-09
1.2055e-10
9.53232e-10
1.47766e-10
8.64058e-10
1.78145e-10
7.58338e-10
2.11189e-10
6.35338e-10
2.45759e-10
4.95345e-10
2.79861e-10
3.40128e-10
3.10557e-10
1.73251e-10
3.34199e-10
3.47189e-10
1.30405e-08
2.09217e-07
1.01728e-09
7.68288e-08
1.31169e-09
8.92624e-09
1.32316e-09
3.30739e-10
1.08957e-09
4.02461e-10
1.32376e-09
1.87267e-10
1.25684e-09
1.02939e-10
1.23825e-09
5.20698e-11
1.23524e-09
2.02702e-11
1.23868e-09
1.17567e-12
1.24468e-09
-8.58146e-12
1.2509e-09
-1.11705e-11
1.25562e-09
-8.19677e-12
1.25755e-09
-8.71586e-13
1.25565e-09
9.96614e-12
1.24903e-09
2.38353e-11
1.23682e-09
4.05755e-11
1.21811e-09
6.02919e-11
1.19185e-09
8.32941e-11
1.1568e-09
1.10032e-10
1.11153e-09
1.41028e-10
1.05433e-09
1.76802e-10
9.83335e-10
2.17749e-10
8.96509e-10
2.63967e-10
7.91906e-10
3.14976e-10
6.68005e-10
3.69324e-10
5.24309e-10
4.24114e-10
3.62105e-10
4.74629e-10
1.85183e-10
5.1447e-10
5.36776e-10
3.09786e-08
2.87933e-07
6.71755e-09
9.93007e-08
6.34261e-10
1.19754e-08
7.16501e-10
5.29088e-11
1.03006e-09
3.33758e-10
1.16563e-09
1.81463e-10
1.1882e-09
9.54987e-11
1.201e-09
4.16615e-11
1.21391e-09
7.25569e-12
1.22768e-09
-1.326e-11
1.24125e-09
-2.28665e-11
1.25326e-09
-2.37736e-11
1.26253e-09
-1.79001e-11
1.26814e-09
-6.80992e-12
1.26943e-09
8.41049e-12
1.26581e-09
2.71791e-11
1.25668e-09
4.93666e-11
1.24133e-09
7.5209e-11
1.21883e-09
1.05219e-10
1.18804e-09
1.40104e-10
1.14748e-09
1.80696e-10
1.0953e-09
2.27877e-10
1.02927e-09
2.82459e-10
9.46739e-10
3.44996e-10
8.44771e-10
4.15422e-10
7.20468e-10
4.92445e-10
5.71778e-10
5.72638e-10
3.98798e-10
6.49373e-10
2.05374e-10
7.12274e-10
7.48669e-10
2.26895e-08
3.60205e-07
3.78056e-09
1.21998e-07
9.01151e-10
1.54471e-08
6.71343e-10
4.16749e-11
1.01298e-09
1.62728e-10
1.07797e-09
1.10726e-10
1.12936e-09
5.59307e-11
1.16363e-09
1.18204e-11
1.19171e-09
-1.96506e-11
1.2169e-09
-3.86068e-11
1.23938e-09
-4.58522e-11
1.25836e-09
-4.31584e-11
1.27308e-09
-3.28215e-11
1.28307e-09
-1.68798e-11
1.28813e-09
3.30468e-12
1.28811e-09
2.71019e-11
1.28277e-09
5.45006e-11
1.27168e-09
8.59571e-11
1.25413e-09
1.22266e-10
1.22906e-09
1.64465e-10
1.19504e-09
2.13774e-10
1.15011e-09
2.71548e-10
1.09169e-09
3.39214e-10
1.01641e-09
4.18136e-10
9.19969e-10
5.09269e-10
7.97318e-10
6.12394e-10
6.43536e-10
7.2462e-10
4.55937e-10
8.37952e-10
2.37512e-10
9.36588e-10
9.96954e-10
3.06605e-08
4.30764e-07
8.27468e-09
1.25504e-07
9.78323e-10
2.10094e-08
6.82047e-10
4.94853e-11
1.00442e-09
6.52246e-11
1.03331e-09
4.28134e-11
1.08764e-09
5.67649e-12
1.13246e-09
-3.06611e-11
1.17239e-09
-5.90731e-11
1.20883e-09
-7.56666e-11
1.24101e-09
-7.87786e-11
1.26773e-09
-7.01885e-11
1.28835e-09
-5.33497e-11
1.30293e-09
-3.11942e-11
1.3119e-09
-5.41594e-12
1.31572e-09
2.34216e-11
1.31461e-09
5.55749e-11
1.3085e-09
9.18505e-11
1.29693e-09
1.3342e-10
1.27904e-09
1.81714e-10
1.2535e-09
2.38386e-10
1.21841e-09
3.05325e-10
1.17099e-09
3.84712e-10
1.10725e-09
4.79062e-10
1.02137e-09
5.9112e-10
9.053e-10
7.23241e-10
7.49114e-10
8.75496e-10
5.43899e-10
1.04123e-09
2.88735e-10
1.19917e-09
1.3056e-09
2.6506e-08
4.96316e-07
3.86709e-09
1.59486e-07
1.12536e-09
2.41185e-08
6.95434e-10
5.91048e-11
9.84388e-10
1.55471e-11
1.00458e-09
-1.037e-11
1.05543e-09
-4.53781e-11
1.10616e-09
-8.1069e-11
1.15659e-09
-1.10315e-10
1.205e-09
-1.26209e-10
1.2481e-09
-1.23408e-10
1.2832e-09
-1.05469e-10
1.30966e-09
-7.91962e-11
1.32839e-09
-4.91329e-11
1.34084e-09
-1.71973e-11
1.34825e-09
1.64237e-11
1.35146e-09
5.25254e-11
1.35078e-09
9.24482e-11
1.34605e-09
1.37846e-10
1.33666e-09
1.90583e-10
1.32153e-09
2.5273e-10
1.29902e-09
3.26654e-10
1.26661e-09
4.15244e-10
1.22022e-09
5.22278e-10
1.15298e-09
6.52908e-10
1.0534e-09
8.13955e-10
9.03726e-10
1.0129e-09
6.81806e-10
1.2523e-09
3.73521e-10
1.51324e-09
1.72069e-09
3.49342e-08
5.62067e-07
1.03864e-08
1.68192e-07
1.15545e-09
3.34374e-08
6.86283e-10
6.40708e-11
9.48822e-10
-1.40572e-11
9.73667e-10
-5.44625e-11
1.02334e-09
-9.57504e-11
1.08017e-09
-1.37921e-10
1.1428e-09
-1.7491e-10
1.20649e-09
-1.95447e-10
1.26319e-09
-1.83176e-10
1.30731e-09
-1.49085e-10
1.33869e-09
-1.08834e-10
1.36015e-09
-6.8945e-11
1.3748e-09
-3.06658e-11
1.38499e-09
6.94348e-12
1.3922e-09
4.56535e-11
1.39711e-09
8.75696e-11
1.39983e-09
1.34929e-10
1.40002e-09
1.90043e-10
1.39694e-09
2.55294e-10
1.38955e-09
3.33317e-10
1.37622e-09
4.27329e-10
1.35403e-09
5.41897e-10
1.31692e-09
6.8428e-10
1.25158e-09
8.66777e-10
1.13058e-09
1.10983e-09
9.06075e-10
1.44181e-09
5.23539e-10
1.88082e-09
2.34323e-09
3.50136e-08
6.22149e-07
2.88534e-09
2.08564e-07
6.82848e-10
3.52471e-08
6.53283e-10
7.4097e-11
8.97299e-10
-5.38058e-11
9.32599e-10
-9.76725e-11
9.84092e-10
-1.4524e-10
1.04837e-09
-1.99955e-10
1.12795e-09
-2.55957e-10
1.21498e-09
-2.97491e-10
1.29087e-09
-2.64765e-10
1.34416e-09
-1.9886e-10
1.37765e-09
-1.38111e-10
1.39872e-09
-8.71484e-11
1.41322e-09
-4.34657e-11
1.42472e-09
-3.63866e-12
1.43522e-09
3.55742e-11
1.44563e-09
7.7246e-11
1.45616e-09
1.24259e-10
1.46663e-09
1.79367e-10
1.47668e-09
2.45083e-10
1.48602e-09
3.23989e-10
1.49467e-09
4.18855e-10
1.50277e-09
5.33702e-10
1.50909e-09
6.75536e-10
1.50544e-09
8.59037e-10
1.46094e-09
1.11784e-09
1.28837e-09
1.52429e-09
8.14562e-10
2.22499e-09
3.42818e-09
5.31971e-08
6.71081e-07
1.5776e-08
2.36704e-07
1.29834e-09
4.49574e-08
5.86683e-10
5.80653e-10
8.29744e-10
-5.72609e-11
8.80499e-10
-1.38855e-10
9.3206e-10
-1.87581e-10
1.00127e-09
-2.60702e-10
1.10565e-09
-3.51472e-10
1.23461e-09
-4.73794e-10
1.34113e-09
-3.79535e-10
1.40083e-09
-2.4348e-10
1.42901e-09
-1.57601e-10
1.44388e-09
-9.80731e-11
1.45463e-09
-5.24104e-11
1.46547e-09
-1.36069e-11
1.47834e-09
2.30355e-11
1.49401e-09
6.15816e-11
1.51256e-09
1.05492e-10
1.53368e-09
1.58083e-10
1.55711e-09
2.21682e-10
1.58317e-09
2.987e-10
1.61369e-09
3.90398e-10
1.6533e-09
4.9852e-10
1.71124e-09
6.25122e-10
1.80013e-09
7.75992e-10
1.91938e-09
9.78189e-10
1.97192e-09
1.31253e-09
1.44633e-09
2.06667e-09
3.65041e-09
6.1944e-08
6.04191e-07
3.83797e-08
2.58709e-07
1.48559e-08
8.81776e-08
1.46783e-09
1.16673e-08
7.49461e-10
1.54594e-09
8.32051e-10
-1.05812e-10
8.62373e-10
-1.57539e-10
9.19014e-10
-2.23686e-10
1.05876e-09
-3.14788e-10
1.27669e-09
-4.819e-10
1.43822e-09
-5.74239e-10
1.48901e-09
-2.3937e-10
1.49369e-09
-1.51926e-10
1.49315e-09
-9.60856e-11
1.49594e-09
-5.51331e-11
1.50418e-09
-2.1743e-11
1.51865e-09
8.51229e-12
1.53953e-09
4.07124e-11
1.56638e-09
7.84352e-11
1.59842e-09
1.26422e-10
1.6349e-09
1.85699e-10
1.67588e-09
2.59718e-10
1.7236e-09
3.46478e-10
1.78552e-09
4.45548e-10
1.88241e-09
5.50609e-10
2.06445e-09
6.41621e-10
2.44455e-09
7.06395e-10
3.23357e-09
6.80983e-10
5.06474e-09
1.07872e-09
1.96e-09
2.68521e-07
3.42192e-07
2.58408e-07
2.65281e-07
1.07364e-07
2.06466e-07
3.64491e-08
1.14441e-07
1.4273e-08
4.40288e-08
7.02683e-10
2.24055e-08
7.68035e-10
7.75278e-09
7.53645e-10
7.65506e-09
9.33682e-10
1.00943e-08
1.37515e-09
2.25391e-08
1.64603e-09
-3.66748e-10
1.62332e-09
-1.44742e-10
1.56357e-09
-9.76138e-11
1.53911e-09
-6.44932e-11
1.53181e-09
-3.94167e-11
1.53665e-09
-1.91309e-11
1.55255e-09
-1.38187e-12
1.57907e-09
1.81379e-11
1.61503e-09
4.18943e-11
1.6587e-09
7.47021e-11
1.70821e-09
1.16076e-10
1.76185e-09
1.70065e-10
1.81931e-09
2.32892e-10
1.88276e-09
3.0413e-10
1.96845e-09
3.74783e-10
2.13072e-09
4.10267e-10
2.56079e-09
3.74294e-10
3.45307e-09
6.99503e-11
4.61419e-09
-2.90006e-10
4.75669e-10
3.41858e-07
4.09044e-09
5.53165e-07
6.40717e-08
5.83482e-07
1.73402e-07
4.85691e-07
1.69675e-07
4.05579e-07
1.02096e-07
3.51647e-07
6.92434e-08
3.24539e-07
3.85202e-08
2.78183e-07
4.44478e-08
2.27526e-07
5.62869e-08
1.06685e-07
1.03018e-07
1.45406e-09
7.60602e-08
1.69315e-09
8.60832e-09
1.46146e-09
2.20967e-09
1.42097e-09
-2.49576e-10
1.40917e-09
-1.60911e-09
1.41874e-09
-2.44004e-09
1.44573e-09
-2.95311e-09
1.49079e-09
-3.23445e-09
1.55199e-09
-3.42471e-09
1.62388e-09
-3.63921e-09
1.70276e-09
-3.80285e-09
1.78563e-09
-4.13269e-09
1.86956e-09
-4.11624e-09
1.93952e-09
-4.07743e-09
1.97416e-09
-2.5822e-09
1.929e-09
1.68734e-09
2.21483e-09
1.36259e-08
3.40376e-09
5.35762e-08
4.73608e-09
-2.29982e-10
1.45969e-10
1.23491e-07
-1.16302e-07
2.2718e-07
-4.86012e-08
4.1518e-07
3.53078e-09
5.23099e-07
6.27072e-08
5.60083e-07
7.31871e-08
5.62386e-07
6.87148e-08
5.54413e-07
5.6114e-08
5.21848e-07
7.24707e-08
4.89701e-07
9.62618e-08
4.32306e-07
1.49649e-07
3.52116e-07
1.48591e-07
3.3818e-07
3.91946e-08
3.28399e-07
1.144e-08
3.29068e-07
-1.37038e-09
3.37441e-07
-8.65925e-09
3.50646e-07
-1.31209e-08
3.65933e-07
-1.58419e-08
3.8307e-07
-1.73963e-08
4.00023e-07
-1.86003e-08
4.19563e-07
-1.97816e-08
4.38136e-07
-2.1099e-08
4.60701e-07
-2.26831e-08
4.81355e-07
-2.32586e-08
5.01383e-07
-2.25719e-08
5.18682e-07
-1.52827e-08
4.98053e-07
6.86479e-09
4.61499e-07
5.30453e-08
2.26992e-07
1.69496e-07
5.68941e-09
1.42361e-07
1.07165e-08
4.289e-08
-1.57754e-07
1.02674e-07
-1.14943e-07
1.91256e-07
-7.42436e-08
2.88236e-07
-3.67535e-08
3.698e-07
-2.06991e-09
4.22012e-07
2.02063e-08
4.51244e-07
3.50126e-08
4.72506e-07
5.6257e-08
4.95808e-07
8.18607e-08
5.42538e-07
1.09185e-07
5.62342e-07
1.13403e-07
5.52023e-07
5.65951e-08
5.49145e-07
1.83954e-08
5.5367e-07
-4.05256e-09
5.63326e-07
-1.78256e-08
5.78135e-07
-2.6593e-08
5.94596e-07
-3.2033e-08
6.1407e-07
-3.56896e-08
6.34014e-07
-3.86125e-08
6.56394e-07
-4.17046e-08
6.81178e-07
-4.50877e-08
7.05419e-07
-4.83878e-08
7.36522e-07
-5.0426e-08
7.55721e-07
-4.7805e-08
7.85573e-07
-3.51497e-08
7.75792e-07
2.57914e-09
7.87348e-07
6.78669e-08
7.59867e-07
1.87609e-07
6.9257e-07
2.30086e-07
3.32435e-08
5.8421e-08
-2.25816e-07
1.1395e-07
-1.75095e-07
1.67332e-07
-1.3031e-07
2.19831e-07
-8.99032e-08
2.7031e-07
-5.30459e-08
3.13536e-07
-2.16713e-08
3.47759e-07
4.17698e-09
3.83316e-07
2.64917e-08
4.2355e-07
4.59335e-08
4.79524e-07
5.81574e-08
5.29149e-07
5.90921e-08
5.48716e-07
3.86658e-08
5.58186e-07
1.21367e-08
5.65465e-07
-9.58027e-09
5.73232e-07
-2.51418e-08
5.82669e-07
-3.61687e-08
5.9415e-07
-4.40134e-08
6.084e-07
-5.05534e-08
6.2546e-07
-5.6451e-08
6.46261e-07
-6.30348e-08
6.70254e-07
-6.9533e-08
6.97611e-07
-7.582e-08
7.27367e-07
-7.95285e-08
7.5667e-07
-7.6792e-08
7.8899e-07
-6.41452e-08
8.28162e-07
-3.2604e-08
8.94734e-07
1.19907e-08
1.0284e-06
6.69561e-08
1.11762e-06
8.8498e-08
2.04219e-08
6.12019e-08
-2.89264e-07
1.18606e-07
-2.33518e-07
1.74288e-07
-1.85341e-07
2.25775e-07
-1.4028e-07
2.71215e-07
-9.79765e-08
3.10361e-07
-5.99338e-08
3.43804e-07
-2.81719e-08
3.76025e-07
-3.75477e-09
4.10014e-07
1.30161e-08
4.47628e-07
2.11874e-08
4.84019e-07
2.15531e-08
5.09716e-07
1.2984e-08
5.26333e-07
-3.04308e-09
5.38794e-07
-2.05767e-08
5.50725e-07
-3.62139e-08
5.64324e-07
-4.94598e-08
5.81762e-07
-6.10737e-08
6.03671e-07
-7.22505e-08
6.31376e-07
-8.3284e-08
6.64121e-07
-9.52179e-08
7.02104e-07
-1.06012e-07
7.44146e-07
-1.16744e-07
7.88115e-07
-1.21693e-07
8.37461e-07
-1.2314e-07
8.90858e-07
-1.14292e-07
9.7285e-07
-1.04808e-07
1.08635e-06
-9.70006e-08
1.27077e-06
-1.07629e-07
1.44996e-06
-1.1436e-07
-7.66239e-08
8.24377e-08
-3.79618e-07
1.55755e-07
-3.06419e-07
2.22301e-07
-2.48897e-07
2.80817e-07
-1.96158e-07
3.31304e-07
-1.46849e-07
3.74855e-07
-1.02359e-07
4.13024e-07
-6.53899e-08
4.4762e-07
-3.74299e-08
4.79833e-07
-1.89549e-08
5.10235e-07
-9.37863e-09
5.38756e-07
-7.28563e-09
5.63812e-07
-1.19852e-08
5.84732e-07
-2.31349e-08
6.0309e-07
-3.79674e-08
6.22023e-07
-5.4209e-08
6.43538e-07
-7.02652e-08
6.70172e-07
-8.66037e-08
7.01254e-07
-1.02662e-07
7.38723e-07
-1.19201e-07
7.78812e-07
-1.35146e-07
8.24547e-07
-1.49805e-07
8.69829e-07
-1.62819e-07
9.21088e-07
-1.70108e-07
9.74628e-07
-1.77485e-07
1.04292e-06
-1.76906e-07
1.13319e-06
-1.92613e-07
1.25835e-06
-2.11165e-07
1.43862e-06
-2.80799e-07
1.64386e-06
-3.22153e-07
-2.80277e-07
1.19169e-07
-4.97037e-07
2.24074e-07
-3.98099e-07
3.12488e-07
-3.28942e-07
3.82344e-07
-2.62268e-07
4.37276e-07
-2.00236e-07
4.82407e-07
-1.46588e-07
5.21331e-07
-1.03757e-07
5.56316e-07
-7.18031e-08
5.88161e-07
-5.03871e-08
6.17364e-07
-3.80578e-08
6.43977e-07
-3.36072e-08
6.68131e-07
-3.57519e-08
6.89148e-07
-4.39843e-08
7.08454e-07
-5.66524e-08
7.27432e-07
-7.2773e-08
7.48244e-07
-9.0153e-08
7.71377e-07
-1.09286e-07
7.96973e-07
-1.27494e-07
8.25107e-07
-1.472e-07
8.53587e-07
-1.63635e-07
8.85866e-07
-1.81938e-07
9.16384e-07
-1.94414e-07
9.58473e-07
-2.10182e-07
9.99604e-07
-2.21092e-07
1.06847e-06
-2.3894e-07
1.13596e-06
-2.65586e-07
1.24133e-06
-3.00001e-07
1.35594e-06
-3.92184e-07
1.52292e-06
-4.42723e-07
-6.30984e-07
2.34078e-07
-6.90638e-07
4.04027e-07
-5.49527e-07
4.9801e-07
-4.20348e-07
5.49901e-07
-3.14869e-07
5.82179e-07
-2.33528e-07
6.06908e-07
-1.72034e-07
6.29099e-07
-1.26514e-07
6.50705e-07
-9.36672e-08
6.71423e-07
-7.14084e-08
6.91082e-07
-5.77812e-08
7.08735e-07
-5.15824e-08
7.24505e-07
-5.15967e-08
7.37385e-07
-5.72651e-08
7.48546e-07
-6.75832e-08
7.57486e-07
-8.19552e-08
7.66666e-07
-9.87396e-08
7.74588e-07
-1.17794e-07
7.849e-07
-1.37043e-07
7.94506e-07
-1.58093e-07
8.09682e-07
-1.77279e-07
8.26083e-07
-2.00079e-07
8.52779e-07
-2.17754e-07
8.86866e-07
-2.45784e-07
9.32505e-07
-2.62086e-07
9.99193e-07
-3.05069e-07
1.05447e-06
-3.21969e-07
1.16224e-06
-3.97415e-07
1.18967e-06
-4.42589e-07
1.62035e-06
-7.18571e-07
-1.68686e-06
8.45664e-07
-6.6044e-07
7.67527e-07
-5.16188e-07
7.06691e-07
-3.80485e-07
6.63625e-07
-2.81374e-07
6.37585e-07
-2.11777e-07
6.25312e-07
-1.61661e-07
6.22759e-07
-1.24828e-07
6.26437e-07
-9.77573e-08
6.33473e-07
-7.87009e-08
6.41923e-07
-6.63622e-08
6.50391e-07
-6.01318e-08
6.58162e-07
-5.92694e-08
6.6477e-07
-6.35907e-08
6.70224e-07
-7.24553e-08
6.74823e-07
-8.57318e-08
6.79533e-07
-1.024e-07
6.85357e-07
-1.22378e-07
6.94503e-07
-1.44631e-07
7.07151e-07
-1.69234e-07
7.28025e-07
-1.95685e-07
7.52359e-07
-2.23543e-07
7.92685e-07
-2.53646e-07
8.29793e-07
-2.85337e-07
8.95287e-07
-3.18268e-07
9.36474e-07
-3.58015e-07
1.02495e-06
-3.8897e-07
1.05178e-06
-4.56809e-07
1.14814e-06
-5.0542e-07
1.10203e-06
-8.02696e-07
-1.35686e-06
7.20822e-07
-4.57157e-07
6.02471e-07
-3.83382e-07
5.47503e-07
-3.15837e-07
5.30471e-07
-2.56836e-07
5.31476e-07
-2.07266e-07
5.4035e-07
-1.66794e-07
5.52293e-07
-1.34427e-07
5.65319e-07
-1.09231e-07
5.78195e-07
-9.06301e-08
5.90669e-07
-7.80107e-08
6.02274e-07
-7.11373e-08
6.13325e-07
-6.94897e-08
6.23557e-07
-7.31058e-08
6.33499e-07
-8.13439e-08
6.43295e-07
-9.46045e-08
6.5367e-07
-1.11615e-07
6.65836e-07
-1.33477e-07
6.79608e-07
-1.5761e-07
6.97922e-07
-1.86517e-07
7.17703e-07
-2.15936e-07
7.45311e-07
-2.49946e-07
7.7313e-07
-2.8393e-07
8.10679e-07
-3.203e-07
8.43478e-07
-3.56472e-07
8.78268e-07
-3.88047e-07
8.92849e-07
-4.15877e-07
8.65236e-07
-4.32987e-07
8.04233e-07
-4.74464e-07
4.21538e-07
-4.87766e-07
-3.09821e-07
8.21439e-07
-3.61872e-07
7.71446e-07
-3.38429e-07
7.43408e-07
-2.98012e-07
7.27251e-07
-2.50415e-07
7.17248e-07
-2.04825e-07
7.10704e-07
-1.6586e-07
7.06328e-07
-1.34256e-07
7.03744e-07
-1.09822e-07
7.02208e-07
-9.16535e-08
7.01566e-07
-7.93481e-08
7.00811e-07
-7.22179e-08
7.00004e-07
-7.01407e-08
6.97864e-07
-7.26768e-08
6.95059e-07
-7.98935e-08
6.90158e-07
-9.16493e-08
6.85122e-07
-1.07902e-07
6.7854e-07
-1.29122e-07
6.74235e-07
-1.54238e-07
6.7112e-07
-1.85538e-07
6.74431e-07
-2.1881e-07
6.83066e-07
-2.59995e-07
7.00119e-07
-2.98288e-07
7.19245e-07
-3.41055e-07
7.38565e-07
-3.71179e-07
7.37763e-07
-3.92494e-07
6.93839e-07
-3.73888e-07
6.09312e-07
-3.59896e-07
4.27076e-07
-3.14994e-07
2.1014e-07
-2.63557e-07
-2.55225e-07
8.36601e-07
-2.83736e-07
7.67165e-07
-2.67206e-07
7.09433e-07
-2.39132e-07
6.6567e-07
-2.05684e-07
6.34616e-07
-1.72448e-07
6.13217e-07
-1.42952e-07
5.98848e-07
-1.18186e-07
5.89169e-07
-9.86656e-08
5.82767e-07
-8.37587e-08
5.78216e-07
-7.36197e-08
5.74809e-07
-6.74851e-08
5.71605e-07
-6.58385e-08
5.6836e-07
-6.79344e-08
5.64761e-07
-7.48498e-08
5.61054e-07
-8.57803e-08
5.58195e-07
-1.02702e-07
5.56886e-07
-1.24491e-07
5.59999e-07
-1.53738e-07
5.67673e-07
-1.88784e-07
5.82616e-07
-2.29692e-07
6.02881e-07
-2.76111e-07
6.23563e-07
-3.17319e-07
6.41517e-07
-3.5702e-07
6.42072e-07
-3.73833e-07
5.95659e-07
-3.52222e-07
5.16432e-07
-2.97815e-07
4.03341e-07
-2.6014e-07
2.73222e-07
-1.87786e-07
1.28056e-07
-1.21507e-07
-4.17957e-08
8.5077e-07
-2.19925e-07
7.95493e-07
-2.10404e-07
7.50957e-07
-1.94416e-07
7.17771e-07
-1.73643e-07
6.94333e-07
-1.50738e-07
6.77965e-07
-1.2849e-07
6.66686e-07
-1.08533e-07
6.58521e-07
-9.20552e-08
6.52659e-07
-7.90722e-08
6.4782e-07
-7.00448e-08
6.43868e-07
-6.4428e-08
6.39723e-07
-6.28738e-08
6.35626e-07
-6.46322e-08
6.30644e-07
-7.11381e-08
6.25233e-07
-8.12516e-08
6.1907e-07
-9.8037e-08
6.1229e-07
-1.18959e-07
6.0644e-07
-1.49713e-07
5.99053e-07
-1.83672e-07
5.95423e-07
-2.28298e-07
5.87935e-07
-2.72514e-07
5.81483e-07
-3.13452e-07
5.70631e-07
-3.4977e-07
5.24929e-07
-3.36221e-07
4.36513e-07
-2.71363e-07
3.44416e-07
-2.00026e-07
2.47362e-07
-1.6489e-07
1.51578e-07
-7.10457e-08
5.81879e-08
-2.68025e-08
-1.9934e-09
8.61035e-07
-1.66741e-07
8.1273e-07
-1.61033e-07
7.6983e-07
-1.51016e-07
7.3338e-07
-1.37272e-07
7.03587e-07
-1.21302e-07
6.79538e-07
-1.04966e-07
6.60431e-07
-8.97701e-08
6.44755e-07
-7.67892e-08
6.32017e-07
-6.64073e-08
6.20637e-07
-5.89935e-08
6.10742e-07
-5.43641e-08
6.00433e-07
-5.29242e-08
5.90561e-07
-5.42881e-08
5.78551e-07
-5.95345e-08
5.66232e-07
-6.79054e-08
5.50254e-07
-8.22975e-08
5.3387e-07
-1.00345e-07
5.14379e-07
-1.29453e-07
4.95954e-07
-1.60658e-07
4.82071e-07
-2.10821e-07
4.67639e-07
-2.51547e-07
4.65698e-07
-3.04473e-07
4.45023e-07
-3.26466e-07
3.76498e-07
-2.74491e-07
2.79477e-07
-1.82108e-07
1.94872e-07
-9.68561e-08
8.21645e-08
-6.08864e-08
2.36257e-09
-1.30708e-09
7.17713e-10
-1.62694e-09
-1.59216e-09
8.67508e-07
-1.2028e-07
8.24074e-07
-1.16779e-07
7.8409e-07
-1.10525e-07
7.48749e-07
-1.01768e-07
7.18638e-07
-9.13369e-08
6.93525e-07
-8.02272e-08
6.729e-07
-6.9578e-08
6.55709e-07
-6.01189e-08
6.41383e-07
-5.24693e-08
6.28649e-07
-4.67998e-08
6.17394e-07
-4.33661e-08
6.05999e-07
-4.21632e-08
5.95059e-07
-4.34364e-08
5.82095e-07
-4.74378e-08
5.68899e-07
-5.45197e-08
5.51343e-07
-6.59925e-08
5.33669e-07
-8.18529e-08
5.09554e-07
-1.06927e-07
4.87992e-07
-1.36804e-07
4.62148e-07
-1.86462e-07
4.36758e-07
-2.23491e-07
4.1739e-07
-2.86256e-07
3.56599e-07
-2.74659e-07
2.5291e-07
-1.89009e-07
1.59818e-07
-7.11008e-08
6.43615e-08
-2.19642e-08
1.61351e-09
-5.78155e-10
1.37235e-09
-8.54863e-10
6.36824e-10
-1.53043e-09
-1.38466e-09
8.71633e-07
-7.80945e-08
8.31559e-07
-7.6062e-08
7.93855e-07
-7.23878e-08
7.5952e-07
-6.71871e-08
7.29086e-07
-6.09054e-08
7.02745e-07
-5.40341e-08
6.80168e-07
-4.73067e-08
6.60873e-07
-4.11518e-08
6.44151e-07
-3.61296e-08
6.29276e-07
-3.2291e-08
6.15573e-07
-3.00219e-08
6.02112e-07
-2.91227e-08
5.88471e-07
-3.00936e-08
5.73117e-07
-3.26703e-08
5.5622e-07
-3.77708e-08
5.34628e-07
-4.53232e-08
5.10144e-07
-5.69895e-08
4.75896e-07
-7.39425e-08
4.39448e-07
-9.78081e-08
3.87966e-07
-1.35239e-07
3.45012e-07
-1.70358e-07
2.97226e-07
-2.34202e-07
1.9977e-07
-1.83442e-07
7.33801e-08
-6.72959e-08
1.84576e-09
-3.0177e-10
1.60312e-09
-5.27665e-10
1.20936e-09
-4.36736e-10
9.91731e-10
-6.39023e-10
5.19813e-10
-8.6872e-10
-8.96175e-10
8.74092e-07
-3.84528e-08
8.36081e-07
-3.75158e-08
7.99874e-07
-3.5809e-08
7.66335e-07
-3.33813e-08
7.35915e-07
-3.04297e-08
7.0901e-07
-2.71575e-08
6.85378e-07
-2.39126e-08
6.64902e-07
-2.0894e-08
6.46783e-07
-1.84123e-08
6.30697e-07
-1.64832e-08
6.15554e-07
-1.53574e-08
6.01005e-07
-1.48821e-08
5.85785e-07
-1.54143e-08
5.69364e-07
-1.66707e-08
5.50372e-07
-1.93701e-08
5.274e-07
-2.30679e-08
4.99314e-07
-2.93477e-08
4.61768e-07
-3.76477e-08
4.16308e-07
-5.15792e-08
3.50987e-07
-7.15723e-08
2.8998e-07
-1.01171e-07
1.98468e-07
-1.43315e-07
6.40216e-08
-6.87109e-08
1.67157e-09
-5.04445e-11
1.93353e-09
-4.01999e-11
1.53569e-09
-3.71531e-10
1.19089e-09
-2.84423e-10
8.61653e-10
-3.33177e-10
4.50699e-10
-4.0926e-10
-4.35145e-10
8.75243e-07
8.38211e-07
8.02745e-07
7.69631e-07
7.3928e-07
7.12143e-07
6.88028e-07
6.66969e-07
6.4815e-07
6.31442e-07
6.15536e-07
6.00437e-07
5.84304e-07
5.67411e-07
5.47055e-07
5.23702e-07
4.93041e-07
4.55023e-07
4.02085e-07
3.30103e-07
2.29079e-07
8.27674e-08
1.25532e-09
1.80511e-09
1.70684e-09
1.46647e-09
1.15688e-09
8.13289e-10
4.2133e-10
)
;

boundaryField
{
    inlet1
    {
        type            calculated;
        value           nonuniform List<scalar> 10(-1e-07 -1e-07 -1e-07 -1e-07 -1e-07 -1e-07 -1e-07 -1e-07 -1e-07 -1e-07);
    }
    inlet2
    {
        type            calculated;
        value           uniform 0;
    }
    inlet3
    {
        type            calculated;
        value           nonuniform List<scalar> 10(-9.13394e-07 -9.13394e-07 -9.13394e-07 -9.13394e-07 -9.13394e-07 -9.13394e-07 -9.13394e-07 -9.13394e-07 -9.13394e-07 -9.13394e-07);
    }
    output1
    {
        type            calculated;
        value           uniform 0;
    }
    output2
    {
        type            calculated;
        value           nonuniform List<scalar> 10(8.26359e-09 5.72205e-09 5.25716e-09 4.05378e-09 7.09147e-07 1.15938e-06 1.55225e-06 1.83139e-06 1.88847e-06 2.97e-06);
    }
    output3
    {
        type            calculated;
        value           uniform -0;
    }
    up
    {
        type            calculated;
        value           uniform 0;
    }
    down
    {
        type            calculated;
        value           uniform 0;
    }
    emptyWalls
    {
        type            empty;
        value           nonuniform List<scalar> 0();
    }
}


// ************************************************************************* //
