/*--------------------------------*- C++ -*----------------------------------*\
  =========                 |
  \\      /  F ield         | OpenFOAM: The Open Source CFD Toolbox
   \\    /   O peration     | Website:  https://openfoam.org
    \\  /    A nd           | Version:  9
     \\/     M anipulation  |
\*---------------------------------------------------------------------------*/
FoamFile
{
    format      ascii;
    class       volScalarField;
    location    "26500";
    object      Sw;
}
// * * * * * * * * * * * * * * * * * * * * * * * * * * * * * * * * * * * * * //

dimensions      [0 0 0 0 0 0 0];

internalField   nonuniform List<scalar> 
900
(
0.70435
0.536764
0.708042
0.510255
0.159576
0.15
0.15
0.15
0.15
0.15
0.15
0.15
0.15
0.15
0.15
0.15
0.15
0.15
0.15
0.15
0.15
0.15
0.15
0.15
0.15
0.15
0.15
0.15
0.15
0.15
0.789939
0.806624
0.626061
0.547348
0.233764
0.15
0.15
0.15
0.15
0.15
0.15
0.15
0.15
0.15
0.15
0.15
0.15
0.15
0.15
0.15
0.15
0.15
0.15
0.15
0.15
0.15
0.15
0.15
0.15
0.15
0.760464
0.587421
0.552511
0.440119
0.15183
0.15
0.15
0.15
0.15
0.15
0.15
0.15
0.15
0.15
0.15
0.15
0.15
0.15
0.15
0.15
0.15
0.15
0.15
0.15
0.15
0.15
0.15
0.15
0.15
0.15
0.801802
0.739941
0.567448
0.333712
0.150053
0.15
0.15
0.15
0.15
0.15
0.15
0.15
0.15
0.15
0.15
0.15
0.15
0.15
0.15
0.15
0.15
0.15
0.15
0.15
0.15
0.15
0.15
0.15
0.15
0.15
0.780674
0.654853
0.556657
0.2948
0.150007
0.15
0.15
0.15
0.15
0.15
0.15
0.15
0.15
0.15
0.15
0.15
0.15
0.15
0.15
0.15
0.15
0.15
0.15
0.15
0.15
0.15
0.15
0.15
0.15
0.15
0.79791
0.727628
0.570342
0.238748
0.15
0.15
0.15
0.15
0.15
0.15
0.15
0.15
0.15
0.15
0.15
0.15
0.15
0.15
0.15
0.15
0.15
0.15
0.15
0.15
0.15
0.15
0.15
0.15
0.15
0.15
0.785272
0.639049
0.575645
0.206761
0.15
0.15
0.15
0.15
0.15
0.15
0.15
0.15
0.15
0.15
0.15
0.15
0.15
0.15
0.15
0.15
0.15
0.15
0.15
0.15
0.15
0.15
0.15
0.15
0.15
0.15
0.805317
0.738786
0.579807
0.179707
0.15
0.15
0.15
0.15
0.15
0.15
0.15
0.15
0.15
0.15
0.15
0.15
0.15
0.15
0.15
0.15
0.15
0.15
0.15
0.15
0.15
0.15
0.15
0.15
0.15
0.15
0.81152
0.658488
0.615022
0.16111
0.15
0.15
0.15
0.15
0.15
0.15
0.15
0.15
0.15
0.15
0.15
0.15
0.15
0.15
0.15
0.15
0.15
0.15
0.15
0.15
0.15
0.15
0.15
0.15
0.15
0.15
0.847469
0.783095
0.590004
0.160943
0.15
0.15
0.15
0.15
0.15
0.15
0.15
0.15
0.15
0.15
0.15
0.15
0.15
0.15
0.15
0.15
0.15
0.15
0.15
0.15
0.15
0.15
0.15
0.15
0.15
0.15
0.874987
0.725719
0.64169
0.397194
0.150071
0.15
0.15
0.15
0.15
0.15
0.15
0.15
0.15
0.15
0.15
0.15
0.15
0.15
0.15
0.15
0.15
0.15
0.15
0.15
0.15
0.15
0.15
0.15
0.15
0.15
0.907642
0.84079
0.687443
0.534635
0.481471
0.168335
0.150002
0.150001
0.150001
0.150001
0.15
0.15
0.15
0.15
0.15
0.15
0.15
0.15
0.15
0.15
0.15
0.15
0.15
0.15
0.15
0.15
0.15
0.15
0.15
0.15
0.871076
0.810755
0.763672
0.692762
0.642896
0.609995
0.596095
0.590431
0.576816
0.573298
0.267006
0.167339
0.169243
0.172247
0.173318
0.172447
0.170946
0.169036
0.166508
0.163762
0.161279
0.158793
0.15616
0.153358
0.150688
0.15
0.15
0.15
0.15
0.15
0.784919
0.679953
0.684739
0.682522
0.656091
0.643353
0.627542
0.626113
0.609126
0.602585
0.562164
0.550638
0.549327
0.550012
0.551634
0.553723
0.555807
0.557302
0.558647
0.558997
0.560207
0.559797
0.56173
0.560968
0.563484
0.563741
0.561844
0.563815
0.333802
0.194098
0.627072
0.618879
0.611916
0.623082
0.620553
0.619304
0.612152
0.609089
0.602144
0.597638
0.593714
0.585165
0.581959
0.581711
0.582749
0.583733
0.585135
0.585465
0.586388
0.585879
0.586503
0.585933
0.586149
0.586566
0.584903
0.586531
0.576195
0.571342
0.540037
0.531409
0.616251
0.607387
0.5995
0.596406
0.595237
0.594152
0.591676
0.588881
0.587796
0.586815
0.589966
0.588077
0.586001
0.585216
0.585195
0.585406
0.585601
0.585645
0.585654
0.58551
0.58557
0.585429
0.585507
0.585001
0.583647
0.580994
0.576194
0.571989
0.571608
0.56463
0.596528
0.589952
0.587945
0.587612
0.587798
0.587325
0.586245
0.584605
0.584003
0.583957
0.585252
0.585433
0.58472
0.584167
0.584025
0.584224
0.584623
0.58535
0.58612
0.587272
0.588184
0.58934
0.589831
0.589762
0.588744
0.585885
0.584319
0.581874
0.585972
0.584909
0.592641
0.587459
0.587564
0.589327
0.591176
0.592293
0.592699
0.592613
0.59253
0.592528
0.592724
0.592844
0.59274
0.592597
0.592685
0.593202
0.593997
0.595299
0.596417
0.598043
0.59866
0.599973
0.599218
0.599593
0.597061
0.596311
0.592919
0.591672
0.590503
0.591313
0.586211
0.586392
0.591648
0.596595
0.600031
0.601959
0.603076
0.603575
0.603971
0.60413
0.604363
0.604367
0.604411
0.604129
0.604188
0.604154
0.604652
0.604885
0.605362
0.605331
0.604985
0.604439
0.602647
0.602197
0.598884
0.599964
0.594632
0.594853
0.582895
0.578839
0.587173
0.597556
0.606168
0.610349
0.611789
0.61196
0.611809
0.611496
0.611329
0.61102
0.610858
0.610392
0.610064
0.609257
0.608784
0.607741
0.607323
0.605925
0.605495
0.603408
0.60303
0.600233
0.600251
0.597447
0.597778
0.596727
0.595173
0.598716
0.579116
0.575569
0.609479
0.620917
0.620503
0.616629
0.61291
0.610161
0.608345
0.60717
0.606434
0.605874
0.605427
0.604916
0.604389
0.603702
0.602974
0.60209
0.601244
0.60028
0.599561
0.598572
0.598413
0.597061
0.598253
0.595418
0.599159
0.592391
0.600358
0.589364
0.618786
0.648707
0.596531
0.593085
0.592771
0.593454
0.594499
0.59567
0.596854
0.597867
0.598781
0.599439
0.600062
0.600418
0.600845
0.600964
0.601222
0.601136
0.601217
0.601036
0.600806
0.600651
0.599749
0.599849
0.597946
0.59843
0.595089
0.595469
0.590804
0.589876
0.586608
0.507882
0.598781
0.600515
0.604015
0.607001
0.608812
0.609719
0.610092
0.61017
0.610139
0.609959
0.609813
0.609445
0.609182
0.60848
0.607974
0.60669
0.605842
0.60379
0.602708
0.600044
0.599185
0.596488
0.596034
0.592796
0.591602
0.585332
0.579403
0.570806
0.552851
0.556517
0.599425
0.598638
0.598231
0.598067
0.597879
0.597691
0.597432
0.597299
0.597117
0.597107
0.596957
0.596971
0.596729
0.596642
0.596225
0.595968
0.595476
0.595132
0.594954
0.594675
0.594839
0.594217
0.592944
0.590411
0.584729
0.573177
0.562531
0.54528
0.532652
0.487873
0.599504
0.598862
0.598815
0.599354
0.600153
0.601022
0.601728
0.602402
0.602846
0.603372
0.603624
0.604087
0.604178
0.604611
0.604523
0.604863
0.604508
0.604418
0.603601
0.602122
0.60053
0.596275
0.592791
0.585407
0.572578
0.554033
0.538472
0.512927
0.503176
0.343259
0.599649
0.599184
0.598975
0.599029
0.599226
0.599511
0.599719
0.59997
0.600041
0.600272
0.600199
0.600483
0.600208
0.6006
0.59996
0.600453
0.599068
0.599417
0.59671
0.596269
0.592647
0.589343
0.585163
0.57236
0.552103
0.529531
0.510418
0.32981
0.150003
0.15
0.599751
0.599384
0.599161
0.599092
0.599181
0.599383
0.599633
0.599924
0.600164
0.600479
0.600652
0.601042
0.601119
0.601701
0.601594
0.602537
0.601916
0.603307
0.601117
0.602509
0.59671
0.594329
0.583062
0.55785
0.522058
0.501403
0.169961
0.15
0.15
0.15
0.599812
0.599519
0.599319
0.599203
0.599215
0.599297
0.599481
0.599666
0.599917
0.600129
0.600402
0.60065
0.600942
0.601306
0.6016
0.602226
0.602288
0.603261
0.601677
0.602183
0.593205
0.590835
0.566572
0.524414
0.190779
0.15
0.15
0.15
0.15
0.15
0.599848
0.5996
0.599424
0.599293
0.599269
0.599286
0.599431
0.599556
0.599821
0.599984
0.600342
0.600517
0.601002
0.601232
0.60192
0.60232
0.603244
0.603952
0.604439
0.604823
0.598475
0.594255
0.54345
0.197243
0.15
0.15
0.15
0.15
0.15
0.15
0.599864
0.599639
0.599474
0.599342
0.599303
0.599295
0.599415
0.599515
0.599776
0.59992
0.600309
0.600452
0.601028
0.601172
0.602092
0.60227
0.603808
0.603988
0.606391
0.60571
0.607051
0.593356
0.275048
0.15
0.15
0.15
0.15
0.15
0.15
0.15
)
;

boundaryField
{
    inlet1
    {
        type            fixedValue;
        value           uniform 0.85;
    }
    inlet2
    {
        type            zeroGradient;
    }
    inlet3
    {
        type            fixedValue;
        value           uniform 0.6;
    }
    output1
    {
        type            zeroGradient;
    }
    output2
    {
        type            zeroGradient;
    }
    output3
    {
        type            zeroGradient;
    }
    up
    {
        type            zeroGradient;
    }
    down
    {
        type            zeroGradient;
    }
    emptyWalls
    {
        type            empty;
    }
}


// ************************************************************************* //
