/*--------------------------------*- C++ -*----------------------------------*\
  =========                 |
  \\      /  F ield         | OpenFOAM: The Open Source CFD Toolbox
   \\    /   O peration     | Website:  https://openfoam.org
    \\  /    A nd           | Version:  9
     \\/     M anipulation  |
\*---------------------------------------------------------------------------*/
FoamFile
{
    format      ascii;
    class       volVectorField;
    location    "26500";
    object      ut;
}
// * * * * * * * * * * * * * * * * * * * * * * * * * * * * * * * * * * * * * //

dimensions      [0 1 -1 0 0 0 0];

internalField   nonuniform List<vector> 
900
(
(3.18266e-06 1.93899e-06 -0)
(2.07945e-07 3.98139e-08 -0)
(7.38026e-07 2.53357e-07 -0)
(1.49409e-07 2.81045e-08 -0)
(7.09598e-08 -3.85497e-10 -0)
(1.39546e-07 4.05197e-09 -0)
(1.31787e-07 2.23957e-09 -0)
(1.2826e-07 1.28765e-09 -0)
(1.26298e-07 6.73683e-10 -0)
(1.25343e-07 2.82568e-10 -0)
(1.24999e-07 6.17546e-11 -0)
(1.24964e-07 -2.62126e-11 -0)
(1.25e-07 -1.00585e-11 -0)
(1.24922e-07 8.88042e-11 -0)
(1.24579e-07 2.55483e-10 -0)
(1.23843e-07 4.80812e-10 -0)
(1.22602e-07 7.60707e-10 -0)
(1.20747e-07 1.09538e-09 -0)
(1.18164e-07 1.48823e-09 -0)
(1.14732e-07 1.94466e-09 -0)
(1.10318e-07 2.47078e-09 -0)
(1.04776e-07 3.07159e-09 -0)
(9.79572e-08 3.7486e-09 -0)
(8.97131e-08 4.49662e-09 -0)
(7.99178e-08 5.29965e-09 -0)
(6.84927e-08 6.12641e-09 -0)
(5.54403e-08 6.92705e-09 -0)
(4.08807e-08 7.63364e-09 -0)
(2.50805e-08 8.16779e-09 -0)
(8.45666e-09 8.45721e-09 -0)
(5.13128e-06 1.25518e-05 -0)
(3.81815e-06 8.33781e-06 -0)
(2.6057e-07 7.44287e-07 -0)
(1.97473e-07 2.23061e-07 -0)
(5.40033e-08 5.43458e-09 -0)
(1.42187e-07 8.14337e-09 -0)
(1.29022e-07 5.85835e-09 -0)
(1.26694e-07 3.52516e-09 -0)
(1.25293e-07 1.79837e-09 -0)
(1.24731e-07 6.77587e-10 -0)
(1.2469e-07 5.26631e-11 -0)
(1.24892e-07 -1.82533e-10 -0)
(1.25115e-07 -1.12609e-10 -0)
(1.25188e-07 1.98948e-10 -0)
(1.24971e-07 7.08048e-10 -0)
(1.24348e-07 1.38804e-09 -0)
(1.23217e-07 2.22762e-09 -0)
(1.21475e-07 3.22833e-09 -0)
(1.19013e-07 4.40148e-09 -0)
(1.15715e-07 5.76471e-09 -0)
(1.11445e-07 7.33806e-09 -0)
(1.06054e-07 9.13894e-09 -0)
(9.93823e-08 1.11752e-08 -0)
(9.12641e-08 1.34352e-08 -0)
(8.15475e-08 1.58756e-08 -0)
(7.01201e-08 1.84058e-08 -0)
(5.69475e-08 2.08757e-08 -0)
(4.21215e-08 2.30738e-08 -0)
(2.59041e-08 2.47485e-08 -0)
(8.74608e-09 2.56609e-08 -0)
(2.48267e-06 1.29503e-05 -0)
(1.25421e-07 1.08839e-06 -0)
(7.80363e-08 6.00407e-07 -0)
(1.84301e-07 5.9587e-08 -0)
(8.03307e-08 3.6453e-08 -0)
(1.37583e-07 1.60246e-08 -0)
(1.27168e-07 9.52542e-09 -0)
(1.242e-07 5.15636e-09 -0)
(1.23451e-07 2.31714e-09 -0)
(1.23597e-07 5.76803e-10 -0)
(1.24139e-07 -3.46065e-10 -0)
(1.24798e-07 -6.43843e-10 -0)
(1.25382e-07 -4.56778e-10 -0)
(1.25743e-07 1.11571e-10 -0)
(1.25768e-07 9.8974e-10 -0)
(1.25363e-07 2.13571e-09 -0)
(1.24443e-07 3.53355e-09 -0)
(1.22921e-07 5.18908e-09 -0)
(1.20701e-07 7.12489e-09 -0)
(1.17669e-07 9.37484e-09 -0)
(1.13692e-07 1.1978e-08 -0)
(1.08613e-07 1.49711e-08 -0)
(1.02254e-07 1.8378e-08 -0)
(9.44135e-08 2.21938e-08 -0)
(8.48883e-08 2.63621e-08 -0)
(7.34928e-08 3.07459e-08 -0)
(6.01083e-08 3.50965e-08 -0)
(4.47535e-08 3.90376e-08 -0)
(2.76676e-08 4.20914e-08 -0)
(9.3691e-09 4.37768e-08 -0)
(4.92679e-06 2.88931e-05 -0)
(1.26892e-06 1.42774e-05 -0)
(7.45912e-08 1.18484e-06 -0)
(5.2261e-08 6.56078e-09 -0)
(9.10392e-08 4.40392e-08 -0)
(1.14972e-07 2.14289e-08 -0)
(1.18154e-07 1.10623e-08 -0)
(1.19485e-07 5.25761e-09 -0)
(1.20714e-07 1.73689e-09 -0)
(1.22067e-07 -3.41668e-10 -0)
(1.23469e-07 -1.37023e-09 -0)
(1.24781e-07 -1.59026e-09 -0)
(1.25871e-07 -1.18258e-09 -0)
(1.26634e-07 -2.85888e-10 -0)
(1.26995e-07 1.00349e-09 -0)
(1.26892e-07 2.63135e-09 -0)
(1.2627e-07 4.58155e-09 -0)
(1.25066e-07 6.8693e-09 -0)
(1.23199e-07 9.53392e-09 -0)
(1.20568e-07 1.26315e-08 -0)
(1.17041e-07 1.62276e-08 -0)
(1.12454e-07 2.03892e-08 -0)
(1.06605e-07 2.51717e-08 -0)
(9.92482e-08 3.05996e-08 -0)
(9.00997e-08 3.6633e-08 -0)
(7.88545e-08 4.31189e-08 -0)
(6.52392e-08 4.97263e-08 -0)
(4.91164e-08 5.58882e-08 -0)
(3.06433e-08 6.08025e-08 -0)
(1.04315e-08 6.35783e-08 -0)
(3.92576e-06 2.86935e-05 -0)
(6.1215e-07 5.58276e-06 -0)
(1.43962e-07 1.21024e-06 -0)
(3.62678e-08 4.02098e-09 -0)
(9.80007e-08 2.27125e-08 -0)
(1.04596e-07 1.48637e-08 -0)
(1.10997e-07 8.03739e-09 -0)
(1.14874e-07 3.07469e-09 -0)
(1.17852e-07 -2.85749e-10 -0)
(1.2049e-07 -2.31033e-09 -0)
(1.2289e-07 -3.20307e-09 -0)
(1.24986e-07 -3.16447e-09 -0)
(1.26686e-07 -2.39745e-09 -0)
(1.27929e-07 -1.0761e-09 -0)
(1.28685e-07 6.7861e-10 -0)
(1.28941e-07 2.80447e-09 -0)
(1.28681e-07 5.29177e-09 -0)
(1.27873e-07 8.1725e-09 -0)
(1.26463e-07 1.15098e-08 -0)
(1.24362e-07 1.53893e-08 -0)
(1.2145e-07 1.99116e-08 -0)
(1.17558e-07 2.51861e-08 -0)
(1.12464e-07 3.13201e-08 -0)
(1.05875e-07 3.83997e-08 -0)
(9.74077e-08 4.64514e-08 -0)
(8.65861e-08 5.53701e-08 -0)
(7.28776e-08 6.48013e-08 -0)
(5.58297e-08 7.39864e-08 -0)
(3.53576e-08 8.16524e-08 -0)
(1.21448e-08 8.61555e-08 -0)
(4.637e-06 4.33474e-05 -0)
(1.49509e-06 1.88169e-05 -0)
(1.59843e-07 1.87918e-06 -0)
(3.58211e-08 4.31399e-09 -0)
(1.00588e-07 9.83314e-09 -0)
(1.00296e-07 7.28151e-09 -0)
(1.06365e-07 3.14874e-09 -0)
(1.11162e-07 -7.10607e-10 -0)
(1.15329e-07 -3.64437e-09 -0)
(1.1915e-07 -5.41104e-09 -0)
(1.22615e-07 -5.96737e-09 -0)
(1.25587e-07 -5.46722e-09 -0)
(1.27959e-07 -4.16685e-09 -0)
(1.2971e-07 -2.29986e-09 -0)
(1.30875e-07 -1.76748e-11 -0)
(1.31505e-07 2.61592e-09 -0)
(1.31638e-07 5.60835e-09 -0)
(1.31284e-07 9.01892e-09 -0)
(1.30416e-07 1.29433e-08 -0)
(1.2897e-07 1.75038e-08 -0)
(1.26838e-07 2.28432e-08 -0)
(1.23863e-07 2.91234e-08 -0)
(1.19818e-07 3.65227e-08 -0)
(1.14379e-07 4.52275e-08 -0)
(1.0707e-07 5.54024e-08 -0)
(9.72044e-08 6.71087e-08 -0)
(8.38555e-08 8.01226e-08 -0)
(6.59674e-08 9.3604e-08 -0)
(4.28124e-08 1.05665e-07 -0)
(1.49346e-08 1.13235e-07 -0)
(4.71273e-06 4.28053e-05 -0)
(5.88469e-07 6.28386e-06 -0)
(1.8495e-07 2.32269e-06 -0)
(4.01208e-08 5.58306e-09 -0)
(9.89661e-08 3.21178e-09 -0)
(9.79116e-08 1.28117e-09 -0)
(1.03005e-07 -2.01345e-09 -0)
(1.08081e-07 -5.42162e-09 -0)
(1.13151e-07 -8.17024e-09 -0)
(1.18167e-07 -9.72229e-09 -0)
(1.22834e-07 -9.78834e-09 -0)
(1.26786e-07 -8.57048e-09 -0)
(1.29854e-07 -6.50309e-09 -0)
(1.32078e-07 -3.93898e-09 -0)
(1.33601e-07 -1.06551e-09 -0)
(1.34567e-07 2.0684e-09 -0)
(1.35084e-07 5.50662e-09 -0)
(1.35208e-07 9.35119e-09 -0)
(1.34948e-07 1.37406e-08 -0)
(1.34262e-07 1.8839e-08 -0)
(1.33069e-07 2.4834e-08 -0)
(1.31237e-07 3.19416e-08 -0)
(1.28568e-07 4.04197e-08 -0)
(1.24754e-07 5.0585e-08 -0)
(1.19289e-07 6.28217e-08 -0)
(1.11306e-07 7.75396e-08 -0)
(9.93729e-08 9.49766e-08 -0)
(8.13722e-08 1.14642e-07 -0)
(5.49891e-08 1.34168e-07 -0)
(1.97151e-08 1.47885e-07 -0)
(5.09809e-06 5.6458e-05 -0)
(1.88875e-06 2.56133e-05 -0)
(1.88526e-07 2.50102e-06 -0)
(4.25632e-08 6.23791e-09 -0)
(9.46935e-08 -1.02368e-10 -0)
(9.5071e-08 -3.35517e-09 -0)
(9.96624e-08 -7.06218e-09 -0)
(1.05006e-07 -1.07922e-08 -0)
(1.11028e-07 -1.38928e-08 -0)
(1.17532e-07 -1.55196e-08 -0)
(1.23767e-07 -1.48933e-08 -0)
(1.28872e-07 -1.25234e-08 -0)
(1.32591e-07 -9.33615e-09 -0)
(1.35148e-07 -5.8876e-09 -0)
(1.36883e-07 -2.37395e-09 -0)
(1.38077e-07 1.21635e-09 -0)
(1.38921e-07 4.99846e-09 -0)
(1.39518e-07 9.13845e-09 -0)
(1.39904e-07 1.38285e-08 -0)
(1.40063e-07 1.92777e-08 -0)
(1.3994e-07 2.57119e-08 -0)
(1.39448e-07 3.33893e-08 -0)
(1.38462e-07 4.26291e-08 -0)
(1.36782e-07 5.38707e-08 -0)
(1.34025e-07 6.77599e-08 -0)
(1.29359e-07 8.52515e-08 -0)
(1.20958e-07 1.07603e-07 -0)
(1.05159e-07 1.35817e-07 -0)
(7.6056e-08 1.6848e-07 -0)
(2.86517e-08 1.96253e-07 -0)
(6.52007e-06 5.59555e-05 -0)
(4.82646e-07 8.02513e-06 -0)
(9.4421e-08 4.18646e-06 -0)
(4.21486e-08 6.57626e-09 -0)
(8.8508e-08 -2.70908e-09 -0)
(9.09518e-08 -7.53732e-09 -0)
(9.5568e-08 -1.20879e-08 -0)
(1.0125e-07 -1.6792e-08 -0)
(1.08424e-07 -2.10892e-08 -0)
(1.17166e-07 -2.35698e-08 -0)
(1.2583e-07 -2.17419e-08 -0)
(1.32344e-07 -1.72936e-08 -0)
(1.36489e-07 -1.24306e-08 -0)
(1.3904e-07 -7.9014e-09 -0)
(1.40705e-07 -3.7592e-09 -0)
(1.41939e-07 1.72345e-10 -0)
(1.43006e-07 4.13224e-09 -0)
(1.44038e-07 8.37546e-09 -0)
(1.45087e-07 1.31573e-08 -0)
(1.46146e-07 1.8731e-08 -0)
(1.47181e-07 2.53468e-08 -0)
(1.48154e-07 3.32741e-08 -0)
(1.49049e-07 4.28366e-08 -0)
(1.49885e-07 5.45087e-08 -0)
(1.5067e-07 6.9096e-08 -0)
(1.51149e-07 8.81039e-08 -0)
(1.49939e-07 1.14364e-07 -0)
(1.4225e-07 1.52544e-07 -0)
(1.15425e-07 2.07683e-07 -0)
(4.74877e-08 2.72393e-07 -0)
(7.7068e-06 6.84744e-05 -0)
(2.93262e-06 3.36877e-05 -0)
(2.22589e-07 2.86296e-06 -0)
(3.70798e-08 8.24314e-09 -0)
(8.02567e-08 -8.05208e-09 -0)
(8.56922e-08 -1.19972e-08 -0)
(9.04077e-08 -1.696e-08 -0)
(9.60042e-08 -2.31989e-08 -0)
(1.0425e-07 -3.01021e-08 -0)
(1.16879e-07 -3.59283e-08 -0)
(1.30043e-07 -3.12111e-08 -0)
(1.38183e-07 -2.24784e-08 -0)
(1.41983e-07 -1.51915e-08 -0)
(1.43819e-07 -9.52828e-09 -0)
(1.44956e-07 -4.93393e-09 -0)
(1.45969e-07 -9.00077e-10 -0)
(1.47124e-07 2.98259e-09 -0)
(1.48543e-07 7.07373e-09 -0)
(1.50259e-07 1.16944e-08 -0)
(1.52252e-07 1.71424e-08 -0)
(1.54483e-07 2.36699e-08 -0)
(1.56938e-07 3.15237e-08 -0)
(1.59696e-07 4.09343e-08 -0)
(1.63041e-07 5.22317e-08 -0)
(1.6762e-07 6.60112e-08 -0)
(1.74627e-07 8.37036e-08 -0)
(1.85398e-07 1.09204e-07 -0)
(1.98478e-07 1.52314e-07 -0)
(1.95905e-07 2.37315e-07 -0)
(9.33618e-08 4.13242e-07 -0)
(7.45833e-06 6.57417e-05 -0)
(4.93048e-06 1.36531e-05 -0)
(2.74547e-06 6.12851e-06 -0)
(2.25718e-07 1.07887e-07 -0)
(6.78484e-08 -3.40011e-09 -0)
(8.20438e-08 -1.57739e-08 -0)
(8.43663e-08 -2.05561e-08 -0)
(8.81083e-08 -2.89415e-08 -0)
(9.56944e-08 -4.01922e-08 -0)
(1.16057e-07 -5.88304e-08 -0)
(1.3928e-07 -4.46958e-08 -0)
(1.48363e-07 -2.62176e-08 -0)
(1.49439e-07 -1.63287e-08 -0)
(1.49298e-07 -1.00863e-08 -0)
(1.49333e-07 -5.54814e-09 -0)
(1.49856e-07 -1.8213e-09 -0)
(1.5098e-07 1.6245e-09 -0)
(1.5275e-07 5.24258e-09 -0)
(1.55155e-07 9.40404e-09 -0)
(1.58121e-07 1.44742e-08 -0)
(1.61562e-07 2.06665e-08 -0)
(1.65419e-07 2.82163e-08 -0)
(1.69757e-07 3.71452e-08 -0)
(1.74962e-07 4.74724e-08 -0)
(1.82142e-07 5.90132e-08 -0)
(1.94341e-07 7.14949e-08 -0)
(2.18549e-07 8.64341e-08 -0)
(2.70361e-07 1.10193e-07 -0)
(3.76353e-07 1.76019e-07 -0)
(6.36594e-07 3.1684e-07 -0)
(1.89969e-05 5.50964e-05 -0)
(3.47074e-05 3.80888e-05 -0)
(1.69743e-05 1.1507e-05 -0)
(4.49852e-06 2.22558e-06 -0)
(2.7913e-06 3.12589e-07 -0)
(6.32972e-08 -5.38859e-09 -0)
(7.72393e-08 -1.09516e-08 -0)
(7.63678e-08 -1.57956e-08 -0)
(7.43613e-08 -2.27654e-08 -0)
(1.12375e-07 -3.75495e-08 -0)
(1.62656e-07 -7.01519e-08 -0)
(1.6655e-07 -2.16565e-08 -0)
(1.58114e-07 -1.40565e-08 -0)
(1.546e-07 -9.13078e-09 -0)
(1.53221e-07 -5.47848e-09 -0)
(1.53141e-07 -2.5273e-09 -0)
(1.54188e-07 7.79602e-11 -0)
(1.56323e-07 2.8999e-09 -0)
(1.59491e-07 6.28301e-09 -0)
(1.63515e-07 1.08102e-08 -0)
(1.68226e-07 1.64733e-08 -0)
(1.73417e-07 2.37273e-08 -0)
(1.78952e-07 3.21504e-08 -0)
(1.84909e-07 4.16372e-08 -0)
(1.91642e-07 5.11087e-08 -0)
(2.02048e-07 5.68293e-08 -0)
(2.24096e-07 5.48449e-08 -0)
(2.88063e-07 2.60037e-08 -0)
(4.02552e-07 3.97262e-08 -0)
(5.20286e-07 7.51609e-08 -0)
(2.16236e-05 1.3342e-05 -0)
(4.67479e-05 1.49674e-05 -0)
(6.3885e-05 2.97862e-05 -0)
(5.28114e-05 2.06627e-05 -0)
(4.43269e-05 8.49317e-06 -0)
(3.67889e-05 4.48649e-06 -0)
(3.35405e-05 1.56151e-06 -0)
(3.13672e-05 1.54681e-06 -0)
(2.42693e-05 2.04162e-06 -0)
(2.12359e-05 4.54536e-06 -0)
(1.01163e-07 -3.19778e-09 -0)
(1.89648e-07 -7.29188e-09 -0)
(1.48982e-07 -5.46625e-09 -0)
(1.4331e-07 -3.76786e-09 -0)
(1.40883e-07 -2.40487e-09 -0)
(1.40952e-07 -1.29887e-09 -0)
(1.42797e-07 -3.54335e-10 -0)
(1.46349e-07 7.27674e-10 -0)
(1.5181e-07 2.09585e-09 -0)
(1.58587e-07 4.1302e-09 -0)
(1.66188e-07 6.74197e-09 -0)
(1.74364e-07 1.02857e-08 -0)
(1.82763e-07 1.44279e-08 -0)
(1.91149e-07 1.91888e-08 -0)
(1.96756e-07 2.38479e-08 -0)
(1.98077e-07 2.52241e-08 -0)
(1.87724e-07 2.00138e-08 -0)
(2.55242e-07 -1.20136e-08 -0)
(4.2551e-07 -9.77274e-08 -0)
(5.21707e-07 1.9973e-08 -0)
(1.10408e-05 -1.25239e-05 -0)
(1.36574e-05 -2.15305e-06 -0)
(3.17785e-05 4.89426e-06 -0)
(5.12574e-05 1.32724e-05 -0)
(5.33623e-05 1.1926e-05 -0)
(5.86543e-05 9.36218e-06 -0)
(5.38229e-05 6.14253e-06 -0)
(5.70596e-05 7.34276e-06 -0)
(4.731e-05 9.21577e-06 -0)
(5.06302e-05 1.60583e-05 -0)
(3.58311e-05 1.52152e-05 -0)
(3.45921e-05 1.72896e-06 -0)
(3.30439e-05 4.474e-07 -0)
(3.26358e-05 -4.61474e-08 -0)
(3.31777e-05 -3.19418e-07 -0)
(3.43104e-05 -4.8671e-07 -0)
(3.58188e-05 -5.90268e-07 -0)
(3.73679e-05 -6.47618e-07 -0)
(3.92461e-05 -6.87038e-07 -0)
(4.07585e-05 -7.31972e-07 -0)
(4.31541e-05 -7.67312e-07 -0)
(4.44731e-05 -8.36824e-07 -0)
(4.7667e-05 -8.37676e-07 -0)
(4.8604e-05 -8.34675e-07 -0)
(5.16726e-05 -5.40289e-07 -0)
(5.20638e-05 3.12243e-07 -0)
(4.75468e-05 2.70517e-06 -0)
(4.4753e-05 1.07273e-05 -0)
(6.45447e-07 5.1731e-08 -0)
(4.92436e-07 9.2209e-09 -0)
(1.56853e-06 -1.07365e-05 -0)
(7.00946e-06 -7.56718e-06 -0)
(1.35254e-05 -4.1881e-06 -0)
(2.47257e-05 -7.30992e-07 -0)
(3.29214e-05 2.71141e-06 -0)
(4.10386e-05 4.38077e-06 -0)
(4.33639e-05 5.08027e-06 -0)
(4.68848e-05 7.15138e-06 -0)
(4.76164e-05 1.00366e-05 -0)
(5.15452e-05 1.38715e-05 -0)
(5.69625e-05 1.45029e-05 -0)
(5.5506e-05 6.10996e-06 -0)
(5.48987e-05 1.8406e-06 -0)
(5.49303e-05 -2.27928e-07 -0)
(5.58037e-05 -1.41243e-06 -0)
(5.68615e-05 -2.13747e-06 -0)
(5.87656e-05 -2.57811e-06 -0)
(6.01537e-05 -2.83164e-06 -0)
(6.26603e-05 -3.03302e-06 -0)
(6.41426e-05 -3.22435e-06 -0)
(6.71362e-05 -3.45249e-06 -0)
(6.90995e-05 -3.69979e-06 -0)
(7.19844e-05 -3.81405e-06 -0)
(7.53201e-05 -3.67971e-06 -0)
(7.58241e-05 -2.51625e-06 -0)
(8.12904e-05 1.06071e-06 -0)
(7.3868e-05 7.90388e-06 -0)
(8.36015e-05 2.3172e-05 -0)
(6.83719e-05 2.84205e-05 -0)
(7.0142e-05 2.13408e-06 -0)
(2.97687e-06 -2.08143e-05 -0)
(8.70733e-06 -1.54215e-05 -0)
(1.40827e-05 -1.06606e-05 -0)
(1.93836e-05 -6.61972e-06 -0)
(2.45826e-05 -3.12539e-06 -0)
(2.94795e-05 -3.39519e-07 -0)
(3.32276e-05 1.92226e-06 -0)
(3.63242e-05 4.10001e-06 -0)
(4.03389e-05 6.33555e-06 -0)
(4.43711e-05 7.96557e-06 -0)
(5.15338e-05 8.17765e-06 -0)
(5.42961e-05 5.20905e-06 -0)
(5.54471e-05 1.83848e-06 -0)
(5.61901e-05 -5.82584e-07 -0)
(5.69029e-05 -2.15269e-06 -0)
(5.77435e-05 -3.18113e-06 -0)
(5.87903e-05 -3.82849e-06 -0)
(6.00398e-05 -4.30629e-06 -0)
(6.16403e-05 -4.68948e-06 -0)
(6.34518e-05 -5.11658e-06 -0)
(6.58004e-05 -5.56505e-06 -0)
(6.82503e-05 -5.97776e-06 -0)
(7.1272e-05 -6.27116e-06 -0)
(7.42014e-05 -5.88129e-06 -0)
(7.71327e-05 -4.51369e-06 -0)
(8.06654e-05 -5.44886e-07 -0)
(8.4967e-05 5.66951e-06 -0)
(9.39798e-05 1.43499e-05 -0)
(0.0001117 1.75967e-05 -0)
(0.000111825 4.51462e-06 -0)
(3.24497e-06 -2.43489e-05 -0)
(8.99542e-06 -1.95976e-05 -0)
(1.47257e-05 -1.54014e-05 -0)
(2.01319e-05 -1.13609e-05 -0)
(2.50231e-05 -7.48379e-06 -0)
(2.92199e-05 -3.99475e-06 -0)
(3.28523e-05 -1.08687e-06 -0)
(3.59085e-05 1.19833e-06 -0)
(3.92965e-05 2.85116e-06 -0)
(4.27062e-05 3.6659e-06 -0)
(4.68193e-05 3.64077e-06 -0)
(4.99845e-05 2.5241e-06 -0)
(5.19587e-05 5.88855e-07 -0)
(5.33079e-05 -1.33347e-06 -0)
(5.44509e-05 -2.87566e-06 -0)
(5.5694e-05 -4.05262e-06 -0)
(5.71707e-05 -4.97419e-06 -0)
(5.91817e-05 -5.8044e-06 -0)
(6.15525e-05 -6.60072e-06 -0)
(6.47227e-05 -7.49038e-06 -0)
(6.81016e-05 -8.34156e-06 -0)
(7.23193e-05 -9.18624e-06 -0)
(7.65099e-05 -9.63455e-06 -0)
(8.11131e-05 -9.4771e-06 -0)
(8.63792e-05 -8.31535e-06 -0)
(9.17925e-05 -5.97591e-06 -0)
(0.000102777 -3.27137e-06 -0)
(0.000114493 -9.58673e-07 -0)
(0.000139661 1.02881e-07 -0)
(0.000150332 -4.30239e-07 -0)
(4.437e-06 -3.35038e-05 -0)
(1.20505e-05 -2.7106e-05 -0)
(1.91005e-05 -2.16668e-05 -0)
(2.53598e-05 -1.6695e-05 -0)
(3.08036e-05 -1.21115e-05 -0)
(3.54571e-05 -7.99202e-06 -0)
(3.95139e-05 -4.54752e-06 -0)
(4.30908e-05 -1.94928e-06 -0)
(4.64332e-05 -2.4793e-07 -0)
(4.95334e-05 5.71581e-07 -0)
(5.25137e-05 6.69856e-07 -0)
(5.52374e-05 7.26874e-08 -0)
(5.75249e-05 -1.19747e-06 -0)
(5.94214e-05 -2.78187e-06 -0)
(6.11967e-05 -4.36712e-06 -0)
(6.32079e-05 -5.83934e-06 -0)
(6.54996e-05 -7.24055e-06 -0)
(6.85347e-05 -8.64571e-06 -0)
(7.1716e-05 -1.00561e-05 -0)
(7.60286e-05 -1.15532e-05 -0)
(7.97337e-05 -1.28608e-05 -0)
(8.51758e-05 -1.41626e-05 -0)
(8.87901e-05 -1.47041e-05 -0)
(9.54274e-05 -1.51508e-05 -0)
(9.94982e-05 -1.45431e-05 -0)
(0.000109085 -1.49857e-05 -0)
(0.000117554 -1.61287e-05 -0)
(0.000134116 -2.05672e-05 -0)
(0.000153608 -2.29749e-05 -0)
(0.000175164 -1.48945e-05 -0)
(6.34953e-06 -4.24197e-05 -0)
(1.74844e-05 -3.41778e-05 -0)
(2.73304e-05 -2.81127e-05 -0)
(3.51671e-05 -2.25366e-05 -0)
(4.13017e-05 -1.72583e-05 -0)
(4.61535e-05 -1.24798e-05 -0)
(5.0328e-05 -8.53046e-06 -0)
(5.39382e-05 -5.53669e-06 -0)
(5.7325e-05 -3.54305e-06 -0)
(6.03073e-05 -2.44731e-06 -0)
(6.31655e-05 -2.12698e-06 -0)
(6.563e-05 -2.46973e-06 -0)
(6.79961e-05 -3.4295e-06 -0)
(6.98335e-05 -4.81161e-06 -0)
(7.18574e-05 -6.47467e-06 -0)
(7.36291e-05 -8.21371e-06 -0)
(7.60197e-05 -1.00802e-05 -0)
(7.82557e-05 -1.18867e-05 -0)
(8.11389e-05 -1.37841e-05 -0)
(8.38824e-05 -1.54761e-05 -0)
(8.68351e-05 -1.71001e-05 -0)
(9.03381e-05 -1.84013e-05 -0)
(9.29388e-05 -1.93175e-05 -0)
(9.87557e-05 -2.03462e-05 -0)
(0.000101165 -2.08382e-05 -0)
(0.000112529 -2.35369e-05 -0)
(0.000114663 -2.61042e-05 -0)
(0.000133602 -3.55925e-05 -0)
(0.000137585 -4.14557e-05 -0)
(0.000166999 -4.11609e-05 -0)
(1.25348e-05 -5.69876e-05 -0)
(3.42808e-05 -4.5442e-05 -0)
(4.65246e-05 -3.76757e-05 -0)
(5.30775e-05 -2.99171e-05 -0)
(5.69028e-05 -2.27889e-05 -0)
(5.9533e-05 -1.68378e-05 -0)
(6.18485e-05 -1.22209e-05 -0)
(6.39713e-05 -8.82393e-06 -0)
(6.61697e-05 -6.53437e-06 -0)
(6.8115e-05 -5.16425e-06 -0)
(7.01015e-05 -4.59445e-06 -0)
(7.16454e-05 -4.68065e-06 -0)
(7.32556e-05 -5.36736e-06 -0)
(7.42215e-05 -6.51887e-06 -0)
(7.54878e-05 -8.07992e-06 -0)
(7.60095e-05 -9.81689e-06 -0)
(7.73237e-05 -1.17771e-05 -0)
(7.75939e-05 -1.36121e-05 -0)
(7.93862e-05 -1.5656e-05 -0)
(7.95151e-05 -1.72509e-05 -0)
(8.24213e-05 -1.92875e-05 -0)
(8.27953e-05 -2.04815e-05 -0)
(8.77604e-05 -2.27189e-05 -0)
(8.96128e-05 -2.38722e-05 -0)
(9.68882e-05 -2.69498e-05 -0)
(0.000102951 -2.95803e-05 -0)
(0.000107944 -3.38959e-05 -0)
(0.000124505 -4.28442e-05 -0)
(0.00011343 -4.70889e-05 -0)
(0.000210641 -8.5036e-05 -0)
(8.89091e-05 -8.114e-05 -0)
(8.02236e-05 -6.44634e-05 -0)
(7.32817e-05 -4.63939e-05 -0)
(6.80565e-05 -3.30567e-05 -0)
(6.46685e-05 -2.39167e-05 -0)
(6.28485e-05 -1.7569e-05 -0)
(6.22138e-05 -1.30818e-05 -0)
(6.23379e-05 -9.90951e-06 -0)
(6.29496e-05 -7.74731e-06 -0)
(6.37451e-05 -6.39198e-06 -0)
(6.46395e-05 -5.72203e-06 -0)
(6.54388e-05 -5.63869e-06 -0)
(6.61935e-05 -6.08566e-06 -0)
(6.67605e-05 -6.99778e-06 -0)
(6.72843e-05 -8.31112e-06 -0)
(6.76802e-05 -9.93104e-06 -0)
(6.82263e-05 -1.17817e-05 -0)
(6.88451e-05 -1.37966e-05 -0)
(7.00554e-05 -1.59626e-05 -0)
(7.13749e-05 -1.82049e-05 -0)
(7.423e-05 -2.07283e-05 -0)
(7.62417e-05 -2.30693e-05 -0)
(8.22953e-05 -2.6438e-05 -0)
(8.36633e-05 -2.8545e-05 -0)
(9.53941e-05 -3.4064e-05 -0)
(9.19008e-05 -3.48136e-05 -0)
(0.000113089 -4.5587e-05 -0)
(9.72673e-05 -4.56735e-05 -0)
(0.000132361 -9.66252e-05 -0)
(8.80456e-05 -0.000252337 -0)
(7.99024e-05 -5.09481e-05 -0)
(6.4262e-05 -3.87741e-05 -0)
(5.62322e-05 -2.97031e-05 -0)
(5.32683e-05 -2.32182e-05 -0)
(5.28259e-05 -1.84387e-05 -0)
(5.34692e-05 -1.47631e-05 -0)
(5.46007e-05 -1.18838e-05 -0)
(5.58579e-05 -9.64196e-06 -0)
(5.72058e-05 -7.99286e-06 -0)
(5.84332e-05 -6.88045e-06 -0)
(5.97006e-05 -6.30432e-06 -0)
(6.07543e-05 -6.21519e-06 -0)
(6.19106e-05 -6.63248e-06 -0)
(6.28008e-05 -7.49327e-06 -0)
(6.3899e-05 -8.83524e-06 -0)
(6.476e-05 -1.0549e-05 -0)
(6.5974e-05 -1.26939e-05 -0)
(6.71933e-05 -1.51297e-05 -0)
(6.87282e-05 -1.78842e-05 -0)
(7.08561e-05 -2.09321e-05 -0)
(7.26846e-05 -2.39803e-05 -0)
(7.63776e-05 -2.76599e-05 -0)
(7.82484e-05 -3.06295e-05 -0)
(8.38874e-05 -3.51087e-05 -0)
(8.48081e-05 -3.7539e-05 -0)
(9.08455e-05 -4.29804e-05 -0)
(8.77243e-05 -4.57749e-05 -0)
(8.53228e-05 -5.54105e-05 -0)
(7.55239e-05 -6.39139e-05 -0)
(8.78371e-06 -1.90346e-05 -0)
(8.53473e-05 -4.04832e-05 -0)
(7.89405e-05 -3.79024e-05 -0)
(7.53487e-05 -3.34642e-05 -0)
(7.33329e-05 -2.8149e-05 -0)
(7.21173e-05 -2.30145e-05 -0)
(7.13323e-05 -1.85956e-05 -0)
(7.08085e-05 -1.50016e-05 -0)
(7.04572e-05 -1.22042e-05 -0)
(7.02916e-05 -1.01332e-05 -0)
(7.01501e-05 -8.72169e-06 -0)
(7.01631e-05 -7.92314e-06 -0)
(6.9999e-05 -7.68275e-06 -0)
(7.00018e-05 -7.98867e-06 -0)
(6.95709e-05 -8.7755e-06 -0)
(6.94409e-05 -1.00857e-05 -0)
(6.85906e-05 -1.17739e-05 -0)
(6.84337e-05 -1.40014e-05 -0)
(6.72743e-05 -1.63923e-05 -0)
(6.75728e-05 -1.94192e-05 -0)
(6.66513e-05 -2.2255e-05 -0)
(6.82349e-05 -2.60089e-05 -0)
(6.83783e-05 -2.91261e-05 -0)
(7.16456e-05 -3.34306e-05 -0)
(7.22035e-05 -3.61857e-05 -0)
(7.55095e-05 -4.00705e-05 -0)
(7.2043e-05 -4.01949e-05 -0)
(6.67248e-05 -4.08225e-05 -0)
(5.51376e-05 -3.94823e-05 -0)
(3.02777e-05 -3.36393e-05 -0)
(1.17503e-05 -4.29295e-05 -0)
(8.73594e-05 -3.18911e-05 -0)
(7.99609e-05 -2.97834e-05 -0)
(7.34721e-05 -2.61382e-05 -0)
(6.84144e-05 -2.19339e-05 -0)
(6.47196e-05 -1.79506e-05 -0)
(6.22035e-05 -1.45765e-05 -0)
(6.04399e-05 -1.18496e-05 -0)
(5.93297e-05 -9.76026e-06 -0)
(5.8504e-05 -8.19754e-06 -0)
(5.80494e-05 -7.14794e-06 -0)
(5.75938e-05 -6.52044e-06 -0)
(5.7368e-05 -6.34539e-06 -0)
(5.6953e-05 -6.54669e-06 -0)
(5.67191e-05 -7.20319e-06 -0)
(5.62331e-05 -8.24421e-06 -0)
(5.59776e-05 -9.80653e-06 -0)
(5.56613e-05 -1.1823e-05 -0)
(5.57158e-05 -1.44553e-05 -0)
(5.62839e-05 -1.76883e-05 -0)
(5.72507e-05 -2.1507e-05 -0)
(5.92725e-05 -2.59901e-05 -0)
(6.13037e-05 -3.05315e-05 -0)
(6.34088e-05 -3.47804e-05 -0)
(6.48945e-05 -3.80501e-05 -0)
(6.35198e-05 -3.84282e-05 -0)
(5.56121e-05 -3.45827e-05 -0)
(4.76742e-05 -3.11568e-05 -0)
(3.2994e-05 -2.35165e-05 -0)
(2.16504e-05 -1.90721e-05 -0)
(3.96082e-06 -8.11558e-06 -0)
(8.80746e-05 -2.48562e-05 -0)
(8.20795e-05 -2.36578e-05 -0)
(7.70192e-05 -2.16882e-05 -0)
(7.31722e-05 -1.9203e-05 -0)
(7.03821e-05 -1.65389e-05 -0)
(6.84846e-05 -1.4014e-05 -0)
(6.71084e-05 -1.17875e-05 -0)
(6.62288e-05 -9.97286e-06 -0)
(6.54753e-05 -8.5542e-06 -0)
(6.50565e-05 -7.57601e-06 -0)
(6.45075e-05 -6.97657e-06 -0)
(6.42662e-05 -6.82232e-06 -0)
(6.36785e-05 -7.04019e-06 -0)
(6.34467e-05 -7.76676e-06 -0)
(6.26821e-05 -8.91184e-06 -0)
(6.23646e-05 -1.07339e-05 -0)
(6.14494e-05 -1.30752e-05 -0)
(6.10086e-05 -1.62923e-05 -0)
(6.02795e-05 -2.00685e-05 -0)
(5.95311e-05 -2.44314e-05 -0)
(5.95535e-05 -2.9232e-05 -0)
(5.80336e-05 -3.29323e-05 -0)
(5.8263e-05 -3.66237e-05 -0)
(5.58632e-05 -3.67166e-05 -0)
(4.91226e-05 -3.20163e-05 -0)
(3.818e-05 -2.49803e-05 -0)
(3.07032e-05 -2.08711e-05 -0)
(1.87692e-05 -1.40406e-05 -0)
(1.15464e-05 -5.22928e-06 -0)
(9.11258e-08 -2.43562e-07 -0)
(8.86301e-05 -1.91288e-05 -0)
(8.35769e-05 -1.84231e-05 -0)
(7.89691e-05 -1.7195e-05 -0)
(7.49968e-05 -1.55257e-05 -0)
(7.16792e-05 -1.36087e-05 -0)
(6.90383e-05 -1.1684e-05 -0)
(6.68693e-05 -9.919e-06 -0)
(6.52169e-05 -8.43818e-06 -0)
(6.3734e-05 -7.26025e-06 -0)
(6.26694e-05 -6.43294e-06 -0)
(6.1458e-05 -5.90903e-06 -0)
(6.06905e-05 -5.75244e-06 -0)
(5.93961e-05 -5.88626e-06 -0)
(5.87161e-05 -6.46085e-06 -0)
(5.69942e-05 -7.33848e-06 -0)
(5.62523e-05 -8.87354e-06 -0)
(5.37985e-05 -1.07167e-05 -0)
(5.29754e-05 -1.36503e-05 -0)
(4.99004e-05 -1.66659e-05 -0)
(4.92905e-05 -2.12283e-05 -0)
(4.71237e-05 -2.52708e-05 -0)
(4.64042e-05 -2.97581e-05 -0)
(4.67355e-05 -3.33303e-05 -0)
(4.22691e-05 -3.05277e-05 -0)
(3.30306e-05 -2.22563e-05 -0)
(2.28648e-05 -1.50249e-05 -0)
(1.61096e-05 -1.2107e-05 -0)
(3.2333e-07 -1.68532e-07 -0)
(1.49184e-07 -1.31226e-07 -0)
(-5.64093e-09 -1.55118e-07 -0)
(8.89918e-05 -1.42195e-05 -0)
(8.45098e-05 -1.37834e-05 -0)
(8.03051e-05 -1.30083e-05 -0)
(7.65128e-05 -1.19288e-05 -0)
(7.32369e-05 -1.06517e-05 -0)
(7.04907e-05 -9.30909e-06 -0)
(6.82143e-05 -8.03503e-06 -0)
(6.63658e-05 -6.91966e-06 -0)
(6.47761e-05 -6.02121e-06 -0)
(6.35006e-05 -5.36576e-06 -0)
(6.22291e-05 -4.96379e-06 -0)
(6.12497e-05 -4.8324e-06 -0)
(5.99501e-05 -4.97136e-06 -0)
(5.90617e-05 -5.44604e-06 -0)
(5.73572e-05 -6.24259e-06 -0)
(5.64226e-05 -7.58597e-06 -0)
(5.3846e-05 -9.35237e-06 -0)
(5.28879e-05 -1.22403e-05 -0)
(4.90228e-05 -1.54657e-05 -0)
(4.85757e-05 -2.09359e-05 -0)
(4.3854e-05 -2.50386e-05 -0)
(4.34977e-05 -3.11364e-05 -0)
(3.99803e-05 -3.19629e-05 -0)
(3.13396e-05 -2.43704e-05 -0)
(1.92423e-05 -1.41652e-05 -0)
(1.27212e-05 -4.34631e-06 -0)
(1.51108e-07 -7.03181e-08 -0)
(1.71594e-07 -9.28841e-08 -0)
(1.02876e-07 -1.94163e-07 -0)
(2.44887e-08 -1.63314e-07 -0)
(8.92171e-05 -9.83659e-06 -0)
(8.51095e-05 -9.57249e-06 -0)
(8.12024e-05 -9.09666e-06 -0)
(7.75687e-05 -8.42475e-06 -0)
(7.43354e-05 -7.61564e-06 -0)
(7.14818e-05 -6.73636e-06 -0)
(6.90672e-05 -5.88057e-06 -0)
(6.69664e-05 -5.10411e-06 -0)
(6.52083e-05 -4.47265e-06 -0)
(6.36219e-05 -3.99421e-06 -0)
(6.22334e-05 -3.70942e-06 -0)
(6.08813e-05 -3.60023e-06 -0)
(5.95412e-05 -3.71593e-06 -0)
(5.81531e-05 -4.04153e-06 -0)
(5.64704e-05 -4.66135e-06 -0)
(5.47737e-05 -5.61254e-06 -0)
(5.21519e-05 -7.01822e-06 -0)
(4.98769e-05 -9.14501e-06 -0)
(4.53023e-05 -1.18951e-05 -0)
(4.25872e-05 -1.63566e-05 -0)
(3.5006e-05 -1.96595e-05 -0)
(3.39964e-05 -2.61148e-05 -0)
(2.54487e-05 -2.29689e-05 -0)
(1.45052e-05 -1.34313e-05 -0)
(1.70809e-07 -5.49424e-08 -0)
(1.98343e-07 -4.65242e-08 -0)
(1.2228e-07 -4.53128e-08 -0)
(1.19591e-07 -7.80884e-08 -0)
(7.87551e-08 -1.11923e-07 -0)
(2.52074e-08 -1.13618e-07 -0)
(8.93501e-05 -5.7823e-06 -0)
(8.54682e-05 -5.6399e-06 -0)
(8.1748e-05 -5.38091e-06 -0)
(7.82268e-05 -5.01266e-06 -0)
(7.50401e-05 -4.56544e-06 -0)
(7.21428e-05 -4.07047e-06 -0)
(6.96592e-05 -3.58076e-06 -0)
(6.74163e-05 -3.12624e-06 -0)
(6.55642e-05 -2.75326e-06 -0)
(6.37923e-05 -2.46399e-06 -0)
(6.23471e-05 -2.29496e-06 -0)
(6.07637e-05 -2.22431e-06 -0)
(5.94373e-05 -2.3028e-06 -0)
(5.77197e-05 -2.49253e-06 -0)
(5.6153e-05 -2.89281e-06 -0)
(5.39215e-05 -3.45211e-06 -0)
(5.15586e-05 -4.37968e-06 -0)
(4.83042e-05 -5.6435e-06 -0)
(4.40494e-05 -7.66657e-06 -0)
(3.92122e-05 -1.06912e-05 -0)
(3.09852e-05 -1.44122e-05 -0)
(2.70109e-05 -2.07256e-05 -0)
(1.26828e-05 -1.37194e-05 -0)
(1.21552e-07 -2.79071e-08 -0)
(2.12762e-07 -5.41173e-09 -0)
(1.73943e-07 -5.90088e-08 -0)
(1.33195e-07 -4.20343e-08 -0)
(1.04984e-07 -4.97161e-08 -0)
(6.73466e-08 -6.18216e-08 -0)
(2.27932e-08 -6.56171e-08 -0)
(8.94112e-05 -1.90825e-06 -0)
(8.56373e-05 -1.86326e-06 -0)
(8.20049e-05 -1.78089e-06 -0)
(7.85441e-05 -1.6636e-06 -0)
(7.5382e-05 -1.52049e-06 -0)
(7.2474e-05 -1.36103e-06 -0)
(6.99546e-05 -1.20176e-06 -0)
(6.7651e-05 -1.05255e-06 -0)
(6.57429e-05 -9.29195e-07 -0)
(6.38872e-05 -8.32658e-07 -0)
(6.24011e-05 -7.76525e-07 -0)
(6.07062e-05 -7.52117e-07 -0)
(5.93812e-05 -7.80055e-07 -0)
(5.74796e-05 -8.4161e-07 -0)
(5.60027e-05 -9.81205e-07 -0)
(5.34083e-05 -1.16148e-06 -0)
(5.13321e-05 -1.48986e-06 -0)
(4.72761e-05 -1.88604e-06 -0)
(4.37285e-05 -2.64926e-06 -0)
(3.66886e-05 -3.62327e-06 -0)
(2.9332e-05 -5.82194e-06 -0)
(1.64838e-05 -7.93744e-06 -0)
(6.96896e-08 -2.27394e-08 -0)
(1.81375e-07 1.78182e-08 -0)
(1.79647e-07 -2.62825e-09 -0)
(1.61721e-07 -1.52975e-08 -0)
(1.31573e-07 -1.48503e-08 -0)
(9.98037e-08 -1.69194e-08 -0)
(6.28541e-08 -2.00305e-08 -0)
(2.14119e-08 -2.14119e-08 -0)
)
;

boundaryField
{
    inlet1
    {
        type            extrapolatedCalculated;
        value           nonuniform List<vector> 10((1e-05 1.09113e-05 -0) (1e-05 2.44744e-05 -0) (1e-05 3.58125e-05 -0) (1e-05 4.91443e-05 -0) (1e-05 6.23468e-05 -0) (1e-05 7.70986e-05 -0) (1e-05 8.81387e-05 -0) (1e-05 9.22856e-05 -0) (1e-05 8.52876e-05 -0) (1e-05 7.03481e-05 -0));
    }
    inlet2
    {
        type            extrapolatedCalculated;
        value           nonuniform List<vector> 10((-0 6.57417e-05 -0) (-0 5.50964e-05 -0) (-0 1.3342e-05 -0) (-0 -1.25239e-05 -0) (-0 -1.07365e-05 -0) (-0 -2.08143e-05 -0) (-0 -2.43489e-05 -0) (-0 -3.35038e-05 -0) (-0 -4.24197e-05 -0) (-0 -5.69876e-05 -0));
    }
    inlet3
    {
        type            extrapolatedCalculated;
        value           nonuniform List<vector> 10((9.13394e-05 -6.98224e-05 -0) (9.13394e-05 -5.38654e-05 -0) (9.13394e-05 -4.12817e-05 -0) (9.13394e-05 -3.21862e-05 -0) (9.13394e-05 -2.50542e-05 -0) (9.13394e-05 -1.92364e-05 -0) (9.13394e-05 -1.42763e-05 -0) (9.13394e-05 -9.86615e-06 -0) (9.13394e-05 -5.79635e-06 -0) (9.13394e-05 -1.9124e-06 -0));
    }
    output1
    {
        type            extrapolatedCalculated;
        value           nonuniform List<vector> 10((-0 8.45721e-09 -0) (-0 2.56609e-08 -0) (-0 4.37768e-08 -0) (-0 6.35783e-08 -0) (-0 8.61555e-08 -0) (-0 1.13235e-07 -0) (-0 1.47885e-07 -0) (-0 1.96253e-07 -0) (-0 2.72393e-07 -0) (-0 4.13242e-07 -0));
    }
    output2
    {
        type            extrapolatedCalculated;
        value           nonuniform List<vector> 10((8.26359e-07 3.1684e-07 -0) (5.72205e-07 7.51609e-08 -0) (5.25716e-07 1.9973e-08 -0) (4.05378e-07 9.2209e-09 -0) (7.09147e-05 2.13408e-06 -0) (0.000115938 4.51462e-06 -0) (0.000155225 -4.30239e-07 -0) (0.000183139 -1.48945e-05 -0) (0.000188847 -4.11609e-05 -0) (0.000297 -8.5036e-05 -0));
    }
    output3
    {
        type            extrapolatedCalculated;
        value           nonuniform List<vector> 10((-0 -0.000252337 -0) (-0 -1.90346e-05 -0) (-0 -4.29295e-05 -0) (-0 -8.11558e-06 -0) (-0 -2.43562e-07 -0) (-0 -1.55118e-07 -0) (-0 -1.63314e-07 -0) (-0 -1.13618e-07 -0) (-0 -6.56171e-08 -0) (-0 -2.14119e-08 -0));
    }
    up
    {
        type            extrapolatedCalculated;
        value           nonuniform List<vector> 
30
(
(8.94112e-05 -0 -0)
(8.56373e-05 -0 -0)
(8.20049e-05 -0 -0)
(7.85441e-05 -0 -0)
(7.5382e-05 -0 -0)
(7.2474e-05 -0 -0)
(6.99546e-05 -0 -0)
(6.7651e-05 -0 -0)
(6.57429e-05 -0 -0)
(6.38872e-05 -0 -0)
(6.24011e-05 -0 -0)
(6.07062e-05 -0 -0)
(5.93812e-05 -0 -0)
(5.74796e-05 -0 -0)
(5.60027e-05 -0 -0)
(5.34083e-05 -0 -0)
(5.13321e-05 -0 -0)
(4.72761e-05 -0 -0)
(4.37285e-05 -0 -0)
(3.66886e-05 -0 -0)
(2.9332e-05 -0 -0)
(1.64838e-05 -0 -0)
(6.96896e-08 -0 -0)
(1.81375e-07 -0 -0)
(1.79647e-07 -0 -0)
(1.61721e-07 -0 -0)
(1.31573e-07 -0 -0)
(9.98037e-08 -0 -0)
(6.28541e-08 -0 -0)
(2.14119e-08 -0 -0)
)
;
    }
    down
    {
        type            extrapolatedCalculated;
        value           nonuniform List<vector> 
30
(
(3.18266e-06 -0 -0)
(2.07945e-07 -0 -0)
(7.38026e-07 -0 -0)
(1.49409e-07 -0 -0)
(7.09598e-08 -0 -0)
(1.39546e-07 -0 -0)
(1.31787e-07 -0 -0)
(1.2826e-07 -0 -0)
(1.26298e-07 -0 -0)
(1.25343e-07 -0 -0)
(1.24999e-07 -0 -0)
(1.24964e-07 -0 -0)
(1.25e-07 -0 -0)
(1.24922e-07 -0 -0)
(1.24579e-07 -0 -0)
(1.23843e-07 -0 -0)
(1.22602e-07 -0 -0)
(1.20747e-07 -0 -0)
(1.18164e-07 -0 -0)
(1.14732e-07 -0 -0)
(1.10318e-07 -0 -0)
(1.04776e-07 -0 -0)
(9.79572e-08 -0 -0)
(8.97131e-08 -0 -0)
(7.99178e-08 -0 -0)
(6.84927e-08 -0 -0)
(5.54403e-08 -0 -0)
(4.08807e-08 -0 -0)
(2.50805e-08 -0 -0)
(8.45666e-09 -0 -0)
)
;
    }
    emptyWalls
    {
        type            empty;
    }
}


// ************************************************************************* //
