/*--------------------------------*- C++ -*----------------------------------*\
  =========                 |
  \\      /  F ield         | OpenFOAM: The Open Source CFD Toolbox
   \\    /   O peration     | Website:  https://openfoam.org
    \\  /    A nd           | Version:  9
     \\/     M anipulation  |
\*---------------------------------------------------------------------------*/
FoamFile
{
    format      ascii;
    class       volVectorField;
    location    "7000";
    object      ut;
}
// * * * * * * * * * * * * * * * * * * * * * * * * * * * * * * * * * * * * * //

dimensions      [0 1 -1 0 0 0 0];

internalField   nonuniform List<vector> 
100
(
(9.99925e-06 -0 -0)
(9.99523e-06 -0 -0)
(9.98493e-06 -0 -0)
(9.97204e-06 -0 -0)
(9.95969e-06 -0 -0)
(9.9461e-06 -0 -0)
(9.9375e-06 -0 -0)
(9.93192e-06 -0 -0)
(9.93373e-06 -0 -0)
(9.9397e-06 -0 -0)
(9.94762e-06 -0 -0)
(9.95777e-06 -0 -0)
(9.96578e-06 -0 -0)
(9.97547e-06 -0 -0)
(9.98089e-06 -0 -0)
(9.98664e-06 -0 -0)
(9.98962e-06 -0 -0)
(9.99212e-06 -0 -0)
(9.99529e-06 -0 -0)
(9.99498e-06 -0 -0)
(9.99818e-06 -0 -0)
(9.99582e-06 -0 -0)
(9.99913e-06 -0 -0)
(9.99734e-06 -0 -0)
(9.99899e-06 -0 -0)
(9.99936e-06 -0 -0)
(9.9971e-06 -0 -0)
(1.00017e-05 -0 -0)
(9.99531e-06 -0 -0)
(1.00039e-05 -0 -0)
(9.99478e-06 -0 -0)
(1.00034e-05 -0 -0)
(9.99722e-06 -0 -0)
(9.99927e-06 -0 -0)
(1.00042e-05 -0 -0)
(9.99116e-06 -0 -0)
(1.00142e-05 -0 -0)
(9.98179e-06 -0 -0)
(1.00224e-05 -0 -0)
(9.97867e-06 -0 -0)
(1.00201e-05 -0 -0)
(9.99226e-06 -0 -0)
(9.99607e-06 -0 -0)
(1.00328e-05 -0 -0)
(9.94425e-06 -0 -0)
(1.01011e-05 -0 -0)
(9.87513e-06 -0 -0)
(1.01747e-05 -0 -0)
(9.83285e-06 -0 -0)
(1.01909e-05 -0 -0)
(9.91972e-06 -0 -0)
(1.0026e-05 -0 -0)
(1.03295e-05 -0 -0)
(9.48552e-06 -0 -0)
(1.14226e-05 -0 -0)
(8.20486e-06 -0 -0)
(1.53693e-05 -0 -0)
(4.97228e-06 -0 -0)
(1.00735e-05 -0 -0)
(1.00003e-05 -0 -0)
(1e-05 -0 -0)
(1e-05 -0 -0)
(1e-05 -0 -0)
(1e-05 -0 -0)
(1e-05 -0 -0)
(1e-05 -0 -0)
(1e-05 -0 -0)
(1e-05 -0 -0)
(1e-05 -0 -0)
(1e-05 -0 -0)
(1e-05 -0 -0)
(1e-05 -0 -0)
(1e-05 -0 -0)
(1e-05 -0 -0)
(1e-05 -0 -0)
(1e-05 -0 -0)
(1e-05 -0 -0)
(1e-05 -0 -0)
(1e-05 -0 -0)
(1e-05 -0 -0)
(1e-05 -0 -0)
(1e-05 -0 -0)
(1e-05 -0 -0)
(1e-05 -0 -0)
(1e-05 -0 -0)
(1e-05 -0 -0)
(1e-05 -0 -0)
(1e-05 -0 -0)
(1e-05 -0 -0)
(1e-05 -0 -0)
(1e-05 -0 -0)
(1e-05 -0 -0)
(1e-05 -0 -0)
(1e-05 -0 -0)
(1e-05 -0 -0)
(1e-05 -0 -0)
(1e-05 -0 -0)
(1e-05 -0 -0)
(1e-05 -0 -0)
(1e-05 -0 -0)
)
;

boundaryField
{
    left
    {
        type            extrapolatedCalculated;
        value           uniform (1e-05 -0 -0);
    }
    right
    {
        type            extrapolatedCalculated;
        value           uniform (1e-05 -0 -0);
    }
    emptyFaces1D
    {
        type            empty;
    }
}


// ************************************************************************* //
