/*--------------------------------*- C++ -*----------------------------------*\
  =========                 |
  \\      /  F ield         | OpenFOAM: The Open Source CFD Toolbox
   \\    /   O peration     | Website:  https://openfoam.org
    \\  /    A nd           | Version:  9
     \\/     M anipulation  |
\*---------------------------------------------------------------------------*/
FoamFile
{
    format      ascii;
    class       volScalarField;
    location    "22500";
    object      fw;
}
// * * * * * * * * * * * * * * * * * * * * * * * * * * * * * * * * * * * * * //

dimensions      [0 0 0 0 0 0 0];

internalField   nonuniform List<scalar> 
900
(
0.998794
0.999827
0.984739
0.144053
9.63054e-09
4.7991e-09
4.7991e-09
4.7991e-09
4.7991e-09
4.7991e-09
4.7991e-09
4.7991e-09
4.7991e-09
4.7991e-09
4.7991e-09
4.7991e-09
4.7991e-09
4.7991e-09
4.7991e-09
4.7991e-09
4.7991e-09
4.7991e-09
4.7991e-09
4.7991e-09
4.7991e-09
4.7991e-09
4.7991e-09
4.7991e-09
4.7991e-09
4.7991e-09
0.999969
0.935968
0.657638
0.745452
5.15155e-06
4.79913e-09
4.7991e-09
4.7991e-09
4.7991e-09
4.7991e-09
4.7991e-09
4.7991e-09
4.7991e-09
4.7991e-09
4.7991e-09
4.7991e-09
4.7991e-09
4.7991e-09
4.7991e-09
4.7991e-09
4.7991e-09
4.7991e-09
4.7991e-09
4.7991e-09
4.7991e-09
4.7991e-09
4.7991e-09
4.7991e-09
4.7991e-09
4.7991e-09
0.999181
0.986958
0.712027
0.0358565
5.1662e-09
4.7991e-09
4.7991e-09
4.7991e-09
4.7991e-09
4.7991e-09
4.7991e-09
4.7991e-09
4.7991e-09
4.7991e-09
4.7991e-09
4.7991e-09
4.7991e-09
4.7991e-09
4.7991e-09
4.7991e-09
4.7991e-09
4.7991e-09
4.7991e-09
4.7991e-09
4.7991e-09
4.7991e-09
4.7991e-09
4.7991e-09
4.7991e-09
4.7991e-09
0.999578
0.922122
0.695522
0.00173115
4.81954e-09
4.7991e-09
4.7991e-09
4.7991e-09
4.7991e-09
4.7991e-09
4.7991e-09
4.7991e-09
4.7991e-09
4.7991e-09
4.7991e-09
4.7991e-09
4.7991e-09
4.7991e-09
4.7991e-09
4.7991e-09
4.7991e-09
4.7991e-09
4.7991e-09
4.7991e-09
4.7991e-09
4.7991e-09
4.7991e-09
4.7991e-09
4.7991e-09
4.7991e-09
0.999283
0.978044
0.815311
0.000226649
4.80119e-09
4.7991e-09
4.7991e-09
4.7991e-09
4.7991e-09
4.7991e-09
4.7991e-09
4.7991e-09
4.7991e-09
4.7991e-09
4.7991e-09
4.7991e-09
4.7991e-09
4.7991e-09
4.7991e-09
4.7991e-09
4.7991e-09
4.7991e-09
4.7991e-09
4.7991e-09
4.7991e-09
4.7991e-09
4.7991e-09
4.7991e-09
4.7991e-09
4.7991e-09
0.999677
0.949174
0.837995
7.504e-06
4.79915e-09
4.7991e-09
4.7991e-09
4.7991e-09
4.7991e-09
4.7991e-09
4.7991e-09
4.7991e-09
4.7991e-09
4.7991e-09
4.7991e-09
4.7991e-09
4.7991e-09
4.7991e-09
4.7991e-09
4.7991e-09
4.7991e-09
4.7991e-09
4.7991e-09
4.7991e-09
4.7991e-09
4.7991e-09
4.7991e-09
4.7991e-09
4.7991e-09
4.7991e-09
0.99958
0.987903
0.918266
3.57498e-07
4.7991e-09
4.7991e-09
4.7991e-09
4.7991e-09
4.7991e-09
4.7991e-09
4.7991e-09
4.7991e-09
4.7991e-09
4.7991e-09
4.7991e-09
4.7991e-09
4.7991e-09
4.7991e-09
4.7991e-09
4.7991e-09
4.7991e-09
4.7991e-09
4.7991e-09
4.7991e-09
4.7991e-09
4.7991e-09
4.7991e-09
4.7991e-09
4.7991e-09
4.7991e-09
0.999888
0.975102
0.89487
1.93792e-08
4.7991e-09
4.7991e-09
4.7991e-09
4.7991e-09
4.7991e-09
4.7991e-09
4.7991e-09
4.7991e-09
4.7991e-09
4.7991e-09
4.7991e-09
4.7991e-09
4.7991e-09
4.7991e-09
4.7991e-09
4.7991e-09
4.7991e-09
4.7991e-09
4.7991e-09
4.7991e-09
4.7991e-09
4.7991e-09
4.7991e-09
4.7991e-09
4.7991e-09
4.7991e-09
0.999912
0.996018
0.967702
5.87937e-09
4.7991e-09
4.7991e-09
4.7991e-09
4.7991e-09
4.7991e-09
4.7991e-09
4.7991e-09
4.7991e-09
4.7991e-09
4.7991e-09
4.7991e-09
4.7991e-09
4.7991e-09
4.7991e-09
4.7991e-09
4.7991e-09
4.7991e-09
4.7991e-09
4.7991e-09
4.7991e-09
4.7991e-09
4.7991e-09
4.7991e-09
4.7991e-09
4.7991e-09
4.7991e-09
0.999999
0.992614
0.437488
5.11154e-09
4.7991e-09
4.7991e-09
4.7991e-09
4.7991e-09
4.7991e-09
4.7991e-09
4.7991e-09
4.7991e-09
4.7991e-09
4.7991e-09
4.7991e-09
4.7991e-09
4.7991e-09
4.7991e-09
4.7991e-09
4.7991e-09
4.7991e-09
4.7991e-09
4.7991e-09
4.7991e-09
4.7991e-09
4.7991e-09
4.7991e-09
4.7991e-09
4.7991e-09
4.79911e-09
1
0.998461
0.743528
0.000139498
4.80641e-09
4.7991e-09
4.7991e-09
4.7991e-09
4.7991e-09
4.7991e-09
4.7991e-09
4.7991e-09
4.7991e-09
4.7991e-09
4.7991e-09
4.7991e-09
4.7991e-09
4.7991e-09
4.7991e-09
4.7991e-09
4.7991e-09
4.7991e-09
4.7991e-09
4.7991e-09
4.7991e-09
4.7991e-09
4.7991e-09
4.7991e-09
4.79909e-09
4.79909e-09
1.00002
0.997796
0.687551
0.334753
0.0469509
5.75167e-09
4.8008e-09
4.7991e-09
4.7991e-09
4.7991e-09
4.7991e-09
4.7991e-09
4.7991e-09
4.7991e-09
4.7991e-09
4.7991e-09
4.7991e-09
4.7991e-09
4.7991e-09
4.7991e-09
4.7991e-09
4.7991e-09
4.7991e-09
4.7991e-09
4.7991e-09
4.7991e-09
4.7991e-09
4.7991e-09
4.7991e-09
4.7991e-09
1.00005
0.999997
0.996187
0.967512
0.882032
0.73584
0.61182
9.25572e-07
5.90918e-09
1.30604e-08
2.09612e-08
1.87464e-08
1.15247e-08
6.87013e-09
4.94482e-09
4.79973e-09
4.79972e-09
4.79964e-09
4.79959e-09
4.7991e-09
4.7991e-09
4.7991e-09
4.7991e-09
4.7991e-09
4.7991e-09
4.7991e-09
4.7991e-09
4.7991e-09
4.7991e-09
4.7991e-09
0.999998
0.999826
0.998534
0.992263
0.982616
0.961984
0.939764
0.86956
0.836661
0.835776
0.837285
0.845627
0.845113
0.859084
0.852596
0.877688
0.851201
0.898214
0.280792
3.69041e-07
8.48076e-07
2.46089e-06
5.92921e-06
1.28261e-05
2.79419e-05
4.57211e-05
5.21969e-05
2.51758e-05
4.07099e-06
1.05042e-07
0.980784
0.977266
0.981424
0.970384
0.959187
0.949148
0.93467
0.929406
0.913835
0.911786
0.906182
0.913567
0.906796
0.91939
0.907769
0.925273
0.895786
0.898272
0.774671
0.664793
0.657144
0.669649
0.676304
0.679634
0.684374
0.691415
0.702567
0.713414
0.724695
0.726671
0.949493
0.925499
0.915945
0.905742
0.897159
0.898627
0.896586
0.902382
0.897615
0.893246
0.889228
0.889848
0.887667
0.890687
0.885091
0.885754
0.867874
0.859169
0.849476
0.829526
0.816307
0.814888
0.816711
0.818843
0.82266
0.827003
0.834756
0.84168
0.851774
0.85386
0.912476
0.899502
0.889319
0.886516
0.884287
0.884554
0.885595
0.887568
0.886322
0.883727
0.881364
0.880705
0.880356
0.879625
0.877044
0.870933
0.865276
0.858136
0.863752
0.862389
0.856979
0.855564
0.857332
0.861363
0.865236
0.86917
0.872755
0.876194
0.883053
0.886786
0.896588
0.878271
0.87855
0.884794
0.890924
0.895624
0.898938
0.900936
0.901714
0.901616
0.901298
0.901279
0.901172
0.900465
0.898715
0.895897
0.893562
0.892315
0.893609
0.89476
0.893951
0.894468
0.895512
0.898447
0.898874
0.9
0.895481
0.89218
0.886347
0.889009
0.877854
0.879231
0.893479
0.906139
0.914576
0.919541
0.922478
0.923997
0.924832
0.924898
0.924657
0.923901
0.923037
0.921526
0.92004
0.91826
0.91751
0.917047
0.917512
0.917264
0.917083
0.915804
0.915045
0.913445
0.910687
0.907077
0.897126
0.886202
0.856668
0.843551
0.880301
0.906767
0.925338
0.933462
0.93647
0.937204
0.937066
0.936411
0.935597
0.934365
0.932922
0.930921
0.92885
0.926339
0.924265
0.922129
0.921028
0.919693
0.919198
0.917563
0.916792
0.913579
0.912103
0.906502
0.903864
0.894498
0.888234
0.874037
0.829876
0.78835
0.932114
0.950097
0.949868
0.944715
0.939232
0.934643
0.931164
0.928388
0.926154
0.923941
0.921781
0.919297
0.916945
0.914535
0.912777
0.91141
0.910824
0.910577
0.910427
0.91025
0.909331
0.907598
0.905133
0.899619
0.89572
0.881114
0.879831
0.851119
0.900824
0.923605
0.905438
0.897141
0.896496
0.89817
0.900753
0.903426
0.906117
0.908119
0.909879
0.910726
0.911558
0.911476
0.911933
0.911605
0.912445
0.912412
0.913587
0.913531
0.913843
0.912933
0.910632
0.907877
0.900819
0.894377
0.878584
0.867744
0.840407
0.826828
0.777875
0.421952
0.910617
0.914446
0.921868
0.927672
0.931138
0.932686
0.933376
0.933219
0.93298
0.932032
0.931325
0.929662
0.928587
0.926105
0.924768
0.921332
0.919848
0.915409
0.913714
0.908249
0.904781
0.896499
0.886395
0.868031
0.844748
0.815896
0.773237
0.725288
0.636706
0.62805
0.912064
0.910316
0.909525
0.90912
0.908791
0.908099
0.907502
0.906628
0.906147
0.905227
0.904923
0.903783
0.903714
0.902213
0.902723
0.90088
0.902514
0.900021
0.902227
0.897142
0.89563
0.88307
0.863664
0.829246
0.782984
0.731094
0.658446
0.589864
0.439629
0.260885
0.912248
0.9108
0.910793
0.911919
0.913842
0.915523
0.91728
0.918315
0.919634
0.920094
0.921244
0.92122
0.922319
0.921556
0.922346
0.920039
0.919832
0.914387
0.912371
0.900097
0.894536
0.86276
0.821237
0.746529
0.668326
0.51507
0.445107
0.430337
4.09359e-06
4.7991e-09
0.912561
0.911519
0.911123
0.911177
0.911748
0.912193
0.912893
0.913044
0.913662
0.913453
0.914156
0.91351
0.914254
0.912575
0.912645
0.908556
0.906539
0.89911
0.893443
0.878303
0.864072
0.788599
0.714069
0.525969
0.502957
2.12079e-05
4.79911e-09
4.7991e-09
4.7991e-09
4.7991e-09
0.91278
0.911961
0.911521
0.911312
0.911635
0.911938
0.912768
0.913101
0.914225
0.914331
0.915898
0.915622
0.91787
0.916693
0.919417
0.915623
0.917012
0.907503
0.900245
0.879052
0.822049
0.616102
0.589308
0.000990929
4.7997e-09
4.7991e-09
4.7991e-09
4.7991e-09
4.7991e-09
4.7991e-09
0.912906
0.912267
0.911852
0.911583
0.911678
0.911815
0.912409
0.9127
0.913711
0.913897
0.915493
0.915352
0.917947
0.916897
0.920817
0.916286
0.9199
0.901084
0.895089
0.841948
0.642944
0.00122341
4.79981e-09
4.7991e-09
4.7991e-09
4.7991e-09
4.7991e-09
4.7991e-09
4.7991e-09
4.7991e-09
0.912982
0.91245
0.912075
0.911796
0.911787
0.91184
0.91229
0.912587
0.913504
0.913862
0.915398
0.915657
0.918273
0.918112
0.922598
0.920332
0.926863
0.909101
0.909639
0.733905
0.000849984
4.79954e-09
4.7991e-09
4.7991e-09
4.7991e-09
4.7991e-09
4.7991e-09
4.7991e-09
4.7991e-09
4.7991e-09
0.913009
0.912547
0.912168
0.911934
0.911825
0.911935
0.91218
0.912673
0.913243
0.914103
0.914982
0.91632
0.91765
0.919775
0.921838
0.924944
0.927604
0.928062
0.920567
0.126244
4.94113e-09
4.7991e-09
4.7991e-09
4.7991e-09
4.7991e-09
4.7991e-09
4.7991e-09
4.7991e-09
4.7991e-09
4.7991e-09
)
;

boundaryField
{
    inlet1
    {
        type            calculated;
        value           uniform 1;
    }
    inlet2
    {
        type            calculated;
        value           nonuniform List<scalar> 10(1 1.00002 1.00005 0.999998 0.980784 0.949493 0.912476 0.896588 0.877854 0.880301);
    }
    inlet3
    {
        type            calculated;
        value           uniform 0.913307;
    }
    output1
    {
        type            calculated;
        value           nonuniform List<scalar> 10(4.7991e-09 4.7991e-09 4.7991e-09 4.7991e-09 4.7991e-09 4.7991e-09 4.7991e-09 4.7991e-09 4.7991e-09 4.79911e-09);
    }
    output2
    {
        type            calculated;
        value           nonuniform List<scalar> 10(4.79909e-09 4.7991e-09 4.7991e-09 1.05042e-07 0.726671 0.85386 0.886786 0.889009 0.843551 0.78835);
    }
    output3
    {
        type            calculated;
        value           nonuniform List<scalar> 10(0.923605 0.421952 0.62805 0.260885 4.7991e-09 4.7991e-09 4.7991e-09 4.7991e-09 4.7991e-09 4.7991e-09);
    }
    up
    {
        type            calculated;
        value           nonuniform List<scalar> 
30
(
0.913009
0.912547
0.912168
0.911934
0.911825
0.911935
0.91218
0.912673
0.913243
0.914103
0.914982
0.91632
0.91765
0.919775
0.921838
0.924944
0.927604
0.928062
0.920567
0.126244
4.94113e-09
4.7991e-09
4.7991e-09
4.7991e-09
4.7991e-09
4.7991e-09
4.7991e-09
4.7991e-09
4.7991e-09
4.7991e-09
)
;
    }
    down
    {
        type            calculated;
        value           nonuniform List<scalar> 
30
(
0.998794
0.999827
0.984739
0.144053
9.63054e-09
4.7991e-09
4.7991e-09
4.7991e-09
4.7991e-09
4.7991e-09
4.7991e-09
4.7991e-09
4.7991e-09
4.7991e-09
4.7991e-09
4.7991e-09
4.7991e-09
4.7991e-09
4.7991e-09
4.7991e-09
4.7991e-09
4.7991e-09
4.7991e-09
4.7991e-09
4.7991e-09
4.7991e-09
4.7991e-09
4.7991e-09
4.7991e-09
4.7991e-09
)
;
    }
    emptyWalls
    {
        type            empty;
    }
}


// ************************************************************************* //
