/*--------------------------------*- C++ -*----------------------------------*\
  =========                 |
  \\      /  F ield         | OpenFOAM: The Open Source CFD Toolbox
   \\    /   O peration     | Website:  https://openfoam.org
    \\  /    A nd           | Version:  9
     \\/     M anipulation  |
\*---------------------------------------------------------------------------*/
FoamFile
{
    format      ascii;
    class       volScalarField;
    location    "22500";
    object      p;
}
// * * * * * * * * * * * * * * * * * * * * * * * * * * * * * * * * * * * * * //

dimensions      [0 0 0 0 0 0 0];

internalField   nonuniform List<scalar> 
900
(
1.33138e+07
1.3312e+07
1.33113e+07
1.33099e+07
1.3286e+07
1.28906e+07
1.25205e+07
1.21642e+07
1.18166e+07
1.14739e+07
1.11335e+07
1.07938e+07
1.04538e+07
1.01129e+07
9.77106e+06
9.42848e+06
9.08589e+06
8.74444e+06
8.40579e+06
8.07218e+06
7.74644e+06
7.43203e+06
7.13304e+06
6.85409e+06
6.60029e+06
6.37705e+06
6.18985e+06
6.04391e+06
5.94375e+06
5.89277e+06
1.33109e+07
1.33102e+07
1.33089e+07
1.33059e+07
1.33017e+07
1.28692e+07
1.25065e+07
1.21556e+07
1.18117e+07
1.14715e+07
1.11328e+07
1.07942e+07
1.04547e+07
1.01139e+07
9.77177e+06
9.4285e+06
9.08476e+06
8.74164e+06
8.40076e+06
8.0643e+06
7.7351e+06
7.41663e+06
7.113e+06
6.82895e+06
6.56973e+06
6.34101e+06
6.14859e+06
5.99812e+06
5.89459e+06
5.84179e+06
1.33042e+07
1.3302e+07
1.33002e+07
1.33007e+07
1.32157e+07
1.28322e+07
1.24808e+07
1.21399e+07
1.18031e+07
1.14677e+07
1.11321e+07
1.07953e+07
1.04568e+07
1.01163e+07
9.77359e+06
9.42898e+06
9.08299e+06
8.7366e+06
8.39129e+06
8.04918e+06
7.71304e+06
7.38637e+06
7.07338e+06
6.77897e+06
6.50869e+06
6.26867e+06
6.0654e+06
5.9054e+06
5.79469e+06
5.73801e+06
1.32905e+07
1.32889e+07
1.32845e+07
1.32829e+07
1.30669e+07
1.27637e+07
1.24444e+07
1.21201e+07
1.17932e+07
1.14641e+07
1.11325e+07
1.07982e+07
1.0461e+07
1.01208e+07
9.77734e+06
9.43084e+06
9.08164e+06
8.73048e+06
8.37864e+06
8.02809e+06
7.68152e+06
7.34245e+06
7.01519e+06
6.70486e+06
6.4174e+06
6.15959e+06
5.93893e+06
5.7634e+06
5.64077e+06
5.57755e+06
1.32723e+07
1.32698e+07
1.32659e+07
1.32643e+07
1.29873e+07
1.27113e+07
1.2413e+07
1.21029e+07
1.17856e+07
1.14629e+07
1.11356e+07
1.0804e+07
1.04684e+07
1.01284e+07
9.78416e+06
9.43541e+06
9.08224e+06
8.72503e+06
8.36471e+06
8.003e+06
7.6425e+06
7.28672e+06
6.94007e+06
6.60788e+06
6.29647e+06
6.01335e+06
5.76734e+06
5.56849e+06
5.42744e+06
5.35387e+06
1.32506e+07
1.32479e+07
1.32434e+07
1.32419e+07
1.29525e+07
1.26813e+07
1.23933e+07
1.2093e+07
1.17833e+07
1.14662e+07
1.11429e+07
1.0814e+07
1.04799e+07
1.01405e+07
9.79545e+06
9.4444e+06
9.08688e+06
8.72268e+06
8.35218e+06
7.97672e+06
7.59876e+06
7.22186e+06
6.85051e+06
6.49012e+06
6.14725e+06
5.83001e+06
5.5486e+06
5.31579e+06
5.14665e+06
5.05662e+06
1.32268e+07
1.32245e+07
1.32221e+07
1.3221e+07
1.29383e+07
1.26679e+07
1.2386e+07
1.20925e+07
1.17885e+07
1.14758e+07
1.11557e+07
1.08292e+07
1.04967e+07
1.01581e+07
9.81278e+06
9.45987e+06
9.0982e+06
8.72662e+06
8.34462e+06
7.95293e+06
7.55396e+06
7.15145e+06
6.74997e+06
6.35485e+06
5.97241e+06
5.61084e+06
5.28127e+06
4.99941e+06
4.78674e+06
4.66935e+06
1.32025e+07
1.32004e+07
1.31989e+07
1.31977e+07
1.29315e+07
1.26661e+07
1.23904e+07
1.21023e+07
1.18024e+07
1.14927e+07
1.1175e+07
1.08505e+07
1.05197e+07
1.01824e+07
9.8377e+06
9.48412e+06
9.11941e+06
8.74099e+06
8.34674e+06
7.93643e+06
7.51272e+06
7.08e+06
6.6431e+06
6.20688e+06
5.77672e+06
5.35965e+06
4.96624e+06
4.61383e+06
4.33158e+06
4.16469e+06
1.3179e+07
1.31787e+07
1.31808e+07
1.31802e+07
1.29292e+07
1.26744e+07
1.24073e+07
1.21239e+07
1.18262e+07
1.15176e+07
1.1201e+07
1.0878e+07
1.05491e+07
1.0214e+07
9.87154e+06
9.5195e+06
9.15434e+06
8.77119e+06
8.36494e+06
7.93332e+06
7.48047e+06
7.01274e+06
6.53554e+06
6.05284e+06
5.56796e+06
5.08483e+06
4.61018e+06
4.15811e+06
3.76104e+06
3.49314e+06
1.31587e+07
1.31589e+07
1.31635e+07
1.31584e+07
1.29314e+07
1.2695e+07
1.24405e+07
1.216e+07
1.18606e+07
1.15505e+07
1.12336e+07
1.09115e+07
1.05847e+07
1.0253e+07
9.91495e+06
9.56802e+06
9.20724e+06
8.82451e+06
8.4085e+06
7.95145e+06
7.4631e+06
6.95495e+06
6.43349e+06
5.901e+06
5.35743e+06
4.80152e+06
4.23156e+06
3.6474e+06
3.06134e+06
2.55369e+06
1.3142e+07
1.31416e+07
1.31394e+07
1.31189e+07
1.29433e+07
1.27338e+07
1.24996e+07
1.22149e+07
1.1906e+07
1.15902e+07
1.12712e+07
1.09496e+07
1.06254e+07
1.02983e+07
9.96724e+06
9.63039e+06
9.28211e+06
8.9111e+06
8.49308e+06
8.0009e+06
7.46553e+06
6.91048e+06
6.34247e+06
5.76025e+06
5.15924e+06
4.53227e+06
3.86713e+06
3.1386e+06
2.28323e+06
1.10659e+06
1.31307e+07
1.31277e+07
1.31142e+07
1.30559e+07
1.2955e+07
1.27974e+07
1.26091e+07
1.22939e+07
1.19581e+07
1.16332e+07
1.13114e+07
1.09905e+07
1.06689e+07
1.03475e+07
1.00253e+07
9.70418e+06
9.3797e+06
9.04469e+06
8.65184e+06
8.09352e+06
7.48764e+06
6.87897e+06
6.26565e+06
5.63827e+06
4.98702e+06
4.30119e+06
3.56609e+06
2.75663e+06
1.82637e+06
696043
1.31243e+07
1.31185e+07
1.30998e+07
1.30438e+07
1.29406e+07
1.27902e+07
1.26123e+07
1.24034e+07
1.19995e+07
1.16736e+07
1.13515e+07
1.10326e+07
1.0713e+07
1.03975e+07
1.00825e+07
9.7813e+06
9.48782e+06
9.23612e+06
8.97608e+06
8.23368e+06
7.51256e+06
6.85211e+06
6.2029e+06
5.54018e+06
4.84937e+06
4.11937e+06
3.33943e+06
2.49547e+06
1.5696e+06
547248
1.31215e+07
1.31119e+07
1.30834e+07
1.30215e+07
1.29134e+07
1.27615e+07
1.25681e+07
1.23214e+07
1.19995e+07
1.16738e+07
1.13517e+07
1.10329e+07
1.07133e+07
1.03978e+07
1.00828e+07
9.78166e+06
9.48821e+06
9.23704e+06
9.0041e+06
8.36152e+06
7.47342e+06
6.80933e+06
6.14639e+06
5.45831e+06
4.73208e+06
3.96082e+06
3.14349e+06
2.28244e+06
1.3874e+06
466829
1.31258e+07
1.31119e+07
1.30743e+07
1.30021e+07
1.28843e+07
1.2722e+07
1.25164e+07
1.22675e+07
1.198e+07
1.16715e+07
1.13551e+07
1.10382e+07
1.07186e+07
1.0402e+07
1.00843e+07
9.77502e+06
9.46478e+06
9.14644e+06
8.75354e+06
8.15856e+06
7.47046e+06
6.80857e+06
6.14577e+06
5.45759e+06
4.73116e+06
3.95966e+06
3.1422e+06
2.28132e+06
1.38702e+06
466855
1.31688e+07
1.31449e+07
1.30901e+07
1.30004e+07
1.28673e+07
1.26929e+07
1.24804e+07
1.22356e+07
1.19633e+07
1.16689e+07
1.13608e+07
1.10465e+07
1.0728e+07
1.04081e+07
1.00848e+07
9.75794e+06
9.41476e+06
9.0368e+06
8.59122e+06
8.05581e+06
7.45335e+06
6.82299e+06
6.17251e+06
5.49316e+06
4.77551e+06
4.01148e+06
3.19678e+06
2.33002e+06
1.4208e+06
479379
1.32606e+07
1.32257e+07
1.31508e+07
1.30363e+07
1.2883e+07
1.26939e+07
1.24737e+07
1.22277e+07
1.19595e+07
1.1672e+07
1.13701e+07
1.10586e+07
1.07403e+07
1.04162e+07
1.0084e+07
9.73838e+06
9.36908e+06
8.96249e+06
8.5093e+06
8.00507e+06
7.44904e+06
6.85243e+06
6.22339e+06
5.5617e+06
4.86123e+06
4.11381e+06
3.3089e+06
2.4371e+06
1.49898e+06
508721
1.34111e+07
1.33591e+07
1.32565e+07
1.31119e+07
1.29332e+07
1.27258e+07
1.24939e+07
1.22414e+07
1.1971e+07
1.16849e+07
1.13855e+07
1.10757e+07
1.07568e+07
1.04286e+07
1.00885e+07
9.73106e+06
9.3494e+06
8.93632e+06
8.48768e+06
8.001e+06
7.47333e+06
6.90618e+06
6.30281e+06
5.66458e+06
4.98743e+06
4.26491e+06
3.48214e+06
2.61959e+06
1.65036e+06
573033
1.36309e+07
1.35485e+07
1.34036e+07
1.32202e+07
1.30109e+07
1.27813e+07
1.25344e+07
1.2272e+07
1.19961e+07
1.17078e+07
1.14083e+07
1.10986e+07
1.07789e+07
1.04481e+07
1.01037e+07
9.74164e+06
9.35752e+06
8.94714e+06
8.5075e+06
8.0358e+06
7.5297e+06
6.98757e+06
6.40994e+06
5.79641e+06
5.14505e+06
4.45103e+06
3.70338e+06
2.87994e+06
1.91946e+06
730570
1.39442e+07
1.37848e+07
1.35751e+07
1.33462e+07
1.31045e+07
1.28515e+07
1.25878e+07
1.23141e+07
1.20309e+07
1.17385e+07
1.14372e+07
1.11268e+07
1.08067e+07
1.04754e+07
1.01307e+07
9.76954e+06
9.38905e+06
8.98607e+06
8.55792e+06
8.10168e+06
7.61518e+06
7.09571e+06
6.54257e+06
5.95349e+06
5.32846e+06
4.6624e+06
3.95437e+06
3.19442e+06
2.34727e+06
1.1899e+06
1.43429e+07
1.40258e+07
1.37476e+07
1.34765e+07
1.32045e+07
1.2929e+07
1.26488e+07
1.23633e+07
1.20722e+07
1.17749e+07
1.14711e+07
1.11599e+07
1.08403e+07
1.05107e+07
1.01692e+07
9.81336e+06
9.44083e+06
9.0489e+06
8.63486e+06
8.19595e+06
7.72925e+06
7.2321e+06
6.70212e+06
6.13734e+06
5.53764e+06
4.90001e+06
4.22787e+06
3.51198e+06
2.81902e+06
2.2756e+06
1.46555e+07
1.4257e+07
1.39172e+07
1.36062e+07
1.33065e+07
1.30104e+07
1.27148e+07
1.24179e+07
1.21187e+07
1.18162e+07
1.15098e+07
1.11983e+07
1.08806e+07
1.0555e+07
1.02199e+07
9.87298e+06
9.5122e+06
9.13455e+06
8.73748e+06
8.31765e+06
7.87179e+06
7.39669e+06
6.88852e+06
6.34604e+06
5.76749e+06
5.15976e+06
4.52712e+06
3.89822e+06
3.30593e+06
2.80584e+06
1.48927e+07
1.44683e+07
1.40889e+07
1.37419e+07
1.34142e+07
1.30969e+07
1.27854e+07
1.24767e+07
1.21691e+07
1.18614e+07
1.15525e+07
1.12412e+07
1.09265e+07
1.06067e+07
1.02805e+07
9.94526e+06
9.59912e+06
9.23839e+06
8.86073e+06
8.46157e+06
8.038e+06
7.58469e+06
7.09769e+06
6.5733e+06
6.01279e+06
5.42482e+06
4.82769e+06
4.25427e+06
3.74439e+06
3.43822e+06
1.50779e+07
1.4642e+07
1.42396e+07
1.38665e+07
1.35154e+07
1.31794e+07
1.28534e+07
1.25338e+07
1.22186e+07
1.19061e+07
1.15952e+07
1.12848e+07
1.0974e+07
1.06614e+07
1.0346e+07
1.00249e+07
9.69635e+06
9.35592e+06
9.00098e+06
8.62528e+06
8.22586e+06
7.79488e+06
7.32671e+06
6.81729e+06
6.2685e+06
5.68478e+06
5.09619e+06
4.56804e+06
4.09362e+06
3.71523e+06
1.52229e+07
1.4781e+07
1.4366e+07
1.39763e+07
1.36082e+07
1.3257e+07
1.29185e+07
1.25893e+07
1.22672e+07
1.19504e+07
1.16381e+07
1.13291e+07
1.10231e+07
1.0719e+07
1.0416e+07
1.01117e+07
9.80383e+06
9.48749e+06
9.15858e+06
8.80905e+06
8.43428e+06
8.02288e+06
7.57003e+06
7.06837e+06
6.53407e+06
5.93921e+06
5.28617e+06
4.81123e+06
4.44407e+06
3.76482e+06
1.53356e+07
1.48902e+07
1.44679e+07
1.40678e+07
1.36879e+07
1.33251e+07
1.29766e+07
1.26392e+07
1.23113e+07
1.1991e+07
1.16776e+07
1.13702e+07
1.10691e+07
1.07735e+07
1.04834e+07
1.01969e+07
9.91198e+06
9.62325e+06
9.3249e+06
9.00677e+06
8.65747e+06
8.25864e+06
7.8199e+06
7.31923e+06
6.79013e+06
6.34995e+06
5.3046e+06
4.8311e+06
4.73596e+06
4.49714e+06
1.54211e+07
1.49736e+07
1.45468e+07
1.41401e+07
1.37524e+07
1.33815e+07
1.30253e+07
1.26818e+07
1.23492e+07
1.2026e+07
1.1712e+07
1.14062e+07
1.11096e+07
1.08218e+07
1.05444e+07
1.02759e+07
1.00165e+07
9.75975e+06
9.49948e+06
9.22158e+06
8.90343e+06
8.50407e+06
8.05917e+06
7.71338e+06
6.80184e+06
6.36125e+06
5.7694e+06
5.3576e+06
5.1364e+06
4.99063e+06
1.5483e+07
1.5034e+07
1.46045e+07
1.41937e+07
1.38008e+07
1.34245e+07
1.30631e+07
1.27151e+07
1.23791e+07
1.20539e+07
1.17394e+07
1.14349e+07
1.11419e+07
1.08605e+07
1.05936e+07
1.03413e+07
1.01065e+07
9.88348e+06
9.66779e+06
9.43782e+06
9.16873e+06
8.84408e+06
8.06618e+06
7.61827e+06
7.01968e+06
6.52205e+06
6.05414e+06
5.69351e+06
5.4614e+06
5.33837e+06
1.55231e+07
1.50734e+07
1.46422e+07
1.4229e+07
1.38331e+07
1.34534e+07
1.30889e+07
1.27379e+07
1.23998e+07
1.20733e+07
1.17584e+07
1.1455e+07
1.11643e+07
1.08873e+07
1.06276e+07
1.0387e+07
1.01714e+07
9.98003e+06
9.81359e+06
9.64643e+06
9.43883e+06
8.86158e+06
8.22881e+06
7.67782e+06
7.13654e+06
6.65313e+06
6.23162e+06
5.90088e+06
5.67733e+06
5.56307e+06
1.55429e+07
1.50928e+07
1.46608e+07
1.42465e+07
1.38492e+07
1.3468e+07
1.31018e+07
1.27496e+07
1.24103e+07
1.20832e+07
1.17682e+07
1.14653e+07
1.11757e+07
1.09012e+07
1.06446e+07
1.04102e+07
1.02036e+07
1.00317e+07
9.90451e+06
9.8216e+06
9.74665e+06
8.97253e+06
8.30967e+06
7.72767e+06
7.19551e+06
6.72233e+06
6.31834e+06
6.00106e+06
5.78397e+06
5.67352e+06
)
;

boundaryField
{
    inlet1
    {
        type            fixedGradient;
        gradient        uniform 20000;
    }
    inlet2
    {
        type            zeroGradient;
    }
    inlet3
    {
        type            fixedGradient;
        gradient        uniform 4.68141e+06;
    }
    output1
    {
        type            zeroGradient;
    }
    output2
    {
        type            fixedValue;
        value           uniform 0;
    }
    output3
    {
        type            zeroGradient;
    }
    up
    {
        type            zeroGradient;
    }
    down
    {
        type            zeroGradient;
    }
    emptyWalls
    {
        type            empty;
    }
}


// ************************************************************************* //
