/*--------------------------------*- C++ -*----------------------------------*\
  =========                 |
  \\      /  F ield         | OpenFOAM: The Open Source CFD Toolbox
   \\    /   O peration     | Website:  https://openfoam.org
    \\  /    A nd           | Version:  9
     \\/     M anipulation  |
\*---------------------------------------------------------------------------*/
FoamFile
{
    format      ascii;
    class       surfaceScalarField;
    location    "22500";
    object      phi;
}
// * * * * * * * * * * * * * * * * * * * * * * * * * * * * * * * * * * * * * //

dimensions      [0 3 -1 0 0 0 0];

internalField   nonuniform List<scalar> 
1740
(
2.78132e-08
8.52905e-08
1.73773e-08
1.62986e-08
3.46079e-09
4.91561e-09
1.20554e-09
2.19689e-09
1.19606e-09
3.78156e-11
1.51626e-09
8.11121e-11
1.45359e-09
5.45134e-11
1.41691e-09
3.34829e-11
1.39581e-09
1.86574e-11
1.38536e-09
8.66846e-12
1.38192e-09
2.15146e-12
1.38278e-09
-1.85977e-12
1.38589e-09
-3.94921e-12
1.38949e-09
-4.40417e-12
1.39194e-09
-3.29135e-12
1.39153e-09
-5.19773e-13
1.38638e-09
4.10326e-12
1.37441e-09
1.08167e-11
1.35332e-09
1.98498e-11
1.32068e-09
3.13722e-11
1.27397e-09
4.54577e-11
1.21076e-09
6.20625e-11
1.1288e-09
8.10006e-11
1.02625e-09
1.01902e-10
9.01952e-10
1.24145e-10
7.55706e-10
1.4677e-10
5.8868e-10
1.68408e-10
4.03708e-10
1.87298e-10
2.05417e-10
2.01462e-10
2.09099e-10
2.17959e-08
1.53799e-07
1.89639e-09
3.47563e-08
2.34343e-09
6.83771e-09
1.94246e-09
2.30202e-09
1.14073e-09
2.91725e-10
1.53346e-09
1.66573e-10
1.43139e-09
1.0346e-10
1.40132e-09
6.07618e-11
1.38516e-09
3.24791e-11
1.37836e-09
1.3866e-11
1.37761e-09
1.79816e-12
1.38054e-09
-5.641e-12
1.38539e-09
-9.53358e-12
1.39064e-09
-1.03767e-11
1.3948e-09
-8.2417e-12
1.39627e-09
-2.89153e-12
1.3932e-09
6.11505e-12
1.38353e-09
1.93119e-11
1.36488e-09
3.72077e-11
1.33474e-09
6.01781e-11
1.29048e-09
8.83935e-11
1.2295e-09
1.21789e-10
1.14938e-09
1.60033e-10
1.04801e-09
2.02458e-10
9.23896e-10
2.47906e-10
7.76487e-10
2.94525e-10
6.06628e-10
3.39561e-10
4.17029e-10
3.79314e-10
2.12543e-10
4.0945e-10
4.25832e-10
2.16339e-08
2.26924e-07
5.67784e-09
4.56554e-08
1.09841e-09
1.15161e-08
1.31147e-09
2.71469e-10
1.22202e-09
4.70203e-10
1.4505e-09
2.30112e-10
1.39231e-09
1.31991e-10
1.37182e-09
7.36254e-11
1.36514e-09
3.66315e-11
1.36533e-09
1.25179e-11
1.3696e-09
-3.18432e-12
1.37638e-09
-1.29692e-11
1.3845e-09
-1.81686e-11
1.39288e-09
-1.93283e-11
1.40036e-09
-1.64077e-11
1.40553e-09
-8.91958e-12
1.40664e-09
3.9364e-12
1.4016e-09
2.31075e-11
1.38793e-09
4.94901e-11
1.36292e-09
8.3738e-11
1.3237e-09
1.26149e-10
1.2674e-09
1.76665e-10
1.1912e-09
2.34884e-10
1.09251e-09
2.99989e-10
9.69139e-10
3.70498e-10
8.19716e-10
4.43863e-10
6.44314e-10
5.15995e-10
4.45242e-10
5.80946e-10
2.27729e-10
6.31189e-10
6.58943e-10
2.01118e-08
3.08572e-07
4.28934e-09
5.98e-08
1.40954e-09
1.85325e-08
7.8607e-10
7.11464e-11
1.16022e-09
3.48267e-10
1.28677e-09
2.06665e-10
1.31589e-09
1.20766e-10
1.32853e-09
6.51168e-11
1.33825e-09
2.79028e-11
1.34821e-09
2.75791e-12
1.35908e-09
-1.40858e-11
1.37088e-09
-2.48841e-11
1.38334e-09
-3.08448e-11
1.39603e-09
-3.23607e-11
1.40823e-09
-2.91414e-11
1.41883e-09
-2.03149e-11
1.42624e-09
-4.55737e-12
1.4283e-09
1.96912e-11
1.42233e-09
5.39072e-11
1.4053e-09
9.91348e-11
1.374e-09
1.55803e-10
1.32518e-09
2.23839e-10
1.25552e-09
3.02852e-10
1.16169e-09
3.92118e-10
1.04043e-09
4.90236e-10
8.88921e-10
5.94433e-10
7.05671e-10
6.99606e-10
4.91901e-10
7.97302e-10
2.53131e-10
8.75407e-10
9.19813e-10
2.49558e-08
3.86906e-07
8.3367e-09
7.33651e-08
1.7864e-09
2.59961e-08
7.51477e-10
6.01328e-11
1.14565e-09
1.6602e-10
1.20201e-09
1.27879e-10
1.25596e-09
7.92895e-11
1.28815e-09
3.81729e-11
1.31112e-09
7.10405e-12
1.33018e-09
-1.53044e-11
1.34765e-09
-3.10345e-11
1.3647e-09
-4.16378e-11
1.38196e-09
-4.79667e-11
1.39967e-09
-5.01284e-11
1.41769e-09
-4.7482e-11
1.43533e-09
-3.86413e-11
1.45119e-09
-2.1543e-11
1.46301e-09
6.30634e-12
1.46778e-09
4.73126e-11
1.46195e-09
1.03092e-10
1.44184e-09
1.74089e-10
1.40378e-09
2.60035e-10
1.344e-09
3.60568e-10
1.25831e-09
4.75398e-10
1.14197e-09
6.03893e-10
9.89863e-10
7.44028e-10
7.97549e-10
8.90691e-10
5.63561e-10
1.03327e-09
2.92894e-10
1.15332e-09
1.22509e-09
2.82427e-08
4.50881e-07
6.76356e-09
9.68883e-08
2.16224e-09
3.65995e-08
7.86347e-10
7.08999e-11
1.13803e-09
7.11267e-11
1.16618e-09
5.95573e-11
1.21782e-09
3.03405e-11
1.25698e-09
1.18101e-12
1.28792e-09
-2.23562e-11
1.31373e-09
-4.00467e-11
1.33663e-09
-5.31116e-11
1.35832e-09
-6.26673e-11
1.38011e-09
-6.92554e-11
1.403e-09
-7.27039e-11
1.42753e-09
-7.20171e-11
1.45362e-09
-6.52265e-11
1.48017e-09
-4.92815e-11
1.50479e-09
-2.02363e-11
1.52382e-09
2.59457e-11
1.53287e-09
9.18346e-11
1.52762e-09
1.77427e-10
1.50412e-09
2.81646e-10
1.45838e-09
4.03986e-10
1.38559e-09
5.45018e-10
1.27928e-09
7.05909e-10
1.13101e-09
8.87101e-10
9.31106e-10
1.08586e-09
6.71893e-10
1.29176e-09
3.54884e-10
1.4795e-09
1.60215e-09
2.64121e-08
5.24341e-07
8.34692e-09
1.11688e-07
2.02247e-09
4.03737e-08
8.10406e-10
7.85638e-11
1.1234e-09
3.0636e-11
1.14616e-09
8.88502e-12
1.19214e-09
-1.86661e-11
1.23403e-09
-4.14339e-11
1.26984e-09
-5.76643e-11
1.30019e-09
-6.94164e-11
1.32684e-09
-7.86985e-11
1.35183e-09
-8.66653e-11
1.37718e-09
-9.36832e-11
1.40467e-09
-9.94148e-11
1.43581e-09
-1.02656e-10
1.47143e-09
-1.00968e-10
1.51107e-09
-9.01214e-11
1.55216e-09
-6.39155e-11
1.58984e-09
-1.51261e-11
1.61809e-09
6.08759e-11
1.63165e-09
1.62138e-10
1.62668e-09
2.85137e-10
1.59982e-09
4.28713e-10
1.54637e-09
5.94784e-10
1.45855e-09
7.87617e-10
1.32381e-09
1.01261e-09
1.12398e-09
1.27388e-09
8.38021e-10
1.56841e-09
4.54744e-10
1.87078e-09
2.10186e-09
2.88886e-08
5.87392e-07
4.70282e-09
1.38481e-07
1.44279e-09
4.82982e-08
8.01358e-10
7.96394e-11
1.09017e-09
9.38581e-12
1.12287e-09
-3.59869e-11
1.17056e-09
-7.24561e-11
1.21717e-09
-9.05869e-11
1.25722e-09
-9.74515e-11
1.29035e-09
-1.01257e-10
1.31868e-09
-1.05601e-10
1.34501e-09
-1.11612e-10
1.37209e-09
-1.19397e-10
1.4027e-09
-1.28617e-10
1.43962e-09
-1.38226e-10
1.48524e-09
-1.45867e-10
1.54051e-09
-1.4632e-10
1.60294e-09
-1.30177e-10
1.6653e-09
-8.34094e-11
1.71801e-09
4.65805e-12
1.75418e-09
1.25113e-10
1.77115e-09
2.68053e-10
1.76785e-09
4.30948e-10
1.74153e-09
6.17786e-10
1.68474e-09
8.37179e-10
1.58168e-09
1.10181e-09
1.40298e-09
1.42868e-09
1.10147e-09
1.83719e-09
6.26073e-10
2.33337e-09
2.83264e-09
1.10851e-08
6.79992e-07
-5.21022e-09
1.58053e-07
-9.9494e-10
3.43354e-08
7.68286e-10
1.01912e-10
1.04441e-09
-1.42245e-11
1.08985e-09
-8.97621e-11
1.15008e-09
-1.44585e-10
1.20686e-09
-1.51007e-10
1.25152e-09
-1.40299e-10
1.28529e-09
-1.3256e-10
1.31255e-09
-1.30835e-10
1.33741e-09
-1.34785e-10
1.36348e-09
-1.43677e-10
1.39444e-09
-1.57429e-10
1.43471e-09
-1.75766e-10
1.4894e-09
-1.97955e-10
1.56277e-09
-2.19114e-10
1.6538e-09
-2.2706e-10
1.75042e-09
-1.92991e-10
1.83448e-09
-8.39454e-11
1.89592e-09
6.56052e-11
1.93587e-09
2.31013e-10
1.9589e-09
4.09248e-10
1.96716e-09
6.08229e-10
1.95718e-09
8.41512e-10
1.91521e-09
1.1288e-09
1.8048e-09
1.50182e-09
1.5388e-09
2.01832e-09
9.48083e-10
2.79285e-09
4.06271e-09
1.06672e-08
7.671e-07
-8.28323e-09
1.63716e-07
2.86266e-10
1.48808e-08
7.06318e-10
1.30199e-10
9.69852e-10
-3.82552e-11
1.04273e-09
-1.6441e-10
1.13303e-09
-2.65115e-10
1.20868e-09
-2.28557e-10
1.25672e-09
-1.80176e-10
1.28674e-09
-1.57849e-10
1.30882e-09
-1.50395e-10
1.32863e-09
-1.53015e-10
1.34996e-09
-1.63098e-10
1.37686e-09
-1.81655e-10
1.41538e-09
-2.09453e-10
1.47487e-09
-2.51071e-10
1.5674e-09
-3.05119e-10
1.69905e-09
-3.65956e-10
1.84809e-09
-3.77546e-10
1.97355e-09
-2.13051e-10
2.05914e-09
-9.75792e-12
2.11752e-09
1.81148e-10
2.16474e-09
3.668e-10
2.21101e-09
5.6438e-10
2.26163e-09
7.91832e-10
2.31715e-09
1.07006e-09
2.36223e-09
1.43148e-09
2.30084e-09
1.94143e-09
1.62747e-09
2.757e-09
4.31338e-09
1.25342e-08
7.59828e-07
1.30511e-08
1.63663e-07
5.21543e-09
1.84548e-08
5.21559e-10
5.24019e-09
8.42365e-10
9.8874e-12
9.78381e-10
-1.61117e-10
1.13065e-09
-2.85923e-10
1.23809e-09
-3.27774e-10
1.27993e-09
-1.94113e-10
1.29613e-09
-1.68828e-10
1.30735e-09
-1.60725e-10
1.31831e-09
-1.64597e-10
1.33088e-09
-1.7458e-10
1.34767e-09
-1.96882e-10
1.37507e-09
-2.29342e-10
1.42731e-09
-2.91759e-10
1.5329e-09
-3.84334e-10
1.72692e-09
-5.54098e-10
1.96934e-09
-7.38183e-10
2.15249e-09
-3.80954e-10
2.24956e-09
-7.27377e-11
2.31036e-09
1.36546e-10
2.3715e-09
3.12419e-10
2.45051e-09
4.90662e-10
2.56117e-09
6.91375e-10
2.72956e-09
9.28123e-10
3.02611e-09
1.21262e-09
3.67485e-09
1.5589e-09
5.5102e-09
1.98036e-09
2.45639e-09
1.11858e-07
6.43022e-07
5.96644e-08
2.22232e-07
2.44397e-08
7.77971e-08
1.41445e-08
3.46502e-08
3.52305e-09
1.66579e-08
8.61517e-10
7.77562e-09
1.17325e-09
6.06257e-09
1.3331e-09
-2.14581e-10
1.3288e-09
-1.36827e-10
1.31051e-09
-1.24944e-10
1.30615e-09
-1.20945e-10
1.30639e-09
-1.25866e-10
1.30756e-09
-1.32974e-10
1.30786e-09
-1.51576e-10
1.30993e-09
-1.75467e-10
1.32641e-09
-2.32122e-10
1.40996e-09
-3.19348e-10
1.7064e-09
-5.25813e-10
2.14986e-09
-8.48864e-10
2.41752e-09
-5.08951e-10
2.47625e-09
-3.33377e-11
2.50283e-09
1.30097e-10
2.5604e-09
2.63056e-10
2.65837e-09
4.06544e-10
2.80297e-09
5.74011e-10
3.01382e-09
7.65551e-10
3.33781e-09
9.65795e-10
3.86226e-09
1.13553e-09
4.65772e-09
1.1714e-09
8.01411e-10
4.04941e-07
2.42508e-07
4.1558e-07
1.9563e-07
3.07479e-07
1.52483e-07
2.38013e-07
1.00751e-07
1.7302e-07
8.3017e-08
1.29916e-07
6.15805e-08
5.88023e-08
6.44768e-08
1.25017e-09
5.07414e-08
1.37804e-09
6.15854e-09
1.26493e-09
6.50413e-10
1.24873e-09
-1.17321e-09
1.2543e-09
-1.88288e-09
1.26471e-09
-1.89888e-09
1.26044e-09
-1.63193e-09
1.23016e-09
-6.66836e-10
1.15844e-09
2.37098e-09
1.07414e-09
7.74177e-09
1.53886e-09
3.93065e-08
2.50616e-09
1.2439e-08
2.89147e-09
-2.06729e-10
2.7351e-09
4.98303e-11
2.66432e-09
1.05353e-10
2.70891e-09
1.64351e-10
2.81957e-09
2.42469e-10
2.97853e-09
3.4068e-10
3.18492e-09
4.53625e-10
3.44905e-09
5.61818e-10
3.77866e-09
6.30553e-10
4.13133e-09
5.87079e-10
3.06989e-10
3.15061e-07
-6.82786e-08
5.09946e-07
4.09679e-09
5.82327e-07
7.4511e-08
5.97409e-07
9.02681e-08
5.78781e-07
1.01337e-07
5.39783e-07
9.97402e-08
4.7998e-07
1.09142e-07
4.18839e-07
9.82329e-08
4.12109e-07
2.38968e-08
4.10562e-07
3.09401e-09
4.16882e-07
-5.33217e-09
4.22357e-07
-8.47404e-09
4.33628e-07
-8.70372e-09
4.34675e-07
-6.81965e-09
4.43405e-07
-1.55066e-09
4.17617e-07
1.51332e-08
3.98856e-07
3.97158e-08
2.63581e-07
1.27736e-07
5.16844e-08
1.15689e-07
2.64175e-09
5.36457e-08
2.35816e-09
3.47547e-09
2.07435e-09
-2.39395e-09
2.04041e-09
-4.69442e-09
2.0538e-09
-6.32097e-09
2.10497e-09
-7.98334e-09
2.19738e-09
-9.50397e-09
2.34493e-09
-1.03286e-08
2.62046e-09
-9.51184e-09
3.10926e-09
-6.88767e-09
-2.58383e-09
6.86476e-08
-1.43821e-07
1.78407e-07
-9.49277e-08
2.96544e-07
-4.56206e-08
3.83656e-07
3.16998e-09
4.59062e-07
3.54904e-08
5.10053e-07
5.84059e-08
5.60163e-07
6.94358e-08
5.88595e-07
6.54835e-08
5.93384e-07
2.67235e-08
5.95435e-07
2.16418e-09
6.04938e-07
-1.0454e-08
6.07521e-07
-1.51563e-08
6.20181e-07
-1.58249e-08
6.17834e-07
-1.11979e-08
6.25298e-07
-8.42244e-10
6.03836e-07
2.76486e-08
5.86056e-07
6.72962e-08
5.59574e-07
1.53399e-07
4.71069e-07
1.8546e-07
4.56276e-07
1.01007e-07
4.66901e-07
9.69994e-09
4.80461e-07
-1.51722e-08
5.04001e-07
-2.74608e-08
5.37267e-07
-3.71279e-08
5.79682e-07
-4.70963e-08
6.30922e-07
-5.67294e-08
6.85833e-07
-6.31586e-08
7.38206e-07
-6.04538e-08
7.74442e-07
-4.52918e-08
-1.71099e-08
5.82674e-08
-2.08224e-07
1.13967e-07
-1.56087e-07
1.74916e-07
-1.07399e-07
2.37635e-07
-6.15753e-08
3.05419e-07
-2.61529e-08
3.70244e-07
-9.03817e-10
4.33322e-07
1.30691e-08
4.82641e-07
1.56177e-08
5.05984e-07
5.87247e-09
5.16709e-07
-6.70692e-09
5.24161e-07
-1.61171e-08
5.28395e-07
-2.00994e-08
5.34075e-07
-2.04011e-08
5.34935e-07
-1.40608e-08
5.38139e-07
-1.34866e-09
5.40638e-07
2.50756e-08
5.58756e-07
5.93091e-08
6.23377e-07
1.00581e-07
6.832e-07
1.201e-07
7.11888e-07
6.71593e-08
7.32491e-07
-7.43968e-10
7.6149e-07
-4.16962e-08
8.019e-07
-6.84668e-08
8.57201e-07
-9.21425e-08
9.27144e-07
-1.16436e-07
1.01405e-06
-1.41589e-07
1.11061e-06
-1.61104e-07
1.21156e-06
-1.62861e-07
1.2884e-06
-1.30571e-07
-5.29302e-08
6.56618e-08
-2.7896e-07
1.27744e-07
-2.21487e-07
1.88815e-07
-1.68505e-07
2.48508e-07
-1.20403e-07
3.04667e-07
-8.05608e-08
3.56222e-07
-5.12036e-08
4.02482e-07
-3.23542e-08
4.39934e-07
-2.22773e-08
4.65588e-07
-1.96459e-08
4.82235e-07
-2.25522e-08
4.94212e-07
-2.70256e-08
5.04286e-07
-2.95486e-08
5.13246e-07
-2.87378e-08
5.22381e-07
-2.23802e-08
5.32526e-07
-1.01478e-08
5.52443e-07
8.69378e-09
5.86493e-07
2.8824e-08
6.50107e-07
4.19329e-08
7.28771e-07
3.83014e-08
7.85665e-07
6.48598e-09
8.30551e-07
-4.15955e-08
8.7973e-07
-8.70981e-08
9.41009e-07
-1.26525e-07
1.01671e-06
-1.64927e-07
1.10749e-06
-2.02941e-07
1.21563e-06
-2.44707e-07
1.33745e-06
-2.79198e-07
1.47588e-06
-2.99949e-07
1.60029e-06
-2.64625e-07
-1.30827e-07
8.32197e-08
-3.69658e-07
1.57414e-07
-2.939e-07
2.28172e-07
-2.35357e-07
2.93896e-07
-1.83327e-07
3.52991e-07
-1.38168e-07
4.04697e-07
-1.02122e-07
4.48693e-07
-7.59226e-08
4.85096e-07
-5.83412e-08
5.143e-07
-4.83741e-08
5.37291e-07
-4.466e-08
5.56156e-07
-4.46434e-08
5.729e-07
-4.5023e-08
5.89088e-07
-4.35207e-08
6.06868e-07
-3.85377e-08
6.29067e-07
-3.03206e-08
6.60873e-07
-2.08841e-08
7.05941e-07
-1.50005e-08
7.662e-07
-1.84237e-08
8.37511e-07
-3.45682e-08
9.06763e-07
-6.38054e-08
9.73169e-07
-1.05729e-07
1.04129e-06
-1.52296e-07
1.1179e-06
-1.99219e-07
1.19932e-06
-2.446e-07
1.28973e-06
-2.88803e-07
1.383e-06
-3.35827e-07
1.48953e-06
-3.77365e-07
1.61586e-06
-4.23252e-07
1.76422e-06
-4.16189e-07
-2.95215e-07
1.21679e-07
-4.90038e-07
2.29897e-07
-3.89939e-07
3.22584e-07
-3.20219e-07
3.98199e-07
-2.55639e-07
4.59519e-07
-1.98373e-07
5.09712e-07
-1.5183e-07
5.5102e-07
-1.16915e-07
5.85371e-07
-9.22288e-08
6.13836e-07
-7.63611e-08
6.37295e-07
-6.7386e-08
6.5678e-07
-6.33153e-08
6.74261e-07
-6.14404e-08
6.91811e-07
-6.00414e-08
7.12635e-07
-5.80073e-08
7.39884e-07
-5.63281e-08
7.77262e-07
-5.68498e-08
8.25878e-07
-6.30023e-08
8.84669e-07
-7.69916e-08
9.49536e-07
-1.00235e-07
1.01671e-06
-1.31163e-07
1.08192e-06
-1.70993e-07
1.14466e-06
-2.13657e-07
1.20602e-06
-2.5973e-07
1.2617e-06
-2.9963e-07
1.31724e-06
-3.4265e-07
1.36039e-06
-3.78804e-07
1.4177e-06
-4.23905e-07
1.48258e-06
-4.7714e-07
1.62363e-06
-5.22235e-07
-6.0768e-07
2.35065e-07
-6.84767e-07
4.0657e-07
-5.42411e-07
5.04365e-07
-4.15201e-07
5.61254e-07
-3.13153e-07
5.98008e-07
-2.3626e-07
6.24912e-07
-1.79688e-07
6.46384e-07
-1.39136e-07
6.64423e-07
-1.10675e-07
6.79529e-07
-9.17473e-08
6.92058e-07
-7.99205e-08
7.02389e-07
-7.35923e-08
7.12165e-07
-7.08415e-08
7.23305e-07
-7.08398e-08
7.38831e-07
-7.29024e-08
7.60855e-07
-7.80645e-08
7.91509e-07
-8.71569e-08
8.30051e-07
-1.0207e-07
8.75797e-07
-1.23083e-07
9.25144e-07
-1.50705e-07
9.7788e-07
-1.83682e-07
1.02762e-06
-2.21546e-07
1.07658e-06
-2.60542e-07
1.11703e-06
-3.00707e-07
1.1546e-06
-3.33024e-07
1.18124e-06
-3.69748e-07
1.19959e-06
-3.91018e-07
1.22302e-06
-4.43489e-07
1.23503e-06
-4.81551e-07
1.54706e-06
-7.07743e-07
-1.25711e-06
8.48187e-07
-6.56797e-07
7.74692e-07
-5.13586e-07
7.18298e-07
-3.7996e-07
6.7821e-07
-2.8306e-07
6.53146e-07
-2.16064e-07
6.39714e-07
-1.68617e-07
6.34062e-07
-1.34662e-07
6.33153e-07
-1.10194e-07
6.34716e-07
-9.34166e-08
6.3759e-07
-8.2515e-08
6.41381e-07
-7.69612e-08
6.46911e-07
-7.55708e-08
6.55542e-07
-7.86229e-08
6.69155e-07
-8.54116e-08
6.89339e-07
-9.73187e-08
7.1682e-07
-1.137e-07
7.51891e-07
-1.36384e-07
7.93156e-07
-1.63613e-07
8.39834e-07
-1.9641e-07
8.89318e-07
-2.32289e-07
9.38377e-07
-2.69449e-07
9.8577e-07
-3.06573e-07
1.022e-06
-3.36582e-07
1.05404e-06
-3.61928e-07
1.05742e-06
-3.76686e-07
1.06899e-06
-3.91985e-07
1.02807e-06
-4.20613e-07
1.03376e-06
-4.66487e-07
8.40394e-07
-6.62671e-07
-9.56243e-07
7.23151e-07
-4.56002e-07
6.06563e-07
-3.82922e-07
5.52456e-07
-3.16469e-07
5.35631e-07
-2.58761e-07
5.36333e-07
-2.11186e-07
5.44476e-07
-1.72728e-07
5.55216e-07
-1.42739e-07
5.6673e-07
-1.19621e-07
5.77949e-07
-1.03199e-07
5.89213e-07
-9.22553e-08
6.00598e-07
-8.72236e-08
6.13672e-07
-8.70617e-08
6.29104e-07
-9.29616e-08
6.48965e-07
-1.0357e-07
6.73574e-07
-1.21075e-07
7.03895e-07
-1.42609e-07
7.39422e-07
-1.71674e-07
7.7852e-07
-2.02224e-07
8.21141e-07
-2.39512e-07
8.61864e-07
-2.74006e-07
9.02364e-07
-3.10534e-07
9.32193e-07
-3.39034e-07
9.5262e-07
-3.56791e-07
9.47236e-07
-3.6209e-07
9.2412e-07
-3.51996e-07
8.67915e-07
-3.47368e-07
7.81949e-07
-3.35547e-07
6.4837e-07
-3.6793e-07
3.20111e-07
-3.6061e-07
-2.47382e-07
8.22406e-07
-3.61742e-07
7.73167e-07
-3.38654e-07
7.45755e-07
-2.99287e-07
7.30146e-07
-2.52857e-07
7.2023e-07
-2.08996e-07
7.13297e-07
-1.7148e-07
7.07826e-07
-1.41732e-07
7.03715e-07
-1.1876e-07
7.00233e-07
-1.02546e-07
6.9791e-07
-9.18979e-08
6.95999e-07
-8.73985e-08
6.95742e-07
-8.80904e-08
6.96312e-07
-9.5462e-08
6.99834e-07
-1.08065e-07
7.05122e-07
-1.28572e-07
7.14976e-07
-1.53242e-07
7.27725e-07
-1.87009e-07
7.4576e-07
-2.20638e-07
7.67281e-07
-2.63537e-07
7.90365e-07
-2.96815e-07
8.12832e-07
-3.34506e-07
8.24306e-07
-3.49706e-07
8.16609e-07
-3.50773e-07
7.81797e-07
-3.27403e-07
7.2556e-07
-2.99569e-07
6.35996e-07
-2.63694e-07
5.18618e-07
-2.19973e-07
3.60303e-07
-2.20208e-07
1.8019e-07
-1.9308e-07
-1.60899e-07
8.37309e-07
-2.84352e-07
7.68581e-07
-2.68176e-07
7.11221e-07
-2.40916e-07
6.67518e-07
-2.08197e-07
6.3588e-07
-1.76138e-07
6.136e-07
-1.47519e-07
5.97794e-07
-1.24205e-07
5.86737e-07
-1.0579e-07
5.78712e-07
-9.28803e-08
5.73356e-07
-8.46036e-08
5.69574e-07
-8.20245e-08
5.68198e-07
-8.43908e-08
5.68399e-07
-9.37637e-08
5.72549e-07
-1.08894e-07
5.79738e-07
-1.33246e-07
5.94003e-07
-1.62772e-07
6.12783e-07
-2.03123e-07
6.401e-07
-2.42418e-07
6.6936e-07
-2.91571e-07
6.98967e-07
-3.22087e-07
7.2145e-07
-3.5751e-07
7.15803e-07
-3.43483e-07
6.80784e-07
-3.18265e-07
6.17454e-07
-2.6624e-07
5.42728e-07
-2.26271e-07
4.43979e-07
-1.87438e-07
3.34312e-07
-9.87727e-08
2.22327e-07
-1.03069e-07
1.00392e-07
-6.62566e-08
-1.82635e-08
8.51106e-07
-2.20928e-07
7.96088e-07
-2.11636e-07
7.51456e-07
-1.96205e-07
7.18133e-07
-1.75947e-07
6.94111e-07
-1.53978e-07
6.77283e-07
-1.3245e-07
6.65056e-07
-1.13819e-07
6.56338e-07
-9.83909e-08
6.49442e-07
-8.7497e-08
6.44432e-07
-8.04988e-08
6.39919e-07
-7.89212e-08
6.3679e-07
-8.19102e-08
6.33581e-07
-9.2103e-08
6.32208e-07
-1.08003e-07
6.31112e-07
-1.34098e-07
6.33582e-07
-1.6569e-07
6.36821e-07
-2.09361e-07
6.45922e-07
-2.52028e-07
6.516e-07
-3.02696e-07
6.61286e-07
-3.31582e-07
6.50114e-07
-3.56123e-07
5.9644e-07
-2.93469e-07
5.18892e-07
-2.46637e-07
4.34136e-07
-1.90303e-07
3.44297e-07
-1.22343e-07
2.51985e-07
-7.72285e-08
1.84757e-07
-2.03812e-08
7.7911e-08
-2.46409e-08
1.49785e-09
-1.19931e-09
-2.04044e-09
8.61079e-07
-1.67827e-07
8.12781e-07
-1.62274e-07
7.69624e-07
-1.52628e-07
7.32917e-07
-1.39263e-07
7.02423e-07
-1.23956e-07
6.7778e-07
-1.08182e-07
6.57459e-07
-9.40257e-08
6.40922e-07
-8.19618e-08
6.26472e-07
-7.34189e-08
6.14077e-07
-6.78932e-08
6.01861e-07
-6.70088e-08
5.90314e-07
-6.97684e-08
5.77281e-07
-7.9176e-08
5.64106e-07
-9.33664e-08
5.49457e-07
-1.18567e-07
5.36386e-07
-1.49121e-07
5.26915e-07
-1.96463e-07
5.23646e-07
-2.42463e-07
5.24893e-07
-2.98757e-07
5.3295e-07
-3.30984e-07
4.91291e-07
-3.23368e-07
4.10788e-07
-2.15484e-07
3.13814e-07
-1.34391e-07
2.31154e-07
-7.71212e-08
1.09513e-07
-3.01993e-08
2.58444e-09
-4.70606e-10
2.12152e-09
-1.25287e-09
9.17313e-10
-1.43174e-09
5.82115e-10
-1.44088e-09
-2.10073e-09
8.67351e-07
-1.21243e-07
8.23749e-07
-1.17851e-07
7.83381e-07
-1.11826e-07
7.47685e-07
-1.0335e-07
7.16828e-07
-9.33653e-08
6.9113e-07
-8.2722e-08
6.69292e-07
-7.28477e-08
6.513e-07
-6.42216e-08
6.35111e-07
-5.8053e-08
6.21257e-07
-5.40982e-08
6.06959e-07
-5.37601e-08
5.93668e-07
-5.62506e-08
5.77464e-07
-6.43495e-08
5.61246e-07
-7.635e-08
5.40472e-07
-9.92148e-08
5.20577e-07
-1.27013e-07
5.00833e-07
-1.76864e-07
4.82255e-07
-2.20689e-07
4.74479e-07
-2.88667e-07
4.49095e-07
-3.08166e-07
3.43518e-07
-2.41116e-07
2.40718e-07
-8.96503e-08
1.13128e-07
-3.50427e-08
2.54567e-09
-2.42498e-10
2.42344e-09
-5.73439e-10
2.06928e-09
-4.71551e-10
1.66333e-09
-1.23153e-09
1.01627e-09
-1.4286e-09
5.21087e-10
-1.28702e-09
-1.43671e-09
8.71354e-07
-7.87986e-08
8.30975e-07
-7.68412e-08
7.92831e-07
-7.32922e-08
7.58032e-07
-6.82896e-08
7.26855e-07
-6.22689e-08
6.99805e-07
-5.57567e-08
6.75997e-07
-4.95129e-08
6.55629e-07
-4.40308e-08
6.3681e-07
-3.99736e-08
6.20157e-07
-3.74997e-08
6.02594e-07
-3.72714e-08
5.85784e-07
-3.92167e-08
5.64546e-07
-4.47257e-08
5.4246e-07
-5.34125e-08
5.10719e-07
-6.9636e-08
4.77375e-07
-9.07697e-08
4.31394e-07
-1.31894e-07
3.89336e-07
-1.68988e-07
3.55408e-07
-2.48166e-07
2.60615e-07
-2.21901e-07
9.88074e-08
-8.86019e-08
2.3625e-09
-4.92643e-10
2.30935e-09
-4.19865e-10
2.17765e-09
-7.50442e-11
2.09536e-09
-5.18851e-10
1.82332e-09
-5.00185e-10
1.44446e-09
-7.3826e-10
9.63335e-10
-8.64705e-10
4.85965e-10
-8.77578e-10
-9.22385e-10
8.7374e-07
-3.88219e-08
8.35343e-07
-3.79251e-08
7.98661e-07
-3.62704e-08
7.64583e-07
-3.39494e-08
7.33426e-07
-3.11115e-08
7.057e-07
-2.80445e-08
6.80844e-07
-2.50177e-08
6.5904e-07
-2.23959e-08
6.38748e-07
-2.03564e-08
6.20321e-07
-1.92294e-08
6.01043e-07
-1.90405e-08
5.82033e-07
-2.02187e-08
5.5847e-07
-2.28262e-08
5.33046e-07
-2.76406e-08
4.96322e-07
-3.55283e-08
4.54928e-07
-4.77533e-08
3.89812e-07
-7.00935e-08
3.27947e-07
-9.84046e-08
2.39789e-07
-1.59327e-07
8.19402e-08
-8.80676e-08
1.92242e-09
-8.22649e-10
2.43279e-09
-2.43311e-10
2.31313e-09
-3.29642e-10
2.15147e-09
-1.61836e-10
1.96105e-09
-2.38637e-10
1.68418e-09
-2.73862e-10
1.32785e-09
-3.56626e-10
9.06645e-10
-4.14384e-10
4.59435e-10
-4.36207e-10
-4.52866e-10
8.74867e-07
8.37388e-07
8.01464e-07
7.67729e-07
7.36708e-07
7.08592e-07
6.83388e-07
6.60658e-07
6.39907e-07
6.20138e-07
6.00536e-07
5.79549e-07
5.55938e-07
5.27193e-07
4.90525e-07
4.41405e-07
3.69858e-07
2.71776e-07
1.12558e-07
5.24526e-09
2.32265e-09
2.72556e-09
2.39748e-09
2.15405e-09
1.9132e-09
1.6245e-09
1.2761e-09
8.75959e-10
4.45129e-10
)
;

boundaryField
{
    inlet1
    {
        type            calculated;
        value           nonuniform List<scalar> 10(-1e-07 -1e-07 -1e-07 -1e-07 -1e-07 -1e-07 -1e-07 -1e-07 -1e-07 -1e-07);
    }
    inlet2
    {
        type            calculated;
        value           uniform 0;
    }
    inlet3
    {
        type            calculated;
        value           nonuniform List<scalar> 10(-9.13394e-07 -9.13394e-07 -9.13394e-07 -9.13394e-07 -9.13394e-07 -9.13394e-07 -9.13394e-07 -9.13394e-07 -9.13394e-07 -9.13394e-07);
    }
    output1
    {
        type            calculated;
        value           uniform 0;
    }
    output2
    {
        type            calculated;
        value           nonuniform List<scalar> 10(8.99704e-09 5.65911e-09 4.44935e-09 3.43945e-09 7.90955e-07 1.32383e-06 1.6721e-06 1.90829e-06 1.92207e-06 2.49414e-06);
    }
    output3
    {
        type            calculated;
        value           uniform -0;
    }
    up
    {
        type            calculated;
        value           uniform 0;
    }
    down
    {
        type            calculated;
        value           uniform 0;
    }
    emptyWalls
    {
        type            empty;
        value           nonuniform List<scalar> 0();
    }
}


// ************************************************************************* //
