/*--------------------------------*- C++ -*----------------------------------*\
  =========                 |
  \\      /  F ield         | OpenFOAM: The Open Source CFD Toolbox
   \\    /   O peration     | Website:  https://openfoam.org
    \\  /    A nd           | Version:  9
     \\/     M anipulation  |
\*---------------------------------------------------------------------------*/
FoamFile
{
    format      ascii;
    class       volVectorField;
    location    "22500";
    object      ut;
}
// * * * * * * * * * * * * * * * * * * * * * * * * * * * * * * * * * * * * * //

dimensions      [0 1 -1 0 0 0 0];

internalField   nonuniform List<vector> 
900
(
(2.62185e-06 2.04305e-06 -0)
(2.94079e-06 2.08205e-06 -0)
(5.34663e-07 6.01778e-07 -0)
(1.57494e-07 2.46203e-08 -0)
(8.3614e-08 -3.14537e-09 -0)
(1.55597e-07 4.35302e-09 -0)
(1.47654e-07 2.83497e-09 -0)
(1.43065e-07 1.75422e-09 -0)
(1.40317e-07 9.93914e-10 -0)
(1.38845e-07 4.77913e-10 -0)
(1.38228e-07 1.40003e-10 -0)
(1.38156e-07 -6.80523e-11 -0)
(1.38401e-07 -1.76328e-10 -0)
(1.38777e-07 -2.00113e-10 -0)
(1.39121e-07 -1.43514e-10 -0)
(1.39267e-07 -2.68263e-12 -0)
(1.39039e-07 2.31304e-10 -0)
(1.38238e-07 5.69702e-10 -0)
(1.36645e-07 1.02338e-09 -0)
(1.3402e-07 1.60036e-09 -0)
(1.30116e-07 2.30401e-09 -0)
(1.24679e-07 3.1318e-09 -0)
(1.17473e-07 4.0739e-09 -0)
(1.08287e-07 5.11097e-09 -0)
(9.69639e-08 6.21093e-09 -0)
(8.34266e-08 7.32514e-09 -0)
(6.77147e-08 8.3856e-09 -0)
(5.00214e-08 9.30665e-09 -0)
(3.07202e-08 9.99364e-09 -0)
(1.03632e-08 1.03628e-08 -0)
(4.1266e-06 1.50151e-05 -0)
(2.32577e-07 1.17766e-06 -0)
(1.467e-07 3.81345e-07 -0)
(3.21985e-07 4.14759e-07 -0)
(6.65069e-08 1.07085e-08 -0)
(1.61638e-07 1.18694e-08 -0)
(1.45055e-07 8.06772e-09 -0)
(1.41224e-07 4.94235e-09 -0)
(1.3904e-07 2.73756e-09 -0)
(1.37991e-07 1.25578e-09 -0)
(1.37682e-07 2.9029e-10 -0)
(1.3784e-07 -3.03901e-10 -0)
(1.38269e-07 -6.13514e-10 -0)
(1.3881e-07 -6.80722e-10 -0)
(1.39319e-07 -5.14755e-10 -0)
(1.39642e-07 -1.01272e-10 -0)
(1.39611e-07 5.89349e-10 -0)
(1.3903e-07 1.59363e-09 -0)
(1.37675e-07 2.94657e-09 -0)
(1.35301e-07 4.67407e-09 -0)
(1.31647e-07 6.78754e-09 -0)
(1.26449e-07 9.2807e-09 -0)
(1.19452e-07 1.21262e-08 -0)
(1.10424e-07 1.52695e-08 -0)
(9.91781e-08 1.86181e-08 -0)
(8.56012e-08 2.20289e-08 -0)
(6.96962e-08 2.5296e-08 -0)
(5.16294e-08 2.8153e-08 -0)
(3.17764e-08 3.02987e-08 -0)
(1.07323e-08 3.14571e-08 -0)
(3.24363e-06 1.57448e-05 -0)
(1.08315e-06 5.7736e-06 -0)
(5.24184e-08 9.86196e-07 -0)
(1.67263e-07 4.56451e-08 -0)
(9.50314e-08 4.76364e-08 -0)
(1.49373e-07 2.14451e-08 -0)
(1.40727e-07 1.26242e-08 -0)
(1.37734e-07 7.21001e-09 -0)
(1.3663e-07 3.75827e-09 -0)
(1.36398e-07 1.51741e-09 -0)
(1.36668e-07 6.93423e-11 -0)
(1.37252e-07 -8.24299e-10 -0)
(1.38024e-07 -1.2932e-09 -0)
(1.38876e-07 -1.39462e-09 -0)
(1.39701e-07 -1.13359e-09 -0)
(1.40371e-07 -4.77034e-10 -0)
(1.40734e-07 6.3366e-10 -0)
(1.40595e-07 2.26874e-09 -0)
(1.39725e-07 4.49497e-09 -0)
(1.37861e-07 7.36154e-09 -0)
(1.34722e-07 1.08912e-08 -0)
(1.30018e-07 1.5077e-08 -0)
(1.23461e-07 1.98804e-08 -0)
(1.14779e-07 2.52221e-08 -0)
(1.03723e-07 3.09631e-08 -0)
(9.01045e-08 3.68761e-08 -0)
(7.38388e-08 4.26162e-08 -0)
(5.50241e-08 4.77098e-08 -0)
(3.40243e-08 5.15912e-08 -0)
(1.15216e-08 5.37093e-08 -0)
(3.3947e-06 2.964e-05 -0)
(6.27663e-07 3.35748e-06 -0)
(2.30206e-07 1.31703e-06 -0)
(5.17031e-08 8.64882e-09 -0)
(1.05511e-07 4.64042e-08 -0)
(1.26534e-07 2.45773e-08 -0)
(1.3082e-07 1.3774e-08 -0)
(1.32358e-07 7.51508e-09 -0)
(1.33348e-07 3.56803e-09 -0)
(1.34302e-07 9.86177e-10 -0)
(1.3534e-07 -7.06206e-10 -0)
(1.36477e-07 -1.76955e-09 -0)
(1.37698e-07 -2.34052e-09 -0)
(1.3897e-07 -2.47105e-09 -0)
(1.40236e-07 -2.14796e-09 -0)
(1.41409e-07 -1.30688e-09 -0)
(1.42357e-07 1.53619e-10 -0)
(1.42891e-07 2.35275e-09 -0)
(1.42768e-07 5.40305e-09 -0)
(1.41697e-07 9.38605e-09 -0)
(1.39362e-07 1.43387e-08 -0)
(1.35438e-07 2.0256e-08 -0)
(1.29597e-07 2.70964e-08 -0)
(1.21507e-07 3.47756e-08 -0)
(1.10832e-07 4.31365e-08 -0)
(9.72544e-08 5.18964e-08 -0)
(8.05299e-08 6.05827e-08 -0)
(6.06044e-08 6.84794e-08 -0)
(3.77758e-08 7.46465e-08 -0)
(1.28503e-08 7.80794e-08 -0)
(3.64321e-06 3.20743e-05 -0)
(1.34796e-06 8.60251e-06 -0)
(3.19379e-07 2.38948e-06 -0)
(3.79019e-08 5.58046e-09 -0)
(1.12394e-07 2.32491e-08 -0)
(1.16737e-07 1.67557e-08 -0)
(1.23664e-07 1.03792e-08 -0)
(1.27528e-07 5.50827e-09 -0)
(1.30101e-07 2.01252e-09 -0)
(1.32124e-07 -4.34595e-10 -0)
(1.33912e-07 -2.11096e-09 -0)
(1.35618e-07 -3.20728e-09 -0)
(1.37322e-07 -3.82844e-09 -0)
(1.39069e-07 -4.0011e-09 -0)
(1.40865e-07 -3.68031e-09 -0)
(1.42673e-07 -2.7561e-09 -0)
(1.44393e-07 -1.06509e-09 -0)
(1.45844e-07 1.58549e-09 -0)
(1.46758e-07 5.37839e-09 -0)
(1.46797e-07 1.04409e-08 -0)
(1.45592e-07 1.68218e-08 -0)
(1.42775e-07 2.45118e-08 -0)
(1.37981e-07 3.34739e-08 -0)
(1.30819e-07 4.36479e-08 -0)
(1.20844e-07 5.49107e-08 -0)
(1.07551e-07 6.69902e-08 -0)
(9.04218e-08 7.93386e-08 -0)
(6.90879e-08 9.09809e-08 -0)
(4.36243e-08 1.00435e-07 -0)
(1.49544e-08 1.05883e-07 -0)
(4.68496e-06 4.53069e-05 -0)
(9.63593e-07 6.07051e-06 -0)
(3.8912e-07 2.80973e-06 -0)
(4.33278e-08 6.4461e-09 -0)
(1.13942e-07 9.95481e-09 -0)
(1.13664e-07 8.82007e-09 -0)
(1.19572e-07 5.47873e-09 -0)
(1.23991e-07 2.12631e-09 -0)
(1.27405e-07 -5.91714e-10 -0)
(1.30179e-07 -2.62628e-09 -0)
(1.32567e-07 -4.09594e-09 -0)
(1.3476e-07 -5.12028e-09 -0)
(1.36904e-07 -5.76489e-09 -0)
(1.39118e-07 -6.02459e-09 -0)
(1.41481e-07 -5.8161e-09 -0)
(1.44025e-07 -4.97216e-09 -0)
(1.46699e-07 -3.24351e-09 -0)
(1.49335e-07 -3.2422e-10 -0)
(1.51623e-07 4.08413e-09 -0)
(1.53141e-07 1.01775e-08 -0)
(1.53433e-07 1.7996e-08 -0)
(1.5209e-07 2.74953e-08 -0)
(1.48733e-07 3.86397e-08 -0)
(1.42943e-07 5.14317e-08 -0)
(1.34174e-07 6.5868e-08 -0)
(1.21682e-07 8.18154e-08 -0)
(1.04521e-07 9.87996e-08 -0)
(8.17006e-08 1.15673e-07 -0)
(5.26781e-08 1.30229e-07 -0)
(1.82987e-08 1.39136e-07 -0)
(3.96786e-06 4.48694e-05 -0)
(1.31455e-06 1.33071e-05 -0)
(3.5483e-07 4.51016e-06 -0)
(4.96634e-08 7.73388e-09 -0)
(1.12418e-07 4.27053e-09 -0)
(1.12261e-07 3.09139e-09 -0)
(1.16971e-07 5.89363e-10 -0)
(1.21458e-07 -1.89011e-09 -0)
(1.25349e-07 -3.87953e-09 -0)
(1.28619e-07 -5.38306e-09 -0)
(1.31418e-07 -6.52637e-09 -0)
(1.33949e-07 -7.41317e-09 -0)
(1.36418e-07 -8.08619e-09 -0)
(1.39017e-07 -8.51619e-09 -0)
(1.41917e-07 -8.58731e-09 -0)
(1.45246e-07 -8.07314e-09 -0)
(1.49041e-07 -6.61279e-09 -0)
(1.53172e-07 -3.72304e-09 -0)
(1.5726e-07 1.10501e-09 -0)
(1.60709e-07 8.1894e-09 -0)
(1.6291e-07 1.74894e-08 -0)
(1.63419e-07 2.88339e-08 -0)
(1.61917e-07 4.21576e-08 -0)
(1.58047e-07 5.75719e-08 -0)
(1.51228e-07 7.53137e-08 -0)
(1.40482e-07 9.56048e-08 -0)
(1.24279e-07 1.18372e-07 -0)
(1.00517e-07 1.4268e-07 -0)
(6.70872e-08 1.65672e-07 -0)
(2.38615e-08 1.81295e-07 -0)
(5.07349e-06 5.99988e-05 -0)
(7.04226e-07 9.0304e-06 -0)
(2.36338e-07 3.56459e-06 -0)
(5.22198e-08 7.97888e-09 -0)
(1.08052e-07 1.85666e-09 -0)
(1.09982e-07 -1.31438e-09 -0)
(1.14591e-07 -4.32258e-09 -0)
(1.19522e-07 -6.39667e-09 -0)
(1.23912e-07 -7.65333e-09 -0)
(1.27532e-07 -8.50023e-09 -0)
(1.30537e-07 -9.21334e-09 -0)
(1.332e-07 -9.91989e-09 -0)
(1.35801e-07 -1.06505e-08 -0)
(1.38617e-07 -1.13668e-08 -0)
(1.41924e-07 -1.19439e-08 -0)
(1.45999e-07 -1.21204e-08 -0)
(1.51049e-07 -1.14115e-08 -0)
(1.57052e-07 -9.06006e-09 -0)
(1.63536e-07 -4.13024e-09 -0)
(1.69525e-07 3.98579e-09 -0)
(1.74078e-07 1.49382e-08 -0)
(1.76759e-07 2.81935e-08 -0)
(1.77471e-07 4.3585e-08 -0)
(1.76099e-07 6.13849e-08 -0)
(1.72207e-07 8.22097e-08 -0)
(1.6474e-07 1.06917e-07 -0)
(1.51595e-07 1.36405e-07 -0)
(1.29001e-07 1.71001e-07 -0)
(9.12931e-08 2.08485e-07 -0)
(3.39216e-08 2.39077e-07 -0)
(3.00922e-06 5.74796e-05 -0)
(-7.922e-07 1.86658e-05 -0)
(-2.49845e-07 6.09505e-06 -0)
(5.08568e-08 7.94899e-09 -0)
(1.028e-07 2.05011e-11 -0)
(1.06082e-07 -5.88299e-09 -0)
(1.11888e-07 -1.01687e-08 -0)
(1.18127e-07 -1.17207e-08 -0)
(1.23245e-07 -1.1837e-08 -0)
(1.27059e-07 -1.17512e-08 -0)
(1.29998e-07 -1.19068e-08 -0)
(1.32512e-07 -1.24026e-08 -0)
(1.34971e-07 -1.3229e-08 -0)
(1.37724e-07 -1.43566e-08 -0)
(1.41163e-07 -1.57013e-08 -0)
(1.45778e-07 -1.70531e-08 -0)
(1.52102e-07 -1.78525e-08 -0)
(1.60453e-07 -1.69753e-08 -0)
(1.70306e-07 -1.25516e-08 -0)
(1.79777e-07 -3.05418e-09 -0)
(1.87118e-07 1.00843e-08 -0)
(1.92066e-07 2.54171e-08 -0)
(1.95109e-07 4.26046e-08 -0)
(1.96672e-07 6.21722e-08 -0)
(1.96759e-07 8.52261e-08 -0)
(1.94677e-07 1.13446e-07 -0)
(1.88364e-07 1.49331e-07 -0)
(1.72597e-07 1.96437e-07 -0)
(1.35163e-07 2.58189e-07 -0)
(5.44537e-08 3.27452e-07 -0)
(3.80025e-06 7.85187e-05 -0)
(-1.66681e-06 1.29448e-05 -0)
(1.01668e-08 7.72032e-07 -0)
(4.70865e-08 1.24333e-08 -0)
(9.41771e-08 -2.8654e-09 -0)
(9.97933e-08 -1.20694e-08 -0)
(1.08753e-07 -1.87484e-08 -0)
(1.17854e-07 -1.84806e-08 -0)
(1.23881e-07 -1.62227e-08 -0)
(1.27462e-07 -1.47608e-08 -0)
(1.29886e-07 -1.42602e-08 -0)
(1.31878e-07 -1.45544e-08 -0)
(1.33847e-07 -1.55065e-08 -0)
(1.36144e-07 -1.71292e-08 -0)
(1.39228e-07 -1.94518e-08 -0)
(1.43848e-07 -2.25379e-08 -0)
(1.51126e-07 -2.59702e-08 -0)
(1.62353e-07 -2.84367e-08 -0)
(1.77457e-07 -2.60466e-08 -0)
(1.92161e-07 -1.37349e-08 -0)
(2.02549e-07 3.03668e-09 -0)
(2.09279e-07 2.07855e-08 -0)
(2.14226e-07 3.9245e-08 -0)
(2.18721e-07 5.94736e-08 -0)
(2.23481e-07 8.30763e-08 -0)
(2.28845e-07 1.12313e-07 -0)
(2.34586e-07 1.51034e-07 -0)
(2.37859e-07 2.07227e-07 -0)
(2.22308e-07 3.00381e-07 -0)
(1.03185e-07 4.8509e-07 -0)
(9.13678e-07 7.49013e-05 -0)
(1.59317e-06 1.97983e-05 -0)
(1.01705e-06 2.20413e-06 -0)
(2.60378e-08 1.36064e-08 -0)
(7.82739e-08 -4.78565e-09 -0)
(9.0199e-08 -2.08126e-08 -0)
(1.05477e-07 -3.42747e-08 -0)
(1.20653e-07 -2.72308e-08 -0)
(1.26965e-07 -1.98124e-08 -0)
(1.29022e-07 -1.68089e-08 -0)
(1.30205e-07 -1.58187e-08 -0)
(1.31266e-07 -1.60485e-08 -0)
(1.32396e-07 -1.71132e-08 -0)
(1.33779e-07 -1.92019e-08 -0)
(1.35755e-07 -2.24388e-08 -0)
(1.3926e-07 -2.76764e-08 -0)
(1.46203e-07 -3.50536e-08 -0)
(1.60377e-07 -4.47545e-08 -0)
(1.85008e-07 -4.94626e-08 -0)
(2.08861e-07 -2.88753e-08 -0)
(2.21638e-07 -4.98827e-09 -0)
(2.28274e-07 1.54442e-08 -0)
(2.33797e-07 3.4115e-08 -0)
(2.40503e-07 5.34024e-08 -0)
(2.49599e-07 7.52901e-08 -0)
(2.62635e-07 1.01698e-07 -0)
(2.83278e-07 1.35263e-07 -0)
(3.21945e-07 1.81058e-07 -0)
(4.13026e-07 2.51019e-07 -0)
(6.89015e-07 3.77586e-07 -0)
(1.31324e-05 7.70644e-05 -0)
(9.2392e-06 1.29342e-05 -0)
(2.69367e-06 1.48682e-06 -0)
(2.19426e-06 1.03443e-06 -0)
(6.3464e-07 6.76313e-09 -0)
(6.99693e-08 -1.14108e-08 -0)
(1.02334e-07 -2.29098e-08 -0)
(1.32316e-07 -3.8324e-08 -0)
(1.34303e-07 -1.90102e-08 -0)
(1.31456e-07 -1.69566e-08 -0)
(1.30646e-07 -1.63262e-08 -0)
(1.30583e-07 -1.68709e-08 -0)
(1.30694e-07 -1.78028e-08 -0)
(1.30819e-07 -2.01746e-08 -0)
(1.30753e-07 -2.34295e-08 -0)
(1.31233e-07 -3.06755e-08 -0)
(1.34048e-07 -4.18132e-08 -0)
(1.47944e-07 -6.6065e-08 -0)
(1.93336e-07 -9.8174e-08 -0)
(2.36635e-07 -4.73155e-08 -0)
(2.46869e-07 -9.55928e-09 -0)
(2.48382e-07 1.18649e-08 -0)
(2.52184e-07 2.83688e-08 -0)
(2.59896e-07 4.473e-08 -0)
(2.71777e-07 6.29849e-08 -0)
(2.88817e-07 8.39266e-08 -0)
(3.13946e-07 1.07261e-07 -0)
(3.53616e-07 1.30723e-07 -0)
(4.18836e-07 1.45052e-07 -0)
(5.12707e-07 1.13692e-07 -0)
(3.20441e-05 5.154e-05 -0)
(4.89441e-05 3.15122e-05 -0)
(3.41719e-05 1.40726e-05 -0)
(2.73238e-05 5.89561e-06 -0)
(2.02787e-05 3.32482e-06 -0)
(1.43252e-05 1.56654e-06 -0)
(1.16579e-05 1.23542e-06 -0)
(1.02516e-07 -4.59219e-09 -0)
(1.47519e-07 -8.35519e-09 -0)
(1.28089e-07 -8.03213e-09 -0)
(1.24896e-07 -7.86287e-09 -0)
(1.2485e-07 -8.30235e-09 -0)
(1.2601e-07 -8.79191e-09 -0)
(1.26931e-07 -1.01406e-08 -0)
(1.25156e-07 -1.16639e-08 -0)
(1.20876e-07 -1.5749e-08 -0)
(1.10813e-07 -2.20564e-08 -0)
(1.04016e-07 -3.90976e-08 -0)
(2.03757e-07 -7.15988e-08 -0)
(2.97475e-07 -5.44746e-08 -0)
(2.80818e-07 2.89173e-09 -0)
(2.66202e-07 1.41545e-08 -0)
(2.66662e-07 2.42424e-08 -0)
(2.75119e-07 3.65787e-08 -0)
(2.88796e-07 5.18174e-08 -0)
(3.0691e-07 6.91837e-08 -0)
(3.30074e-07 8.58983e-08 -0)
(3.59736e-07 9.63843e-08 -0)
(3.95995e-07 8.9227e-08 -0)
(4.3027e-07 4.659e-08 -0)
(1.93212e-05 -3.03846e-06 -0)
(4.3691e-05 7.61386e-06 -0)
(5.82983e-05 1.6424e-05 -0)
(5.8167e-05 1.42545e-05 -0)
(6.13149e-05 1.32786e-05 -0)
(5.44413e-05 1.07496e-05 -0)
(5.35153e-05 1.16599e-05 -0)
(4.24808e-05 1.01529e-05 -0)
(4.1287e-05 1.24006e-06 -0)
(4.11348e-05 1.38115e-07 -0)
(4.09775e-05 -2.26779e-07 -0)
(4.23988e-05 -3.68274e-07 -0)
(4.20726e-05 -3.70983e-07 -0)
(4.4653e-05 -3.16245e-07 -0)
(4.2282e-05 -1.21703e-07 -0)
(4.63991e-05 4.89946e-07 -0)
(3.71244e-05 1.57041e-06 -0)
(4.26468e-05 7.90041e-06 -0)
(1.00693e-05 2.55939e-06 -0)
(2.67536e-07 1.31287e-08 -0)
(2.60814e-07 7.07432e-09 -0)
(2.10818e-07 6.91607e-09 -0)
(2.04052e-07 8.62774e-09 -0)
(2.0403e-07 1.1915e-08 -0)
(2.0673e-07 1.63186e-08 -0)
(2.14264e-07 2.15413e-08 -0)
(2.25211e-07 2.64652e-08 -0)
(2.43774e-07 2.97264e-08 -0)
(2.80318e-07 2.81889e-08 -0)
(3.41534e-07 1.48078e-08 -0)
(3.10961e-06 -1.06173e-05 -0)
(1.06199e-05 -6.7945e-06 -0)
(2.50615e-05 -1.52186e-06 -0)
(3.42472e-05 3.79909e-06 -0)
(4.24839e-05 6.98879e-06 -0)
(4.93285e-05 9.19847e-06 -0)
(5.26822e-05 1.01684e-05 -0)
(5.93505e-05 9.49371e-06 -0)
(5.83686e-05 3.5393e-06 -0)
(6.03082e-05 4.80687e-07 -0)
(5.87788e-05 -8.39655e-07 -0)
(6.22089e-05 -1.32653e-06 -0)
(5.92954e-05 -1.36976e-06 -0)
(6.47408e-05 -1.04768e-06 -0)
(5.88261e-05 -1.88429e-07 -0)
(6.62335e-05 2.5367e-06 -0)
(5.45338e-05 6.37274e-06 -0)
(6.26774e-05 1.76467e-05 -0)
(4.92373e-05 2.05785e-05 -0)
(4.49765e-05 1.0716e-05 -0)
(4.62787e-05 6.88019e-07 -0)
(4.71014e-05 -4.85705e-07 -0)
(4.89908e-05 -9.47512e-07 -0)
(5.18093e-05 -1.27611e-06 -0)
(5.56441e-05 -1.61299e-06 -0)
(6.02924e-05 -1.92233e-06 -0)
(6.58921e-05 -2.09219e-06 -0)
(7.12745e-05 -1.9321e-06 -0)
(7.63666e-05 -1.40572e-06 -0)
(7.85218e-05 -5.31573e-07 -0)
(3.22457e-06 -1.81469e-05 -0)
(8.42892e-06 -1.2191e-05 -0)
(1.43646e-05 -7.60226e-06 -0)
(2.06186e-05 -3.16509e-06 -0)
(2.69083e-05 1.09286e-07 -0)
(3.41755e-05 2.48271e-06 -0)
(3.98734e-05 3.71878e-06 -0)
(4.6791e-05 3.60299e-06 -0)
(4.97371e-05 1.80541e-06 -0)
(5.14597e-05 -4.78506e-08 -0)
(5.18822e-05 -1.25114e-06 -0)
(5.29501e-05 -1.70474e-06 -0)
(5.2729e-05 -1.79521e-06 -0)
(5.40861e-05 -1.19189e-06 -0)
(5.2901e-05 1.99807e-08 -0)
(5.47267e-05 2.99301e-06 -0)
(5.34009e-05 7.0865e-06 -0)
(5.83503e-05 1.30332e-05 -0)
(6.63251e-05 1.65134e-05 -0)
(7.0315e-05 9.4853e-06 -0)
(7.20625e-05 1.25197e-06 -0)
(7.44356e-05 -2.54873e-06 -0)
(7.78625e-05 -4.54464e-06 -0)
(8.25176e-05 -6.14946e-06 -0)
(8.89227e-05 -7.80627e-06 -0)
(9.65061e-05 -9.42354e-06 -0)
(0.000106305 -1.05395e-05 -0)
(0.000115818 -1.01587e-05 -0)
(0.000126495 -7.65263e-06 -0)
(0.000131186 -2.89041e-06 -0)
(3.37917e-06 -2.34979e-05 -0)
(9.75319e-06 -1.90264e-05 -0)
(1.57957e-05 -1.38775e-05 -0)
(2.19674e-05 -9.14998e-06 -0)
(2.77343e-05 -5.33987e-06 -0)
(3.3199e-05 -2.66347e-06 -0)
(3.80454e-05 -1.10496e-06 -0)
(4.2451e-05 -4.79458e-07 -0)
(4.55359e-05 -6.30914e-07 -0)
(4.75817e-05 -1.29353e-06 -0)
(4.88653e-05 -1.97228e-06 -0)
(4.99771e-05 -2.31515e-06 -0)
(5.08801e-05 -2.285e-06 -0)
(5.17691e-05 -1.62027e-06 -0)
(5.27071e-05 -2.89713e-07 -0)
(5.37981e-05 2.02211e-06 -0)
(5.66905e-05 4.77532e-06 -0)
(6.06082e-05 7.08299e-06 -0)
(6.94132e-05 7.50656e-06 -0)
(7.63409e-05 3.94656e-06 -0)
(8.0792e-05 -1.40076e-06 -0)
(8.53183e-05 -5.79051e-06 -0)
(9.06277e-05 -9.14871e-06 -0)
(9.75741e-05 -1.2279e-05 -0)
(0.000105769 -1.54809e-05 -0)
(0.00011573 -1.88942e-05 -0)
(0.000127395 -2.16813e-05 -0)
(0.000140094 -2.24136e-05 -0)
(0.000155081 -1.84615e-05 -0)
(0.000164976 -7.69564e-06 -0)
(4.53843e-06 -3.22941e-05 -0)
(1.21055e-05 -2.52709e-05 -0)
(1.93774e-05 -1.98235e-05 -0)
(2.6257e-05 -1.49306e-05 -0)
(3.25222e-05 -1.07723e-05 -0)
(3.8076e-05 -7.57725e-06 -0)
(4.28633e-05 -5.36589e-06 -0)
(4.68753e-05 -3.976e-06 -0)
(5.01438e-05 -3.29827e-06 -0)
(5.27162e-05 -3.21691e-06 -0)
(5.4742e-05 -3.43283e-06 -0)
(5.64892e-05 -3.59458e-06 -0)
(5.80908e-05 -3.46256e-06 -0)
(5.97268e-05 -2.85578e-06 -0)
(6.16468e-05 -1.73984e-06 -0)
(6.41666e-05 -2.83351e-07 -0)
(6.80081e-05 9.89469e-07 -0)
(7.31801e-05 1.30358e-06 -0)
(8.00598e-05 1.53723e-07 -0)
(8.74423e-05 -2.64937e-06 -0)
(9.39103e-05 -6.91834e-06 -0)
(0.000100724 -1.16291e-05 -0)
(0.000107534 -1.61563e-05 -0)
(0.000116046 -2.07064e-05 -0)
(0.000123819 -2.51072e-05 -0)
(0.000134127 -3.00471e-05 -0)
(0.000142472 -3.41582e-05 -0)
(0.000155433 -3.75762e-05 -0)
(0.000167739 -3.44634e-05 -0)
(0.000185106 -1.84699e-05 -0)
(6.43949e-06 -4.16374e-05 -0)
(1.78963e-05 -3.35091e-05 -0)
(2.80831e-05 -2.72479e-05 -0)
(3.64337e-05 -2.17347e-05 -0)
(4.32061e-05 -1.68613e-05 -0)
(4.86978e-05 -1.28472e-05 -0)
(5.32445e-05 -9.81863e-06 -0)
(5.69594e-05 -7.69224e-06 -0)
(6.01149e-05 -6.37656e-06 -0)
(6.26524e-05 -5.71509e-06 -0)
(6.48065e-05 -5.49585e-06 -0)
(6.65494e-05 -5.41002e-06 -0)
(6.83028e-05 -5.24157e-06 -0)
(7.00595e-05 -4.85177e-06 -0)
(7.24675e-05 -4.32429e-06 -0)
(7.55092e-05 -3.89347e-06 -0)
(7.99431e-05 -3.98957e-06 -0)
(8.52326e-05 -4.98833e-06 -0)
(9.17012e-05 -7.06736e-06 -0)
(9.82061e-05 -1.01117e-05 -0)
(0.000105136 -1.42274e-05 -0)
(0.000111248 -1.88301e-05 -0)
(0.000117683 -2.36874e-05 -0)
(0.00012352 -2.82135e-05 -0)
(0.00012882 -3.26533e-05 -0)
(0.000134627 -3.71183e-05 -0)
(0.000137452 -4.13147e-05 -0)
(0.000146089 -4.70742e-05 -0)
(0.000150426 -4.87744e-05 -0)
(0.0001743 -4.05732e-05 -0)
(1.26188e-05 -5.63701e-05 -0)
(3.43942e-05 -4.44788e-05 -0)
(4.69197e-05 -3.67958e-05 -0)
(5.39532e-05 -2.93932e-05 -0)
(5.82976e-05 -2.28133e-05 -0)
(6.13039e-05 -1.75189e-05 -0)
(6.36785e-05 -1.35645e-05 -0)
(6.55983e-05 -1.07535e-05 -0)
(6.72862e-05 -8.89566e-06 -0)
(6.86196e-05 -7.7621e-06 -0)
(6.9792e-05 -7.16721e-06 -0)
(7.06858e-05 -6.87806e-06 -0)
(7.17471e-05 -6.76671e-06 -0)
(7.29139e-05 -6.74969e-06 -0)
(7.48523e-05 -6.94132e-06 -0)
(7.73188e-05 -7.47649e-06 -0)
(8.0983e-05 -8.61089e-06 -0)
(8.50273e-05 -1.041e-05 -0)
(9.01322e-05 -1.29797e-05 -0)
(9.48967e-05 -1.61209e-05 -0)
(0.000100679 -1.99713e-05 -0)
(0.000104845 -2.39013e-05 -0)
(0.00011047 -2.82585e-05 -0)
(0.000112935 -3.17125e-05 -0)
(0.000117986 -3.58766e-05 -0)
(0.000118262 -3.86425e-05 -0)
(0.000121656 -4.34664e-05 -0)
(0.000122949 -4.83538e-05 -0)
(0.000124057 -5.56727e-05 -0)
(0.000185356 -8.09629e-05 -0)
(8.89524e-05 -8.05833e-05 -0)
(8.0685e-05 -6.40033e-05 -0)
(7.42533e-05 -4.62444e-05 -0)
(6.94063e-05 -3.32375e-05 -0)
(6.62357e-05 -2.44387e-05 -0)
(6.43935e-05 -1.84188e-05 -0)
(6.35492e-05 -1.42628e-05 -0)
(6.32631e-05 -1.13816e-05 -0)
(6.33675e-05 -9.45381e-06 -0)
(6.35757e-05 -8.222e-06 -0)
(6.39423e-05 -7.55125e-06 -0)
(6.43339e-05 -7.29023e-06 -0)
(6.50483e-05 -7.40124e-06 -0)
(6.60601e-05 -7.83079e-06 -0)
(6.77709e-05 -8.67157e-06 -0)
(7.00968e-05 -9.9549e-06 -0)
(7.32672e-05 -1.18031e-05 -0)
(7.71111e-05 -1.42066e-05 -0)
(8.15201e-05 -1.71614e-05 -0)
(8.64467e-05 -2.06155e-05 -0)
(9.14168e-05 -2.43379e-05 -0)
(9.62585e-05 -2.8207e-05 -0)
(0.000100895 -3.1883e-05 -0)
(0.000103506 -3.48922e-05 -0)
(0.000107302 -3.8073e-05 -0)
(0.000104182 -3.95611e-05 -0)
(0.000109616 -4.52314e-05 -0)
(9.59973e-05 -4.79563e-05 -0)
(0.000110755 -8.5876e-05 -0)
(5.7324e-05 -0.000170458 -0)
(8.00304e-05 -5.0776e-05 -0)
(6.45999e-05 -3.87138e-05 -0)
(5.67128e-05 -2.97475e-05 -0)
(5.37785e-05 -2.33745e-05 -0)
(5.33477e-05 -1.8774e-05 -0)
(5.39189e-05 -1.53045e-05 -0)
(5.49763e-05 -1.26696e-05 -0)
(5.60669e-05 -1.06572e-05 -0)
(5.72792e-05 -9.22952e-06 -0)
(5.83105e-05 -8.281e-06 -0)
(5.95321e-05 -7.84098e-06 -0)
(6.05876e-05 -7.82392e-06 -0)
(6.21468e-05 -8.32334e-06 -0)
(6.36739e-05 -9.25154e-06 -0)
(6.61191e-05 -1.07922e-05 -0)
(6.85958e-05 -1.2785e-05 -0)
(7.21833e-05 -1.54738e-05 -0)
(7.57011e-05 -1.85161e-05 -0)
(8.00028e-05 -2.21206e-05 -0)
(8.42253e-05 -2.58424e-05 -0)
(8.81474e-05 -2.95518e-05 -0)
(9.23253e-05 -3.31076e-05 -0)
(9.41133e-05 -3.54335e-05 -0)
(9.64107e-05 -3.74935e-05 -0)
(9.30364e-05 -3.72642e-05 -0)
(9.17877e-05 -3.88359e-05 -0)
(8.17953e-05 -3.88913e-05 -0)
(7.45946e-05 -4.53412e-05 -0)
(5.50794e-05 -4.66582e-05 -0)
(8.94277e-06 -2.07903e-05 -0)
(8.5419e-05 -4.04243e-05 -0)
(7.90623e-05 -3.78707e-05 -0)
(7.55711e-05 -3.35463e-05 -0)
(7.358e-05 -2.83777e-05 -0)
(7.24491e-05 -2.34632e-05 -0)
(7.15969e-05 -1.92411e-05 -0)
(7.10625e-05 -1.58782e-05 -0)
(7.05027e-05 -1.32669e-05 -0)
(7.02403e-05 -1.14103e-05 -0)
(6.98062e-05 -1.01701e-05 -0)
(6.97758e-05 -9.60374e-06 -0)
(6.94241e-05 -9.58842e-06 -0)
(6.97243e-05 -1.0269e-05 -0)
(6.95381e-05 -1.14624e-05 -0)
(7.04288e-05 -1.34229e-05 -0)
(7.05956e-05 -1.57367e-05 -0)
(7.23997e-05 -1.8861e-05 -0)
(7.31452e-05 -2.19287e-05 -0)
(7.60069e-05 -2.57817e-05 -0)
(7.74493e-05 -2.89589e-05 -0)
(8.06236e-05 -3.25549e-05 -0)
(8.19427e-05 -3.46992e-05 -0)
(8.29185e-05 -3.59247e-05 -0)
(8.04033e-05 -3.49245e-05 -0)
(7.59561e-05 -3.3135e-05 -0)
(6.9156e-05 -3.06377e-05 -0)
(5.80432e-05 -2.82181e-05 -0)
(4.56804e-05 -2.82449e-05 -0)
(2.63802e-05 -2.54638e-05 -0)
(9.6578e-06 -2.8686e-05 -0)
(8.74052e-05 -3.19241e-05 -0)
(8.00566e-05 -2.98601e-05 -0)
(7.36596e-05 -2.6311e-05 -0)
(6.85846e-05 -2.21937e-05 -0)
(6.4919e-05 -1.83359e-05 -0)
(6.22571e-05 -1.50549e-05 -0)
(6.04629e-05 -1.24682e-05 -0)
(5.90958e-05 -1.04851e-05 -0)
(5.82516e-05 -9.09896e-06 -0)
(5.74907e-05 -8.20952e-06 -0)
(5.71804e-05 -7.87597e-06 -0)
(5.67344e-05 -8.02966e-06 -0)
(5.69052e-05 -8.82343e-06 -0)
(5.67746e-05 -1.01507e-05 -0)
(5.77352e-05 -1.22915e-05 -0)
(5.82124e-05 -1.49117e-05 -0)
(6.05881e-05 -1.85409e-05 -0)
(6.19685e-05 -2.21988e-05 -0)
(6.60515e-05 -2.69256e-05 -0)
(6.78204e-05 -3.0404e-05 -0)
(7.19729e-05 -3.43464e-05 -0)
(7.23171e-05 -3.52421e-05 -0)
(7.08435e-05 -3.42298e-05 -0)
(6.53134e-05 -3.05561e-05 -0)
(5.81774e-05 -2.67788e-05 -0)
(5.03682e-05 -2.2101e-05 -0)
(3.84277e-05 -1.57765e-05 -0)
(2.84348e-05 -1.57966e-05 -0)
(1.60306e-05 -1.31522e-05 -0)
(4.0478e-06 -3.49377e-06 -0)
(8.81075e-05 -2.49463e-05 -0)
(8.21137e-05 -2.3775e-05 -0)
(7.7104e-05 -2.18723e-05 -0)
(7.31872e-05 -1.94458e-05 -0)
(7.04395e-05 -1.68916e-05 -0)
(6.83828e-05 -1.44489e-05 -0)
(6.70739e-05 -1.23728e-05 -0)
(6.59374e-05 -1.06729e-05 -0)
(6.53303e-05 -9.4771e-06 -0)
(6.45581e-05 -8.71119e-06 -0)
(6.43282e-05 -8.52893e-06 -0)
(6.36556e-05 -8.8485e-06 -0)
(6.37024e-05 -9.92932e-06 -0)
(6.30138e-05 -1.16281e-05 -0)
(6.34277e-05 -1.43578e-05 -0)
(6.27946e-05 -1.76427e-05 -0)
(6.39218e-05 -2.20837e-05 -0)
(6.34424e-05 -2.62849e-05 -0)
(6.57419e-05 -3.13885e-05 -0)
(6.45781e-05 -3.40134e-05 -0)
(6.76791e-05 -3.71556e-05 -0)
(6.23438e-05 -3.34546e-05 -0)
(5.69441e-05 -2.94232e-05 -0)
(4.68342e-05 -2.2692e-05 -0)
(3.99931e-05 -1.84754e-05 -0)
(2.88662e-05 -1.53866e-05 -0)
(2.15307e-05 -3.97801e-06 -0)
(1.54207e-05 -4.81712e-06 -0)
(1.61506e-07 -9.91403e-08 -0)
(1.38064e-07 -1.58931e-07 -0)
(8.8644e-05 -1.92393e-05 -0)
(8.35718e-05 -1.85523e-05 -0)
(7.89843e-05 -1.73688e-05 -0)
(7.49405e-05 -1.57435e-05 -0)
(7.16429e-05 -1.39039e-05 -0)
(6.88418e-05 -1.2041e-05 -0)
(6.67142e-05 -1.0391e-05 -0)
(6.47776e-05 -9.00529e-06 -0)
(6.34069e-05 -8.0223e-06 -0)
(6.18875e-05 -7.38857e-06 -0)
(6.0928e-05 -7.25532e-06 -0)
(5.94442e-05 -7.53355e-06 -0)
(5.86187e-05 -8.49128e-06 -0)
(5.68376e-05 -9.9725e-06 -0)
(5.59835e-05 -1.24619e-05 -0)
(5.39079e-05 -1.54954e-05 -0)
(5.33693e-05 -1.97886e-05 -0)
(5.20137e-05 -2.41207e-05 -0)
(5.27156e-05 -2.91507e-05 -0)
(5.2263e-05 -3.23031e-05 -0)
(5.4327e-05 -3.40689e-05 -0)
(4.39311e-05 -2.52391e-05 -0)
(3.82265e-05 -1.99041e-05 -0)
(2.45363e-05 -1.53685e-05 -0)
(2.16945e-05 -5.9932e-06 -0)
(2.08166e-07 -5.91397e-08 -0)
(3.08722e-07 -9.82204e-08 -0)
(1.15582e-07 -1.11055e-07 -0)
(6.78807e-08 -1.40722e-07 -0)
(4.85424e-08 -2.49158e-07 -0)
(8.8993e-05 -1.43261e-05 -0)
(8.44771e-05 -1.39026e-05 -0)
(8.02728e-05 -1.31568e-05 -0)
(7.64035e-05 -1.21092e-05 -0)
(7.31335e-05 -1.08874e-05 -0)
(7.02321e-05 -9.59539e-06 -0)
(6.79938e-05 -8.41409e-06 -0)
(6.58646e-05 -7.38708e-06 -0)
(6.43954e-05 -6.66149e-06 -0)
(6.26267e-05 -6.19008e-06 -0)
(6.16246e-05 -6.14644e-06 -0)
(5.97673e-05 -6.42013e-06 -0)
(5.89663e-05 -7.34393e-06 -0)
(5.65265e-05 -8.70078e-06 -0)
(5.57227e-05 -1.12515e-05 -0)
(5.23717e-05 -1.43288e-05 -0)
(5.17438e-05 -1.95041e-05 -0)
(4.84229e-05 -2.43719e-05 -0)
(4.80282e-05 -3.06008e-05 -0)
(4.68677e-05 -3.38938e-05 -0)
(4.29513e-05 -3.06048e-05 -0)
(2.57523e-05 -1.78576e-05 -0)
(2.23912e-05 -6.97407e-06 -0)
(2.34302e-07 -5.57263e-08 -0)
(2.74833e-07 -4.6658e-08 -0)
(2.09855e-07 -3.49814e-08 -0)
(2.04002e-07 -1.52353e-07 -0)
(1.28664e-07 -1.75293e-07 -0)
(7.45895e-08 -1.47453e-07 -0)
(2.96279e-08 -1.70988e-07 -0)
(8.92058e-05 -9.92237e-06 -0)
(8.50649e-05 -9.66757e-06 -0)
(8.11301e-05 -9.20837e-06 -0)
(7.7436e-05 -8.56074e-06 -0)
(7.41704e-05 -7.7857e-06 -0)
(7.12006e-05 -6.94901e-06 -0)
(6.87604e-05 -6.15545e-06 -0)
(6.64391e-05 -5.45725e-06 -0)
(6.46867e-05 -4.94912e-06 -0)
(6.26752e-05 -4.62957e-06 -0)
(6.13562e-05 -4.60557e-06 -0)
(5.91625e-05 -4.82999e-06 -0)
(5.79944e-05 -5.52596e-06 -0)
(5.49147e-05 -6.56922e-06 -0)
(5.35773e-05 -8.59148e-06 -0)
(4.85664e-05 -1.10738e-05 -0)
(4.69086e-05 -1.58687e-05 -0)
(3.93703e-05 -1.97659e-05 -0)
(3.84969e-05 -2.71327e-05 -0)
(3.25848e-05 -2.77393e-05 -0)
(1.95381e-05 -1.76184e-05 -0)
(2.23343e-07 -7.24197e-08 -0)
(2.49157e-07 -3.44802e-08 -0)
(2.12712e-07 7.22674e-09 -0)
(2.22818e-07 -6.80299e-08 -0)
(1.96254e-07 -5.93288e-08 -0)
(1.6841e-07 -9.39522e-08 -0)
(1.20482e-07 -1.10427e-07 -0)
(7.21855e-08 -1.0995e-07 -0)
(2.50075e-08 -1.16354e-07 -0)
(8.9333e-05 -5.83735e-06 -0)
(8.5415e-05 -5.70067e-06 -0)
(8.16536e-05 -5.45008e-06 -0)
(7.80786e-05 -5.09719e-06 -0)
(7.48381e-05 -4.66808e-06 -0)
(7.1847e-05 -4.20234e-06 -0)
(6.92931e-05 -3.74714e-06 -0)
(6.68757e-05 -3.34891e-06 -0)
(6.49324e-05 -3.04561e-06 -0)
(6.28172e-05 -2.87036e-06 -0)
(6.1247e-05 -2.84871e-06 -0)
(5.89615e-05 -3.01335e-06 -0)
(5.74451e-05 -3.41918e-06 -0)
(5.4249e-05 -4.11328e-06 -0)
(5.23601e-05 -5.33572e-06 -0)
(4.69044e-05 -7.08016e-06 -0)
(4.40812e-05 -1.05101e-05 -0)
(3.38812e-05 -1.40317e-05 -0)
(3.17082e-05 -2.25004e-05 -0)
(1.62495e-05 -1.66408e-05 -0)
(1.38535e-07 -1.0201e-07 -0)
(2.45948e-07 -2.61088e-08 -0)
(2.4061e-07 -4.94928e-08 -0)
(2.22016e-07 -2.22356e-08 -0)
(2.08278e-07 -3.57402e-08 -0)
(1.83933e-07 -4.07082e-08 -0)
(1.52904e-07 -5.36998e-08 -0)
(1.12666e-07 -6.25138e-08 -0)
(6.86629e-08 -6.55657e-08 -0)
(2.3224e-08 -6.81233e-08 -0)
(8.93872e-05 -1.92703e-06 -0)
(8.55862e-05 -1.88434e-06 -0)
(8.18915e-05 -1.80401e-06 -0)
(7.84013e-05 -1.6927e-06 -0)
(7.51444e-05 -1.55422e-06 -0)
(7.21972e-05 -1.40656e-06 -0)
(6.95212e-05 -1.25641e-06 -0)
(6.71564e-05 -1.13027e-06 -0)
(6.49752e-05 -1.02566e-06 -0)
(6.30061e-05 -9.75516e-07 -0)
(6.10215e-05 -9.5939e-07 -0)
(5.90857e-05 -1.03038e-06 -0)
(5.68241e-05 -1.14606e-06 -0)
(5.43634e-05 -1.41484e-06 -0)
(5.10752e-05 -1.76995e-06 -0)
(4.70297e-05 -2.47051e-06 -0)
(4.12513e-05 -3.50862e-06 -0)
(3.27202e-05 -5.64923e-06 -0)
(2.1635e-05 -9.36486e-06 -0)
(8.76602e-07 -9.7273e-07 -0)
(1.7245e-07 -6.25203e-08 -0)
(2.92081e-07 -2.25533e-08 -0)
(2.53032e-07 -1.64356e-08 -0)
(2.26465e-07 -1.01317e-08 -0)
(2.04346e-07 -1.19872e-08 -0)
(1.78295e-07 -1.40641e-08 -0)
(1.46605e-07 -1.76253e-08 -0)
(1.08616e-07 -2.0363e-08 -0)
(6.6576e-08 -2.16758e-08 -0)
(2.24499e-08 -2.24499e-08 -0)
)
;

boundaryField
{
    inlet1
    {
        type            extrapolatedCalculated;
        value           nonuniform List<vector> 10((1e-05 7.43704e-06 -0) (1e-05 2.41614e-05 -0) (1e-05 5.08846e-05 -0) (1e-05 7.9671e-05 -0) (1e-05 9.97045e-05 -0) (1e-05 0.000113823 -0) (1e-05 0.000120451 -0) (1e-05 0.000119443 -0) (1e-05 0.000109401 -0) (1e-05 9.26129e-05 -0));
    }
    inlet2
    {
        type            extrapolatedCalculated;
        value           nonuniform List<vector> 10((-0 7.49013e-05 -0) (-0 7.70644e-05 -0) (-0 5.154e-05 -0) (-0 -3.03846e-06 -0) (-0 -1.06173e-05 -0) (-0 -1.81469e-05 -0) (-0 -2.34979e-05 -0) (-0 -3.22941e-05 -0) (-0 -4.16374e-05 -0) (-0 -5.63701e-05 -0));
    }
    inlet3
    {
        type            extrapolatedCalculated;
        value           nonuniform List<vector> 10((9.13394e-05 -6.93928e-05 -0) (9.13394e-05 -5.36375e-05 -0) (9.13394e-05 -4.12068e-05 -0) (9.13394e-05 -3.22101e-05 -0) (9.13394e-05 -2.51368e-05 -0) (9.13394e-05 -1.93428e-05 -0) (9.13394e-05 -1.43807e-05 -0) (9.13394e-05 -9.95109e-06 -0) (9.13394e-05 -5.85105e-06 -0) (9.13394e-05 -1.93117e-06 -0));
    }
    output1
    {
        type            extrapolatedCalculated;
        value           nonuniform List<vector> 10((-0 1.03628e-08 -0) (-0 3.14571e-08 -0) (-0 5.37093e-08 -0) (-0 7.80794e-08 -0) (-0 1.05883e-07 -0) (-0 1.39136e-07 -0) (-0 1.81295e-07 -0) (-0 2.39077e-07 -0) (-0 3.27452e-07 -0) (-0 4.8509e-07 -0));
    }
    output2
    {
        type            extrapolatedCalculated;
        value           nonuniform List<vector> 10((8.99704e-07 3.77586e-07 -0) (5.65911e-07 1.13692e-07 -0) (4.44935e-07 4.659e-08 -0) (3.43945e-07 1.48078e-08 -0) (7.90955e-05 -5.31573e-07 -0) (0.000132383 -2.89041e-06 -0) (0.00016721 -7.69564e-06 -0) (0.000190829 -1.84699e-05 -0) (0.000192207 -4.05732e-05 -0) (0.000249414 -8.09629e-05 -0));
    }
    output3
    {
        type            extrapolatedCalculated;
        value           nonuniform List<vector> 10((-0 -0.000170458 -0) (-0 -2.07903e-05 -0) (-0 -2.8686e-05 -0) (-0 -3.49377e-06 -0) (-0 -1.58931e-07 -0) (-0 -2.49158e-07 -0) (-0 -1.70988e-07 -0) (-0 -1.16354e-07 -0) (-0 -6.81233e-08 -0) (-0 -2.24499e-08 -0));
    }
    up
    {
        type            extrapolatedCalculated;
        value           nonuniform List<vector> 
30
(
(8.93872e-05 -0 -0)
(8.55862e-05 -0 -0)
(8.18915e-05 -0 -0)
(7.84013e-05 -0 -0)
(7.51444e-05 -0 -0)
(7.21972e-05 -0 -0)
(6.95212e-05 -0 -0)
(6.71564e-05 -0 -0)
(6.49752e-05 -0 -0)
(6.30061e-05 -0 -0)
(6.10215e-05 -0 -0)
(5.90857e-05 -0 -0)
(5.68241e-05 -0 -0)
(5.43634e-05 -0 -0)
(5.10752e-05 -0 -0)
(4.70297e-05 -0 -0)
(4.12513e-05 -0 -0)
(3.27202e-05 -0 -0)
(2.1635e-05 -0 -0)
(8.76602e-07 -0 -0)
(1.7245e-07 -0 -0)
(2.92081e-07 -0 -0)
(2.53032e-07 -0 -0)
(2.26465e-07 -0 -0)
(2.04346e-07 -0 -0)
(1.78295e-07 -0 -0)
(1.46605e-07 -0 -0)
(1.08616e-07 -0 -0)
(6.6576e-08 -0 -0)
(2.24499e-08 -0 -0)
)
;
    }
    down
    {
        type            extrapolatedCalculated;
        value           nonuniform List<vector> 
30
(
(2.62185e-06 -0 -0)
(2.94079e-06 -0 -0)
(5.34663e-07 -0 -0)
(1.57494e-07 -0 -0)
(8.3614e-08 -0 -0)
(1.55597e-07 -0 -0)
(1.47654e-07 -0 -0)
(1.43065e-07 -0 -0)
(1.40317e-07 -0 -0)
(1.38845e-07 -0 -0)
(1.38228e-07 -0 -0)
(1.38156e-07 -0 -0)
(1.38401e-07 -0 -0)
(1.38777e-07 -0 -0)
(1.39121e-07 -0 -0)
(1.39267e-07 -0 -0)
(1.39039e-07 -0 -0)
(1.38238e-07 -0 -0)
(1.36645e-07 -0 -0)
(1.3402e-07 -0 -0)
(1.30116e-07 -0 -0)
(1.24679e-07 -0 -0)
(1.17473e-07 -0 -0)
(1.08287e-07 -0 -0)
(9.69639e-08 -0 -0)
(8.34266e-08 -0 -0)
(6.77147e-08 -0 -0)
(5.00214e-08 -0 -0)
(3.07202e-08 -0 -0)
(1.03632e-08 -0 -0)
)
;
    }
    emptyWalls
    {
        type            empty;
    }
}


// ************************************************************************* //
