/*--------------------------------*- C++ -*----------------------------------*\
  =========                 |
  \\      /  F ield         | OpenFOAM: The Open Source CFD Toolbox
   \\    /   O peration     | Website:  https://openfoam.org
    \\  /    A nd           | Version:  9
     \\/     M anipulation  |
\*---------------------------------------------------------------------------*/
FoamFile
{
    format      ascii;
    class       volScalarField;
    location    "23500";
    object      alpha;
}
// * * * * * * * * * * * * * * * * * * * * * * * * * * * * * * * * * * * * * //

dimensions      [0 2 -1 0 0 0 0];

internalField   nonuniform List<scalar> 
900
(
-6.66247e-11
-1.58554e-10
-7.79751e-11
-1.63687e-12
-3.97494e-14
-4.0652e-14
-4.0652e-14
-4.0652e-14
-4.0652e-14
-4.0652e-14
-4.0652e-14
-4.0652e-14
-4.0652e-14
-4.0652e-14
-4.0652e-14
-4.0652e-14
-4.0652e-14
-4.0652e-14
-4.0652e-14
-4.0652e-14
-4.0652e-14
-4.0652e-14
-4.0652e-14
-4.0652e-14
-4.0652e-14
-4.0652e-14
-4.0652e-14
-4.0652e-14
-4.0652e-14
-4.0652e-14
-4.70737e-10
-3.66369e-11
-7.24358e-12
-8.3331e-12
-2.97564e-14
-4.0652e-14
-4.0652e-14
-4.0652e-14
-4.0652e-14
-4.0652e-14
-4.0652e-14
-4.0652e-14
-4.0652e-14
-4.0652e-14
-4.0652e-14
-4.0652e-14
-4.0652e-14
-4.0652e-14
-4.0652e-14
-4.0652e-14
-4.0652e-14
-4.0652e-14
-4.0652e-14
-4.0652e-14
-4.0652e-14
-4.0652e-14
-4.0652e-14
-4.0652e-14
-4.0652e-14
-4.0652e-14
-1.44355e-10
-5.85055e-11
-8.83965e-12
-4.99814e-13
-4.05351e-14
-4.0652e-14
-4.0652e-14
-4.0652e-14
-4.0652e-14
-4.0652e-14
-4.0652e-14
-4.0652e-14
-4.0652e-14
-4.0652e-14
-4.0652e-14
-4.0652e-14
-4.0652e-14
-4.0652e-14
-4.0652e-14
-4.0652e-14
-4.0652e-14
-4.0652e-14
-4.0652e-14
-4.0652e-14
-4.0652e-14
-4.0652e-14
-4.0652e-14
-4.0652e-14
-4.0652e-14
-4.0652e-14
-2.4093e-10
-3.35697e-11
-7.24297e-12
-5.11927e-14
-4.06465e-14
-4.0652e-14
-4.0652e-14
-4.0652e-14
-4.0652e-14
-4.0652e-14
-4.0652e-14
-4.0652e-14
-4.0652e-14
-4.0652e-14
-4.0652e-14
-4.0652e-14
-4.0652e-14
-4.0652e-14
-4.0652e-14
-4.0652e-14
-4.0652e-14
-4.0652e-14
-4.0652e-14
-4.0652e-14
-4.0652e-14
-4.0652e-14
-4.0652e-14
-4.0652e-14
-4.0652e-14
-4.0652e-14
-1.5802e-10
-4.20578e-11
-1.0945e-11
-2.7926e-14
-4.06514e-14
-4.0652e-14
-4.0652e-14
-4.0652e-14
-4.0652e-14
-4.0652e-14
-4.0652e-14
-4.0652e-14
-4.0652e-14
-4.0652e-14
-4.0652e-14
-4.0652e-14
-4.0652e-14
-4.0652e-14
-4.0652e-14
-4.0652e-14
-4.0652e-14
-4.0652e-14
-4.0652e-14
-4.0652e-14
-4.0652e-14
-4.0652e-14
-4.0652e-14
-4.0652e-14
-4.0652e-14
-4.0652e-14
-2.26057e-10
-3.43773e-11
-1.00594e-11
-2.90292e-14
-4.0652e-14
-4.0652e-14
-4.0652e-14
-4.0652e-14
-4.0652e-14
-4.0652e-14
-4.0652e-14
-4.0652e-14
-4.0652e-14
-4.0652e-14
-4.0652e-14
-4.0652e-14
-4.0652e-14
-4.0652e-14
-4.0652e-14
-4.0652e-14
-4.0652e-14
-4.0652e-14
-4.0652e-14
-4.0652e-14
-4.0652e-14
-4.0652e-14
-4.0652e-14
-4.0652e-14
-4.0652e-14
-4.0652e-14
-1.77121e-10
-4.74141e-11
-1.88461e-11
-3.39145e-14
-4.0652e-14
-4.0652e-14
-4.0652e-14
-4.0652e-14
-4.0652e-14
-4.0652e-14
-4.0652e-14
-4.0652e-14
-4.0652e-14
-4.0652e-14
-4.0652e-14
-4.0652e-14
-4.0652e-14
-4.0652e-14
-4.0652e-14
-4.0652e-14
-4.0652e-14
-4.0652e-14
-4.0652e-14
-4.0652e-14
-4.0652e-14
-4.0652e-14
-4.0652e-14
-4.0652e-14
-4.0652e-14
-4.0652e-14
-2.74864e-10
-5.45727e-11
-1.4323e-11
-3.80914e-14
-4.0652e-14
-4.0652e-14
-4.0652e-14
-4.0652e-14
-4.0652e-14
-4.0652e-14
-4.0652e-14
-4.0652e-14
-4.0652e-14
-4.0652e-14
-4.0652e-14
-4.0652e-14
-4.0652e-14
-4.0652e-14
-4.0652e-14
-4.0652e-14
-4.0652e-14
-4.0652e-14
-4.0652e-14
-4.0652e-14
-4.0652e-14
-4.0652e-14
-4.0652e-14
-4.0652e-14
-4.0652e-14
-4.0652e-14
-2.60282e-10
-7.81984e-11
-3.60548e-11
-4.04184e-14
-4.0652e-14
-4.0652e-14
-4.0652e-14
-4.0652e-14
-4.0652e-14
-4.0652e-14
-4.0652e-14
-4.0652e-14
-4.0652e-14
-4.0652e-14
-4.0652e-14
-4.0652e-14
-4.0652e-14
-4.0652e-14
-4.0652e-14
-4.0652e-14
-4.0652e-14
-4.0652e-14
-4.0652e-14
-4.0652e-14
-4.0652e-14
-4.0652e-14
-4.0652e-14
-4.0652e-14
-4.0652e-14
-4.0652e-14
-4.6482e-10
-9.39628e-11
-1.44519e-11
-4.0565e-14
-4.0652e-14
-4.0652e-14
-4.0652e-14
-4.0652e-14
-4.0652e-14
-4.0652e-14
-4.0652e-14
-4.0652e-14
-4.0652e-14
-4.0652e-14
-4.0652e-14
-4.0652e-14
-4.0652e-14
-4.0652e-14
-4.0652e-14
-4.0652e-14
-4.0652e-14
-4.0652e-14
-4.0652e-14
-4.0652e-14
-4.0652e-14
-4.0652e-14
-4.0652e-14
-4.0652e-14
-4.0652e-14
-4.0652e-14
-5.43495e-10
-1.15379e-10
-1.41606e-11
-2.82718e-14
-4.06503e-14
-4.0652e-14
-4.0652e-14
-4.0652e-14
-4.0652e-14
-4.0652e-14
-4.0652e-14
-4.0652e-14
-4.0652e-14
-4.0652e-14
-4.0652e-14
-4.0652e-14
-4.0652e-14
-4.0652e-14
-4.0652e-14
-4.0652e-14
-4.0652e-14
-4.0652e-14
-4.0652e-14
-4.0652e-14
-4.0652e-14
-4.0652e-14
-4.0652e-14
-4.0652e-14
-4.0652e-14
-4.0652e-14
-9.47817e-10
-1.61628e-10
-8.78078e-12
-2.60576e-12
-6.77652e-13
-4.02932e-14
-4.06517e-14
-4.06518e-14
-4.0652e-14
-4.0652e-14
-4.0652e-14
-4.0652e-14
-4.0652e-14
-4.0652e-14
-4.0652e-14
-4.0652e-14
-4.0652e-14
-4.0652e-14
-4.0652e-14
-4.0652e-14
-4.0652e-14
-4.0652e-14
-4.0652e-14
-4.0652e-14
-4.0652e-14
-4.0652e-14
-4.0652e-14
-4.0652e-14
-4.0652e-14
-4.0652e-14
-9.69374e-10
-3.93717e-10
-1.11054e-10
-3.91795e-11
-2.27298e-11
-1.32064e-11
-1.14473e-11
-7.98971e-13
-4.03825e-14
-3.95358e-14
-3.84989e-14
-3.82106e-14
-3.86062e-14
-3.92109e-14
-3.97633e-14
-4.02818e-14
-4.06313e-14
-4.06519e-14
-4.06519e-14
-4.0652e-14
-4.0652e-14
-4.0652e-14
-4.0652e-14
-4.0652e-14
-4.0652e-14
-4.0652e-14
-4.0652e-14
-4.0652e-14
-4.0652e-14
-4.0652e-14
-4.915e-10
-1.53895e-10
-1.14407e-10
-5.96816e-11
-4.73661e-11
-3.19726e-11
-2.79565e-11
-1.54007e-11
-1.16891e-11
-1.12445e-11
-1.14622e-11
-1.17332e-11
-1.19502e-11
-1.2318e-11
-1.23727e-11
-1.30144e-11
-1.26688e-11
-1.40615e-11
-1.2493e-11
-1.60717e-11
-4.70959e-13
-3.16404e-14
-2.93808e-14
-2.73971e-14
-2.64715e-14
-2.68552e-14
-2.73331e-14
-2.64712e-14
-2.84877e-14
-3.56705e-14
-5.23101e-11
-2.77357e-11
-3.61921e-11
-3.05257e-11
-2.80832e-11
-2.51969e-11
-2.2937e-11
-2.18218e-11
-1.92512e-11
-1.81555e-11
-1.76941e-11
-1.80718e-11
-1.78012e-11
-1.86187e-11
-1.7961e-11
-1.93423e-11
-1.78993e-11
-2.00011e-11
-1.59841e-11
-1.61695e-11
-8.68281e-12
-7.05284e-12
-6.95714e-12
-7.03014e-12
-7.10887e-12
-7.24105e-12
-7.48627e-12
-7.77038e-12
-8.08588e-12
-8.18604e-12
-2.471e-11
-2.31485e-11
-1.92331e-11
-1.83804e-11
-1.7267e-11
-1.74314e-11
-1.71726e-11
-1.81418e-11
-1.78054e-11
-1.70757e-11
-1.65824e-11
-1.6478e-11
-1.63961e-11
-1.65767e-11
-1.64617e-11
-1.66832e-11
-1.61658e-11
-1.6011e-11
-1.4526e-11
-1.37763e-11
-1.33591e-11
-1.20126e-11
-1.15157e-11
-1.14565e-11
-1.15704e-11
-1.17719e-11
-1.21636e-11
-1.25993e-11
-1.32506e-11
-1.34713e-11
-2.00001e-11
-1.70796e-11
-1.63576e-11
-1.60769e-11
-1.5894e-11
-1.59066e-11
-1.60058e-11
-1.62968e-11
-1.62874e-11
-1.60193e-11
-1.57679e-11
-1.57357e-11
-1.58062e-11
-1.59609e-11
-1.60433e-11
-1.60086e-11
-1.57585e-11
-1.52059e-11
-1.47277e-11
-1.4212e-11
-1.45946e-11
-1.4293e-11
-1.39601e-11
-1.40113e-11
-1.41569e-11
-1.44784e-11
-1.47451e-11
-1.51128e-11
-1.57442e-11
-1.62108e-11
-1.69778e-11
-1.58232e-11
-1.57645e-11
-1.62198e-11
-1.67561e-11
-1.71951e-11
-1.75642e-11
-1.78252e-11
-1.79737e-11
-1.80113e-11
-1.80175e-11
-1.80993e-11
-1.82222e-11
-1.83563e-11
-1.83836e-11
-1.82942e-11
-1.80089e-11
-1.76795e-11
-1.73655e-11
-1.72874e-11
-1.73464e-11
-1.7511e-11
-1.73515e-11
-1.76009e-11
-1.74969e-11
-1.78022e-11
-1.72464e-11
-1.70615e-11
-1.641e-11
-1.67589e-11
-1.57475e-11
-1.56428e-11
-1.70114e-11
-1.844e-11
-1.95432e-11
-2.02774e-11
-2.07677e-11
-2.10699e-11
-2.12814e-11
-2.13735e-11
-2.14046e-11
-2.13554e-11
-2.13e-11
-2.11527e-11
-2.09729e-11
-2.06681e-11
-2.03816e-11
-2.00883e-11
-1.99686e-11
-1.99436e-11
-2.00103e-11
-2.00781e-11
-1.99707e-11
-1.99381e-11
-1.9464e-11
-1.93549e-11
-1.79825e-11
-1.72092e-11
-1.43665e-11
-1.34997e-11
-1.57196e-11
-1.86356e-11
-2.14123e-11
-2.29458e-11
-2.35754e-11
-2.37369e-11
-2.3726e-11
-2.36231e-11
-2.35031e-11
-2.33046e-11
-2.30584e-11
-2.2698e-11
-2.23219e-11
-2.18544e-11
-2.14411e-11
-2.0959e-11
-2.06534e-11
-2.03016e-11
-2.0255e-11
-2.00426e-11
-2.01615e-11
-1.98541e-11
-1.99156e-11
-1.92763e-11
-1.9067e-11
-1.8184e-11
-1.7438e-11
-1.68244e-11
-1.29823e-11
-1.1539e-11
-2.26939e-11
-2.71464e-11
-2.70597e-11
-2.55752e-11
-2.41969e-11
-2.31812e-11
-2.24865e-11
-2.19837e-11
-2.16073e-11
-2.12602e-11
-2.09184e-11
-2.05449e-11
-2.01665e-11
-1.98041e-11
-1.94806e-11
-1.92457e-11
-1.90808e-11
-1.90413e-11
-1.90513e-11
-1.91032e-11
-1.91559e-11
-1.90284e-11
-1.90065e-11
-1.83482e-11
-1.83222e-11
-1.66565e-11
-1.72048e-11
-1.47047e-11
-2.08206e-11
-2.80906e-11
-1.84568e-11
-1.74813e-11
-1.7405e-11
-1.75981e-11
-1.78889e-11
-1.82159e-11
-1.85484e-11
-1.88225e-11
-1.90618e-11
-1.92058e-11
-1.93255e-11
-1.9353e-11
-1.93989e-11
-1.93878e-11
-1.9433e-11
-1.94572e-11
-1.95152e-11
-1.95752e-11
-1.95513e-11
-1.95546e-11
-1.92735e-11
-1.91076e-11
-1.83577e-11
-1.79724e-11
-1.65059e-11
-1.5927e-11
-1.41845e-11
-1.36996e-11
-1.2043e-11
-3.71845e-12
-1.91383e-11
-1.96789e-11
-2.0806e-11
-2.18216e-11
-2.24615e-11
-2.27922e-11
-2.29182e-11
-2.29233e-11
-2.28641e-11
-2.27332e-11
-2.25846e-11
-2.23484e-11
-2.21173e-11
-2.17627e-11
-2.14395e-11
-2.09586e-11
-2.05532e-11
-1.99842e-11
-1.95497e-11
-1.89531e-11
-1.85035e-11
-1.76883e-11
-1.69761e-11
-1.55098e-11
-1.40721e-11
-1.25058e-11
-1.079e-11
-9.40549e-12
-7.15564e-12
-7.76869e-12
-1.93352e-11
-1.91031e-11
-1.89868e-11
-1.89492e-11
-1.88886e-11
-1.88278e-11
-1.87227e-11
-1.86574e-11
-1.85555e-11
-1.85105e-11
-1.84104e-11
-1.83668e-11
-1.82501e-11
-1.819e-11
-1.80672e-11
-1.8007e-11
-1.79296e-11
-1.78975e-11
-1.78247e-11
-1.77174e-11
-1.72655e-11
-1.6632e-11
-1.52537e-11
-1.3059e-11
-1.10065e-11
-9.08322e-12
-7.34549e-12
-6.1102e-12
-4.1777e-12
-2.33755e-12
-1.93603e-11
-1.917e-11
-1.91559e-11
-1.93285e-11
-1.95688e-11
-1.98509e-11
-2.00572e-11
-2.02882e-11
-2.04017e-11
-2.05962e-11
-2.06355e-11
-2.08198e-11
-2.07871e-11
-2.095e-11
-2.08121e-11
-2.08564e-11
-2.05287e-11
-2.02099e-11
-1.9561e-11
-1.86106e-11
-1.73571e-11
-1.58122e-11
-1.30475e-11
-9.90919e-12
-7.66198e-12
-5.26889e-12
-3.82468e-12
-3.86954e-12
-1.43678e-13
-4.06489e-14
-1.94048e-11
-1.92663e-11
-1.9203e-11
-1.92244e-11
-1.92802e-11
-1.93756e-11
-1.94241e-11
-1.95153e-11
-1.95053e-11
-1.96056e-11
-1.95289e-11
-1.96684e-11
-1.94892e-11
-1.9665e-11
-1.92747e-11
-1.9389e-11
-1.86168e-11
-1.84557e-11
-1.73889e-11
-1.65537e-11
-1.52102e-11
-1.29506e-11
-9.22137e-12
-6.56591e-12
-4.33045e-12
-1.54437e-12
-4.00399e-14
-4.0652e-14
-4.0652e-14
-4.0652e-14
-1.94358e-11
-1.9326e-11
-1.92586e-11
-1.92408e-11
-1.92662e-11
-1.93349e-11
-1.94043e-11
-1.95118e-11
-1.95702e-11
-1.97116e-11
-1.97356e-11
-1.99484e-11
-1.9908e-11
-2.02447e-11
-2.00313e-11
-2.04954e-11
-1.97732e-11
-2.01485e-11
-1.84089e-11
-1.76681e-11
-1.48503e-11
-1.03113e-11
-5.29217e-12
-4.44343e-12
-3.22587e-14
-4.0652e-14
-4.0652e-14
-4.0652e-14
-4.0652e-14
-4.0652e-14
-1.94551e-11
-1.93656e-11
-1.93077e-11
-1.92718e-11
-1.92791e-11
-1.93047e-11
-1.93665e-11
-1.94297e-11
-1.9516e-11
-1.9605e-11
-1.97018e-11
-1.98402e-11
-1.99352e-11
-2.01772e-11
-2.01892e-11
-2.05717e-11
-2.00382e-11
-2.02772e-11
-1.75969e-11
-1.68928e-11
-1.16598e-11
-5.68903e-12
-3.1652e-14
-4.0652e-14
-4.0652e-14
-4.0652e-14
-4.0652e-14
-4.0652e-14
-4.0652e-14
-4.0652e-14
-1.94661e-11
-1.93899e-11
-1.93397e-11
-1.9298e-11
-1.92972e-11
-1.93001e-11
-1.9357e-11
-1.93955e-11
-1.9502e-11
-1.95622e-11
-1.97184e-11
-1.98097e-11
-2.00319e-11
-2.01995e-11
-2.04876e-11
-2.08023e-11
-2.09081e-11
-2.12069e-11
-1.89857e-11
-1.78771e-11
-7.63928e-12
-3.17621e-14
-4.0652e-14
-4.0652e-14
-4.0652e-14
-4.0652e-14
-4.0652e-14
-4.0652e-14
-4.0652e-14
-4.0652e-14
-1.9471e-11
-1.94016e-11
-1.9355e-11
-1.93127e-11
-1.93082e-11
-1.93026e-11
-1.93552e-11
-1.93828e-11
-1.94965e-11
-1.95416e-11
-1.9729e-11
-1.97858e-11
-2.00926e-11
-2.0174e-11
-2.06882e-11
-2.07996e-11
-2.16067e-11
-2.15158e-11
-2.19467e-11
-1.82656e-11
-2.821e-14
-4.0652e-14
-4.0652e-14
-4.0652e-14
-4.0652e-14
-4.0652e-14
-4.0652e-14
-4.0652e-14
-4.0652e-14
-4.0652e-14
)
;

boundaryField
{
    inlet1
    {
        type            calculated;
        value           uniform -5e-10;
    }
    inlet2
    {
        type            calculated;
        value           nonuniform List<scalar> 10(-5.43495e-10 -9.47817e-10 -9.69374e-10 -4.915e-10 -5.23101e-11 -2.471e-11 -2.00001e-11 -1.69778e-11 -1.57475e-11 -1.57196e-11);
    }
    inlet3
    {
        type            calculated;
        value           uniform -1.95111e-11;
    }
    output1
    {
        type            calculated;
        value           nonuniform List<scalar> 10(-4.0652e-14 -4.0652e-14 -4.0652e-14 -4.0652e-14 -4.0652e-14 -4.0652e-14 -4.0652e-14 -4.0652e-14 -4.0652e-14 -4.0652e-14);
    }
    output2
    {
        type            calculated;
        value           nonuniform List<scalar> 10(-4.0652e-14 -4.0652e-14 -4.0652e-14 -3.56705e-14 -8.18604e-12 -1.34713e-11 -1.62108e-11 -1.67589e-11 -1.34997e-11 -1.1539e-11);
    }
    output3
    {
        type            calculated;
        value           nonuniform List<scalar> 10(-2.80906e-11 -3.71845e-12 -7.76869e-12 -2.33755e-12 -4.06489e-14 -4.0652e-14 -4.0652e-14 -4.0652e-14 -4.0652e-14 -4.0652e-14);
    }
    up
    {
        type            calculated;
        value           nonuniform List<scalar> 
30
(
-1.9471e-11
-1.94016e-11
-1.9355e-11
-1.93127e-11
-1.93082e-11
-1.93026e-11
-1.93552e-11
-1.93828e-11
-1.94965e-11
-1.95416e-11
-1.9729e-11
-1.97858e-11
-2.00926e-11
-2.0174e-11
-2.06882e-11
-2.07996e-11
-2.16067e-11
-2.15158e-11
-2.19467e-11
-1.82656e-11
-2.821e-14
-4.0652e-14
-4.0652e-14
-4.0652e-14
-4.0652e-14
-4.0652e-14
-4.0652e-14
-4.0652e-14
-4.0652e-14
-4.0652e-14
)
;
    }
    down
    {
        type            calculated;
        value           nonuniform List<scalar> 
30
(
-6.66247e-11
-1.58554e-10
-7.79751e-11
-1.63687e-12
-3.97494e-14
-4.0652e-14
-4.0652e-14
-4.0652e-14
-4.0652e-14
-4.0652e-14
-4.0652e-14
-4.0652e-14
-4.0652e-14
-4.0652e-14
-4.0652e-14
-4.0652e-14
-4.0652e-14
-4.0652e-14
-4.0652e-14
-4.0652e-14
-4.0652e-14
-4.0652e-14
-4.0652e-14
-4.0652e-14
-4.0652e-14
-4.0652e-14
-4.0652e-14
-4.0652e-14
-4.0652e-14
-4.0652e-14
)
;
    }
    emptyWalls
    {
        type            empty;
    }
}


// ************************************************************************* //
