/*--------------------------------*- C++ -*----------------------------------*\
  =========                 |
  \\      /  F ield         | OpenFOAM: The Open Source CFD Toolbox
   \\    /   O peration     | Website:  https://openfoam.org
    \\  /    A nd           | Version:  9
     \\/     M anipulation  |
\*---------------------------------------------------------------------------*/
FoamFile
{
    format      ascii;
    class       surfaceScalarField;
    location    "23500";
    object      phi;
}
// * * * * * * * * * * * * * * * * * * * * * * * * * * * * * * * * * * * * * //

dimensions      [0 3 -1 0 0 0 0];

internalField   nonuniform List<scalar> 
1740
(
1.84271e-08
9.8145e-08
1.47102e-08
1.33119e-08
3.91535e-09
4.42995e-09
1.17542e-09
1.85475e-09
1.16074e-09
3.44075e-11
1.47769e-09
7.63418e-11
1.41554e-09
5.15791e-11
1.38004e-09
3.21271e-11
1.35918e-09
1.84814e-11
1.348e-09
9.45363e-12
1.34297e-09
3.78792e-12
1.3415e-09
5.38897e-13
1.34167e-09
-9.12081e-13
1.34191e-09
-9.15746e-13
1.34084e-09
3.86488e-13
1.33707e-09
3.01715e-12
1.32908e-09
7.12604e-12
1.31512e-09
1.29521e-11
1.2932e-09
2.07836e-11
1.26104e-09
3.09064e-11
1.21622e-09
4.35397e-11
1.15622e-09
5.87728e-11
1.07866e-09
7.6508e-11
9.81515e-10
9.64085e-11
8.63437e-10
1.17842e-10
7.24083e-10
1.39817e-10
5.64481e-10
1.60931e-10
3.87336e-10
1.79408e-10
1.97154e-10
1.93281e-10
2.00766e-10
3.3853e-08
1.55538e-07
2.06532e-09
3.34727e-08
2.10155e-09
5.96346e-09
1.76913e-09
1.94891e-09
1.09756e-09
2.66476e-10
1.48844e-09
1.54391e-10
1.39323e-09
9.78492e-11
1.36542e-09
5.84498e-11
1.34949e-09
3.23458e-11
1.34186e-09
1.55448e-11
1.33941e-09
5.15826e-12
1.33987e-09
-7.21154e-13
1.34159e-09
-3.2722e-12
1.34322e-09
-3.13803e-12
1.34354e-09
-5.55442e-13
1.3413e-09
4.55669e-12
1.33505e-09
1.25328e-11
1.32309e-09
2.38962e-11
1.30342e-09
3.92755e-11
1.27371e-09
5.9302e-11
1.2314e-09
8.44776e-11
1.17378e-09
1.15039e-10
1.09823e-09
1.50845e-10
1.00245e-09
1.91281e-10
8.84718e-10
2.35143e-10
7.44333e-10
2.80492e-10
5.82018e-10
3.24492e-10
4.00373e-10
3.63416e-10
2.04135e-10
3.9295e-10
4.09009e-10
2.10374e-08
2.30196e-07
5.74784e-09
4.93496e-08
1.2513e-09
9.7428e-09
1.33566e-09
2.74168e-10
1.19123e-09
4.53848e-10
1.42374e-09
2.20627e-10
1.36053e-09
1.26977e-10
1.3389e-09
7.14766e-11
1.3315e-09
3.69062e-11
1.33054e-09
1.52196e-11
1.33292e-09
2.01872e-12
1.33698e-09
-5.31161e-12
1.34159e-09
-8.31789e-12
1.34583e-09
-7.80768e-12
1.34881e-09
-4.02679e-12
1.34952e-09
3.23276e-12
1.34671e-09
1.45535e-11
1.33877e-09
3.08233e-11
1.32368e-09
5.31198e-11
1.29899e-09
8.25501e-11
1.26188e-09
1.20031e-10
1.20926e-09
1.6606e-10
1.13805e-09
2.20552e-10
1.04532e-09
2.82727e-10
9.28655e-10
3.50963e-10
7.86514e-10
4.22511e-10
6.18884e-10
4.93123e-10
4.28006e-10
5.56815e-10
2.19016e-10
6.06089e-10
6.33308e-10
2.35164e-08
3.11244e-07
4.35009e-09
6.23294e-08
1.09182e-09
1.58924e-08
7.73896e-10
6.66009e-11
1.1312e-09
3.5091e-10
1.26079e-09
2.04142e-10
1.2868e-09
1.17954e-10
1.29815e-09
6.35713e-11
1.30708e-09
2.85795e-11
1.31587e-09
6.40602e-12
1.32476e-09
-6.99429e-12
1.33354e-09
-1.42276e-11
1.34196e-09
-1.68805e-11
1.34971e-09
-1.57467e-11
1.35636e-09
-1.09755e-11
1.36128e-09
-2.15482e-12
1.3635e-09
1.16255e-11
1.36159e-09
3.17247e-11
1.35354e-09
5.9834e-11
1.3367e-09
9.77525e-11
1.30785e-09
1.47037e-10
1.26335e-09
2.08618e-10
1.19938e-09
2.82575e-10
1.11215e-09
3.68116e-10
9.9806e-10
4.63473e-10
8.54176e-10
5.6546e-10
6.78997e-10
6.68682e-10
4.73753e-10
7.6463e-10
2.43924e-10
8.41283e-10
8.84842e-10
2.24351e-08
3.88906e-07
6.91197e-09
7.66601e-08
1.48646e-09
2.14042e-08
7.34187e-10
5.80233e-11
1.11655e-09
1.70845e-10
1.17469e-09
1.27615e-10
1.22774e-09
7.71258e-11
1.25984e-09
3.62726e-11
1.28277e-09
7.43133e-12
1.30111e-09
-1.11833e-11
1.3167e-09
-2.21765e-11
1.33047e-09
-2.77244e-11
1.34301e-09
-2.9229e-11
1.35467e-09
-2.73244e-11
1.36562e-09
-2.19715e-11
1.37572e-09
-1.25034e-11
1.38442e-09
2.37973e-12
1.39056e-09
2.46199e-11
1.3922e-09
5.67446e-11
1.38643e-09
1.01592e-10
1.36946e-09
1.61743e-10
1.33689e-09
2.38795e-10
1.28398e-09
3.33014e-10
1.20582e-09
4.43696e-10
1.09726e-09
5.69354e-10
9.53135e-10
7.07169e-10
7.69175e-10
8.51536e-10
5.44087e-10
9.91726e-10
2.82939e-10
1.10957e-09
1.17994e-09
2.90262e-08
4.52626e-07
7.13966e-09
9.28546e-08
1.78432e-09
3.19423e-08
7.60896e-10
6.84115e-11
1.10761e-09
7.37001e-11
1.13627e-09
5.83678e-11
1.18964e-09
2.66591e-11
1.23068e-09
-3.03995e-12
1.26307e-09
-2.39454e-11
1.28909e-09
-3.63954e-11
1.31046e-09
-4.2805e-11
1.32865e-09
-4.52654e-11
1.34493e-09
-4.49824e-11
1.36036e-09
-4.23494e-11
1.37574e-09
-3.70822e-11
1.39156e-09
-2.82637e-11
1.40788e-09
-1.42214e-11
1.42404e-09
7.63364e-12
1.43826e-09
4.0935e-11
1.44734e-09
9.01264e-11
1.44667e-09
1.59545e-10
1.43076e-09
2.51805e-10
1.39385e-09
3.66996e-10
1.32989e-09
5.04301e-10
1.23201e-09
6.63071e-10
1.09193e-09
8.4233e-10
9.00476e-10
1.03857e-09
6.50485e-10
1.24116e-09
3.43772e-10
1.42533e-09
1.54541e-09
2.6455e-08
5.24328e-07
7.67478e-09
1.15658e-07
1.90959e-09
3.58792e-08
7.82053e-10
7.62868e-11
1.09136e-09
2.93616e-11
1.11415e-09
5.49812e-12
1.16386e-09
-2.58181e-11
1.21016e-09
-5.1147e-11
1.24972e-09
-6.37779e-11
1.28174e-09
-6.76487e-11
1.30741e-09
-6.73805e-11
1.32872e-09
-6.55492e-11
1.3477e-09
-6.3086e-11
1.3661e-09
-6.00032e-11
1.38541e-09
-5.57471e-11
1.40691e-09
-4.92459e-11
1.43152e-09
-3.86344e-11
1.45945e-09
-2.07974e-11
1.48945e-09
9.23654e-12
1.51799e-09
5.84319e-11
1.53911e-09
1.34503e-10
1.54564e-09
2.41887e-10
1.53076e-09
3.78868e-10
1.48789e-09
5.43436e-10
1.40896e-09
7.36285e-10
1.28212e-09
9.60538e-10
1.09029e-09
1.21922e-09
8.13605e-10
1.50901e-09
4.41684e-10
1.8052e-09
2.03094e-09
3.34437e-08
5.87775e-07
7.51697e-09
1.37855e-07
1.64734e-09
4.6166e-08
7.72341e-10
7.39028e-11
1.05589e-09
7.17424e-12
1.08837e-09
-3.99187e-11
1.1415e-09
-8.42824e-11
1.19639e-09
-1.11952e-10
1.24391e-09
-1.12369e-10
1.28074e-09
-1.0304e-10
1.30871e-09
-9.35195e-11
1.33114e-09
-8.64622e-11
1.35105e-09
-8.18133e-11
1.37092e-09
-7.88295e-11
1.3929e-09
-7.66586e-11
1.41913e-09
-7.43385e-11
1.45183e-09
-7.02712e-11
1.4928e-09
-6.14229e-11
1.5421e-09
-4.16223e-11
1.59606e-09
-1.39263e-13
1.64614e-09
7.81486e-11
1.68195e-09
2.02374e-10
1.69564e-09
3.63156e-10
1.68193e-09
5.54289e-10
1.63383e-09
7.78087e-10
1.53728e-09
1.04433e-09
1.36495e-09
1.36879e-09
1.07198e-09
1.77045e-09
6.09353e-10
2.25555e-09
2.74221e-09
1.83342e-08
6.7338e-07
3.97136e-10
1.58438e-07
2.42708e-10
4.45506e-08
7.42845e-10
8.58086e-11
1.00707e-09
-6.84638e-12
1.05023e-09
-8.80646e-11
1.11739e-09
-1.5944e-10
1.18999e-09
-2.00007e-10
1.24878e-09
-1.70708e-10
1.28859e-09
-1.38619e-10
1.31555e-09
-1.17196e-10
1.33607e-09
-1.04968e-10
1.35446e-09
-9.88741e-11
1.37363e-09
-9.68486e-11
1.39612e-09
-9.77193e-11
1.4249e-09
-1.01179e-10
1.46389e-09
-1.06689e-10
1.51779e-09
-1.13e-10
1.5901e-09
-1.14165e-10
1.67799e-09
-9.55181e-11
1.76746e-09
-2.41447e-11
1.84037e-09
1.26308e-10
1.88792e-09
3.171e-10
1.91037e-09
5.32468e-10
1.90718e-09
7.7747e-10
1.86818e-09
1.06989e-09
1.76025e-09
1.44117e-09
1.50002e-09
1.94848e-09
9.23768e-10
2.70432e-09
3.94015e-09
1.80252e-08
7.56197e-07
-5.66598e-09
1.65332e-07
-1.18092e-10
2.88461e-08
6.86213e-10
1.24594e-10
9.32094e-10
-1.544e-11
9.88799e-10
-1.46294e-10
1.08785e-09
-2.65407e-10
1.19739e-09
-3.57929e-10
1.27261e-09
-2.31833e-10
1.30931e-09
-1.63534e-10
1.32885e-09
-1.31672e-10
1.34313e-09
-1.17343e-10
1.35708e-09
-1.11865e-10
1.37303e-09
-1.11975e-10
1.39306e-09
-1.16193e-10
1.42045e-09
-1.2597e-10
1.46103e-09
-1.42306e-10
1.52439e-09
-1.69725e-10
1.62251e-09
-2.06523e-10
1.75834e-09
-2.43628e-10
1.90532e-09
-2.05514e-10
2.02415e-09
9.91043e-12
2.10532e-09
2.46476e-10
2.16442e-09
4.81012e-10
2.21635e-09
7.29445e-10
2.26803e-09
1.01659e-09
2.30786e-09
1.37752e-09
2.24408e-09
1.87799e-09
1.58569e-09
2.6731e-09
4.18733e-09
1.37357e-08
7.44048e-07
1.13192e-08
1.73151e-07
5.6345e-09
2.47057e-08
5.30866e-10
5.57286e-09
8.04062e-10
9.48632e-11
8.85261e-10
-1.35816e-10
1.04783e-09
-2.65377e-10
1.23911e-09
-4.16349e-10
1.33497e-09
-2.35272e-10
1.34718e-09
-1.52334e-10
1.34739e-09
-1.29356e-10
1.35052e-09
-1.21771e-10
1.35771e-09
-1.2006e-10
1.36835e-09
-1.23585e-10
1.38266e-09
-1.29485e-10
1.40279e-09
-1.44382e-10
1.4354e-09
-1.66853e-10
1.49621e-09
-2.17073e-10
1.6172e-09
-2.98581e-10
1.82755e-09
-4.66957e-10
2.07135e-09
-5.64187e-10
2.24558e-09
-1.27612e-10
2.34478e-09
1.77872e-10
2.42567e-09
4.15672e-10
2.52578e-09
6.42689e-10
2.67972e-09
8.89516e-10
2.95908e-09
1.17431e-09
3.58274e-09
1.51287e-09
5.36151e-09
1.92276e-09
2.3861e-09
1.41121e-07
5.98895e-07
8.08746e-08
2.29338e-07
2.75247e-08
1.03414e-07
1.55793e-08
4.16732e-08
4.68697e-09
2.1123e-08
6.89341e-10
1.16996e-08
9.79347e-10
1.32509e-08
1.37624e-09
1.21813e-09
1.48097e-09
-1.11509e-10
1.39707e-09
-8.97027e-11
1.36301e-09
-8.80675e-11
1.35385e-09
-8.96189e-11
1.35487e-09
-9.15286e-11
1.35999e-09
-9.66798e-11
1.36642e-09
-1.01237e-10
1.37268e-09
-1.14671e-10
1.38155e-09
-1.31612e-10
1.40785e-09
-1.79877e-10
1.52252e-09
-2.62905e-10
1.86333e-09
-4.91508e-10
2.30696e-09
-8.10478e-10
2.54203e-09
-1.30474e-10
2.60254e-09
1.88047e-10
2.66767e-09
3.77027e-10
2.78141e-09
5.58548e-10
2.96597e-09
7.52711e-10
3.26602e-09
9.50456e-10
3.76628e-09
1.11462e-09
4.53415e-09
1.14703e-09
7.82548e-10
4.10572e-07
1.87396e-07
4.79511e-07
1.5896e-07
3.78929e-07
1.68366e-07
3.05759e-07
1.02243e-07
2.43135e-07
8.46247e-08
1.93347e-07
6.59383e-08
1.04695e-07
8.60583e-08
1.20683e-08
6.9067e-08
1.47169e-09
1.80472e-08
1.34025e-09
2.24929e-09
1.27664e-09
-6.23729e-10
1.27291e-09
-1.66206e-09
1.29084e-09
-1.96792e-09
1.31244e-09
-2.15324e-09
1.33021e-09
-1.96138e-09
1.33401e-09
-1.58568e-09
1.31012e-09
-4.94193e-10
1.23113e-09
2.50457e-09
1.2017e-09
9.0765e-09
1.7963e-09
4.59724e-08
2.75112e-09
2.24395e-09
3.01303e-09
4.2392e-11
2.85566e-09
1.72548e-10
2.86108e-09
2.52382e-10
2.9662e-09
3.46962e-10
3.13676e-09
4.5816e-10
3.37273e-09
5.6515e-10
3.68221e-09
6.2215e-10
4.02034e-09
5.73746e-10
3.02153e-10
2.68798e-07
-8.08198e-08
4.3662e-07
-5.51069e-09
5.38605e-07
6.47154e-08
5.65066e-07
8.01859e-08
5.62959e-07
9.25139e-08
5.39543e-07
9.62544e-08
4.8974e-07
1.28054e-07
4.03201e-07
1.29748e-07
3.84893e-07
4.85496e-08
3.82377e-07
1.00144e-08
3.85883e-07
-2.71179e-09
3.92403e-07
-7.70481e-09
4.02551e-07
-9.54173e-09
4.1032e-07
-1.03175e-08
4.21891e-07
-9.55178e-09
4.23492e-07
-7.11401e-09
4.30469e-07
-1.28497e-09
4.02901e-07
1.60416e-08
3.75027e-07
4.34642e-08
2.0938e-07
1.42905e-07
1.54441e-08
1.13159e-07
2.46955e-09
2.28022e-08
2.07495e-09
1.22244e-09
1.97276e-09
-3.34805e-09
2.03925e-09
-5.92686e-09
2.17505e-09
-7.88972e-09
2.25645e-09
-9.01299e-09
2.38832e-09
-8.60126e-09
2.85435e-09
-6.44207e-09
-2.46937e-09
5.40784e-08
-1.44238e-07
1.43863e-07
-8.95147e-08
2.54133e-07
-4.75778e-08
3.41334e-07
-4.06548e-09
4.15807e-07
2.71121e-08
4.71428e-07
5.36148e-08
5.34458e-07
7.6552e-08
5.73981e-07
8.71263e-08
5.79705e-07
4.74579e-08
5.80687e-07
1.27774e-08
5.87175e-07
-5.71221e-09
5.91871e-07
-1.42236e-08
6.03686e-07
-1.82999e-08
6.08977e-07
-1.94879e-08
6.23192e-07
-1.85306e-08
6.2192e-07
-1.29187e-08
6.31148e-07
-1.48217e-09
6.06222e-07
2.87921e-08
5.97458e-07
7.12465e-08
5.71746e-07
1.6417e-07
4.94617e-07
1.89633e-07
4.94358e-07
5.29539e-08
5.00026e-07
-5.23395e-10
5.17884e-07
-2.19552e-08
5.48894e-07
-3.61242e-08
5.91424e-07
-4.80707e-08
6.40135e-07
-5.62883e-08
6.88339e-07
-5.59021e-08
7.22873e-07
-4.29369e-08
-1.65031e-08
5.72201e-08
-2.05635e-07
1.16848e-07
-1.56057e-07
1.76265e-07
-1.06284e-07
2.35689e-07
-6.41909e-08
2.96989e-07
-2.90725e-08
3.57837e-07
-1.5013e-09
4.23965e-07
1.75989e-08
4.8381e-07
2.622e-08
5.13243e-07
1.83741e-08
5.25184e-07
2.53237e-09
5.32317e-07
-1.12351e-08
5.37902e-07
-1.99118e-08
5.45265e-07
-2.52194e-08
5.51598e-07
-2.6857e-08
5.59627e-07
-2.57723e-08
5.63505e-07
-1.84287e-08
5.69273e-07
-4.43197e-09
5.75311e-07
2.3702e-08
5.99271e-07
5.91401e-08
6.75263e-07
9.9986e-08
7.35035e-07
1.10001e-07
7.574e-07
3.88396e-08
7.84793e-07
-2.00636e-08
8.24862e-07
-6.01811e-08
8.81061e-07
-9.17501e-08
9.56234e-07
-1.21774e-07
1.04413e-06
-1.45183e-07
1.13912e-06
-1.52606e-07
1.21371e-06
-1.25484e-07
-5.20217e-08
6.49411e-08
-2.78402e-07
1.25351e-07
-2.17844e-07
1.86346e-07
-1.67248e-07
2.43965e-07
-1.20631e-07
2.97411e-07
-8.0904e-08
3.46957e-07
-5.00685e-08
3.93827e-07
-2.87481e-08
4.35015e-07
-1.62173e-08
4.64607e-07
-1.20962e-08
4.83723e-07
-1.60259e-08
4.97879e-07
-2.38278e-08
5.10625e-07
-3.1304e-08
5.23429e-07
-3.67696e-08
5.36519e-07
-3.90419e-08
5.49253e-07
-3.75479e-08
5.6245e-07
-3.04476e-08
5.76976e-07
-1.73011e-08
6.02217e-07
2.03517e-09
6.42756e-07
2.14011e-08
7.14423e-07
3.15537e-08
7.95303e-07
2.1634e-08
8.52435e-07
-1.80898e-08
9.07787e-07
-6.95389e-08
9.72045e-07
-1.20387e-07
1.05167e-06
-1.66142e-07
1.14993e-06
-2.15413e-07
1.26471e-06
-2.55054e-07
1.39925e-06
-2.85681e-07
1.52359e-06
-2.58616e-07
-1.32326e-07
8.28288e-08
-3.66213e-07
1.58624e-07
-2.93111e-07
2.29068e-07
-2.34025e-07
2.93343e-07
-1.81974e-07
3.5069e-07
-1.3663e-07
4.01303e-07
-9.9804e-08
4.45556e-07
-7.25552e-08
4.83606e-07
-5.39753e-08
5.15531e-07
-4.35402e-08
5.41414e-07
-4.08594e-08
5.6305e-07
-4.38578e-08
5.82315e-07
-4.89975e-08
6.00591e-07
-5.36488e-08
6.18474e-07
-5.59281e-08
6.37008e-07
-5.50019e-08
6.57757e-07
-5.02102e-08
6.84615e-07
-4.24739e-08
7.22461e-07
-3.4292e-08
7.75751e-07
-3.1001e-08
8.44396e-07
-3.83892e-08
9.24432e-07
-5.96656e-08
1.00081e-06
-9.53474e-08
1.07885e-06
-1.43244e-07
1.15682e-06
-1.96912e-07
1.24477e-06
-2.47692e-07
1.33503e-06
-3.04595e-07
1.4396e-06
-3.49277e-07
1.56657e-06
-4.09513e-07
1.71676e-06
-4.09453e-07
-3.04797e-07
1.21912e-07
-4.88368e-07
2.29035e-07
-3.87407e-07
3.2104e-07
-3.18009e-07
3.95967e-07
-2.53423e-07
4.56714e-07
-1.96044e-07
5.06813e-07
-1.49271e-07
5.48794e-07
-1.14089e-07
5.8465e-07
-8.9263e-08
6.15287e-07
-7.36488e-08
6.40922e-07
-6.58263e-08
6.61846e-07
-6.41239e-08
6.79393e-07
-6.58147e-08
6.94934e-07
-6.87118e-08
7.10491e-07
-7.09536e-08
7.28121e-07
-7.22093e-08
7.51062e-07
-7.23495e-08
7.82773e-07
-7.33702e-08
8.26529e-07
-7.7098e-08
8.83566e-07
-8.76935e-08
9.51178e-07
-1.06189e-07
1.0265e-06
-1.35229e-07
1.10138e-06
-1.70668e-07
1.1759e-06
-2.16121e-07
1.23962e-06
-2.60956e-07
1.30532e-06
-3.09279e-07
1.35125e-06
-3.53313e-07
1.41277e-06
-3.97566e-07
1.4768e-06
-4.66025e-07
1.61377e-06
-5.04541e-07
-6.31241e-07
2.34675e-07
-6.81605e-07
4.0699e-07
-5.40925e-07
5.05214e-07
-4.13464e-07
5.6231e-07
-3.11157e-07
5.99272e-07
-2.34095e-07
6.26579e-07
-1.77501e-07
6.48781e-07
-1.37011e-07
6.67827e-07
-1.08763e-07
6.83992e-07
-9.0227e-08
6.97082e-07
-7.9222e-08
7.0678e-07
-7.41743e-08
7.1408e-07
-7.32581e-08
7.20302e-07
-7.50993e-08
7.28172e-07
-7.85813e-08
7.39695e-07
-8.35601e-08
7.58572e-07
-9.0398e-08
7.85877e-07
-1.00397e-07
8.24673e-07
-1.14884e-07
8.72023e-07
-1.3554e-07
9.28938e-07
-1.62155e-07
9.88035e-07
-1.95613e-07
1.0505e-06
-2.31338e-07
1.10587e-06
-2.73087e-07
1.15543e-06
-3.07215e-07
1.19612e-06
-3.50486e-07
1.21756e-06
-3.72315e-07
1.25724e-06
-4.30169e-07
1.25576e-06
-4.7039e-07
1.60857e-06
-7.13682e-07
-1.44511e-06
8.49792e-07
-6.5558e-07
7.76098e-07
-5.11993e-07
7.19461e-07
-3.7801e-07
6.79342e-07
-2.81074e-07
6.54385e-07
-2.1401e-07
6.41169e-07
-1.667e-07
6.3579e-07
-1.32859e-07
6.35055e-07
-1.08625e-07
6.36566e-07
-9.20167e-08
6.38722e-07
-8.14372e-08
6.40883e-07
-7.61389e-08
6.43281e-07
-7.51744e-08
6.47289e-07
-7.81877e-08
6.54531e-07
-8.46369e-08
6.67331e-07
-9.47441e-08
6.87296e-07
-1.0877e-07
7.16003e-07
-1.27329e-07
7.53723e-07
-1.51176e-07
7.993e-07
-1.79776e-07
8.52006e-07
-2.13669e-07
9.06412e-07
-2.49489e-07
9.64472e-07
-2.87722e-07
1.01135e-06
-3.21372e-07
1.06045e-06
-3.51603e-07
1.0753e-06
-3.71971e-07
1.10759e-06
-3.89315e-07
1.08048e-06
-4.25865e-07
1.11067e-06
-4.72927e-07
9.63796e-07
-7.08395e-07
-1.12411e-06
7.22752e-07
-4.54245e-07
6.06216e-07
-3.81296e-07
5.52343e-07
-3.14681e-07
5.35796e-07
-2.57081e-07
5.36759e-07
-2.09341e-07
5.45098e-07
-1.71058e-07
5.55928e-07
-1.40993e-07
5.67314e-07
-1.1804e-07
5.78171e-07
-1.01434e-07
5.88517e-07
-9.04592e-08
5.98467e-07
-8.4882e-08
6.08947e-07
-8.42568e-08
6.20963e-07
-8.87405e-08
6.35861e-07
-9.79323e-08
6.55119e-07
-1.12415e-07
6.79333e-07
-1.31679e-07
7.09743e-07
-1.56585e-07
7.44785e-07
-1.85943e-07
7.85337e-07
-2.19993e-07
8.27052e-07
-2.56561e-07
8.71673e-07
-2.93999e-07
9.09842e-07
-3.28673e-07
9.45625e-07
-3.55649e-07
9.57521e-07
-3.69591e-07
9.53469e-07
-3.64283e-07
9.16489e-07
-3.64298e-07
8.43102e-07
-3.53692e-07
7.27788e-07
-3.91938e-07
3.66825e-07
-3.93637e-07
-2.68292e-07
8.22691e-07
-3.60253e-07
7.73674e-07
-3.37308e-07
7.46555e-07
-2.97727e-07
7.31154e-07
-2.5144e-07
7.21507e-07
-2.0733e-07
7.14715e-07
-1.70039e-07
7.09372e-07
-1.40031e-07
7.05135e-07
-1.17213e-07
7.0146e-07
-1.00496e-07
6.98443e-07
-8.96495e-08
6.95626e-07
-8.39784e-08
6.93442e-07
-8.36939e-08
6.91645e-07
-8.8532e-08
6.91223e-07
-9.8983e-08
6.92285e-07
-1.15109e-07
6.9633e-07
-1.37284e-07
7.03752e-07
-1.65719e-07
7.1614e-07
-1.99636e-07
7.33472e-07
-2.38666e-07
7.56462e-07
-2.79614e-07
7.80262e-07
-3.18706e-07
8.03589e-07
-3.49971e-07
8.1201e-07
-3.65626e-07
7.93817e-07
-3.50811e-07
7.52037e-07
-3.262e-07
6.71494e-07
-2.88602e-07
5.61289e-07
-2.47062e-07
3.93866e-07
-2.38473e-07
1.99511e-07
-2.0548e-07
-1.87996e-07
8.37514e-07
-2.83049e-07
7.68901e-07
-2.66984e-07
7.11812e-07
-2.39568e-07
6.68257e-07
-2.07035e-07
6.36918e-07
-1.74702e-07
6.14697e-07
-1.46323e-07
5.99064e-07
-1.22571e-07
5.87805e-07
-1.04303e-07
5.79689e-07
-9.05589e-08
5.73598e-07
-8.20016e-08
5.69096e-07
-7.76207e-08
5.65802e-07
-7.87075e-08
5.6389e-07
-8.4361e-08
5.63974e-07
-9.68022e-08
5.66922e-07
-1.14881e-07
5.74472e-07
-1.41618e-07
5.8766e-07
-1.74586e-07
6.07408e-07
-2.15702e-07
6.33682e-07
-2.60309e-07
6.61407e-07
-3.05188e-07
6.87399e-07
-3.41651e-07
7.01157e-07
-3.63819e-07
6.79702e-07
-3.46066e-07
6.28828e-07
-3.02174e-07
5.5931e-07
-2.61222e-07
4.62924e-07
-2.02648e-07
3.56755e-07
-1.4248e-07
2.4169e-07
-1.1242e-07
1.10464e-07
-7.3125e-08
-2.01802e-08
8.51345e-07
-2.19838e-07
7.96442e-07
-2.10621e-07
7.52116e-07
-1.9507e-07
7.18828e-07
-1.74943e-07
6.95152e-07
-1.52713e-07
6.78226e-07
-1.31364e-07
6.66341e-07
-1.12238e-07
6.57303e-07
-9.69039e-08
6.50674e-07
-8.50064e-08
6.4496e-07
-7.76725e-08
6.40486e-07
-7.39334e-08
6.36017e-07
-7.55964e-08
6.32273e-07
-8.13246e-08
6.28488e-07
-9.45235e-08
6.25415e-07
-1.12654e-07
6.23618e-07
-1.41649e-07
6.22487e-07
-1.74912e-07
6.24625e-07
-2.20386e-07
6.26622e-07
-2.64843e-07
6.28371e-07
-3.10849e-07
6.28078e-07
-3.43834e-07
6.00499e-07
-3.44663e-07
5.28366e-07
-2.81327e-07
4.4856e-07
-2.1966e-07
3.6326e-07
-1.83758e-07
2.64445e-07
-9.25318e-08
1.95467e-07
-4.86252e-08
9.0875e-08
-2.71726e-08
4.34034e-09
-2.67975e-09
-1.96528e-09
8.61318e-07
-1.6696e-07
8.13157e-07
-1.61437e-07
7.70305e-07
-1.5173e-07
7.33666e-07
-1.38427e-07
7.03573e-07
-1.22954e-07
6.78882e-07
-1.07251e-07
6.59078e-07
-9.2698e-08
6.42299e-07
-8.06e-08
6.28529e-07
-7.11504e-08
6.15651e-07
-6.5209e-08
6.04444e-07
-6.23065e-08
5.92237e-07
-6.38412e-08
5.80682e-07
-6.88798e-08
5.66469e-07
-8.06244e-08
5.52431e-07
-9.67046e-08
5.36068e-07
-1.24626e-07
5.21228e-07
-1.55976e-07
5.10827e-07
-2.0663e-07
5.02309e-07
-2.49875e-07
5.03523e-07
-3.05926e-07
4.95339e-07
-3.30315e-07
4.38209e-07
-2.95941e-07
3.46989e-07
-1.96765e-07
2.63635e-07
-1.14457e-07
1.58808e-07
-7.2267e-08
4.86201e-08
-1.38943e-08
2.40246e-09
-1.00814e-09
1.34476e-09
-1.45428e-09
5.55916e-10
-1.52054e-09
-2.07827e-09
8.6759e-07
-1.20598e-07
8.24146e-07
-1.17207e-07
7.84074e-07
-1.11164e-07
7.48468e-07
-1.02689e-07
7.18008e-07
-9.26239e-08
6.92278e-07
-8.19447e-08
6.71018e-07
-7.18158e-08
6.52813e-07
-6.3009e-08
6.37565e-07
-5.61821e-08
6.23308e-07
-5.16807e-08
6.10725e-07
-4.98028e-08
5.96948e-07
-5.10355e-08
5.8388e-07
-5.55901e-08
5.67034e-07
-6.51174e-08
5.5057e-07
-7.936e-08
5.28195e-07
-1.03774e-07
5.08396e-07
-1.33688e-07
4.85792e-07
-1.84911e-07
4.64736e-07
-2.2554e-07
4.51252e-07
-2.92476e-07
4.03941e-07
-2.89596e-07
2.98039e-07
-2.1177e-07
2.03771e-07
-7.94345e-08
9.20259e-08
-2.87127e-08
2.37335e-09
-2.3011e-10
2.30432e-09
-6.65558e-10
1.68079e-09
-9.20716e-10
1.15171e-09
-1.43507e-09
5.55526e-10
-1.40757e-09
-1.48058e-09
8.71578e-07
-7.83744e-08
8.31399e-07
-7.64018e-08
7.93503e-07
-7.28621e-08
7.58875e-07
-6.78257e-08
7.2802e-07
-6.17901e-08
7.01094e-07
-5.51808e-08
6.77793e-07
-4.88293e-08
6.57503e-07
-4.30902e-08
6.39639e-07
-3.86936e-08
6.23092e-07
-3.56253e-08
6.0752e-07
-3.4548e-08
5.91042e-07
-3.52664e-08
5.74041e-07
-3.87247e-08
5.52795e-07
-4.49903e-08
5.29509e-07
-5.56196e-08
4.96502e-07
-7.23133e-08
4.61834e-07
-9.63088e-08
4.1246e-07
-1.36077e-07
3.71245e-07
-1.74045e-07
3.27531e-07
-2.44431e-07
2.28523e-07
-1.99484e-07
8.57012e-08
-7.64982e-08
2.13148e-09
-1.69108e-10
2.28014e-09
-3.1296e-10
2.07271e-09
-9.70192e-11
1.89264e-09
-5.8924e-10
1.48923e-09
-6.77153e-10
1.02391e-09
-8.60853e-10
5.14472e-10
-9.18575e-10
-9.55925e-10
8.73954e-07
-3.86118e-08
8.35779e-07
-3.77019e-08
7.99318e-07
-3.60593e-08
7.65467e-07
-3.37087e-08
7.34578e-07
-3.08795e-08
7.07103e-07
-2.77333e-08
6.82674e-07
-2.46841e-08
6.61219e-07
-2.18695e-08
6.41786e-07
-1.97255e-08
6.23977e-07
-1.8177e-08
6.0658e-07
-1.77024e-08
5.88788e-07
-1.80179e-08
5.69416e-07
-1.99141e-08
5.46432e-07
-2.29492e-08
5.1923e-07
-2.87374e-08
4.82135e-07
-3.68823e-08
4.37784e-07
-5.0893e-08
3.71592e-07
-7.22257e-08
3.1002e-07
-1.03365e-07
2.17339e-07
-1.52229e-07
7.19072e-08
-7.47606e-08
1.94996e-09
4.59148e-12
2.41041e-09
7.65844e-11
2.16403e-09
-2.1347e-10
1.96011e-09
-1.46645e-10
1.71151e-09
-2.68886e-10
1.35959e-09
-3.39665e-10
9.40215e-10
-4.12618e-10
4.78453e-10
-4.49954e-10
-4.68626e-10
8.75067e-07
8.37842e-07
8.02093e-07
7.68656e-07
7.37811e-07
7.10111e-07
6.85152e-07
6.63131e-07
6.42873e-07
6.24458e-07
6.06001e-07
5.87687e-07
5.66747e-07
5.43379e-07
5.13297e-07
4.75794e-07
4.23485e-07
3.50403e-07
2.46963e-07
9.14067e-08
1.48119e-09
2.17573e-09
2.19207e-09
2.08277e-09
1.89219e-09
1.6337e-09
1.2974e-09
8.98913e-10
4.59123e-10
)
;

boundaryField
{
    inlet1
    {
        type            calculated;
        value           nonuniform List<scalar> 10(-1e-07 -1e-07 -1e-07 -1e-07 -1e-07 -1e-07 -1e-07 -1e-07 -1e-07 -1e-07);
    }
    inlet2
    {
        type            calculated;
        value           uniform 0;
    }
    inlet3
    {
        type            calculated;
        value           nonuniform List<scalar> 10(-9.13394e-07 -9.13394e-07 -9.13394e-07 -9.13394e-07 -9.13394e-07 -9.13394e-07 -9.13394e-07 -9.13394e-07 -9.13394e-07 -9.13394e-07);
    }
    output1
    {
        type            calculated;
        value           uniform 0;
    }
    output2
    {
        type            calculated;
        value           nonuniform List<scalar> 10(8.74634e-09 5.50421e-09 4.325e-09 3.21603e-09 7.38232e-07 1.24803e-06 1.59632e-06 1.86738e-06 1.93682e-06 2.72537e-06);
    }
    output3
    {
        type            calculated;
        value           uniform -0;
    }
    up
    {
        type            calculated;
        value           uniform 0;
    }
    down
    {
        type            calculated;
        value           uniform 0;
    }
    emptyWalls
    {
        type            empty;
        value           nonuniform List<scalar> 0();
    }
}


// ************************************************************************* //
