/*--------------------------------*- C++ -*----------------------------------*\
  =========                 |
  \\      /  F ield         | OpenFOAM: The Open Source CFD Toolbox
   \\    /   O peration     | Website:  https://openfoam.org
    \\  /    A nd           | Version:  9
     \\/     M anipulation  |
\*---------------------------------------------------------------------------*/
FoamFile
{
    format      ascii;
    class       volScalarField;
    location    "23500";
    object      Sw;
}
// * * * * * * * * * * * * * * * * * * * * * * * * * * * * * * * * * * * * * //

dimensions      [0 0 0 0 0 0 0];

internalField   nonuniform List<scalar> 
900
(
0.682936
0.749679
0.694557
0.46663
0.155222
0.15
0.15
0.15
0.15
0.15
0.15
0.15
0.15
0.15
0.15
0.15
0.15
0.15
0.15
0.15
0.15
0.15
0.15
0.15
0.15
0.15
0.15
0.15
0.15
0.15
0.844383
0.641002
0.541733
0.54954
0.220743
0.15
0.15
0.15
0.15
0.15
0.15
0.15
0.15
0.15
0.15
0.15
0.15
0.15
0.15
0.15
0.15
0.15
0.15
0.15
0.15
0.15
0.15
0.15
0.15
0.15
0.742133
0.673571
0.552875
0.415487
0.150672
0.15
0.15
0.15
0.15
0.15
0.15
0.15
0.15
0.15
0.15
0.15
0.15
0.15
0.15
0.15
0.15
0.15
0.15
0.15
0.15
0.15
0.15
0.15
0.15
0.15
0.784574
0.635112
0.541726
0.326138
0.150032
0.15
0.15
0.15
0.15
0.15
0.15
0.15
0.15
0.15
0.15
0.15
0.15
0.15
0.15
0.15
0.15
0.15
0.15
0.15
0.15
0.15
0.15
0.15
0.15
0.15
0.749426
0.650391
0.565133
0.28325
0.150003
0.15
0.15
0.15
0.15
0.15
0.15
0.15
0.15
0.15
0.15
0.15
0.15
0.15
0.15
0.15
0.15
0.15
0.15
0.15
0.15
0.15
0.15
0.15
0.15
0.15
0.779167
0.636703
0.560248
0.226722
0.15
0.15
0.15
0.15
0.15
0.15
0.15
0.15
0.15
0.15
0.15
0.15
0.15
0.15
0.15
0.15
0.15
0.15
0.15
0.15
0.15
0.15
0.15
0.15
0.15
0.15
0.758759
0.658689
0.597833
0.191187
0.15
0.15
0.15
0.15
0.15
0.15
0.15
0.15
0.15
0.15
0.15
0.15
0.15
0.15
0.15
0.15
0.15
0.15
0.15
0.15
0.15
0.15
0.15
0.15
0.15
0.15
0.795959
0.668613
0.581042
0.165029
0.15
0.15
0.15
0.15
0.15
0.15
0.15
0.15
0.15
0.15
0.15
0.15
0.15
0.15
0.15
0.15
0.15
0.15
0.15
0.15
0.15
0.15
0.15
0.15
0.15
0.15
0.791219
0.69475
0.639888
0.151344
0.15
0.15
0.15
0.15
0.15
0.15
0.15
0.15
0.15
0.15
0.15
0.15
0.15
0.15
0.15
0.15
0.15
0.15
0.15
0.15
0.15
0.15
0.15
0.15
0.15
0.15
0.843189
0.7086
0.581611
0.1505
0.15
0.15
0.15
0.15
0.15
0.15
0.15
0.15
0.15
0.15
0.15
0.15
0.15
0.15
0.15
0.15
0.15
0.15
0.15
0.15
0.15
0.15
0.15
0.15
0.15
0.15
0.857858
0.724378
0.58038
0.285243
0.15001
0.15
0.15
0.15
0.15
0.15
0.15
0.15
0.15
0.15
0.15
0.15
0.15
0.15
0.15
0.15
0.15
0.15
0.15
0.15
0.15
0.15
0.15
0.15
0.15
0.15
0.912428
0.751268
0.552504
0.48866
0.427986
0.152067
0.150002
0.150001
0.15
0.15
0.15
0.15
0.15
0.15
0.15
0.15
0.15
0.15
0.15
0.15
0.15
0.15
0.15
0.15
0.15
0.15
0.15
0.15
0.15
0.15
0.914709
0.82793
0.721434
0.64552
0.609624
0.576203
0.567769
0.435065
0.151553
0.156469
0.16259
0.164314
0.161954
0.158378
0.155144
0.152135
0.15012
0.150001
0.150001
0.150001
0.15
0.15
0.15
0.15
0.15
0.15
0.15
0.15
0.15
0.15
0.848391
0.747275
0.723734
0.675
0.658615
0.631839
0.622997
0.58544
0.568974
0.566702
0.567822
0.569193
0.570267
0.572055
0.572315
0.575314
0.573715
0.579938
0.572887
0.588025
0.413443
0.20667
0.223775
0.242795
0.261082
0.274138
0.279052
0.264991
0.231515
0.179902
0.665609
0.622467
0.640147
0.628779
0.623283
0.616232
0.610208
0.607044
0.599164
0.59552
0.593925
0.595232
0.594296
0.59708
0.594849
0.599456
0.594637
0.601553
0.587694
0.588399
0.551875
0.540256
0.539505
0.540085
0.540701
0.541716
0.543556
0.545626
0.547848
0.548538
0.614984
0.610802
0.599103
0.596283
0.592418
0.592998
0.592078
0.595471
0.594317
0.591739
0.589938
0.58955
0.589244
0.589914
0.589488
0.590307
0.588381
0.587795
0.581895
0.578712
0.576872
0.570585
0.568105
0.567803
0.568381
0.569391
0.571314
0.573391
0.576383
0.577369
0.601551
0.591748
0.5891
0.588043
0.587345
0.587393
0.587772
0.588874
0.58884
0.587827
0.586861
0.586735
0.587007
0.5876
0.587914
0.587783
0.586825
0.584658
0.582726
0.580579
0.582177
0.580923
0.579507
0.579725
0.580343
0.581692
0.582792
0.584282
0.586767
0.588548
0.591381
0.587073
0.586847
0.588583
0.590575
0.592163
0.593472
0.594383
0.594896
0.595025
0.595046
0.595325
0.595745
0.5962
0.596293
0.595992
0.595019
0.593878
0.592773
0.592496
0.592705
0.593287
0.592722
0.5936
0.593234
0.594302
0.592346
0.591684
0.589297
0.590587
0.586781
0.586376
0.591503
0.596483
0.600103
0.602414
0.603916
0.604827
0.605458
0.605731
0.605823
0.605678
0.605514
0.605076
0.604538
0.603616
0.602737
0.601827
0.601452
0.601373
0.601582
0.601793
0.601456
0.601354
0.599848
0.599499
0.594928
0.592216
0.58123
0.577499
0.586673
0.597138
0.605846
0.610239
0.611969
0.612406
0.612376
0.612098
0.611772
0.61123
0.610552
0.609548
0.608485
0.607141
0.605932
0.604495
0.60357
0.602488
0.602344
0.601681
0.602052
0.601089
0.601283
0.599243
0.598563
0.595618
0.593028
0.590826
0.57517
0.568219
0.609536
0.621076
0.620868
0.617207
0.613637
0.610891
0.608951
0.607514
0.60642
0.605396
0.604373
0.603239
0.60207
0.600933
0.599902
0.599144
0.598607
0.598478
0.59851
0.59868
0.598852
0.598435
0.598364
0.596173
0.596085
0.590208
0.592197
0.582628
0.604075
0.62331
0.596539
0.59318
0.592911
0.593591
0.594603
0.595725
0.596847
0.597759
0.598546
0.599015
0.599403
0.599492
0.599639
0.599604
0.599749
0.599827
0.600013
0.600205
0.600128
0.600139
0.599234
0.598695
0.596205
0.59489
0.589651
0.587469
0.580458
0.578373
0.570727
0.506363
0.598796
0.600536
0.604033
0.607045
0.608881
0.609811
0.610163
0.610177
0.610012
0.609646
0.609228
0.60856
0.607899
0.606874
0.605927
0.604495
0.603264
0.601501
0.600124
0.59819
0.596697
0.593906
0.591375
0.585857
0.579982
0.572951
0.564303
0.556396
0.541053
0.545616
0.599434
0.598681
0.5983
0.598177
0.597977
0.597777
0.597428
0.597211
0.596871
0.59672
0.596383
0.596236
0.595841
0.595637
0.595217
0.595011
0.594743
0.594634
0.594381
0.59401
0.592415
0.590121
0.584849
0.575525
0.565463
0.554414
0.542502
0.532422
0.51233
0.483396
0.599515
0.598899
0.598853
0.599413
0.600185
0.601081
0.601729
0.602447
0.602798
0.603395
0.603515
0.604075
0.603976
0.604468
0.604052
0.604186
0.603189
0.602206
0.60016
0.597059
0.592743
0.587038
0.575476
0.559398
0.544851
0.524498
0.507796
0.508387
0.36743
0.150018
0.599659
0.599212
0.599006
0.599076
0.599256
0.599565
0.599721
0.600014
0.599981
0.600302
0.600057
0.600502
0.59993
0.600491
0.599239
0.599608
0.597077
0.596536
0.592856
0.589833
0.584676
0.575038
0.555286
0.536353
0.514193
0.464055
0.15355
0.15
0.15
0.15
0.599758
0.599405
0.599187
0.599129
0.599211
0.599433
0.599657
0.600003
0.600189
0.600639
0.600716
0.601388
0.60126
0.602312
0.601648
0.603086
0.600836
0.602013
0.596382
0.593838
0.583233
0.561699
0.524735
0.515552
0.202427
0.15
0.15
0.15
0.15
0.15
0.59982
0.599533
0.599345
0.599229
0.599253
0.599336
0.599535
0.599739
0.600016
0.6003
0.600608
0.601047
0.601346
0.602103
0.602139
0.60332
0.601669
0.602415
0.593589
0.591075
0.568844
0.528602
0.206687
0.15
0.15
0.15
0.15
0.15
0.15
0.15
0.599856
0.599611
0.599449
0.599314
0.599311
0.599321
0.599505
0.599629
0.599971
0.600164
0.600661
0.600951
0.601649
0.602173
0.603061
0.604023
0.604339
0.60524
0.598295
0.59457
0.544695
0.205906
0.15
0.15
0.15
0.15
0.15
0.15
0.15
0.15
0.599871
0.599648
0.599498
0.599361
0.599347
0.599329
0.599499
0.599588
0.599953
0.600098
0.600695
0.600875
0.601839
0.602093
0.603674
0.604014
0.606416
0.606153
0.607406
0.595912
0.285062
0.15
0.15
0.15
0.15
0.15
0.15
0.15
0.15
0.15
)
;

boundaryField
{
    inlet1
    {
        type            fixedValue;
        value           uniform 0.85;
    }
    inlet2
    {
        type            zeroGradient;
    }
    inlet3
    {
        type            fixedValue;
        value           uniform 0.6;
    }
    output1
    {
        type            zeroGradient;
    }
    output2
    {
        type            zeroGradient;
    }
    output3
    {
        type            zeroGradient;
    }
    up
    {
        type            zeroGradient;
    }
    down
    {
        type            zeroGradient;
    }
    emptyWalls
    {
        type            empty;
    }
}


// ************************************************************************* //
