/*--------------------------------*- C++ -*----------------------------------*\
  =========                 |
  \\      /  F ield         | OpenFOAM: The Open Source CFD Toolbox
   \\    /   O peration     | Website:  https://openfoam.org
    \\  /    A nd           | Version:  9
     \\/     M anipulation  |
\*---------------------------------------------------------------------------*/
FoamFile
{
    format      ascii;
    class       volVectorField;
    location    "23500";
    object      ut;
}
// * * * * * * * * * * * * * * * * * * * * * * * * * * * * * * * * * * * * * //

dimensions      [0 1 -1 0 0 0 0];

internalField   nonuniform List<vector> 
900
(
(1.37173e-06 9.44221e-07 -0)
(2.31368e-06 1.16754e-06 -0)
(6.2836e-07 5.7104e-07 -0)
(1.5471e-07 2.80958e-08 -0)
(8.03747e-08 -2.07801e-09 -0)
(1.51773e-07 4.40051e-09 -0)
(1.43766e-07 2.73445e-09 -0)
(1.39341e-07 1.69056e-09 -0)
(1.36668e-07 9.8376e-10 -0)
(1.35168e-07 5.15841e-10 -0)
(1.34432e-07 2.20613e-10 -0)
(1.34162e-07 5.0269e-11 -0)
(1.34139e-07 -2.6828e-11 -0)
(1.34194e-07 -2.89339e-11 -0)
(1.34187e-07 3.63135e-11 -0)
(1.33981e-07 1.69628e-10 -0)
(1.33434e-07 3.78012e-10 -0)
(1.32383e-07 6.72746e-10 -0)
(1.30642e-07 1.06762e-09 -0)
(1.27997e-07 1.5763e-09 -0)
(1.24211e-07 2.20896e-09 -0)
(1.19033e-07 2.96928e-09 -0)
(1.12211e-07 3.85168e-09 -0)
(1.0352e-07 4.83859e-09 -0)
(9.27827e-08 5.89769e-09 -0)
(7.99048e-08 6.97908e-09 -0)
(6.49119e-08 8.01323e-09 -0)
(4.79843e-08 8.91353e-09 -0)
(2.94829e-08 9.58622e-09 -0)
(9.94783e-09 9.94806e-09 -0)
(6.48691e-06 1.86848e-05 -0)
(2.83699e-07 1.49484e-06 -0)
(1.29364e-07 3.1495e-07 -0)
(2.90947e-07 3.42855e-07 -0)
(6.28788e-08 8.95951e-09 -0)
(1.56632e-07 1.08679e-08 -0)
(1.41056e-07 7.58137e-09 -0)
(1.37591e-07 4.73486e-09 -0)
(1.35493e-07 2.71253e-09 -0)
(1.34405e-07 1.37488e-09 -0)
(1.33967e-07 5.3697e-10 -0)
(1.33914e-07 5.75104e-11 -0)
(1.34059e-07 -1.55588e-10 -0)
(1.34258e-07 -1.54215e-10 -0)
(1.34386e-07 4.09842e-11 -0)
(1.34323e-07 4.33802e-10 -0)
(1.33937e-07 1.04719e-09 -0)
(1.33073e-07 1.91768e-09 -0)
(1.31546e-07 3.0891e-09 -0)
(1.29138e-07 4.60497e-09 -0)
(1.25604e-07 6.49898e-09 -0)
(1.20675e-07 8.78527e-09 -0)
(1.14081e-07 1.14499e-08 -0)
(1.05566e-07 1.44431e-08 -0)
(9.49232e-08 1.76707e-08 -0)
(8.20203e-08 2.09842e-08 -0)
(6.68463e-08 2.4173e-08 -0)
(4.95573e-08 2.6968e-08 -0)
(3.05174e-08 2.90699e-08 -0)
(1.03097e-08 3.02052e-08 -0)
(3.13218e-06 1.24229e-05 -0)
(1.07531e-06 5.1997e-06 -0)
(7.42596e-08 8.77743e-07 -0)
(1.76e-07 4.69271e-08 -0)
(9.11322e-08 4.43356e-08 -0)
(1.47114e-07 2.00104e-08 -0)
(1.37633e-07 1.19885e-08 -0)
(1.34473e-07 6.9551e-09 -0)
(1.33308e-07 3.75664e-09 -0)
(1.32993e-07 1.73408e-09 -0)
(1.33115e-07 4.94681e-10 -0)
(1.33469e-07 -2.01741e-10 -0)
(1.33927e-07 -4.98851e-10 -0)
(1.34391e-07 -4.73391e-10 -0)
(1.34775e-07 -1.52073e-10 -0)
(1.34987e-07 4.77536e-10 -0)
(1.34918e-07 1.45937e-09 -0)
(1.34425e-07 2.86156e-09 -0)
(1.33329e-07 4.766e-09 -0)
(1.31407e-07 7.25543e-09 -0)
(1.28392e-07 1.03965e-08 -0)
(1.23984e-07 1.42226e-08 -0)
(1.17869e-07 1.87192e-08 -0)
(1.09741e-07 2.38131e-08 -0)
(9.93238e-08 2.9358e-08 -0)
(8.64071e-08 3.51141e-08 -0)
(7.08956e-08 4.07254e-08 -0)
(5.28812e-08 4.57152e-08 -0)
(3.27201e-08 4.952e-08 -0)
(1.10831e-08 5.15965e-08 -0)
(3.99892e-06 3.36164e-05 -0)
(7.04351e-07 4.67022e-06 -0)
(1.65667e-07 1.07082e-06 -0)
(5.26967e-08 7.9065e-09 -0)
(1.02082e-07 4.64339e-08 -0)
(1.24157e-07 2.41151e-08 -0)
(1.28001e-07 1.3407e-08 -0)
(1.29359e-07 7.34023e-09 -0)
(1.30272e-07 3.62459e-09 -0)
(1.31143e-07 1.30985e-09 -0)
(1.32031e-07 -9.09373e-11 -0)
(1.32921e-07 -8.6058e-10 -0)
(1.33788e-07 -1.16473e-09 -0)
(1.34604e-07 -1.08815e-09 -0)
(1.35337e-07 -6.53285e-10 -0)
(1.35934e-07 1.69016e-10 -0)
(1.36321e-07 1.45133e-09 -0)
(1.36379e-07 3.30311e-09 -0)
(1.35939e-07 5.85797e-09 -0)
(1.34769e-07 9.25458e-09 -0)
(1.32571e-07 1.36096e-08 -0)
(1.28998e-07 1.89895e-08 -0)
(1.23671e-07 2.53912e-08 -0)
(1.16205e-07 3.27323e-08 -0)
(1.06224e-07 4.08346e-08 -0)
(9.33877e-08 4.93881e-08 -0)
(7.74475e-08 5.78992e-08 -0)
(5.83519e-08 6.56477e-08 -0)
(3.63987e-08 7.16978e-08 -0)
(1.23862e-08 7.50651e-08 -0)
(3.3643e-06 2.86323e-05 -0)
(1.12271e-06 7.79567e-06 -0)
(2.59685e-07 2.10766e-06 -0)
(3.76072e-08 5.41368e-09 -0)
(1.0923e-07 2.37482e-08 -0)
(1.14081e-07 1.67133e-08 -0)
(1.20858e-07 1.01839e-08 -0)
(1.2469e-07 5.37404e-09 -0)
(1.27277e-07 2.0913e-09 -0)
(1.29277e-07 -2.86416e-11 -0)
(1.30945e-07 -1.30792e-09 -0)
(1.32396e-07 -1.98494e-09 -0)
(1.33699e-07 -2.21138e-09 -0)
(1.34903e-07 -2.0612e-09 -0)
(1.36032e-07 -1.54181e-09 -0)
(1.37092e-07 -5.99979e-10 -0)
(1.38052e-07 8.73764e-10 -0)
(1.38831e-07 3.04183e-09 -0)
(1.39281e-07 6.10884e-09 -0)
(1.39159e-07 1.02959e-08 -0)
(1.38126e-07 1.57978e-08 -0)
(1.35765e-07 2.27341e-08 -0)
(1.31612e-07 3.11238e-08 -0)
(1.25184e-07 4.08909e-08 -0)
(1.1598e-07 5.186e-08 -0)
(1.03472e-07 6.37038e-08 -0)
(8.71552e-08 7.58373e-08 -0)
(6.66799e-08 8.72782e-08 -0)
(4.21375e-08 9.65587e-08 -0)
(1.44504e-08 1.01903e-07 -0)
(4.69293e-06 4.9149e-05 -0)
(1.11232e-06 7.53634e-06 -0)
(3.15614e-07 2.17317e-06 -0)
(4.12504e-08 6.19097e-09 -0)
(1.10929e-07 1.04209e-08 -0)
(1.10593e-07 8.80975e-09 -0)
(1.16662e-07 5.24122e-09 -0)
(1.21266e-07 1.88048e-09 -0)
(1.24869e-07 -6.05037e-10 -0)
(1.27744e-07 -2.20801e-09 -0)
(1.30075e-07 -3.12739e-09 -0)
(1.32017e-07 -3.55994e-09 -0)
(1.33712e-07 -3.63442e-09 -0)
(1.35274e-07 -3.40369e-09 -0)
(1.36798e-07 -2.85249e-09 -0)
(1.3835e-07 -1.90069e-09 -0)
(1.39963e-07 -3.97819e-10 -0)
(1.41614e-07 1.88215e-09 -0)
(1.43194e-07 5.24008e-09 -0)
(1.44458e-07 1.00225e-08 -0)
(1.4501e-07 1.65509e-08 -0)
(1.44324e-07 2.5025e-08 -0)
(1.41828e-07 3.54791e-08 -0)
(1.36941e-07 4.78482e-08 -0)
(1.29037e-07 6.20107e-08 -0)
(1.17365e-07 7.773e-08 -0)
(1.01022e-07 9.44699e-08 -0)
(7.90733e-08 1.11067e-07 -0)
(5.10237e-08 1.25355e-07 -0)
(1.77306e-08 1.34085e-07 -0)
(4.09092e-06 4.13762e-05 -0)
(1.20008e-06 1.10346e-05 -0)
(3.34879e-07 4.21529e-06 -0)
(4.70388e-08 7.49132e-09 -0)
(1.09372e-07 4.31909e-09 -0)
(1.08901e-07 2.86382e-09 -0)
(1.13929e-07 9.05879e-11 -0)
(1.18844e-07 -2.48847e-09 -0)
(1.23189e-07 -4.18404e-09 -0)
(1.26755e-07 -5.07107e-09 -0)
(1.29593e-07 -5.43361e-09 -0)
(1.31889e-07 -5.49314e-09 -0)
(1.33856e-07 -5.36207e-09 -0)
(1.35684e-07 -5.06619e-09 -0)
(1.37535e-07 -4.56395e-09 -0)
(1.39547e-07 -3.75205e-09 -0)
(1.41834e-07 -2.44647e-09 -0)
(1.44469e-07 -3.55424e-10 -0)
(1.47421e-07 2.94692e-09 -0)
(1.50469e-07 8.00279e-09 -0)
(1.53129e-07 1.53581e-08 -0)
(1.54693e-07 2.5336e-08 -0)
(1.54435e-07 3.79201e-08 -0)
(1.51716e-07 5.30119e-08 -0)
(1.45861e-07 7.06035e-08 -0)
(1.35931e-07 9.07361e-08 -0)
(1.20492e-07 1.13244e-07 -0)
(9.7565e-08 1.37164e-07 -0)
(6.5156e-08 1.59711e-07 -0)
(2.31808e-08 1.74996e-07 -0)
(5.46517e-06 6.34895e-05 -0)
(1.22358e-06 1.2097e-05 -0)
(2.79813e-07 2.96054e-06 -0)
(4.9655e-08 7.76604e-09 -0)
(1.04813e-07 1.55323e-09 -0)
(1.06364e-07 -1.76419e-09 -0)
(1.11309e-07 -5.25422e-09 -0)
(1.16992e-07 -7.74093e-09 -0)
(1.22287e-07 -8.57154e-09 -0)
(1.26495e-07 -8.45867e-09 -0)
(1.29653e-07 -8.0425e-09 -0)
(1.32089e-07 -7.61671e-09 -0)
(1.34138e-07 -7.25512e-09 -0)
(1.36072e-07 -6.93444e-09 -0)
(1.38112e-07 -6.58548e-09 -0)
(1.40467e-07 -6.09713e-09 -0)
(1.43359e-07 -5.2804e-09 -0)
(1.47008e-07 -3.80405e-09 -0)
(1.51552e-07 -1.09961e-09 -0)
(1.56869e-07 3.68359e-09 -0)
(1.62343e-07 1.15426e-08 -0)
(1.66886e-07 2.30414e-08 -0)
(1.69504e-07 3.78536e-08 -0)
(1.69625e-07 5.56753e-08 -0)
(1.66761e-07 7.66534e-08 -0)
(1.60005e-07 1.01371e-07 -0)
(1.4745e-07 1.30601e-07 -0)
(1.25541e-07 1.64637e-07 -0)
(8.8855e-08 2.0133e-07 -0)
(3.30157e-08 2.31192e-07 -0)
(3.58671e-06 5.40655e-05 -0)
(8.01351e-08 1.54739e-05 -0)
(-7.07999e-10 6.27266e-06 -0)
(4.92495e-08 7.01452e-09 -0)
(9.93195e-08 -1.18379e-10 -0)
(1.02094e-07 -6.21956e-09 -0)
(1.07952e-07 -1.16023e-08 -0)
(1.15527e-07 -1.46494e-08 -0)
(1.22471e-07 -1.39023e-08 -0)
(1.27284e-07 -1.21493e-08 -0)
(1.30435e-07 -1.06614e-08 -0)
(1.32676e-07 -9.67573e-09 -0)
(1.34538e-07 -9.10754e-09 -0)
(1.36354e-07 -8.83145e-09 -0)
(1.38373e-07 -8.74624e-09 -0)
(1.40852e-07 -8.77057e-09 -0)
(1.44128e-07 -8.77385e-09 -0)
(1.4865e-07 -8.48053e-09 -0)
(1.54909e-07 -7.22485e-09 -0)
(1.63112e-07 -3.71145e-09 -0)
(1.72487e-07 4.08716e-09 -0)
(1.81005e-07 1.74334e-08 -0)
(1.87069e-07 3.47776e-08 -0)
(1.90516e-07 5.51825e-08 -0)
(1.91558e-07 7.8964e-08 -0)
(1.89879e-07 1.07494e-07 -0)
(1.83757e-07 1.43157e-07 -0)
(1.68293e-07 1.89453e-07 -0)
(1.31711e-07 2.4978e-07 -0)
(5.30426e-08 3.1725e-07 -0)
(4.66891e-06 8.06106e-05 -0)
(-1.06387e-06 1.62136e-05 -0)
(-6.93226e-08 2.63745e-06 -0)
(4.57041e-08 1.01472e-08 -0)
(9.15385e-08 -1.2509e-09 -0)
(9.48803e-08 -1.13934e-08 -0)
(1.02879e-07 -2.02858e-08 -0)
(1.14692e-07 -2.5352e-08 -0)
(1.24787e-07 -2.02392e-08 -0)
(1.29736e-07 -1.55746e-08 -0)
(1.32126e-07 -1.27777e-08 -0)
(1.33643e-07 -1.13179e-08 -0)
(1.34983e-07 -1.06673e-08 -0)
(1.36433e-07 -1.05383e-08 -0)
(1.38173e-07 -1.07976e-08 -0)
(1.4044e-07 -1.14652e-08 -0)
(1.43649e-07 -1.25639e-08 -0)
(1.48557e-07 -1.41194e-08 -0)
(1.56321e-07 -1.56081e-08 -0)
(1.68181e-07 -1.53922e-08 -0)
(1.83488e-07 -8.91611e-09 -0)
(1.97577e-07 7.82817e-09 -0)
(2.07253e-07 2.86424e-08 -0)
(2.13811e-07 5.13111e-08 -0)
(2.19073e-07 7.653e-08 -0)
(2.24198e-07 1.06484e-07 -0)
(2.29409e-07 1.45078e-07 -0)
(2.32163e-07 2.00243e-07 -0)
(2.16652e-07 2.91084e-07 -0)
(1.00487e-07 4.70779e-07 -0)
(1.58179e-06 7.06289e-05 -0)
(1.16536e-06 1.68527e-05 -0)
(1.09848e-06 3.13178e-06 -0)
(2.84194e-08 1.47715e-08 -0)
(7.77537e-08 -1.8371e-09 -0)
(8.30586e-08 -1.78655e-08 -0)
(9.39936e-08 -3.27956e-08 -0)
(1.15573e-07 -4.62338e-08 -0)
(1.32248e-07 -2.61274e-08 -0)
(1.34746e-07 -1.71322e-08 -0)
(1.34691e-07 -1.35567e-08 -0)
(1.34786e-07 -1.21507e-08 -0)
(1.35317e-07 -1.17057e-08 -0)
(1.36224e-07 -1.18568e-08 -0)
(1.37446e-07 -1.2441e-08 -0)
(1.39086e-07 -1.37289e-08 -0)
(1.41473e-07 -1.58973e-08 -0)
(1.45606e-07 -1.98255e-08 -0)
(1.53636e-07 -2.56966e-08 -0)
(1.69804e-07 -3.33335e-08 -0)
(1.95707e-07 -3.21868e-08 -0)
(2.18563e-07 -5.84608e-09 -0)
(2.30552e-07 2.06528e-08 -0)
(2.38403e-07 4.48913e-08 -0)
(2.4673e-07 6.93589e-08 -0)
(2.58427e-07 9.68348e-08 -0)
(2.77517e-07 1.30426e-07 -0)
(3.143e-07 1.75356e-07 -0)
(4.02247e-07 2.43536e-07 -0)
(6.70055e-07 3.66686e-07 -0)
(1.53125e-05 7.81807e-05 -0)
(1.29118e-05 1.77775e-05 -0)
(3.26312e-06 1.80937e-06 -0)
(2.24182e-06 1.0998e-06 -0)
(8.74037e-07 2.08097e-08 -0)
(6.33577e-08 -9.29774e-09 -0)
(7.45105e-08 -2.02798e-08 -0)
(1.21359e-07 -3.7036e-08 -0)
(1.53888e-07 -2.09269e-08 -0)
(1.42306e-07 -1.33347e-08 -0)
(1.37108e-07 -1.23144e-08 -0)
(1.35494e-07 -1.22035e-08 -0)
(1.35277e-07 -1.23062e-08 -0)
(1.35698e-07 -1.28603e-08 -0)
(1.36301e-07 -1.34561e-08 -0)
(1.36983e-07 -1.51475e-08 -0)
(1.37553e-07 -1.74733e-08 -0)
(1.38757e-07 -2.35892e-08 -0)
(1.42813e-07 -3.40196e-08 -0)
(1.61691e-07 -6.00579e-08 -0)
(2.10975e-07 -8.06506e-08 -0)
(2.50416e-07 -1.96764e-08 -0)
(2.5799e-07 1.49217e-08 -0)
(2.62517e-07 3.82431e-08 -0)
(2.71017e-07 5.91789e-08 -0)
(2.85265e-07 8.10683e-08 -0)
(3.0793e-07 1.04437e-07 -0)
(3.45273e-07 1.27218e-07 -0)
(4.07983e-07 1.41016e-07 -0)
(4.98847e-07 1.10533e-07 -0)
(2.9484e-05 4.15983e-05 -0)
(5.26303e-05 2.80901e-05 -0)
(4.32718e-05 1.88734e-05 -0)
(3.25139e-05 7.23485e-06 -0)
(2.8638e-05 4.2038e-06 -0)
(1.9989e-05 2.34922e-06 -0)
(1.86803e-05 2.67046e-06 -0)
(2.25875e-06 2.80661e-07 -0)
(1.54916e-07 -1.37488e-09 -0)
(1.39422e-07 -4.60587e-09 -0)
(1.28629e-07 -5.29911e-09 -0)
(1.26699e-07 -5.72034e-09 -0)
(1.27884e-07 -5.99952e-09 -0)
(1.30285e-07 -6.47567e-09 -0)
(1.32204e-07 -6.7913e-09 -0)
(1.33838e-07 -7.78675e-09 -0)
(1.32964e-07 -8.84911e-09 -0)
(1.29059e-07 -1.23862e-08 -0)
(1.17167e-07 -1.85614e-08 -0)
(1.23172e-07 -3.82436e-08 -0)
(2.36088e-07 -8.14451e-08 -0)
(3.14135e-07 -6.41848e-09 -0)
(2.88472e-07 2.26877e-08 -0)
(2.82661e-07 3.71623e-08 -0)
(2.89555e-07 5.25307e-08 -0)
(3.03685e-07 6.94739e-08 -0)
(3.23667e-07 8.5654e-08 -0)
(3.50879e-07 9.57047e-08 -0)
(3.85563e-07 8.83903e-08 -0)
(4.18506e-07 4.59761e-08 -0)
(2.19153e-05 -4.1191e-06 -0)
(3.18442e-05 3.70195e-06 -0)
(5.54799e-05 1.47997e-05 -0)
(5.22412e-05 1.32138e-05 -0)
(6.0772e-05 1.27211e-05 -0)
(5.18197e-05 1.08385e-05 -0)
(5.60889e-05 1.45412e-05 -0)
(4.1859e-05 1.35327e-05 -0)
(3.87812e-05 3.61082e-06 -0)
(3.81974e-05 4.54465e-07 -0)
(3.8278e-05 -1.19447e-07 -0)
(3.88987e-05 -3.26692e-07 -0)
(3.95819e-05 -3.87585e-07 -0)
(4.09283e-05 -4.24172e-07 -0)
(4.11357e-05 -3.85485e-07 -0)
(4.32425e-05 -3.09349e-07 -0)
(4.14559e-05 -8.99895e-08 -0)
(4.4638e-05 5.133e-07 -0)
(3.59422e-05 1.83386e-06 -0)
(3.90632e-05 9.23273e-06 -0)
(2.81287e-06 5.30235e-07 -0)
(2.75953e-07 1.48969e-08 -0)
(2.17957e-07 1.18219e-08 -0)
(1.97033e-07 1.33142e-08 -0)
(1.97519e-07 1.68618e-08 -0)
(2.10331e-07 2.21581e-08 -0)
(2.24679e-07 2.7376e-08 -0)
(2.26611e-07 2.87253e-08 -0)
(2.51053e-07 2.63589e-08 -0)
(3.19817e-07 1.44545e-08 -0)
(3.28776e-06 -1.20449e-05 -0)
(7.52793e-06 -4.80408e-06 -0)
(2.12447e-05 -1.85665e-06 -0)
(2.95818e-05 2.82336e-06 -0)
(3.86851e-05 5.78163e-06 -0)
(4.44764e-05 8.41243e-06 -0)
(4.98092e-05 1.10696e-05 -0)
(5.70825e-05 1.24169e-05 -0)
(5.77136e-05 6.0991e-06 -0)
(5.82274e-05 1.54841e-06 -0)
(5.79101e-05 -4.22911e-07 -0)
(5.95249e-05 -1.21427e-06 -0)
(5.88493e-05 -1.52076e-06 -0)
(6.18878e-05 -1.63933e-06 -0)
(5.99076e-05 -1.52487e-06 -0)
(6.47308e-05 -1.11345e-06 -0)
(5.96533e-05 -1.67004e-07 -0)
(6.65764e-05 2.69501e-06 -0)
(5.46681e-05 6.85899e-06 -0)
(6.48234e-05 1.93483e-05 -0)
(4.95258e-05 2.21015e-05 -0)
(4.93975e-05 4.54554e-06 -0)
(4.94741e-05 2.32667e-07 -0)
(5.05311e-05 -6.82924e-07 -0)
(5.30457e-05 -1.20223e-06 -0)
(5.67331e-05 -1.6001e-06 -0)
(6.15517e-05 -1.82997e-06 -0)
(6.64754e-05 -1.74898e-06 -0)
(7.11923e-05 -1.31477e-06 -0)
(7.33823e-05 -5.08328e-07 -0)
(2.51148e-06 -1.68028e-05 -0)
(8.93255e-06 -1.30988e-05 -0)
(1.4437e-05 -7.6589e-06 -0)
(2.0816e-05 -3.63646e-06 -0)
(2.63218e-05 -3.59215e-07 -0)
(3.30759e-05 2.31053e-06 -0)
(3.84914e-05 4.24075e-06 -0)
(4.63016e-05 5.00838e-06 -0)
(5.04604e-05 3.39249e-06 -0)
(5.21881e-05 1.00708e-06 -0)
(5.28486e-05 -7.19531e-07 -0)
(5.36148e-05 -1.63046e-06 -0)
(5.39656e-05 -2.13921e-06 -0)
(5.50874e-05 -2.25825e-06 -0)
(5.52321e-05 -2.18126e-06 -0)
(5.66933e-05 -1.47029e-06 -0)
(5.60078e-05 -1.2943e-07 -0)
(5.78467e-05 3.06341e-06 -0)
(5.72154e-05 7.39031e-06 -0)
(6.26389e-05 1.34857e-05 -0)
(7.24137e-05 1.58251e-05 -0)
(7.45933e-05 6.04524e-06 -0)
(7.68868e-05 -3.37346e-07 -0)
(8.00718e-05 -3.70811e-06 -0)
(8.49006e-05 -6.02262e-06 -0)
(9.13115e-05 -8.01403e-06 -0)
(9.99353e-05 -9.42769e-06 -0)
(0.00010889 -9.43143e-06 -0)
(0.000118933 -7.27261e-06 -0)
(0.000123809 -2.7923e-06 -0)
(3.53978e-06 -2.43242e-05 -0)
(9.44843e-06 -1.81126e-05 -0)
(1.56218e-05 -1.35979e-05 -0)
(2.16475e-05 -9.20172e-06 -0)
(2.71456e-05 -5.45528e-06 -0)
(3.23366e-05 -2.61079e-06 -0)
(3.70548e-05 -7.20982e-07 -0)
(4.17105e-05 2.35621e-07 -0)
(4.52924e-05 2.82339e-07 -0)
(4.7629e-05 -5.00601e-07 -0)
(4.91157e-05 -1.52749e-06 -0)
(5.04601e-05 -2.3519e-06 -0)
(5.16649e-05 -2.90467e-06 -0)
(5.30209e-05 -3.11316e-06 -0)
(5.42829e-05 -2.97321e-06 -0)
(5.55676e-05 -2.21545e-06 -0)
(5.69224e-05 -7.56963e-07 -0)
(5.84729e-05 1.67699e-06 -0)
(6.19704e-05 4.43771e-06 -0)
(6.65807e-05 6.51154e-06 -0)
(7.63038e-05 6.17507e-06 -0)
(8.27569e-05 1.72267e-06 -0)
(8.77301e-05 -3.67538e-06 -0)
(9.38272e-05 -8.32812e-06 -0)
(0.000100582 -1.23274e-05 -0)
(0.000109752 -1.63407e-05 -0)
(0.000120234 -1.96089e-05 -0)
(0.000132709 -2.10897e-05 -0)
(0.000147142 -1.78242e-05 -0)
(0.000157576 -7.61205e-06 -0)
(4.36936e-06 -3.13562e-05 -0)
(1.21964e-05 -2.54563e-05 -0)
(1.95284e-05 -1.98516e-05 -0)
(2.62853e-05 -1.49245e-05 -0)
(3.23833e-05 -1.07255e-05 -0)
(3.77548e-05 -7.40292e-06 -0)
(4.25058e-05 -5.02864e-06 -0)
(4.66054e-05 -3.47907e-06 -0)
(5.01157e-05 -2.70158e-06 -0)
(5.29905e-05 -2.70458e-06 -0)
(5.52924e-05 -3.23806e-06 -0)
(5.73175e-05 -3.90889e-06 -0)
(5.91455e-05 -4.44925e-06 -0)
(6.09728e-05 -4.69521e-06 -0)
(6.2722e-05 -4.53638e-06 -0)
(6.46796e-05 -3.87406e-06 -0)
(6.68718e-05 -2.70325e-06 -0)
(7.00511e-05 -1.26996e-06 -0)
(7.4441e-05 -1.57488e-07 -0)
(8.07092e-05 -2.00793e-07 -0)
(8.817e-05 -1.84827e-06 -0)
(9.67164e-05 -5.34064e-06 -0)
(0.000103446 -1.02324e-05 -0)
(0.000112324 -1.57493e-05 -0)
(0.00011904 -2.0901e-05 -0)
(0.000129914 -2.67419e-05 -0)
(0.000137093 -3.14019e-05 -0)
(0.000150828 -3.60464e-05 -0)
(0.000162485 -3.3899e-05 -0)
(0.000180867 -1.88531e-05 -0)
(6.53654e-06 -4.18864e-05 -0)
(1.78458e-05 -3.31658e-05 -0)
(2.79612e-05 -2.69534e-05 -0)
(3.62467e-05 -2.14702e-05 -0)
(4.29467e-05 -1.66004e-05 -0)
(4.8396e-05 -1.25579e-05 -0)
(5.29666e-05 -9.48241e-06 -0)
(5.67921e-05 -7.316e-06 -0)
(6.01378e-05 -6.00645e-06 -0)
(6.29195e-05 -5.46731e-06 -0)
(6.52649e-05 -5.53349e-06 -0)
(6.71044e-05 -5.89061e-06 -0)
(6.87742e-05 -6.28051e-06 -0)
(7.02127e-05 -6.4904e-06 -0)
(7.18856e-05 -6.46401e-06 -0)
(7.37385e-05 -6.16797e-06 -0)
(7.64739e-05 -5.79153e-06 -0)
(8.00806e-05 -5.58844e-06 -0)
(8.52252e-05 -6.04271e-06 -0)
(9.14879e-05 -7.47704e-06 -0)
(9.87477e-05 -1.00849e-05 -0)
(0.000106552 -1.37288e-05 -0)
(0.000113724 -1.84164e-05 -0)
(0.000121457 -2.36331e-05 -0)
(0.000126466 -2.86374e-05 -0)
(0.000134597 -3.4177e-05 -0)
(0.000135653 -3.84535e-05 -0)
(0.000146902 -4.58561e-05 -0)
(0.000148458 -4.79917e-05 -0)
(0.000174297 -4.21064e-05 -0)
(1.25292e-05 -5.57872e-05 -0)
(3.44059e-05 -4.43155e-05 -0)
(4.69922e-05 -3.66484e-05 -0)
(5.40506e-05 -2.92144e-05 -0)
(5.84115e-05 -2.26084e-05 -0)
(6.14429e-05 -1.72963e-05 -0)
(6.38729e-05 -1.33355e-05 -0)
(6.58833e-05 -1.05366e-05 -0)
(6.76821e-05 -8.7233e-06 -0)
(6.91164e-05 -7.69795e-06 -0)
(7.03e-05 -7.29129e-06 -0)
(7.1056e-05 -7.27234e-06 -0)
(7.176e-05 -7.46185e-06 -0)
(7.23003e-05 -7.70032e-06 -0)
(7.33341e-05 -7.97785e-06 -0)
(7.46049e-05 -8.30194e-06 -0)
(7.71095e-05 -8.88251e-06 -0)
(8.00659e-05 -9.83116e-06 -0)
(8.48687e-05 -1.1496e-05 -0)
(8.95358e-05 -1.37608e-05 -0)
(9.62518e-05 -1.69609e-05 -0)
(0.000101355 -2.04048e-05 -0)
(0.000108744 -2.48079e-05 -0)
(0.000112431 -2.85581e-05 -0)
(0.000118654 -3.32184e-05 -0)
(0.00012057 -3.64856e-05 -0)
(0.000122942 -4.10596e-05 -0)
(0.000128507 -4.73489e-05 -0)
(0.000122646 -5.29165e-05 -0)
(0.000199068 -8.41418e-05 -0)
(8.91119e-05 -8.05339e-05 -0)
(8.08465e-05 -6.38694e-05 -0)
(7.4373e-05 -4.60444e-05 -0)
(6.95192e-05 -3.30171e-05 -0)
(6.63491e-05 -2.42106e-05 -0)
(6.45278e-05 -1.82038e-05 -0)
(6.3706e-05 -1.40668e-05 -0)
(6.3452e-05 -1.12161e-05 -0)
(6.3559e-05 -9.32209e-06 -0)
(6.37541e-05 -8.14644e-06 -0)
(6.39902e-05 -7.54357e-06 -0)
(6.41864e-05 -7.37928e-06 -0)
(6.44699e-05 -7.55801e-06 -0)
(6.49879e-05 -8.01594e-06 -0)
(6.59184e-05 -8.73417e-06 -0)
(6.75478e-05 -9.77767e-06 -0)
(6.99114e-05 -1.11969e-05 -0)
(7.32891e-05 -1.31457e-05 -0)
(7.74554e-05 -1.56119e-05 -0)
(8.24046e-05 -1.86701e-05 -0)
(8.79965e-05 -2.21617e-05 -0)
(9.32859e-05 -2.58628e-05 -0)
(9.96085e-05 -2.98095e-05 -0)
(0.000102661 -3.2885e-05 -0)
(0.000109429 -3.68788e-05 -0)
(0.000105631 -3.79775e-05 -0)
(0.000115887 -4.49742e-05 -0)
(0.00010021 -4.67292e-05 -0)
(0.000121924 -8.98199e-05 -0)
(7.08355e-05 -0.00020488 -0)
(7.99854e-05 -5.05822e-05 -0)
(6.45649e-05 -3.85292e-05 -0)
(5.66783e-05 -2.95576e-05 -0)
(5.37903e-05 -2.31977e-05 -0)
(5.33689e-05 -1.85914e-05 -0)
(5.39828e-05 -1.51362e-05 -0)
(5.50368e-05 -1.2505e-05 -0)
(5.61489e-05 -1.05089e-05 -0)
(5.73138e-05 -9.08126e-06 -0)
(5.83204e-05 -8.14099e-06 -0)
(5.9383e-05 -7.68421e-06 -0)
(6.03104e-05 -7.65561e-06 -0)
(6.14789e-05 -8.07954e-06 -0)
(6.27137e-05 -8.91144e-06 -0)
(6.44586e-05 -1.02146e-05 -0)
(6.65651e-05 -1.19764e-05 -0)
(6.93015e-05 -1.42689e-05 -0)
(7.2647e-05 -1.70894e-05 -0)
(7.63099e-05 -2.03432e-05 -0)
(8.07574e-05 -2.40636e-05 -0)
(8.46529e-05 -2.7736e-05 -0)
(8.96817e-05 -3.16816e-05 -0)
(9.22866e-05 -3.44649e-05 -0)
(9.68384e-05 -3.74356e-05 -0)
(9.46657e-05 -3.75154e-05 -0)
(9.60281e-05 -3.98855e-05 -0)
(8.72696e-05 -4.01988e-05 -0)
(8.13508e-05 -4.78562e-05 -0)
(6.42069e-05 -5.1859e-05 -0)
(9.15815e-06 -1.99423e-05 -0)
(8.54188e-05 -4.02668e-05 -0)
(7.91193e-05 -3.77301e-05 -0)
(7.56155e-05 -3.33786e-05 -0)
(7.36955e-05 -2.82186e-05 -0)
(7.25353e-05 -2.32769e-05 -0)
(7.1766e-05 -1.90754e-05 -0)
(7.1177e-05 -1.56937e-05 -0)
(7.06975e-05 -1.3099e-05 -0)
(7.03296e-05 -1.12056e-05 -0)
(6.99623e-05 -9.95084e-06 -0)
(6.97262e-05 -9.29219e-06 -0)
(6.93991e-05 -9.19576e-06 -0)
(6.92893e-05 -9.66857e-06 -0)
(6.90397e-05 -1.0675e-05 -0)
(6.92049e-05 -1.22684e-05 -0)
(6.92521e-05 -1.43594e-05 -0)
(7.0014e-05 -1.70481e-05 -0)
(7.07365e-05 -2.00991e-05 -0)
(7.24916e-05 -2.36555e-05 -0)
(7.42028e-05 -2.72486e-05 -0)
(7.70896e-05 -3.10638e-05 -0)
(7.89628e-05 -3.40529e-05 -0)
(8.1755e-05 -3.66649e-05 -0)
(8.0647e-05 -3.64825e-05 -0)
(7.81164e-05 -3.53412e-05 -0)
(7.2291e-05 -3.29742e-05 -0)
(6.20078e-05 -3.05397e-05 -0)
(5.025e-05 -3.05314e-05 -0)
(2.85231e-05 -2.68684e-05 -0)
(1.13791e-05 -3.3716e-05 -0)
(8.74022e-05 -3.17837e-05 -0)
(8.01005e-05 -2.97315e-05 -0)
(7.36797e-05 -2.61669e-05 -0)
(6.86827e-05 -2.20694e-05 -0)
(6.49687e-05 -1.8189e-05 -0)
(6.24149e-05 -1.49325e-05 -0)
(6.05245e-05 -1.23126e-05 -0)
(5.92884e-05 -1.03436e-05 -0)
(5.82725e-05 -8.89353e-06 -0)
(5.76652e-05 -7.97905e-06 -0)
(5.70544e-05 -7.5035e-06 -0)
(5.67648e-05 -7.54303e-06 -0)
(5.63956e-05 -8.03783e-06 -0)
(5.63823e-05 -9.12158e-06 -0)
(5.64124e-05 -1.07534e-05 -0)
(5.6972e-05 -1.30975e-05 -0)
(5.79223e-05 -1.60957e-05 -0)
(5.96098e-05 -1.98281e-05 -0)
(6.18718e-05 -2.40777e-05 -0)
(6.48645e-05 -2.86742e-05 -0)
(6.74168e-05 -3.26774e-05 -0)
(7.0063e-05 -3.59414e-05 -0)
(7.01684e-05 -3.64604e-05 -0)
(6.57721e-05 -3.36798e-05 -0)
(5.99936e-05 -2.98988e-05 -0)
(5.18684e-05 -2.47463e-05 -0)
(4.07164e-05 -1.88728e-05 -0)
(3.06346e-05 -1.71633e-05 -0)
(1.77034e-05 -1.42276e-05 -0)
(4.38937e-06 -3.88318e-06 -0)
(8.81028e-05 -2.48261e-05 -0)
(8.21663e-05 -2.36652e-05 -0)
(7.7122e-05 -2.17466e-05 -0)
(7.33012e-05 -1.93376e-05 -0)
(7.04645e-05 -1.67513e-05 -0)
(6.85658e-05 -1.43321e-05 -0)
(6.70794e-05 -1.22016e-05 -0)
(6.61887e-05 -1.0517e-05 -0)
(6.52718e-05 -9.21825e-06 -0)
(6.48631e-05 -8.42126e-06 -0)
(6.4129e-05 -8.02065e-06 -0)
(6.39682e-05 -8.19847e-06 -0)
(6.32353e-05 -8.83437e-06 -0)
(6.32194e-05 -1.02389e-05 -0)
(6.24782e-05 -1.22228e-05 -0)
(6.26047e-05 -1.5226e-05 -0)
(6.21189e-05 -1.88215e-05 -0)
(6.23786e-05 -2.33123e-05 -0)
(6.25465e-05 -2.79842e-05 -0)
(6.27779e-05 -3.23633e-05 -0)
(6.28962e-05 -3.56528e-05 -0)
(6.27193e-05 -3.68224e-05 -0)
(5.73804e-05 -3.27528e-05 -0)
(4.82927e-05 -2.67551e-05 -0)
(4.14193e-05 -2.23457e-05 -0)
(3.12328e-05 -1.57833e-05 -0)
(2.16561e-05 -9.62315e-06 -0)
(1.74374e-05 -5.32075e-06 -0)
(7.37621e-07 -3.97386e-07 -0)
(1.30448e-07 -1.52864e-07 -0)
(8.8645e-05 -1.91415e-05 -0)
(8.36187e-05 -1.8459e-05 -0)
(7.90126e-05 -1.72674e-05 -0)
(7.50483e-05 -1.5651e-05 -0)
(7.16849e-05 -1.37912e-05 -0)
(6.90297e-05 -1.19407e-05 -0)
(6.67468e-05 -1.02461e-05 -0)
(6.50687e-05 -8.86382e-06 -0)
(6.33911e-05 -7.78304e-06 -0)
(6.23147e-05 -7.11324e-06 -0)
(6.08155e-05 -6.76602e-06 -0)
(6.00734e-05 -6.92082e-06 -0)
(5.83741e-05 -7.43055e-06 -0)
(5.77624e-05 -8.66585e-06 -0)
(5.55314e-05 -1.0308e-05 -0)
(5.49549e-05 -1.31037e-05 -0)
(5.22586e-05 -1.61608e-05 -0)
(5.19869e-05 -2.0765e-05 -0)
(5.01784e-05 -2.49844e-05 -0)
(5.02834e-05 -2.98065e-05 -0)
(5.04212e-05 -3.3114e-05 -0)
(4.86466e-05 -3.21103e-05 -0)
(3.89953e-05 -2.35126e-05 -0)
(3.04026e-05 -1.71769e-05 -0)
(2.23244e-05 -1.44059e-05 -0)
(9.43719e-06 -2.72301e-06 -0)
(2.86829e-07 -1.01881e-07 -0)
(1.93664e-07 -1.13766e-07 -0)
(7.52888e-08 -1.38563e-07 -0)
(3.58943e-08 -2.40191e-07 -0)
(8.89971e-05 -1.42504e-05 -0)
(8.45209e-05 -1.38285e-05 -0)
(8.03082e-05 -1.30786e-05 -0)
(7.65067e-05 -1.20343e-05 -0)
(7.31869e-05 -1.07995e-05 -0)
(7.04147e-05 -9.50954e-06 -0)
(6.80409e-05 -8.2935e-06 -0)
(6.61628e-05 -7.25618e-06 -0)
(6.43998e-05 -6.44704e-06 -0)
(6.31131e-05 -5.92857e-06 -0)
(6.15485e-05 -5.69528e-06 -0)
(6.05965e-05 -5.84743e-06 -0)
(5.87931e-05 -6.3454e-06 -0)
(5.7983e-05 -7.45903e-06 -0)
(5.54238e-05 -9.03294e-06 -0)
(5.46902e-05 -1.18215e-05 -0)
(5.09489e-05 -1.50344e-05 -0)
(5.07303e-05 -2.0561e-05 -0)
(4.64281e-05 -2.49906e-05 -0)
(4.65192e-05 -3.13787e-05 -0)
(4.37312e-05 -3.29489e-05 -0)
(3.70569e-05 -2.70778e-05 -0)
(2.25509e-05 -1.58405e-05 -0)
(1.82033e-05 -5.71458e-06 -0)
(2.01897e-07 -4.75167e-08 -0)
(2.72772e-07 -5.58565e-08 -0)
(1.88091e-07 -9.97464e-08 -0)
(1.48067e-07 -1.77089e-07 -0)
(8.22756e-08 -1.65545e-07 -0)
(2.88296e-08 -1.75462e-07 -0)
(8.92182e-05 -9.86919e-06 -0)
(8.50973e-05 -9.61293e-06 -0)
(8.11824e-05 -9.15428e-06 -0)
(7.75182e-05 -8.50358e-06 -0)
(7.42569e-05 -7.7253e-06 -0)
(7.13471e-05 -6.8794e-06 -0)
(6.88718e-05 -6.06966e-06 -0)
(6.66868e-05 -5.34562e-06 -0)
(6.48138e-05 -4.78938e-06 -0)
(6.31139e-05 -4.40757e-06 -0)
(6.15044e-05 -4.26528e-06 -0)
(5.99996e-05 -4.35967e-06 -0)
(5.82088e-05 -4.77262e-06 -0)
(5.65994e-05 -5.56444e-06 -0)
(5.39596e-05 -6.83906e-06 -0)
(5.19421e-05 -8.93336e-06 -0)
(4.73582e-05 -1.17032e-05 -0)
(4.50086e-05 -1.64212e-05 -0)
(3.74835e-05 -2.01174e-05 -0)
(3.67655e-05 -2.71165e-05 -0)
(2.87407e-05 -2.49704e-05 -0)
(1.6964e-05 -1.52761e-05 -0)
(1.76262e-07 -4.64302e-08 -0)
(2.50034e-07 -2.79676e-08 -0)
(2.05995e-07 1.49473e-09 -0)
(2.08547e-07 -7.72552e-08 -0)
(1.69981e-07 -8.43969e-08 -0)
(1.27865e-07 -1.09925e-07 -0)
(7.69164e-08 -1.15968e-07 -0)
(2.5978e-08 -1.20654e-07 -0)
(8.93477e-05 -5.8057e-06 -0)
(8.54431e-05 -5.66742e-06 -0)
(8.17127e-05 -5.41813e-06 -0)
(7.81509e-05 -5.06155e-06 -0)
(7.49424e-05 -4.63272e-06 -0)
(7.19731e-05 -4.15676e-06 -0)
(6.94475e-05 -3.6962e-06 -0)
(6.70872e-05 -3.27243e-06 -0)
(6.51565e-05 -2.94934e-06 -0)
(6.32006e-05 -2.7175e-06 -0)
(6.15948e-05 -2.64432e-06 -0)
(5.97212e-05 -2.6936e-06 -0)
(5.80364e-05 -2.97232e-06 -0)
(5.58468e-05 -3.43362e-06 -0)
(5.34396e-05 -4.28486e-06 -0)
(5.04065e-05 -5.5293e-06 -0)
(4.60204e-05 -7.55855e-06 -0)
(4.15363e-05 -1.07942e-05 -0)
(3.27821e-05 -1.46917e-05 -0)
(2.92219e-05 -2.17697e-05 -0)
(1.42459e-05 -1.49264e-05 -0)
(1.35576e-07 -2.35414e-08 -0)
(2.54416e-07 1.26085e-08 -0)
(2.27665e-07 -3.46244e-08 -0)
(2.05141e-07 -2.08986e-08 -0)
(1.8688e-07 -4.05929e-08 -0)
(1.55422e-07 -5.10337e-08 -0)
(1.16496e-07 -6.22458e-08 -0)
(7.15468e-08 -6.77471e-08 -0)
(2.41438e-08 -7.05314e-08 -0)
(8.94071e-05 -1.91667e-06 -0)
(8.56064e-05 -1.87296e-06 -0)
(8.19621e-05 -1.79373e-06 -0)
(7.84566e-05 -1.68018e-06 -0)
(7.52746e-05 -1.54318e-06 -0)
(7.22876e-05 -1.3899e-06 -0)
(6.97347e-05 -1.24062e-06 -0)
(6.72958e-05 -1.10147e-06 -0)
(6.53303e-05 -9.95756e-07 -0)
(6.32443e-05 -9.17903e-07 -0)
(6.16474e-05 -8.96157e-07 -0)
(5.95527e-05 -9.0997e-07 -0)
(5.79848e-05 -1.01049e-06 -0)
(5.53646e-05 -1.15621e-06 -0)
(5.33112e-05 -1.46262e-06 -0)
(4.93482e-05 -1.84716e-06 -0)
(4.58106e-05 -2.62005e-06 -0)
(3.88864e-05 -3.65095e-06 -0)
(3.11942e-05 -5.98128e-06 -0)
(1.81984e-05 -8.67614e-06 -0)
(8.29796e-08 -2.56943e-08 -0)
(2.13258e-07 2.44597e-08 -0)
(2.21887e-07 2.70838e-09 -0)
(2.16526e-07 -8.06954e-09 -0)
(2.00027e-07 -8.43048e-09 -0)
(1.78412e-07 -1.31844e-08 -0)
(1.48328e-07 -1.68993e-08 -0)
(1.11152e-07 -2.02778e-08 -0)
(6.86309e-08 -2.22436e-08 -0)
(2.31937e-08 -2.31937e-08 -0)
)
;

boundaryField
{
    inlet1
    {
        type            extrapolatedCalculated;
        value           nonuniform List<vector> 10((1e-05 7.08612e-06 -0) (1e-05 1.98463e-05 -0) (1e-05 4.3029e-05 -0) (1e-05 6.97637e-05 -0) (1e-05 9.05969e-05 -0) (1e-05 0.000108709 -0) (1e-05 0.000116802 -0) (1e-05 0.000115492 -0) (1e-05 0.000103859 -0) (1e-05 8.67117e-05 -0));
    }
    inlet2
    {
        type            extrapolatedCalculated;
        value           nonuniform List<vector> 10((-0 7.06289e-05 -0) (-0 7.81807e-05 -0) (-0 4.15983e-05 -0) (-0 -4.1191e-06 -0) (-0 -1.20449e-05 -0) (-0 -1.68028e-05 -0) (-0 -2.43242e-05 -0) (-0 -3.13562e-05 -0) (-0 -4.18864e-05 -0) (-0 -5.57872e-05 -0));
    }
    inlet3
    {
        type            extrapolatedCalculated;
        value           nonuniform List<vector> 10((9.13394e-05 -6.92389e-05 -0) (9.13394e-05 -5.34716e-05 -0) (9.13394e-05 -4.10511e-05 -0) (9.13394e-05 -3.20728e-05 -0) (9.13394e-05 -2.50194e-05 -0) (9.13394e-05 -1.92463e-05 -0) (9.13394e-05 -1.43056e-05 -0) (9.13394e-05 -9.89759e-06 -0) (9.13394e-05 -5.81912e-06 -0) (9.13394e-05 -1.92062e-06 -0));
    }
    output1
    {
        type            extrapolatedCalculated;
        value           nonuniform List<vector> 10((-0 9.94806e-09 -0) (-0 3.02052e-08 -0) (-0 5.15965e-08 -0) (-0 7.50651e-08 -0) (-0 1.01903e-07 -0) (-0 1.34085e-07 -0) (-0 1.74996e-07 -0) (-0 2.31192e-07 -0) (-0 3.1725e-07 -0) (-0 4.70779e-07 -0));
    }
    output2
    {
        type            extrapolatedCalculated;
        value           nonuniform List<vector> 10((8.74634e-07 3.66686e-07 -0) (5.50421e-07 1.10533e-07 -0) (4.325e-07 4.59761e-08 -0) (3.21603e-07 1.44545e-08 -0) (7.38232e-05 -5.08328e-07 -0) (0.000124803 -2.7923e-06 -0) (0.000159632 -7.61205e-06 -0) (0.000186738 -1.88531e-05 -0) (0.000193682 -4.21064e-05 -0) (0.000272537 -8.41418e-05 -0));
    }
    output3
    {
        type            extrapolatedCalculated;
        value           nonuniform List<vector> 10((-0 -0.00020488 -0) (-0 -1.99423e-05 -0) (-0 -3.3716e-05 -0) (-0 -3.88318e-06 -0) (-0 -1.52864e-07 -0) (-0 -2.40191e-07 -0) (-0 -1.75462e-07 -0) (-0 -1.20654e-07 -0) (-0 -7.05314e-08 -0) (-0 -2.31937e-08 -0));
    }
    up
    {
        type            extrapolatedCalculated;
        value           nonuniform List<vector> 
30
(
(8.94071e-05 -0 -0)
(8.56064e-05 -0 -0)
(8.19621e-05 -0 -0)
(7.84566e-05 -0 -0)
(7.52746e-05 -0 -0)
(7.22876e-05 -0 -0)
(6.97347e-05 -0 -0)
(6.72958e-05 -0 -0)
(6.53303e-05 -0 -0)
(6.32443e-05 -0 -0)
(6.16474e-05 -0 -0)
(5.95527e-05 -0 -0)
(5.79848e-05 -0 -0)
(5.53646e-05 -0 -0)
(5.33112e-05 -0 -0)
(4.93482e-05 -0 -0)
(4.58106e-05 -0 -0)
(3.88864e-05 -0 -0)
(3.11942e-05 -0 -0)
(1.81984e-05 -0 -0)
(8.29796e-08 -0 -0)
(2.13258e-07 -0 -0)
(2.21887e-07 -0 -0)
(2.16526e-07 -0 -0)
(2.00027e-07 -0 -0)
(1.78412e-07 -0 -0)
(1.48328e-07 -0 -0)
(1.11152e-07 -0 -0)
(6.86309e-08 -0 -0)
(2.31937e-08 -0 -0)
)
;
    }
    down
    {
        type            extrapolatedCalculated;
        value           nonuniform List<vector> 
30
(
(1.37173e-06 -0 -0)
(2.31368e-06 -0 -0)
(6.2836e-07 -0 -0)
(1.5471e-07 -0 -0)
(8.03747e-08 -0 -0)
(1.51773e-07 -0 -0)
(1.43766e-07 -0 -0)
(1.39341e-07 -0 -0)
(1.36668e-07 -0 -0)
(1.35168e-07 -0 -0)
(1.34432e-07 -0 -0)
(1.34162e-07 -0 -0)
(1.34139e-07 -0 -0)
(1.34194e-07 -0 -0)
(1.34187e-07 -0 -0)
(1.33981e-07 -0 -0)
(1.33434e-07 -0 -0)
(1.32383e-07 -0 -0)
(1.30642e-07 -0 -0)
(1.27997e-07 -0 -0)
(1.24211e-07 -0 -0)
(1.19033e-07 -0 -0)
(1.12211e-07 -0 -0)
(1.0352e-07 -0 -0)
(9.27827e-08 -0 -0)
(7.99048e-08 -0 -0)
(6.49119e-08 -0 -0)
(4.79843e-08 -0 -0)
(2.94829e-08 -0 -0)
(9.94783e-09 -0 -0)
)
;
    }
    emptyWalls
    {
        type            empty;
    }
}


// ************************************************************************* //
