/*--------------------------------*- C++ -*----------------------------------*\
  =========                 |
  \\      /  F ield         | OpenFOAM: The Open Source CFD Toolbox
   \\    /   O peration     | Website:  https://openfoam.org
    \\  /    A nd           | Version:  9
     \\/     M anipulation  |
\*---------------------------------------------------------------------------*/
FoamFile
{
    format      ascii;
    class       volScalarField;
    location    "17000";
    object      alpha;
}
// * * * * * * * * * * * * * * * * * * * * * * * * * * * * * * * * * * * * * //

dimensions      [0 2 -1 0 0 0 0];

internalField   nonuniform List<scalar> 
900
(
-2.8843e-10
-4.18136e-11
-2.37029e-12
-4.73108e-13
-4.02639e-14
-4.0652e-14
-4.0652e-14
-4.0652e-14
-4.0652e-14
-4.0652e-14
-4.0652e-14
-4.0652e-14
-4.0652e-14
-4.0652e-14
-4.0652e-14
-4.0652e-14
-4.0652e-14
-4.0652e-14
-4.0652e-14
-4.0652e-14
-4.0652e-14
-4.0652e-14
-4.0652e-14
-4.0652e-14
-4.0652e-14
-4.0652e-14
-4.0652e-14
-4.0652e-14
-4.0652e-14
-4.0652e-14
-9.92639e-11
-1.14508e-11
-2.63082e-11
-1.3199e-11
-3.81875e-14
-4.0652e-14
-4.0652e-14
-4.0652e-14
-4.0652e-14
-4.0652e-14
-4.0652e-14
-4.0652e-14
-4.0652e-14
-4.0652e-14
-4.0652e-14
-4.0652e-14
-4.0652e-14
-4.0652e-14
-4.0652e-14
-4.0652e-14
-4.0652e-14
-4.0652e-14
-4.0652e-14
-4.0652e-14
-4.0652e-14
-4.0652e-14
-4.0652e-14
-4.0652e-14
-4.0652e-14
-4.0652e-14
-2.00021e-10
-2.49805e-11
-4.32102e-11
-5.37542e-14
-4.06419e-14
-4.0652e-14
-4.0652e-14
-4.0652e-14
-4.0652e-14
-4.0652e-14
-4.0652e-14
-4.0652e-14
-4.0652e-14
-4.0652e-14
-4.0652e-14
-4.0652e-14
-4.0652e-14
-4.0652e-14
-4.0652e-14
-4.0652e-14
-4.0652e-14
-4.0652e-14
-4.0652e-14
-4.0652e-14
-4.0652e-14
-4.0652e-14
-4.0652e-14
-4.0652e-14
-4.0652e-14
-4.0652e-14
-1.47723e-10
-3.17651e-11
-1.66926e-11
-2.89336e-14
-4.06504e-14
-4.0652e-14
-4.0652e-14
-4.0652e-14
-4.0652e-14
-4.0652e-14
-4.0652e-14
-4.0652e-14
-4.0652e-14
-4.0652e-14
-4.0652e-14
-4.0652e-14
-4.0652e-14
-4.0652e-14
-4.0652e-14
-4.0652e-14
-4.0652e-14
-4.0652e-14
-4.0652e-14
-4.0652e-14
-4.0652e-14
-4.0652e-14
-4.0652e-14
-4.0652e-14
-4.0652e-14
-4.0652e-14
-1.99562e-10
-2.89231e-11
-9.82597e-12
-2.6898e-14
-4.06519e-14
-4.0652e-14
-4.0652e-14
-4.0652e-14
-4.0652e-14
-4.0652e-14
-4.0652e-14
-4.0652e-14
-4.0652e-14
-4.0652e-14
-4.0652e-14
-4.0652e-14
-4.0652e-14
-4.0652e-14
-4.0652e-14
-4.0652e-14
-4.0652e-14
-4.0652e-14
-4.0652e-14
-4.0652e-14
-4.0652e-14
-4.0652e-14
-4.0652e-14
-4.0652e-14
-4.0652e-14
-4.0652e-14
-1.51457e-10
-3.78371e-11
-9.07144e-12
-3.3267e-14
-4.0652e-14
-4.0652e-14
-4.0652e-14
-4.0652e-14
-4.0652e-14
-4.0652e-14
-4.0652e-14
-4.0652e-14
-4.0652e-14
-4.0652e-14
-4.0652e-14
-4.0652e-14
-4.0652e-14
-4.0652e-14
-4.0652e-14
-4.0652e-14
-4.0652e-14
-4.0652e-14
-4.0652e-14
-4.0652e-14
-4.0652e-14
-4.0652e-14
-4.0652e-14
-4.0652e-14
-4.0652e-14
-4.0652e-14
-1.8948e-10
-3.68124e-11
-8.1569e-12
-3.83563e-14
-4.0652e-14
-4.0652e-14
-4.0652e-14
-4.0652e-14
-4.0652e-14
-4.0652e-14
-4.0652e-14
-4.0652e-14
-4.0652e-14
-4.0652e-14
-4.0652e-14
-4.0652e-14
-4.0652e-14
-4.0652e-14
-4.0652e-14
-4.0652e-14
-4.0652e-14
-4.0652e-14
-4.0652e-14
-4.0652e-14
-4.0652e-14
-4.0652e-14
-4.0652e-14
-4.0652e-14
-4.0652e-14
-4.0652e-14
-1.61211e-10
-4.54097e-11
-1.11621e-11
-4.0034e-14
-4.0652e-14
-4.0652e-14
-4.0652e-14
-4.0652e-14
-4.0652e-14
-4.0652e-14
-4.0652e-14
-4.0652e-14
-4.0652e-14
-4.0652e-14
-4.0652e-14
-4.0652e-14
-4.0652e-14
-4.0652e-14
-4.0652e-14
-4.0652e-14
-4.0652e-14
-4.0652e-14
-4.0652e-14
-4.0652e-14
-4.0652e-14
-4.0652e-14
-4.0652e-14
-4.0652e-14
-4.0652e-14
-4.0652e-14
-2.16555e-10
-2.97696e-11
-7.00324e-14
-4.06511e-14
-4.0652e-14
-4.0652e-14
-4.0652e-14
-4.0652e-14
-4.0652e-14
-4.0652e-14
-4.0652e-14
-4.0652e-14
-4.0652e-14
-4.0652e-14
-4.0652e-14
-4.0652e-14
-4.0652e-14
-4.0652e-14
-4.0652e-14
-4.0652e-14
-4.0652e-14
-4.0652e-14
-4.0652e-14
-4.0652e-14
-4.0652e-14
-4.0652e-14
-4.0652e-14
-4.0652e-14
-4.0652e-14
-4.0652e-14
-2.27897e-10
-3.25656e-11
-2.86453e-14
-4.06519e-14
-4.0652e-14
-4.0652e-14
-4.0652e-14
-4.0652e-14
-4.0652e-14
-4.0652e-14
-4.0652e-14
-4.0652e-14
-4.0652e-14
-4.0652e-14
-4.0652e-14
-4.0652e-14
-4.0652e-14
-4.0652e-14
-4.0652e-14
-4.0652e-14
-4.0652e-14
-4.0652e-14
-4.0652e-14
-4.0652e-14
-4.0652e-14
-4.0652e-14
-4.0652e-14
-4.0652e-14
-4.0652e-14
-4.0652e-14
-3.36401e-10
-4.40019e-11
-4.52483e-12
-3.67343e-14
-4.0652e-14
-4.0652e-14
-4.0652e-14
-4.0652e-14
-4.0652e-14
-4.0652e-14
-4.0652e-14
-4.0652e-14
-4.0652e-14
-4.0652e-14
-4.0652e-14
-4.0652e-14
-4.0652e-14
-4.0652e-14
-4.0652e-14
-4.0652e-14
-4.0652e-14
-4.0652e-14
-4.0652e-14
-4.0652e-14
-4.0652e-14
-4.0652e-14
-4.0652e-14
-4.0652e-14
-4.0652e-14
-4.0652e-14
-4.07865e-10
-4.3872e-11
-1.17166e-11
-7.05417e-12
-2.74722e-14
-4.05776e-14
-4.0652e-14
-4.0652e-14
-4.0652e-14
-4.0652e-14
-4.0652e-14
-4.0652e-14
-4.0652e-14
-4.0652e-14
-4.0652e-14
-4.0652e-14
-4.0652e-14
-4.0652e-14
-4.0652e-14
-4.0652e-14
-4.0652e-14
-4.0652e-14
-4.0652e-14
-4.0652e-14
-4.0652e-14
-4.0652e-14
-4.0652e-14
-4.0652e-14
-4.0652e-14
-4.0652e-14
-9.28148e-10
-1.5105e-10
-1.10477e-11
-4.47952e-12
-1.66838e-12
-1.24313e-12
-3.33265e-14
-4.06518e-14
-4.06518e-14
-4.06518e-14
-4.0652e-14
-4.0652e-14
-4.0652e-14
-4.0652e-14
-4.0652e-14
-4.0652e-14
-4.0652e-14
-4.0652e-14
-4.0652e-14
-4.0652e-14
-4.0652e-14
-4.0652e-14
-4.0652e-14
-4.0652e-14
-4.0652e-14
-4.0652e-14
-4.0652e-14
-4.0652e-14
-4.0652e-14
-4.0652e-14
-1.24683e-09
-3.80496e-10
-1.2464e-10
-5.52142e-11
-3.24986e-11
-2.54631e-11
-2.13517e-11
-1.93983e-11
-1.44734e-11
-1.24987e-11
-2.6572e-14
-4.06353e-14
-4.05339e-14
-4.02658e-14
-4.02981e-14
-4.06099e-14
-4.06518e-14
-4.06519e-14
-4.06519e-14
-4.0652e-14
-4.0652e-14
-4.0652e-14
-4.0652e-14
-4.0652e-14
-4.0652e-14
-4.0652e-14
-4.0652e-14
-4.0652e-14
-4.0652e-14
-4.0652e-14
-5.06848e-10
-1.48002e-10
-8.44418e-11
-5.77979e-11
-4.13335e-11
-3.69566e-11
-3.13568e-11
-3.13861e-11
-2.38558e-11
-2.10977e-11
-1.06346e-11
-8.65853e-12
-8.32257e-12
-8.45922e-12
-8.46956e-12
-8.948e-12
-9.21735e-12
-9.19971e-12
-9.85408e-12
-3.70399e-14
-2.64608e-14
-2.80616e-14
-3.46717e-14
-5.66349e-14
-1.48182e-13
-4.0425e-13
-5.10014e-13
-2.51548e-13
-6.31382e-14
-2.88063e-14
-3.60175e-11
-2.91148e-11
-2.75117e-11
-2.55446e-11
-2.26356e-11
-2.14212e-11
-1.94395e-11
-1.9152e-11
-1.74642e-11
-1.67312e-11
-1.58596e-11
-1.38329e-11
-1.29829e-11
-1.29123e-11
-1.31381e-11
-1.31798e-11
-1.36929e-11
-1.19488e-11
-1.10168e-11
-6.55714e-12
-5.72005e-12
-5.74744e-12
-5.96504e-12
-6.27553e-12
-6.65849e-12
-7.01373e-12
-7.25351e-12
-7.37864e-12
-7.60067e-12
-7.67166e-12
-2.58041e-11
-2.23684e-11
-1.91422e-11
-1.78216e-11
-1.66624e-11
-1.56821e-11
-1.47044e-11
-1.41045e-11
-1.38613e-11
-1.37682e-11
-1.4479e-11
-1.40919e-11
-1.36525e-11
-1.36043e-11
-1.37166e-11
-1.36934e-11
-1.3468e-11
-1.2522e-11
-1.1721e-11
-1.12281e-11
-1.0307e-11
-1.02517e-11
-1.05555e-11
-1.09844e-11
-1.13297e-11
-1.15616e-11
-1.18152e-11
-1.21469e-11
-1.27203e-11
-1.30075e-11
-1.73916e-11
-1.61038e-11
-1.63211e-11
-1.66086e-11
-1.66512e-11
-1.64135e-11
-1.6023e-11
-1.5557e-11
-1.52793e-11
-1.51572e-11
-1.53476e-11
-1.53734e-11
-1.53506e-11
-1.54014e-11
-1.54671e-11
-1.53713e-11
-1.50603e-11
-1.46755e-11
-1.43144e-11
-1.45116e-11
-1.4385e-11
-1.44858e-11
-1.46995e-11
-1.50465e-11
-1.51441e-11
-1.52587e-11
-1.50355e-11
-1.49256e-11
-1.47379e-11
-1.50576e-11
-1.62535e-11
-1.63518e-11
-1.75683e-11
-1.87398e-11
-1.94303e-11
-1.96705e-11
-1.96296e-11
-1.94923e-11
-1.94043e-11
-1.93926e-11
-1.9456e-11
-1.9539e-11
-1.95276e-11
-1.94018e-11
-1.91764e-11
-1.88577e-11
-1.85261e-11
-1.83494e-11
-1.83447e-11
-1.85759e-11
-1.86081e-11
-1.85589e-11
-1.83295e-11
-1.82016e-11
-1.77406e-11
-1.74962e-11
-1.65423e-11
-1.56931e-11
-1.37264e-11
-1.27247e-11
-1.57176e-11
-1.85696e-11
-2.13036e-11
-2.27483e-11
-2.32266e-11
-2.32235e-11
-2.30549e-11
-2.28536e-11
-2.27102e-11
-2.25798e-11
-2.24493e-11
-2.22239e-11
-2.1858e-11
-2.13062e-11
-2.07084e-11
-2.01228e-11
-1.97275e-11
-1.94851e-11
-1.94518e-11
-1.93453e-11
-1.91641e-11
-1.86563e-11
-1.81005e-11
-1.74043e-11
-1.66934e-11
-1.60441e-11
-1.50013e-11
-1.43792e-11
-1.12468e-11
-9.49927e-12
-2.27218e-11
-2.72304e-11
-2.71448e-11
-2.56676e-11
-2.42939e-11
-2.33007e-11
-2.26171e-11
-2.21378e-11
-2.17814e-11
-2.14504e-11
-2.11035e-11
-2.06711e-11
-2.01694e-11
-1.9623e-11
-1.91216e-11
-1.87387e-11
-1.84848e-11
-1.83285e-11
-1.8191e-11
-1.78887e-11
-1.74949e-11
-1.67396e-11
-1.6119e-11
-1.50922e-11
-1.45968e-11
-1.32805e-11
-1.29669e-11
-1.16683e-11
-1.407e-11
-1.84035e-11
-1.84396e-11
-1.7402e-11
-1.73119e-11
-1.75099e-11
-1.78164e-11
-1.81478e-11
-1.84829e-11
-1.87476e-11
-1.89817e-11
-1.90894e-11
-1.91741e-11
-1.91091e-11
-1.90616e-11
-1.89103e-11
-1.87977e-11
-1.86554e-11
-1.84438e-11
-1.82057e-11
-1.7689e-11
-1.70683e-11
-1.61132e-11
-1.5129e-11
-1.39393e-11
-1.27961e-11
-1.19288e-11
-1.07115e-11
-9.7499e-12
-8.9237e-12
-7.97954e-12
-3.04549e-12
-1.91273e-11
-1.9653e-11
-2.07945e-11
-2.17816e-11
-2.24237e-11
-2.2696e-11
-2.28081e-11
-2.26955e-11
-2.2565e-11
-2.21874e-11
-2.18732e-11
-2.12578e-11
-2.08319e-11
-2.01052e-11
-1.96644e-11
-1.89625e-11
-1.83774e-11
-1.75598e-11
-1.64487e-11
-1.51419e-11
-1.35592e-11
-1.22783e-11
-1.06728e-11
-9.34035e-12
-8.47084e-12
-7.14907e-12
-6.40258e-12
-4.51109e-12
-3.78902e-12
-4.94916e-12
-1.93325e-11
-1.90722e-11
-1.89663e-11
-1.8902e-11
-1.88899e-11
-1.88045e-11
-1.87703e-11
-1.86284e-11
-1.85784e-11
-1.83425e-11
-1.82875e-11
-1.79505e-11
-1.79841e-11
-1.75818e-11
-1.77242e-11
-1.714e-11
-1.69473e-11
-1.58163e-11
-1.43096e-11
-1.23658e-11
-1.03306e-11
-8.95045e-12
-7.29079e-12
-6.40013e-12
-4.53246e-12
-3.91138e-12
-4.37199e-12
-4.06033e-14
-4.06518e-14
-4.0652e-14
-1.93617e-11
-1.91481e-11
-1.91635e-11
-1.9308e-11
-1.9619e-11
-1.98463e-11
-2.01642e-11
-2.0269e-11
-2.05115e-11
-2.04245e-11
-2.05582e-11
-2.0192e-11
-2.01721e-11
-1.94058e-11
-1.91991e-11
-1.77645e-11
-1.72154e-11
-1.4599e-11
-1.21208e-11
-9.28089e-12
-7.21989e-12
-4.85999e-12
-4.03449e-12
-4.57989e-12
-3.71999e-14
-4.06519e-14
-4.0652e-14
-4.0652e-14
-4.0652e-14
-4.0652e-14
-1.94104e-11
-1.92563e-11
-1.92264e-11
-1.92223e-11
-1.93533e-11
-1.93944e-11
-1.95747e-11
-1.95347e-11
-1.96984e-11
-1.9479e-11
-1.95289e-11
-1.89757e-11
-1.87448e-11
-1.78273e-11
-1.72185e-11
-1.57112e-11
-1.46207e-11
-1.06078e-11
-8.18378e-12
-4.7993e-12
-4.39577e-12
-3.14984e-14
-4.0652e-14
-4.0652e-14
-4.0652e-14
-4.0652e-14
-4.0652e-14
-4.0652e-14
-4.0652e-14
-4.0652e-14
-1.94443e-11
-1.93256e-11
-1.92941e-11
-1.92559e-11
-1.93632e-11
-1.93832e-11
-1.96185e-11
-1.96062e-11
-1.99557e-11
-1.97938e-11
-2.02126e-11
-1.96357e-11
-1.98285e-11
-1.85182e-11
-1.76743e-11
-1.56315e-11
-1.20166e-11
-6.11739e-12
-5.66083e-12
-2.68807e-14
-4.0652e-14
-4.0652e-14
-4.0652e-14
-4.0652e-14
-4.0652e-14
-4.0652e-14
-4.0652e-14
-4.0652e-14
-4.0652e-14
-4.0652e-14
-1.94637e-11
-1.93759e-11
-1.93477e-11
-1.93078e-11
-1.93837e-11
-1.93905e-11
-1.96036e-11
-1.96012e-11
-1.99955e-11
-1.98682e-11
-2.05031e-11
-1.98518e-11
-2.04648e-11
-1.80082e-11
-1.73948e-11
-1.32483e-11
-6.70363e-12
-4.22612e-14
-4.06519e-14
-4.0652e-14
-4.0652e-14
-4.0652e-14
-4.0652e-14
-4.0652e-14
-4.0652e-14
-4.0652e-14
-4.0652e-14
-4.0652e-14
-4.0652e-14
-4.0652e-14
-1.94749e-11
-1.94075e-11
-1.93821e-11
-1.93497e-11
-1.9404e-11
-1.94181e-11
-1.95999e-11
-1.96417e-11
-2.00224e-11
-2.00277e-11
-2.07525e-11
-2.04346e-11
-2.15737e-11
-1.89084e-11
-1.89237e-11
-8.69784e-12
-3.57737e-14
-4.06519e-14
-4.0652e-14
-4.0652e-14
-4.0652e-14
-4.0652e-14
-4.0652e-14
-4.0652e-14
-4.0652e-14
-4.0652e-14
-4.0652e-14
-4.0652e-14
-4.0652e-14
-4.0652e-14
-1.94769e-11
-1.9428e-11
-1.93913e-11
-1.93839e-11
-1.93988e-11
-1.94642e-11
-1.95596e-11
-1.97314e-11
-1.99373e-11
-2.02648e-11
-2.0636e-11
-2.11709e-11
-2.17308e-11
-2.18343e-11
-2.0786e-11
-1.3458e-12
-4.06068e-14
-4.0652e-14
-4.0652e-14
-4.0652e-14
-4.0652e-14
-4.0652e-14
-4.0652e-14
-4.0652e-14
-4.0652e-14
-4.0652e-14
-4.0652e-14
-4.0652e-14
-4.0652e-14
-4.0652e-14
)
;

boundaryField
{
    inlet1
    {
        type            calculated;
        value           uniform -5e-10;
    }
    inlet2
    {
        type            calculated;
        value           nonuniform List<scalar> 10(-3.36401e-10 -4.07865e-10 -9.28148e-10 -1.24683e-09 -5.06848e-10 -3.60175e-11 -2.58041e-11 -1.73916e-11 -1.62535e-11 -1.57176e-11);
    }
    inlet3
    {
        type            calculated;
        value           uniform -1.95111e-11;
    }
    output1
    {
        type            calculated;
        value           nonuniform List<scalar> 10(-4.0652e-14 -4.0652e-14 -4.0652e-14 -4.0652e-14 -4.0652e-14 -4.0652e-14 -4.0652e-14 -4.0652e-14 -4.0652e-14 -4.0652e-14);
    }
    output2
    {
        type            calculated;
        value           nonuniform List<scalar> 10(-4.0652e-14 -4.0652e-14 -4.0652e-14 -4.0652e-14 -2.88063e-14 -7.67166e-12 -1.30075e-11 -1.50576e-11 -1.27247e-11 -9.49927e-12);
    }
    output3
    {
        type            calculated;
        value           nonuniform List<scalar> 10(-1.84035e-11 -3.04549e-12 -4.94916e-12 -4.0652e-14 -4.0652e-14 -4.0652e-14 -4.0652e-14 -4.0652e-14 -4.0652e-14 -4.0652e-14);
    }
    up
    {
        type            calculated;
        value           nonuniform List<scalar> 
30
(
-1.94769e-11
-1.9428e-11
-1.93913e-11
-1.93839e-11
-1.93988e-11
-1.94642e-11
-1.95596e-11
-1.97314e-11
-1.99373e-11
-2.02648e-11
-2.0636e-11
-2.11709e-11
-2.17308e-11
-2.18343e-11
-2.0786e-11
-1.3458e-12
-4.06068e-14
-4.0652e-14
-4.0652e-14
-4.0652e-14
-4.0652e-14
-4.0652e-14
-4.0652e-14
-4.0652e-14
-4.0652e-14
-4.0652e-14
-4.0652e-14
-4.0652e-14
-4.0652e-14
-4.0652e-14
)
;
    }
    down
    {
        type            calculated;
        value           nonuniform List<scalar> 
30
(
-2.8843e-10
-4.18136e-11
-2.37029e-12
-4.73108e-13
-4.02639e-14
-4.0652e-14
-4.0652e-14
-4.0652e-14
-4.0652e-14
-4.0652e-14
-4.0652e-14
-4.0652e-14
-4.0652e-14
-4.0652e-14
-4.0652e-14
-4.0652e-14
-4.0652e-14
-4.0652e-14
-4.0652e-14
-4.0652e-14
-4.0652e-14
-4.0652e-14
-4.0652e-14
-4.0652e-14
-4.0652e-14
-4.0652e-14
-4.0652e-14
-4.0652e-14
-4.0652e-14
-4.0652e-14
)
;
    }
    emptyWalls
    {
        type            empty;
    }
}


// ************************************************************************* //
