/*--------------------------------*- C++ -*----------------------------------*\
  =========                 |
  \\      /  F ield         | OpenFOAM: The Open Source CFD Toolbox
   \\    /   O peration     | Website:  https://openfoam.org
    \\  /    A nd           | Version:  9
     \\/     M anipulation  |
\*---------------------------------------------------------------------------*/
FoamFile
{
    format      ascii;
    class       volScalarField;
    location    "17000";
    object      fw;
}
// * * * * * * * * * * * * * * * * * * * * * * * * * * * * * * * * * * * * * //

dimensions      [0 0 0 0 0 0 0];

internalField   nonuniform List<scalar> 
900
(
0.999949
0.977823
0.289339
0.0448182
6.87515e-09
4.7991e-09
4.7991e-09
4.7991e-09
4.7991e-09
4.7991e-09
4.7991e-09
4.7991e-09
4.7991e-09
4.7991e-09
4.7991e-09
4.7991e-09
4.7991e-09
4.7991e-09
4.7991e-09
4.7991e-09
4.7991e-09
4.7991e-09
4.7991e-09
4.7991e-09
4.7991e-09
4.7991e-09
4.7991e-09
4.7991e-09
4.7991e-09
4.7991e-09
0.996923
0.811204
0.947412
0.844285
3.89359e-08
4.7991e-09
4.7991e-09
4.7991e-09
4.7991e-09
4.7991e-09
4.7991e-09
4.7991e-09
4.7991e-09
4.7991e-09
4.7991e-09
4.7991e-09
4.7991e-09
4.7991e-09
4.7991e-09
4.7991e-09
4.7991e-09
4.7991e-09
4.7991e-09
4.7991e-09
4.7991e-09
4.7991e-09
4.7991e-09
4.7991e-09
4.7991e-09
4.7991e-09
0.999683
0.942474
0.97923
0.00219045
4.84517e-09
4.7991e-09
4.7991e-09
4.7991e-09
4.7991e-09
4.7991e-09
4.7991e-09
4.7991e-09
4.7991e-09
4.7991e-09
4.7991e-09
4.7991e-09
4.7991e-09
4.7991e-09
4.7991e-09
4.7991e-09
4.7991e-09
4.7991e-09
4.7991e-09
4.7991e-09
4.7991e-09
4.7991e-09
4.7991e-09
4.7991e-09
4.7991e-09
4.7991e-09
0.999045
0.962492
0.889431
0.000378577
4.80637e-09
4.7991e-09
4.7991e-09
4.7991e-09
4.7991e-09
4.7991e-09
4.7991e-09
4.7991e-09
4.7991e-09
4.7991e-09
4.7991e-09
4.7991e-09
4.7991e-09
4.7991e-09
4.7991e-09
4.7991e-09
4.7991e-09
4.7991e-09
4.7991e-09
4.7991e-09
4.7991e-09
4.7991e-09
4.7991e-09
4.7991e-09
4.7991e-09
4.7991e-09
0.99968
0.95553
0.770645
4.91312e-05
4.79972e-09
4.7991e-09
4.7991e-09
4.7991e-09
4.7991e-09
4.7991e-09
4.7991e-09
4.7991e-09
4.7991e-09
4.7991e-09
4.7991e-09
4.7991e-09
4.7991e-09
4.7991e-09
4.7991e-09
4.7991e-09
4.7991e-09
4.7991e-09
4.7991e-09
4.7991e-09
4.7991e-09
4.7991e-09
4.7991e-09
4.7991e-09
4.7991e-09
4.7991e-09
0.99912
0.973028
0.747507
1.0377e-06
4.79911e-09
4.7991e-09
4.7991e-09
4.7991e-09
4.7991e-09
4.7991e-09
4.7991e-09
4.7991e-09
4.7991e-09
4.7991e-09
4.7991e-09
4.7991e-09
4.7991e-09
4.7991e-09
4.7991e-09
4.7991e-09
4.7991e-09
4.7991e-09
4.7991e-09
4.7991e-09
4.7991e-09
4.7991e-09
4.7991e-09
4.7991e-09
4.7991e-09
4.7991e-09
0.999607
0.971565
0.714793
3.41633e-08
4.7991e-09
4.7991e-09
4.7991e-09
4.7991e-09
4.7991e-09
4.7991e-09
4.7991e-09
4.7991e-09
4.7991e-09
4.7991e-09
4.7991e-09
4.7991e-09
4.7991e-09
4.7991e-09
4.7991e-09
4.7991e-09
4.7991e-09
4.7991e-09
4.7991e-09
4.7991e-09
4.7991e-09
4.7991e-09
4.7991e-09
4.7991e-09
4.7991e-09
4.7991e-09
0.999288
0.981211
0.804787
8.45675e-09
4.7991e-09
4.7991e-09
4.7991e-09
4.7991e-09
4.7991e-09
4.7991e-09
4.7991e-09
4.7991e-09
4.7991e-09
4.7991e-09
4.7991e-09
4.7991e-09
4.7991e-09
4.7991e-09
4.7991e-09
4.7991e-09
4.7991e-09
4.7991e-09
4.7991e-09
4.7991e-09
4.7991e-09
4.7991e-09
4.7991e-09
4.7991e-09
4.7991e-09
4.7991e-09
0.999774
0.95778
0.00343266
4.80329e-09
4.7991e-09
4.7991e-09
4.7991e-09
4.7991e-09
4.7991e-09
4.7991e-09
4.7991e-09
4.7991e-09
4.7991e-09
4.7991e-09
4.7991e-09
4.7991e-09
4.7991e-09
4.7991e-09
4.7991e-09
4.7991e-09
4.7991e-09
4.7991e-09
4.7991e-09
4.7991e-09
4.7991e-09
4.7991e-09
4.7991e-09
4.7991e-09
4.7991e-09
4.7991e-09
0.99982
0.964177
0.0003552
4.79972e-09
4.7991e-09
4.7991e-09
4.7991e-09
4.7991e-09
4.7991e-09
4.7991e-09
4.7991e-09
4.7991e-09
4.7991e-09
4.7991e-09
4.7991e-09
4.7991e-09
4.7991e-09
4.7991e-09
4.7991e-09
4.7991e-09
4.7991e-09
4.7991e-09
4.7991e-09
4.7991e-09
4.7991e-09
4.7991e-09
4.7991e-09
4.7991e-09
4.7991e-09
4.79911e-09
0.999983
0.979975
0.506909
1.13011e-07
4.79911e-09
4.7991e-09
4.7991e-09
4.7991e-09
4.7991e-09
4.7991e-09
4.7991e-09
4.7991e-09
4.7991e-09
4.7991e-09
4.7991e-09
4.7991e-09
4.7991e-09
4.7991e-09
4.7991e-09
4.7991e-09
4.7991e-09
4.7991e-09
4.7991e-09
4.7991e-09
4.7991e-09
4.7991e-09
4.7991e-09
4.7991e-09
4.79909e-09
4.79909e-09
0.999998
0.979855
0.816847
0.666902
3.07976e-05
5.14673e-09
4.7991e-09
4.7991e-09
4.7991e-09
4.7991e-09
4.7991e-09
4.7991e-09
4.7991e-09
4.7991e-09
4.7991e-09
4.7991e-09
4.7991e-09
4.7991e-09
4.7991e-09
4.7991e-09
4.7991e-09
4.7991e-09
4.7991e-09
4.7991e-09
4.7991e-09
4.7991e-09
4.7991e-09
4.7991e-09
4.7991e-09
4.7991e-09
1.00003
0.999112
0.802161
0.503211
0.200352
0.143904
1.00174e-06
4.80004e-09
4.80025e-09
4.80028e-09
4.7991e-09
4.7991e-09
4.7991e-09
4.7991e-09
4.7991e-09
4.7991e-09
4.7991e-09
4.7991e-09
4.7991e-09
4.7991e-09
4.7991e-09
4.7991e-09
4.7991e-09
4.7991e-09
4.7991e-09
4.7991e-09
4.7991e-09
4.7991e-09
4.7991e-09
4.7991e-09
1.00007
0.999995
0.998378
0.987521
0.964039
0.944342
0.925093
0.912501
0.86339
0.832115
7.28001e-05
4.87529e-09
5.36144e-09
6.8634e-09
6.6642e-09
4.99328e-09
4.80004e-09
4.79995e-09
4.7999e-09
4.79924e-09
4.79916e-09
4.79916e-09
4.7991e-09
4.7991e-09
4.7991e-09
4.7991e-09
4.7991e-09
4.7991e-09
4.7991e-09
4.7991e-09
1
0.999051
0.995332
0.988701
0.977309
0.971778
0.96159
0.961656
0.937761
0.923608
0.792236
0.733428
0.721144
0.726235
0.726615
0.74341
0.752232
0.751667
0.771448
0.000974478
0.000102351
0.000306102
0.000804696
0.00240591
0.0100978
0.0368218
0.0492042
0.0201821
0.00289929
1.31783e-05
0.970354
0.956054
0.951387
0.944649
0.932004
0.925492
0.912797
0.910702
0.896822
0.889818
0.880566
0.854237
0.840668
0.83946
0.843277
0.843968
0.852119
0.821581
0.801442
0.64165
0.592901
0.594632
0.608045
0.626174
0.647007
0.664941
0.676345
0.682084
0.691926
0.694984
0.94561
0.930643
0.91063
0.900008
0.889126
0.878547
0.866489
0.858222
0.854661
0.853264
0.863466
0.858042
0.8515
0.850756
0.852481
0.852126
0.848624
0.832542
0.816938
0.806281
0.783853
0.782389
0.790254
0.800683
0.808549
0.813586
0.81888
0.825482
0.83611
0.841085
0.896158
0.883268
0.885598
0.88858
0.889013
0.886569
0.882384
0.877093
0.873777
0.872278
0.874604
0.874914
0.87464
0.875251
0.876034
0.874889
0.87107
0.866107
0.861196
0.863909
0.862177
0.863558
0.866425
0.870896
0.872116
0.873525
0.870757
0.869363
0.86693
0.871036
0.884881
0.885923
0.897764
0.907571
0.912731
0.914429
0.914143
0.913174
0.912544
0.912459
0.912915
0.913506
0.913425
0.912526
0.910883
0.908482
0.905886
0.904459
0.904421
0.906282
0.906537
0.906147
0.904296
0.903241
0.899298
0.897114
0.887903
0.878673
0.852629
0.836187
0.878954
0.906233
0.924815
0.932567
0.934883
0.934868
0.934065
0.933087
0.932377
0.931723
0.931059
0.929891
0.927933
0.92483
0.92125
0.917501
0.914825
0.913122
0.912884
0.912118
0.910792
0.906918
0.902396
0.896274
0.889438
0.882616
0.870326
0.862096
0.806702
0.761012
0.932435
0.950497
0.950221
0.945107
0.93966
0.935232
0.931911
0.929437
0.927514
0.925659
0.923642
0.921018
0.917809
0.914097
0.910476
0.907562
0.905555
0.904288
0.903154
0.900589
0.897102
0.889902
0.883434
0.871469
0.865059
0.845618
0.840396
0.81584
0.857724
0.904899
0.905192
0.896253
0.895421
0.897237
0.899962
0.902793
0.90554
0.907632
0.909427
0.910237
0.910865
0.910384
0.910029
0.908885
0.90802
0.90691
0.905225
0.903276
0.898843
0.893122
0.88337
0.871927
0.855818
0.837444
0.82118
0.794135
0.768452
0.742593
0.707766
0.367029
0.910519
0.914307
0.92178
0.927514
0.930928
0.932307
0.932863
0.932304
0.931648
0.929699
0.928016
0.924549
0.922009
0.917385
0.914387
0.909282
0.904687
0.897688
0.886936
0.872087
0.850056
0.828003
0.793183
0.756118
0.726661
0.671445
0.633266
0.505792
0.442423
0.539906
0.912025
0.910108
0.90931
0.908822
0.908729
0.908073
0.907808
0.906698
0.906302
0.904403
0.903952
0.901121
0.901409
0.897886
0.899153
0.893806
0.891953
0.880078
0.861129
0.829652
0.784472
0.743493
0.67807
0.633131
0.507528
0.453823
0.494298
0.00122984
4.80012e-09
4.7991e-09
0.912237
0.910673
0.910788
0.911847
0.914069
0.915642
0.917775
0.91846
0.920017
0.919464
0.920312
0.917957
0.917826
0.912555
0.91105
0.899508
0.894518
0.865087
0.824975
0.75425
0.674779
0.533211
0.465013
0.511356
0.000985934
4.79995e-09
4.7991e-09
4.7991e-09
4.7991e-09
4.7991e-09
0.912588
0.91147
0.911251
0.911221
0.912176
0.912473
0.913757
0.913475
0.914623
0.913079
0.913434
0.909382
0.90761
0.900057
0.894547
0.878881
0.865378
0.791567
0.715837
0.528582
0.496286
2.874e-06
4.7991e-09
4.7991e-09
4.7991e-09
4.7991e-09
4.7991e-09
4.7991e-09
4.7991e-09
4.7991e-09
0.912831
0.911975
0.911747
0.911467
0.912248
0.912392
0.914065
0.913979
0.916385
0.915282
0.918092
0.914186
0.915521
0.905823
0.898712
0.877962
0.822931
0.617085
0.589123
4.99653e-05
4.79912e-09
4.7991e-09
4.7991e-09
4.7991e-09
4.7991e-09
4.7991e-09
4.7991e-09
4.7991e-09
4.7991e-09
4.7991e-09
0.91297
0.912339
0.912136
0.911846
0.912396
0.912445
0.91396
0.913944
0.916652
0.915791
0.919963
0.91568
0.919721
0.901615
0.896187
0.845093
0.649357
0.0013491
4.79994e-09
4.7991e-09
4.7991e-09
4.7991e-09
4.7991e-09
4.7991e-09
4.7991e-09
4.7991e-09
4.7991e-09
4.7991e-09
4.7991e-09
4.7991e-09
0.91305
0.912567
0.912384
0.91215
0.912542
0.912643
0.913935
0.914228
0.916833
0.916868
0.921522
0.919528
0.926358
0.90887
0.908987
0.734816
0.000883792
4.79959e-09
4.7991e-09
4.7991e-09
4.7991e-09
4.7991e-09
4.7991e-09
4.7991e-09
4.7991e-09
4.7991e-09
4.7991e-09
4.7991e-09
4.7991e-09
4.7991e-09
0.913064
0.912714
0.91245
0.912397
0.912505
0.912973
0.913651
0.914852
0.916261
0.918433
0.920799
0.924041
0.927234
0.927804
0.921728
0.1576
5.0078e-09
4.7991e-09
4.7991e-09
4.7991e-09
4.7991e-09
4.7991e-09
4.7991e-09
4.7991e-09
4.7991e-09
4.7991e-09
4.7991e-09
4.7991e-09
4.7991e-09
4.7991e-09
)
;

boundaryField
{
    inlet1
    {
        type            calculated;
        value           uniform 1;
    }
    inlet2
    {
        type            calculated;
        value           nonuniform List<scalar> 10(0.999983 0.999998 1.00003 1.00007 1 0.970354 0.94561 0.896158 0.884881 0.878954);
    }
    inlet3
    {
        type            calculated;
        value           uniform 0.913307;
    }
    output1
    {
        type            calculated;
        value           nonuniform List<scalar> 10(4.7991e-09 4.7991e-09 4.7991e-09 4.7991e-09 4.7991e-09 4.7991e-09 4.7991e-09 4.7991e-09 4.7991e-09 4.79911e-09);
    }
    output2
    {
        type            calculated;
        value           nonuniform List<scalar> 10(4.79909e-09 4.7991e-09 4.7991e-09 4.7991e-09 1.31783e-05 0.694984 0.841085 0.871036 0.836187 0.761012);
    }
    output3
    {
        type            calculated;
        value           nonuniform List<scalar> 10(0.904899 0.367029 0.539906 4.7991e-09 4.7991e-09 4.7991e-09 4.7991e-09 4.7991e-09 4.7991e-09 4.7991e-09);
    }
    up
    {
        type            calculated;
        value           nonuniform List<scalar> 
30
(
0.913064
0.912714
0.91245
0.912397
0.912505
0.912973
0.913651
0.914852
0.916261
0.918433
0.920799
0.924041
0.927234
0.927804
0.921728
0.1576
5.0078e-09
4.7991e-09
4.7991e-09
4.7991e-09
4.7991e-09
4.7991e-09
4.7991e-09
4.7991e-09
4.7991e-09
4.7991e-09
4.7991e-09
4.7991e-09
4.7991e-09
4.7991e-09
)
;
    }
    down
    {
        type            calculated;
        value           nonuniform List<scalar> 
30
(
0.999949
0.977823
0.289339
0.0448182
6.87515e-09
4.7991e-09
4.7991e-09
4.7991e-09
4.7991e-09
4.7991e-09
4.7991e-09
4.7991e-09
4.7991e-09
4.7991e-09
4.7991e-09
4.7991e-09
4.7991e-09
4.7991e-09
4.7991e-09
4.7991e-09
4.7991e-09
4.7991e-09
4.7991e-09
4.7991e-09
4.7991e-09
4.7991e-09
4.7991e-09
4.7991e-09
4.7991e-09
4.7991e-09
)
;
    }
    emptyWalls
    {
        type            empty;
    }
}


// ************************************************************************* //
