/*--------------------------------*- C++ -*----------------------------------*\
  =========                 |
  \\      /  F ield         | OpenFOAM: The Open Source CFD Toolbox
   \\    /   O peration     | Website:  https://openfoam.org
    \\  /    A nd           | Version:  9
     \\/     M anipulation  |
\*---------------------------------------------------------------------------*/
FoamFile
{
    format      ascii;
    class       surfaceScalarField;
    location    "17000";
    object      phi;
}
// * * * * * * * * * * * * * * * * * * * * * * * * * * * * * * * * * * * * * //

dimensions      [0 3 -1 0 0 0 0];

internalField   nonuniform List<scalar> 
1740
(
3.29317e-08
6.3063e-08
8.10346e-09
9.91588e-09
1.82717e-09
8.61956e-09
1.46092e-09
6.76395e-10
1.51655e-09
1.09669e-10
1.89492e-09
1.17554e-10
1.83581e-09
7.34002e-11
1.79532e-09
3.88613e-11
1.77602e-09
1.57815e-11
1.77219e-09
1.00923e-12
1.77817e-09
-8.07073e-12
1.78966e-09
-1.30959e-11
1.80336e-09
-1.50212e-11
1.81655e-09
-1.4374e-11
1.8268e-09
-1.14016e-11
1.83176e-09
-6.15462e-12
1.82904e-09
1.45634e-12
1.81605e-09
1.16115e-11
1.79005e-09
2.4531e-11
1.74809e-09
4.04223e-11
1.68712e-09
5.94299e-11
1.60407e-09
8.15848e-11
1.49608e-09
1.06743e-10
1.36073e-09
1.34504e-10
1.19642e-09
1.64101e-10
1.00284e-09
1.94279e-10
7.81482e-10
2.23211e-10
5.36086e-10
2.48522e-10
2.72826e-10
2.67536e-10
2.77797e-10
1.55489e-08
1.54083e-07
9.36183e-09
1.83855e-08
9.01342e-09
2.39423e-08
3.11214e-09
6.98834e-10
1.58096e-09
5.34194e-10
1.96964e-09
2.64082e-10
1.81954e-09
1.37187e-10
1.77412e-09
6.62639e-11
1.76057e-09
2.32555e-11
1.76237e-09
-3.67378e-12
1.77265e-09
-2.01962e-11
1.78746e-09
-2.92915e-11
1.80388e-09
-3.26145e-11
1.81949e-09
-3.10723e-11
1.83208e-09
-2.50762e-11
1.83946e-09
-1.46714e-11
1.83929e-09
3.70851e-13
1.82907e-09
2.04616e-11
1.80601e-09
4.60922e-11
1.76711e-09
7.77288e-11
1.70919e-09
1.15713e-10
1.62902e-09
1.60168e-10
1.52345e-09
2.10887e-10
1.38969e-09
2.67176e-10
1.22569e-09
3.27622e-10
1.03062e-09
3.89805e-10
8.05516e-10
4.50045e-10
5.53954e-10
5.03348e-10
2.82395e-10
5.43826e-10
5.65852e-10
2.51694e-08
2.33988e-07
5.75635e-09
3.84569e-08
2.9476e-09
2.73649e-08
9.87386e-10
4.01623e-11
1.49698e-09
5.32389e-10
1.69474e-09
2.7569e-10
1.71577e-09
1.45e-10
1.72105e-09
6.57515e-11
1.72977e-09
1.46498e-11
1.74405e-09
-1.87641e-11
1.76263e-09
-3.97493e-11
1.78364e-09
-5.12595e-11
1.80519e-09
-5.50735e-11
1.82545e-09
-5.22244e-11
1.84259e-09
-4.31592e-11
1.85469e-09
-2.78254e-11
1.85962e-09
-5.76281e-12
1.85492e-09
2.37719e-11
1.8378e-09
6.16467e-11
1.80514e-09
1.08686e-10
1.75352e-09
1.65524e-10
1.67936e-09
2.32486e-10
1.579e-09
3.09462e-10
1.4489e-09
3.95692e-10
1.28604e-09
4.89403e-10
1.08842e-09
5.87271e-10
8.56014e-10
6.83817e-10
5.91817e-10
7.71e-10
3.02793e-10
8.3856e-10
8.75932e-10
1.51589e-08
3.16662e-07
1.12981e-09
5.41032e-08
5.29473e-10
2.21002e-08
9.72881e-10
5.19992e-11
1.48059e-09
2.4398e-10
1.56382e-09
1.78435e-10
1.62782e-09
1.01372e-10
1.66452e-09
3.70911e-11
1.69343e-09
-1.16445e-11
1.72143e-09
-4.62839e-11
1.75016e-09
-6.87785e-11
1.77928e-09
-8.09246e-11
1.8078e-09
-8.41968e-11
1.83453e-09
-7.95935e-11
1.85814e-09
-6.75115e-11
1.87711e-09
-4.77089e-11
1.88957e-09
-1.93691e-11
1.89319e-09
1.87406e-11
1.88514e-09
6.80334e-11
1.86212e-09
1.29842e-10
1.8204e-09
2.05208e-10
1.75591e-09
2.94789e-10
1.66428e-09
3.98781e-10
1.54088e-09
5.16726e-10
1.38113e-09
6.47022e-10
1.18101e-09
7.86056e-10
9.38307e-10
9.26958e-10
6.54507e-10
1.05827e-09
3.36958e-10
1.16348e-09
1.22339e-09
2.05621e-08
3.89406e-07
1.74844e-09
7.67249e-08
8.41697e-10
2.20674e-08
1.00096e-09
7.29852e-11
1.47565e-09
1.06891e-10
1.50314e-09
9.27502e-11
1.5672e-09
4.49591e-11
1.61578e-09
-7.11571e-12
1.658e-09
-5.20363e-11
1.69809e-09
-8.59498e-11
1.7373e-09
-1.08158e-10
1.77553e-09
-1.19465e-10
1.81221e-09
-1.21197e-10
1.84672e-09
-1.14442e-10
1.87833e-09
-9.95851e-11
1.90604e-09
-7.61308e-11
1.92835e-09
-4.27469e-11
1.94312e-09
2.52426e-12
1.94746e-09
6.19024e-11
1.9378e-09
1.37436e-10
1.91005e-09
2.30678e-10
1.85961e-09
3.4268e-10
1.78131e-09
4.74149e-10
1.66923e-09
6.25407e-10
1.51659e-09
7.95899e-10
1.31617e-09
9.8297e-10
1.0617e-09
1.17969e-09
7.5094e-10
1.37164e-09
3.90535e-10
1.53369e-09
1.63075e-09
2.06617e-08
4.65183e-07
4.11134e-09
9.81893e-08
1.20346e-09
2.22098e-08
1.0543e-09
9.34337e-11
1.46171e-09
6.44531e-11
1.47145e-09
4.07223e-11
1.52204e-09
-7.17099e-12
1.5734e-09
-5.84783e-11
1.6247e-09
-1.03436e-10
1.67562e-09
-1.37322e-10
1.72543e-09
-1.58438e-10
1.77331e-09
-1.67579e-10
1.8188e-09
-1.66685e-10
1.86183e-09
-1.57394e-10
1.90243e-09
-1.40257e-10
1.94036e-09
-1.14484e-10
1.97468e-09
-7.8014e-11
2.00349e-09
-2.7802e-11
2.02376e-09
3.96147e-11
2.03158e-09
1.2732e-10
2.02239e-09
2.37386e-10
1.99117e-09
3.71107e-10
1.93214e-09
5.29723e-10
1.83813e-09
7.1485e-10
1.69984e-09
9.28194e-10
1.5054e-09
1.17024e-09
1.24136e-09
1.43719e-09
8.97019e-10
1.7149e-09
4.74243e-10
1.96891e-09
2.13516e-09
2.12929e-08
5.40642e-07
3.69712e-09
1.21253e-07
1.28427e-09
2.49629e-08
1.06952e-09
2.18783e-10
1.42756e-09
9.13713e-11
1.4337e-09
1.28573e-11
1.47612e-09
-5.58878e-11
1.53107e-09
-1.16191e-10
1.59178e-09
-1.65908e-10
1.65426e-09
-2.01465e-10
1.71548e-09
-2.2069e-10
1.77348e-09
-2.25729e-10
1.82785e-09
-2.2057e-10
1.87935e-09
-2.08195e-10
1.92919e-09
-1.89563e-10
1.97828e-09
-1.63534e-10
2.02654e-09
-1.27024e-10
2.07238e-09
-7.53352e-11
2.11252e-09
-2.96365e-12
2.14236e-09
9.48434e-11
2.15677e-09
2.20441e-10
2.15055e-09
3.74637e-10
2.11793e-09
5.58784e-10
2.0513e-09
7.76072e-10
1.93924e-09
1.03178e-09
1.76424e-09
1.3326e-09
1.50131e-09
1.68394e-09
1.12154e-09
2.08185e-09
6.09416e-10
2.49188e-09
2.80584e-09
3.54018e-09
6.36936e-07
-3.17046e-09
1.22157e-07
5.62226e-10
1.44744e-08
1.05566e-09
3.68918e-10
1.37286e-09
1.06193e-10
1.37007e-09
-2.47772e-11
1.41765e-09
-1.13046e-10
1.48299e-09
-1.84487e-10
1.55707e-09
-2.4254e-10
1.63418e-09
-2.81939e-10
1.70874e-09
-2.9713e-10
1.77729e-09
-2.94077e-10
1.83977e-09
-2.8167e-10
1.89854e-09
-2.65252e-10
1.95672e-09
-2.46269e-10
2.01704e-09
-2.23066e-10
2.08081e-09
-1.91214e-10
2.14698e-09
-1.43553e-10
2.21159e-09
-7.09787e-11
2.26858e-09
3.45737e-11
2.31179e-09
1.74899e-10
2.33632e-09
3.48213e-10
2.33773e-09
5.54701e-10
2.30991e-09
7.98871e-10
2.24158e-09
1.09027e-09
2.111e-09
1.44443e-09
1.87811e-09
1.88412e-09
1.4784e-09
2.4367e-09
8.41887e-10
3.1109e-09
3.79049e-09
-6.88168e-09
7.44424e-07
-8.01016e-09
1.07124e-07
5.73751e-10
1.97891e-10
9.28368e-10
2.07126e-10
1.15761e-09
-2.20699e-13
1.25879e-09
-1.05112e-10
1.34144e-09
-1.8703e-10
1.42618e-09
-2.66172e-10
1.51934e-09
-3.37826e-10
1.61665e-09
-3.8662e-10
1.70802e-09
-3.91816e-10
1.78716e-09
-3.71781e-10
1.85542e-09
-3.4678e-10
1.91831e-09
-3.24874e-10
1.9821e-09
-3.07195e-10
2.05234e-09
-2.91247e-10
2.13267e-09
-2.71215e-10
2.22313e-09
-2.36682e-10
2.31828e-09
-1.71972e-10
2.40856e-09
-6.04701e-11
2.48551e-09
9.63677e-11
2.54518e-09
2.88615e-10
2.58677e-09
5.12934e-10
2.60904e-09
7.74437e-10
2.60618e-09
1.08601e-09
2.56005e-09
1.47074e-09
2.42174e-09
1.97141e-09
2.07208e-09
2.66991e-09
1.27973e-09
3.72453e-09
5.45471e-09
2.01379e-08
8.18869e-07
4.75274e-09
1.15572e-07
4.23443e-10
7.09502e-09
8.02066e-10
-1.50838e-11
1.02727e-09
-2.39008e-10
1.16603e-09
-2.08489e-10
1.26313e-09
-2.63788e-10
1.36094e-09
-3.55346e-10
1.47747e-09
-4.55973e-10
1.60507e-09
-5.34897e-10
1.71953e-09
-5.11734e-10
1.8079e-09
-4.5445e-10
1.87643e-09
-4.08793e-10
1.93717e-09
-3.80265e-10
2.00105e-09
-3.66392e-10
2.07755e-09
-3.63511e-10
2.17442e-09
-3.65716e-10
2.29459e-09
-3.5999e-10
2.42984e-09
-3.19757e-10
2.56189e-09
-2.00848e-10
2.6765e-09
-1.75728e-11
2.77214e-09
1.96947e-10
2.85512e-09
4.33984e-10
2.93331e-09
6.99929e-10
3.01405e-09
1.00858e-09
3.10129e-09
1.38111e-09
3.17672e-09
1.86085e-09
3.10843e-09
2.54703e-09
2.20495e-09
3.66259e-09
5.79698e-09
1.75671e-08
8.00321e-07
1.70413e-08
1.01985e-07
5.90267e-09
2.03922e-08
6.84656e-10
1.31743e-08
1.00415e-09
-1.91907e-10
1.11495e-09
-2.08862e-10
1.1841e-09
-3.1179e-10
1.27699e-09
-4.35452e-10
1.42451e-09
-5.95821e-10
1.60662e-09
-7.85263e-10
1.75711e-09
-6.65769e-10
1.84849e-09
-5.25492e-10
1.90525e-09
-4.53678e-10
1.95289e-09
-4.21e-10
2.00738e-09
-4.14596e-10
2.08238e-09
-4.30687e-10
2.19287e-09
-4.68147e-10
2.35097e-09
-5.17805e-10
2.54458e-09
-5.46217e-10
2.73267e-09
-4.05588e-10
2.88646e-09
-1.62756e-10
3.01175e-09
8.27624e-11
3.12827e-09
3.26129e-10
3.25503e-09
5.82715e-10
3.41542e-09
8.67286e-10
3.65433e-09
1.18426e-09
4.07543e-09
1.54384e-09
4.97997e-09
1.99478e-09
7.48377e-09
2.58182e-09
3.27951e-09
4.13971e-08
7.49954e-07
3.04813e-08
1.20698e-07
2.76102e-08
2.28636e-08
1.34515e-08
2.06422e-08
8.45461e-10
6.43416e-09
1.13714e-09
7.91954e-11
1.08142e-09
-2.19352e-10
1.1384e-09
-3.60244e-10
1.33698e-09
-5.23177e-10
1.63979e-09
-7.67957e-10
1.85382e-09
-8.93357e-10
1.92369e-09
-5.28092e-10
1.94319e-09
-4.59581e-10
1.96175e-09
-4.35969e-10
1.9932e-09
-4.40787e-10
2.05171e-09
-4.76557e-10
2.16371e-09
-5.58382e-10
2.37185e-09
-6.96868e-10
2.66486e-09
-9.41713e-10
2.93776e-09
-7.12529e-10
3.12491e-09
-3.10626e-10
3.26012e-09
-2.9271e-11
3.3912e-09
2.0505e-10
3.5431e-09
4.37525e-10
3.73826e-09
6.93578e-10
4.0252e-09
9.44819e-10
4.4907e-09
1.13547e-09
5.25224e-09
1.30642e-09
6.37939e-09
1.3904e-09
1.00542e-09
1.72897e-07
5.83856e-07
1.04747e-07
1.78091e-07
4.60479e-08
9.87038e-08
3.45927e-08
5.64763e-08
2.41829e-08
3.52466e-08
1.18861e-08
1.74737e-08
7.79896e-10
1.53965e-08
8.65687e-10
1.12255e-08
1.14523e-09
1.42972e-08
1.76172e-09
2.69263e-08
2.09468e-09
-5.65487e-10
2.04928e-09
-3.58079e-10
1.98207e-09
-3.31203e-10
1.95771e-09
-3.24558e-10
1.95199e-09
-3.34788e-10
1.96754e-09
-3.70579e-10
2.0384e-09
-4.55285e-10
2.30786e-09
-6.13796e-10
2.80524e-09
-9.91202e-10
3.22861e-09
-1.21368e-09
3.41529e-09
-3.46433e-10
3.51261e-09
-9.86319e-11
3.63331e-09
8.52793e-11
3.78793e-09
2.65637e-10
3.96931e-09
4.71261e-10
4.2175e-09
6.24234e-10
4.60995e-09
6.62264e-10
5.15888e-09
6.7553e-10
5.74608e-09
6.57718e-10
3.61063e-10
5.01376e-07
9.50916e-08
5.98908e-07
8.10054e-08
5.63821e-07
1.16602e-07
5.10643e-07
9.10537e-08
4.75776e-07
6.40477e-08
4.48275e-07
4.73574e-08
4.17124e-07
4.65929e-08
3.54357e-07
5.91102e-08
2.78445e-07
7.74979e-08
1.27454e-07
1.30475e-07
1.86317e-09
9.43147e-08
2.24538e-09
1.12853e-08
1.9651e-09
3.04424e-09
1.91751e-09
3.06571e-10
1.8811e-09
-1.08659e-09
1.82766e-09
-8.08443e-10
1.71453e-09
1.55679e-09
2.01596e-09
9.89233e-09
3.01962e-09
4.02895e-08
3.75617e-09
-7.54658e-10
3.79501e-09
-1.84385e-10
3.74173e-09
-7.89417e-11
3.84149e-09
2.89382e-12
4.00602e-09
8.13424e-11
4.13355e-09
1.28398e-10
4.26553e-09
4.74514e-11
4.57272e-09
5.28269e-10
5.02725e-09
6.25459e-10
5.42026e-09
3.04306e-10
1.22834e-10
2.69081e-07
-1.69203e-07
4.0002e-07
-6.90357e-08
5.30341e-07
-2.43566e-09
5.97683e-07
3.20605e-08
6.41691e-07
3.73363e-08
6.57088e-07
3.97682e-08
6.65798e-07
4.98718e-08
6.35596e-07
8.3313e-08
6.01956e-07
1.17723e-07
5.34437e-07
1.81018e-07
4.38727e-07
1.76626e-07
4.21193e-07
4.71601e-08
4.07876e-07
1.49059e-08
4.02882e-07
1.71622e-09
4.04759e-07
-4.25262e-09
4.08306e-07
-2.49506e-09
3.87042e-07
1.15589e-08
3.57301e-07
4.38401e-08
1.75129e-07
1.29765e-07
3.17742e-09
1.09585e-07
2.86854e-09
8.11041e-09
2.9548e-09
-2.19711e-09
4.43938e-09
-7.60176e-09
1.03128e-08
-1.38349e-08
2.80183e-08
-2.31524e-08
4.75726e-08
-2.47201e-08
4.20259e-08
-1.22627e-08
1.90685e-08
-8.57369e-10
6.0428e-09
-2.34659e-09
-2.74872e-09
4.57994e-08
-2.18651e-07
1.26397e-07
-1.53781e-07
2.26281e-07
-9.528e-08
3.08242e-07
-4.92897e-08
3.70196e-07
-1.78381e-08
4.08738e-07
4.23511e-09
4.40699e-07
2.55154e-08
4.73577e-07
5.52087e-08
5.15888e-07
8.71376e-08
5.84741e-07
1.19556e-07
6.17865e-07
1.25031e-07
6.10335e-07
6.2823e-08
6.06959e-07
2.0989e-08
6.11958e-07
-1.44118e-09
6.1423e-07
-1.08901e-08
6.24246e-07
-6.7148e-09
6.05633e-07
1.98261e-08
6.03076e-07
6.72898e-08
5.75499e-07
1.53593e-07
5.26379e-07
1.78146e-07
5.33726e-07
2.40515e-08
5.47224e-07
-1.66341e-08
5.82744e-07
-4.08583e-08
6.35681e-07
-6.20137e-08
6.99575e-07
-8.35343e-08
7.70913e-07
-9.27642e-08
8.47589e-07
-8.3708e-08
9.28369e-07
-7.28814e-08
9.90941e-07
-6.41147e-08
-3.00366e-08
6.45e-08
-2.9843e-07
1.28637e-07
-2.27014e-07
1.91322e-07
-1.61008e-07
2.48204e-07
-1.06904e-07
2.93552e-07
-6.29937e-08
3.27374e-07
-2.85933e-08
3.5667e-07
-5.3415e-10
3.93062e-07
2.48433e-08
4.39078e-07
4.65627e-08
5.04736e-07
5.98193e-08
5.64726e-07
5.93596e-08
5.93882e-07
3.58264e-08
6.12911e-07
5.97974e-09
6.312e-07
-1.6435e-08
6.47219e-07
-2.58886e-08
6.63913e-07
-2.00861e-08
6.79263e-07
6.50818e-09
7.11578e-07
4.5359e-08
7.85859e-07
8.74246e-08
8.4664e-07
8.52609e-08
8.81827e-07
3.41644e-09
9.32584e-07
-5.93582e-08
9.99059e-07
-1.03745e-07
1.07829e-06
-1.38897e-07
1.16637e-06
-1.66821e-07
1.27284e-06
-1.91576e-07
1.40576e-06
-2.1179e-07
1.56553e-06
-2.32276e-07
1.70672e-06
-2.1791e-07
-1.14904e-07
7.27411e-08
-3.75699e-07
1.4514e-07
-2.97662e-07
2.17843e-07
-2.31118e-07
2.82791e-07
-1.69357e-07
3.36566e-07
-1.14865e-07
3.80463e-07
-7.01824e-08
4.17632e-07
-3.53848e-08
4.54127e-07
-9.52794e-09
4.94251e-07
7.20906e-09
5.4112e-07
1.3281e-08
5.8991e-07
9.23926e-09
6.32248e-07
-5.5692e-09
6.69278e-07
-2.76051e-08
7.03769e-07
-4.71999e-08
7.37255e-07
-5.65509e-08
7.72592e-07
-5.26264e-08
8.18655e-07
-3.60274e-08
8.82092e-07
-1.62973e-08
9.76825e-07
-7.29945e-09
1.07974e-06
-2.59722e-08
1.16756e-06
-7.78395e-08
1.25174e-06
-1.37006e-07
1.3393e-06
-1.85732e-07
1.42737e-06
-2.24803e-07
1.52149e-06
-2.55261e-07
1.62527e-06
-2.91072e-07
1.75233e-06
-3.28635e-07
1.91073e-06
-3.85108e-07
2.09397e-06
-4.03473e-07
-3.00586e-07
1.19727e-07
-4.98892e-07
2.2565e-07
-3.9461e-07
3.16e-07
-3.15356e-07
3.89656e-07
-2.40325e-07
4.49728e-07
-1.73512e-07
5.00446e-07
-1.19489e-07
5.45997e-07
-7.92792e-08
5.90456e-07
-5.21694e-08
6.36289e-07
-3.72863e-08
6.84245e-07
-3.36851e-08
7.34041e-07
-3.94819e-08
7.82897e-07
-5.29045e-08
8.28054e-07
-7.10516e-08
8.70478e-07
-8.79028e-08
9.14038e-07
-9.85378e-08
9.64892e-07
-1.01607e-07
1.03192e-06
-1.00463e-07
1.1195e-06
-1.0163e-07
1.22765e-06
-1.13557e-07
1.34065e-06
-1.38976e-07
1.44233e-06
-1.77303e-07
1.52624e-06
-2.18945e-07
1.59937e-06
-2.55853e-07
1.65863e-06
-2.84603e-07
1.71725e-06
-3.10269e-07
1.76562e-06
-3.41002e-07
1.82432e-06
-3.76281e-07
1.89506e-06
-4.44907e-07
2.02978e-06
-5.07134e-07
-6.25922e-07
2.29409e-07
-6.86547e-07
3.97163e-07
-5.42872e-07
4.93955e-07
-4.09091e-07
5.53275e-07
-2.99816e-07
5.96262e-07
-2.16838e-07
6.33511e-07
-1.56535e-07
6.69768e-07
-1.14986e-07
7.0733e-07
-8.88681e-08
7.46606e-07
-7.58175e-08
7.87004e-07
-7.34074e-08
8.27336e-07
-7.95401e-08
8.65892e-07
-9.14903e-08
9.01414e-07
-1.06863e-07
9.36233e-07
-1.22614e-07
9.75323e-07
-1.37186e-07
1.02549e-06
-1.50573e-07
1.09101e-06
-1.64927e-07
1.17275e-06
-1.82449e-07
1.26309e-06
-2.04421e-07
1.35174e-06
-2.27931e-07
1.42573e-06
-2.52055e-07
1.48027e-06
-2.72074e-07
1.5173e-06
-2.91366e-07
1.53746e-06
-3.02254e-07
1.55243e-06
-3.21005e-07
1.54548e-06
-3.34405e-07
1.55063e-06
-3.70326e-07
1.51824e-06
-4.18912e-07
1.75547e-06
-6.00925e-07
-1.22875e-06
8.48581e-07
-6.59788e-07
7.74146e-07
-5.13906e-07
7.1946e-07
-3.75928e-07
6.84942e-07
-2.7529e-07
6.69097e-07
-2.05646e-07
6.68046e-07
-1.57496e-07
6.77447e-07
-1.25278e-07
6.93903e-07
-1.05572e-07
7.14587e-07
-9.67201e-08
7.37659e-07
-9.65571e-08
7.61894e-07
-1.04023e-07
7.87072e-07
-1.16662e-07
8.1448e-07
-1.33876e-07
8.46715e-07
-1.5359e-07
8.8768e-07
-1.76164e-07
9.40037e-07
-2.00657e-07
1.00395e-06
-2.26843e-07
1.07665e-06
-2.53798e-07
1.14917e-06
-2.76666e-07
1.21543e-06
-2.93368e-07
1.2635e-06
-3.00215e-07
1.29696e-06
-3.01499e-07
1.30688e-06
-3.00805e-07
1.3098e-06
-2.9769e-07
1.28729e-06
-3.02301e-07
1.26515e-06
-2.98722e-07
1.21033e-06
-3.3436e-07
1.15999e-06
-3.63614e-07
9.151e-07
-4.99867e-07
-8.95791e-07
7.20613e-07
-4.56149e-07
6.03043e-07
-3.81473e-07
5.50596e-07
-3.13725e-07
5.37639e-07
-2.54759e-07
5.44249e-07
-2.06765e-07
5.6029e-07
-1.695e-07
5.80904e-07
-1.4327e-07
6.04347e-07
-1.26742e-07
6.29397e-07
-1.20238e-07
6.56466e-07
-1.21717e-07
6.85649e-07
-1.31784e-07
7.18405e-07
-1.47212e-07
7.5607e-07
-1.69744e-07
7.99585e-07
-1.94755e-07
8.50774e-07
-2.25585e-07
9.07436e-07
-2.56093e-07
9.69516e-07
-2.88122e-07
1.02989e-06
-3.15001e-07
1.08281e-06
-3.30163e-07
1.11937e-06
-3.32427e-07
1.1354e-06
-3.17413e-07
1.13012e-06
-2.97658e-07
1.10236e-06
-2.72478e-07
1.06944e-06
-2.66388e-07
1.01471e-06
-2.54919e-07
9.37514e-07
-2.19505e-07
8.46232e-07
-2.55303e-07
6.98341e-07
-2.71843e-07
3.52624e-07
-1.92354e-07
-1.47331e-07
8.22266e-07
-3.61642e-07
7.73945e-07
-3.38111e-07
7.48259e-07
-2.984e-07
7.35481e-07
-2.51642e-07
7.29701e-07
-2.08742e-07
7.28343e-07
-1.73641e-07
7.29449e-07
-1.48954e-07
7.33017e-07
-1.33448e-07
7.37731e-07
-1.28229e-07
7.44938e-07
-1.30956e-07
7.5384e-07
-1.43569e-07
7.67193e-07
-1.61959e-07
7.84847e-07
-1.9022e-07
8.09123e-07
-2.20076e-07
8.40374e-07
-2.59503e-07
8.75589e-07
-2.92421e-07
9.14794e-07
-3.2911e-07
9.45664e-07
-3.47446e-07
9.6265e-07
-3.48507e-07
9.55432e-07
-3.2814e-07
9.30976e-07
-2.94639e-07
8.82772e-07
-2.54716e-07
8.14524e-07
-1.9737e-07
7.61756e-07
-2.09708e-07
6.82288e-07
-2.07334e-07
5.90176e-07
-1.04066e-07
4.80685e-07
-1.39651e-07
3.30823e-07
-1.07507e-07
1.85409e-07
-3.46102e-08
-6.85545e-08
8.37326e-07
-2.84223e-07
7.69009e-07
-2.67869e-07
7.12704e-07
-2.41021e-07
6.71135e-07
-2.08966e-07
6.42543e-07
-1.79014e-07
6.24232e-07
-1.53505e-07
6.12765e-07
-1.35846e-07
6.06869e-07
-1.25075e-07
6.04431e-07
-1.23807e-07
6.07e-07
-1.2997e-07
6.13425e-07
-1.47333e-07
6.28075e-07
-1.71333e-07
6.48871e-07
-2.07958e-07
6.8076e-07
-2.45336e-07
7.17932e-07
-2.94647e-07
7.58845e-07
-3.27383e-07
7.96706e-07
-3.66142e-07
8.08799e-07
-3.56869e-07
7.9427e-07
-3.3419e-07
7.49113e-07
-2.83719e-07
6.98338e-07
-2.40964e-07
6.2128e-07
-2.04255e-07
5.4276e-07
-9.46112e-08
4.6669e-07
-1.22138e-07
3.73781e-07
-9.55786e-08
3.15447e-07
-2.2775e-08
1.50588e-07
-3.73659e-08
4.04404e-09
-1.66018e-09
2.42817e-09
-2.9508e-09
-3.30984e-09
8.5127e-07
-2.20943e-07
7.96839e-07
-2.11786e-07
7.5304e-07
-1.97216e-07
7.21133e-07
-1.78042e-07
6.98626e-07
-1.58585e-07
6.83771e-07
-1.40316e-07
6.73318e-07
-1.27561e-07
6.66841e-07
-1.19727e-07
6.6205e-07
-1.20928e-07
6.6061e-07
-1.28991e-07
6.60919e-07
-1.49534e-07
6.66869e-07
-1.77171e-07
6.75794e-07
-2.19567e-07
6.93618e-07
-2.62749e-07
7.10217e-07
-3.16686e-07
7.32883e-07
-3.4929e-07
7.35685e-07
-3.79462e-07
6.92196e-07
-3.17837e-07
6.20376e-07
-2.70208e-07
5.37599e-07
-2.1343e-07
4.48154e-07
-1.35962e-07
3.51351e-07
-9.1184e-08
2.97581e-07
-1.99827e-08
1.44603e-07
-3.30927e-08
4.21943e-09
-5.75034e-10
3.42463e-09
-1.53841e-09
2.18621e-09
-1.75817e-09
2.0483e-09
-1.81936e-09
1.34881e-09
-3.16123e-09
-3.55919e-09
8.61252e-07
-1.68032e-07
8.13379e-07
-1.62763e-07
7.70531e-07
-1.54074e-07
7.3444e-07
-1.41885e-07
7.04149e-07
-1.29017e-07
6.79801e-07
-1.16208e-07
6.58765e-07
-1.07385e-07
6.4116e-07
-1.01877e-07
6.24089e-07
-1.04376e-07
6.08761e-07
-1.12396e-07
5.93418e-07
-1.33662e-07
5.81179e-07
-1.6158e-07
5.73738e-07
-2.0914e-07
5.73992e-07
-2.56738e-07
5.7937e-07
-3.17473e-07
5.93991e-07
-3.54301e-07
5.55626e-07
-3.51564e-07
4.71854e-07
-2.37272e-07
3.66615e-07
-1.48272e-07
2.7633e-07
-8.73267e-08
1.32204e-07
-3.24073e-08
3.53549e-09
-1.06711e-10
3.3914e-09
-7.24506e-10
2.89233e-09
-6.0565e-10
3.12382e-09
-4.73637e-10
2.75412e-09
-1.56427e-09
2.10552e-09
-1.86816e-09
1.60487e-09
-1.85654e-09
9.18576e-10
-2.30101e-09
-2.54374e-09
8.67405e-07
-1.21554e-07
8.24003e-07
-1.18484e-07
7.83484e-07
-1.13301e-07
7.4782e-07
-1.05908e-07
7.16161e-07
-9.79703e-08
6.89706e-07
-8.98205e-08
6.65413e-07
-8.43269e-08
6.44673e-07
-8.10352e-08
6.22841e-07
-8.41326e-08
6.02773e-07
-9.15276e-08
5.79237e-07
-1.11614e-07
5.57831e-07
-1.37675e-07
5.37803e-07
-1.88845e-07
5.20499e-07
-2.35362e-07
5.16387e-07
-3.09786e-07
4.95415e-07
-3.34536e-07
3.83838e-07
-2.6524e-07
2.71942e-07
-9.93464e-08
1.2819e-07
-3.84157e-08
2.82308e-09
9.27963e-11
3.47232e-09
-1.45558e-10
3.30126e-09
8.60262e-11
3.11457e-09
-6.39966e-10
2.85531e-09
-6.49695e-10
2.70282e-09
-6.74298e-10
2.36516e-09
-1.05666e-09
1.87688e-09
-1.30021e-09
1.3471e-09
-1.4378e-09
7.20625e-10
-1.64254e-09
-1.77102e-09
8.71271e-07
-7.90947e-08
8.30843e-07
-7.74139e-08
7.92202e-07
-7.44607e-08
7.56917e-07
-7.03044e-08
7.24197e-07
-6.56977e-08
6.95468e-07
-6.104e-08
6.67774e-07
-5.77814e-08
6.43048e-07
-5.61603e-08
6.1551e-07
-5.84595e-08
5.88999e-07
-6.42179e-08
5.53651e-07
-7.87655e-08
5.18067e-07
-9.91224e-08
4.701e-07
-1.42164e-07
4.26863e-07
-1.82284e-07
3.92551e-07
-2.68736e-07
2.9018e-07
-2.43306e-07
1.10556e-07
-9.83793e-08
2.82833e-09
-4.50414e-10
2.97163e-09
-2.29994e-10
3.02791e-09
2.48871e-10
3.14485e-09
-1.20331e-10
3.0829e-09
-1.17751e-10
2.92898e-09
-3.36e-10
2.71152e-09
-4.28418e-10
2.46698e-09
-5.14524e-10
2.12682e-09
-6.87864e-10
1.68973e-09
-8.38208e-10
1.18601e-09
-9.51892e-10
6.16826e-10
-1.06034e-09
-1.12678e-09
8.73544e-07
-3.89964e-08
8.34887e-07
-3.82657e-08
7.97492e-07
-3.69039e-08
7.62516e-07
-3.50635e-08
7.29399e-07
-3.29149e-08
6.99263e-07
-3.08806e-08
6.69774e-07
-2.92941e-08
6.42379e-07
-2.88008e-08
6.11894e-07
-2.98187e-08
5.81193e-07
-3.32415e-08
5.39722e-07
-4.02663e-08
4.94463e-07
-5.22216e-08
4.24152e-07
-7.56118e-08
3.57036e-07
-1.05944e-07
2.61945e-07
-1.7237e-07
9.02886e-08
-9.69923e-08
2.27148e-09
-9.2243e-10
2.97928e-09
-1.81719e-10
3.02548e-09
-1.88674e-10
3.03803e-09
-7.72808e-12
3.03485e-09
-5.25244e-11
2.9565e-09
-8.20353e-11
2.80693e-09
-1.57871e-10
2.59482e-09
-2.13451e-10
2.32678e-09
-2.67509e-10
1.98541e-09
-3.42061e-10
1.5692e-09
-4.12873e-10
1.09039e-09
-4.71225e-10
5.60669e-10
-5.20134e-10
-5.4897e-10
8.74638e-07
8.36722e-07
8.00066e-07
7.6508e-07
7.32096e-07
7.00901e-07
6.71132e-07
6.4156e-07
6.10828e-07
5.76334e-07
5.34644e-07
4.80871e-07
4.03401e-07
2.97902e-07
1.2497e-07
6.52113e-09
2.77087e-09
3.37203e-09
3.15363e-09
3.0639e-09
3.00002e-09
2.90132e-09
2.74743e-09
2.53405e-09
2.25989e-09
1.91885e-09
1.51125e-09
1.0457e-09
5.35457e-10
)
;

boundaryField
{
    inlet1
    {
        type            calculated;
        value           nonuniform List<scalar> 10(-1e-07 -1e-07 -1e-07 -1e-07 -1e-07 -1e-07 -1e-07 -1e-07 -1e-07 -1e-07);
    }
    inlet2
    {
        type            calculated;
        value           uniform 0;
    }
    inlet3
    {
        type            calculated;
        value           nonuniform List<scalar> 10(-9.13394e-07 -9.13394e-07 -9.13394e-07 -9.13394e-07 -9.13394e-07 -9.13394e-07 -9.13394e-07 -9.13394e-07 -9.13394e-07 -9.13394e-07);
    }
    output1
    {
        type            calculated;
        value           uniform 0;
    }
    output2
    {
        type            calculated;
        value           nonuniform List<scalar> 10(1.22085e-08 7.76803e-09 6.25778e-09 5.67544e-09 3.87032e-09 1.0213e-06 1.78524e-06 2.25707e-06 2.33892e-06 2.69565e-06);
    }
    output3
    {
        type            calculated;
        value           uniform -0;
    }
    up
    {
        type            calculated;
        value           uniform 0;
    }
    down
    {
        type            calculated;
        value           uniform 0;
    }
    emptyWalls
    {
        type            empty;
        value           nonuniform List<scalar> 0();
    }
}


// ************************************************************************* //
