/*--------------------------------*- C++ -*----------------------------------*\
  =========                 |
  \\      /  F ield         | OpenFOAM: The Open Source CFD Toolbox
   \\    /   O peration     | Website:  https://openfoam.org
    \\  /    A nd           | Version:  9
     \\/     M anipulation  |
\*---------------------------------------------------------------------------*/
FoamFile
{
    format      ascii;
    class       volScalarField;
    location    "17000";
    object      Sw;
}
// * * * * * * * * * * * * * * * * * * * * * * * * * * * * * * * * * * * * * //

dimensions      [0 0 0 0 0 0 0];

internalField   nonuniform List<scalar> 
900
(
0.800164
0.650019
0.484077
0.413268
0.152235
0.15
0.15
0.15
0.15
0.15
0.15
0.15
0.15
0.15
0.15
0.15
0.15
0.15
0.15
0.15
0.15
0.15
0.15
0.15
0.15
0.15
0.15
0.15
0.15
0.15
0.712746
0.567775
0.618995
0.576165
0.164455
0.15
0.15
0.15
0.15
0.15
0.15
0.15
0.15
0.15
0.15
0.15
0.15
0.15
0.15
0.15
0.15
0.15
0.15
0.15
0.15
0.15
0.15
0.15
0.15
0.15
0.768832
0.615684
0.652249
0.328364
0.150058
0.15
0.15
0.15
0.15
0.15
0.15
0.15
0.15
0.15
0.15
0.15
0.15
0.15
0.15
0.15
0.15
0.15
0.15
0.15
0.15
0.15
0.15
0.15
0.15
0.15
0.743983
0.631409
0.590357
0.288462
0.150009
0.15
0.15
0.15
0.15
0.15
0.15
0.15
0.15
0.15
0.15
0.15
0.15
0.15
0.15
0.15
0.15
0.15
0.15
0.15
0.15
0.15
0.15
0.15
0.15
0.15
0.768664
0.625217
0.55891
0.249702
0.150001
0.15
0.15
0.15
0.15
0.15
0.15
0.15
0.15
0.15
0.15
0.15
0.15
0.15
0.15
0.15
0.15
0.15
0.15
0.15
0.15
0.15
0.15
0.15
0.15
0.15
0.745998
0.643149
0.554347
0.195478
0.15
0.15
0.15
0.15
0.15
0.15
0.15
0.15
0.15
0.15
0.15
0.15
0.15
0.15
0.15
0.15
0.15
0.15
0.15
0.15
0.15
0.15
0.15
0.15
0.15
0.15
0.764338
0.64129
0.548344
0.163442
0.15
0.15
0.15
0.15
0.15
0.15
0.15
0.15
0.15
0.15
0.15
0.15
0.15
0.15
0.15
0.15
0.15
0.15
0.15
0.15
0.15
0.15
0.15
0.15
0.15
0.15
0.751051
0.655698
0.566284
0.153567
0.15
0.15
0.15
0.15
0.15
0.15
0.15
0.15
0.15
0.15
0.15
0.15
0.15
0.15
0.15
0.15
0.15
0.15
0.15
0.15
0.15
0.15
0.15
0.15
0.15
0.15
0.775514
0.627141
0.339639
0.150005
0.15
0.15
0.15
0.15
0.15
0.15
0.15
0.15
0.15
0.15
0.15
0.15
0.15
0.15
0.15
0.15
0.15
0.15
0.15
0.15
0.15
0.15
0.15
0.15
0.15
0.15
0.779852
0.633082
0.28714
0.150001
0.15
0.15
0.15
0.15
0.15
0.15
0.15
0.15
0.15
0.15
0.15
0.15
0.15
0.15
0.15
0.15
0.15
0.15
0.15
0.15
0.15
0.15
0.15
0.15
0.15
0.15
0.813753
0.653531
0.51648
0.173281
0.15
0.15
0.15
0.15
0.15
0.15
0.15
0.15
0.15
0.15
0.15
0.15
0.15
0.15
0.15
0.15
0.15
0.15
0.15
0.15
0.15
0.15
0.15
0.15
0.15
0.15
0.831165
0.653288
0.569112
0.540269
0.241914
0.150427
0.15
0.15
0.15
0.15
0.15
0.15
0.15
0.15
0.15
0.15
0.15
0.15
0.15
0.15
0.15
0.15
0.15
0.15
0.15
0.15
0.15
0.15
0.15
0.15
0.910279
0.74579
0.565692
0.515959
0.467514
0.454147
0.195081
0.150001
0.150001
0.150002
0.15
0.15
0.15
0.15
0.15
0.15
0.15
0.15
0.15
0.15
0.15
0.15
0.15
0.15
0.15
0.15
0.15
0.15
0.15
0.15
0.940723
0.824825
0.730443
0.669431
0.632913
0.616909
0.605656
0.599655
0.581706
0.572971
0.256778
0.150096
0.150679
0.152224
0.152039
0.150243
0.150001
0.150001
0.150001
0.15
0.15
0.15
0.15
0.15
0.15
0.15
0.15
0.15
0.15
0.15
0.851257
0.744163
0.700476
0.672692
0.649173
0.641554
0.630541
0.630621
0.612733
0.604936
0.563476
0.551709
0.549479
0.550388
0.550458
0.553547
0.555255
0.555118
0.559134
0.309424
0.262739
0.28406
0.304826
0.330689
0.368541
0.407017
0.416316
0.388537
0.335336
0.22865
0.639821
0.625658
0.621928
0.61713
0.609369
0.605875
0.599772
0.598842
0.593121
0.59049
0.587225
0.578962
0.575181
0.574846
0.575882
0.576057
0.578352
0.570263
0.565537
0.536282
0.528886
0.529134
0.531126
0.533869
0.537098
0.539951
0.541806
0.542752
0.544397
0.544914
0.617783
0.608614
0.598811
0.594373
0.590236
0.586534
0.582633
0.580122
0.579079
0.578675
0.5817
0.58007
0.57817
0.577954
0.578447
0.578344
0.577358
0.573033
0.56914
0.566632
0.56166
0.561343
0.563027
0.565338
0.567144
0.568332
0.569606
0.571235
0.573961
0.575285
0.592863
0.588145
0.588964
0.590033
0.590191
0.589311
0.58784
0.586042
0.584948
0.58446
0.585217
0.585317
0.585226
0.585427
0.585687
0.585312
0.584075
0.582512
0.58101
0.581834
0.581303
0.581722
0.582605
0.584017
0.58441
0.584868
0.583976
0.583532
0.582767
0.584064
0.58871
0.589079
0.593487
0.597486
0.599742
0.60051
0.600379
0.59994
0.599656
0.599618
0.599821
0.600088
0.600052
0.599649
0.598922
0.597878
0.596774
0.596178
0.59616
0.596936
0.597043
0.59688
0.596109
0.595676
0.594089
0.593233
0.589787
0.58657
0.578492
0.57398
0.586666
0.596918
0.605525
0.609688
0.611016
0.611007
0.610542
0.609982
0.60958
0.609214
0.608845
0.608205
0.607153
0.605535
0.60374
0.601935
0.600691
0.599916
0.599807
0.599464
0.598878
0.597207
0.59533
0.592907
0.590342
0.587915
0.583832
0.581278
0.566717
0.556967
0.609614
0.621277
0.621072
0.61744
0.613894
0.611219
0.609319
0.607957
0.606928
0.605959
0.604929
0.603625
0.602081
0.60036
0.598743
0.597482
0.596634
0.596106
0.59564
0.594602
0.593228
0.590514
0.588202
0.584199
0.582182
0.576517
0.575096
0.568869
0.579974
0.596364
0.596482
0.5929
0.59258
0.593281
0.594352
0.595492
0.596627
0.597511
0.598284
0.598636
0.598913
0.598701
0.598547
0.598049
0.597678
0.597205
0.596497
0.595692
0.593911
0.591711
0.588183
0.584351
0.579416
0.574312
0.570166
0.563879
0.558455
0.553407
0.547111
0.496328
0.59876
0.600453
0.603998
0.606929
0.608773
0.609542
0.609856
0.60954
0.609174
0.6081
0.607196
0.605389
0.604113
0.601879
0.600491
0.598222
0.596275
0.59346
0.589445
0.584406
0.577766
0.571875
0.563677
0.556006
0.550465
0.541005
0.534962
0.516315
0.507322
0.521178
0.599425
0.59858
0.598233
0.598022
0.597982
0.597699
0.597586
0.597114
0.596948
0.596154
0.595968
0.594816
0.594932
0.593534
0.594033
0.591967
0.591274
0.58705
0.580995
0.572296
0.561796
0.553589
0.542098
0.534947
0.516563
0.508945
0.514685
0.314678
0.150001
0.15
0.59952
0.598827
0.598878
0.599346
0.600345
0.601066
0.602063
0.602388
0.603136
0.602868
0.603279
0.602149
0.602088
0.599662
0.598995
0.594172
0.59224
0.582198
0.571117
0.555649
0.541566
0.520228
0.510546
0.517109
0.309569
0.150001
0.15
0.15
0.15
0.15
0.599677
0.599179
0.599082
0.599069
0.599493
0.599625
0.600203
0.600076
0.600598
0.599897
0.600057
0.598264
0.597502
0.59439
0.592248
0.586641
0.582288
0.563322
0.548536
0.519562
0.514994
0.20781
0.15
0.15
0.15
0.15
0.15
0.15
0.15
0.15
0.599786
0.599403
0.599302
0.599178
0.599525
0.599589
0.600343
0.600304
0.601411
0.6009
0.602213
0.600399
0.601009
0.596747
0.593857
0.586333
0.570603
0.532495
0.528324
0.25014
0.15
0.15
0.15
0.15
0.15
0.15
0.15
0.15
0.15
0.15
0.599848
0.599565
0.599475
0.599346
0.599591
0.599613
0.600296
0.600288
0.601535
0.601135
0.60311
0.601083
0.602992
0.595016
0.592874
0.576381
0.537474
0.316842
0.150001
0.15
0.15
0.15
0.15
0.15
0.15
0.15
0.15
0.15
0.15
0.15
0.599884
0.599667
0.599586
0.599481
0.599656
0.599701
0.600284
0.600417
0.60162
0.601636
0.603871
0.602899
0.606322
0.598045
0.598095
0.551973
0.307064
0.150001
0.15
0.15
0.15
0.15
0.15
0.15
0.15
0.15
0.15
0.15
0.15
0.15
0.59989
0.599733
0.599615
0.599591
0.599639
0.599849
0.600155
0.600702
0.601353
0.602375
0.603516
0.605129
0.606781
0.607081
0.603977
0.457901
0.150262
0.15
0.15
0.15
0.15
0.15
0.15
0.15
0.15
0.15
0.15
0.15
0.15
0.15
)
;

boundaryField
{
    inlet1
    {
        type            fixedValue;
        value           uniform 0.85;
    }
    inlet2
    {
        type            zeroGradient;
    }
    inlet3
    {
        type            fixedValue;
        value           uniform 0.6;
    }
    output1
    {
        type            zeroGradient;
    }
    output2
    {
        type            zeroGradient;
    }
    output3
    {
        type            zeroGradient;
    }
    up
    {
        type            zeroGradient;
    }
    down
    {
        type            zeroGradient;
    }
    emptyWalls
    {
        type            empty;
    }
}


// ************************************************************************* //
