/*--------------------------------*- C++ -*----------------------------------*\
  =========                 |
  \\      /  F ield         | OpenFOAM: The Open Source CFD Toolbox
   \\    /   O peration     | Website:  https://openfoam.org
    \\  /    A nd           | Version:  9
     \\/     M anipulation  |
\*---------------------------------------------------------------------------*/
FoamFile
{
    format      ascii;
    class       volVectorField;
    location    "17000";
    object      ut;
}
// * * * * * * * * * * * * * * * * * * * * * * * * * * * * * * * * * * * * * //

dimensions      [0 1 -1 0 0 0 0];

internalField   nonuniform List<vector> 
900
(
(5.14942e-06 5.51017e-06 -0)
(1.43692e-06 1.11603e-06 -0)
(1.83777e-07 8.48222e-08 -0)
(1.81657e-07 -8.94475e-10 -0)
(1.10526e-07 -1.24486e-08 -0)
(1.92784e-07 2.86136e-09 -0)
(1.862e-07 3.25419e-09 -0)
(1.80962e-07 1.98388e-09 -0)
(1.78101e-07 8.76894e-10 -0)
(1.77103e-07 1.21238e-10 -0)
(1.77334e-07 -3.5128e-10 -0)
(1.783e-07 -6.14745e-10 -0)
(1.79633e-07 -7.18006e-10 -0)
(1.8104e-07 -6.89028e-10 -0)
(1.8227e-07 -5.41246e-10 -0)
(1.8309e-07 -2.77956e-10 -0)
(1.83263e-07 1.04661e-10 -0)
(1.82544e-07 6.14999e-10 -0)
(1.80666e-07 1.26344e-09 -0)
(1.77344e-07 2.05968e-09 -0)
(1.72275e-07 3.01024e-09 -0)
(1.65149e-07 4.11587e-09 -0)
(1.55666e-07 5.36841e-09 -0)
(1.43551e-07 6.74653e-09 -0)
(1.28595e-07 8.21053e-09 -0)
(1.10689e-07 9.69678e-09 -0)
(8.98791e-08 1.11144e-08 -0)
(6.64173e-08 1.2348e-08 -0)
(4.07999e-08 1.32701e-08 -0)
(1.37652e-08 1.37659e-08 -0)
(2.52527e-06 7.10243e-06 -0)
(5.84522e-07 8.67143e-07 -0)
(1.28784e-06 1.63909e-06 -0)
(5.14841e-07 1.36174e-07 -0)
(1.07586e-07 3.43823e-08 -0)
(2.08606e-07 2.06494e-08 -0)
(1.85323e-07 1.14259e-08 -0)
(1.78585e-07 5.78839e-09 -0)
(1.76239e-07 2.2794e-09 -0)
(1.75875e-07 8.06076e-11 -0)
(1.76598e-07 -1.26287e-09 -0)
(1.77933e-07 -2.00443e-09 -0)
(1.79559e-07 -2.28623e-09 -0)
(1.81217e-07 -2.18578e-09 -0)
(1.82681e-07 -1.73908e-09 -0)
(1.83736e-07 -9.52967e-10 -0)
(1.84156e-07 1.86607e-10 -0)
(1.83703e-07 1.7073e-09 -0)
(1.82111e-07 3.64276e-09 -0)
(1.79091e-07 6.02478e-09 -0)
(1.74331e-07 8.87575e-09 -0)
(1.67507e-07 1.22011e-08 -0)
(1.58296e-07 1.59802e-08 -0)
(1.46393e-07 2.01543e-08 -0)
(1.31545e-07 2.46096e-08 -0)
(1.13593e-07 2.91591e-08 -0)
(9.25303e-08 3.35278e-08 -0)
(6.8573e-08 3.73564e-08 -0)
(4.22179e-08 4.0237e-08 -0)
(1.42611e-08 4.17934e-08 -0)
(4.40644e-06 2.37141e-05 -0)
(6.27439e-07 2.80996e-06 -0)
(5.23832e-07 3.14936e-06 -0)
(6.56887e-08 3.59328e-09 -0)
(1.31789e-07 7.24564e-08 -0)
(1.67608e-07 3.2167e-08 -0)
(1.71339e-07 1.60115e-08 -0)
(1.71816e-07 7.4644e-09 -0)
(1.72394e-07 2.3717e-09 -0)
(1.73561e-07 -8.15363e-10 -0)
(1.75249e-07 -2.77637e-09 -0)
(1.77277e-07 -3.85387e-09 -0)
(1.79451e-07 -4.23668e-09 -0)
(1.81587e-07 -4.02868e-09 -0)
(1.83503e-07 -3.27617e-09 -0)
(1.85015e-07 -1.98132e-09 -0)
(1.85923e-07 -1.12437e-10 -0)
(1.86e-07 2.38502e-09 -0)
(1.84984e-07 5.57568e-09 -0)
(1.82577e-07 9.52099e-09 -0)
(1.78451e-07 1.42669e-08 -0)
(1.72254e-07 1.98326e-08 -0)
(1.63619e-07 2.61973e-08 -0)
(1.52181e-07 3.3281e-08 -0)
(1.376e-07 4.09147e-08 -0)
(1.19607e-07 4.88019e-08 -0)
(9.80764e-08 5.64813e-08 -0)
(7.31265e-08 6.33132e-08 -0)
(4.52369e-08 6.85281e-08 -0)
(1.53216e-08 7.13769e-08 -0)
(2.86112e-06 2.30835e-05 -0)
(1.7067e-07 4.88142e-06 -0)
(5.5292e-08 2.32363e-06 -0)
(5.06027e-08 4.43918e-09 -0)
(1.43974e-07 3.40214e-08 -0)
(1.52143e-07 2.29711e-08 -0)
(1.6062e-07 1.29886e-08 -0)
(1.64945e-07 5.68591e-09 -0)
(1.67959e-07 5.58267e-10 -0)
(1.70727e-07 -2.93745e-09 -0)
(1.73559e-07 -5.17348e-09 -0)
(1.76473e-07 -6.39804e-09 -0)
(1.79384e-07 -6.77802e-09 -0)
(1.82177e-07 -6.41619e-09 -0)
(1.84729e-07 -5.35567e-09 -0)
(1.86899e-07 -3.58376e-09 -0)
(1.88522e-07 -1.04013e-09 -0)
(1.89391e-07 2.36936e-09 -0)
(1.89247e-07 6.75366e-09 -0)
(1.87782e-07 1.22163e-08 -0)
(1.84643e-07 1.8838e-08 -0)
(1.79438e-07 2.66647e-08 -0)
(1.71745e-07 3.56951e-08 -0)
(1.61111e-07 4.58574e-08 -0)
(1.47066e-07 5.69658e-08 -0)
(1.2916e-07 6.86522e-08 -0)
(1.07042e-07 8.02822e-08 -0)
(8.06198e-08 9.08867e-08 -0)
(5.02816e-08 9.9184e-08 -0)
(1.71099e-08 1.0381e-07 -0)
(3.87943e-06 4.0249e-05 -0)
(2.32986e-07 5.93922e-06 -0)
(1.16702e-07 2.09641e-06 -0)
(5.16374e-08 5.96066e-09 -0)
(1.48555e-07 1.47745e-08 -0)
(1.46574e-07 1.2716e-08 -0)
(1.54054e-07 7.28576e-09 -0)
(1.59385e-07 1.7323e-09 -0)
(1.6377e-07 -2.88717e-09 -0)
(1.67829e-07 -6.31933e-09 -0)
(1.71788e-07 -8.58223e-09 -0)
(1.75672e-07 -9.78688e-09 -0)
(1.79433e-07 -1.00613e-08 -0)
(1.83009e-07 -9.5025e-09 -0)
(1.86336e-07 -8.14663e-09 -0)
(1.89331e-07 -5.95801e-09 -0)
(1.91877e-07 -2.83369e-09 -0)
(1.93794e-07 1.37877e-09 -0)
(1.9483e-07 6.85302e-09 -0)
(1.94661e-07 1.3752e-08 -0)
(1.92899e-07 2.22037e-08 -0)
(1.89111e-07 3.22931e-08 -0)
(1.82811e-07 4.40612e-08 -0)
(1.73451e-07 5.74877e-08 -0)
(1.60395e-07 7.24386e-08 -0)
(1.42924e-07 8.85589e-08 -0)
(1.20311e-07 1.05109e-07 -0)
(9.20283e-08 1.20767e-07 -0)
(5.81597e-08 1.33511e-07 -0)
(1.99472e-08 1.40868e-07 -0)
(3.4876e-06 3.76322e-05 -0)
(6.44749e-07 9.40576e-06 -0)
(1.77518e-07 2.31706e-06 -0)
(6.31742e-08 8.63638e-09 -0)
(1.47687e-07 6.60372e-09 -0)
(1.44655e-07 5.83403e-09 -0)
(1.49636e-07 1.70605e-09 -0)
(1.54772e-07 -3.15545e-09 -0)
(1.59907e-07 -7.52008e-09 -0)
(1.65032e-07 -1.08706e-08 -0)
(1.70092e-07 -1.30493e-08 -0)
(1.74994e-07 -1.4106e-08 -0)
(1.79668e-07 -1.4178e-08 -0)
(1.84092e-07 -1.33859e-08 -0)
(1.88273e-07 -1.17704e-08 -0)
(1.92212e-07 -9.26815e-09 -0)
(1.95859e-07 -5.71568e-09 -0)
(1.99078e-07 -8.73914e-10 -0)
(2.0162e-07 5.52746e-09 -0)
(2.03132e-07 1.37351e-08 -0)
(2.03184e-07 2.39318e-08 -0)
(2.01295e-07 3.6243e-08 -0)
(1.96939e-07 5.07685e-08 -0)
(1.89488e-07 6.75936e-08 -0)
(1.78137e-07 8.67413e-08 -0)
(1.6183e-07 1.08035e-07 -0)
(1.3925e-07 1.30829e-07 -0)
(1.09022e-07 1.53561e-07 -0)
(7.03821e-08 1.73227e-07 -0)
(2.44664e-08 1.85282e-07 -0)
(3.70594e-06 5.54043e-05 -0)
(5.52639e-07 1.02321e-05 -0)
(1.86786e-07 2.1249e-06 -0)
(7.00679e-08 1.00504e-08 -0)
(1.43836e-07 6.28691e-09 -0)
(1.41676e-07 2.31044e-09 -0)
(1.45064e-07 -3.14025e-09 -0)
(1.50159e-07 -8.54022e-09 -0)
(1.56055e-07 -1.31672e-08 -0)
(1.623e-07 -1.65938e-08 -0)
(1.68553e-07 -1.86382e-08 -0)
(1.74543e-07 -1.94098e-08 -0)
(1.80153e-07 -1.91589e-08 -0)
(1.85417e-07 -1.80929e-08 -0)
(1.90453e-07 -1.62809e-08 -0)
(1.95386e-07 -1.36286e-08 -0)
(2.00271e-07 -9.88711e-09 -0)
(2.05037e-07 -4.68648e-09 -0)
(2.09439e-07 2.39549e-09 -0)
(2.13065e-07 1.1729e-08 -0)
(2.15407e-07 2.35455e-08 -0)
(2.15948e-07 3.79784e-08 -0)
(2.14162e-07 5.51761e-08 -0)
(2.09424e-07 7.53764e-08 -0)
(2.00836e-07 9.88974e-08 -0)
(1.87011e-07 1.26012e-07 -0)
(1.65836e-07 1.5661e-07 -0)
(1.34426e-07 1.89419e-07 -0)
(8.9881e-08 2.20554e-07 -0)
(3.20022e-08 2.41751e-07 -0)
(1.38279e-06 5.2724e-05 -0)
(-6.7475e-07 1.40185e-05 -0)
(4.06579e-08 2.86769e-06 -0)
(7.17872e-08 3.37062e-08 -0)
(1.39345e-07 1.19874e-08 -0)
(1.35228e-07 2.61011e-10 -0)
(1.38786e-07 -8.0373e-09 -0)
(1.44745e-07 -1.46979e-08 -0)
(1.51854e-07 -2.00145e-08 -0)
(1.59561e-07 -2.36992e-08 -0)
(1.67276e-07 -2.54998e-08 -0)
(1.74473e-07 -2.5736e-08 -0)
(1.80985e-07 -2.4955e-08 -0)
(1.8697e-07 -2.3546e-08 -0)
(1.92737e-07 -2.16318e-08 -0)
(1.98606e-07 -1.90783e-08 -0)
(2.04801e-07 -1.55177e-08 -0)
(2.1136e-07 -1.03806e-08 -0)
(2.18035e-07 -2.98822e-09 -0)
(2.24282e-07 7.2397e-09 -0)
(2.29433e-07 2.05428e-08 -0)
(2.32926e-07 3.69489e-08 -0)
(2.34337e-07 5.65808e-08 -0)
(2.33209e-07 7.98381e-08 -0)
(2.28773e-07 1.07459e-07 -0)
(2.19543e-07 1.40508e-07 -0)
(2.02657e-07 1.80179e-07 -0)
(1.72966e-07 2.26951e-07 -0)
(1.22714e-07 2.77821e-07 -0)
(4.56631e-08 3.19417e-07 -0)
(2.64642e-07 7.46631e-05 -0)
(-1.64098e-06 1.04129e-05 -0)
(3.89468e-08 2.71909e-08 -0)
(7.58033e-08 4.00774e-08 -0)
(1.0987e-07 9.25126e-09 -0)
(1.21652e-07 -5.21644e-09 -0)
(1.30105e-07 -1.45719e-08 -0)
(1.38182e-07 -2.21996e-08 -0)
(1.47054e-07 -2.84935e-08 -0)
(1.56815e-07 -3.26886e-08 -0)
(1.66516e-07 -3.39262e-08 -0)
(1.75088e-07 -3.30795e-08 -0)
(1.82343e-07 -3.1379e-08 -0)
(1.8874e-07 -2.95044e-08 -0)
(1.94921e-07 -2.7622e-08 -0)
(2.015e-07 -2.55349e-08 -0)
(2.08968e-07 -2.27251e-08 -0)
(2.17566e-07 -1.83299e-08 -0)
(2.2706e-07 -1.12075e-08 -0)
(2.36596e-07 -3.24969e-10 -0)
(2.45117e-07 1.4437e-08 -0)
(2.51986e-07 3.26937e-08 -0)
(2.57051e-07 5.43595e-08 -0)
(2.60303e-07 7.99362e-08 -0)
(2.61506e-07 1.10595e-07 -0)
(2.59731e-07 1.48379e-07 -0)
(2.5228e-07 1.96646e-07 -0)
(2.32068e-07 2.60388e-07 -0)
(1.82347e-07 3.44359e-07 -0)
(7.35989e-08 4.3868e-07 -0)
(3.09535e-06 7.42217e-05 -0)
(9.32223e-07 1.1012e-05 -0)
(1.83258e-08 1.23873e-08 -0)
(6.63628e-08 1.34773e-09 -0)
(9.40504e-08 -9.2954e-09 -0)
(1.11404e-07 -1.5806e-08 -0)
(1.21802e-07 -2.28341e-08 -0)
(1.30823e-07 -3.10349e-08 -0)
(1.41365e-07 -3.90716e-08 -0)
(1.54128e-07 -4.46354e-08 -0)
(1.66885e-07 -4.4437e-08 -0)
(1.7702e-07 -4.12767e-08 -0)
(1.8456e-07 -3.7977e-08 -0)
(1.90727e-07 -3.54703e-08 -0)
(1.96707e-07 -3.38171e-08 -0)
(2.03503e-07 -3.27144e-08 -0)
(2.12006e-07 -3.15178e-08 -0)
(2.22878e-07 -2.90065e-08 -0)
(2.3604e-07 -2.31869e-08 -0)
(2.49927e-07 -1.17691e-08 -0)
(2.62452e-07 4.8365e-09 -0)
(2.72848e-07 2.50294e-08 -0)
(2.8158e-07 4.82272e-08 -0)
(2.89445e-07 7.49512e-08 -0)
(2.97216e-07 1.06606e-07 -0)
(3.05593e-07 1.45769e-07 -0)
(3.14665e-07 1.97636e-07 -0)
(3.2068e-07 2.73595e-07 -0)
(3.01006e-07 4.00547e-07 -0)
(1.39984e-07 6.52262e-07 -0)
(1.24148e-06 8.95521e-05 -0)
(2.27195e-06 1.21023e-05 -0)
(1.13632e-06 1.40662e-06 -0)
(4.42146e-08 -4.36449e-09 -0)
(9.27166e-08 -3.85061e-08 -0)
(1.08113e-07 -2.58918e-08 -0)
(1.14877e-07 -2.99235e-08 -0)
(1.21944e-07 -4.00343e-08 -0)
(1.33453e-07 -5.21229e-08 -0)
(1.51449e-07 -6.23441e-08 -0)
(1.69875e-07 -5.79097e-08 -0)
(1.81548e-07 -4.96133e-08 -0)
(1.8815e-07 -4.37817e-08 -0)
(1.929e-07 -4.05827e-08 -0)
(1.97677e-07 -3.94614e-08 -0)
(2.03799e-07 -3.99877e-08 -0)
(2.12676e-07 -4.16253e-08 -0)
(2.25897e-07 -4.29914e-08 -0)
(2.44297e-07 -4.07645e-08 -0)
(2.6462e-07 -2.84005e-08 -0)
(2.81915e-07 -8.35107e-09 -0)
(2.95376e-07 1.43601e-08 -0)
(3.06973e-07 3.85696e-08 -0)
(3.18682e-07 6.50346e-08 -0)
(3.32323e-07 9.51104e-08 -0)
(3.5076e-07 1.30453e-07 -0)
(3.80107e-07 1.74533e-07 -0)
(4.34979e-07 2.35811e-07 -0)
(5.61014e-07 3.31972e-07 -0)
(9.35739e-07 5.07135e-07 -0)
(5.06422e-06 7.05121e-05 -0)
(3.21521e-06 8.29478e-06 -0)
(2.88106e-06 2.67183e-06 -0)
(2.64098e-06 2.63923e-06 -0)
(4.93248e-08 1.24791e-10 -0)
(1.19767e-07 -1.58806e-08 -0)
(1.0766e-07 -3.24345e-08 -0)
(1.08624e-07 -4.70561e-08 -0)
(1.19055e-07 -6.70413e-08 -0)
(1.48342e-07 -9.47086e-08 -0)
(1.79616e-07 -7.52441e-08 -0)
(1.91148e-07 -5.54851e-08 -0)
(1.93591e-07 -4.69539e-08 -0)
(1.95047e-07 -4.36174e-08 -0)
(1.97302e-07 -4.34578e-08 -0)
(2.01339e-07 -4.61496e-08 -0)
(2.09003e-07 -5.20042e-08 -0)
(2.23738e-07 -6.05696e-08 -0)
(2.50631e-07 -6.84788e-08 -0)
(2.8234e-07 -5.27171e-08 -0)
(3.05212e-07 -2.42002e-08 -0)
(3.19769e-07 2.19243e-09 -0)
(3.32254e-07 2.66561e-08 -0)
(3.45986e-07 5.15085e-08 -0)
(3.62635e-07 7.83468e-08 -0)
(3.85016e-07 1.064e-07 -0)
(4.20023e-07 1.34234e-07 -0)
(4.78118e-07 1.63145e-07 -0)
(5.7233e-07 1.84393e-07 -0)
(7.03549e-07 1.48768e-07 -0)
(1.8449e-05 7.94786e-05 -0)
(1.61304e-05 1.58448e-05 -0)
(4.81902e-06 1.90089e-06 -0)
(4.39055e-06 1.4892e-06 -0)
(2.52799e-06 1.28671e-06 -0)
(2.30858e-06 3.17197e-08 -0)
(6.8642e-08 -1.14358e-08 -0)
(8.73371e-08 -2.49927e-08 -0)
(8.58003e-08 -3.75941e-08 -0)
(1.43246e-07 -5.88829e-08 -0)
(2.09098e-07 -1.03427e-07 -0)
(2.09838e-07 -5.01334e-08 -0)
(2.00017e-07 -4.49623e-08 -0)
(1.96396e-07 -4.35765e-08 -0)
(1.95145e-07 -4.46996e-08 -0)
(1.95252e-07 -4.91618e-08 -0)
(1.98256e-07 -5.96722e-08 -0)
(2.09423e-07 -7.88039e-08 -0)
(2.5215e-07 -1.19864e-07 -0)
(3.08898e-07 -8.97887e-08 -0)
(3.36825e-07 -3.79249e-08 -0)
(3.46233e-07 -8.04662e-09 -0)
(3.56289e-07 1.4354e-08 -0)
(3.70372e-07 3.59966e-08 -0)
(3.87215e-07 6.03687e-08 -0)
(4.06647e-07 8.25642e-08 -0)
(4.36852e-07 9.28591e-08 -0)
(4.85138e-07 9.81398e-08 -0)
(5.46637e-07 9.36868e-08 -0)
(6.02578e-07 5.23148e-08 -0)
(3.95036e-05 3.72925e-05 -0)
(6.07715e-05 1.97733e-05 -0)
(5.90101e-05 1.78399e-05 -0)
(5.37541e-05 9.80606e-06 -0)
(4.83746e-05 5.76261e-06 -0)
(4.67805e-05 3.46302e-06 -0)
(4.28745e-05 3.09073e-06 -0)
(4.05502e-05 2.2701e-06 -0)
(3.03213e-05 2.89703e-06 -0)
(2.53677e-05 5.44414e-06 -0)
(1.23124e-07 -9.67008e-09 -0)
(2.49511e-07 -2.14824e-08 -0)
(1.99566e-07 -2.12783e-08 -0)
(1.93454e-07 -2.1335e-08 -0)
(1.90048e-07 -2.22581e-08 -0)
(1.86173e-07 -2.49539e-08 -0)
(1.7936e-07 -3.13847e-08 -0)
(1.63546e-07 -4.39554e-08 -0)
(2.39646e-07 -7.83766e-08 -0)
(3.64279e-07 -1.52947e-07 -0)
(3.86954e-07 -3.13618e-08 -0)
(3.72048e-07 -1.16798e-08 -0)
(3.76297e-07 2.70188e-09 -0)
(3.92e-07 1.71307e-08 -0)
(4.09203e-07 3.38834e-08 -0)
(4.17507e-07 4.22825e-08 -0)
(4.35599e-07 3.95936e-08 -0)
(4.78945e-07 3.69662e-08 -0)
(5.26505e-07 3.78569e-08 -0)
(5.57547e-07 1.98978e-08 -0)
(2.12544e-05 -1.82742e-05 -0)
(3.25618e-05 -3.5722e-06 -0)
(4.74422e-05 5.48047e-06 -0)
(5.8626e-05 8.40469e-06 -0)
(6.09106e-05 7.04693e-06 -0)
(6.74277e-05 6.00846e-06 -0)
(6.399e-05 6.22784e-06 -0)
(6.91696e-05 9.55195e-06 -0)
(5.79496e-05 1.26026e-05 -0)
(6.24416e-05 2.06509e-05 -0)
(4.44459e-05 1.88726e-05 -0)
(4.32995e-05 2.27854e-06 -0)
(4.09391e-05 6.30127e-07 -0)
(4.06362e-05 8.26493e-08 -0)
(3.99403e-05 -1.9506e-07 -0)
(4.10115e-05 -1.36735e-07 -0)
(4.06497e-05 3.42744e-07 -0)
(3.67586e-05 2.02242e-06 -0)
(3.47015e-05 8.13627e-06 -0)
(3.24288e-07 2.01578e-09 -0)
(3.11195e-07 -5.51527e-09 -0)
(2.62513e-07 -4.10857e-09 -0)
(3.28447e-07 -2.12312e-09 -0)
(5.59429e-07 -8.62252e-10 -0)
(1.50313e-06 -8.20372e-09 -0)
(4.10054e-06 -3.27922e-08 -0)
(5.41398e-06 6.60603e-08 -0)
(2.99121e-06 8.81255e-08 -0)
(8.22493e-07 2.30044e-08 -0)
(3.86066e-07 4.669e-09 -0)
(1.57042e-06 -1.55664e-05 -0)
(7.58946e-06 -1.02349e-05 -0)
(1.76899e-05 -5.9676e-06 -0)
(2.75663e-05 -1.99259e-06 -0)
(3.4082e-05 4.20337e-07 -0)
(3.99571e-05 1.94517e-06 -0)
(4.17905e-05 3.74652e-06 -0)
(4.63494e-05 7.11065e-06 -0)
(4.83661e-05 1.09421e-05 -0)
(5.48114e-05 1.55526e-05 -0)
(6.21368e-05 1.64525e-05 -0)
(6.14362e-05 7.15348e-06 -0)
(6.06308e-05 2.35105e-06 -0)
(6.0761e-05 2.60595e-07 -0)
(6.16306e-05 -6.55463e-07 -0)
(6.12154e-05 -3.62278e-07 -0)
(6.36338e-05 1.96903e-06 -0)
(5.74927e-05 6.7456e-06 -0)
(6.31226e-05 1.78167e-05 -0)
(5.19772e-05 2.19149e-05 -0)
(5.32986e-05 1.6276e-06 -0)
(5.34466e-05 -4.35312e-07 -0)
(5.59982e-05 -1.51823e-06 -0)
(6.05507e-05 -2.76612e-06 -0)
(6.65855e-05 -4.62227e-06 -0)
(7.33296e-05 -4.91122e-06 -0)
(8.0853e-05 -2.5186e-06 -0)
(8.86647e-05 -2.59599e-07 -0)
(9.70091e-05 -4.92323e-07 -0)
(0.000101179 -5.54412e-07 -0)
(3.16328e-06 -2.81638e-05 -0)
(9.73672e-06 -2.05213e-05 -0)
(1.59908e-05 -1.30884e-05 -0)
(2.22737e-05 -7.86535e-06 -0)
(2.73671e-05 -3.98795e-06 -0)
(3.13433e-05 -1.09815e-06 -0)
(3.41315e-05 1.35656e-06 -0)
(3.72026e-05 3.9311e-06 -0)
(4.14099e-05 6.48546e-06 -0)
(4.64057e-05 8.35862e-06 -0)
(5.45414e-05 8.55363e-06 -0)
(5.84038e-05 5.41112e-06 -0)
(6.03726e-05 1.84676e-06 -0)
(6.22097e-05 -5.48831e-07 -0)
(6.40303e-05 -1.52255e-06 -0)
(6.54134e-05 -9.80682e-07 -0)
(6.73692e-05 1.99619e-06 -0)
(6.84834e-05 6.71236e-06 -0)
(7.38323e-05 1.29019e-05 -0)
(8.33396e-05 1.37142e-05 -0)
(8.59884e-05 3.18271e-06 -0)
(9.0377e-05 -2.89152e-06 -0)
(9.61397e-05 -6.65344e-06 -0)
(0.000103672 -9.63661e-06 -0)
(0.000111986 -1.20846e-05 -0)
(0.000121288 -1.36416e-05 -0)
(0.000133281 -1.4223e-05 -0)
(0.000147872 -1.43167e-05 -0)
(0.000165234 -1.23306e-05 -0)
(0.00017611 -5.45291e-06 -0)
(3.78483e-06 -3.15223e-05 -0)
(1.07634e-05 -2.48814e-05 -0)
(1.82646e-05 -1.91132e-05 -0)
(2.5304e-05 -1.35154e-05 -0)
(3.12542e-05 -8.61078e-06 -0)
(3.60589e-05 -4.62051e-06 -0)
(4.00336e-05 -1.46339e-06 -0)
(4.34927e-05 1.03755e-06 -0)
(4.73327e-05 2.82707e-06 -0)
(5.15174e-05 3.60523e-06 -0)
(5.67066e-05 3.3183e-06 -0)
(6.12754e-05 1.75416e-06 -0)
(6.51743e-05 -6.50816e-07 -0)
(6.86814e-05 -2.73818e-06 -0)
(7.20725e-05 -3.65516e-06 -0)
(7.53785e-05 -3.03654e-06 -0)
(7.914e-05 -6.94558e-07 -0)
(8.45911e-05 2.35943e-06 -0)
(9.18273e-05 4.583e-06 -0)
(0.000103538 3.33795e-06 -0)
(0.00011241 -2.49942e-06 -0)
(0.000121102 -8.98011e-06 -0)
(0.000129245 -1.40955e-05 -0)
(0.000138614 -1.81428e-05 -0)
(0.00014686 -2.12796e-05 -0)
(0.000157439 -2.46736e-05 -0)
(0.000167616 -2.81351e-05 -0)
(0.000182851 -3.21384e-05 -0)
(0.000199295 -3.12513e-05 -0)
(0.000219498 -1.7528e-05 -0)
(6.3392e-06 -4.36176e-05 -0)
(1.76062e-05 -3.4651e-05 -0)
(2.75237e-05 -2.71104e-05 -0)
(3.56762e-05 -2.03561e-05 -0)
(4.22551e-05 -1.43622e-05 -0)
(4.76905e-05 -9.41596e-06 -0)
(5.23987e-05 -5.61357e-06 -0)
(5.68006e-05 -2.94314e-06 -0)
(6.12906e-05 -1.38526e-06 -0)
(6.59671e-05 -9.49026e-07 -0)
(7.08818e-05 -1.47045e-06 -0)
(7.59263e-05 -2.868e-06 -0)
(8.0653e-05 -4.87021e-06 -0)
(8.49579e-05 -6.7018e-06 -0)
(8.91378e-05 -7.65501e-06 -0)
(9.36698e-05 -7.48874e-06 -0)
(9.93086e-05 -6.51092e-06 -0)
(0.000107075 -5.6189e-06 -0)
(0.000116826 -6.04289e-06 -0)
(0.000128703 -8.53238e-06 -0)
(0.000139426 -1.30685e-05 -0)
(0.000149041 -1.84211e-05 -0)
(0.000156207 -2.30508e-05 -0)
(0.000163667 -2.68178e-05 -0)
(0.000168059 -2.97726e-05 -0)
(0.00017539 -3.35409e-05 -0)
(0.000177733 -3.75919e-05 -0)
(0.000187131 -4.48832e-05 -0)
(0.000191881 -4.94432e-05 -0)
(0.000214076 -4.25892e-05 -0)
(1.22929e-05 -5.61608e-05 -0)
(3.35888e-05 -4.4271e-05 -0)
(4.58437e-05 -3.59608e-05 -0)
(5.29473e-05 -2.77088e-05 -0)
(5.77077e-05 -2.03402e-05 -0)
(6.15446e-05 -1.44819e-05 -0)
(6.51577e-05 -1.02423e-05 -0)
(6.87959e-05 -7.49075e-06 -0)
(7.267e-05 -6.07201e-06 -0)
(7.66512e-05 -5.78798e-06 -0)
(8.07497e-05 -6.42592e-06 -0)
(8.47174e-05 -7.7129e-06 -0)
(8.8461e-05 -9.3401e-06 -0)
(9.18219e-05 -1.08788e-05 -0)
(9.54247e-05 -1.20525e-05 -0)
(9.96399e-05 -1.28327e-05 -0)
(0.000105459 -1.35818e-05 -0)
(0.000112744 -1.47071e-05 -0)
(0.000121805 -1.66686e-05 -0)
(0.000130812 -1.92628e-05 -0)
(0.000139537 -2.2392e-05 -0)
(0.000145609 -2.53679e-05 -0)
(0.000150445 -2.81198e-05 -0)
(0.000153014 -3.01028e-05 -0)
(0.000154478 -3.22813e-05 -0)
(0.000156009 -3.46594e-05 -0)
(0.000153088 -3.76643e-05 -0)
(0.000157039 -4.40983e-05 -0)
(0.00014661 -5.19836e-05 -0)
(0.000204484 -8.25953e-05 -0)
(8.90648e-05 -8.11485e-05 -0)
(8.06515e-05 -6.43033e-05 -0)
(7.41777e-05 -4.58574e-05 -0)
(6.97143e-05 -3.22544e-05 -0)
(6.72741e-05 -2.30273e-05 -0)
(6.65453e-05 -1.68251e-05 -0)
(6.70638e-05 -1.2755e-05 -0)
(6.84255e-05 -1.02829e-05 -0)
(7.03551e-05 -9.0915e-06 -0)
(7.25624e-05 -8.89349e-06 -0)
(7.49694e-05 -9.4821e-06 -0)
(7.74093e-05 -1.05852e-05 -0)
(8.00051e-05 -1.20325e-05 -0)
(8.28908e-05 -1.36441e-05 -0)
(8.64521e-05 -1.53846e-05 -0)
(9.1084e-05 -1.72819e-05 -0)
(9.69235e-05 -1.94036e-05 -0)
(0.000103866 -2.17826e-05 -0)
(0.000111464 -2.42157e-05 -0)
(0.000118369 -2.63234e-05 -0)
(0.000124717 -2.80189e-05 -0)
(0.000127984 -2.90469e-05 -0)
(0.000131407 -3.01535e-05 -0)
(0.000129969 -3.0348e-05 -0)
(0.000131992 -3.19197e-05 -0)
(0.000125467 -3.22215e-05 -0)
(0.000127563 -3.64008e-05 -0)
(0.000114502 -3.96841e-05 -0)
(0.000117496 -6.82013e-05 -0)
(6.55236e-05 -0.000163156 -0)
(7.98946e-05 -5.0809e-05 -0)
(6.42279e-05 -3.84778e-05 -0)
(5.63807e-05 -2.93283e-05 -0)
(5.37384e-05 -2.28036e-05 -0)
(5.37894e-05 -1.81018e-05 -0)
(5.50605e-05 -1.4674e-05 -0)
(5.69975e-05 -1.23006e-05 -0)
(5.91833e-05 -1.08316e-05 -0)
(6.16861e-05 -1.02525e-05 -0)
(6.41932e-05 -1.04179e-05 -0)
(6.71e-05 -1.13225e-05 -0)
(7.00299e-05 -1.27472e-05 -0)
(7.3651e-05 -1.47426e-05 -0)
(7.7563e-05 -1.70739e-05 -0)
(8.2354e-05 -1.98483e-05 -0)
(8.78008e-05 -2.28494e-05 -0)
(9.36865e-05 -2.5965e-05 -0)
(0.000100217 -2.89769e-05 -0)
(0.00010576 -3.11176e-05 -0)
(0.000110801 -3.23501e-05 -0)
(0.000113073 -3.20241e-05 -0)
(0.000114007 -3.12529e-05 -0)
(0.000112017 -3.00075e-05 -0)
(0.000108455 -2.919e-05 -0)
(0.000105432 -2.85404e-05 -0)
(9.75093e-05 -2.75228e-05 -0)
(8.99936e-05 -3.04712e-05 -0)
(7.92527e-05 -3.30387e-05 -0)
(6.04155e-05 -3.17721e-05 -0)
(1.01092e-05 -1.60026e-05 -0)
(8.53864e-05 -4.04209e-05 -0)
(7.90668e-05 -3.78168e-05 -0)
(7.57222e-05 -3.34167e-05 -0)
(7.39296e-05 -2.81482e-05 -0)
(7.31665e-05 -2.32511e-05 -0)
(7.27736e-05 -1.9226e-05 -0)
(7.2895e-05 -1.63535e-05 -0)
(7.29949e-05 -1.45169e-05 -0)
(7.36085e-05 -1.3795e-05 -0)
(7.39376e-05 -1.39254e-05 -0)
(7.505e-05 -1.50344e-05 -0)
(7.5718e-05 -1.66952e-05 -0)
(7.77206e-05 -1.92062e-05 -0)
(7.92487e-05 -2.1877e-05 -0)
(8.25759e-05 -2.52686e-05 -0)
(8.54988e-05 -2.83692e-05 -0)
(8.96191e-05 -3.16594e-05 -0)
(9.33397e-05 -3.40232e-05 -0)
(9.57931e-05 -3.49151e-05 -0)
(9.67369e-05 -3.41353e-05 -0)
(9.43495e-05 -3.14585e-05 -0)
(9.18456e-05 -2.82786e-05 -0)
(8.47088e-05 -2.4488e-05 -0)
(7.81959e-05 -2.40876e-05 -0)
(7.41552e-05 -2.24433e-05 -0)
(6.23025e-05 -1.63781e-05 -0)
(5.57328e-05 -2.05895e-05 -0)
(4.04043e-05 -2.13299e-05 -0)
(2.57603e-05 -6.69862e-06 -0)
(1.13215e-05 -1.34635e-05 -0)
(8.74174e-05 -3.19076e-05 -0)
(8.00479e-05 -2.98053e-05 -0)
(7.37539e-05 -2.62633e-05 -0)
(6.87869e-05 -2.21801e-05 -0)
(6.544e-05 -1.84973e-05 -0)
(6.30685e-05 -1.55021e-05 -0)
(6.17779e-05 -1.34374e-05 -0)
(6.07751e-05 -1.21726e-05 -0)
(6.05987e-05 -1.18508e-05 -0)
(6.02875e-05 -1.22658e-05 -0)
(6.11126e-05 -1.36795e-05 -0)
(6.15723e-05 -1.56965e-05 -0)
(6.40428e-05 -1.88379e-05 -0)
(6.57315e-05 -2.21381e-05 -0)
(7.04205e-05 -2.6632e-05 -0)
(7.31658e-05 -3.01151e-05 -0)
(7.86031e-05 -3.41626e-05 -0)
(8.07382e-05 -3.5466e-05 -0)
(8.10217e-05 -3.47863e-05 -0)
(7.78322e-05 -3.14927e-05 -0)
(7.19904e-05 -2.74692e-05 -0)
(6.76772e-05 -2.26645e-05 -0)
(5.65788e-05 -1.4986e-05 -0)
(5.19731e-05 -1.7854e-05 -0)
(4.13649e-05 -1.90235e-05 -0)
(3.33913e-05 -4.43508e-06 -0)
(2.96982e-05 -7.34071e-06 -0)
(4.19394e-07 -1.71467e-07 -0)
(3.89414e-07 -2.23408e-07 -0)
(9.62209e-08 -2.47347e-07 -0)
(8.81305e-05 -2.4937e-05 -0)
(8.21234e-05 -2.37684e-05 -0)
(7.72444e-05 -2.19408e-05 -0)
(7.33636e-05 -1.96131e-05 -0)
(7.08629e-05 -1.73055e-05 -0)
(6.88624e-05 -1.51988e-05 -0)
(6.78919e-05 -1.37318e-05 -0)
(6.67716e-05 -1.28424e-05 -0)
(6.65967e-05 -1.29105e-05 -0)
(6.58134e-05 -1.37283e-05 -0)
(6.63086e-05 -1.57871e-05 -0)
(6.58752e-05 -1.85701e-05 -0)
(6.74985e-05 -2.27538e-05 -0)
(6.76603e-05 -2.69291e-05 -0)
(7.10633e-05 -3.22973e-05 -0)
(7.098e-05 -3.53616e-05 -0)
(7.55966e-05 -3.90659e-05 -0)
(7.15404e-05 -3.59077e-05 -0)
(6.68988e-05 -3.20518e-05 -0)
(5.71765e-05 -2.5251e-05 -0)
(5.03434e-05 -2.07236e-05 -0)
(3.92875e-05 -1.81866e-05 -0)
(3.09828e-05 -3.93621e-06 -0)
(2.85333e-05 -6.57369e-06 -0)
(3.87247e-07 -9.21943e-08 -0)
(4.56639e-07 -1.19921e-07 -0)
(2.28288e-07 -1.32465e-07 -0)
(2.08954e-07 -1.6057e-07 -0)
(2.00706e-07 -3.66752e-07 -0)
(6.90556e-08 -4.14622e-07 -0)
(8.86757e-05 -1.92515e-05 -0)
(8.35746e-05 -1.85887e-05 -0)
(7.91011e-05 -1.75024e-05 -0)
(7.50051e-05 -1.59954e-05 -0)
(7.1883e-05 -1.44114e-05 -0)
(6.89467e-05 -1.28643e-05 -0)
(6.70135e-05 -1.17804e-05 -0)
(6.47395e-05 -1.11029e-05 -0)
(6.34926e-05 -1.1275e-05 -0)
(6.13251e-05 -1.207e-05 -0)
(6.04272e-05 -1.41198e-05 -0)
(5.82565e-05 -1.68641e-05 -0)
(5.79793e-05 -2.11597e-05 -0)
(5.67683e-05 -2.56206e-05 -0)
(5.80302e-05 -3.10399e-05 -0)
(5.78439e-05 -3.44965e-05 -0)
(6.09544e-05 -3.68265e-05 -0)
(5.01708e-05 -2.76597e-05 -0)
(4.42e-05 -2.19897e-05 -0)
(2.91231e-05 -1.7435e-05 -0)
(2.6143e-05 -6.46883e-06 -0)
(2.9785e-07 -5.02089e-08 -0)
(4.09247e-07 -6.03279e-08 -0)
(2.69032e-07 -4.48554e-08 -0)
(3.09434e-07 -2.28125e-08 -0)
(3.1533e-07 -1.87761e-07 -0)
(2.35494e-07 -2.19169e-07 -0)
(1.8561e-07 -2.03302e-07 -0)
(1.35364e-07 -2.65494e-07 -0)
(4.83508e-08 -2.97216e-07 -0)
(8.90214e-05 -1.4355e-05 -0)
(8.44596e-05 -1.39639e-05 -0)
(8.03409e-05 -1.33125e-05 -0)
(7.63559e-05 -1.23816e-05 -0)
(7.32081e-05 -1.1392e-05 -0)
(7.00241e-05 -1.03773e-05 -0)
(6.7917e-05 -9.69655e-06 -0)
(6.51656e-05 -9.27245e-06 -0)
(6.3769e-05 -9.60014e-06 -0)
(6.07992e-05 -1.04092e-05 -0)
(5.97553e-05 -1.26127e-05 -0)
(5.6092e-05 -1.54519e-05 -0)
(5.54741e-05 -2.06683e-05 -0)
(5.20864e-05 -2.5727e-05 -0)
(5.20134e-05 -3.24546e-05 -0)
(5.1264e-05 -3.63638e-05 -0)
(4.78191e-05 -3.34863e-05 -0)
(2.89486e-05 -1.97947e-05 -0)
(2.54398e-05 -7.66471e-06 -0)
(1.98273e-07 -3.0324e-08 -0)
(3.66343e-07 -1.26404e-08 -0)
(3.28121e-07 2.88668e-08 -0)
(3.32131e-07 -8.45734e-08 -0)
(2.90783e-07 -7.62746e-08 -0)
(2.80279e-07 -7.1915e-08 -0)
(2.60284e-07 -1.25094e-07 -0)
(2.12747e-07 -1.54462e-07 -0)
(1.62628e-07 -1.68006e-07 -0)
(1.06791e-07 -1.94708e-07 -0)
(3.73337e-08 -2.11532e-07 -0)
(8.92248e-05 -9.95591e-06 -0)
(8.50294e-05 -9.73279e-06 -0)
(8.11393e-05 -9.3478e-06 -0)
(7.73011e-05 -8.80003e-06 -0)
(7.40823e-05 -8.20207e-06 -0)
(7.07571e-05 -7.58678e-06 -0)
(6.83365e-05 -7.16883e-06 -0)
(6.52182e-05 -6.93459e-06 -0)
(6.33914e-05 -7.22638e-06 -0)
(5.97107e-05 -7.89632e-06 -0)
(5.80892e-05 -9.71009e-06 -0)
(5.2641e-05 -1.20831e-05 -0)
(5.09723e-05 -1.71006e-05 -0)
(4.30476e-05 -2.13454e-05 -0)
(4.2325e-05 -2.95025e-05 -0)
(3.61851e-05 -3.05435e-05 -0)
(2.18508e-05 -1.95616e-05 -0)
(2.60426e-07 -7.45519e-08 -0)
(3.0524e-07 -1.84281e-08 -0)
(2.89087e-07 4.88833e-08 -0)
(3.16496e-07 -1.64713e-08 -0)
(3.12474e-07 -1.16616e-08 -0)
(3.04106e-07 -4.34198e-08 -0)
(2.81691e-07 -5.36645e-08 -0)
(2.60614e-07 -6.29447e-08 -0)
(2.32782e-07 -8.62382e-08 -0)
(1.92582e-07 -1.05579e-07 -0)
(1.45364e-07 -1.19553e-07 -0)
(9.18384e-08 -1.338e-07 -0)
(3.15267e-08 -1.42672e-07 -0)
(8.93408e-05 -5.86302e-06 -0)
(8.53681e-05 -5.74999e-06 -0)
(8.16093e-05 -5.54435e-06 -0)
(7.78891e-05 -5.26086e-06 -0)
(7.46142e-05 -4.93748e-06 -0)
(7.12656e-05 -4.62122e-06 -0)
(6.85871e-05 -4.38745e-06 -0)
(6.53676e-05 -4.29746e-06 -0)
(6.31081e-05 -4.46552e-06 -0)
(5.92708e-05 -4.94726e-06 -0)
(5.69679e-05 -6.043e-06 -0)
(5.09765e-05 -7.74139e-06 -0)
(4.79161e-05 -1.13322e-05 -0)
(3.69142e-05 -1.51114e-05 -0)
(3.4493e-05 -2.42446e-05 -0)
(1.7896e-05 -1.81177e-05 -0)
(1.61726e-07 -1.14227e-07 -0)
(2.92569e-07 -1.55308e-08 -0)
(3.03287e-07 -2.75708e-08 -0)
(3.01809e-07 8.91041e-10 -0)
(3.05798e-07 -7.59494e-09 -0)
(3.01172e-07 -1.18887e-08 -0)
(2.90128e-07 -2.37803e-08 -0)
(2.71259e-07 -3.20191e-08 -0)
(2.47705e-07 -3.99601e-08 -0)
(2.1765e-07 -5.13346e-08 -0)
(1.79432e-07 -6.20627e-08 -0)
(1.34407e-07 -7.08256e-08 -0)
(8.3672e-08 -7.82672e-08 -0)
(2.84618e-08 -8.26833e-08 -0)
(8.93782e-05 -1.93627e-06 -0)
(8.55494e-05 -1.90314e-06 -0)
(8.17949e-05 -1.83643e-06 -0)
(7.82183e-05 -1.75184e-06 -0)
(7.47977e-05 -1.64551e-06 -0)
(7.16215e-05 -1.55489e-06 -0)
(6.85587e-05 -1.47137e-06 -0)
(6.56678e-05 -1.46269e-06 -0)
(6.26443e-05 -1.49823e-06 -0)
(5.95213e-05 -1.70105e-06 -0)
(5.57455e-05 -2.01026e-06 -0)
(5.11833e-05 -2.70292e-06 -0)
(4.4991e-05 -3.79016e-06 -0)
(3.56893e-05 -6.07739e-06 -0)
(2.38911e-05 -1.02295e-05 -0)
(1.1028e-06 -1.28079e-06 -0)
(2.01431e-07 -7.02587e-08 -0)
(3.52743e-07 -2.0813e-08 -0)
(3.21663e-07 -1.01639e-08 -0)
(3.09063e-07 -2.43666e-09 -0)
(3.03717e-07 -2.90994e-09 -0)
(2.96288e-07 -4.5184e-09 -0)
(2.83976e-07 -7.79396e-09 -0)
(2.65511e-07 -1.0671e-08 -0)
(2.41299e-07 -1.35417e-08 -0)
(2.1068e-07 -1.70776e-08 -0)
(1.73091e-07 -2.05119e-08 -0)
(1.29159e-07 -2.34194e-08 -0)
(7.99807e-08 -2.57595e-08 -0)
(2.71107e-08 -2.71107e-08 -0)
)
;

boundaryField
{
    inlet1
    {
        type            extrapolatedCalculated;
        value           nonuniform List<vector> 10((1e-05 9.552e-06 -0) (1e-05 3.57755e-05 -0) (1e-05 5.9279e-05 -0) (1e-05 7.81313e-05 -0) (1e-05 0.000100843 -0) (1e-05 0.000124234 -0) (1e-05 0.000146201 -0) (1e-05 0.000163524 -0) (1e-05 0.000172388 -0) (1e-05 0.00016284 -0));
    }
    inlet2
    {
        type            extrapolatedCalculated;
        value           nonuniform List<vector> 10((-0 8.95521e-05 -0) (-0 7.05121e-05 -0) (-0 7.94786e-05 -0) (-0 3.72925e-05 -0) (-0 -1.82742e-05 -0) (-0 -1.55664e-05 -0) (-0 -2.81638e-05 -0) (-0 -3.15223e-05 -0) (-0 -4.36176e-05 -0) (-0 -5.61608e-05 -0));
    }
    inlet3
    {
        type            extrapolatedCalculated;
        value           nonuniform List<vector> 10((9.13394e-05 -6.96818e-05 -0) (9.13394e-05 -5.37613e-05 -0) (9.13394e-05 -4.12318e-05 -0) (9.13394e-05 -3.22024e-05 -0) (9.13394e-05 -2.51294e-05 -0) (9.13394e-05 -1.93513e-05 -0) (9.13394e-05 -1.44043e-05 -0) (9.13394e-05 -9.98013e-06 -0) (9.13394e-05 -5.87391e-06 -0) (9.13394e-05 -1.93966e-06 -0));
    }
    output1
    {
        type            extrapolatedCalculated;
        value           nonuniform List<vector> 10((-0 1.37659e-08 -0) (-0 4.17934e-08 -0) (-0 7.13769e-08 -0) (-0 1.0381e-07 -0) (-0 1.40868e-07 -0) (-0 1.85282e-07 -0) (-0 2.41751e-07 -0) (-0 3.19417e-07 -0) (-0 4.3868e-07 -0) (-0 6.52262e-07 -0));
    }
    output2
    {
        type            extrapolatedCalculated;
        value           nonuniform List<vector> 10((1.22085e-06 5.07135e-07 -0) (7.76803e-07 1.48768e-07 -0) (6.25778e-07 5.23148e-08 -0) (5.67544e-07 1.98978e-08 -0) (3.87032e-07 4.669e-09 -0) (0.00010213 -5.54412e-07 -0) (0.000178524 -5.45291e-06 -0) (0.000225707 -1.7528e-05 -0) (0.000233892 -4.25892e-05 -0) (0.000269565 -8.25953e-05 -0));
    }
    output3
    {
        type            extrapolatedCalculated;
        value           nonuniform List<vector> 10((-0 -0.000163156 -0) (-0 -1.60026e-05 -0) (-0 -1.34635e-05 -0) (-0 -2.47347e-07 -0) (-0 -4.14622e-07 -0) (-0 -2.97216e-07 -0) (-0 -2.11532e-07 -0) (-0 -1.42672e-07 -0) (-0 -8.26833e-08 -0) (-0 -2.71107e-08 -0));
    }
    up
    {
        type            extrapolatedCalculated;
        value           nonuniform List<vector> 
30
(
(8.93782e-05 -0 -0)
(8.55494e-05 -0 -0)
(8.17949e-05 -0 -0)
(7.82183e-05 -0 -0)
(7.47977e-05 -0 -0)
(7.16215e-05 -0 -0)
(6.85587e-05 -0 -0)
(6.56678e-05 -0 -0)
(6.26443e-05 -0 -0)
(5.95213e-05 -0 -0)
(5.57455e-05 -0 -0)
(5.11833e-05 -0 -0)
(4.4991e-05 -0 -0)
(3.56893e-05 -0 -0)
(2.38911e-05 -0 -0)
(1.1028e-06 -0 -0)
(2.01431e-07 -0 -0)
(3.52743e-07 -0 -0)
(3.21663e-07 -0 -0)
(3.09063e-07 -0 -0)
(3.03717e-07 -0 -0)
(2.96288e-07 -0 -0)
(2.83976e-07 -0 -0)
(2.65511e-07 -0 -0)
(2.41299e-07 -0 -0)
(2.1068e-07 -0 -0)
(1.73091e-07 -0 -0)
(1.29159e-07 -0 -0)
(7.99807e-08 -0 -0)
(2.71107e-08 -0 -0)
)
;
    }
    down
    {
        type            extrapolatedCalculated;
        value           nonuniform List<vector> 
30
(
(5.14942e-06 -0 -0)
(1.43692e-06 -0 -0)
(1.83777e-07 -0 -0)
(1.81657e-07 -0 -0)
(1.10526e-07 -0 -0)
(1.92784e-07 -0 -0)
(1.862e-07 -0 -0)
(1.80962e-07 -0 -0)
(1.78101e-07 -0 -0)
(1.77103e-07 -0 -0)
(1.77334e-07 -0 -0)
(1.783e-07 -0 -0)
(1.79633e-07 -0 -0)
(1.8104e-07 -0 -0)
(1.8227e-07 -0 -0)
(1.8309e-07 -0 -0)
(1.83263e-07 -0 -0)
(1.82544e-07 -0 -0)
(1.80666e-07 -0 -0)
(1.77344e-07 -0 -0)
(1.72275e-07 -0 -0)
(1.65149e-07 -0 -0)
(1.55666e-07 -0 -0)
(1.43551e-07 -0 -0)
(1.28595e-07 -0 -0)
(1.10689e-07 -0 -0)
(8.98791e-08 -0 -0)
(6.64173e-08 -0 -0)
(4.07999e-08 -0 -0)
(1.37652e-08 -0 -0)
)
;
    }
    emptyWalls
    {
        type            empty;
    }
}


// ************************************************************************* //
