/*--------------------------------*- C++ -*----------------------------------*\
  =========                 |
  \\      /  F ield         | OpenFOAM: The Open Source CFD Toolbox
   \\    /   O peration     | Website:  https://openfoam.org
    \\  /    A nd           | Version:  9
     \\/     M anipulation  |
\*---------------------------------------------------------------------------*/
FoamFile
{
    format      ascii;
    class       volScalarField;
    location    "1500";
    object      p;
}
// * * * * * * * * * * * * * * * * * * * * * * * * * * * * * * * * * * * * * //

dimensions      [0 0 0 0 0 0 0];

internalField   nonuniform List<scalar> 
900
(
2.23927e+09
2.23915e+09
2.23828e+09
2.19056e+09
2.14507e+09
2.09934e+09
2.05318e+09
2.00641e+09
1.95885e+09
1.91035e+09
1.86081e+09
1.81017e+09
1.75843e+09
1.70563e+09
1.65186e+09
1.59729e+09
1.54214e+09
1.48671e+09
1.43138e+09
1.37659e+09
1.32287e+09
1.27086e+09
1.22126e+09
1.17487e+09
1.13258e+09
1.09531e+09
1.064e+09
1.03957e+09
1.02278e+09
1.01422e+09
2.23931e+09
2.23915e+09
2.23813e+09
2.1907e+09
2.14532e+09
2.09976e+09
2.05379e+09
2.0072e+09
1.95978e+09
1.91139e+09
1.86191e+09
1.81128e+09
1.7595e+09
1.70659e+09
1.65266e+09
1.59786e+09
1.54242e+09
1.48662e+09
1.43084e+09
1.37551e+09
1.32117e+09
1.26844e+09
1.21804e+09
1.17078e+09
1.12756e+09
1.08935e+09
1.05714e+09
1.03191e+09
1.01454e+09
1.00567e+09
2.2394e+09
2.23921e+09
2.23776e+09
2.19092e+09
2.14576e+09
2.10058e+09
2.05503e+09
2.00881e+09
1.96169e+09
1.91352e+09
1.86416e+09
1.81355e+09
1.76168e+09
1.70857e+09
1.65432e+09
1.59908e+09
1.54305e+09
1.48652e+09
1.42984e+09
1.37344e+09
1.31786e+09
1.2637e+09
1.21168e+09
1.16265e+09
1.11753e+09
1.07737e+09
1.04329e+09
1.01642e+09
9.97791e+08
9.88245e+08
2.23953e+09
2.23933e+09
2.23678e+09
2.19076e+09
2.14622e+09
2.10179e+09
2.05694e+09
2.01131e+09
1.96467e+09
1.91682e+09
1.86765e+09
1.81708e+09
1.76509e+09
1.7117e+09
1.65699e+09
1.60108e+09
1.54419e+09
1.48656e+09
1.42855e+09
1.37057e+09
1.31312e+09
1.25681e+09
1.20235e+09
1.1506e+09
1.10254e+09
1.05932e+09
1.02224e+09
9.92663e+08
9.71961e+08
9.61275e+08
2.2397e+09
2.2395e+09
2.23395e+09
2.18969e+09
2.14657e+09
2.10341e+09
2.05961e+09
2.01484e+09
1.96884e+09
1.92145e+09
1.87254e+09
1.82204e+09
1.76991e+09
1.71615e+09
1.66084e+09
1.60407e+09
1.54605e+09
1.487e+09
1.42724e+09
1.36716e+09
1.30725e+09
1.24807e+09
1.19032e+09
1.13486e+09
1.08271e+09
1.03514e+09
9.93669e+08
9.60036e+08
9.36115e+08
9.23617e+08
2.23994e+09
2.23974e+09
2.22843e+09
2.18765e+09
2.14697e+09
2.10565e+09
2.06327e+09
2.01959e+09
1.97441e+09
1.9276e+09
1.87903e+09
1.82863e+09
1.77635e+09
1.72217e+09
1.66613e+09
1.60833e+09
1.54893e+09
1.48814e+09
1.42625e+09
1.3636e+09
1.30064e+09
1.23789e+09
1.17601e+09
1.11579e+09
1.0583e+09
1.00487e+09
9.57257e+08
9.17694e+08
8.88847e+08
8.73457e+08
2.24027e+09
2.24007e+09
2.22164e+09
2.18556e+09
2.14802e+09
2.10894e+09
2.06824e+09
2.02583e+09
1.98162e+09
1.9355e+09
1.88736e+09
1.83711e+09
1.78468e+09
1.73003e+09
1.67318e+09
1.6142e+09
1.5532e+09
1.49039e+09
1.426e+09
1.36036e+09
1.29382e+09
1.22686e+09
1.16002e+09
1.09402e+09
1.02983e+09
9.68777e+08
9.12792e+08
8.64635e+08
8.28125e+08
8.07904e+08
2.24071e+09
2.2405e+09
2.21649e+09
2.18496e+09
2.15061e+09
2.11385e+09
2.07492e+09
2.03388e+09
1.99073e+09
1.94541e+09
1.89779e+09
1.84777e+09
1.79523e+09
1.74011e+09
1.68238e+09
1.62207e+09
1.5593e+09
1.49421e+09
1.42703e+09
1.358e+09
1.28744e+09
1.2157e+09
1.14318e+09
1.07044e+09
9.98207e+08
9.27619e+08
8.60498e+08
7.99926e+08
7.51115e+08
7.22129e+08
2.24127e+09
2.24105e+09
2.21503e+09
2.18717e+09
2.1556e+09
2.12095e+09
2.08369e+09
2.04403e+09
2.00203e+09
1.95761e+09
1.91063e+09
1.86094e+09
1.80836e+09
1.75279e+09
1.69414e+09
1.63242e+09
1.56771e+09
1.50013e+09
1.42989e+09
1.35719e+09
1.28225e+09
1.2053e+09
1.12658e+09
1.04634e+09
9.64945e+08
8.82994e+08
8.01653e+08
7.2346e+08
6.54275e+08
6.07367e+08
2.24199e+09
2.24176e+09
2.21802e+09
2.19312e+09
2.16365e+09
2.13067e+09
2.09486e+09
2.05654e+09
2.01574e+09
1.97237e+09
1.92619e+09
1.87698e+09
1.8245e+09
1.76854e+09
1.70898e+09
1.64577e+09
1.57898e+09
1.50873e+09
1.43521e+09
1.3586e+09
1.27907e+09
1.19669e+09
1.11149e+09
1.0234e+09
9.32242e+08
8.37759e+08
7.39657e+08
6.37989e+08
5.35151e+08
4.45698e+08
2.24289e+09
2.24287e+09
2.22628e+09
2.20363e+09
2.17522e+09
2.14321e+09
2.10854e+09
2.07151e+09
2.03204e+09
1.98991e+09
1.94479e+09
1.89631e+09
1.84411e+09
1.7879e+09
1.72746e+09
1.66271e+09
1.5937e+09
1.52059e+09
1.44362e+09
1.36296e+09
1.27872e+09
1.1909e+09
1.09929e+09
1.00352e+09
9.02865e+08
7.96146e+08
6.81222e+08
5.53694e+08
4.02639e+08
1.94577e+08
2.24387e+09
2.24427e+09
2.24406e+09
2.21988e+09
2.19041e+09
2.15841e+09
2.12459e+09
2.0889e+09
2.05101e+09
2.01045e+09
1.96674e+09
1.91934e+09
1.86774e+09
1.81149e+09
1.75026e+09
1.6839e+09
1.61251e+09
1.53633e+09
1.45571e+09
1.37088e+09
1.28197e+09
1.18888e+09
1.09128e+09
9.88515e+08
8.79552e+08
7.62739e+08
6.35393e+08
4.92924e+08
3.27135e+08
1.24545e+08
2.24451e+09
2.24458e+09
2.24448e+09
2.24387e+09
2.20812e+09
2.17543e+09
2.14251e+09
2.1085e+09
2.07263e+09
2.03416e+09
1.99237e+09
1.94656e+09
1.89602e+09
1.84007e+09
1.77818e+09
1.71013e+09
1.63609e+09
1.55653e+09
1.47199e+09
1.38289e+09
1.28939e+09
1.19138e+09
1.08842e+09
9.79718e+08
8.64089e+08
7.39857e+08
6.04692e+08
4.55472e+08
2.88439e+08
1.01017e+08
2.24491e+09
2.24487e+09
2.2448e+09
2.24467e+09
2.22475e+09
2.19269e+09
2.1615e+09
2.12997e+09
2.09685e+09
2.06117e+09
2.02202e+09
1.97852e+09
1.92971e+09
1.87458e+09
1.81227e+09
1.74235e+09
1.6652e+09
1.58171e+09
1.49284e+09
1.39928e+09
1.30132e+09
1.19883e+09
1.0913e+09
9.77848e+08
8.57236e+08
7.27907e+08
5.88044e+08
4.35831e+08
2.70134e+08
9.2101e+07
2.24522e+09
2.24518e+09
2.24511e+09
2.24494e+09
2.24398e+09
2.20909e+09
2.18084e+09
2.15302e+09
2.12365e+09
2.09164e+09
2.05603e+09
2.01579e+09
1.9697e+09
1.91628e+09
1.85396e+09
1.7818e+09
1.70064e+09
1.61227e+09
1.51839e+09
1.42008e+09
1.31778e+09
1.21133e+09
1.10011e+09
9.83133e+08
8.591e+08
7.2649e+08
5.83749e+08
4.29673e+08
2.64163e+08
8.93538e+07
2.24551e+09
2.24548e+09
2.24541e+09
2.24527e+09
2.24497e+09
2.22075e+09
2.19973e+09
2.17762e+09
2.15309e+09
2.12571e+09
2.09468e+09
2.05889e+09
2.01704e+09
1.96686e+09
1.90549e+09
1.83027e+09
1.74328e+09
1.64833e+09
1.54835e+09
1.44488e+09
1.3384e+09
1.22859e+09
1.11467e+09
9.95475e+08
8.6954e+08
7.35208e+08
5.90789e+08
4.34953e+08
2.67491e+08
9.0504e+07
2.24582e+09
2.24578e+09
2.2457e+09
2.24555e+09
2.24518e+09
2.23221e+09
2.21972e+09
2.20464e+09
2.18537e+09
2.16343e+09
2.13808e+09
2.10806e+09
2.07272e+09
2.02862e+09
1.97089e+09
1.89049e+09
1.79389e+09
1.68943e+09
1.58179e+09
1.47271e+09
1.36233e+09
1.24997e+09
1.13452e+09
1.01455e+09
8.88377e+08
7.54013e+08
6.09246e+08
4.51857e+08
2.80346e+08
9.56739e+07
2.24618e+09
2.24611e+09
2.24597e+09
2.24577e+09
2.24517e+09
2.24374e+09
2.24249e+09
2.23592e+09
2.22033e+09
2.20458e+09
2.18617e+09
2.16254e+09
2.13716e+09
2.10402e+09
2.05896e+09
1.96691e+09
1.85236e+09
1.73372e+09
1.61667e+09
1.50184e+09
1.38824e+09
1.27444e+09
1.15888e+09
1.03984e+09
9.15403e+08
7.83222e+08
6.40326e+08
4.82885e+08
3.06361e+08
1.07519e+08
2.24663e+09
2.2465e+09
2.24622e+09
2.24575e+09
2.24496e+09
2.24383e+09
2.24271e+09
2.24131e+09
2.2362e+09
2.23121e+09
2.22594e+09
2.22061e+09
2.2152e+09
2.20981e+09
2.19986e+09
2.06582e+09
1.91493e+09
1.77642e+09
1.64934e+09
1.52974e+09
1.41435e+09
1.30068e+09
1.1867e+09
1.07053e+09
9.50173e+08
8.23148e+08
6.85954e+08
5.32998e+08
3.54694e+08
1.35557e+08
2.24722e+09
2.24697e+09
2.24657e+09
2.24596e+09
2.24511e+09
2.24395e+09
2.24242e+09
2.24005e+09
2.23628e+09
2.23179e+09
2.22668e+09
2.2214e+09
2.21631e+09
2.21143e+09
2.20566e+09
2.19655e+09
1.96513e+09
1.80767e+09
1.67453e+09
1.55344e+09
1.43874e+09
1.32723e+09
1.21671e+09
1.10541e+09
9.91608e+08
8.73245e+08
7.47346e+08
6.08462e+08
4.43861e+08
2.15572e+08
2.24793e+09
2.24751e+09
2.24702e+09
2.24636e+09
2.24546e+09
2.24418e+09
2.24235e+09
2.23984e+09
2.23678e+09
2.23277e+09
2.22724e+09
2.22154e+09
2.2162e+09
2.21199e+09
2.20747e+09
2.12643e+09
1.95796e+09
1.81463e+09
1.68766e+09
1.57074e+09
1.45995e+09
1.35278e+09
1.2475e+09
1.14281e+09
1.0376e+09
9.30883e+08
8.21727e+08
7.09644e+08
5.96714e+08
4.98443e+08
2.24858e+09
2.24809e+09
2.24756e+09
2.24691e+09
2.24604e+09
2.24478e+09
2.2428e+09
2.23988e+09
2.23738e+09
2.23486e+09
2.22805e+09
2.22094e+09
2.21536e+09
2.21055e+09
2.14992e+09
2.04774e+09
1.9257e+09
1.80523e+09
1.69073e+09
1.58191e+09
1.47753e+09
1.37644e+09
1.2777e+09
1.18071e+09
1.08511e+09
9.90961e+08
8.99035e+08
8.11671e+08
7.34909e+08
6.83043e+08
2.24919e+09
2.24871e+09
2.24818e+09
2.24758e+09
2.24682e+09
2.24578e+09
2.24427e+09
2.23983e+09
2.23714e+09
2.23029e+09
2.20291e+09
2.18194e+09
2.15663e+09
2.12474e+09
2.07021e+09
1.98893e+09
1.89187e+09
1.78985e+09
1.68813e+09
1.58864e+09
1.49185e+09
1.39773e+09
1.30617e+09
1.21721e+09
1.13117e+09
1.04882e+09
9.71779e+08
9.03097e+08
8.48208e+08
8.15778e+08
2.24978e+09
2.24931e+09
2.24882e+09
2.24831e+09
2.24769e+09
2.2468e+09
2.24015e+09
2.22826e+09
2.21595e+09
2.19955e+09
2.17495e+09
2.14738e+09
2.1144e+09
2.07294e+09
2.01727e+09
1.94588e+09
1.86302e+09
1.77418e+09
1.6833e+09
1.59266e+09
1.50349e+09
1.41645e+09
1.33204e+09
1.25081e+09
1.17352e+09
1.10136e+09
1.03616e+09
9.80728e+08
9.39048e+08
9.16082e+08
2.25033e+09
2.24988e+09
2.24946e+09
2.24904e+09
2.24857e+09
2.24829e+09
2.23343e+09
2.2172e+09
2.19892e+09
2.17702e+09
2.14995e+09
2.11822e+09
2.08065e+09
2.03534e+09
1.98005e+09
1.91432e+09
1.84015e+09
1.76054e+09
1.67822e+09
1.59523e+09
1.513e+09
1.43254e+09
1.35474e+09
1.28046e+09
1.21075e+09
1.14694e+09
1.09079e+09
1.0446e+09
1.01117e+09
9.9342e+08
2.25082e+09
2.25041e+09
2.25004e+09
2.24972e+09
2.24941e+09
2.24778e+09
2.22872e+09
2.20819e+09
2.18552e+09
2.15966e+09
2.12962e+09
2.0949e+09
2.05463e+09
2.00774e+09
1.95327e+09
1.89121e+09
1.8227e+09
1.7496e+09
1.67382e+09
1.59706e+09
1.52072e+09
1.44598e+09
1.3739e+09
1.30555e+09
1.24209e+09
1.18485e+09
1.13545e+09
1.09571e+09
1.06763e+09
1.053e+09
2.25125e+09
2.25086e+09
2.25054e+09
2.25029e+09
2.25013e+09
2.24925e+09
2.2255e+09
2.20133e+09
2.17531e+09
2.14647e+09
2.11396e+09
2.07712e+09
2.03524e+09
1.9877e+09
1.93408e+09
1.87454e+09
1.80987e+09
1.74134e+09
1.67039e+09
1.59846e+09
1.52684e+09
1.45675e+09
1.38934e+09
1.32575e+09
1.26718e+09
1.21494e+09
1.17045e+09
1.13518e+09
1.11061e+09
1.09797e+09
2.25159e+09
2.25121e+09
2.25091e+09
2.25069e+09
2.25052e+09
2.24979e+09
2.22304e+09
2.19632e+09
2.16792e+09
2.13696e+09
2.10265e+09
2.06436e+09
2.02152e+09
1.97373e+09
1.92081e+09
1.86299e+09
1.80089e+09
1.73549e+09
1.66796e+09
1.59953e+09
1.53143e+09
1.46485e+09
1.40096e+09
1.34092e+09
1.28596e+09
1.23729e+09
1.19621e+09
1.16395e+09
1.14168e+09
1.13029e+09
2.25182e+09
2.25145e+09
2.25116e+09
2.25094e+09
2.25075e+09
2.25035e+09
2.22116e+09
2.19297e+09
2.1631e+09
2.13078e+09
2.09533e+09
2.05614e+09
2.01276e+09
1.96489e+09
1.91246e+09
1.85572e+09
1.79521e+09
1.73178e+09
1.66643e+09
1.60029e+09
1.53451e+09
1.47026e+09
1.40871e+09
1.35104e+09
1.29842e+09
1.25207e+09
1.21313e+09
1.18274e+09
1.16185e+09
1.15121e+09
2.25194e+09
2.25157e+09
2.25128e+09
2.25105e+09
2.25085e+09
2.25046e+09
2.22026e+09
2.19132e+09
2.16072e+09
2.12774e+09
2.09173e+09
2.05212e+09
2.0085e+09
1.9606e+09
1.90842e+09
1.8522e+09
1.79246e+09
1.72998e+09
1.6657e+09
1.60068e+09
1.53605e+09
1.47297e+09
1.41259e+09
1.35609e+09
1.30464e+09
1.25941e+09
1.22152e+09
1.19202e+09
1.17179e+09
1.1615e+09
)
;

boundaryField
{
    inlet1
    {
        type            fixedGradient;
        gradient        uniform 20000;
    }
    inlet2
    {
        type            zeroGradient;
    }
    inlet3
    {
        type            fixedGradient;
        gradient        uniform 4.68141e+06;
    }
    output1
    {
        type            zeroGradient;
    }
    output2
    {
        type            fixedValue;
        value           uniform 0;
    }
    output3
    {
        type            zeroGradient;
    }
    up
    {
        type            zeroGradient;
    }
    down
    {
        type            zeroGradient;
    }
    emptyWalls
    {
        type            empty;
    }
}


// ************************************************************************* //
