/*--------------------------------*- C++ -*----------------------------------*\
  =========                 |
  \\      /  F ield         | OpenFOAM: The Open Source CFD Toolbox
   \\    /   O peration     | Website:  https://openfoam.org
    \\  /    A nd           | Version:  9
     \\/     M anipulation  |
\*---------------------------------------------------------------------------*/
FoamFile
{
    format      ascii;
    class       surfaceScalarField;
    location    "1500";
    object      phi;
}
// * * * * * * * * * * * * * * * * * * * * * * * * * * * * * * * * * * * * * //

dimensions      [0 3 -1 0 0 0 0];

internalField   nonuniform List<scalar> 
1740
(
1.85196e-07
-8.06631e-08
1.48873e-07
-5.4647e-09
1.3918e-07
6.28087e-10
1.87437e-07
-5.12861e-10
1.86098e-07
-9.56303e-10
1.87835e-07
-1.69788e-09
1.90314e-07
-2.50499e-09
1.93495e-07
-3.24333e-09
1.97258e-07
-3.84426e-09
2.0144e-07
-4.27484e-09
2.05855e-07
-4.5163e-09
2.10302e-07
-4.55575e-09
2.14565e-07
-4.3799e-09
2.18417e-07
-3.97408e-09
2.21611e-07
-3.32215e-09
2.23881e-07
-2.4065e-09
2.24942e-07
-1.20823e-09
2.2449e-07
2.92625e-10
2.22201e-07
2.11714e-09
2.1773e-07
4.28753e-09
2.10724e-07
6.82231e-09
2.0082e-07
9.72885e-09
1.8767e-07
1.29959e-08
1.7098e-07
1.65822e-08
1.50552e-07
2.03994e-08
1.26347e-07
2.42928e-08
9.85534e-08
2.80298e-08
6.76545e-08
3.13032e-08
3.44463e-08
3.37654e-08
3.50969e-08
1.75826e-07
-1.47314e-07
1.50531e-07
-1.69336e-08
1.39142e-07
1.77048e-09
1.86738e-07
-4.33966e-10
1.85446e-07
-1.61431e-09
1.87094e-07
-3.32966e-09
1.89613e-07
-5.07815e-09
1.92913e-07
-6.62348e-09
1.96838e-07
-7.8598e-09
2.01206e-07
-8.73944e-09
2.05822e-07
-9.23574e-09
2.10484e-07
-9.32708e-09
2.14979e-07
-8.98855e-09
2.19078e-07
-8.19216e-09
2.22536e-07
-6.90601e-09
2.2509e-07
-5.09483e-09
2.26454e-07
-2.72049e-09
2.26325e-07
2.58393e-10
2.24379e-07
3.8873e-09
2.20268e-07
8.21216e-09
2.13623e-07
1.32735e-08
2.04064e-07
1.90959e-08
1.9121e-07
2.56708e-08
1.74718e-07
3.29328e-08
1.5433e-07
4.07221e-08
1.29934e-07
4.87419e-08
1.01661e-07
5.65231e-08
6.99677e-08
6.34195e-08
3.56873e-08
6.86649e-08
7.15203e-08
1.8394e-07
-2.36005e-07
1.5061e-07
-2.22394e-08
1.39826e-07
5.06858e-09
1.85303e-07
1.18086e-09
1.84017e-07
-1.73742e-09
1.85482e-07
-4.92818e-09
1.8813e-07
-7.85444e-09
1.91706e-07
-1.03127e-08
1.95974e-07
-1.22326e-08
2.00721e-07
-1.3588e-08
2.05743e-07
-1.43609e-08
2.10837e-07
-1.45277e-08
2.15791e-07
-1.40545e-08
2.20382e-07
-1.28998e-08
2.24367e-07
-1.10153e-08
2.27485e-07
-8.34828e-09
2.29455e-07
-4.84031e-09
2.29976e-07
-4.27818e-10
2.28723e-07
4.96087e-09
2.25339e-07
1.14002e-08
2.19439e-07
1.89628e-08
2.10602e-07
2.77074e-08
1.98387e-07
3.76559e-08
1.82356e-07
4.87549e-08
1.62115e-07
6.08136e-08
1.374e-07
7.34285e-08
1.08192e-07
8.5902e-08
7.48708e-08
9.71901e-08
3.83304e-08
1.05953e-07
1.108e-07
1.94033e-07
-3.40033e-07
1.49038e-07
-1.72576e-08
1.40203e-07
1.22051e-08
1.82467e-07
4.40994e-09
1.81168e-07
-1.58854e-09
1.82689e-07
-6.7912e-09
1.85721e-07
-1.10985e-08
1.89805e-07
-1.45408e-08
1.9463e-07
-1.71699e-08
1.99961e-07
-1.90189e-08
2.05593e-07
-2.00924e-08
2.11331e-07
-2.0368e-08
2.1697e-07
-1.98021e-08
2.22293e-07
-1.83381e-08
2.27063e-07
-1.59099e-08
2.31024e-07
-1.24462e-08
2.33902e-07
-7.86828e-09
2.35401e-07
-2.09102e-09
2.35197e-07
4.9835e-09
2.32929e-07
1.34633e-08
2.28189e-07
2.34669e-08
2.20516e-07
3.51118e-08
2.09381e-07
4.84897e-08
1.94203e-07
6.36171e-08
1.74377e-07
8.03491e-08
1.4936e-07
9.82582e-08
1.18842e-07
1.1647e-07
8.29941e-08
1.33489e-07
4.27594e-08
1.4715e-07
1.54932e-07
1.89098e-07
-4.34988e-07
1.42965e-07
-1.02645e-08
1.39027e-07
2.09027e-08
1.76489e-07
7.35825e-09
1.76068e-07
-2.23594e-09
1.78386e-07
-9.5499e-09
1.8226e-07
-1.52077e-08
1.87161e-07
-1.95825e-08
1.92779e-07
-2.28873e-08
1.98898e-07
-2.5225e-08
2.05339e-07
-2.66214e-08
2.11925e-07
-2.70493e-08
2.18467e-07
-2.64489e-08
2.24757e-07
-2.47425e-08
2.30566e-07
-2.18432e-08
2.35645e-07
-1.76603e-08
2.39728e-07
-1.20978e-08
2.42529e-07
-5.05175e-09
2.43734e-07
3.59931e-09
2.42987e-07
1.40003e-08
2.39873e-07
2.63268e-08
2.33891e-07
4.07818e-08
2.24421e-07
5.75752e-08
2.10702e-07
7.68746e-08
1.9183e-07
9.8707e-08
1.66824e-07
1.22789e-07
1.34824e-07
1.48234e-07
9.55047e-08
1.73147e-07
4.97146e-08
1.94219e-07
2.0685e-07
1.626e-07
-5.05227e-07
1.28113e-07
-5.83212e-09
1.35593e-07
2.46072e-08
1.66127e-07
6.93467e-09
1.68405e-07
-5.16427e-09
1.72526e-07
-1.39652e-08
1.77771e-07
-2.06003e-08
1.838e-07
-2.5694e-08
1.90425e-07
-2.95717e-08
1.97513e-07
-3.23724e-08
2.04939e-07
-3.41178e-08
2.12563e-07
-3.47581e-08
2.20217e-07
-3.42028e-08
2.27702e-07
-3.23419e-08
2.34797e-07
-2.90627e-08
2.41261e-07
-2.42554e-08
2.46836e-07
-1.7812e-08
2.51254e-07
-9.61786e-09
2.54223e-07
4.62856e-10
2.55412e-07
1.26084e-08
2.54426e-07
2.70561e-08
2.50755e-07
4.4114e-08
2.43712e-07
6.41571e-08
2.32357e-07
8.76005e-08
2.15423e-07
1.14818e-07
1.91287e-07
1.45958e-07
1.58122e-07
1.80531e-07
1.14484e-07
2.16644e-07
6.06001e-08
2.49728e-07
2.71394e-07
1.23228e-07
-5.45182e-07
1.07154e-07
-3.44075e-09
1.30165e-07
1.88425e-08
1.52686e-07
1.10205e-09
1.58951e-07
-1.1391e-08
1.65544e-07
-2.05466e-08
1.72498e-07
-2.75345e-08
1.79843e-07
-3.30214e-08
1.87607e-07
-3.73324e-08
1.95788e-07
-4.05739e-08
2.04341e-07
-4.27189e-08
2.13172e-07
-4.36624e-08
2.22133e-07
-4.32618e-08
2.31036e-07
-4.13605e-08
2.3966e-07
-3.78121e-08
2.47763e-07
-3.24877e-08
2.551e-07
-2.52783e-08
2.61426e-07
-1.60728e-08
2.66488e-07
-4.74009e-09
2.70013e-07
8.91323e-09
2.71666e-07
2.51765e-08
2.70993e-07
4.44634e-08
2.67315e-07
6.73418e-08
2.59594e-07
9.45541e-08
2.46224e-07
1.27011e-07
2.24782e-07
1.65692e-07
1.91888e-07
2.11288e-07
1.43703e-07
2.63164e-07
7.82066e-08
3.16662e-07
3.57601e-07
8.9964e-08
-5.59023e-07
8.89088e-08
-2.33735e-09
1.23391e-07
5.16162e-09
1.39218e-07
-9.92997e-09
1.49186e-07
-2.09556e-08
1.58203e-07
-2.92957e-08
1.66833e-07
-3.59698e-08
1.75468e-07
-4.15245e-08
1.84372e-07
-4.61617e-08
1.93691e-07
-4.98707e-08
2.03466e-07
-5.25196e-08
2.13648e-07
-5.39106e-08
2.24107e-07
-5.382e-08
2.34649e-07
-5.20262e-08
2.45041e-07
-4.83375e-08
2.55031e-07
-4.26063e-08
2.64376e-07
-3.47383e-08
2.72859e-07
-2.46557e-08
2.80289e-07
-1.22632e-08
2.86486e-07
2.61163e-09
2.9124e-07
2.02764e-08
2.9424e-07
4.12225e-08
2.94965e-07
6.61909e-08
2.92483e-07
9.6261e-08
2.851e-07
1.32979e-07
2.69728e-07
1.78506e-07
2.4094e-07
2.35762e-07
1.90232e-07
3.08053e-07
1.08524e-07
3.96169e-07
4.84743e-07
6.93023e-08
-5.52464e-07
7.60452e-08
-2.22471e-09
1.15152e-07
-1.29863e-08
1.27701e-07
-2.50122e-08
1.40378e-07
-3.32056e-08
1.51249e-07
-3.97108e-08
1.61163e-07
-4.55243e-08
1.70825e-07
-5.09449e-08
1.80721e-07
-5.59182e-08
1.91135e-07
-6.02263e-08
2.02183e-07
-6.35759e-08
2.13846e-07
-6.56389e-08
2.25995e-07
-6.60804e-08
2.38411e-07
-6.45864e-08
2.50823e-07
-6.09018e-08
2.62942e-07
-5.48625e-08
2.74513e-07
-4.64089e-08
2.85345e-07
-3.55459e-08
2.95325e-07
-2.2267e-08
3.04406e-07
-6.47514e-09
3.12568e-07
1.2098e-08
3.19763e-07
3.39579e-08
3.25822e-07
5.99358e-08
3.30275e-07
9.1323e-08
3.31962e-07
1.30133e-07
3.28089e-07
1.79588e-07
3.11916e-07
2.45204e-07
2.67766e-07
3.37109e-07
1.65658e-07
4.75223e-07
7.00456e-07
5.56769e-08
-5.16889e-07
6.53677e-08
-2.94569e-09
1.04685e-07
-3.79005e-08
1.18719e-07
-4.39213e-08
1.3338e-07
-4.71439e-08
1.45255e-07
-5.08173e-08
1.55746e-07
-5.5472e-08
1.65948e-07
-6.08121e-08
1.76554e-07
-6.63392e-08
1.87946e-07
-7.1539e-08
2.00284e-07
-7.59166e-08
2.13557e-07
-7.89875e-08
2.27612e-07
-8.02756e-08
2.42177e-07
-7.93371e-08
2.56897e-07
-7.58169e-08
2.71402e-07
-6.95296e-08
2.85389e-07
-6.04876e-08
2.98682e-07
-4.8849e-08
3.11259e-07
-3.47817e-08
3.23243e-07
-1.83387e-08
3.34863e-07
6.35821e-10
3.46423e-07
2.25759e-08
3.58286e-07
4.8269e-08
3.70836e-07
7.89702e-08
3.8439e-07
1.16641e-07
3.9875e-07
1.64507e-07
4.10866e-07
2.28357e-07
4.03266e-07
3.19963e-07
2.86337e-07
4.67144e-07
7.45906e-07
1.43546e-08
-4.79884e-07
5.139e-08
-3.3531e-08
9.17664e-08
-4.32573e-08
1.13282e-07
-6.8103e-08
1.29168e-07
-6.06316e-08
1.40645e-07
-6.09427e-08
1.50621e-07
-6.47343e-08
1.6067e-07
-7.04922e-08
1.716e-07
-7.70869e-08
1.8381e-07
-8.36733e-08
1.97448e-07
-8.95626e-08
2.12485e-07
-9.41176e-08
2.2872e-07
-9.66969e-08
2.45787e-07
-9.6667e-08
2.63183e-07
-9.34991e-08
2.8038e-07
-8.69475e-08
2.96959e-07
-7.71636e-08
3.12735e-07
-6.4581e-08
3.2779e-07
-4.96697e-08
3.42447e-07
-3.27306e-08
3.57216e-07
-1.37904e-08
3.72784e-07
7.44259e-09
3.90064e-07
3.15917e-08
4.10385e-07
5.9641e-08
4.36009e-07
9.29559e-08
4.71659e-07
1.33449e-07
5.29529e-07
1.83741e-07
6.48096e-07
2.47253e-07
9.71922e-07
3.27467e-07
4.21473e-07
-6.13939e-08
-4.19378e-07
1.89548e-08
-2.09882e-07
7.70149e-08
-1.52254e-07
1.16998e-07
-6.33264e-08
1.29366e-07
-6.8336e-08
1.37536e-07
-6.75876e-08
1.45426e-07
-7.20305e-08
1.5451e-07
-7.93356e-08
1.6537e-07
-8.78429e-08
1.78245e-07
-9.65052e-08
1.93212e-07
-1.04544e-07
2.1021e-07
-1.11222e-07
2.28996e-07
-1.15728e-07
2.49068e-07
-1.17131e-07
2.69673e-07
-1.14565e-07
2.89974e-07
-1.07598e-07
3.0933e-07
-9.66378e-08
3.27508e-07
-8.26406e-08
3.44722e-07
-6.65823e-08
3.61535e-07
-4.91228e-08
3.78763e-07
-3.05096e-08
3.9743e-07
-1.06062e-08
4.1881e-07
1.10259e-08
4.44634e-07
3.50309e-08
4.77596e-07
6.20877e-08
5.22352e-07
9.26066e-08
5.87496e-07
1.25899e-07
6.87667e-07
1.57847e-07
8.33427e-07
1.73991e-07
1.28059e-07
-5.2179e-09
-3.65157e-07
1.36266e-07
-3.54294e-07
1.61942e-07
-3.04271e-07
1.02442e-07
-2.46725e-08
1.36239e-07
-7.13255e-08
1.34711e-07
-6.90476e-08
1.39039e-07
-7.64649e-08
1.46574e-07
-8.69779e-08
1.57127e-07
-9.8445e-08
1.7059e-07
-1.09962e-07
1.86942e-07
-1.20887e-07
2.06148e-07
-1.30501e-07
2.27985e-07
-1.37859e-07
2.51813e-07
-1.41563e-07
2.76462e-07
-1.40032e-07
3.0051e-07
-1.32241e-07
3.22878e-07
-1.19147e-07
3.43252e-07
-1.02758e-07
3.62057e-07
-8.48921e-08
3.80208e-07
-6.66712e-08
3.98871e-07
-4.85237e-08
4.19357e-07
-3.03866e-08
4.43103e-07
-1.19019e-08
4.7176e-07
7.37105e-09
5.07397e-07
2.77503e-08
5.52647e-07
4.8985e-08
6.10428e-07
6.94044e-08
6.81641e-07
8.4244e-08
7.56038e-07
8.26027e-08
4.48261e-08
3.91434e-08
-3.93993e-07
8.46778e-08
-3.87951e-07
9.60259e-08
-2.81676e-07
9.48091e-08
-6.52932e-08
1.17086e-07
-5.47527e-08
1.28028e-07
-6.27214e-08
1.29448e-07
-7.78049e-08
1.35623e-07
-9.36686e-08
1.45973e-07
-1.08999e-07
1.60047e-07
-1.24013e-07
1.77817e-07
-1.3854e-07
1.99454e-07
-1.52036e-07
2.24985e-07
-1.63645e-07
2.53737e-07
-1.71231e-07
2.83854e-07
-1.71757e-07
3.12728e-07
-1.62189e-07
3.38423e-07
-1.44954e-07
3.60564e-07
-1.24351e-07
3.80045e-07
-1.03559e-07
3.98363e-07
-8.41477e-08
4.1716e-07
-6.65352e-08
4.38029e-07
-5.05173e-08
4.6247e-07
-3.56283e-08
4.91898e-07
-2.1385e-08
5.27595e-07
-7.43456e-09
5.70417e-07
6.16429e-09
6.1993e-07
1.84936e-08
6.72426e-07
2.71123e-08
7.17473e-07
2.7358e-08
1.3476e-08
5.55432e-08
-4.60378e-07
8.30722e-08
-4.04692e-07
1.62726e-07
-3.02753e-07
1.51692e-07
-1.52459e-07
9.66693e-08
-1.92471e-08
1.21164e-07
-5.20056e-08
1.15108e-07
-7.83668e-08
1.20497e-07
-1.00894e-07
1.31098e-07
-1.19873e-07
1.45808e-07
-1.38555e-07
1.64825e-07
-1.57228e-07
1.88869e-07
-1.75458e-07
2.18761e-07
-1.93455e-07
2.54293e-07
-2.07958e-07
2.92487e-07
-2.13579e-07
3.28124e-07
-1.99806e-07
3.57524e-07
-1.74132e-07
3.80538e-07
-1.46135e-07
3.99189e-07
-1.20849e-07
4.16032e-07
-9.98281e-08
4.3338e-07
-8.29538e-08
4.53137e-07
-6.95163e-08
4.76852e-07
-5.87219e-08
5.05763e-07
-4.98462e-08
5.40665e-07
-4.22589e-08
5.81495e-07
-3.53918e-08
6.26452e-07
-2.87021e-08
6.70663e-07
-2.16532e-08
7.05146e-07
-1.37613e-08
-4.80006e-09
4.91853e-08
-5.17797e-07
9.9966e-08
-4.32564e-07
1.31741e-07
-3.54645e-07
8.36844e-08
-1.24424e-07
6.47206e-08
-1.11196e-09
8.9812e-08
-4.68606e-08
9.12378e-08
-8.29712e-08
1.00161e-07
-1.11719e-07
1.12116e-07
-1.31062e-07
1.27266e-07
-1.53115e-07
1.46807e-07
-1.76372e-07
1.72434e-07
-1.99118e-07
2.06901e-07
-2.26765e-07
2.52186e-07
-2.53572e-07
3.03674e-07
-2.74798e-07
3.49756e-07
-2.49325e-07
3.83011e-07
-2.05635e-07
4.04876e-07
-1.65208e-07
4.20139e-07
-1.33878e-07
4.33192e-07
-1.11371e-07
4.47188e-07
-9.59301e-08
4.64288e-07
-8.58689e-08
4.86046e-07
-7.98941e-08
5.13638e-07
-7.70208e-08
5.47804e-07
-7.63641e-08
5.88445e-07
-7.6768e-08
6.33718e-07
-7.6256e-08
6.78632e-07
-7.12595e-08
7.13894e-07
-5.59506e-08
-2.37151e-08
6.22577e-08
-5.77513e-07
1.16129e-07
-4.99647e-07
1.0529e-07
-3.43799e-07
4.88384e-08
-5.15872e-08
3.86653e-08
3.00988e-11
5.38972e-08
-3.47928e-08
6.29223e-08
-6.64051e-08
7.67929e-08
-9.64029e-08
8.99405e-08
-1.19953e-07
1.04332e-07
-1.4901e-07
1.22705e-07
-1.82234e-07
1.47161e-07
-2.19713e-07
1.84221e-07
-2.6686e-07
2.43873e-07
-3.23535e-07
3.20267e-07
-3.88663e-07
3.84214e-07
-3.17062e-07
4.1989e-07
-2.33874e-07
4.35816e-07
-1.75183e-07
4.43296e-07
-1.38087e-07
4.49411e-07
-1.15846e-07
4.57896e-07
-1.03524e-07
4.7078e-07
-9.81335e-08
4.89409e-07
-9.79552e-08
5.1494e-07
-1.01981e-07
5.48467e-07
-1.09413e-07
5.90762e-07
-1.19058e-07
6.41343e-07
-1.28302e-07
6.96251e-07
-1.31178e-07
7.44139e-07
-1.15064e-07
-5.78253e-08
1.02554e-07
-6.7271e-07
1.94547e-07
-5.95159e-07
1.81449e-07
-3.49635e-07
6.5591e-08
-7.20653e-08
4.6314e-09
1.21585e-08
1.04443e-08
-6.56369e-08
3.02624e-08
-5.85375e-09
5.42794e-08
-9.56593e-08
6.65226e-08
-1.07152e-07
7.73952e-08
-1.32149e-07
9.25053e-08
-1.58462e-07
1.0928e-07
-1.70452e-07
1.38946e-07
-2.13154e-07
2.18819e-07
-2.55196e-07
3.49306e-07
-3.69418e-07
4.46947e-07
-4.11579e-07
4.76519e-07
-2.37615e-07
4.75193e-07
-1.63559e-07
4.67818e-07
-1.27446e-07
4.63263e-07
-1.10396e-07
4.6421e-07
-1.04191e-07
4.71529e-07
-1.05182e-07
4.85868e-07
-1.11809e-07
5.08243e-07
-1.23535e-07
5.40363e-07
-1.40251e-07
5.84794e-07
-1.61753e-07
6.44641e-07
-1.86723e-07
7.20894e-07
-2.10088e-07
8.02112e-07
-2.15302e-07
-1.50348e-07
2.09047e-07
-8.62261e-07
3.72084e-07
-7.59806e-07
5.68675e-07
-4.66935e-07
7.69834e-07
-2.71742e-07
9.90367e-07
-1.67963e-07
1.2241e-06
-1.56391e-07
7.37369e-07
1.03819e-07
1.27375e-07
1.60208e-07
5.90226e-08
-1.30524e-07
4.19893e-08
-2.79617e-07
2.83466e-08
-2.44492e-07
1.95591e-08
-1.8376e-07
1.94821e-08
-1.98139e-07
1.44339e-07
-3.19421e-07
4.23754e-07
-8.1206e-07
5.83692e-07
-2.86133e-07
5.64048e-07
-1.58332e-07
5.20622e-07
-1.13993e-07
4.89518e-07
-9.77387e-08
4.71616e-07
-9.41002e-08
4.64156e-07
-9.76652e-08
4.65261e-07
-1.06592e-07
4.74282e-07
-1.20568e-07
4.91799e-07
-1.40095e-07
5.19943e-07
-1.66301e-07
5.63405e-07
-2.00982e-07
6.31538e-07
-2.46751e-07
7.40579e-07
-3.07149e-07
9.02163e-07
-3.85706e-07
-4.78617e-07
3.69371e-07
-1.18327e-06
6.46516e-07
-9.88242e-07
8.92151e-07
-7.06456e-07
1.23585e-06
-5.75056e-07
1.50661e-06
-4.87474e-07
1.72132e-06
-3.25207e-07
1.84298e-06
-1.10104e-08
1.98005e-06
2.55371e-07
2.39948e-06
-2.97156e-07
2.73026e-06
-6.49136e-07
2.82747e-06
-3.3834e-07
2.72466e-06
-6.90466e-08
2.50858e-06
-2.09285e-08
2.53142e-06
-9.61696e-08
1.52854e-06
-4.77482e-07
6.04564e-07
9.84231e-08
6.9055e-07
-3.66173e-09
5.53719e-07
-3.63492e-08
4.98013e-07
-5.54085e-08
4.69527e-07
-7.06022e-08
4.55547e-07
-8.57681e-08
4.51079e-07
-1.02957e-07
4.54199e-07
-1.2378e-07
4.64724e-07
-1.49975e-07
4.84197e-07
-1.83879e-07
5.17343e-07
-2.29125e-07
5.77532e-07
-2.92147e-07
7.07727e-07
-3.86047e-07
1.06948e-06
-5.41758e-07
-8.43893e-07
9.09797e-07
-1.22133e-06
9.36489e-07
-1.05013e-06
1.06538e-06
-8.38814e-07
1.31322e-06
-8.11149e-07
1.56378e-06
-7.37333e-07
1.95579e-06
-6.42096e-07
2.34732e-06
-4.27389e-07
2.65716e-06
3.80459e-08
2.77348e-06
-2.99338e-07
2.68362e-06
-3.78671e-07
2.72415e-06
-1.45361e-07
2.48383e-06
9.87153e-08
2.61087e-06
1.48951e-07
1.81843e-06
2.17346e-07
5.57185e-07
3.37322e-07
5.70344e-07
2.90916e-07
5.91594e-07
1.07235e-07
5.22582e-07
2.76695e-08
4.79289e-07
-1.69483e-08
4.52934e-07
-4.71285e-08
4.37425e-07
-7.18444e-08
4.29305e-07
-9.56925e-08
4.26713e-07
-1.21619e-07
4.28698e-07
-1.52144e-07
4.34772e-07
-1.90115e-07
4.44239e-07
-2.39491e-07
4.53526e-07
-3.06659e-07
4.43323e-07
-4.03128e-07
3.14516e-07
-5.51386e-07
-7.97599e-07
8.19906e-07
-1.09173e-06
8.51034e-07
-1.05026e-06
9.98189e-07
-9.57007e-07
1.23396e-06
-1.02623e-06
1.52218e-06
-9.77483e-07
1.69099e-06
-8.08843e-07
1.62027e-06
-3.19804e-07
1.85914e-06
1.30042e-08
1.28275e-06
-5.55549e-08
2.13557e-07
8.99731e-08
2.29716e-08
7.16646e-08
1.98387e-08
1.14828e-07
5.58606e-08
1.42714e-07
2.14289e-07
2.05008e-07
3.93294e-07
2.74272e-07
4.74334e-07
2.43257e-07
4.85261e-07
1.30869e-07
4.65759e-07
5.67409e-08
4.4363e-07
7.0729e-09
4.25495e-07
-2.91196e-08
4.11911e-07
-5.87954e-08
4.02004e-07
-8.63489e-08
3.94652e-07
-1.14854e-07
3.88576e-07
-1.46867e-07
3.81949e-07
-1.84946e-07
3.7132e-07
-2.32058e-07
3.49013e-07
-2.91864e-07
2.97525e-07
-3.68418e-07
1.83436e-07
-4.6306e-07
-5.59345e-07
9.12329e-07
-1.08409e-06
9.38559e-07
-1.08608e-06
1.0261e-06
-1.04037e-06
1.1559e-06
-1.15701e-06
1.09324e-06
-9.64991e-07
5.16049e-07
-3.94154e-07
2.92101e-08
2.08626e-08
1.67356e-08
3.46092e-08
4.43556e-08
6.04586e-08
8.38684e-08
8.99757e-08
9.61537e-08
1.07791e-07
1.05164e-07
1.3951e-07
1.45972e-07
1.79831e-07
2.25855e-07
2.30705e-07
3.19265e-07
2.26437e-07
3.83561e-07
1.79332e-07
4.09384e-07
1.16274e-07
4.11561e-07
6.13528e-08
4.03979e-07
1.76249e-08
3.93506e-07
-1.76336e-08
3.82722e-07
-4.78718e-08
3.72154e-07
-7.60486e-08
3.61313e-07
-1.04581e-07
3.49001e-07
-1.35525e-07
3.33128e-07
-1.70741e-07
3.10082e-07
-2.11923e-07
2.73681e-07
-2.60316e-07
2.14327e-07
-3.15624e-07
1.21701e-07
-3.73089e-07
-4.17376e-07
8.60376e-07
-1.02212e-06
8.22576e-07
-1.03349e-06
8.53743e-07
-1.04196e-06
8.14183e-07
-1.1266e-06
3.73075e-07
-6.17894e-07
3.19945e-08
-5.29398e-09
4.34405e-08
2.26329e-08
5.37775e-08
4.33883e-08
7.08488e-08
6.97639e-08
9.469e-08
9.46774e-08
1.14555e-07
9.98902e-08
1.37188e-07
1.18101e-07
1.74363e-07
1.37964e-07
2.27832e-07
1.57113e-07
2.85889e-07
1.56674e-07
3.31274e-07
1.31387e-07
3.57159e-07
9.35431e-08
3.67123e-07
5.47732e-08
3.67211e-07
1.9705e-08
3.61825e-07
-1.11696e-08
3.53326e-07
-3.90041e-08
3.42579e-07
-6.53912e-08
3.29442e-07
-9.18975e-08
3.12989e-07
-1.19911e-07
2.91484e-07
-1.50564e-07
2.62199e-07
-1.84575e-07
2.21301e-07
-2.21855e-07
1.64399e-07
-2.60673e-07
8.90397e-08
-2.96298e-07
-3.19693e-07
8.33611e-07
-9.38379e-07
7.69793e-07
-9.6454e-07
7.10745e-07
-9.83482e-07
4.30572e-07
-9.04044e-07
1.01827e-07
-2.32338e-07
4.56781e-08
-1.8873e-09
6.66627e-08
1.96853e-08
7.59075e-08
3.65217e-08
9.0607e-08
5.4917e-08
1.09531e-07
7.15814e-08
1.30192e-07
8.2638e-08
1.54658e-07
9.51079e-08
1.86463e-07
1.06889e-07
2.25231e-07
1.14687e-07
2.65179e-07
1.11765e-07
2.98479e-07
9.60013e-08
3.20859e-07
7.17442e-08
3.32561e-07
4.44886e-08
3.35914e-07
1.75886e-08
3.33264e-07
-7.73935e-09
3.26184e-07
-3.15796e-08
3.15394e-07
-5.46162e-08
3.00887e-07
-7.77081e-08
2.82031e-07
-1.01655e-07
2.5762e-07
-1.27028e-07
2.25927e-07
-1.53966e-07
1.8492e-07
-1.81859e-07
1.32928e-07
-2.08918e-07
7.00585e-08
-2.31735e-07
-2.45407e-07
7.87599e-07
-8.1196e-07
6.54543e-07
-8.25745e-07
4.74273e-07
-8.0815e-07
2.22233e-07
-6.20755e-07
6.03792e-08
-9.31707e-08
6.1179e-08
-2.95596e-09
8.41349e-08
1.38309e-08
9.32225e-08
2.81986e-08
1.06138e-07
4.18831e-08
1.22633e-07
5.41166e-08
1.42029e-07
6.39794e-08
1.64792e-07
7.28089e-08
1.91595e-07
7.9793e-08
2.2144e-07
8.2982e-08
2.51119e-07
7.97036e-08
2.76611e-07
6.91131e-08
2.95233e-07
5.2942e-08
3.06343e-07
3.38464e-08
3.10624e-07
1.39048e-08
3.09137e-07
-5.79319e-09
3.0275e-07
-2.49607e-08
2.91926e-07
-4.37872e-08
2.76682e-07
-6.26628e-08
2.56628e-07
-8.19746e-08
2.31036e-07
-1.01935e-07
1.98965e-07
-1.22405e-07
1.59522e-07
-1.42701e-07
1.12336e-07
-1.61405e-07
5.82666e-08
-1.76317e-07
-1.84793e-07
7.4636e-07
-6.44571e-07
5.6134e-07
-6.40707e-07
3.39094e-07
-5.91396e-07
1.66899e-07
-4.24234e-07
8.20025e-08
-1.0619e-07
7.29929e-08
-3.05769e-09
9.96996e-08
1.01738e-08
1.06754e-07
2.05603e-08
1.18098e-07
3.0298e-08
1.32835e-07
3.90185e-08
1.50495e-07
4.63485e-08
1.70884e-07
5.23512e-08
1.93686e-07
5.64905e-08
2.17815e-07
5.77381e-08
2.41242e-07
5.49559e-08
2.61607e-07
4.78067e-08
2.77117e-07
3.7064e-08
2.86958e-07
2.40526e-08
2.91105e-07
9.97856e-09
2.89908e-07
-4.38046e-09
2.83754e-07
-1.86847e-08
2.72879e-07
-3.29076e-08
2.57287e-07
-4.71814e-08
2.36761e-07
-6.16503e-08
2.10927e-07
-7.63371e-08
1.79377e-07
-9.10206e-08
1.4187e-07
-1.0513e-07
9.86276e-08
-1.17682e-07
5.06715e-08
-1.27334e-07
-1.32655e-07
7.14908e-07
-4.45073e-07
5.03713e-07
-4.28292e-07
2.95346e-07
-3.75222e-07
1.63728e-07
-2.56403e-07
9.1446e-08
-9.03209e-08
8.10284e-08
-1.65372e-09
1.10369e-07
7.23162e-09
1.16346e-07
1.35697e-08
1.26661e-07
1.97266e-08
1.40118e-07
2.53096e-08
1.56232e-07
3.00384e-08
1.74553e-07
3.375e-08
1.94455e-07
3.6086e-08
2.14898e-07
3.65226e-08
2.34426e-07
3.45678e-08
2.51454e-07
3.00933e-08
2.64671e-07
2.34597e-08
2.73269e-07
1.53203e-08
2.76928e-07
6.33144e-09
2.75633e-07
-3.02499e-09
2.69483e-07
-1.24874e-08
2.58551e-07
-2.1975e-08
2.42822e-07
-3.15071e-08
2.22196e-07
-4.11117e-08
1.96533e-07
-5.07419e-08
1.6575e-07
-6.0205e-08
1.29956e-07
-6.91107e-08
8.96327e-08
-7.68562e-08
4.579e-08
-8.26828e-08
-8.58399e-08
6.95783e-07
-2.25978e-07
4.88282e-07
-2.13264e-07
2.99039e-07
-1.82432e-07
1.88333e-07
-1.23599e-07
1.08338e-07
-6.00138e-08
8.4273e-08
-6.7128e-10
1.17318e-07
3.73544e-09
1.22213e-07
6.75996e-09
1.32084e-07
9.73164e-09
1.44734e-07
1.2449e-08
1.59767e-07
1.47513e-08
1.76651e-07
1.65201e-08
1.94678e-07
1.7578e-08
2.1289e-07
1.76997e-08
2.30112e-07
1.67002e-08
2.45118e-07
1.45389e-08
2.56839e-07
1.13593e-08
2.64514e-07
7.43274e-09
2.67705e-07
3.04989e-09
2.6622e-07
-1.56036e-09
2.59997e-07
-6.26172e-09
2.49015e-07
-1.09991e-08
2.33249e-07
-1.57629e-08
2.12667e-07
-2.05466e-08
1.87266e-07
-2.53086e-08
1.57138e-07
-2.99413e-08
1.22571e-07
-3.42502e-08
8.41533e-08
-3.79515e-08
4.28532e-08
-4.07036e-08
-4.21817e-08
6.91355e-07
4.83865e-07
3.09554e-07
2.05094e-07
1.12999e-07
8.67598e-08
1.20611e-07
1.25122e-07
1.34727e-07
1.46971e-07
1.61449e-07
1.77606e-07
1.94718e-07
2.11875e-07
2.28018e-07
2.42063e-07
2.53047e-07
2.6024e-07
2.63164e-07
2.61552e-07
2.5527e-07
2.44259e-07
2.28489e-07
2.07961e-07
1.82732e-07
1.52968e-07
1.19032e-07
8.15512e-08
4.14675e-08
)
;

boundaryField
{
    inlet1
    {
        type            calculated;
        value           nonuniform List<scalar> 10(-1e-07 -1e-07 -1e-07 -1e-07 -1e-07 -1e-07 -1e-07 -1e-07 -1e-07 -1e-07);
    }
    inlet2
    {
        type            calculated;
        value           uniform 0;
    }
    inlet3
    {
        type            calculated;
        value           nonuniform List<scalar> 10(-9.13394e-07 -9.13394e-07 -9.13394e-07 -9.13394e-07 -9.13394e-07 -9.13394e-07 -9.13394e-07 -9.13394e-07 -9.13394e-07 -9.13394e-07);
    }
    output1
    {
        type            calculated;
        value           uniform 0;
    }
    output2
    {
        type            calculated;
        value           nonuniform List<scalar> 10(1.58199e-06 1.0126e-06 8.21306e-07 7.48819e-07 7.26483e-07 7.35834e-07 7.77868e-07 8.7417e-07 1.10213e-06 1.75269e-06);
    }
    output3
    {
        type            calculated;
        value           uniform -0;
    }
    up
    {
        type            calculated;
        value           uniform 0;
    }
    down
    {
        type            calculated;
        value           uniform 0;
    }
    emptyWalls
    {
        type            empty;
        value           nonuniform List<scalar> 0();
    }
}


// ************************************************************************* //
