/*--------------------------------*- C++ -*----------------------------------*\
  =========                 |
  \\      /  F ield         | OpenFOAM: The Open Source CFD Toolbox
   \\    /   O peration     | Website:  https://openfoam.org
    \\  /    A nd           | Version:  9
     \\/     M anipulation  |
\*---------------------------------------------------------------------------*/
FoamFile
{
    format      ascii;
    class       volScalarField;
    location    "31000";
    object      alpha;
}
// * * * * * * * * * * * * * * * * * * * * * * * * * * * * * * * * * * * * * //

dimensions      [0 2 -1 0 0 0 0];

internalField   nonuniform List<scalar> 
900
(
-3.22819e-10
-3.71873e-11
-6.49669e-12
-7.58778e-12
-3.68517e-14
-4.0652e-14
-4.0652e-14
-4.0652e-14
-4.0652e-14
-4.0652e-14
-4.0652e-14
-4.0652e-14
-4.0652e-14
-4.0652e-14
-4.0652e-14
-4.0652e-14
-4.0652e-14
-4.0652e-14
-4.0652e-14
-4.0652e-14
-4.0652e-14
-4.0652e-14
-4.0652e-14
-4.0652e-14
-4.0652e-14
-4.0652e-14
-4.0652e-14
-4.0652e-14
-4.0652e-14
-4.0652e-14
-2.48975e-10
-3.51999e-11
-1.75194e-10
-3.67781e-11
-2.68629e-14
-4.06519e-14
-4.0652e-14
-4.0652e-14
-4.0652e-14
-4.0652e-14
-4.0652e-14
-4.0652e-14
-4.0652e-14
-4.0652e-14
-4.0652e-14
-4.0652e-14
-4.0652e-14
-4.0652e-14
-4.0652e-14
-4.0652e-14
-4.0652e-14
-4.0652e-14
-4.0652e-14
-4.0652e-14
-4.0652e-14
-4.0652e-14
-4.0652e-14
-4.0652e-14
-4.0652e-14
-4.0652e-14
-1.54263e-10
-1.16513e-10
-2.46375e-11
-1.73367e-12
-3.97293e-14
-4.0652e-14
-4.0652e-14
-4.0652e-14
-4.0652e-14
-4.0652e-14
-4.0652e-14
-4.0652e-14
-4.0652e-14
-4.0652e-14
-4.0652e-14
-4.0652e-14
-4.0652e-14
-4.0652e-14
-4.0652e-14
-4.0652e-14
-4.0652e-14
-4.0652e-14
-4.0652e-14
-4.0652e-14
-4.0652e-14
-4.0652e-14
-4.0652e-14
-4.0652e-14
-4.0652e-14
-4.0652e-14
-2.406e-10
-2.29763e-11
-1.17219e-11
-7.25719e-14
-4.06358e-14
-4.0652e-14
-4.0652e-14
-4.0652e-14
-4.0652e-14
-4.0652e-14
-4.0652e-14
-4.0652e-14
-4.0652e-14
-4.0652e-14
-4.0652e-14
-4.0652e-14
-4.0652e-14
-4.0652e-14
-4.0652e-14
-4.0652e-14
-4.0652e-14
-4.0652e-14
-4.0652e-14
-4.0652e-14
-4.0652e-14
-4.0652e-14
-4.0652e-14
-4.0652e-14
-4.0652e-14
-4.0652e-14
-2.25932e-10
-1.01054e-10
-1.35331e-11
-3.6493e-14
-4.06495e-14
-4.0652e-14
-4.0652e-14
-4.0652e-14
-4.0652e-14
-4.0652e-14
-4.0652e-14
-4.0652e-14
-4.0652e-14
-4.0652e-14
-4.0652e-14
-4.0652e-14
-4.0652e-14
-4.0652e-14
-4.0652e-14
-4.0652e-14
-4.0652e-14
-4.0652e-14
-4.0652e-14
-4.0652e-14
-4.0652e-14
-4.0652e-14
-4.0652e-14
-4.0652e-14
-4.0652e-14
-4.0652e-14
-3.02979e-10
-4.30239e-11
-1.79837e-11
-2.66766e-14
-4.06519e-14
-4.0652e-14
-4.0652e-14
-4.0652e-14
-4.0652e-14
-4.0652e-14
-4.0652e-14
-4.0652e-14
-4.0652e-14
-4.0652e-14
-4.0652e-14
-4.0652e-14
-4.0652e-14
-4.0652e-14
-4.0652e-14
-4.0652e-14
-4.0652e-14
-4.0652e-14
-4.0652e-14
-4.0652e-14
-4.0652e-14
-4.0652e-14
-4.0652e-14
-4.0652e-14
-4.0652e-14
-4.0652e-14
-3.2445e-10
-9.42275e-11
-1.71312e-11
-2.94706e-14
-4.0652e-14
-4.0652e-14
-4.0652e-14
-4.0652e-14
-4.0652e-14
-4.0652e-14
-4.0652e-14
-4.0652e-14
-4.0652e-14
-4.0652e-14
-4.0652e-14
-4.0652e-14
-4.0652e-14
-4.0652e-14
-4.0652e-14
-4.0652e-14
-4.0652e-14
-4.0652e-14
-4.0652e-14
-4.0652e-14
-4.0652e-14
-4.0652e-14
-4.0652e-14
-4.0652e-14
-4.0652e-14
-4.0652e-14
-4.37452e-10
-9.67749e-11
-4.29945e-11
-3.35757e-14
-4.0652e-14
-4.0652e-14
-4.0652e-14
-4.0652e-14
-4.0652e-14
-4.0652e-14
-4.0652e-14
-4.0652e-14
-4.0652e-14
-4.0652e-14
-4.0652e-14
-4.0652e-14
-4.0652e-14
-4.0652e-14
-4.0652e-14
-4.0652e-14
-4.0652e-14
-4.0652e-14
-4.0652e-14
-4.0652e-14
-4.0652e-14
-4.0652e-14
-4.0652e-14
-4.0652e-14
-4.0652e-14
-4.0652e-14
-5.36385e-10
-1.93974e-10
-1.61399e-11
-3.59415e-14
-4.0652e-14
-4.0652e-14
-4.0652e-14
-4.0652e-14
-4.0652e-14
-4.0652e-14
-4.0652e-14
-4.0652e-14
-4.0652e-14
-4.0652e-14
-4.0652e-14
-4.0652e-14
-4.0652e-14
-4.0652e-14
-4.0652e-14
-4.0652e-14
-4.0652e-14
-4.0652e-14
-4.0652e-14
-4.0652e-14
-4.0652e-14
-4.0652e-14
-4.0652e-14
-4.0652e-14
-4.0652e-14
-4.0652e-14
-7.45308e-10
-2.62582e-10
-5.58076e-11
-2.6529e-14
-4.0652e-14
-4.0652e-14
-4.0652e-14
-4.0652e-14
-4.0652e-14
-4.0652e-14
-4.0652e-14
-4.0652e-14
-4.0652e-14
-4.0652e-14
-4.0652e-14
-4.0652e-14
-4.0652e-14
-4.0652e-14
-4.0652e-14
-4.0652e-14
-4.0652e-14
-4.0652e-14
-4.0652e-14
-4.0652e-14
-4.0652e-14
-4.0652e-14
-4.0652e-14
-4.0652e-14
-4.0652e-14
-4.0652e-14
-8.44712e-10
-4.73865e-10
-7.20173e-11
-5.19863e-12
-3.51163e-14
-4.06517e-14
-4.06518e-14
-4.0652e-14
-4.0652e-14
-4.0652e-14
-4.0652e-14
-4.0652e-14
-4.0652e-14
-4.0652e-14
-4.0652e-14
-4.0652e-14
-4.0652e-14
-4.0652e-14
-4.0652e-14
-4.0652e-14
-4.0652e-14
-4.0652e-14
-4.0652e-14
-4.0652e-14
-4.0652e-14
-4.0652e-14
-4.0652e-14
-4.0652e-14
-4.0652e-14
-4.0652e-14
-5.02684e-10
-4.2908e-10
-2.43486e-10
-9.17279e-11
-2.62413e-11
-1.33542e-11
-5.85615e-12
-3.74674e-14
-4.06519e-14
-4.06515e-14
-4.06519e-14
-4.06519e-14
-4.06519e-14
-4.06519e-14
-4.06519e-14
-4.0652e-14
-4.0652e-14
-4.0652e-14
-4.0652e-14
-4.0652e-14
-4.0652e-14
-4.0652e-14
-4.0652e-14
-4.0652e-14
-4.0652e-14
-4.0652e-14
-4.0652e-14
-4.0652e-14
-4.0652e-14
-4.0652e-14
-7.48353e-11
-2.08651e-10
-1.47161e-10
-1.08072e-10
-6.47887e-11
-4.01617e-11
-2.5851e-11
-1.40126e-11
-1.13386e-11
-1.09554e-11
-1.1057e-11
-1.09279e-11
-1.14552e-11
-1.03101e-11
-1.24241e-11
-3.77376e-14
-3.51473e-14
-3.42351e-14
-3.3053e-14
-3.21135e-14
-3.12325e-14
-3.03552e-14
-2.94253e-14
-2.86079e-14
-2.79519e-14
-2.79216e-14
-2.85506e-14
-3.06081e-14
-3.4017e-14
-3.84162e-14
-3.33872e-11
-5.47812e-11
-3.62272e-11
-3.84263e-11
-3.69985e-11
-3.03599e-11
-2.58424e-11
-2.21927e-11
-1.94604e-11
-1.78995e-11
-1.83532e-11
-1.74003e-11
-1.86032e-11
-1.54622e-11
-1.50138e-11
-8.30843e-12
-7.05843e-12
-6.9503e-12
-7.01164e-12
-7.18794e-12
-7.44475e-12
-7.71197e-12
-7.93904e-12
-8.11354e-12
-8.27652e-12
-8.43735e-12
-8.648e-12
-8.82525e-12
-9.00894e-12
-9.0022e-12
-2.82678e-11
-1.97392e-11
-1.99808e-11
-1.8002e-11
-1.8224e-11
-1.82008e-11
-1.84529e-11
-1.89359e-11
-1.8414e-11
-1.75763e-11
-1.74924e-11
-1.69992e-11
-1.69617e-11
-1.56948e-11
-1.48664e-11
-1.4265e-11
-1.27378e-11
-1.22544e-11
-1.22959e-11
-1.25425e-11
-1.28573e-11
-1.31579e-11
-1.33932e-11
-1.35395e-11
-1.36872e-11
-1.38025e-11
-1.40933e-11
-1.43354e-11
-1.47665e-11
-1.47599e-11
-2.00975e-11
-1.88809e-11
-1.72184e-11
-1.6408e-11
-1.5945e-11
-1.58932e-11
-1.61458e-11
-1.6532e-11
-1.6579e-11
-1.62499e-11
-1.59527e-11
-1.56299e-11
-1.52719e-11
-1.50313e-11
-1.47538e-11
-1.52985e-11
-1.49253e-11
-1.46383e-11
-1.46326e-11
-1.48242e-11
-1.49991e-11
-1.51916e-11
-1.52527e-11
-1.53263e-11
-1.53262e-11
-1.53677e-11
-1.55717e-11
-1.583e-11
-1.6518e-11
-1.66871e-11
-1.87757e-11
-1.6009e-11
-1.54483e-11
-1.54494e-11
-1.569e-11
-1.60189e-11
-1.63322e-11
-1.65343e-11
-1.65788e-11
-1.64079e-11
-1.61276e-11
-1.58494e-11
-1.55768e-11
-1.55016e-11
-1.55178e-11
-1.58233e-11
-1.58993e-11
-1.59224e-11
-1.59388e-11
-1.61013e-11
-1.61362e-11
-1.63482e-11
-1.63035e-11
-1.66021e-11
-1.64984e-11
-1.67921e-11
-1.66619e-11
-1.69266e-11
-1.74366e-11
-1.80047e-11
-1.6612e-11
-1.55372e-11
-1.56304e-11
-1.62636e-11
-1.69982e-11
-1.76207e-11
-1.80808e-11
-1.83491e-11
-1.84633e-11
-1.84137e-11
-1.82525e-11
-1.80494e-11
-1.7882e-11
-1.78192e-11
-1.78741e-11
-1.79979e-11
-1.81564e-11
-1.8227e-11
-1.82467e-11
-1.82783e-11
-1.82515e-11
-1.8432e-11
-1.83763e-11
-1.88607e-11
-1.85443e-11
-1.91342e-11
-1.8028e-11
-1.80588e-11
-1.68791e-11
-1.73436e-11
-1.57047e-11
-1.5681e-11
-1.70864e-11
-1.85786e-11
-1.97508e-11
-2.0526e-11
-2.10221e-11
-2.12676e-11
-2.13921e-11
-2.13524e-11
-2.12824e-11
-2.11178e-11
-2.10629e-11
-2.09636e-11
-2.10508e-11
-2.09891e-11
-2.11097e-11
-2.08932e-11
-2.09001e-11
-2.05106e-11
-2.05808e-11
-2.02441e-11
-2.04156e-11
-2.02196e-11
-2.00488e-11
-2.01602e-11
-1.86457e-11
-1.86025e-11
-1.45706e-11
-1.39536e-11
-1.57559e-11
-1.87116e-11
-2.14945e-11
-2.30051e-11
-2.35729e-11
-2.36715e-11
-2.35913e-11
-2.34252e-11
-2.32589e-11
-2.30523e-11
-2.28883e-11
-2.2683e-11
-2.25736e-11
-2.24e-11
-2.23391e-11
-2.21037e-11
-2.19931e-11
-2.15672e-11
-2.14122e-11
-2.08191e-11
-2.08766e-11
-2.01351e-11
-2.05756e-11
-1.94385e-11
-2.02385e-11
-1.88255e-11
-1.95424e-11
-1.9489e-11
-1.47571e-11
-1.43318e-11
-2.27012e-11
-2.71208e-11
-2.69471e-11
-2.53671e-11
-2.39035e-11
-2.28457e-11
-2.21221e-11
-2.1639e-11
-2.12963e-11
-2.10581e-11
-2.08622e-11
-2.07225e-11
-2.05778e-11
-2.04758e-11
-2.0318e-11
-2.0206e-11
-1.99942e-11
-1.98913e-11
-1.96849e-11
-1.96787e-11
-1.95705e-11
-1.95841e-11
-1.9668e-11
-1.92565e-11
-2.00327e-11
-1.81743e-11
-2.12436e-11
-1.74738e-11
-3.25982e-11
-4.83346e-11
-1.84494e-11
-1.74394e-11
-1.73466e-11
-1.75385e-11
-1.78351e-11
-1.81679e-11
-1.84962e-11
-1.87746e-11
-1.90076e-11
-1.91795e-11
-1.93205e-11
-1.94188e-11
-1.95095e-11
-1.95784e-11
-1.96581e-11
-1.97465e-11
-1.98522e-11
-2.00184e-11
-2.01313e-11
-2.03796e-11
-2.03061e-11
-2.06208e-11
-2.00499e-11
-2.06101e-11
-1.93076e-11
-2.05921e-11
-1.89924e-11
-2.14064e-11
-1.94783e-11
-4.25344e-12
-1.91398e-11
-1.96945e-11
-2.08416e-11
-2.18604e-11
-2.2495e-11
-2.28044e-11
-2.2914e-11
-2.29115e-11
-2.28649e-11
-2.27815e-11
-2.27089e-11
-2.26054e-11
-2.25391e-11
-2.24177e-11
-2.23624e-11
-2.21994e-11
-2.21401e-11
-2.18561e-11
-2.17269e-11
-2.11794e-11
-2.09548e-11
-2.01323e-11
-2.00456e-11
-1.91689e-11
-1.95777e-11
-1.86437e-11
-1.91964e-11
-1.70646e-11
-1.20662e-11
-1.19012e-11
-1.9337e-11
-1.90964e-11
-1.89672e-11
-1.89007e-11
-1.88252e-11
-1.87369e-11
-1.86362e-11
-1.85612e-11
-1.84937e-11
-1.84663e-11
-1.84346e-11
-1.84463e-11
-1.84336e-11
-1.84749e-11
-1.8465e-11
-1.85249e-11
-1.84871e-11
-1.85405e-11
-1.84409e-11
-1.85164e-11
-1.84036e-11
-1.86807e-11
-1.85732e-11
-1.91891e-11
-1.86338e-11
-1.88735e-11
-1.6933e-11
-1.26013e-11
-9.13198e-12
-3.59403e-12
-1.93586e-11
-1.91613e-11
-1.9147e-11
-1.93097e-11
-1.95576e-11
-1.98185e-11
-2.0042e-11
-2.0232e-11
-2.03799e-11
-2.05109e-11
-2.06175e-11
-2.07225e-11
-2.08197e-11
-2.09173e-11
-2.10258e-11
-2.11081e-11
-2.12322e-11
-2.1248e-11
-2.13813e-11
-2.12156e-11
-2.13256e-11
-2.0754e-11
-2.06681e-11
-1.95668e-11
-1.86335e-11
-1.72528e-11
-1.3291e-11
-9.48843e-12
-6.0804e-12
-3.57539e-12
-1.94017e-11
-1.92583e-11
-1.91908e-11
-1.92032e-11
-1.92556e-11
-1.93326e-11
-1.93874e-11
-1.94479e-11
-1.94697e-11
-1.95209e-11
-1.95235e-11
-1.95874e-11
-1.95741e-11
-1.96587e-11
-1.96134e-11
-1.97125e-11
-1.96037e-11
-1.96894e-11
-1.94676e-11
-1.94321e-11
-1.90354e-11
-1.86155e-11
-1.81895e-11
-1.70574e-11
-1.63819e-11
-1.40484e-11
-9.67063e-12
-6.41608e-12
-3.66489e-12
-3.19488e-14
-1.94321e-11
-1.93179e-11
-1.92441e-11
-1.92205e-11
-1.92397e-11
-1.92973e-11
-1.9364e-11
-1.94474e-11
-1.95138e-11
-1.96011e-11
-1.96565e-11
-1.97541e-11
-1.97985e-11
-1.99192e-11
-1.99512e-11
-2.01145e-11
-2.01346e-11
-2.03651e-11
-2.03585e-11
-2.06237e-11
-2.04859e-11
-2.04403e-11
-1.98987e-11
-1.80983e-11
-1.65154e-11
-1.12786e-11
-5.58956e-12
-4.19856e-12
-3.49261e-14
-4.0652e-14
-1.94502e-11
-1.93586e-11
-1.92902e-11
-1.92547e-11
-1.9247e-11
-1.92744e-11
-1.93135e-11
-1.93776e-11
-1.94298e-11
-1.95096e-11
-1.95567e-11
-1.96522e-11
-1.96876e-11
-1.98131e-11
-1.98332e-11
-2.00182e-11
-2.00166e-11
-2.03053e-11
-2.02396e-11
-2.06387e-11
-2.02632e-11
-2.03902e-11
-1.87396e-11
-1.67332e-11
-1.39542e-11
-6.117e-12
-5.29048e-14
-4.06518e-14
-4.0652e-14
-4.0652e-14
-1.9461e-11
-1.9383e-11
-1.93214e-11
-1.92816e-11
-1.9263e-11
-1.92724e-11
-1.92981e-11
-1.93479e-11
-1.93979e-11
-1.94701e-11
-1.95254e-11
-1.96144e-11
-1.96678e-11
-1.97853e-11
-1.98384e-11
-2.00152e-11
-2.00717e-11
-2.03639e-11
-2.04048e-11
-2.0891e-11
-2.07335e-11
-2.13574e-11
-1.98201e-11
-1.92284e-11
-1.26055e-11
-2.4027e-13
-4.0649e-14
-4.0652e-14
-4.0652e-14
-4.0652e-14
-1.94661e-11
-1.93943e-11
-1.93369e-11
-1.92958e-11
-1.92741e-11
-1.92744e-11
-1.92954e-11
-1.93346e-11
-1.93863e-11
-1.9448e-11
-1.95144e-11
-1.95884e-11
-1.96653e-11
-1.97575e-11
-1.9854e-11
-1.99867e-11
-2.01209e-11
-2.0339e-11
-2.05265e-11
-2.09051e-11
-2.10759e-11
-2.16714e-11
-2.09378e-11
-2.0755e-11
-7.24748e-12
-3.91285e-14
-4.0652e-14
-4.0652e-14
-4.0652e-14
-4.0652e-14
)
;

boundaryField
{
    inlet1
    {
        type            calculated;
        value           uniform -5e-10;
    }
    inlet2
    {
        type            calculated;
        value           nonuniform List<scalar> 10(-8.44712e-10 -5.02684e-10 -7.48353e-11 -3.33872e-11 -2.82678e-11 -2.00975e-11 -1.87757e-11 -1.6612e-11 -1.57047e-11 -1.57559e-11);
    }
    inlet3
    {
        type            calculated;
        value           uniform -1.95111e-11;
    }
    output1
    {
        type            calculated;
        value           nonuniform List<scalar> 10(-4.0652e-14 -4.0652e-14 -4.0652e-14 -4.0652e-14 -4.0652e-14 -4.0652e-14 -4.0652e-14 -4.0652e-14 -4.0652e-14 -4.0652e-14);
    }
    output2
    {
        type            calculated;
        value           nonuniform List<scalar> 10(-4.0652e-14 -4.0652e-14 -3.84162e-14 -9.0022e-12 -1.47599e-11 -1.66871e-11 -1.80047e-11 -1.73436e-11 -1.39536e-11 -1.43318e-11);
    }
    output3
    {
        type            calculated;
        value           nonuniform List<scalar> 10(-4.83346e-11 -4.25344e-12 -1.19012e-11 -3.59403e-12 -3.57539e-12 -3.19488e-14 -4.0652e-14 -4.0652e-14 -4.0652e-14 -4.0652e-14);
    }
    up
    {
        type            calculated;
        value           nonuniform List<scalar> 
30
(
-1.94661e-11
-1.93943e-11
-1.93369e-11
-1.92958e-11
-1.92741e-11
-1.92744e-11
-1.92954e-11
-1.93346e-11
-1.93863e-11
-1.9448e-11
-1.95144e-11
-1.95884e-11
-1.96653e-11
-1.97575e-11
-1.9854e-11
-1.99867e-11
-2.01209e-11
-2.0339e-11
-2.05265e-11
-2.09051e-11
-2.10759e-11
-2.16714e-11
-2.09378e-11
-2.0755e-11
-7.24748e-12
-3.91285e-14
-4.0652e-14
-4.0652e-14
-4.0652e-14
-4.0652e-14
)
;
    }
    down
    {
        type            calculated;
        value           nonuniform List<scalar> 
30
(
-3.22819e-10
-3.71873e-11
-6.49669e-12
-7.58778e-12
-3.68517e-14
-4.0652e-14
-4.0652e-14
-4.0652e-14
-4.0652e-14
-4.0652e-14
-4.0652e-14
-4.0652e-14
-4.0652e-14
-4.0652e-14
-4.0652e-14
-4.0652e-14
-4.0652e-14
-4.0652e-14
-4.0652e-14
-4.0652e-14
-4.0652e-14
-4.0652e-14
-4.0652e-14
-4.0652e-14
-4.0652e-14
-4.0652e-14
-4.0652e-14
-4.0652e-14
-4.0652e-14
-4.0652e-14
)
;
    }
    emptyWalls
    {
        type            empty;
    }
}


// ************************************************************************* //
