/*--------------------------------*- C++ -*----------------------------------*\
  =========                 |
  \\      /  F ield         | OpenFOAM: The Open Source CFD Toolbox
   \\    /   O peration     | Website:  https://openfoam.org
    \\  /    A nd           | Version:  9
     \\/     M anipulation  |
\*---------------------------------------------------------------------------*/
FoamFile
{
    format      ascii;
    class       volScalarField;
    location    "31000";
    object      fw;
}
// * * * * * * * * * * * * * * * * * * * * * * * * * * * * * * * * * * * * * //

dimensions      [0 0 0 0 0 0 0];

internalField   nonuniform List<scalar> 
900
(
0.999977
0.972113
0.638403
0.691367
1.04065e-07
4.7991e-09
4.7991e-09
4.7991e-09
4.7991e-09
4.7991e-09
4.7991e-09
4.7991e-09
4.7991e-09
4.7991e-09
4.7991e-09
4.7991e-09
4.7991e-09
4.7991e-09
4.7991e-09
4.7991e-09
4.7991e-09
4.7991e-09
4.7991e-09
4.7991e-09
4.7991e-09
4.7991e-09
4.7991e-09
4.7991e-09
4.7991e-09
4.7991e-09
0.999883
0.969033
0.999471
0.971515
5.0844e-05
4.79969e-09
4.7991e-09
4.7991e-09
4.7991e-09
4.7991e-09
4.7991e-09
4.7991e-09
4.7991e-09
4.7991e-09
4.7991e-09
4.7991e-09
4.7991e-09
4.7991e-09
4.7991e-09
4.7991e-09
4.7991e-09
4.7991e-09
4.7991e-09
4.7991e-09
4.7991e-09
4.7991e-09
4.7991e-09
4.7991e-09
4.7991e-09
4.7991e-09
0.999173
0.998024
0.941092
0.208905
1.10562e-08
4.7991e-09
4.7991e-09
4.7991e-09
4.7991e-09
4.7991e-09
4.7991e-09
4.7991e-09
4.7991e-09
4.7991e-09
4.7991e-09
4.7991e-09
4.7991e-09
4.7991e-09
4.7991e-09
4.7991e-09
4.7991e-09
4.7991e-09
4.7991e-09
4.7991e-09
4.7991e-09
4.7991e-09
4.7991e-09
4.7991e-09
4.7991e-09
4.7991e-09
0.999861
0.933686
0.816957
0.00363172
4.87314e-09
4.7991e-09
4.7991e-09
4.7991e-09
4.7991e-09
4.7991e-09
4.7991e-09
4.7991e-09
4.7991e-09
4.7991e-09
4.7991e-09
4.7991e-09
4.7991e-09
4.7991e-09
4.7991e-09
4.7991e-09
4.7991e-09
4.7991e-09
4.7991e-09
4.7991e-09
4.7991e-09
4.7991e-09
4.7991e-09
4.7991e-09
4.7991e-09
4.7991e-09
0.999813
0.997067
0.849648
0.000935323
4.81084e-09
4.7991e-09
4.7991e-09
4.7991e-09
4.7991e-09
4.7991e-09
4.7991e-09
4.7991e-09
4.7991e-09
4.7991e-09
4.7991e-09
4.7991e-09
4.7991e-09
4.7991e-09
4.7991e-09
4.7991e-09
4.7991e-09
4.7991e-09
4.7991e-09
4.7991e-09
4.7991e-09
4.7991e-09
4.7991e-09
4.7991e-09
4.7991e-09
4.7991e-09
0.999963
0.97905
0.901405
6.25406e-05
4.79966e-09
4.7991e-09
4.7991e-09
4.7991e-09
4.7991e-09
4.7991e-09
4.7991e-09
4.7991e-09
4.7991e-09
4.7991e-09
4.7991e-09
4.7991e-09
4.7991e-09
4.7991e-09
4.7991e-09
4.7991e-09
4.7991e-09
4.7991e-09
4.7991e-09
4.7991e-09
4.7991e-09
4.7991e-09
4.7991e-09
4.7991e-09
4.7991e-09
4.7991e-09
0.999978
0.99647
0.893722
8.98125e-06
4.79916e-09
4.7991e-09
4.7991e-09
4.7991e-09
4.7991e-09
4.7991e-09
4.7991e-09
4.7991e-09
4.7991e-09
4.7991e-09
4.7991e-09
4.7991e-09
4.7991e-09
4.7991e-09
4.7991e-09
4.7991e-09
4.7991e-09
4.7991e-09
4.7991e-09
4.7991e-09
4.7991e-09
4.7991e-09
4.7991e-09
4.7991e-09
4.7991e-09
4.7991e-09
0.999999
0.996709
0.979021
8.63651e-07
4.7991e-09
4.7991e-09
4.7991e-09
4.7991e-09
4.7991e-09
4.7991e-09
4.7991e-09
4.7991e-09
4.7991e-09
4.7991e-09
4.7991e-09
4.7991e-09
4.7991e-09
4.7991e-09
4.7991e-09
4.7991e-09
4.7991e-09
4.7991e-09
4.7991e-09
4.7991e-09
4.7991e-09
4.7991e-09
4.7991e-09
4.7991e-09
4.7991e-09
4.7991e-09
1
0.999642
0.883659
1.94306e-07
4.7991e-09
4.7991e-09
4.7991e-09
4.7991e-09
4.7991e-09
4.7991e-09
4.7991e-09
4.7991e-09
4.7991e-09
4.7991e-09
4.7991e-09
4.7991e-09
4.7991e-09
4.7991e-09
4.7991e-09
4.7991e-09
4.7991e-09
4.7991e-09
4.7991e-09
4.7991e-09
4.7991e-09
4.7991e-09
4.7991e-09
4.7991e-09
4.7991e-09
4.7991e-09
1.00001
0.999912
0.987806
7.89308e-05
4.79915e-09
4.7991e-09
4.7991e-09
4.7991e-09
4.7991e-09
4.7991e-09
4.7991e-09
4.7991e-09
4.7991e-09
4.7991e-09
4.7991e-09
4.7991e-09
4.7991e-09
4.7991e-09
4.7991e-09
4.7991e-09
4.7991e-09
4.7991e-09
4.7991e-09
4.7991e-09
4.7991e-09
4.7991e-09
4.7991e-09
4.7991e-09
4.7991e-09
4.79911e-09
1.00002
1
0.993137
0.557993
3.33293e-07
4.80062e-09
4.80032e-09
4.7991e-09
4.7991e-09
4.7991e-09
4.7991e-09
4.7991e-09
4.7991e-09
4.7991e-09
4.7991e-09
4.7991e-09
4.7991e-09
4.7991e-09
4.7991e-09
4.7991e-09
4.7991e-09
4.7991e-09
4.7991e-09
4.7991e-09
4.7991e-09
4.7991e-09
4.7991e-09
4.7991e-09
4.79909e-09
4.79909e-09
1
0.999999
0.999869
0.996215
0.947178
0.846809
0.601408
6.68627e-08
4.79984e-09
4.80156e-09
4.79974e-09
4.79975e-09
4.79964e-09
4.79967e-09
4.79956e-09
4.79916e-09
4.7991e-09
4.7991e-09
4.7991e-09
4.7991e-09
4.7991e-09
4.7991e-09
4.7991e-09
4.7991e-09
4.7991e-09
4.7991e-09
4.7991e-09
4.7991e-09
4.7991e-09
4.7991e-09
0.993733
0.999734
0.999033
0.997558
0.991237
0.975985
0.945782
0.856892
0.808748
0.800001
0.802375
0.799352
0.811298
0.783935
0.83074
0.00102443
3.26733e-07
5.79083e-07
1.17711e-06
2.02735e-06
3.33813e-06
5.45696e-06
9.21606e-06
1.48219e-05
2.22394e-05
2.26797e-05
1.53388e-05
4.73673e-06
6.61732e-07
3.26016e-08
0.965798
0.987308
0.970681
0.973823
0.971839
0.959256
0.94575
0.929727
0.912946
0.900683
0.90449
0.896238
0.906499
0.875975
0.870485
0.72061
0.667108
0.661832
0.664839
0.67328
0.68506
0.696701
0.706128
0.713097
0.719399
0.725429
0.733055
0.739243
0.745445
0.745221
0.953671
0.914906
0.916554
0.901562
0.903428
0.903235
0.905299
0.90908
0.904984
0.897836
0.897079
0.892456
0.892092
0.878693
0.868602
0.860504
0.836419
0.827549
0.828336
0.832916
0.838511
0.843606
0.847434
0.849748
0.852031
0.85378
0.858061
0.861489
0.867305
0.867218
0.917334
0.908661
0.894546
0.886511
0.881522
0.880944
0.883723
0.887797
0.888279
0.884842
0.881607
0.877943
0.873687
0.870704
0.867138
0.87401
0.869359
0.865613
0.865537
0.868056
0.870298
0.872703
0.873452
0.874346
0.874346
0.874847
0.877266
0.880233
0.887653
0.889376
0.90785
0.88223
0.87581
0.875823
0.878637
0.882339
0.885716
0.887821
0.888276
0.886511
0.883526
0.880452
0.877325
0.876442
0.876633
0.880158
0.881011
0.881269
0.881452
0.883241
0.88362
0.885884
0.885412
0.888514
0.887451
0.890425
0.889121
0.89175
0.89657
0.901585
0.888615
0.876861
0.877949
0.884988
0.892446
0.898235
0.90223
0.904457
0.905383
0.904982
0.903664
0.901965
0.900532
0.899987
0.900463
0.901527
0.902865
0.903452
0.903616
0.903876
0.903655
0.90513
0.904678
0.908505
0.906032
0.91057
0.901783
0.902044
0.891285
0.895714
0.878807
0.878534
0.893294
0.906304
0.914986
0.920108
0.923158
0.924606
0.925326
0.925098
0.924692
0.923727
0.923402
0.922807
0.92333
0.92296
0.923679
0.922382
0.922424
0.920011
0.920454
0.918298
0.919407
0.918138
0.917009
0.917748
0.906835
0.906494
0.864706
0.856028
0.879393
0.907351
0.92591
0.933825
0.93649
0.936937
0.936574
0.935811
0.935035
0.934052
0.933257
0.932242
0.931692
0.930806
0.930491
0.929256
0.928665
0.926321
0.925441
0.921931
0.922281
0.917583
0.920421
0.91279
0.918262
0.908235
0.913529
0.91315
0.867183
0.861439
0.932332
0.950144
0.949577
0.943977
0.937972
0.933048
0.929354
0.926724
0.924773
0.923373
0.922194
0.921337
0.920435
0.919791
0.918779
0.918049
0.916644
0.915949
0.91453
0.914486
0.913728
0.913824
0.914412
0.911472
0.916902
0.903014
0.924467
0.896909
0.964243
0.98347
0.90527
0.896596
0.895743
0.897496
0.900125
0.902961
0.905646
0.907842
0.909623
0.910906
0.911938
0.912648
0.913296
0.913783
0.914343
0.914956
0.915683
0.916806
0.917557
0.919176
0.918702
0.920704
0.917016
0.920638
0.911845
0.920525
0.909508
0.925408
0.913074
0.48424
0.910611
0.914596
0.922068
0.927946
0.931293
0.932845
0.933382
0.93337
0.933142
0.932731
0.932371
0.931852
0.931517
0.930897
0.930612
0.929762
0.929449
0.927923
0.927213
0.924091
0.922754
0.917564
0.916988
0.910827
0.913779
0.906819
0.91103
0.893086
0.823908
0.820626
0.912058
0.910288
0.909317
0.908812
0.908233
0.907549
0.906759
0.906166
0.905626
0.905406
0.905151
0.905246
0.905143
0.905476
0.905396
0.905877
0.905574
0.906001
0.905202
0.905808
0.9049
0.907109
0.906261
0.910977
0.906741
0.908604
0.891813
0.833982
0.749483
0.423679
0.912214
0.910771
0.910665
0.91186
0.913637
0.915452
0.916964
0.918219
0.919178
0.920013
0.920684
0.921337
0.921935
0.922528
0.923181
0.92367
0.9244
0.924492
0.925264
0.924303
0.924942
0.921531
0.921
0.913701
0.906738
0.894869
0.845789
0.760683
0.614916
0.421849
0.912526
0.911485
0.910989
0.91108
0.911465
0.912026
0.912422
0.912857
0.913013
0.913377
0.913395
0.913847
0.913753
0.914347
0.91403
0.914721
0.913961
0.914561
0.912998
0.912743
0.909832
0.906596
0.903141
0.893016
0.886238
0.857411
0.766135
0.634009
0.430574
2.22688e-06
0.912743
0.911919
0.91138
0.911208
0.911348
0.911769
0.912254
0.912853
0.913327
0.913943
0.914332
0.915009
0.915315
0.916138
0.916354
0.917446
0.917579
0.919083
0.91904
0.920723
0.919855
0.919564
0.915999
0.902378
0.887626
0.807414
0.584515
0.479501
3.76245e-07
4.7991e-09
0.912873
0.912214
0.911718
0.911458
0.911402
0.911602
0.911887
0.912352
0.912727
0.913297
0.91363
0.914302
0.914548
0.915415
0.915553
0.916805
0.916794
0.918696
0.918269
0.920816
0.918423
0.919244
0.90757
0.889838
0.856037
0.617062
0.00212728
4.80032e-09
4.7991e-09
4.7991e-09
0.912951
0.91239
0.911945
0.911655
0.911519
0.911588
0.911776
0.912137
0.912498
0.913016
0.913409
0.914037
0.91441
0.915224
0.915588
0.916785
0.917162
0.919075
0.919337
0.922369
0.921405
0.925126
0.915463
0.911265
0.834057
0.0190272
4.81287e-09
4.7991e-09
4.7991e-09
4.7991e-09
0.912987
0.912472
0.912057
0.911759
0.911601
0.911603
0.911756
0.912041
0.912415
0.912858
0.913331
0.913854
0.914393
0.915032
0.915694
0.916594
0.917489
0.918914
0.920112
0.922454
0.923479
0.926905
0.922652
0.921538
0.676065
1.83873e-08
4.7991e-09
4.7991e-09
4.7991e-09
4.7991e-09
)
;

boundaryField
{
    inlet1
    {
        type            calculated;
        value           uniform 1;
    }
    inlet2
    {
        type            calculated;
        value           nonuniform List<scalar> 10(1.00002 1 0.993733 0.965798 0.953671 0.917334 0.90785 0.888615 0.878807 0.879393);
    }
    inlet3
    {
        type            calculated;
        value           uniform 0.913307;
    }
    output1
    {
        type            calculated;
        value           nonuniform List<scalar> 10(4.7991e-09 4.7991e-09 4.7991e-09 4.7991e-09 4.7991e-09 4.7991e-09 4.7991e-09 4.7991e-09 4.7991e-09 4.79911e-09);
    }
    output2
    {
        type            calculated;
        value           nonuniform List<scalar> 10(4.79909e-09 4.7991e-09 3.26016e-08 0.745221 0.867218 0.889376 0.901585 0.895714 0.856028 0.861439);
    }
    output3
    {
        type            calculated;
        value           nonuniform List<scalar> 10(0.98347 0.48424 0.820626 0.423679 0.421849 2.22688e-06 4.7991e-09 4.7991e-09 4.7991e-09 4.7991e-09);
    }
    up
    {
        type            calculated;
        value           nonuniform List<scalar> 
30
(
0.912987
0.912472
0.912057
0.911759
0.911601
0.911603
0.911756
0.912041
0.912415
0.912858
0.913331
0.913854
0.914393
0.915032
0.915694
0.916594
0.917489
0.918914
0.920112
0.922454
0.923479
0.926905
0.922652
0.921538
0.676065
1.83873e-08
4.7991e-09
4.7991e-09
4.7991e-09
4.7991e-09
)
;
    }
    down
    {
        type            calculated;
        value           nonuniform List<scalar> 
30
(
0.999977
0.972113
0.638403
0.691367
1.04065e-07
4.7991e-09
4.7991e-09
4.7991e-09
4.7991e-09
4.7991e-09
4.7991e-09
4.7991e-09
4.7991e-09
4.7991e-09
4.7991e-09
4.7991e-09
4.7991e-09
4.7991e-09
4.7991e-09
4.7991e-09
4.7991e-09
4.7991e-09
4.7991e-09
4.7991e-09
4.7991e-09
4.7991e-09
4.7991e-09
4.7991e-09
4.7991e-09
4.7991e-09
)
;
    }
    emptyWalls
    {
        type            empty;
    }
}


// ************************************************************************* //
