/*--------------------------------*- C++ -*----------------------------------*\
  =========                 |
  \\      /  F ield         | OpenFOAM: The Open Source CFD Toolbox
   \\    /   O peration     | Website:  https://openfoam.org
    \\  /    A nd           | Version:  9
     \\/     M anipulation  |
\*---------------------------------------------------------------------------*/
FoamFile
{
    format      ascii;
    class       volScalarField;
    location    "19000";
    object      alpha;
}
// * * * * * * * * * * * * * * * * * * * * * * * * * * * * * * * * * * * * * //

dimensions      [0 2 -1 0 0 0 0];

internalField   nonuniform List<scalar> 
900
(
-3.73097e-10
-1.49155e-10
-6.36771e-12
-5.67301e-13
-4.01664e-14
-4.0652e-14
-4.0652e-14
-4.0652e-14
-4.0652e-14
-4.0652e-14
-4.0652e-14
-4.0652e-14
-4.0652e-14
-4.0652e-14
-4.0652e-14
-4.0652e-14
-4.0652e-14
-4.0652e-14
-4.0652e-14
-4.0652e-14
-4.0652e-14
-4.0652e-14
-4.0652e-14
-4.0652e-14
-4.0652e-14
-4.0652e-14
-4.0652e-14
-4.0652e-14
-4.0652e-14
-4.0652e-14
-6.66223e-11
-1.92057e-11
-6.73946e-12
-1.43739e-11
-3.45107e-14
-4.0652e-14
-4.0652e-14
-4.0652e-14
-4.0652e-14
-4.0652e-14
-4.0652e-14
-4.0652e-14
-4.0652e-14
-4.0652e-14
-4.0652e-14
-4.0652e-14
-4.0652e-14
-4.0652e-14
-4.0652e-14
-4.0652e-14
-4.0652e-14
-4.0652e-14
-4.0652e-14
-4.0652e-14
-4.0652e-14
-4.0652e-14
-4.0652e-14
-4.0652e-14
-4.0652e-14
-4.0652e-14
-1.69112e-10
-2.72708e-11
-1.42934e-11
-1.29895e-13
-4.0635e-14
-4.0652e-14
-4.0652e-14
-4.0652e-14
-4.0652e-14
-4.0652e-14
-4.0652e-14
-4.0652e-14
-4.0652e-14
-4.0652e-14
-4.0652e-14
-4.0652e-14
-4.0652e-14
-4.0652e-14
-4.0652e-14
-4.0652e-14
-4.0652e-14
-4.0652e-14
-4.0652e-14
-4.0652e-14
-4.0652e-14
-4.0652e-14
-4.0652e-14
-4.0652e-14
-4.0652e-14
-4.0652e-14
-1.33437e-10
-2.50911e-11
-2.26386e-11
-3.23185e-14
-4.06499e-14
-4.0652e-14
-4.0652e-14
-4.0652e-14
-4.0652e-14
-4.0652e-14
-4.0652e-14
-4.0652e-14
-4.0652e-14
-4.0652e-14
-4.0652e-14
-4.0652e-14
-4.0652e-14
-4.0652e-14
-4.0652e-14
-4.0652e-14
-4.0652e-14
-4.0652e-14
-4.0652e-14
-4.0652e-14
-4.0652e-14
-4.0652e-14
-4.0652e-14
-4.0652e-14
-4.0652e-14
-4.0652e-14
-1.89922e-10
-3.52125e-11
-1.80365e-11
-2.66358e-14
-4.06518e-14
-4.0652e-14
-4.0652e-14
-4.0652e-14
-4.0652e-14
-4.0652e-14
-4.0652e-14
-4.0652e-14
-4.0652e-14
-4.0652e-14
-4.0652e-14
-4.0652e-14
-4.0652e-14
-4.0652e-14
-4.0652e-14
-4.0652e-14
-4.0652e-14
-4.0652e-14
-4.0652e-14
-4.0652e-14
-4.0652e-14
-4.0652e-14
-4.0652e-14
-4.0652e-14
-4.0652e-14
-4.0652e-14
-1.62588e-10
-2.86227e-11
-1.5469e-11
-3.2418e-14
-4.0652e-14
-4.0652e-14
-4.0652e-14
-4.0652e-14
-4.0652e-14
-4.0652e-14
-4.0652e-14
-4.0652e-14
-4.0652e-14
-4.0652e-14
-4.0652e-14
-4.0652e-14
-4.0652e-14
-4.0652e-14
-4.0652e-14
-4.0652e-14
-4.0652e-14
-4.0652e-14
-4.0652e-14
-4.0652e-14
-4.0652e-14
-4.0652e-14
-4.0652e-14
-4.0652e-14
-4.0652e-14
-4.0652e-14
-2.09666e-10
-4.09258e-11
-1.00417e-11
-3.72289e-14
-4.0652e-14
-4.0652e-14
-4.0652e-14
-4.0652e-14
-4.0652e-14
-4.0652e-14
-4.0652e-14
-4.0652e-14
-4.0652e-14
-4.0652e-14
-4.0652e-14
-4.0652e-14
-4.0652e-14
-4.0652e-14
-4.0652e-14
-4.0652e-14
-4.0652e-14
-4.0652e-14
-4.0652e-14
-4.0652e-14
-4.0652e-14
-4.0652e-14
-4.0652e-14
-4.0652e-14
-4.0652e-14
-4.0652e-14
-2.04753e-10
-4.01909e-11
-1.69912e-11
-3.98292e-14
-4.0652e-14
-4.0652e-14
-4.0652e-14
-4.0652e-14
-4.0652e-14
-4.0652e-14
-4.0652e-14
-4.0652e-14
-4.0652e-14
-4.0652e-14
-4.0652e-14
-4.0652e-14
-4.0652e-14
-4.0652e-14
-4.0652e-14
-4.0652e-14
-4.0652e-14
-4.0652e-14
-4.0652e-14
-4.0652e-14
-4.0652e-14
-4.0652e-14
-4.0652e-14
-4.0652e-14
-4.0652e-14
-4.0652e-14
-2.82034e-10
-4.81926e-11
-1.26296e-12
-4.06097e-14
-4.0652e-14
-4.0652e-14
-4.0652e-14
-4.0652e-14
-4.0652e-14
-4.0652e-14
-4.0652e-14
-4.0652e-14
-4.0652e-14
-4.0652e-14
-4.0652e-14
-4.0652e-14
-4.0652e-14
-4.0652e-14
-4.0652e-14
-4.0652e-14
-4.0652e-14
-4.0652e-14
-4.0652e-14
-4.0652e-14
-4.0652e-14
-4.0652e-14
-4.0652e-14
-4.0652e-14
-4.0652e-14
-4.0652e-14
-3.24374e-10
-3.61442e-11
-5.2847e-14
-4.06513e-14
-4.0652e-14
-4.0652e-14
-4.0652e-14
-4.0652e-14
-4.0652e-14
-4.0652e-14
-4.0652e-14
-4.0652e-14
-4.0652e-14
-4.0652e-14
-4.0652e-14
-4.0652e-14
-4.0652e-14
-4.0652e-14
-4.0652e-14
-4.0652e-14
-4.0652e-14
-4.0652e-14
-4.0652e-14
-4.0652e-14
-4.0652e-14
-4.0652e-14
-4.0652e-14
-4.0652e-14
-4.0652e-14
-4.0652e-14
-4.73527e-10
-1.1033e-10
-7.40416e-12
-3.19552e-14
-4.0652e-14
-4.0652e-14
-4.0652e-14
-4.0652e-14
-4.0652e-14
-4.0652e-14
-4.0652e-14
-4.0652e-14
-4.0652e-14
-4.0652e-14
-4.0652e-14
-4.0652e-14
-4.0652e-14
-4.0652e-14
-4.0652e-14
-4.0652e-14
-4.0652e-14
-4.0652e-14
-4.0652e-14
-4.0652e-14
-4.0652e-14
-4.0652e-14
-4.0652e-14
-4.0652e-14
-4.0652e-14
-4.0652e-14
-5.88677e-10
-3.55453e-11
-1.02869e-11
-6.60801e-12
-4.62213e-14
-4.05771e-14
-4.0652e-14
-4.0652e-14
-4.0652e-14
-4.0652e-14
-4.0652e-14
-4.0652e-14
-4.0652e-14
-4.0652e-14
-4.0652e-14
-4.0652e-14
-4.0652e-14
-4.0652e-14
-4.0652e-14
-4.0652e-14
-4.0652e-14
-4.0652e-14
-4.0652e-14
-4.0652e-14
-4.0652e-14
-4.0652e-14
-4.0652e-14
-4.0652e-14
-4.0652e-14
-4.0652e-14
-1.1721e-09
-3.10972e-10
-2.53813e-11
-6.72547e-12
-3.07531e-12
-2.10065e-12
-2.99501e-14
-4.06518e-14
-4.06518e-14
-4.06518e-14
-4.06518e-14
-4.06518e-14
-4.06519e-14
-4.0652e-14
-4.0652e-14
-4.0652e-14
-4.0652e-14
-4.0652e-14
-4.0652e-14
-4.0652e-14
-4.0652e-14
-4.0652e-14
-4.0652e-14
-4.0652e-14
-4.0652e-14
-4.0652e-14
-4.0652e-14
-4.0652e-14
-4.0652e-14
-4.0652e-14
-7.16427e-10
-3.50213e-10
-1.31856e-10
-5.79013e-11
-3.12316e-11
-2.32405e-11
-1.8313e-11
-1.85469e-11
-1.77863e-11
-1.92941e-11
-1.62115e-11
-1.62214e-11
-8.09457e-12
-3.64969e-14
-4.00092e-14
-3.94706e-14
-3.90897e-14
-3.91457e-14
-3.93369e-14
-3.95776e-14
-3.98464e-14
-4.00978e-14
-4.03343e-14
-4.05395e-14
-4.05895e-14
-4.06362e-14
-4.0652e-14
-4.0652e-14
-4.0652e-14
-4.0652e-14
-1.38652e-10
-9.37204e-11
-6.26514e-11
-4.74201e-11
-3.2999e-11
-2.9256e-11
-2.57966e-11
-2.67601e-11
-2.475e-11
-2.60239e-11
-2.32003e-11
-2.04273e-11
-1.49382e-11
-8.0958e-12
-7.15387e-12
-7.5199e-12
-7.98872e-12
-8.32183e-12
-8.52461e-12
-8.63904e-12
-8.72165e-12
-8.78813e-12
-8.82225e-12
-8.80537e-12
-8.76903e-12
-8.19153e-12
-7.55487e-12
-4.40346e-12
-1.32081e-13
-2.79216e-14
-2.76226e-11
-2.57157e-11
-2.20612e-11
-2.26227e-11
-2.11158e-11
-2.07858e-11
-1.99065e-11
-1.98061e-11
-1.87422e-11
-1.85025e-11
-1.73109e-11
-1.61382e-11
-1.52556e-11
-1.399e-11
-1.27343e-11
-1.26791e-11
-1.29562e-11
-1.31918e-11
-1.33084e-11
-1.33703e-11
-1.33854e-11
-1.33632e-11
-1.33406e-11
-1.3075e-11
-1.2746e-11
-1.16749e-11
-1.00208e-11
-7.76484e-12
-5.30721e-12
-4.82599e-12
-2.33392e-11
-1.98394e-11
-1.86388e-11
-1.7964e-11
-1.77254e-11
-1.74061e-11
-1.69359e-11
-1.63051e-11
-1.56148e-11
-1.48564e-11
-1.43482e-11
-1.39509e-11
-1.41503e-11
-1.46566e-11
-1.42755e-11
-1.39983e-11
-1.39633e-11
-1.40695e-11
-1.4209e-11
-1.43635e-11
-1.44762e-11
-1.45234e-11
-1.44589e-11
-1.41081e-11
-1.35263e-11
-1.24367e-11
-1.13371e-11
-1.03631e-11
-1.00507e-11
-9.67085e-12
-1.70056e-11
-1.60102e-11
-1.61904e-11
-1.68069e-11
-1.73421e-11
-1.75645e-11
-1.74971e-11
-1.71726e-11
-1.67684e-11
-1.62549e-11
-1.58839e-11
-1.56758e-11
-1.57741e-11
-1.60416e-11
-1.60122e-11
-1.59197e-11
-1.59777e-11
-1.62316e-11
-1.65298e-11
-1.68374e-11
-1.70018e-11
-1.70517e-11
-1.68264e-11
-1.64089e-11
-1.56738e-11
-1.48357e-11
-1.39871e-11
-1.34258e-11
-1.35401e-11
-1.37637e-11
-1.6148e-11
-1.61559e-11
-1.75726e-11
-1.90211e-11
-2.00056e-11
-2.05043e-11
-2.05984e-11
-2.04526e-11
-2.01783e-11
-1.99042e-11
-1.97104e-11
-1.96577e-11
-1.97081e-11
-1.97988e-11
-1.97957e-11
-1.97324e-11
-1.97033e-11
-1.97492e-11
-1.97764e-11
-1.9758e-11
-1.95505e-11
-1.92425e-11
-1.8645e-11
-1.80875e-11
-1.72552e-11
-1.67762e-11
-1.58883e-11
-1.52749e-11
-1.37091e-11
-1.28221e-11
-1.57073e-11
-1.86857e-11
-2.14669e-11
-2.29947e-11
-2.3507e-11
-2.35117e-11
-2.32487e-11
-2.29116e-11
-2.25576e-11
-2.22819e-11
-2.2076e-11
-2.19543e-11
-2.18283e-11
-2.16697e-11
-2.14563e-11
-2.11392e-11
-2.08018e-11
-2.03989e-11
-2.00493e-11
-1.95863e-11
-1.91655e-11
-1.85495e-11
-1.79876e-11
-1.73054e-11
-1.6751e-11
-1.63171e-11
-1.57164e-11
-1.5396e-11
-1.2289e-11
-1.02707e-11
-2.27399e-11
-2.72509e-11
-2.71425e-11
-2.56358e-11
-2.41681e-11
-2.31024e-11
-2.22878e-11
-2.17436e-11
-2.12921e-11
-2.10198e-11
-2.07482e-11
-2.05914e-11
-2.03481e-11
-2.0176e-11
-1.98991e-11
-1.96577e-11
-1.93336e-11
-1.90328e-11
-1.87192e-11
-1.83641e-11
-1.80417e-11
-1.74798e-11
-1.71213e-11
-1.62457e-11
-1.60505e-11
-1.47805e-11
-1.51111e-11
-1.32774e-11
-1.72011e-11
-2.18309e-11
-1.84504e-11
-1.74387e-11
-1.73383e-11
-1.75325e-11
-1.77955e-11
-1.81289e-11
-1.83986e-11
-1.87018e-11
-1.88784e-11
-1.91328e-11
-1.92182e-11
-1.94364e-11
-1.94212e-11
-1.95769e-11
-1.9442e-11
-1.94609e-11
-1.91903e-11
-1.9018e-11
-1.85801e-11
-1.82237e-11
-1.75041e-11
-1.69286e-11
-1.59782e-11
-1.52822e-11
-1.40248e-11
-1.33184e-11
-1.21565e-11
-1.11905e-11
-9.45465e-12
-3.0382e-12
-1.91375e-11
-1.96903e-11
-2.08314e-11
-2.18488e-11
-2.24603e-11
-2.27732e-11
-2.28238e-11
-2.28241e-11
-2.26397e-11
-2.25264e-11
-2.21551e-11
-2.19395e-11
-2.13315e-11
-2.10102e-11
-2.01994e-11
-1.98196e-11
-1.90067e-11
-1.85168e-11
-1.77376e-11
-1.69185e-11
-1.57092e-11
-1.45083e-11
-1.33608e-11
-1.22533e-11
-1.08791e-11
-9.82163e-12
-8.39371e-12
-6.97857e-12
-4.79105e-12
-4.50685e-12
-1.93362e-11
-1.90889e-11
-1.8967e-11
-1.8896e-11
-1.88436e-11
-1.8753e-11
-1.86831e-11
-1.85939e-11
-1.85317e-11
-1.84526e-11
-1.83415e-11
-1.8262e-11
-1.80199e-11
-1.80292e-11
-1.75932e-11
-1.77958e-11
-1.71039e-11
-1.7096e-11
-1.61064e-11
-1.49836e-11
-1.29631e-11
-1.13437e-11
-9.7505e-12
-8.68734e-12
-7.50733e-12
-6.69568e-12
-4.44669e-12
-3.87578e-12
-1.75581e-12
-3.98484e-14
-1.93578e-11
-1.91593e-11
-1.91531e-11
-1.93141e-11
-1.95926e-11
-1.98451e-11
-2.0137e-11
-2.02941e-11
-2.05493e-11
-2.05781e-11
-2.07822e-11
-2.0629e-11
-2.06491e-11
-2.02711e-11
-1.97599e-11
-1.93112e-11
-1.77919e-11
-1.73011e-11
-1.49397e-11
-1.26787e-11
-9.67074e-12
-7.89538e-12
-5.47168e-12
-4.53462e-12
-4.26155e-12
-4.49671e-12
-3.17156e-14
-4.0652e-14
-4.0652e-14
-4.0652e-14
-1.94031e-11
-1.92625e-11
-1.92053e-11
-1.92209e-11
-1.93062e-11
-1.9376e-11
-1.95073e-11
-1.9513e-11
-1.96761e-11
-1.95339e-11
-1.97457e-11
-1.92801e-11
-1.94792e-11
-1.84312e-11
-1.84211e-11
-1.69977e-11
-1.59601e-11
-1.49957e-11
-1.12675e-11
-8.52636e-12
-5.54267e-12
-4.4424e-12
-9.49287e-13
-4.04587e-14
-4.0652e-14
-4.0652e-14
-4.0652e-14
-4.0652e-14
-4.0652e-14
-4.0652e-14
-1.94333e-11
-1.9331e-11
-1.92619e-11
-1.92565e-11
-1.92941e-11
-1.93753e-11
-1.94959e-11
-1.95908e-11
-1.97849e-11
-1.98118e-11
-2.01298e-11
-1.9908e-11
-2.04045e-11
-1.94135e-11
-2.00538e-11
-1.74368e-11
-1.72471e-11
-1.34783e-11
-7.91336e-12
-4.88667e-12
-2.2161e-12
-3.95832e-14
-4.0652e-14
-4.0652e-14
-4.0652e-14
-4.0652e-14
-4.0652e-14
-4.0652e-14
-4.0652e-14
-4.0652e-14
-1.94525e-11
-1.93783e-11
-1.93113e-11
-1.93054e-11
-1.93018e-11
-1.93829e-11
-1.94372e-11
-1.95898e-11
-1.96848e-11
-1.98881e-11
-2.00374e-11
-2.0215e-11
-2.04159e-11
-2.00378e-11
-2.0049e-11
-1.70096e-11
-1.68497e-11
-9.12331e-12
-3.78275e-12
-3.78922e-14
-4.0652e-14
-4.0652e-14
-4.0652e-14
-4.0652e-14
-4.0652e-14
-4.0652e-14
-4.0652e-14
-4.0652e-14
-4.0652e-14
-4.0652e-14
-1.94641e-11
-1.94068e-11
-1.93452e-11
-1.93413e-11
-1.93197e-11
-1.93997e-11
-1.94188e-11
-1.96073e-11
-1.96456e-11
-1.99836e-11
-2.00187e-11
-2.05812e-11
-2.05452e-11
-2.12379e-11
-2.05702e-11
-1.93028e-11
-1.64646e-11
-5.12673e-12
-3.84517e-14
-4.0652e-14
-4.0652e-14
-4.0652e-14
-4.0652e-14
-4.0652e-14
-4.0652e-14
-4.0652e-14
-4.0652e-14
-4.0652e-14
-4.0652e-14
-4.0652e-14
-1.94708e-11
-1.94184e-11
-1.93647e-11
-1.93567e-11
-1.93367e-11
-1.94046e-11
-1.9424e-11
-1.96048e-11
-1.96476e-11
-2.0006e-11
-2.00416e-11
-2.07236e-11
-2.06584e-11
-2.19231e-11
-2.1122e-11
-2.2683e-11
-1.43383e-11
-3.11405e-14
-4.0652e-14
-4.0652e-14
-4.0652e-14
-4.0652e-14
-4.0652e-14
-4.0652e-14
-4.0652e-14
-4.0652e-14
-4.0652e-14
-4.0652e-14
-4.0652e-14
-4.0652e-14
)
;

boundaryField
{
    inlet1
    {
        type            calculated;
        value           uniform -5e-10;
    }
    inlet2
    {
        type            calculated;
        value           nonuniform List<scalar> 10(-4.73527e-10 -5.88677e-10 -1.1721e-09 -7.16427e-10 -1.38652e-10 -2.76226e-11 -2.33392e-11 -1.70056e-11 -1.6148e-11 -1.57073e-11);
    }
    inlet3
    {
        type            calculated;
        value           uniform -1.95111e-11;
    }
    output1
    {
        type            calculated;
        value           nonuniform List<scalar> 10(-4.0652e-14 -4.0652e-14 -4.0652e-14 -4.0652e-14 -4.0652e-14 -4.0652e-14 -4.0652e-14 -4.0652e-14 -4.0652e-14 -4.0652e-14);
    }
    output2
    {
        type            calculated;
        value           nonuniform List<scalar> 10(-4.0652e-14 -4.0652e-14 -4.0652e-14 -4.0652e-14 -2.79216e-14 -4.82599e-12 -9.67085e-12 -1.37637e-11 -1.28221e-11 -1.02707e-11);
    }
    output3
    {
        type            calculated;
        value           nonuniform List<scalar> 10(-2.18309e-11 -3.0382e-12 -4.50685e-12 -3.98484e-14 -4.0652e-14 -4.0652e-14 -4.0652e-14 -4.0652e-14 -4.0652e-14 -4.0652e-14);
    }
    up
    {
        type            calculated;
        value           nonuniform List<scalar> 
30
(
-1.94708e-11
-1.94184e-11
-1.93647e-11
-1.93567e-11
-1.93367e-11
-1.94046e-11
-1.9424e-11
-1.96048e-11
-1.96476e-11
-2.0006e-11
-2.00416e-11
-2.07236e-11
-2.06584e-11
-2.19231e-11
-2.1122e-11
-2.2683e-11
-1.43383e-11
-3.11405e-14
-4.0652e-14
-4.0652e-14
-4.0652e-14
-4.0652e-14
-4.0652e-14
-4.0652e-14
-4.0652e-14
-4.0652e-14
-4.0652e-14
-4.0652e-14
-4.0652e-14
-4.0652e-14
)
;
    }
    down
    {
        type            calculated;
        value           nonuniform List<scalar> 
30
(
-3.73097e-10
-1.49155e-10
-6.36771e-12
-5.67301e-13
-4.01664e-14
-4.0652e-14
-4.0652e-14
-4.0652e-14
-4.0652e-14
-4.0652e-14
-4.0652e-14
-4.0652e-14
-4.0652e-14
-4.0652e-14
-4.0652e-14
-4.0652e-14
-4.0652e-14
-4.0652e-14
-4.0652e-14
-4.0652e-14
-4.0652e-14
-4.0652e-14
-4.0652e-14
-4.0652e-14
-4.0652e-14
-4.0652e-14
-4.0652e-14
-4.0652e-14
-4.0652e-14
-4.0652e-14
)
;
    }
    emptyWalls
    {
        type            empty;
    }
}


// ************************************************************************* //
