/*--------------------------------*- C++ -*----------------------------------*\
  =========                 |
  \\      /  F ield         | OpenFOAM: The Open Source CFD Toolbox
   \\    /   O peration     | Website:  https://openfoam.org
    \\  /    A nd           | Version:  9
     \\/     M anipulation  |
\*---------------------------------------------------------------------------*/
FoamFile
{
    format      ascii;
    class       volScalarField;
    location    "19000";
    object      fw;
}
// * * * * * * * * * * * * * * * * * * * * * * * * * * * * * * * * * * * * * //

dimensions      [0 0 0 0 0 0 0];

internalField   nonuniform List<scalar> 
900
(
0.999994
0.999075
0.631338
0.0561329
7.51026e-09
4.7991e-09
4.7991e-09
4.7991e-09
4.7991e-09
4.7991e-09
4.7991e-09
4.7991e-09
4.7991e-09
4.7991e-09
4.7991e-09
4.7991e-09
4.7991e-09
4.7991e-09
4.7991e-09
4.7991e-09
4.7991e-09
4.7991e-09
4.7991e-09
4.7991e-09
4.7991e-09
4.7991e-09
4.7991e-09
4.7991e-09
4.7991e-09
4.7991e-09
0.991777
0.911099
0.651208
0.862024
4.88379e-07
4.7991e-09
4.7991e-09
4.7991e-09
4.7991e-09
4.7991e-09
4.7991e-09
4.7991e-09
4.7991e-09
4.7991e-09
4.7991e-09
4.7991e-09
4.7991e-09
4.7991e-09
4.7991e-09
4.7991e-09
4.7991e-09
4.7991e-09
4.7991e-09
4.7991e-09
4.7991e-09
4.7991e-09
4.7991e-09
4.7991e-09
4.7991e-09
4.7991e-09
0.999399
0.950626
0.860903
0.00844929
4.87692e-09
4.7991e-09
4.7991e-09
4.7991e-09
4.7991e-09
4.7991e-09
4.7991e-09
4.7991e-09
4.7991e-09
4.7991e-09
4.7991e-09
4.7991e-09
4.7991e-09
4.7991e-09
4.7991e-09
4.7991e-09
4.7991e-09
4.7991e-09
4.7991e-09
4.7991e-09
4.7991e-09
4.7991e-09
4.7991e-09
4.7991e-09
4.7991e-09
4.7991e-09
0.99868
0.94291
0.932019
0.000634442
4.809e-09
4.7991e-09
4.7991e-09
4.7991e-09
4.7991e-09
4.7991e-09
4.7991e-09
4.7991e-09
4.7991e-09
4.7991e-09
4.7991e-09
4.7991e-09
4.7991e-09
4.7991e-09
4.7991e-09
4.7991e-09
4.7991e-09
4.7991e-09
4.7991e-09
4.7991e-09
4.7991e-09
4.7991e-09
4.7991e-09
4.7991e-09
4.7991e-09
4.7991e-09
0.99961
0.969054
0.901855
6.60335e-05
4.80005e-09
4.7991e-09
4.7991e-09
4.7991e-09
4.7991e-09
4.7991e-09
4.7991e-09
4.7991e-09
4.7991e-09
4.7991e-09
4.7991e-09
4.7991e-09
4.7991e-09
4.7991e-09
4.7991e-09
4.7991e-09
4.7991e-09
4.7991e-09
4.7991e-09
4.7991e-09
4.7991e-09
4.7991e-09
4.7991e-09
4.7991e-09
4.7991e-09
4.7991e-09
0.999309
0.954691
0.876056
1.70249e-06
4.79911e-09
4.7991e-09
4.7991e-09
4.7991e-09
4.7991e-09
4.7991e-09
4.7991e-09
4.7991e-09
4.7991e-09
4.7991e-09
4.7991e-09
4.7991e-09
4.7991e-09
4.7991e-09
4.7991e-09
4.7991e-09
4.7991e-09
4.7991e-09
4.7991e-09
4.7991e-09
4.7991e-09
4.7991e-09
4.7991e-09
4.7991e-09
4.7991e-09
4.7991e-09
0.99974
0.97686
0.776707
7.95238e-08
4.7991e-09
4.7991e-09
4.7991e-09
4.7991e-09
4.7991e-09
4.7991e-09
4.7991e-09
4.7991e-09
4.7991e-09
4.7991e-09
4.7991e-09
4.7991e-09
4.7991e-09
4.7991e-09
4.7991e-09
4.7991e-09
4.7991e-09
4.7991e-09
4.7991e-09
4.7991e-09
4.7991e-09
4.7991e-09
4.7991e-09
4.7991e-09
4.7991e-09
4.7991e-09
0.999713
0.97602
0.892378
1.01338e-08
4.7991e-09
4.7991e-09
4.7991e-09
4.7991e-09
4.7991e-09
4.7991e-09
4.7991e-09
4.7991e-09
4.7991e-09
4.7991e-09
4.7991e-09
4.7991e-09
4.7991e-09
4.7991e-09
4.7991e-09
4.7991e-09
4.7991e-09
4.7991e-09
4.7991e-09
4.7991e-09
4.7991e-09
4.7991e-09
4.7991e-09
4.7991e-09
4.7991e-09
4.7991e-09
0.999942
0.983369
0.146549
4.99404e-09
4.7991e-09
4.7991e-09
4.7991e-09
4.7991e-09
4.7991e-09
4.7991e-09
4.7991e-09
4.7991e-09
4.7991e-09
4.7991e-09
4.7991e-09
4.7991e-09
4.7991e-09
4.7991e-09
4.7991e-09
4.7991e-09
4.7991e-09
4.7991e-09
4.7991e-09
4.7991e-09
4.7991e-09
4.7991e-09
4.7991e-09
4.7991e-09
4.7991e-09
4.7991e-09
0.999978
0.970552
0.00212298
4.80228e-09
4.7991e-09
4.7991e-09
4.7991e-09
4.7991e-09
4.7991e-09
4.7991e-09
4.7991e-09
4.7991e-09
4.7991e-09
4.7991e-09
4.7991e-09
4.7991e-09
4.7991e-09
4.7991e-09
4.7991e-09
4.7991e-09
4.7991e-09
4.7991e-09
4.7991e-09
4.7991e-09
4.7991e-09
4.7991e-09
4.7991e-09
4.7991e-09
4.7991e-09
4.79911e-09
1
0.997694
0.683237
2.21884e-06
4.79949e-09
4.7991e-09
4.7991e-09
4.7991e-09
4.7991e-09
4.7991e-09
4.7991e-09
4.7991e-09
4.7991e-09
4.7991e-09
4.7991e-09
4.7991e-09
4.7991e-09
4.7991e-09
4.7991e-09
4.7991e-09
4.7991e-09
4.7991e-09
4.7991e-09
4.7991e-09
4.7991e-09
4.7991e-09
4.7991e-09
4.7991e-09
4.79909e-09
4.79909e-09
1
0.969601
0.783324
0.644353
0.00163588
5.14927e-09
4.7991e-09
4.7991e-09
4.7991e-09
4.7991e-09
4.7991e-09
4.7991e-09
4.7991e-09
4.7991e-09
4.7991e-09
4.7991e-09
4.7991e-09
4.7991e-09
4.7991e-09
4.7991e-09
4.7991e-09
4.7991e-09
4.7991e-09
4.7991e-09
4.7991e-09
4.7991e-09
4.7991e-09
4.7991e-09
4.7991e-09
4.7991e-09
1.00006
0.999969
0.944031
0.650487
0.370259
0.256015
6.84929e-06
4.80006e-09
4.80025e-09
4.80028e-09
4.80023e-09
4.80007e-09
4.79996e-09
4.7991e-09
4.7991e-09
4.7991e-09
4.7991e-09
4.7991e-09
4.7991e-09
4.7991e-09
4.7991e-09
4.7991e-09
4.7991e-09
4.7991e-09
4.7991e-09
4.7991e-09
4.7991e-09
4.7991e-09
4.7991e-09
4.7991e-09
1.00001
0.999988
0.998631
0.988745
0.961307
0.934948
0.904162
0.906052
0.899699
0.911746
0.884431
0.884538
0.712351
1.33269e-07
8.64508e-09
1.38052e-08
1.89855e-08
1.8128e-08
1.5457e-08
1.26015e-08
9.98225e-09
7.98785e-09
6.4473e-09
5.33367e-09
5.08962e-09
4.8714e-09
4.7991e-09
4.7991e-09
4.7991e-09
4.7991e-09
0.998829
0.99642
0.990548
0.982805
0.965045
0.956435
0.945583
0.948956
0.94155
0.946407
0.934758
0.919481
0.869524
0.712399
0.671672
0.688395
0.708136
0.721116
0.728625
0.732737
0.735651
0.737964
0.73914
0.738559
0.737302
0.716137
0.689931
0.496927
0.00864381
2.26798e-05
0.951732
0.945286
0.92903
0.931939
0.923715
0.921727
0.916052
0.915367
0.90759
0.905697
0.895412
0.883642
0.873488
0.856561
0.836358
0.835378
0.840213
0.844165
0.84607
0.847067
0.84731
0.846954
0.84659
0.842224
0.836564
0.815978
0.776129
0.698933
0.565576
0.530625
0.935412
0.915595
0.90678
0.901237
0.899164
0.896291
0.891842
0.885429
0.877768
0.868473
0.861667
0.855988
0.858879
0.865857
0.860652
0.856683
0.85617
0.857718
0.859715
0.861879
0.863428
0.86407
0.863192
0.858274
0.849541
0.830974
0.808714
0.785321
0.776954
0.766141
0.892518
0.882243
0.884205
0.890572
0.8957
0.89773
0.897122
0.894114
0.89019
0.884895
0.880839
0.878474
0.8796
0.882589
0.882265
0.88124
0.881884
0.884646
0.887774
0.890874
0.892481
0.892962
0.890766
0.886521
0.878452
0.868206
0.856519
0.847954
0.849757
0.853196
0.883747
0.883832
0.897803
0.909725
0.91672
0.919971
0.920564
0.919643
0.917868
0.916036
0.914707
0.91434
0.914691
0.915317
0.915296
0.914859
0.914657
0.914975
0.915163
0.915036
0.913587
0.911369
0.906829
0.902286
0.894892
0.890268
0.880889
0.873723
0.852366
0.837899
0.878837
0.907148
0.925753
0.933774
0.936189
0.93621
0.934987
0.933371
0.931611
0.930194
0.929109
0.928456
0.927771
0.926895
0.925693
0.923854
0.921825
0.9193
0.917013
0.913839
0.910802
0.906073
0.901439
0.895361
0.890016
0.885556
0.878941
0.875186
0.828206
0.782893
0.932525
0.950562
0.950214
0.944989
0.939123
0.934292
0.930225
0.927305
0.924748
0.923144
0.921495
0.920521
0.918973
0.917852
0.916002
0.91434
0.912033
0.909813
0.907411
0.904579
0.901899
0.896964
0.893628
0.884798
0.882686
0.867488
0.871705
0.845567
0.894384
0.927785
0.905278
0.89659
0.895666
0.897442
0.89978
0.902634
0.90486
0.907275
0.908641
0.91056
0.911191
0.912774
0.912666
0.913773
0.912814
0.91295
0.910985
0.909701
0.906316
0.903425
0.897185
0.89177
0.88189
0.873812
0.85707
0.846231
0.825668
0.805434
0.759652
0.366237
0.910594
0.914567
0.922006
0.927883
0.931115
0.93269
0.93294
0.932942
0.932025
0.931452
0.929528
0.928376
0.924977
0.923087
0.918006
0.91546
0.909616
0.905811
0.899272
0.891671
0.878859
0.863865
0.846915
0.827529
0.798192
0.770521
0.723811
0.663222
0.527949
0.505446
0.912052
0.910233
0.909316
0.908776
0.908374
0.907674
0.907128
0.906425
0.905931
0.905296
0.904395
0.903742
0.901714
0.901793
0.897988
0.899783
0.893462
0.893386
0.883296
0.870102
0.840331
0.80886
0.768469
0.734446
0.687841
0.648945
0.500511
0.450535
0.211796
9.96424e-09
0.912209
0.910756
0.910711
0.911892
0.913884
0.915634
0.917595
0.918624
0.920255
0.920437
0.921704
0.920756
0.920881
0.918474
0.915049
0.911871
0.899748
0.89532
0.869543
0.83537
0.766138
0.704348
0.576743
0.507704
0.484936
0.504618
2.54205e-06
4.7991e-09
4.7991e-09
4.7991e-09
0.912535
0.911516
0.911096
0.91121
0.911834
0.91234
0.91328
0.913321
0.914468
0.913469
0.914951
0.911644
0.91308
0.905124
0.905042
0.892441
0.881689
0.870255
0.807167
0.728688
0.581446
0.500157
0.104897
5.74973e-09
4.7991e-09
4.7991e-09
4.7991e-09
4.7991e-09
4.7991e-09
4.7991e-09
0.912753
0.912015
0.911511
0.911471
0.911746
0.912335
0.913199
0.913871
0.915221
0.915406
0.917547
0.916062
0.919336
0.91261
0.917043
0.896572
0.894816
0.848785
0.705083
0.535227
0.270431
1.2541e-08
4.7991e-09
4.7991e-09
4.7991e-09
4.7991e-09
4.7991e-09
4.7991e-09
4.7991e-09
4.7991e-09
0.91289
0.912357
0.911871
0.911829
0.911803
0.91239
0.91278
0.913864
0.914529
0.915927
0.916933
0.918108
0.919409
0.916936
0.917011
0.892557
0.890996
0.749201
0.441832
4.87596e-08
4.7991e-09
4.7991e-09
4.7991e-09
4.7991e-09
4.7991e-09
4.7991e-09
4.7991e-09
4.7991e-09
4.7991e-09
4.7991e-09
0.912973
0.912562
0.912118
0.912089
0.911932
0.912511
0.912648
0.913987
0.914255
0.916573
0.916808
0.920457
0.92023
0.924433
0.920387
0.911809
0.8871
0.552875
3.17084e-08
4.7991e-09
4.7991e-09
4.7991e-09
4.7991e-09
4.7991e-09
4.7991e-09
4.7991e-09
4.7991e-09
4.7991e-09
4.7991e-09
4.7991e-09
0.913021
0.912646
0.912258
0.912201
0.912056
0.912547
0.912685
0.913969
0.914269
0.916723
0.916961
0.921344
0.920939
0.928287
0.923752
0.932242
0.86153
3.51523e-06
4.7991e-09
4.7991e-09
4.7991e-09
4.7991e-09
4.7991e-09
4.7991e-09
4.7991e-09
4.7991e-09
4.7991e-09
4.7991e-09
4.7991e-09
4.7991e-09
)
;

boundaryField
{
    inlet1
    {
        type            calculated;
        value           uniform 1;
    }
    inlet2
    {
        type            calculated;
        value           nonuniform List<scalar> 10(1 1 1.00006 1.00001 0.998829 0.951732 0.935412 0.892518 0.883747 0.878837);
    }
    inlet3
    {
        type            calculated;
        value           uniform 0.913307;
    }
    output1
    {
        type            calculated;
        value           nonuniform List<scalar> 10(4.7991e-09 4.7991e-09 4.7991e-09 4.7991e-09 4.7991e-09 4.7991e-09 4.7991e-09 4.7991e-09 4.7991e-09 4.79911e-09);
    }
    output2
    {
        type            calculated;
        value           nonuniform List<scalar> 10(4.79909e-09 4.7991e-09 4.7991e-09 4.7991e-09 2.26798e-05 0.530625 0.766141 0.853196 0.837899 0.782893);
    }
    output3
    {
        type            calculated;
        value           nonuniform List<scalar> 10(0.927785 0.366237 0.505446 9.96424e-09 4.7991e-09 4.7991e-09 4.7991e-09 4.7991e-09 4.7991e-09 4.7991e-09);
    }
    up
    {
        type            calculated;
        value           nonuniform List<scalar> 
30
(
0.913021
0.912646
0.912258
0.912201
0.912056
0.912547
0.912685
0.913969
0.914269
0.916723
0.916961
0.921344
0.920939
0.928287
0.923752
0.932242
0.86153
3.51523e-06
4.7991e-09
4.7991e-09
4.7991e-09
4.7991e-09
4.7991e-09
4.7991e-09
4.7991e-09
4.7991e-09
4.7991e-09
4.7991e-09
4.7991e-09
4.7991e-09
)
;
    }
    down
    {
        type            calculated;
        value           nonuniform List<scalar> 
30
(
0.999994
0.999075
0.631338
0.0561329
7.51026e-09
4.7991e-09
4.7991e-09
4.7991e-09
4.7991e-09
4.7991e-09
4.7991e-09
4.7991e-09
4.7991e-09
4.7991e-09
4.7991e-09
4.7991e-09
4.7991e-09
4.7991e-09
4.7991e-09
4.7991e-09
4.7991e-09
4.7991e-09
4.7991e-09
4.7991e-09
4.7991e-09
4.7991e-09
4.7991e-09
4.7991e-09
4.7991e-09
4.7991e-09
)
;
    }
    emptyWalls
    {
        type            empty;
    }
}


// ************************************************************************* //
