/*--------------------------------*- C++ -*----------------------------------*\
  =========                 |
  \\      /  F ield         | OpenFOAM: The Open Source CFD Toolbox
   \\    /   O peration     | Website:  https://openfoam.org
    \\  /    A nd           | Version:  9
     \\/     M anipulation  |
\*---------------------------------------------------------------------------*/
FoamFile
{
    format      ascii;
    class       surfaceScalarField;
    location    "19000";
    object      phi;
}
// * * * * * * * * * * * * * * * * * * * * * * * * * * * * * * * * * * * * * //

dimensions      [0 3 -1 0 0 0 0];

internalField   nonuniform List<scalar> 
1740
(
4.30999e-08
5.16102e-08
1.22454e-08
2.09125e-08
2.7677e-09
4.97466e-09
1.37555e-09
2.73034e-09
1.34896e-09
6.33558e-11
1.68806e-09
9.8652e-11
1.62928e-09
6.33924e-11
1.59163e-09
3.54346e-11
1.57239e-09
1.62673e-11
1.56633e-09
3.68927e-12
1.56871e-09
-4.19483e-12
1.57581e-09
-8.5681e-12
1.58467e-09
-1.01097e-11
1.59277e-09
-9.21411e-12
1.59788e-09
-6.12673e-12
1.59791e-09
-1.00735e-12
1.5909e-09
6.05457e-12
1.57488e-09
1.50435e-11
1.54782e-09
2.6023e-11
1.50759e-09
3.91251e-11
1.4519e-09
5.45202e-11
1.37833e-09
7.2372e-11
1.28447e-09
9.27549e-11
1.16807e-09
1.15544e-10
1.02744e-09
1.40272e-10
8.61895e-10
1.65975e-10
6.72312e-10
1.91077e-10
4.61629e-10
2.13387e-10
2.3509e-10
2.30351e-10
2.39583e-10
1.16683e-08
1.43883e-07
6.43858e-09
2.7178e-08
4.5721e-09
1.22237e-08
3.13711e-09
2.76096e-09
1.35371e-09
4.16697e-10
1.74134e-09
2.16106e-10
1.6108e-09
1.19483e-10
1.57321e-09
6.20759e-11
1.55921e-09
2.59412e-11
1.55789e-09
2.68138e-12
1.56398e-09
-1.19021e-11
1.57406e-09
-1.99676e-11
1.58544e-09
-2.26545e-11
1.59578e-09
-2.06154e-11
1.60295e-09
-1.4279e-11
1.60496e-09
-3.94962e-12
1.59992e-09
1.01902e-11
1.58592e-09
2.8107e-11
1.561e-09
4.99359e-11
1.52305e-09
7.59678e-11
1.46977e-09
1.06597e-10
1.39863e-09
1.42228e-10
1.307e-09
1.83119e-10
1.1923e-09
2.29165e-10
1.05236e-09
2.79583e-10
8.85935e-10
3.32567e-10
6.93409e-10
3.84955e-10
4.77483e-10
4.32136e-10
2.4364e-10
4.68454e-10
4.88393e-10
2.33852e-08
2.31689e-07
6.36352e-09
4.03638e-08
1.60985e-09
2.53057e-08
1.11449e-09
9.66248e-11
1.34845e-09
5.02225e-10
1.55273e-09
2.50654e-10
1.53743e-09
1.36359e-10
1.53118e-09
6.74442e-11
1.53336e-09
2.27411e-11
1.54205e-09
-6.99991e-12
1.55526e-09
-2.61236e-11
1.57101e-09
-3.67406e-11
1.58725e-09
-3.99206e-11
1.60196e-09
-3.63096e-11
1.61319e-09
-2.64216e-11
1.61909e-09
-1.07005e-11
1.6179e-09
1.05497e-11
1.60789e-09
3.72596e-11
1.58722e-09
6.96479e-11
1.55387e-09
1.08214e-10
1.5055e-09
1.53673e-10
1.43943e-09
2.06822e-10
1.35262e-09
2.68332e-10
1.24178e-09
3.38411e-10
1.10376e-09
4.16326e-10
9.36072e-10
4.99751e-10
7.37902e-10
5.84044e-10
5.11245e-10
6.61754e-10
2.61966e-10
7.22944e-10
7.57139e-10
1.9608e-08
3.08291e-07
6.25568e-09
5.61755e-08
2.63712e-09
3.28527e-08
8.51323e-10
5.12565e-11
1.3064e-09
2.80573e-10
1.40588e-09
1.85929e-10
1.45508e-09
1.07855e-10
1.48072e-09
4.86036e-11
1.50101e-09
4.58406e-12
1.52168e-09
-2.72911e-11
1.54402e-09
-4.8845e-11
1.56746e-09
-6.09437e-11
1.59059e-09
-6.39736e-11
1.61163e-09
-5.82784e-11
1.62877e-09
-4.43962e-11
1.64031e-09
-2.29811e-11
1.64472e-09
5.4471e-12
1.64052e-09
4.07284e-11
1.62612e-09
8.31738e-11
1.5997e-09
1.33558e-10
1.55895e-09
1.93049e-10
1.50099e-09
2.63045e-10
1.42225e-09
3.44963e-10
1.31845e-09
4.39812e-10
1.18482e-09
5.47552e-10
1.0167e-09
6.66062e-10
8.10887e-10
7.89716e-10
5.67623e-10
9.07892e-10
2.92959e-10
1.00443e-09
1.06008e-09
2.01604e-08
3.87003e-07
3.67897e-09
6.87557e-08
1.32875e-09
3.39477e-08
8.7026e-10
6.2542e-11
1.30189e-09
1.23037e-10
1.33898e-09
1.04713e-10
1.39631e-09
6.05324e-11
1.4356e-09
1.45343e-11
1.46826e-09
-2.57117e-11
1.49966e-09
-5.7897e-11
1.53168e-09
-8.10166e-11
1.56424e-09
-9.42111e-11
1.59602e-09
-9.67478e-11
1.62521e-09
-8.84324e-11
1.64995e-09
-6.99027e-11
1.66867e-09
-4.22757e-11
1.68016e-09
-6.51233e-12
1.68334e-09
3.7028e-11
1.67707e-09
8.87511e-11
1.65986e-09
1.4979e-10
1.62959e-09
2.21909e-10
1.58333e-09
3.07348e-10
1.51695e-09
4.08658e-10
1.42497e-09
5.28315e-10
1.30036e-09
6.68007e-10
1.13503e-09
8.2723e-10
9.21327e-10
1.00087e-09
6.55391e-10
1.17567e-09
3.42227e-10
1.3268e-09
1.41867e-09
1.58857e-08
4.6569e-07
1.43201e-09
8.53709e-08
7.55713e-10
2.96493e-08
9.23584e-10
8.24277e-11
1.29535e-09
6.13016e-11
1.30957e-09
4.93635e-11
1.3556e-09
1.503e-11
1.39713e-09
-2.52832e-11
1.43678e-09
-6.40637e-11
1.477e-09
-9.75649e-11
1.51882e-09
-1.2311e-10
1.56177e-09
-1.38135e-10
1.60406e-09
-1.40371e-10
1.64325e-09
-1.288e-10
1.67715e-09
-1.04507e-10
1.70428e-09
-6.97093e-11
1.7239e-09
-2.62551e-11
1.73562e-09
2.514e-11
1.73897e-09
8.50059e-11
1.73307e-09
1.54941e-10
1.71625e-09
2.37437e-10
1.68577e-09
3.3578e-10
1.63727e-09
4.54004e-10
1.56411e-09
5.96781e-10
1.45663e-09
7.68929e-10
1.30174e-09
9.73986e-10
1.084e-09
1.21085e-09
7.90378e-10
1.46711e-09
4.20537e-10
1.70841e-09
1.86913e-09
1.86454e-08
5.47818e-07
1.8022e-09
1.03511e-07
8.82092e-10
3.11027e-08
9.36701e-10
1.0766e-10
1.27006e-09
5.17906e-11
1.2826e-09
1.64123e-11
1.31938e-09
-2.44901e-11
1.36052e-09
-6.66312e-11
1.40475e-09
-1.07693e-10
1.45272e-09
-1.45189e-10
1.50484e-09
-1.75722e-10
1.55997e-09
-1.94846e-10
1.61518e-09
-1.97802e-10
1.66659e-09
-1.81888e-10
1.71112e-09
-1.49618e-10
1.7474e-09
-1.058e-10
1.77554e-09
-5.39434e-11
1.79626e-09
4.77896e-12
1.81014e-09
7.11871e-11
1.8172e-09
1.47531e-10
1.81659e-09
2.3712e-10
1.80625e-09
3.44324e-10
1.78225e-09
4.74793e-10
1.73757e-09
6.35876e-10
1.66032e-09
8.36942e-10
1.53129e-09
1.08893e-09
1.32258e-09
1.40144e-09
1.00157e-09
1.77351e-09
5.49525e-10
2.17061e-09
2.48031e-09
7.96162e-09
6.42173e-07
-3.64366e-09
1.16519e-07
-3.50451e-10
2.0989e-08
9.27483e-10
2.01427e-10
1.23412e-09
6.09615e-11
1.24504e-09
-1.10129e-11
1.27879e-09
-6.27701e-11
1.32083e-09
-1.09059e-10
1.36897e-09
-1.54888e-10
1.42431e-09
-1.99777e-10
1.48784e-09
-2.39742e-10
1.55811e-09
-2.67725e-10
1.6301e-09
-2.74102e-10
1.69683e-09
-2.51334e-10
1.75333e-09
-2.06275e-10
1.79865e-09
-1.4993e-10
1.83462e-09
-8.84985e-11
1.86376e-09
-2.32719e-11
1.88814e-09
4.74371e-11
1.909e-09
1.2687e-10
1.92666e-09
2.19192e-10
1.94041e-09
3.29604e-10
1.9479e-09
4.64964e-10
1.94363e-09
6.34987e-10
1.9158e-09
8.54031e-10
1.84053e-09
1.14334e-09
1.67344e-09
1.53246e-09
1.34378e-09
2.05487e-09
7.75978e-10
2.72018e-09
3.40119e-09
-6.67578e-10
7.42462e-07
-8.58092e-09
1.07671e-07
7.59288e-10
1.97376e-09
8.8327e-10
2.09805e-10
1.15837e-09
1.68778e-11
1.18781e-09
-5.86542e-11
1.22993e-09
-1.06519e-10
1.27505e-09
-1.51948e-10
1.32598e-09
-2.03023e-10
1.38772e-09
-2.59287e-10
1.46409e-09
-3.15746e-10
1.55452e-09
-3.62208e-10
1.65028e-09
-3.79548e-10
1.73729e-09
-3.43067e-10
1.8067e-09
-2.7422e-10
1.85928e-09
-1.99148e-10
1.90053e-09
-1.26847e-10
1.93601e-09
-5.68087e-11
1.96966e-09
1.49704e-11
2.004e-09
9.33157e-11
2.04065e-09
1.83174e-10
2.08084e-09
2.89931e-10
2.12532e-09
4.20467e-10
2.17326e-09
5.8507e-10
2.2187e-09
8.00845e-10
2.24158e-09
1.09793e-09
2.18688e-09
1.53016e-09
1.92413e-09
2.19335e-09
1.21059e-09
3.25403e-09
5.00308e-09
3.49875e-08
8.05948e-07
4.57222e-09
1.45623e-07
3.94311e-10
8.87479e-09
7.54865e-10
7.95265e-11
1.00819e-09
-1.55535e-10
1.11805e-09
-1.34013e-10
1.17807e-09
-1.52703e-10
1.22347e-09
-1.89191e-10
1.27217e-09
-2.45969e-10
1.33651e-09
-3.18605e-10
1.42628e-09
-4.01748e-10
1.54559e-09
-4.85812e-10
1.67922e-09
-5.38814e-10
1.79536e-09
-4.67167e-10
1.87692e-09
-3.48391e-10
1.93121e-09
-2.45594e-10
1.97223e-09
-1.6293e-10
2.01009e-09
-9.20811e-11
2.05051e-09
-2.4065e-11
2.09669e-09
4.82468e-11
2.15111e-09
1.30248e-10
2.21698e-09
2.26469e-10
2.29928e-09
3.41896e-10
2.40537e-09
4.8397e-10
2.54419e-09
6.66335e-10
2.7202e-09
9.17363e-10
2.90839e-09
1.2969e-09
2.95526e-09
1.93431e-09
2.14225e-09
3.09949e-09
5.3531e-09
1.92729e-08
7.82948e-07
2.10134e-08
1.27569e-07
7.07107e-09
1.85187e-08
6.40255e-10
1.2011e-08
9.92298e-10
-1.28491e-10
1.09811e-09
-1.42258e-10
1.14085e-09
-1.88282e-10
1.16858e-09
-2.06144e-10
1.20271e-09
-2.73059e-10
1.25988e-09
-3.67416e-10
1.35892e-09
-4.86828e-10
1.52237e-09
-6.40477e-10
1.72563e-09
-8.22731e-10
1.88801e-09
-6.38392e-10
1.9744e-09
-4.06586e-10
2.01643e-09
-2.71903e-10
2.04708e-09
-1.87198e-10
2.08162e-09
-1.24517e-10
2.12562e-09
-6.74031e-11
2.18113e-09
-6.51701e-12
2.25011e-09
6.30919e-11
2.3367e-09
1.43792e-10
2.44946e-09
2.36668e-10
2.60475e-09
3.42565e-10
2.83249e-09
4.63151e-10
3.18664e-09
6.08284e-10
3.77122e-09
8.05753e-10
4.84626e-09
1.14751e-09
7.40403e-09
1.85651e-09
2.91252e-09
5.23961e-08
7.25631e-07
2.80441e-08
1.67729e-07
3.0058e-08
2.95833e-08
1.66962e-08
2.20807e-08
1.01084e-09
1.0199e-08
1.15431e-09
9.84676e-10
1.11871e-09
-1.20891e-10
1.10726e-09
-1.5337e-10
1.11024e-09
-2.11225e-10
1.14137e-09
-2.94481e-10
1.22717e-09
-4.04402e-10
1.45932e-09
-5.67151e-10
1.81293e-09
-8.26145e-10
2.05664e-09
-8.71878e-10
2.11625e-09
-3.68024e-10
2.11303e-09
-2.48859e-10
2.11806e-09
-1.90277e-10
2.14368e-09
-1.52213e-10
2.1892e-09
-1.152e-10
2.25209e-09
-7.04819e-11
2.33152e-09
-1.54147e-11
2.43027e-09
4.8842e-11
2.55708e-09
1.1841e-10
2.7317e-09
1.86474e-10
2.99437e-09
2.3542e-10
3.42265e-09
2.46854e-10
4.14359e-09
1.70307e-10
5.25451e-09
-6.55375e-12
6.66542e-09
2.66517e-10
6.44743e-10
2.79168e-07
4.39281e-07
1.99809e-07
2.40668e-07
8.56496e-08
1.32957e-07
5.85954e-08
7.87042e-08
4.68741e-08
4.82674e-08
2.23288e-08
2.73791e-08
9.16429e-10
1.92083e-08
1.03872e-09
2.21504e-09
9.89597e-10
1.13791e-09
9.68186e-10
4.92291e-09
9.49063e-10
9.12369e-09
1.27482e-09
2.23272e-08
2.01014e-09
2.54859e-08
2.40936e-09
-5.13522e-10
2.32094e-09
-1.97555e-10
2.20139e-09
-1.51875e-10
2.16843e-09
-1.35053e-10
2.18582e-09
-1.25696e-10
2.23542e-09
-1.1144e-10
2.30652e-09
-8.75521e-11
2.39359e-09
-5.39089e-11
2.49577e-09
-1.34601e-11
2.61691e-09
2.8376e-11
2.77062e-09
6.32706e-11
2.99063e-09
6.62873e-11
3.36601e-09
9.36829e-12
4.12599e-09
-2.03541e-10
5.36277e-09
-6.78493e-10
6.58505e-09
-9.56836e-10
4.77718e-11
4.50022e-07
-7.00905e-09
6.16532e-07
7.11729e-08
6.02774e-07
1.32543e-07
5.41235e-07
1.13351e-07
4.98237e-07
7.73649e-08
4.68266e-07
5.55447e-08
4.55832e-07
3.49986e-08
4.52721e-07
7.63593e-09
4.50857e-07
6.50692e-09
4.22751e-07
2.37368e-08
3.76015e-07
4.75569e-08
2.87951e-07
9.31632e-08
1.03895e-07
1.25205e-07
2.47438e-09
8.24087e-08
2.515e-09
7.38299e-09
2.12831e-09
-5.03718e-10
2.08658e-09
-3.28423e-09
2.12012e-09
-4.31533e-09
2.19458e-09
-4.71756e-09
2.29171e-09
-4.94143e-09
2.40051e-09
-5.11943e-09
2.51554e-09
-5.08794e-09
2.6304e-09
-4.79447e-09
2.73735e-09
-3.65122e-09
2.82878e-09
-3.09363e-10
2.9242e-09
6.82296e-09
3.63162e-09
2.48645e-08
5.4855e-09
3.75875e-08
7.22444e-09
2.82734e-10
3.64715e-11
1.57944e-07
-1.44931e-07
3.01438e-07
-8.07106e-08
4.39623e-07
-8.40838e-09
5.20285e-07
3.53424e-08
5.66481e-07
4.11756e-08
6.00624e-07
3.20024e-08
6.27736e-07
1.58737e-08
6.36149e-07
4.98144e-09
6.34341e-07
1.00629e-08
6.25795e-07
3.64622e-08
5.89233e-07
7.60029e-08
5.6025e-07
1.32214e-07
4.76199e-07
1.83584e-07
4.11917e-07
1.5512e-07
4.13014e-07
2.93212e-08
4.19302e-07
-3.39961e-09
4.34886e-07
-1.66402e-08
4.55083e-07
-2.19351e-08
4.77354e-07
-2.42402e-08
5.00999e-07
-2.56727e-08
5.25862e-07
-2.66892e-08
5.50855e-07
-2.67108e-08
5.73364e-07
-2.4984e-08
5.92913e-07
-1.88405e-08
5.90033e-07
-2.84106e-09
5.6255e-07
2.90293e-08
4.60436e-07
9.1128e-08
1.97757e-07
1.554e-07
1.39237e-08
1.28523e-07
1.43173e-08
5.59454e-08
-2.0463e-07
1.23217e-07
-1.5102e-07
2.12425e-07
-9.61981e-08
3.04487e-07
-5.39245e-08
3.7971e-07
-2.63691e-08
4.33683e-07
-1.58968e-08
4.67283e-07
-1.25307e-08
4.82206e-07
-6.92882e-09
4.89409e-07
6.16814e-09
5.00173e-07
2.99492e-08
5.16168e-07
6.33832e-08
5.61297e-07
9.93894e-08
6.18856e-07
1.29204e-07
6.46604e-07
1.10044e-07
6.54956e-07
3.46259e-08
6.70156e-07
-1.18424e-08
6.89649e-07
-3.52162e-08
7.13279e-07
-4.66083e-08
7.40712e-07
-5.28044e-08
7.71368e-07
-5.70171e-08
8.03542e-07
-5.97067e-08
8.37808e-07
-6.0066e-08
8.67753e-07
-5.57619e-08
8.93598e-07
-4.29428e-08
9.04954e-07
-1.44689e-08
8.9636e-07
3.5238e-08
8.87577e-07
1.11163e-07
8.43336e-07
1.9128e-07
8.15769e-07
1.94517e-07
2.75429e-08
7.06948e-08
-2.86697e-07
1.38144e-07
-2.22824e-07
2.07264e-07
-1.66865e-07
2.73195e-07
-1.1913e-07
3.29941e-07
-8.273e-08
3.71726e-07
-5.73566e-08
3.98088e-07
-3.8902e-08
4.13613e-07
-2.22057e-08
4.24507e-07
-4.31049e-09
4.41085e-07
1.60987e-08
4.70666e-07
3.80365e-08
5.20317e-07
5.50443e-08
5.92267e-07
6.1367e-08
6.5078e-07
4.61145e-08
6.80457e-07
7.1086e-09
7.02351e-07
-3.11586e-08
7.25828e-07
-5.81124e-08
7.54665e-07
-7.5845e-08
7.89536e-07
-8.78492e-08
8.29236e-07
-9.63619e-08
8.71389e-07
-1.0116e-07
9.14566e-07
-1.01597e-07
9.54162e-07
-9.4348e-08
9.91952e-07
-7.77031e-08
1.02908e-06
-4.82613e-08
1.08377e-06
-1.02118e-08
1.18077e-06
2.63949e-08
1.33361e-06
4.10205e-08
1.47089e-06
7.16452e-09
-3.92231e-08
7.99814e-08
-3.70331e-07
1.56497e-07
-2.97781e-07
2.30874e-07
-2.37703e-07
2.98863e-07
-1.84892e-07
3.56063e-07
-1.38885e-07
4.00803e-07
-1.01174e-07
4.33972e-07
-7.09189e-08
4.59591e-07
-4.60565e-08
4.81964e-07
-2.47277e-08
5.06846e-07
-6.62025e-09
5.39688e-07
6.88528e-09
5.83046e-07
1.22957e-08
6.36931e-07
6.96332e-09
6.89615e-07
-9.28246e-09
7.32887e-07
-3.63878e-08
7.72066e-07
-6.84579e-08
8.14191e-07
-9.78035e-08
8.6154e-07
-1.21353e-07
9.13876e-07
-1.38658e-07
9.68652e-07
-1.50184e-07
1.0239e-06
-1.55282e-07
1.07711e-06
-1.54006e-07
1.12901e-06
-1.44488e-07
1.18316e-06
-1.29121e-07
1.25065e-06
-1.09543e-07
1.35168e-06
-9.96558e-08
1.50746e-06
-1.14393e-07
1.74612e-06
-1.80282e-07
2.0175e-06
-2.69055e-07
-2.64038e-07
1.23405e-07
-4.96237e-07
2.32284e-07
-3.9579e-07
3.25631e-07
-3.24279e-07
4.00665e-07
-2.57345e-07
4.59512e-07
-1.96804e-07
5.05491e-07
-1.46552e-07
5.42229e-07
-1.0668e-07
5.73756e-07
-7.61902e-08
6.04299e-07
-5.348e-08
6.37862e-07
-3.82748e-08
6.77219e-07
-3.09574e-08
7.2284e-07
-3.26395e-08
7.73266e-07
-4.32804e-08
8.25127e-07
-6.14661e-08
8.75127e-07
-8.63772e-08
9.23286e-07
-1.1579e-07
9.71697e-07
-1.45154e-07
1.0209e-06
-1.70075e-07
1.07087e-06
-1.88736e-07
1.11941e-06
-1.99552e-07
1.16692e-06
-2.03247e-07
1.21162e-06
-1.99387e-07
1.26038e-06
-1.91439e-07
1.31524e-06
-1.82312e-07
1.39308e-06
-1.80126e-07
1.494e-06
-1.95384e-07
1.63871e-06
-2.42889e-07
1.82128e-06
-3.46632e-07
2.06417e-06
-4.78442e-07
-6.60217e-07
2.32886e-07
-6.87107e-07
4.0375e-07
-5.4774e-07
5.00746e-07
-4.1843e-07
5.5655e-07
-3.13841e-07
5.92312e-07
-2.33485e-07
6.19014e-07
-1.73833e-07
6.42265e-07
-1.29861e-07
6.65462e-07
-9.88488e-08
6.91049e-07
-7.81068e-08
7.20661e-07
-6.6977e-08
7.54825e-07
-6.43869e-08
7.92717e-07
-7.03875e-08
8.32633e-07
-8.34434e-08
8.7366e-07
-1.02927e-07
9.13687e-07
-1.26872e-07
9.52082e-07
-1.54278e-07
9.88385e-07
-1.81609e-07
1.02448e-06
-2.05974e-07
1.0601e-06
-2.24774e-07
1.09661e-06
-2.35704e-07
1.1326e-06
-2.39403e-07
1.16976e-06
-2.34666e-07
1.21091e-06
-2.30395e-07
1.25951e-06
-2.264e-07
1.32464e-06
-2.39888e-07
1.39416e-06
-2.62397e-07
1.49e-06
-3.29327e-07
1.55011e-06
-4.13326e-07
1.90008e-06
-6.85845e-07
-1.41077e-06
8.50062e-07
-6.61944e-07
7.74838e-07
-5.18037e-07
7.16951e-07
-3.82207e-07
6.76344e-07
-2.83531e-07
6.52353e-07
-2.14228e-07
6.41725e-07
-1.65357e-07
6.41324e-07
-1.30033e-07
6.48469e-07
-1.06017e-07
6.61814e-07
-9.09219e-08
6.80025e-07
-8.49066e-08
7.02535e-07
-8.64062e-08
7.2826e-07
-9.60966e-08
7.56955e-07
-1.11641e-07
7.88363e-07
-1.34043e-07
8.21913e-07
-1.59453e-07
8.57618e-07
-1.89035e-07
8.94908e-07
-2.17293e-07
9.35149e-07
-2.44587e-07
9.76884e-07
-2.64961e-07
1.02144e-06
-2.78449e-07
1.06204e-06
-2.79482e-07
1.10338e-06
-2.72716e-07
1.13439e-06
-2.61615e-07
1.1732e-06
-2.57282e-07
1.19489e-06
-2.66798e-07
1.24103e-06
-2.94315e-07
1.23574e-06
-3.49635e-07
1.25548e-06
-4.15866e-07
1.03845e-06
-6.3822e-07
-1.05253e-06
7.20983e-07
-4.58752e-07
6.02755e-07
-3.85122e-07
5.48421e-07
-3.17969e-07
5.32272e-07
-2.59679e-07
5.34938e-07
-2.10969e-07
5.45991e-07
-1.72336e-07
5.61618e-07
-1.42554e-07
5.79597e-07
-1.2197e-07
6.00177e-07
-1.09497e-07
6.22535e-07
-1.06041e-07
6.47954e-07
-1.10026e-07
6.75691e-07
-1.22845e-07
7.07198e-07
-1.41182e-07
7.41641e-07
-1.67643e-07
7.79337e-07
-1.95351e-07
8.19922e-07
-2.29228e-07
8.62504e-07
-2.58648e-07
9.06596e-07
-2.88975e-07
9.51658e-07
-3.09133e-07
9.92003e-07
-3.20228e-07
1.02524e-06
-3.1216e-07
1.04431e-06
-2.94655e-07
1.05113e-06
-2.66771e-07
1.03774e-06
-2.46959e-07
1.01485e-06
-2.40468e-07
9.79071e-07
-2.7077e-07
9.02016e-07
-2.87042e-07
7.59308e-07
-3.09821e-07
3.80593e-07
-3.16513e-07
-1.90923e-07
8.22224e-07
-3.64298e-07
7.73139e-07
-3.41214e-07
7.4617e-07
-3.01418e-07
7.31052e-07
-2.54503e-07
7.22549e-07
-2.10175e-07
7.175e-07
-1.73118e-07
7.15488e-07
-1.44782e-07
7.15195e-07
-1.25221e-07
7.17317e-07
-1.14194e-07
7.20202e-07
-1.11661e-07
7.2544e-07
-1.17128e-07
7.31072e-07
-1.31193e-07
7.40113e-07
-1.51697e-07
7.50866e-07
-1.81229e-07
7.66697e-07
-2.12061e-07
7.88095e-07
-2.5275e-07
8.13625e-07
-2.84263e-07
8.45485e-07
-3.21383e-07
8.75459e-07
-3.38352e-07
8.95677e-07
-3.40674e-07
8.98841e-07
-3.15e-07
8.87244e-07
-2.84547e-07
8.56986e-07
-2.3894e-07
7.99058e-07
-1.89726e-07
7.32583e-07
-1.68384e-07
6.56192e-07
-2.01853e-07
5.45263e-07
-2.02516e-07
3.71001e-07
-1.36964e-07
1.7777e-07
-1.13381e-07
-1.01343e-07
8.36784e-07
-2.86397e-07
7.67451e-07
-2.70044e-07
7.09669e-07
-2.42531e-07
6.6612e-07
-2.09784e-07
6.3542e-07
-1.78154e-07
6.14821e-07
-1.50645e-07
6.01516e-07
-1.29673e-07
5.93284e-07
-1.14892e-07
5.88902e-07
-1.07864e-07
5.86939e-07
-1.07419e-07
5.88415e-07
-1.15948e-07
5.91829e-07
-1.317e-07
6.02036e-07
-1.57504e-07
6.1525e-07
-1.90932e-07
6.40125e-07
-2.30347e-07
6.68858e-07
-2.78496e-07
7.0396e-07
-3.1276e-07
7.41763e-07
-3.57108e-07
7.62941e-07
-3.56299e-07
7.56073e-07
-3.34885e-07
7.25037e-07
-2.80876e-07
6.842e-07
-2.4631e-07
6.28245e-07
-1.9221e-07
5.49845e-07
-1.17533e-07
4.74603e-07
-7.77396e-08
3.8294e-07
-1.09904e-07
2.85428e-07
-8.33406e-08
1.76318e-07
-2.95279e-08
5.00774e-08
-1.93371e-08
-2.1692e-09
8.50664e-07
-2.22506e-07
7.95423e-07
-2.13247e-07
7.5084e-07
-1.97865e-07
7.18015e-07
-1.78013e-07
6.94686e-07
-1.56808e-07
6.79037e-07
-1.36723e-07
6.6788e-07
-1.20634e-07
6.60593e-07
-1.08851e-07
6.54645e-07
-1.03886e-07
6.50713e-07
-1.04294e-07
6.47098e-07
-1.14317e-07
6.44749e-07
-1.30044e-07
6.44959e-07
-1.59658e-07
6.4491e-07
-1.92423e-07
6.5459e-07
-2.41221e-07
6.58559e-07
-2.86648e-07
6.74921e-07
-3.28477e-07
6.83459e-07
-3.71561e-07
6.55935e-07
-3.34529e-07
5.92571e-07
-2.80349e-07
5.21772e-07
-2.06552e-07
4.4666e-07
-1.73778e-07
3.65389e-07
-9.21428e-08
3.02885e-07
-4.11495e-08
2.48853e-07
-1.64124e-08
1.15597e-07
-2.8283e-08
3.03662e-09
-8.18828e-10
2.25984e-09
-1.81924e-09
5.0417e-10
-2.23185e-09
-2.49645e-09
8.6074e-07
-1.69052e-07
8.12219e-07
-1.63654e-07
7.68928e-07
-1.54159e-07
7.32272e-07
-1.41367e-07
7.01716e-07
-1.26821e-07
6.77275e-07
-1.12577e-07
6.56425e-07
-1.0059e-07
6.39635e-07
-9.18792e-08
6.23034e-07
-8.81873e-08
6.08952e-07
-8.91728e-08
5.91859e-07
-9.82314e-08
5.772e-07
-1.12715e-07
5.58884e-07
-1.4178e-07
5.45158e-07
-1.73009e-07
5.37223e-07
-2.30875e-07
5.27773e-07
-2.69823e-07
5.43772e-07
-3.34923e-07
5.2223e-07
-3.51715e-07
4.55227e-07
-2.69049e-07
3.63846e-07
-1.93366e-07
2.81894e-07
-9.6819e-08
1.66745e-07
-6.41848e-08
3.85314e-08
-9.16212e-09
3.32587e-09
-7.60275e-10
2.42512e-09
-1.02647e-09
1.9665e-09
-1.00282e-09
2.02211e-09
-9.43587e-10
1.54498e-09
-1.91297e-09
6.64197e-10
-2.27299e-09
-2.10206e-09
8.67063e-07
-1.22159e-07
8.23139e-07
-1.18965e-07
7.8257e-07
-1.13112e-07
7.46565e-07
-1.05243e-07
7.15372e-07
-9.58918e-08
6.89122e-07
-8.66896e-08
6.66192e-07
-7.84334e-08
6.46772e-07
-7.27754e-08
6.27542e-07
-7.01136e-08
6.10474e-07
-7.19268e-08
5.8954e-07
-7.90207e-08
5.71081e-07
-9.2851e-08
5.44415e-07
-1.17533e-07
5.25615e-07
-1.49892e-07
4.983e-07
-2.06698e-07
4.80158e-07
-2.44621e-07
4.7123e-07
-3.28342e-07
3.88168e-07
-2.83915e-07
2.83019e-07
-1.75079e-07
1.80533e-07
-7.55209e-08
6.26111e-08
-1.72876e-08
3.09415e-09
-1.99697e-10
3.14729e-09
-2.7402e-10
2.80096e-09
-6.31739e-10
2.3559e-09
-1.01023e-09
1.96874e-09
-1.05603e-09
1.68013e-09
-1.01303e-09
1.22381e-09
-1.32937e-09
6.07642e-10
-1.52773e-09
-1.54311e-09
8.7108e-07
-7.9423e-08
8.30275e-07
-7.76239e-08
7.91854e-07
-7.42345e-08
7.56393e-07
-6.96986e-08
7.2467e-07
-6.41503e-08
6.96285e-07
-5.87041e-08
6.71065e-07
-5.35462e-08
6.47847e-07
-5.02194e-08
6.25581e-07
-4.8394e-08
6.03155e-07
-5.01687e-08
5.77915e-07
-5.45901e-08
5.5038e-07
-6.54759e-08
5.13405e-07
-8.16745e-08
4.76097e-07
-1.10093e-07
4.19684e-07
-1.50975e-07
3.84479e-07
-1.96604e-07
3.22869e-07
-2.68337e-07
1.98661e-07
-1.70436e-07
7.25038e-08
-5.85122e-08
2.71357e-09
-2.29289e-10
2.90019e-09
-1.56319e-10
2.8323e-09
-1.59922e-11
2.79204e-09
-2.60886e-10
2.5593e-09
-4.26282e-10
2.22831e-09
-6.0129e-10
1.8724e-09
-6.81506e-10
1.50585e-09
-7.33056e-10
1.06251e-09
-8.63734e-10
5.42574e-10
-9.65409e-10
-9.99519e-10
8.73452e-07
-3.91427e-08
8.34554e-07
-3.83259e-08
7.97513e-07
-3.67744e-08
7.62544e-07
-3.46897e-08
7.30668e-07
-3.21245e-08
7.01123e-07
-2.95921e-08
6.74646e-07
-2.71506e-08
6.4912e-07
-2.56037e-08
6.25286e-07
-2.47172e-08
5.99489e-07
-2.57435e-08
5.72639e-07
-2.78842e-08
5.39229e-07
-3.38002e-08
4.99113e-07
-4.16534e-08
4.46698e-07
-5.86433e-08
3.76024e-07
-7.98371e-08
3.08432e-07
-1.21638e-07
1.91524e-07
-1.53324e-07
5.41765e-08
-5.73008e-08
2.52511e-09
-1.37016e-11
3.00175e-09
9.23665e-11
2.85328e-09
-9.33652e-11
2.75321e-09
-6.08508e-11
2.62996e-09
-1.33359e-10
2.4159e-09
-2.11698e-10
2.12563e-09
-2.87159e-10
1.7867e-09
-3.35654e-10
1.40835e-09
-3.73949e-10
9.77838e-10
-4.27081e-10
5.00147e-10
-4.70633e-10
-4.90043e-10
8.74547e-07
8.36575e-07
8.00177e-07
7.6553e-07
7.33568e-07
7.03575e-07
6.76394e-07
6.49854e-07
6.25065e-07
5.97736e-07
5.69925e-07
5.33722e-07
4.92565e-07
4.30994e-07
3.52616e-07
2.30342e-07
7.07966e-08
1.79824e-09
2.6619e-09
2.78977e-09
2.78013e-09
2.69734e-09
2.55867e-09
2.34872e-09
2.07159e-09
1.74044e-09
1.36304e-09
9.40353e-10
4.80174e-10
)
;

boundaryField
{
    inlet1
    {
        type            calculated;
        value           nonuniform List<scalar> 10(-1e-07 -1e-07 -1e-07 -1e-07 -1e-07 -1e-07 -1e-07 -1e-07 -1e-07 -1e-07);
    }
    inlet2
    {
        type            calculated;
        value           uniform 0;
    }
    inlet3
    {
        type            calculated;
        value           nonuniform List<scalar> 10(-9.13394e-07 -9.13394e-07 -9.13394e-07 -9.13394e-07 -9.13394e-07 -9.13394e-07 -9.13394e-07 -9.13394e-07 -9.13394e-07 -9.13394e-07);
    }
    output1
    {
        type            calculated;
        value           uniform 0;
    }
    output2
    {
        type            calculated;
        value           nonuniform List<scalar> 10(1.20037e-08 8.17319e-09 7.36313e-09 7.65578e-09 5.1502e-09 8.3505e-07 1.55514e-06 2.23037e-06 2.45317e-06 3.01986e-06);
    }
    output3
    {
        type            calculated;
        value           uniform -0;
    }
    up
    {
        type            calculated;
        value           uniform 0;
    }
    down
    {
        type            calculated;
        value           uniform 0;
    }
    emptyWalls
    {
        type            empty;
        value           nonuniform List<scalar> 0();
    }
}


// ************************************************************************* //
