/*--------------------------------*- C++ -*----------------------------------*\
  =========                 |
  \\      /  F ield         | OpenFOAM: The Open Source CFD Toolbox
   \\    /   O peration     | Website:  https://openfoam.org
    \\  /    A nd           | Version:  9
     \\/     M anipulation  |
\*---------------------------------------------------------------------------*/
FoamFile
{
    format      ascii;
    class       volScalarField;
    location    "19000";
    object      Sw;
}
// * * * * * * * * * * * * * * * * * * * * * * * * * * * * * * * * * * * * * //

dimensions      [0 0 0 0 0 0 0];

internalField   nonuniform List<scalar> 
900
(
0.82306
0.744775
0.534681
0.420638
0.1528
0.15
0.15
0.15
0.15
0.15
0.15
0.15
0.15
0.15
0.15
0.15
0.15
0.15
0.15
0.15
0.15
0.15
0.15
0.15
0.15
0.15
0.15
0.15
0.15
0.15
0.682959
0.599019
0.537759
0.581254
0.187303
0.15
0.15
0.15
0.15
0.15
0.15
0.15
0.15
0.15
0.15
0.15
0.15
0.15
0.15
0.15
0.15
0.15
0.15
0.15
0.15
0.15
0.15
0.15
0.15
0.15
0.754931
0.621382
0.580902
0.363559
0.150098
0.15
0.15
0.15
0.15
0.15
0.15
0.15
0.15
0.15
0.15
0.15
0.15
0.15
0.15
0.15
0.15
0.15
0.15
0.15
0.15
0.15
0.15
0.15
0.15
0.15
0.73585
0.615971
0.60937
0.29954
0.150013
0.15
0.15
0.15
0.15
0.15
0.15
0.15
0.15
0.15
0.15
0.15
0.15
0.15
0.15
0.15
0.15
0.15
0.15
0.15
0.15
0.15
0.15
0.15
0.15
0.15
0.764528
0.638307
0.595116
0.25484
0.150001
0.15
0.15
0.15
0.15
0.15
0.15
0.15
0.15
0.15
0.15
0.15
0.15
0.15
0.15
0.15
0.15
0.15
0.15
0.15
0.15
0.15
0.15
0.15
0.15
0.15
0.751754
0.624536
0.585707
0.201237
0.15
0.15
0.15
0.15
0.15
0.15
0.15
0.15
0.15
0.15
0.15
0.15
0.15
0.15
0.15
0.15
0.15
0.15
0.15
0.15
0.15
0.15
0.15
0.15
0.15
0.15
0.77279
0.648509
0.560157
0.170245
0.15
0.15
0.15
0.15
0.15
0.15
0.15
0.15
0.15
0.15
0.15
0.15
0.15
0.15
0.15
0.15
0.15
0.15
0.15
0.15
0.15
0.15
0.15
0.15
0.15
0.15
0.770797
0.647271
0.591434
0.154757
0.15
0.15
0.15
0.15
0.15
0.15
0.15
0.15
0.15
0.15
0.15
0.15
0.15
0.15
0.15
0.15
0.15
0.15
0.15
0.15
0.15
0.15
0.15
0.15
0.15
0.15
0.798197
0.659854
0.454887
0.150243
0.15
0.15
0.15
0.15
0.15
0.15
0.15
0.15
0.15
0.15
0.15
0.15
0.15
0.15
0.15
0.15
0.15
0.15
0.15
0.15
0.15
0.15
0.15
0.15
0.15
0.15
0.810514
0.640052
0.327599
0.150004
0.15
0.15
0.15
0.15
0.15
0.15
0.15
0.15
0.15
0.15
0.15
0.15
0.15
0.15
0.15
0.15
0.15
0.15
0.15
0.15
0.15
0.15
0.15
0.15
0.15
0.15
0.844925
0.720932
0.542951
0.204458
0.15
0.15
0.15
0.15
0.15
0.15
0.15
0.15
0.15
0.15
0.15
0.15
0.15
0.15
0.15
0.15
0.15
0.15
0.15
0.15
0.15
0.15
0.15
0.15
0.15
0.15
0.865474
0.638914
0.561528
0.536683
0.321296
0.15043
0.15
0.15
0.15
0.15
0.15
0.15
0.15
0.15
0.15
0.15
0.15
0.15
0.15
0.15
0.15
0.15
0.15
0.15
0.15
0.15
0.15
0.15
0.15
0.15
0.934292
0.806776
0.616748
0.537661
0.496817
0.478301
0.219225
0.150001
0.150001
0.150001
0.150001
0.150001
0.150001
0.15
0.15
0.15
0.15
0.15
0.15
0.15
0.15
0.15
0.15
0.15
0.15
0.15
0.15
0.15
0.15
0.15
0.884481
0.817357
0.734911
0.672841
0.630288
0.611047
0.596042
0.596832
0.594245
0.599299
0.588574
0.58858
0.548095
0.174888
0.15371
0.156851
0.159093
0.158764
0.157641
0.156231
0.154664
0.153204
0.151836
0.150652
0.150359
0.150091
0.15
0.15
0.15
0.15
0.738843
0.708382
0.678513
0.65871
0.633949
0.625961
0.61776
0.620127
0.615096
0.618317
0.610968
0.60287
0.583642
0.54794
0.541036
0.543787
0.547159
0.549456
0.550816
0.551571
0.552109
0.552539
0.552761
0.55265
0.552428
0.548602
0.544107
0.515343
0.364375
0.236985
0.622211
0.617559
0.607735
0.609329
0.604958
0.603964
0.601252
0.600934
0.597495
0.59669
0.592587
0.588275
0.584858
0.579638
0.574019
0.573758
0.575043
0.576119
0.576647
0.576924
0.576993
0.576892
0.576794
0.575599
0.57409
0.56894
0.560069
0.545674
0.524909
0.519854
0.611322
0.60104
0.597147
0.594861
0.594036
0.592916
0.591233
0.588909
0.586273
0.583254
0.581153
0.579466
0.580309
0.582431
0.580846
0.57967
0.57952
0.579975
0.580567
0.581216
0.581687
0.581883
0.581618
0.580145
0.577629
0.572648
0.567207
0.561985
0.56022
0.557989
0.591482
0.587789
0.588472
0.59076
0.592688
0.593474
0.593238
0.592084
0.590621
0.588716
0.587306
0.586503
0.586881
0.587909
0.5878
0.587447
0.587666
0.588627
0.589741
0.590871
0.59147
0.591652
0.590838
0.589301
0.586508
0.583175
0.579629
0.57717
0.577678
0.578653
0.588312
0.588341
0.593501
0.598413
0.601567
0.603114
0.603402
0.602955
0.602107
0.601248
0.600635
0.600468
0.600628
0.600917
0.600908
0.600707
0.600614
0.600759
0.600846
0.600788
0.600129
0.599139
0.597175
0.595292
0.592383
0.59065
0.587322
0.584927
0.578415
0.574432
0.586626
0.597305
0.606008
0.610375
0.611784
0.611796
0.611077
0.610144
0.609152
0.608369
0.60778
0.607429
0.607065
0.606603
0.605977
0.605036
0.604021
0.60279
0.601705
0.600242
0.598887
0.596854
0.594947
0.592559
0.590556
0.588947
0.586658
0.585408
0.57192
0.561453
0.609665
0.621326
0.621067
0.61736
0.613561
0.610673
0.608387
0.606818
0.60549
0.604677
0.603857
0.60338
0.602633
0.602099
0.601233
0.600469
0.59943
0.598452
0.597418
0.596229
0.595131
0.593176
0.5919
0.588681
0.587943
0.582939
0.584279
0.576509
0.592193
0.607083
0.596518
0.59303
0.592674
0.59336
0.59428
0.595428
0.596344
0.597359
0.597943
0.598778
0.599055
0.59976
0.599712
0.600211
0.599778
0.599839
0.598965
0.598403
0.596953
0.595752
0.59326
0.591203
0.587666
0.584959
0.579782
0.576692
0.571286
0.566434
0.556707
0.496208
0.598793
0.600572
0.60411
0.607124
0.608877
0.609758
0.6099
0.6099
0.609384
0.609064
0.608008
0.607387
0.605608
0.604649
0.602173
0.600982
0.598366
0.59674
0.594077
0.591165
0.586632
0.581817
0.576877
0.571748
0.564784
0.558881
0.549958
0.539686
0.519483
0.516261
0.599437
0.598635
0.598235
0.598002
0.597829
0.597529
0.597297
0.596999
0.596791
0.596525
0.596151
0.595881
0.595055
0.595086
0.593574
0.59428
0.591837
0.591805
0.588154
0.583763
0.57508
0.567219
0.558456
0.551887
0.54371
0.537411
0.515575
0.508482
0.469959
0.154666
0.599507
0.598864
0.598844
0.599366
0.600261
0.601062
0.601978
0.602466
0.603252
0.603339
0.603961
0.603495
0.603557
0.602395
0.600795
0.599357
0.59427
0.59254
0.58359
0.573765
0.55799
0.546515
0.526502
0.516581
0.513351
0.516163
0.206252
0.15
0.15
0.15
0.599653
0.599199
0.599014
0.599064
0.599341
0.599566
0.599988
0.600006
0.600527
0.600073
0.600748
0.599256
0.599899
0.596455
0.596421
0.591456
0.587602
0.583813
0.56684
0.550836
0.527199
0.515503
0.442437
0.15112
0.15
0.15
0.15
0.15
0.15
0.15
0.599751
0.599421
0.599197
0.599179
0.599302
0.599564
0.599951
0.600255
0.600872
0.600957
0.601956
0.60126
0.602807
0.599688
0.601719
0.593029
0.592352
0.577415
0.54668
0.520502
0.480947
0.156225
0.15
0.15
0.15
0.15
0.15
0.15
0.15
0.15
0.599812
0.599573
0.599357
0.599338
0.599327
0.599588
0.599763
0.600252
0.600555
0.601197
0.601667
0.60222
0.602843
0.601668
0.601705
0.591502
0.590918
0.554705
0.507316
0.166288
0.15
0.15
0.15
0.15
0.15
0.15
0.15
0.15
0.15
0.15
0.599849
0.599665
0.599467
0.599454
0.599384
0.599642
0.599704
0.600307
0.60043
0.601498
0.601608
0.603348
0.603239
0.605327
0.603318
0.599327
0.58951
0.523126
0.162931
0.15
0.15
0.15
0.15
0.15
0.15
0.15
0.15
0.15
0.15
0.15
0.599871
0.599703
0.599529
0.599504
0.599439
0.599658
0.59972
0.6003
0.600436
0.601568
0.601679
0.603782
0.603584
0.607338
0.604985
0.609501
0.581152
0.21038
0.15
0.15
0.15
0.15
0.15
0.15
0.15
0.15
0.15
0.15
0.15
0.15
)
;

boundaryField
{
    inlet1
    {
        type            fixedValue;
        value           uniform 0.85;
    }
    inlet2
    {
        type            zeroGradient;
    }
    inlet3
    {
        type            fixedValue;
        value           uniform 0.6;
    }
    output1
    {
        type            zeroGradient;
    }
    output2
    {
        type            zeroGradient;
    }
    output3
    {
        type            zeroGradient;
    }
    up
    {
        type            zeroGradient;
    }
    down
    {
        type            zeroGradient;
    }
    emptyWalls
    {
        type            empty;
    }
}


// ************************************************************************* //
